0 0.659008 0.197998 0.119710 0.070496
0 0.662636 0.277198 0.119710 0.080940
0 0.656590 0.354656 0.114873 0.073977
0 0.661427 0.431680 0.105200 0.080070
0 0.652358 0.511314 0.106409 0.079199
0 0.660218 0.591819 0.114873 0.080070
0 0.655985 0.664056 0.101572 0.071366
0 0.658404 0.738468 0.094317 0.075718
0 0.665054 0.818538 0.105200 0.075718
0 0.549577 0.203655 0.108827 0.081810
0 0.551995 0.281984 0.111245 0.074848
0 0.552600 0.356397 0.105200 0.073977
0 0.554414 0.430374 0.099154 0.077459
0 0.548972 0.504787 0.095526 0.074848
0 0.553204 0.583986 0.096735 0.078329
0 0.549577 0.654917 0.101572 0.067015
0 0.548972 0.733246 0.093108 0.080940
0 0.555018 0.814186 0.097944 0.082681
0 0.446191 0.199739 0.107618 0.061793
0 0.443773 0.278503 0.095526 0.078329
0 0.444982 0.355962 0.102781 0.074848
0 0.448609 0.436902 0.110036 0.080070
0 0.450423 0.511314 0.103990 0.070496
0 0.447400 0.581810 0.095526 0.079199
0 0.444982 0.660139 0.093108 0.079199
0 0.445586 0.738468 0.103990 0.079199
0 0.446796 0.812881 0.111245 0.067885
0 0.339782 0.204526 0.097944 0.081810
0 0.343410 0.271540 0.081016 0.066144
0 0.340387 0.342907 0.094317 0.080070
0 0.341596 0.417319 0.099154 0.072237
0 0.342805 0.492167 0.106409 0.070496
0 0.344015 0.574413 0.108827 0.092254
0 0.341596 0.652306 0.108827 0.079199
0 0.337364 0.734552 0.112455 0.081810
0 0.236397 0.197563 0.111245 0.064404
0 0.233374 0.274151 0.085852 0.074848
0 0.233978 0.348129 0.101572 0.069626
0 0.226119 0.419930 0.097944 0.077459
0 0.234583 0.504787 0.110036 0.080070
0 0.227328 0.583116 0.093108 0.073107
0 0.233374 0.658834 0.102781 0.074848
0 0.227328 0.733246 0.095526 0.075718
