0 0.864323 0.074001 0.019792 0.023181
0 0.029687 0.057061 0.020833 0.029244
0 0.556510 0.294579 0.020313 0.026391
0 0.840755 0.572932 0.021094 0.028174
0 0.627604 0.340228 0.021354 0.025678
0 0.602604 0.294579 0.020833 0.026391
0 0.698828 0.319544 0.020052 0.027104
0 0.719141 0.076141 0.021094 0.025321
0 0.458594 0.295292 0.022917 0.029957
0 0.845182 0.340585 0.023177 0.029244
0 0.890755 0.568295 0.019010 0.025321
0 0.476823 0.572397 0.020833 0.024964
0 0.746875 0.594508 0.020313 0.029244
0 0.533333 0.072040 0.019792 0.021398
0 0.343229 0.100392 0.020313 0.028174
0 0.264714 0.578103 0.020573 0.026391
0 0.940234 0.314729 0.021094 0.025321
0 0.795703 0.291904 0.021615 0.026034
0 0.579948 0.294936 0.019792 0.027104
0 0.888281 0.850927 0.019792 0.025678
0 0.239974 0.580777 0.020052 0.026748
0 0.842839 0.316690 0.020052 0.022825
0 0.454427 0.619472 0.018750 0.022825
0 0.885938 0.047967 0.022917 0.028887
0 0.721875 0.545649 0.020833 0.029244
0 0.651693 0.049929 0.018490 0.025678
0 0.558724 0.097896 0.020052 0.026748
0 0.676042 0.319187 0.020833 0.024964
0 0.128906 0.200071 0.016667 0.024251
0 0.095443 0.582917 0.019010 0.023181
0 0.842839 0.544757 0.021615 0.028887
0 0.652214 0.292618 0.022135 0.027461
0 0.383203 0.320078 0.020573 0.027461
0 0.145703 0.555635 0.020052 0.026391
0 0.819792 0.339337 0.022917 0.026034
0 0.359375 0.296541 0.019792 0.026034
0 0.413932 0.417439 0.019010 0.026034
0 0.145833 0.303317 0.022396 0.029601
0 0.821224 0.190621 0.017448 0.024608
0 0.212891 0.326141 0.019531 0.026748
0 0.748958 0.338802 0.020833 0.027104
0 0.695703 0.049929 0.020573 0.026391
0 0.916536 0.547432 0.022656 0.025678
0 0.358854 0.598431 0.020313 0.027104
0 0.573698 0.547076 0.020833 0.027817
0 0.025521 0.356277 0.021354 0.029244
0 0.773177 0.338980 0.020833 0.029601
0 0.580859 0.339872 0.020573 0.026391
0 0.654427 0.437767 0.017708 0.024608
0 0.579948 0.318652 0.020313 0.023894
0 0.795052 0.342725 0.019271 0.028531
0 0.077344 0.080243 0.018229 0.023538
0 0.295833 0.102532 0.021354 0.029601
0 0.531380 0.318652 0.020052 0.024608
0 0.946224 0.437233 0.017969 0.022111
0 0.821484 0.896398 0.016927 0.021755
0 0.648438 0.571683 0.020313 0.024251
0 0.865625 0.829708 0.020313 0.025321
0 0.265234 0.602175 0.019531 0.026034
0 0.867708 0.313302 0.019792 0.023181
0 0.752344 0.414943 0.018229 0.026034
0 0.200260 0.055991 0.019271 0.027104
0 0.343359 0.074893 0.019531 0.023538
0 0.890885 0.292618 0.022917 0.030314
0 0.335286 0.577746 0.016406 0.024964
0 0.933854 0.046362 0.017708 0.024964
0 0.749740 0.314907 0.018750 0.026391
0 0.771354 0.290835 0.019271 0.023181
0 0.223177 0.054922 0.020313 0.028531
0 0.383984 0.600036 0.020052 0.027461
0 0.145833 0.602354 0.019792 0.027817
0 0.212760 0.301712 0.019271 0.026391
0 0.867188 0.591120 0.020313 0.028174
0 0.224089 0.081312 0.019531 0.026391
0 0.914714 0.569544 0.025260 0.025678
0 0.725130 0.315799 0.020052 0.027461
0 0.101823 0.056170 0.021354 0.026748
0 0.384766 0.346113 0.019531 0.026748
0 0.746615 0.545649 0.019792 0.027817
0 0.095573 0.306526 0.020313 0.030314
0 0.674870 0.294401 0.018490 0.030314
0 0.240365 0.603424 0.019271 0.024964
0 0.601042 0.599322 0.019271 0.026034
0 0.368880 0.100392 0.019010 0.027461
0 0.310937 0.321148 0.019792 0.024608
0 0.598047 0.548680 0.021615 0.027461
0 0.720703 0.593260 0.020573 0.028174
0 0.150391 0.674394 0.018490 0.027104
0 0.911458 0.070257 0.017708 0.019971
0 0.673177 0.547254 0.022396 0.028174
0 0.462630 0.051712 0.020573 0.025678
0 0.055990 0.078103 0.020833 0.025678
0 0.943359 0.666369 0.017448 0.026034
0 0.627344 0.317582 0.018750 0.026748
0 0.311849 0.577211 0.020573 0.026034
0 0.941146 0.340228 0.020833 0.027817
0 0.720443 0.098966 0.020573 0.023181
0 0.215234 0.557775 0.020573 0.027104
0 0.935026 0.804208 0.018490 0.022825
0 0.748437 0.291726 0.019792 0.025678
0 0.239714 0.346648 0.021094 0.029244
0 0.725651 0.690442 0.017448 0.023538
0 0.797396 0.437589 0.017188 0.022111
0 0.367578 0.077568 0.019010 0.023181
0 0.072656 0.328994 0.019271 0.023181
0 0.866667 0.547076 0.020833 0.032097
0 0.604036 0.317760 0.019010 0.024964
0 0.652083 0.315621 0.018750 0.023538
0 0.871354 0.364658 0.018229 0.025321
0 0.795312 0.315799 0.017708 0.027461
0 0.382292 0.575250 0.018750 0.026391
0 0.200130 0.079886 0.018490 0.024964
0 0.820703 0.664943 0.017969 0.023181
0 0.097266 0.605563 0.020052 0.027817
0 0.819010 0.315442 0.021354 0.028174
0 0.556641 0.072575 0.017448 0.023894
0 0.334896 0.554743 0.019271 0.028174
0 0.500521 0.573645 0.017708 0.026748
0 0.842448 0.849857 0.019792 0.027104
0 0.673828 0.195970 0.017969 0.025321
0 0.940234 0.945435 0.017969 0.024964
0 0.462760 0.390514 0.016667 0.025678
0 0.465755 0.148538 0.017969 0.025321
0 0.793099 0.544223 0.019531 0.032810
0 0.651432 0.073110 0.015365 0.023538
0 0.151693 0.102889 0.020573 0.029601
0 0.525000 0.546362 0.020833 0.024964
0 0.864062 0.853602 0.021354 0.026034
0 0.462891 0.415835 0.017969 0.025678
0 0.867188 0.290656 0.018750 0.022825
0 0.816667 0.073288 0.018750 0.026034
0 0.483594 0.341476 0.020833 0.030314
0 0.392708 0.101641 0.016667 0.026391
0 0.215234 0.350214 0.022135 0.026391
0 0.269922 0.055278 0.019531 0.028531
0 0.200521 0.102175 0.019792 0.026034
0 0.603906 0.340942 0.020313 0.026391
0 0.121484 0.555278 0.022656 0.029957
0 0.224349 0.105742 0.018490 0.026034
0 0.126693 0.056348 0.016927 0.026391
0 0.170182 0.447575 0.016927 0.023538
0 0.172917 0.676890 0.018229 0.026391
0 0.286328 0.299037 0.021094 0.028174
0 0.462891 0.099857 0.020573 0.026391
0 0.744010 0.075250 0.019271 0.027104
0 0.624740 0.572397 0.021354 0.027817
0 0.336849 0.322575 0.020573 0.026748
0 0.430599 0.598609 0.020052 0.028174
0 0.078516 0.106633 0.018490 0.029244
0 0.917318 0.591120 0.019531 0.026034
0 0.604557 0.693474 0.019010 0.023894
0 0.815625 0.048680 0.019792 0.026748
0 0.896224 0.412447 0.016927 0.023181
0 0.912760 0.854137 0.019792 0.027817
0 0.428906 0.550285 0.019271 0.027104
0 0.073568 0.605207 0.019010 0.027104
0 0.941797 0.550107 0.021615 0.031027
0 0.432943 0.343616 0.021094 0.030314
0 0.052995 0.627675 0.016927 0.024251
0 0.334505 0.297967 0.019010 0.028174
0 0.698047 0.592190 0.020052 0.029601
0 0.630078 0.438302 0.018490 0.025678
0 0.719401 0.052068 0.018490 0.025678
0 0.743620 0.050820 0.017969 0.027461
0 0.217448 0.580956 0.019792 0.024964
0 0.843359 0.944187 0.016927 0.026034
0 0.357812 0.555278 0.018750 0.026391
0 0.795703 0.667439 0.020052 0.026034
0 0.147786 0.447397 0.019010 0.024608
0 0.888802 0.827033 0.018750 0.021398
0 0.725260 0.291369 0.018750 0.022825
0 0.120573 0.350214 0.019271 0.027817
0 0.817839 0.291369 0.020052 0.024251
0 0.120052 0.327568 0.017708 0.023181
0 0.652734 0.338623 0.019010 0.026034
0 0.820573 0.688481 0.017188 0.023181
0 0.866797 0.970934 0.021094 0.024608
0 0.671224 0.099857 0.018490 0.028531
0 0.555469 0.316512 0.017188 0.021755
0 0.869271 0.688124 0.016667 0.024608
0 0.033984 0.199180 0.017969 0.025321
0 0.317969 0.055635 0.019271 0.029244
0 0.959766 0.090942 0.020052 0.027104
0 0.294922 0.055813 0.019010 0.028887
0 0.319792 0.079173 0.020313 0.022111
0 0.535417 0.437411 0.016146 0.025321
0 0.027995 0.451854 0.019010 0.025678
0 0.958854 0.824536 0.020313 0.024251
0 0.197526 0.652461 0.019531 0.027461
0 0.679036 0.411733 0.019531 0.026748
0 0.312109 0.554387 0.021615 0.028887
0 0.458464 0.341298 0.020052 0.028531
0 0.219141 0.444544 0.017969 0.023894
0 0.896615 0.435093 0.018750 0.023538
0 0.891406 0.592546 0.020833 0.027461
0 0.580469 0.073466 0.018229 0.029244
0 0.911458 0.803673 0.018229 0.027461
0 0.150391 0.725214 0.019531 0.023181
0 0.796484 0.190621 0.017448 0.026034
0 0.699479 0.343795 0.018750 0.024964
0 0.437240 0.391049 0.016146 0.023181
0 0.896484 0.388909 0.017448 0.026034
0 0.820703 0.875357 0.014844 0.022468
0 0.628646 0.073645 0.020313 0.027461
0 0.819141 0.593973 0.019531 0.026748
0 0.336719 0.345756 0.019792 0.024608
0 0.417969 0.197753 0.018750 0.025321
0 0.383073 0.295649 0.017188 0.022825
0 0.031510 0.103959 0.019271 0.027461
0 0.532292 0.689372 0.017708 0.023538
0 0.150521 0.055278 0.019792 0.025678
0 0.102604 0.701320 0.019271 0.023894
0 0.499870 0.548859 0.019010 0.026391
0 0.288542 0.345756 0.019271 0.028174
0 0.797786 0.415121 0.017448 0.025678
0 0.119792 0.604315 0.019792 0.028174
0 0.197656 0.702568 0.018750 0.020685
0 0.769531 0.590228 0.018750 0.029957
0 0.918620 0.338980 0.017448 0.025321
0 0.174740 0.056883 0.020313 0.026748
0 0.475521 0.547789 0.017708 0.022825
0 0.847005 0.436698 0.019531 0.023894
0 0.821745 0.916904 0.016406 0.023538
0 0.072005 0.305635 0.019010 0.027817
0 0.077214 0.700606 0.018490 0.026034
0 0.531510 0.295292 0.017708 0.026391
0 0.959505 0.065799 0.019010 0.020328
0 0.916927 0.316155 0.017708 0.022468
0 0.935677 0.827568 0.019792 0.026748
0 0.238411 0.300820 0.021094 0.031740
0 0.053516 0.426712 0.016927 0.024608
0 0.960547 0.848787 0.018490 0.026391
0 0.455859 0.641762 0.017969 0.022468
0 0.240755 0.556348 0.021094 0.029957
0 0.533594 0.096113 0.019271 0.026748
0 0.127734 0.078816 0.019531 0.022825
0 0.916016 0.292439 0.017969 0.027817
0 0.095312 0.558310 0.020833 0.033880
0 0.105599 0.174572 0.019010 0.029601
0 0.342578 0.053138 0.016406 0.021398
0 0.844401 0.666191 0.016927 0.027104
0 0.361198 0.318117 0.018229 0.022825
0 0.106510 0.198823 0.018750 0.023181
0 0.321615 0.198288 0.017708 0.023538
0 0.101562 0.449536 0.017708 0.024608
0 0.506771 0.294044 0.018229 0.026748
0 0.670833 0.072932 0.017708 0.024608
0 0.414062 0.098966 0.018229 0.026034
0 0.943359 0.689372 0.017969 0.023538
0 0.453255 0.571505 0.018490 0.026034
0 0.915755 0.902104 0.016927 0.024608
0 0.579688 0.050464 0.017708 0.023181
0 0.629948 0.098252 0.020833 0.026034
0 0.911068 0.047789 0.020573 0.024964
0 0.170573 0.399429 0.017188 0.027104
0 0.408203 0.297432 0.021094 0.029957
0 0.053646 0.699715 0.017708 0.026391
0 0.246224 0.057596 0.017969 0.029601
0 0.840625 0.805991 0.019271 0.024964
0 0.674219 0.594330 0.023438 0.027461
0 0.245443 0.443117 0.018490 0.023894
0 0.382682 0.552068 0.017969 0.022825
0 0.436849 0.053495 0.018490 0.024251
0 0.311458 0.344864 0.020313 0.027104
0 0.127083 0.724857 0.019792 0.024608
0 0.319922 0.101284 0.019531 0.024964
0 0.429167 0.573466 0.018229 0.023538
0 0.510417 0.415656 0.017188 0.023894
0 0.151172 0.700250 0.017969 0.026034
0 0.508594 0.052960 0.018750 0.027461
0 0.866797 0.923680 0.017969 0.024964
0 0.524609 0.570257 0.019531 0.024964
0 0.821354 0.459522 0.019271 0.023181
0 0.506901 0.315799 0.017448 0.024608
0 0.871354 0.437233 0.018750 0.026391
0 0.844661 0.688302 0.015885 0.023538
0 0.054557 0.054387 0.019531 0.024608
0 0.628516 0.690977 0.016927 0.026034
0 0.721745 0.617332 0.018490 0.024251
0 0.934505 0.069722 0.017448 0.023181
0 0.771484 0.193830 0.016927 0.026034
0 0.676562 0.342190 0.018750 0.027461
0 0.604818 0.668866 0.017448 0.023894
0 0.509375 0.097539 0.019792 0.026034
0 0.791797 0.049215 0.020573 0.028531
0 0.316536 0.674572 0.016927 0.026034
0 0.560807 0.170114 0.019531 0.027817
0 0.889844 0.901748 0.018750 0.025321
0 0.625911 0.599501 0.022135 0.026391
0 0.651432 0.096826 0.017969 0.023894
0 0.843880 0.968081 0.017969 0.021755
0 0.626953 0.294223 0.019531 0.022111
0 0.076042 0.628745 0.017188 0.023538
0 0.557031 0.049929 0.017188 0.022825
0 0.957161 0.044044 0.016927 0.026034
0 0.793880 0.596291 0.017969 0.027817
0 0.120182 0.304565 0.016927 0.025678
0 0.101953 0.724679 0.019531 0.022825
0 0.081771 0.152996 0.016667 0.023538
0 0.127865 0.104315 0.022396 0.030314
0 0.842839 0.874465 0.016406 0.022825
0 0.152865 0.128923 0.017708 0.023181
0 0.438802 0.098609 0.022396 0.028887
0 0.820833 0.712910 0.019271 0.022111
0 0.629948 0.413516 0.019271 0.025321
0 0.336589 0.601997 0.017448 0.023538
0 0.052604 0.652639 0.017708 0.024251
0 0.250391 0.175642 0.016406 0.023181
0 0.055990 0.103602 0.021875 0.028887
0 0.673958 0.218081 0.018229 0.020328
0 0.500521 0.595578 0.019792 0.023538
0 0.263802 0.323645 0.015625 0.024608
0 0.487500 0.097183 0.019271 0.031740
0 0.047786 0.603602 0.023177 0.027461
0 0.768229 0.098609 0.019792 0.027461
0 0.700651 0.640514 0.017969 0.027104
0 0.148438 0.377675 0.017188 0.023538
0 0.867448 0.191334 0.017188 0.023894
0 0.025521 0.331669 0.020833 0.022111
0 0.076042 0.724857 0.021875 0.024608
0 0.341406 0.441869 0.017188 0.023538
0 0.914974 0.973252 0.019531 0.023538
0 0.485417 0.051890 0.019271 0.024608
0 0.077083 0.056526 0.016667 0.027461
0 0.345833 0.149964 0.017188 0.024608
0 0.510026 0.439907 0.017969 0.025321
0 0.127083 0.699893 0.019792 0.025321
0 0.843099 0.292618 0.017448 0.028887
0 0.558724 0.368046 0.018490 0.022825
0 0.286589 0.554208 0.018490 0.027817
0 0.406120 0.596826 0.019531 0.031740
0 0.081120 0.129993 0.017448 0.023894
0 0.769271 0.545471 0.019792 0.029601
0 0.076042 0.448823 0.017708 0.025321
0 0.917708 0.639087 0.016667 0.027104
0 0.556641 0.713802 0.019010 0.021041
0 0.261979 0.301177 0.018229 0.026748
0 0.751693 0.439372 0.015885 0.024964
0 0.582943 0.366262 0.017448 0.026391
0 0.912109 0.829708 0.017448 0.026034
0 0.173437 0.628923 0.016146 0.022468
0 0.555339 0.341298 0.018490 0.029244
0 0.391797 0.076854 0.016406 0.026748
0 0.434375 0.694544 0.019271 0.023894
0 0.097786 0.353602 0.021615 0.029601
0 0.172917 0.700785 0.018750 0.023538
0 0.476953 0.595578 0.016927 0.023538
0 0.817969 0.544223 0.017708 0.028531
0 0.191797 0.582917 0.019531 0.026034
0 0.220182 0.627853 0.015885 0.024608
0 0.767318 0.049750 0.019010 0.028174
0 0.179167 0.174750 0.016667 0.023538
0 0.943229 0.639622 0.016667 0.028174
0 0.867839 0.167083 0.017969 0.025321
0 0.273828 0.175464 0.016406 0.023538
0 0.394531 0.172967 0.017188 0.025678
0 0.274609 0.199001 0.018490 0.023538
0 0.580729 0.098609 0.018229 0.026748
0 0.035547 0.150499 0.015365 0.022825
0 0.556510 0.690264 0.017708 0.026748
0 0.053385 0.674750 0.017708 0.023538
0 0.370833 0.196683 0.017188 0.025321
0 0.264193 0.346648 0.017969 0.023538
0 0.625651 0.547432 0.020052 0.025678
0 0.388932 0.465228 0.017969 0.019615
0 0.221094 0.675464 0.018229 0.023538
0 0.170703 0.424572 0.017969 0.022468
0 0.408594 0.649608 0.017188 0.025321
0 0.270443 0.100749 0.018490 0.030314
0 0.917448 0.188124 0.018229 0.026034
0 0.695833 0.095934 0.020833 0.028531
0 0.076172 0.675464 0.017448 0.025678
0 0.723828 0.123039 0.019010 0.024964
0 0.842057 0.598074 0.019531 0.024964
0 0.510026 0.391049 0.017969 0.024608
0 0.892448 0.190621 0.017188 0.023181
0 0.532161 0.050107 0.016927 0.021041
0 0.676042 0.618581 0.018750 0.023181
0 0.169141 0.556348 0.020052 0.029244
0 0.524609 0.593438 0.019010 0.027104
0 0.411198 0.693295 0.018750 0.022825
0 0.218880 0.420827 0.017448 0.024251
0 0.727995 0.388017 0.018490 0.027104
0 0.313932 0.394793 0.017448 0.022111
0 0.268880 0.396398 0.017969 0.026034
0 0.648307 0.547432 0.017969 0.029957
0 0.911979 0.093260 0.018750 0.028174
0 0.177083 0.199180 0.016146 0.023894
0 0.704167 0.412090 0.016667 0.024608
0 0.225130 0.177782 0.017448 0.026748
0 0.559766 0.390870 0.016406 0.024964
0 0.609505 0.170114 0.016927 0.025678
0 0.866406 0.947753 0.018229 0.025321
0 0.772266 0.313481 0.017969 0.021398
0 0.838932 0.048502 0.016406 0.022825
0 0.418229 0.174037 0.017708 0.023538
0 0.219531 0.723966 0.019792 0.022111
0 0.700911 0.665656 0.017969 0.025321
0 0.435807 0.369472 0.017969 0.022111
0 0.749089 0.638374 0.017969 0.024964
0 0.220964 0.652461 0.018490 0.024608
0 0.030599 0.080956 0.018490 0.023538
0 0.195052 0.447397 0.015625 0.023894
0 0.549219 0.589158 0.019792 0.029244
0 0.453776 0.595934 0.018490 0.025678
0 0.635026 0.145328 0.016927 0.026034
0 0.792969 0.571862 0.017708 0.026034
0 0.311979 0.601462 0.018750 0.023181
0 0.842969 0.895863 0.015625 0.022825
0 0.627474 0.643010 0.017969 0.027104
0 0.652214 0.642653 0.017969 0.027104
0 0.028125 0.402461 0.017708 0.022468
0 0.843099 0.920292 0.015885 0.025321
0 0.147786 0.424394 0.017448 0.022825
0 0.267188 0.696683 0.017188 0.023894
0 0.726172 0.340407 0.019531 0.024608
0 0.217969 0.603780 0.019792 0.023538
0 0.797917 0.689729 0.018229 0.022825
0 0.023698 0.309379 0.021875 0.027461
0 0.290625 0.699180 0.016667 0.022468
0 0.269792 0.445792 0.016667 0.023538
0 0.600130 0.574893 0.018490 0.028531
0 0.652865 0.192760 0.014583 0.023894
0 0.151042 0.079529 0.020833 0.020685
0 0.609896 0.194722 0.018229 0.024964
0 0.913932 0.949715 0.016406 0.024964
0 0.480208 0.663695 0.016146 0.027104
0 0.586198 0.169757 0.016146 0.022825
0 0.288021 0.321683 0.017188 0.019971
0 0.245312 0.700071 0.017188 0.024251
0 0.679557 0.436876 0.016927 0.023538
0 0.461328 0.439907 0.017969 0.021755
0 0.529687 0.617511 0.016667 0.022468
0 0.844010 0.712553 0.019792 0.021398
0 0.438021 0.415656 0.016667 0.026034
0 0.413281 0.052603 0.017708 0.023894
0 0.653516 0.144615 0.016927 0.025321
0 0.269922 0.467725 0.018490 0.021041
0 0.394010 0.197397 0.016667 0.025321
0 0.193880 0.603245 0.018490 0.025321
0 0.862630 0.050820 0.016927 0.024608
0 0.677734 0.691512 0.017448 0.024964
0 0.628385 0.049572 0.018229 0.023538
0 0.481380 0.297611 0.019010 0.027461
0 0.550911 0.548859 0.023698 0.031384
0 0.653125 0.690799 0.017188 0.024251
0 0.889062 0.876070 0.017188 0.024608
0 0.534766 0.413873 0.016927 0.023894
0 0.556380 0.663338 0.017448 0.027104
0 0.966667 0.597718 0.020313 0.027817
0 0.654687 0.363766 0.017708 0.023538
0 0.870964 0.388017 0.016927 0.024964
0 0.224479 0.199536 0.017188 0.021755
0 0.175391 0.102532 0.019531 0.029601
0 0.101042 0.424037 0.018229 0.025678
0 0.891797 0.167083 0.017969 0.024608
0 0.751953 0.388374 0.017448 0.027104
0 0.361328 0.343438 0.018490 0.027817
0 0.703516 0.389265 0.016927 0.023894
0 0.869401 0.614301 0.017448 0.024608
0 0.940365 0.189194 0.016667 0.022468
0 0.864453 0.095221 0.016927 0.023538
0 0.864974 0.805813 0.020573 0.026034
0 0.366276 0.054208 0.017969 0.027104
0 0.454297 0.547611 0.017969 0.021041
0 0.821875 0.942404 0.016667 0.024608
0 0.530208 0.638195 0.016667 0.022468
0 0.958854 0.802960 0.019271 0.026034
0 0.077083 0.401034 0.017188 0.024608
0 0.820573 0.167796 0.015625 0.018902
0 0.197135 0.627496 0.018229 0.023894
0 0.340755 0.465228 0.019010 0.022468
0 0.914974 0.925820 0.015885 0.022825
0 0.053385 0.724857 0.019792 0.022468
0 0.466016 0.195257 0.017448 0.023894
0 0.297786 0.197932 0.019010 0.021398
0 0.125260 0.422611 0.016667 0.025678
0 0.635938 0.191690 0.016667 0.022468
0 0.798307 0.388552 0.016406 0.023894
0 0.486589 0.390335 0.017448 0.024608
0 0.940234 0.289765 0.018490 0.023894
0 0.670052 0.049572 0.016146 0.021398
0 0.695312 0.071862 0.019271 0.023181
0 0.488281 0.196327 0.015625 0.023894
0 0.652865 0.667974 0.017708 0.022825
0 0.103385 0.103780 0.018750 0.025678
0 0.053385 0.402639 0.017188 0.024964
0 0.051432 0.379993 0.017969 0.021041
0 0.029557 0.726284 0.019531 0.022468
0 0.466406 0.218973 0.020313 0.024964
0 0.317578 0.697932 0.016927 0.022111
0 0.581380 0.664408 0.016927 0.024251
0 0.072266 0.581312 0.017969 0.026391
0 0.608333 0.414586 0.018229 0.025321
0 0.268099 0.673859 0.017448 0.023181
0 0.287370 0.577746 0.016406 0.023538
0 0.604948 0.643723 0.016146 0.026391
0 0.389193 0.442225 0.016406 0.020685
0 0.268880 0.420827 0.017448 0.024964
0 0.433594 0.669936 0.018229 0.026748
0 0.695052 0.547254 0.019271 0.026034
0 0.341536 0.393545 0.017448 0.027461
0 0.839583 0.022468 0.017708 0.029244
0 0.298698 0.220578 0.019271 0.021755
0 0.775391 0.387126 0.016927 0.028887
0 0.936198 0.853067 0.016667 0.028531
0 0.649479 0.596826 0.020313 0.024608
0 0.076693 0.424750 0.016927 0.024964
0 0.153906 0.198645 0.016146 0.022111
0 0.796094 0.617332 0.017188 0.022111
0 0.125391 0.447397 0.017448 0.026748
0 0.340104 0.648716 0.016667 0.025678
0 0.314453 0.439907 0.016927 0.021755
0 0.771354 0.146041 0.017188 0.027461
0 0.486458 0.415121 0.016146 0.024251
0 0.245182 0.396576 0.016406 0.023538
0 0.795703 0.641940 0.016927 0.027104
0 0.363802 0.720221 0.020313 0.021041
0 0.817969 0.097004 0.018229 0.027104
0 0.607422 0.437411 0.017448 0.022468
0 0.413672 0.441690 0.015885 0.024608
0 0.966406 0.688124 0.018750 0.022468
0 0.843359 0.617511 0.017969 0.020328
0 0.310156 0.296897 0.019271 0.025321
0 0.747526 0.145506 0.018490 0.024964
0 0.152214 0.153174 0.016927 0.026034
0 0.294010 0.420292 0.016146 0.021755
0 0.536458 0.121612 0.015625 0.024964
0 0.771745 0.218438 0.020052 0.021041
0 0.057031 0.128566 0.017188 0.022468
0 0.797786 0.460949 0.020052 0.024608
0 0.442578 0.147825 0.018490 0.027461
0 0.724219 0.667439 0.017188 0.029601
0 0.053125 0.449893 0.017708 0.024608
0 0.889323 0.948110 0.019792 0.023894
0 0.894010 0.615906 0.016667 0.020685
0 0.655078 0.389087 0.017448 0.026391
0 0.676823 0.641940 0.018750 0.022825
0 0.046745 0.307775 0.017969 0.027817
0 0.796484 0.145863 0.016406 0.025678
0 0.150260 0.650321 0.017708 0.022468
0 0.561979 0.145150 0.017188 0.023538
0 0.028776 0.425642 0.017448 0.024608
0 0.750000 0.688302 0.016667 0.025678
0 0.921615 0.434914 0.020313 0.024608
0 0.792318 0.093081 0.019531 0.031384
0 0.512891 0.170649 0.017448 0.023894
0 0.869271 0.712553 0.018229 0.020685
0 0.698828 0.294223 0.017448 0.029957
0 0.867708 0.338267 0.020313 0.027461
0 0.028906 0.703459 0.019792 0.025321
0 0.869792 0.663160 0.016667 0.023894
0 0.388411 0.695792 0.017448 0.022825
0 0.559896 0.415478 0.017188 0.024251
0 0.339193 0.721826 0.020052 0.022825
0 0.700130 0.173324 0.019010 0.026391
0 0.388021 0.673324 0.017708 0.023538
0 0.914974 0.879815 0.016406 0.022825
0 0.586589 0.194365 0.016406 0.027104
0 0.247266 0.100392 0.018490 0.026748
0 0.796875 0.166904 0.016146 0.019971
0 0.700911 0.688302 0.016406 0.021398
0 0.744141 0.098966 0.020052 0.023894
0 0.511719 0.196505 0.016667 0.027104
0 0.466146 0.171541 0.016146 0.022825
0 0.502214 0.620007 0.018490 0.022468
0 0.057292 0.223609 0.018750 0.019971
0 0.488932 0.220221 0.020052 0.022468
0 0.046094 0.558310 0.018750 0.023894
0 0.915625 0.118759 0.018229 0.024964
0 0.871094 0.411912 0.017708 0.024964
0 0.942187 0.713267 0.019792 0.023538
0 0.364063 0.442225 0.016667 0.026391
0 0.896745 0.363766 0.015365 0.024251
0 0.457031 0.692939 0.017188 0.024251
0 0.945833 0.412625 0.018229 0.029957
0 0.442578 0.219330 0.019531 0.024251
0 0.076432 0.377853 0.017448 0.023181
0 0.287760 0.602532 0.016667 0.026748
0 0.867188 0.118581 0.017708 0.023894
0 0.244922 0.651213 0.016406 0.025678
0 0.887891 0.806170 0.019010 0.028174
0 0.197656 0.722361 0.020313 0.023181
0 0.917839 0.664051 0.015885 0.027104
0 0.865625 0.878210 0.017708 0.023181
0 0.275000 0.220934 0.019271 0.022468
0 0.314583 0.416548 0.017188 0.022111
0 0.362630 0.673146 0.017448 0.026034
0 0.507552 0.339158 0.017708 0.024964
0 0.388411 0.416904 0.016406 0.026391
0 0.815755 0.807061 0.019531 0.034237
0 0.839323 0.072397 0.015625 0.024251
0 0.358333 0.575428 0.017188 0.019615
0 0.027474 0.632668 0.019010 0.024251
0 0.263672 0.554387 0.017969 0.023181
0 0.820964 0.641762 0.017969 0.025321
0 0.225260 0.127853 0.015625 0.023181
0 0.702995 0.367332 0.018490 0.021398
0 0.058203 0.200785 0.019531 0.027817
0 0.771094 0.169401 0.016667 0.022111
0 0.455990 0.664230 0.017188 0.023894
0 0.417969 0.125000 0.016146 0.023181
0 0.047786 0.354850 0.020573 0.027817
0 0.628255 0.666904 0.016406 0.022111
0 0.604688 0.052068 0.018229 0.026391
0 0.560807 0.194544 0.017969 0.023181
0 0.127865 0.220043 0.020313 0.020685
0 0.941276 0.919936 0.017448 0.023894
0 0.887240 0.092546 0.016667 0.028174
0 0.437760 0.440086 0.017188 0.024251
0 0.512109 0.123752 0.016927 0.023538
0 0.610156 0.144793 0.017188 0.026391
0 0.106120 0.129458 0.017448 0.024964
0 0.407682 0.627318 0.016927 0.023538
0 0.891406 0.143367 0.016667 0.024251
0 0.102344 0.078459 0.018229 0.021398
0 0.749479 0.664230 0.016667 0.023181
0 0.796484 0.215407 0.020573 0.022111
0 0.168620 0.348966 0.018490 0.033167
0 0.363542 0.696862 0.017188 0.021398
0 0.144661 0.576854 0.017969 0.023181
0 0.390234 0.053495 0.014844 0.021398
0 0.653385 0.168331 0.015625 0.021398
0 0.655339 0.413516 0.017448 0.022468
0 0.170052 0.471291 0.017708 0.020328
0 0.846745 0.458631 0.019010 0.021398
0 0.414323 0.391227 0.017188 0.023538
0 0.964323 0.898716 0.016146 0.029244
0 0.939714 0.166369 0.015365 0.023181
0 0.934505 0.092011 0.018490 0.022825
0 0.964583 0.949536 0.018229 0.024608
0 0.316927 0.722896 0.020833 0.023538
0 0.197786 0.677603 0.018490 0.026391
0 0.201953 0.176890 0.017448 0.023538
0 0.075651 0.474857 0.019531 0.022468
0 0.630339 0.389265 0.017448 0.026034
0 0.559766 0.438481 0.017448 0.023894
0 0.218099 0.373573 0.017448 0.021041
0 0.413542 0.464515 0.019271 0.022468
0 0.387760 0.625178 0.016146 0.021398
0 0.630208 0.364836 0.017708 0.023538
0 0.345703 0.174215 0.016406 0.021755
0 0.679818 0.366084 0.017969 0.024608
0 0.725000 0.170114 0.018229 0.022825
0 0.798307 0.366976 0.016406 0.019971
0 0.917188 0.613944 0.016146 0.023181
0 0.345313 0.125892 0.016146 0.022111
0 0.268099 0.651213 0.016406 0.022825
0 0.775260 0.414586 0.016146 0.025321
0 0.870964 0.461662 0.021094 0.023894
0 0.410026 0.671362 0.018490 0.023181
0 0.345573 0.194900 0.016667 0.023181
0 0.820443 0.120899 0.016927 0.022111
0 0.250651 0.198110 0.016406 0.023894
0 0.245182 0.420649 0.015885 0.023181
0 0.725521 0.193295 0.016667 0.023538
0 0.488281 0.148538 0.017708 0.022468
0 0.388021 0.648003 0.016146 0.022825
0 0.892057 0.544757 0.020052 0.022468
0 0.408333 0.343616 0.021875 0.029601
0 0.940234 0.141049 0.016406 0.027461
0 0.504948 0.659415 0.016667 0.023538
0 0.226172 0.152104 0.017448 0.023894
0 0.437630 0.465585 0.019010 0.021755
0 0.150260 0.626783 0.017188 0.023894
0 0.889844 0.118046 0.015625 0.024251
0 0.220833 0.697575 0.017708 0.022825
0 0.218620 0.396398 0.016406 0.022468
0 0.294141 0.442582 0.017448 0.019258
0 0.417969 0.149073 0.016667 0.023538
0 0.844661 0.639087 0.016406 0.024964
0 0.148177 0.400678 0.017708 0.023181
0 0.462109 0.075250 0.019010 0.025678
0 0.028516 0.679030 0.017448 0.025678
0 0.058203 0.174929 0.020052 0.027461
0 0.965495 0.387839 0.017448 0.026748
0 0.339974 0.698823 0.016927 0.024608
0 0.482422 0.719330 0.018490 0.020685
0 0.607292 0.388730 0.017188 0.026391
0 0.316406 0.648538 0.016146 0.023181
0 0.818880 0.849679 0.019010 0.029601
0 0.847396 0.411198 0.018750 0.024251
0 0.947005 0.457739 0.017969 0.021755
0 0.294531 0.395506 0.016146 0.024251
0 0.896354 0.458096 0.018229 0.021755
0 0.298828 0.174750 0.017969 0.023538
0 0.532161 0.664586 0.016927 0.027461
0 0.606120 0.095756 0.017969 0.033167
0 0.749089 0.615371 0.017448 0.019615
0 0.581380 0.714515 0.018490 0.022468
0 0.532031 0.340407 0.019271 0.027461
0 0.635547 0.169401 0.015885 0.022111
0 0.101953 0.675464 0.018490 0.030670
0 0.250260 0.151034 0.017188 0.026748
0 0.605469 0.715763 0.019271 0.021398
0 0.504427 0.639800 0.016146 0.020685
0 0.364063 0.416369 0.015625 0.023894
0 0.488021 0.172789 0.016146 0.025321
0 0.322396 0.171897 0.016146 0.026391
0 0.940234 0.897111 0.015885 0.022468
0 0.321354 0.221648 0.019271 0.021755
0 0.889714 0.972004 0.020573 0.024608
0 0.748958 0.191155 0.017188 0.023538
0 0.249740 0.221648 0.016667 0.020328
0 0.153255 0.177068 0.014323 0.021755
0 0.101302 0.473787 0.018229 0.020328
0 0.605339 0.461484 0.020573 0.023538
0 0.173307 0.651391 0.015885 0.021755
0 0.630078 0.462197 0.019531 0.022825
0 0.395703 0.220934 0.019531 0.022468
0 0.486068 0.367154 0.016927 0.023181
0 0.129427 0.176177 0.017708 0.025678
0 0.202734 0.200071 0.017448 0.026391
0 0.889583 0.924215 0.017188 0.023894
0 0.746615 0.123039 0.018229 0.022825
0 0.434115 0.718616 0.019271 0.020685
0 0.314323 0.371434 0.017188 0.025321
0 0.532813 0.715763 0.018750 0.021398
0 0.124609 0.471826 0.018490 0.021398
0 0.774740 0.461127 0.018750 0.020685
0 0.052474 0.474679 0.019010 0.022111
0 0.847135 0.386234 0.017708 0.024964
0 0.058854 0.149786 0.016667 0.022111
0 0.195312 0.470399 0.017188 0.020685
0 0.290495 0.675820 0.016927 0.028531
0 0.537760 0.170827 0.016146 0.022111
0 0.966016 0.572040 0.019010 0.023538
0 0.704167 0.436163 0.017708 0.024964
0 0.965104 0.292083 0.023438 0.028531
0 0.173047 0.724679 0.020052 0.023538
0 0.537500 0.217725 0.018229 0.018902
0 0.273438 0.127318 0.017188 0.022111
0 0.394401 0.126961 0.016927 0.024964
0 0.551302 0.614836 0.018229 0.022825
0 0.394531 0.149429 0.016667 0.022111
0 0.966667 0.639444 0.017708 0.025678
0 0.724349 0.640157 0.016406 0.022825
0 0.894531 0.637839 0.016667 0.023894
0 0.677995 0.715585 0.018490 0.022468
0 0.457292 0.716655 0.018229 0.022468
0 0.488411 0.124465 0.016406 0.022111
0 0.082031 0.220399 0.019271 0.021398
0 0.033984 0.222004 0.019531 0.022468
0 0.340234 0.674572 0.016406 0.025321
0 0.964583 0.925285 0.018750 0.028174
0 0.628125 0.715585 0.018229 0.022468
0 0.775000 0.362696 0.017188 0.020685
0 0.177604 0.221113 0.017188 0.019258
0 0.920443 0.364123 0.016406 0.021398
0 0.174870 0.078994 0.018490 0.018902
0 0.291406 0.721469 0.018229 0.022825
0 0.124870 0.398359 0.016927 0.022111
0 0.076823 0.651391 0.017188 0.022468
0 0.679167 0.389265 0.018750 0.022468
0 0.579688 0.637839 0.015625 0.022468
0 0.916536 0.164765 0.016406 0.020685
0 0.966927 0.547432 0.022917 0.028531
0 0.537370 0.146933 0.016406 0.023538
0 0.677214 0.666548 0.017448 0.026391
0 0.266016 0.722004 0.021094 0.024608
0 0.486458 0.440442 0.016667 0.027817
0 0.749479 0.713980 0.019271 0.024251
0 0.727214 0.435806 0.017448 0.022825
0 0.654036 0.215942 0.016406 0.019615
0 0.101562 0.627853 0.016667 0.018902
0 0.510807 0.366976 0.017448 0.023538
0 0.581380 0.687589 0.015885 0.022111
0 0.921615 0.386056 0.017188 0.023894
0 0.462240 0.365906 0.016146 0.022825
0 0.106250 0.152639 0.017708 0.020685
0 0.406120 0.550999 0.016927 0.029244
0 0.178776 0.151034 0.016927 0.023894
0 0.820573 0.145685 0.016667 0.022468
0 0.169792 0.373930 0.016667 0.018902
0 0.465365 0.124465 0.017708 0.022825
0 0.345573 0.219508 0.018750 0.020328
0 0.370573 0.172789 0.017188 0.023894
0 0.867708 0.143188 0.016667 0.023181
0 0.965625 0.411198 0.016146 0.022111
0 0.967057 0.663516 0.017448 0.023894
0 0.821745 0.967190 0.019531 0.022825
0 0.511979 0.221469 0.019792 0.022825
0 0.370182 0.221291 0.018490 0.023894
0 0.314714 0.463267 0.018490 0.024964
0 0.082943 0.174750 0.017448 0.024251
0 0.364583 0.390870 0.015625 0.021398
0 0.774349 0.435449 0.016927 0.022111
0 0.751693 0.462019 0.017969 0.019615
0 0.486198 0.464693 0.017708 0.019258
0 0.290625 0.651391 0.016667 0.021755
0 0.020833 0.608060 0.018750 0.029957
0 0.700781 0.716120 0.018229 0.020685
0 0.512760 0.146576 0.017188 0.022111
0 0.441797 0.123217 0.016927 0.021041
0 0.461979 0.463802 0.019271 0.022468
0 0.585938 0.146398 0.016667 0.023894
0 0.388672 0.371077 0.016927 0.022468
0 0.916927 0.213088 0.018229 0.022468
0 0.341667 0.418509 0.017708 0.023894
0 0.582161 0.436876 0.018490 0.024251
0 0.537109 0.193830 0.016927 0.023181
0 0.581250 0.461484 0.017708 0.021398
0 0.921745 0.458631 0.019531 0.023538
0 0.202865 0.152461 0.015625 0.024608
0 0.797266 0.714515 0.019010 0.021041
0 0.073568 0.351641 0.019531 0.024964
0 0.101042 0.399608 0.017188 0.022468
0 0.894141 0.688302 0.016927 0.022111
0 0.170573 0.604494 0.020313 0.029244
0 0.100781 0.377496 0.016146 0.019615
0 0.298047 0.127318 0.016927 0.019971
0 0.891797 0.214337 0.019531 0.024251
0 0.700651 0.146576 0.016927 0.023538
0 0.699740 0.615371 0.015625 0.018902
0 0.202083 0.128210 0.016667 0.024608
0 0.534375 0.388909 0.015625 0.021755
0 0.820833 0.616084 0.016667 0.021755
0 0.363672 0.465407 0.017448 0.018545
0 0.636589 0.215228 0.018490 0.021755
0 0.442448 0.194900 0.017188 0.021755
0 0.654427 0.463267 0.019271 0.021398
0 0.028125 0.656027 0.018229 0.022468
0 0.187370 0.304030 0.019531 0.026748
0 0.748307 0.169579 0.017448 0.021755
0 0.102344 0.648181 0.016667 0.022468
0 0.894661 0.712910 0.019010 0.020685
0 0.189453 0.351641 0.019531 0.027817
0 0.273568 0.151213 0.016927 0.024251
0 0.126562 0.675107 0.018750 0.024251
0 0.129688 0.152104 0.016146 0.022468
0 0.945573 0.385699 0.014583 0.020328
0 0.634896 0.121077 0.017188 0.021755
0 0.432943 0.642118 0.017448 0.025321
0 0.441927 0.172611 0.015625 0.022111
0 0.322135 0.124643 0.016146 0.020328
0 0.820312 0.214872 0.018750 0.019615
0 0.771224 0.122682 0.015885 0.020685
0 0.724609 0.218081 0.017969 0.018902
0 0.891536 0.338088 0.021615 0.029244
0 0.195833 0.400678 0.016667 0.027461
0 0.418099 0.220399 0.017969 0.021398
0 0.509635 0.461840 0.018750 0.021398
0 0.587630 0.218795 0.017448 0.018188
0 0.125521 0.652282 0.017188 0.024251
0 0.411328 0.717368 0.019010 0.022468
0 0.964193 0.139087 0.014844 0.022111
0 0.894271 0.663160 0.017188 0.022468
0 0.652734 0.717546 0.018490 0.022825
0 0.478516 0.619829 0.017448 0.022111
0 0.322526 0.147111 0.014844 0.023894
0 0.242969 0.725214 0.020833 0.023181
0 0.867057 0.213623 0.017969 0.019971
0 0.267448 0.372504 0.016146 0.023894
0 0.558464 0.461840 0.019531 0.022111
0 0.191797 0.557418 0.019010 0.031384
0 0.432812 0.297789 0.020313 0.028531
0 0.941276 0.211305 0.017448 0.021755
0 0.581771 0.413873 0.016146 0.021755
0 0.337891 0.623395 0.015885 0.023538
0 0.290234 0.627140 0.015885 0.021755
0 0.034635 0.127318 0.015104 0.022111
0 0.728646 0.460235 0.018750 0.021755
0 0.821875 0.415656 0.016146 0.023894
0 0.610677 0.218973 0.017708 0.020685
0 0.414453 0.370007 0.016927 0.019615
0 0.965234 0.337197 0.020052 0.032454
0 0.869661 0.638195 0.016406 0.021755
0 0.552344 0.635521 0.016146 0.020685
0 0.652734 0.120185 0.015365 0.020685
0 0.219141 0.468260 0.018490 0.022825
0 0.846094 0.364658 0.017708 0.020328
0 0.245443 0.466655 0.017448 0.019615
0 0.821745 0.436519 0.016406 0.022111
0 0.560937 0.123039 0.017708 0.022825
0 0.916146 0.143367 0.016667 0.023538
0 0.167448 0.303852 0.019271 0.028531
0 0.370182 0.148181 0.016927 0.021041
0 0.773307 0.666369 0.017969 0.026748
0 0.293229 0.371434 0.017188 0.022468
0 0.105859 0.221291 0.019531 0.021041
0 0.147917 0.470934 0.017708 0.019615
0 0.699479 0.195257 0.017188 0.021041
0 0.506250 0.690977 0.018229 0.024608
0 0.130208 0.129636 0.017188 0.021755
0 0.940885 0.971826 0.019792 0.022111
0 0.725391 0.714693 0.018490 0.022825
0 0.724740 0.146755 0.018750 0.023894
0 0.020443 0.561876 0.017448 0.029601
0 0.244401 0.674929 0.015885 0.022468
0 0.195443 0.423680 0.015365 0.022111
0 0.506771 0.716833 0.019792 0.021398
0 0.942448 0.592725 0.019271 0.029244
0 0.751953 0.363409 0.015885 0.020685
0 0.178125 0.127675 0.017188 0.021398
0 0.964844 0.972718 0.018229 0.021041
0 0.964323 0.166726 0.016667 0.024608
0 0.294141 0.465228 0.018490 0.021041
0 0.704557 0.461484 0.018490 0.022825
0 0.124219 0.627675 0.018229 0.022825
0 0.921745 0.410485 0.018490 0.022825
0 0.774479 0.640157 0.016146 0.024964
0 0.727734 0.413160 0.018490 0.023894
0 0.964974 0.189194 0.017969 0.023181
0 0.389714 0.391762 0.015365 0.021041
0 0.268099 0.627675 0.016927 0.022825
0 0.224479 0.222539 0.016667 0.021398
0 0.700000 0.218438 0.017188 0.018902
0 0.963151 0.873930 0.015365 0.019615
0 0.966016 0.436698 0.016927 0.026034
0 0.748828 0.218260 0.017969 0.019971
0 0.388411 0.719686 0.015885 0.019258
0 0.773438 0.690442 0.015625 0.022111
0 0.772917 0.616797 0.015625 0.025321
0 0.609115 0.121255 0.014583 0.018545
0 0.965625 0.712732 0.019271 0.023181
0 0.674740 0.147468 0.016146 0.023181
0 0.727214 0.364123 0.017448 0.020685
0 0.942969 0.614658 0.015625 0.021755
0 0.560937 0.217368 0.018750 0.021041
0 0.651042 0.616797 0.018229 0.019615
0 0.317188 0.624108 0.017188 0.021398
0 0.298307 0.149073 0.016406 0.019258
0 0.578776 0.615728 0.016406 0.019615
0 0.479036 0.639800 0.014844 0.019971
0 0.362891 0.623930 0.016406 0.021041
0 0.772917 0.713267 0.015625 0.019971
0 0.243750 0.625178 0.016146 0.020685
0 0.963672 0.211484 0.017969 0.022825
0 0.867318 0.899786 0.016406 0.023538
0 0.963932 0.116797 0.015365 0.024608
0 0.340365 0.368937 0.016146 0.020328
0 0.794792 0.119472 0.016146 0.018545
0 0.249219 0.125178 0.016667 0.021398
0 0.966667 0.617867 0.017708 0.018902
0 0.154167 0.220934 0.016667 0.021041
0 0.034375 0.173680 0.018229 0.026391
0 0.534505 0.365549 0.016406 0.021398
0 0.585286 0.123395 0.016927 0.019971
0 0.673047 0.124287 0.017448 0.021755
0 0.535417 0.461484 0.016667 0.022111
0 0.606120 0.364301 0.016406 0.019615
0 0.026432 0.381063 0.018490 0.022468
0 0.027865 0.474679 0.018229 0.020685
0 0.082031 0.198110 0.019271 0.023181
0 0.202865 0.222718 0.015625 0.020328
0 0.679688 0.461127 0.017708 0.018545
0 0.244271 0.374643 0.015625 0.018902
0 0.945052 0.364658 0.015104 0.019615
0 0.432552 0.621077 0.016667 0.018188
0 0.700130 0.123217 0.016406 0.023181
0 0.482161 0.692047 0.017448 0.030314
0 0.674609 0.171184 0.016927 0.023538
0 0.071875 0.557418 0.017188 0.027817
0 0.582943 0.391940 0.016406 0.022111
0 0.124609 0.376248 0.017969 0.022111
0 0.576302 0.595043 0.018229 0.024608
0 0.602604 0.619650 0.017708 0.018188
0 0.965495 0.363053 0.016406 0.019971
0 0.369922 0.124822 0.016406 0.022111
0 0.821224 0.385521 0.015885 0.019258
0 0.821615 0.362874 0.016667 0.022468
0 0.362760 0.648359 0.015104 0.020685
0 0.626563 0.619294 0.018229 0.016762
0 0.939453 0.115728 0.015365 0.018902
0 0.145703 0.348966 0.018490 0.033167
0 0.363672 0.368581 0.015365 0.018902
0 0.918099 0.712375 0.017448 0.020328
0 0.195443 0.375892 0.015885 0.025678
0 0.940234 0.874822 0.014844 0.018545
0 0.966667 0.460592 0.017708 0.021041
0 0.575000 0.570435 0.018229 0.022468
0 0.816667 0.830243 0.017188 0.016405
0 0.920312 0.690621 0.017708 0.023181
