0 0.924061 0.061190 0.151877 0.102946
0 0.912400 0.176131 0.144482 0.109323
0 0.914960 0.293198 0.170080 0.087762
0 0.923208 0.409809 0.153584 0.104160
0 0.928328 0.534619 0.143345 0.104160
0 0.923493 0.625569 0.133675 0.080170
0 0.924630 0.725934 0.140501 0.105375
0 0.906428 0.823110 0.164391 0.082296
0 0.903868 0.929851 0.192264 0.122684
0 0.719283 0.050410 0.192833 0.096568
0 0.706200 0.161403 0.187144 0.099909
0 0.711320 0.573034 0.148464 0.105071
0 0.695108 0.701640 0.217292 0.108412
0 0.702218 0.808381 0.203072 0.088066
0 0.689704 0.921196 0.174630 0.109626
0 0.511377 0.044336 0.170648 0.075919
0 0.527304 0.167476 0.178612 0.102946
0 0.505973 0.287883 0.197383 0.092317
0 0.521331 0.391892 0.207622 0.107197
0 0.507110 0.502581 0.223549 0.094139
0 0.501991 0.620862 0.192833 0.113878
0 0.487770 0.718342 0.189420 0.090191
0 0.492890 0.838749 0.211035 0.100820
0 0.501991 0.941846 0.213311 0.098694
0 0.323379 0.048284 0.176906 0.095961
0 0.323094 0.156089 0.160410 0.106286
0 0.317975 0.266171 0.170648 0.090191
0 0.306030 0.373975 0.178612 0.104160
0 0.295791 0.502581 0.175199 0.094139
0 0.299772 0.614182 0.183163 0.094443
0 0.296644 0.721075 0.184869 0.108412
0 0.302901 0.839356 0.189420 0.106286
0 0.287543 0.943517 0.166667 0.095354
0 0.099829 0.048132 0.172355 0.090191
0 0.105802 0.150623 0.193402 0.102035
0 0.118885 0.264500 0.207053 0.086851
0 0.094710 0.392499 0.182594 0.115093
0 0.101820 0.504707 0.193402 0.072882
0 0.108931 0.606742 0.162116 0.085636
0 0.095848 0.713939 0.184869 0.100820
0 0.092435 0.824628 0.166667 0.087762
0 0.081627 0.934103 0.162116 0.096568
