0 0.851877 0.258829 0.075549 0.077699
0 0.850275 0.674823 0.090659 0.081231
0 0.847756 0.812815 0.081960 0.079717
0 0.719780 0.251261 0.086081 0.078708
0 0.734661 0.396821 0.102106 0.063068
0 0.728938 0.535318 0.106227 0.079717
0 0.732830 0.665237 0.084707 0.066095
0 0.728022 0.811302 0.109890 0.072654
0 0.615842 0.260091 0.089744 0.059031
0 0.614011 0.399849 0.084249 0.061049
0 0.409341 0.265388 0.113553 0.092836
0 0.401786 0.422048 0.100275 0.067104
0 0.405907 0.557518 0.103022 0.077699
0 0.402244 0.693744 0.118590 0.070636
0 0.405678 0.824168 0.115385 0.062059
0 0.288233 0.276488 0.105769 0.072654
0 0.285485 0.427094 0.128663 0.084258
0 0.281822 0.558022 0.125916 0.101917
0 0.286401 0.689455 0.109432 0.056004
0 0.282051 0.832997 0.128205 0.058527
0 0.149954 0.404642 0.102106 0.097881
0 0.142857 0.548940 0.091575 0.073663
0 0.146749 0.827699 0.080128 0.059031
