0 0.678110 0.125867 0.223622 0.136616
0 0.693858 0.301896 0.240630 0.127138
0 0.683150 0.488789 0.221732 0.144013
0 0.694646 0.847087 0.193071 0.152335
0 0.441102 0.123209 0.213228 0.133611
0 0.443937 0.307559 0.207559 0.113500
0 0.449764 0.478387 0.204724 0.129219
0 0.432598 0.675566 0.187402 0.168054
0 0.444882 0.858761 0.182992 0.127138
0 0.203465 0.131530 0.230551 0.150254
0 0.200000 0.299815 0.240630 0.131299
0 0.227874 0.474688 0.230236 0.134304
0 0.211969 0.667013 0.236220 0.182848
0 0.207559 0.866967 0.241890 0.177762
