0 0.850894 0.189417 0.107598 0.126759
0 0.858547 0.307517 0.104581 0.120265
0 0.847877 0.408599 0.107598 0.095129
0 0.856480 0.515755 0.114749 0.092965
0 0.852458 0.623391 0.092402 0.133373
0 0.853966 0.733794 0.109721 0.111485
0 0.854469 0.846422 0.118771 0.120265
0 0.716872 0.187252 0.111732 0.122429
0 0.715810 0.296572 0.103575 0.096212
0 0.713296 0.405352 0.104581 0.099459
0 0.709777 0.513590 0.095531 0.121347
0 0.715307 0.631149 0.094525 0.113770
0 0.712235 0.742093 0.092402 0.117017
0 0.710223 0.844257 0.094413 0.115935
0 0.574134 0.180637 0.120782 0.124594
0 0.572067 0.307517 0.116872 0.120265
0 0.572067 0.413530 0.098547 0.117980
0 0.574134 0.522850 0.088380 0.107156
0 0.571564 0.630547 0.097542 0.116897
0 0.571564 0.743656 0.105587 0.109321
0 0.569553 0.848707 0.101564 0.094047
0 0.434469 0.176909 0.093520 0.106073
0 0.430894 0.296512 0.098436 0.111485
0 0.432961 0.404209 0.102570 0.106073
0 0.438045 0.513530 0.108715 0.110403
0 0.437989 0.625616 0.094525 0.113770
0 0.436983 0.738244 0.094525 0.133373
0 0.308101 0.266867 0.034525 0.038966
0 0.306480 0.303788 0.033520 0.032712
0 0.309162 0.335598 0.032402 0.032111
0 0.308939 0.366506 0.026592 0.034275
0 0.308101 0.401443 0.028268 0.031990
0 0.308659 0.433794 0.032514 0.030307
0 0.309441 0.468431 0.027598 0.043536
0 0.306536 0.509080 0.027151 0.038966
0 0.308883 0.547505 0.025587 0.041251
0 0.307598 0.589898 0.033520 0.046903
0 0.307263 0.630487 0.030838 0.036681
0 0.308156 0.668310 0.033520 0.038966
0 0.309721 0.706133 0.029274 0.030908
0 0.308883 0.734756 0.028715 0.033313
0 0.310223 0.770595 0.032514 0.038364
0 0.308156 0.801864 0.033520 0.026338
0 0.311061 0.832111 0.027709 0.033193
0 0.269777 0.268912 0.035642 0.041852
0 0.273296 0.308419 0.030838 0.044137
0 0.272682 0.347324 0.032961 0.036079
0 0.272737 0.378593 0.035084 0.033193
0 0.271397 0.411185 0.032402 0.037763
0 0.271117 0.439507 0.031844 0.029224
0 0.274078 0.472219 0.029274 0.044137
0 0.274581 0.510283 0.030279 0.034396
0 0.274022 0.545159 0.027151 0.043536
0 0.275363 0.586470 0.037207 0.041251
0 0.273799 0.625376 0.032961 0.036560
0 0.272458 0.663981 0.030279 0.040649
0 0.269274 0.699820 0.032402 0.035598
0 0.272179 0.730667 0.030838 0.038845
0 0.270838 0.763981 0.030391 0.034275
0 0.270615 0.797775 0.030838 0.036681
0 0.274358 0.835298 0.032961 0.044137
0 0.235475 0.262297 0.031844 0.031990
0 0.232570 0.296091 0.032514 0.035598
0 0.236313 0.324173 0.033520 0.041251
0 0.236816 0.362778 0.036760 0.041732
0 0.236257 0.399158 0.032514 0.038966
0 0.235978 0.437523 0.031955 0.042333
0 0.236816 0.469573 0.031397 0.030908
0 0.238380 0.505111 0.035642 0.040168
0 0.237598 0.539146 0.028715 0.031509
0 0.236257 0.574444 0.031397 0.041251
0 0.235475 0.614191 0.034078 0.041852
0 0.233631 0.654841 0.038883 0.041852
0 0.233128 0.691822 0.035642 0.034275
0 0.235754 0.725616 0.025028 0.035478
0 0.233631 0.759110 0.033520 0.034877
0 0.235698 0.794287 0.031397 0.035478
0 0.236034 0.832411 0.029832 0.039567
0 0.197430 0.262959 0.029274 0.034275
0 0.199553 0.297234 0.029274 0.035478
0 0.197709 0.327781 0.024469 0.033794
0 0.200391 0.363379 0.032961 0.039567
0 0.199609 0.392604 0.031397 0.024654
0 0.199832 0.422069 0.025587 0.035478
0 0.198771 0.460192 0.029721 0.044137
0 0.199609 0.495971 0.027151 0.027420
0 0.201173 0.525436 0.035642 0.036079
0 0.198771 0.558930 0.029721 0.037883
0 0.199832 0.590800 0.029832 0.038364
0 0.200056 0.625075 0.031397 0.039567
0 0.198994 0.666326 0.037765 0.048707
