0 0.720917 0.115231 0.078257 0.100957
0 0.812784 0.121932 0.084413 0.106005
0 0.352155 0.119234 0.094783 0.118712
0 0.129618 0.253351 0.088788 0.093821
0 0.354018 0.429939 0.083603 0.096780
0 0.443049 0.105222 0.074368 0.089295
0 0.224157 0.669365 0.096727 0.108094
0 0.642255 0.203220 0.076798 0.096606
0 0.125000 0.533681 0.109365 0.104787
0 0.806951 0.309225 0.083441 0.104265
0 0.890797 0.120627 0.064809 0.098172
0 0.641202 0.109051 0.070480 0.087554
0 0.556546 0.106789 0.082955 0.081984
0 0.888205 0.605657 0.074530 0.088599
0 0.800956 0.692950 0.089274 0.091906
0 0.353370 0.621149 0.083603 0.088947
0 0.803791 0.598172 0.077771 0.091732
0 0.553224 0.346649 0.085062 0.086510
0 0.892336 0.694430 0.076960 0.084421
0 0.355071 0.328198 0.103532 0.110183
0 0.641445 0.299652 0.074530 0.087903
0 0.230800 0.125500 0.088626 0.124282
0 0.122570 0.157180 0.089598 0.103394
0 0.439323 0.494082 0.082469 0.115057
0 0.725454 0.203916 0.073396 0.069104
0 0.126620 0.446910 0.085386 0.079199
0 0.554196 0.261010 0.075016 0.088599
0 0.891283 0.224369 0.068697 0.085292
0 0.228775 0.902611 0.079715 0.098346
0 0.811325 0.524456 0.076636 0.065796
0 0.641607 0.380853 0.080363 0.077981
0 0.228208 0.785205 0.089274 0.125326
0 0.813270 0.214534 0.079229 0.083377
0 0.122327 0.670148 0.101750 0.136815
0 0.443211 0.265622 0.073720 0.097128
0 0.128564 0.355614 0.098995 0.115579
0 0.354666 0.220017 0.082307 0.079721
0 0.443859 0.185553 0.071128 0.064404
0 0.439647 0.601131 0.074368 0.086858
0 0.800551 0.854308 0.083927 0.073107
0 0.557032 0.181114 0.073234 0.068407
0 0.892984 0.471540 0.064323 0.071715
0 0.801685 0.779983 0.082955 0.075544
0 0.356692 0.711227 0.088626 0.082158
0 0.889096 0.316884 0.066591 0.099391
0 0.229666 0.237859 0.086034 0.104961
0 0.725292 0.275022 0.070156 0.066144
0 0.124676 0.085988 0.079229 0.045257
0 0.890149 0.403481 0.065781 0.063708
0 0.114145 0.899130 0.082793 0.110531
0 0.232340 0.566057 0.079715 0.098172
0 0.443130 0.882942 0.076150 0.086162
0 0.810515 0.458573 0.080201 0.072585
0 0.227155 0.457354 0.081659 0.104613
0 0.438108 0.697650 0.069994 0.113838
0 0.892093 0.531593 0.057356 0.053264
0 0.349644 0.536989 0.079715 0.076240
0 0.437216 0.799739 0.067887 0.090339
0 0.121273 0.787206 0.074044 0.100087
0 0.222537 0.347694 0.077933 0.124108
0 0.722780 0.334639 0.065781 0.056571
0 0.802252 0.394952 0.068859 0.068581
