0 0.431295 0.040320 0.027558 0.047271
0 0.434504 0.664581 0.021140 0.046576
0 0.410344 0.446472 0.025293 0.046924
0 0.123820 0.148592 0.026425 0.052485
0 0.358626 0.315607 0.023028 0.047271
0 0.481786 0.081682 0.025859 0.043796
0 0.710174 0.525547 0.022461 0.045881
0 0.382692 0.219499 0.023216 0.044838
0 0.289260 0.909454 0.027369 0.044143
0 0.226689 0.104275 0.023783 0.046576
0 0.382692 0.173097 0.020196 0.043100
0 0.152133 0.729579 0.027180 0.052138
0 0.175727 0.590372 0.022650 0.043448
0 0.281616 0.043100 0.028313 0.045881
0 0.811438 0.565346 0.021140 0.041363
0 0.434787 0.859402 0.022839 0.057351
0 0.282088 0.090198 0.024726 0.043448
0 0.334466 0.226451 0.023783 0.044143
0 0.459796 0.668057 0.024160 0.045186
0 0.315119 0.907716 0.023594 0.049009
0 0.436014 0.761383 0.022650 0.044143
0 0.383352 0.265728 0.024538 0.049705
0 0.561910 0.400417 0.020008 0.045186
0 0.430445 0.138512 0.024726 0.044838
0 0.534447 0.171533 0.025104 0.045534
0 0.738581 0.657108 0.023405 0.047619
0 0.360985 0.714286 0.025104 0.047271
0 0.915157 0.521203 0.026991 0.050400
0 0.150717 0.099930 0.025481 0.044143
0 0.456776 0.129823 0.024160 0.043448
0 0.357399 0.088808 0.025859 0.043448
0 0.313326 0.861314 0.023783 0.042405
0 0.714326 0.391727 0.024349 0.044491
0 0.309173 0.226973 0.024538 0.041015
0 0.338713 0.902850 0.022084 0.046924
0 0.688184 0.751477 0.024538 0.049357
0 0.588901 0.942301 0.024160 0.047967
0 0.408173 0.264338 0.025104 0.047619
0 0.483862 0.127563 0.027746 0.046576
0 0.686391 0.527981 0.022839 0.049357
0 0.835976 0.702120 0.020008 0.039625
0 0.637222 0.526590 0.024915 0.047967
0 0.458852 0.276503 0.024160 0.046924
0 0.741129 0.846020 0.028879 0.047967
0 0.333428 0.321863 0.025104 0.051442
0 0.431767 0.184567 0.027369 0.046576
0 0.308324 0.182656 0.024726 0.046229
0 0.282937 0.319082 0.024915 0.050747
0 0.741506 0.893813 0.027746 0.046229
0 0.182522 0.913104 0.024160 0.045881
0 0.358060 0.266945 0.021140 0.042405
0 0.635145 0.076816 0.023783 0.041710
0 0.123160 0.049357 0.024349 0.048662
0 0.411476 0.714112 0.022273 0.044838
0 0.585032 0.075947 0.023971 0.037192
0 0.333900 0.273896 0.023028 0.041710
0 0.714515 0.844456 0.025859 0.045534
0 0.614288 0.941953 0.026236 0.047967
0 0.339940 0.953424 0.020008 0.047967
0 0.226217 0.444908 0.025104 0.053528
0 0.151284 0.645116 0.026614 0.042405
0 0.384485 0.669447 0.024915 0.050747
0 0.558890 0.083246 0.023405 0.040667
0 0.360042 0.537365 0.022084 0.046576
0 0.434598 0.229579 0.025104 0.043448
0 0.227067 0.051790 0.024915 0.059784
0 0.360230 0.584289 0.020574 0.041015
0 0.482729 0.176920 0.027369 0.050052
0 0.410815 0.810219 0.022084 0.053528
0 0.836165 0.431873 0.026048 0.053876
0 0.638071 0.664929 0.023971 0.047271
0 0.382031 0.126521 0.021518 0.043100
0 0.285391 0.815954 0.023405 0.039972
0 0.358154 0.178485 0.025104 0.050400
0 0.587769 0.033716 0.026048 0.047967
0 0.337014 0.719152 0.022839 0.050052
0 0.860325 0.621133 0.022650 0.048662
0 0.689128 0.853493 0.023783 0.048314
0 0.254908 0.099409 0.026614 0.045186
0 0.532465 0.082030 0.024538 0.038234
0 0.634202 0.120786 0.024915 0.044838
0 0.386938 0.851755 0.020008 0.044143
0 0.285013 0.445429 0.027558 0.046229
0 0.332201 0.134515 0.025293 0.043796
0 0.563892 0.758081 0.027369 0.047271
0 0.688562 0.704380 0.025293 0.046229
0 0.588901 0.749566 0.024160 0.041363
0 0.635523 0.620959 0.020763 0.041363
0 0.430445 0.090024 0.024349 0.050747
0 0.090883 0.597150 0.028501 0.054918
0 0.661665 0.220542 0.025481 0.044838
0 0.885428 0.026590 0.022273 0.052485
0 0.282182 0.225930 0.026048 0.048662
0 0.199226 0.234098 0.022839 0.046924
0 0.358154 0.224713 0.023216 0.041363
0 0.337863 0.765381 0.023405 0.039625
0 0.232163 0.911366 0.025670 0.044491
0 0.204134 0.728189 0.024726 0.051442
0 0.175349 0.411018 0.024160 0.042753
0 0.660910 0.174835 0.023594 0.045186
0 0.811816 0.609837 0.020385 0.040667
0 0.358532 0.131908 0.027746 0.043448
0 0.637127 0.306222 0.022084 0.052833
0 0.407984 0.217762 0.025481 0.042753
0 0.686674 0.123392 0.023783 0.049357
0 0.362118 0.856274 0.025481 0.040667
0 0.256323 0.721237 0.021895 0.047967
0 0.787561 0.658498 0.023971 0.044838
0 0.562760 0.943170 0.024726 0.047619
0 0.410344 0.357838 0.022650 0.038582
0 0.635617 0.257734 0.022839 0.042058
0 0.287939 0.861140 0.025859 0.047619
0 0.439034 0.953076 0.026048 0.042405
0 0.386844 0.804484 0.020951 0.044143
0 0.636089 0.213243 0.020008 0.046229
0 0.177709 0.637470 0.024349 0.047271
0 0.435825 0.355753 0.022273 0.046229
0 0.533503 0.122697 0.023971 0.044491
0 0.337108 0.667014 0.026048 0.052833
0 0.739241 0.390337 0.022084 0.042405
0 0.586542 0.167883 0.022839 0.046576
0 0.861552 0.568995 0.020196 0.047271
0 0.585976 0.700730 0.021329 0.045186
0 0.736599 0.030066 0.019819 0.043448
0 0.455455 0.174487 0.023028 0.044491
0 0.660910 0.126694 0.026614 0.048314
0 0.092865 0.647897 0.029823 0.048662
0 0.311438 0.677616 0.025293 0.049009
0 0.282465 0.136601 0.024349 0.041015
0 0.736316 0.120786 0.022650 0.039972
0 0.258305 0.842197 0.026236 0.044491
0 0.287844 0.960549 0.027935 0.053180
0 0.337675 0.808307 0.024538 0.046229
0 0.308985 0.268856 0.025670 0.037192
0 0.201208 0.408933 0.022650 0.036496
0 0.410438 0.313521 0.024349 0.045186
0 0.812382 0.707160 0.023405 0.049705
0 0.460929 0.536670 0.024160 0.050747
0 0.076444 0.189955 0.022650 0.046924
0 0.587863 0.393639 0.024726 0.042753
0 0.230370 0.864268 0.022084 0.044838
0 0.150245 0.550226 0.025293 0.051442
0 0.384862 0.621307 0.021895 0.042753
0 0.485277 0.265033 0.026803 0.048314
0 0.363345 0.903198 0.023028 0.038582
0 0.836636 0.842023 0.025104 0.045534
0 0.763496 0.658325 0.023028 0.047967
0 0.127312 0.455162 0.023594 0.040667
0 0.533314 0.035801 0.023594 0.046576
0 0.613250 0.300487 0.021140 0.045534
0 0.612307 0.347410 0.021140 0.041363
0 0.405908 0.083942 0.026236 0.049009
0 0.711778 0.028154 0.021895 0.039625
0 0.331918 0.179180 0.022084 0.043448
0 0.455927 0.085506 0.023594 0.042405
0 0.228105 0.675182 0.021706 0.047619
0 0.914496 0.569691 0.021895 0.044491
0 0.710929 0.074209 0.022084 0.044838
0 0.663930 0.896246 0.023971 0.042753
0 0.613533 0.890685 0.023216 0.047619
0 0.148358 0.051616 0.021895 0.049009
0 0.488581 0.763295 0.025481 0.054918
0 0.812571 0.345673 0.023405 0.042058
0 0.714421 0.665276 0.024538 0.041710
0 0.886844 0.660932 0.022461 0.053180
0 0.687712 0.801877 0.021706 0.046576
0 0.860042 0.710984 0.024349 0.049705
0 0.914119 0.657803 0.026425 0.044143
0 0.738203 0.166667 0.025670 0.047619
0 0.613911 0.844804 0.024349 0.031630
0 0.483107 0.036844 0.022839 0.042405
0 0.737071 0.608273 0.020763 0.037539
0 0.459607 0.225756 0.023028 0.053180
0 0.813892 0.206986 0.025293 0.043448
0 0.485277 0.623045 0.022650 0.046229
0 0.435447 0.714807 0.022650 0.044838
0 0.076161 0.099062 0.021706 0.038234
0 0.200264 0.282934 0.024915 0.051442
0 0.363533 0.954640 0.024915 0.053180
0 0.173179 0.185436 0.023216 0.048314
0 0.563326 0.804831 0.024349 0.042058
0 0.311816 0.770942 0.024160 0.049357
0 0.098905 0.092979 0.021140 0.049705
0 0.739996 0.941780 0.025481 0.047619
0 0.356738 0.040494 0.024160 0.051095
0 0.229143 0.770421 0.025670 0.046229
0 0.457248 0.037887 0.023594 0.048662
0 0.260853 0.957247 0.026048 0.037539
0 0.762552 0.707508 0.020763 0.048314
0 0.886561 0.794578 0.021895 0.043100
0 0.310778 0.722802 0.022084 0.041363
0 0.763684 0.388773 0.023783 0.042753
0 0.714043 0.756517 0.024915 0.049705
0 0.835787 0.159020 0.025670 0.044143
0 0.636750 0.355753 0.021706 0.042058
0 0.834938 0.655370 0.020951 0.040667
0 0.461589 0.806917 0.026991 0.046924
0 0.227256 0.281717 0.025670 0.045534
0 0.309551 0.585332 0.024160 0.045186
0 0.914874 0.612965 0.024160 0.039972
0 0.183937 0.959159 0.026991 0.045534
0 0.811721 0.655544 0.020574 0.045186
0 0.226312 0.185610 0.024160 0.045881
0 0.788033 0.749218 0.024915 0.045534
0 0.536051 0.216893 0.023028 0.039625
0 0.662137 0.527459 0.020385 0.040667
0 0.835976 0.611748 0.021140 0.038234
0 0.207626 0.911018 0.024538 0.041710
0 0.461684 0.713243 0.022273 0.040320
0 0.534730 0.309350 0.027180 0.046576
0 0.812571 0.793709 0.021140 0.040667
0 0.406757 0.174314 0.019630 0.040667
0 0.155059 0.925617 0.028124 0.052833
0 0.688184 0.299618 0.024538 0.047271
0 0.226501 0.542579 0.026425 0.046576
0 0.363156 0.810045 0.024915 0.051095
0 0.788411 0.387730 0.020763 0.040667
0 0.333900 0.367397 0.023405 0.037539
0 0.587958 0.258777 0.023028 0.047619
0 0.585976 0.119048 0.024726 0.045534
0 0.282371 0.180918 0.024538 0.040667
0 0.788599 0.884776 0.021895 0.045534
0 0.383352 0.362183 0.021518 0.042405
0 0.609853 0.122002 0.020763 0.048662
0 0.887410 0.569343 0.025859 0.043100
0 0.381748 0.083246 0.020951 0.031630
0 0.736221 0.075773 0.022084 0.042405
0 0.687429 0.217066 0.023028 0.047619
0 0.713949 0.708377 0.023971 0.044491
0 0.435730 0.536844 0.021329 0.045534
0 0.508116 0.079944 0.022650 0.034063
0 0.663080 0.701425 0.022273 0.042405
0 0.508116 0.174661 0.023028 0.044143
0 0.637882 0.574904 0.023594 0.047967
0 0.310023 0.629997 0.022461 0.043448
0 0.171857 0.097324 0.020196 0.045881
0 0.175160 0.367918 0.024538 0.046229
0 0.663741 0.803441 0.023216 0.040667
0 0.738675 0.296663 0.022461 0.050400
0 0.765949 0.943865 0.026425 0.048314
0 0.489524 0.813695 0.025104 0.043796
0 0.283314 0.271463 0.023028 0.038929
0 0.810589 0.115398 0.021329 0.043796
0 0.662514 0.654327 0.021140 0.037192
0 0.152039 0.452729 0.025481 0.043448
0 0.411665 0.667362 0.023028 0.038234
0 0.613439 0.663191 0.024538 0.050747
0 0.688373 0.575600 0.023783 0.041710
0 0.612684 0.169274 0.024915 0.041710
0 0.685825 0.075252 0.024349 0.042058
0 0.435730 0.909802 0.022839 0.038582
0 0.200736 0.330726 0.026236 0.044143
0 0.509060 0.121481 0.021895 0.046229
0 0.090695 0.701251 0.026991 0.058742
0 0.509626 0.396941 0.021518 0.034758
0 0.409305 0.400938 0.023216 0.040667
0 0.180068 0.685610 0.024915 0.049009
0 0.182710 0.779632 0.025293 0.045881
0 0.233390 0.961244 0.026991 0.049705
0 0.255946 0.142336 0.025670 0.043448
0 0.637599 0.438478 0.023028 0.044143
0 0.228388 0.723149 0.020763 0.044143
0 0.686014 0.172054 0.020951 0.042405
0 0.150529 0.599062 0.023216 0.044143
0 0.560778 0.129823 0.024538 0.044143
0 0.099943 0.189260 0.020196 0.045534
0 0.337675 0.858707 0.021895 0.039972
0 0.255191 0.448384 0.024915 0.049357
0 0.411759 0.900591 0.021706 0.047271
0 0.786806 0.196733 0.027746 0.050052
0 0.860419 0.113139 0.024349 0.044838
0 0.762458 0.163365 0.020574 0.042405
0 0.511042 0.220542 0.023971 0.044838
0 0.738864 0.800660 0.022839 0.039277
0 0.688373 0.619395 0.023405 0.045186
0 0.587486 0.656413 0.022461 0.036496
0 0.587014 0.437782 0.023028 0.043448
0 0.091166 0.549357 0.028313 0.042058
0 0.383447 0.314390 0.025104 0.046229
0 0.311533 0.450817 0.023971 0.044491
0 0.857116 0.024157 0.025293 0.042058
0 0.787278 0.703337 0.024160 0.042753
0 0.562854 0.709072 0.025293 0.047271
0 0.411759 0.759472 0.022839 0.045186
0 0.507361 0.308307 0.019630 0.044491
0 0.434975 0.805700 0.020951 0.042405
0 0.200547 0.449774 0.023216 0.045881
0 0.785957 0.569169 0.020385 0.044838
0 0.886278 0.523114 0.025104 0.048662
0 0.484428 0.311609 0.020574 0.043448
0 0.485372 0.397115 0.023216 0.043448
0 0.611646 0.213417 0.025481 0.044491
0 0.225462 0.325339 0.022461 0.043796
0 0.256040 0.185089 0.023971 0.037192
0 0.486221 0.442649 0.024160 0.044143
0 0.712722 0.119221 0.021140 0.040320
0 0.283786 0.541710 0.027369 0.047619
0 0.613628 0.752346 0.023028 0.046924
0 0.435919 0.446124 0.022461 0.040667
0 0.460740 0.449426 0.024538 0.054223
0 0.260098 0.916580 0.022273 0.036149
0 0.860891 0.347063 0.025293 0.042058
0 0.333994 0.535454 0.025859 0.042753
0 0.610985 0.075947 0.022273 0.039277
0 0.761703 0.116267 0.023216 0.045534
0 0.611552 0.527459 0.022273 0.046924
0 0.662797 0.752868 0.021706 0.052138
0 0.405247 0.042058 0.023405 0.041710
0 0.587391 0.571081 0.023405 0.045186
0 0.149773 0.145638 0.021329 0.044491
0 0.888448 0.429440 0.027180 0.044143
0 0.861646 0.666145 0.024160 0.040667
0 0.536618 0.757560 0.026803 0.049705
0 0.860230 0.068822 0.025104 0.043796
0 0.175821 0.544143 0.021706 0.039972
0 0.230653 0.816649 0.024538 0.042058
0 0.077860 0.455162 0.021329 0.045534
0 0.536334 0.660410 0.024726 0.043100
0 0.611457 0.706639 0.022839 0.043796
0 0.713288 0.889121 0.026803 0.038234
0 0.810023 0.163538 0.019441 0.042058
0 0.689034 0.661974 0.022839 0.039277
0 0.786146 0.110010 0.022273 0.043448
0 0.812005 0.839590 0.019630 0.043448
0 0.460457 0.397810 0.023594 0.034411
0 0.381937 0.039798 0.019819 0.047619
0 0.738014 0.344977 0.023028 0.042058
0 0.179974 0.730275 0.021706 0.043796
0 0.612495 0.031630 0.021518 0.041710
0 0.811438 0.750782 0.021895 0.036844
0 0.411665 0.857490 0.024915 0.038929
0 0.812571 0.937261 0.021518 0.048314
0 0.359003 0.361835 0.022650 0.045881
0 0.612495 0.432221 0.022650 0.046229
0 0.763684 0.346715 0.024538 0.040667
0 0.861080 0.159367 0.020763 0.044143
0 0.508494 0.356448 0.021895 0.042753
0 0.205077 0.865311 0.020951 0.048314
0 0.405530 0.133299 0.019441 0.037887
0 0.536429 0.261557 0.026425 0.041363
0 0.535579 0.353146 0.024726 0.040320
0 0.155625 0.874174 0.026236 0.045186
0 0.361174 0.626173 0.021706 0.039277
0 0.410815 0.535627 0.025481 0.044491
0 0.535013 0.529023 0.022084 0.052833
0 0.685825 0.029197 0.020196 0.041015
0 0.836636 0.568300 0.022839 0.042405
0 0.535768 0.393465 0.023594 0.042405
0 0.834843 0.521724 0.022650 0.044491
0 0.561438 0.574731 0.019819 0.038582
0 0.835976 0.934654 0.020763 0.044491
0 0.459985 0.620090 0.021895 0.041015
0 0.788222 0.614877 0.023405 0.043100
0 0.639109 0.856448 0.024538 0.038234
0 0.587958 0.305700 0.023028 0.045534
0 0.811533 0.519812 0.021706 0.040667
0 0.259909 0.880779 0.025293 0.030587
0 0.383447 0.538234 0.021706 0.037192
0 0.687146 0.346715 0.022461 0.042058
0 0.156191 0.825339 0.025104 0.042058
0 0.409966 0.623566 0.021895 0.041710
0 0.387316 0.717762 0.024915 0.042405
0 0.311061 0.817344 0.021895 0.042753
0 0.712344 0.164060 0.022273 0.044491
0 0.433277 0.271637 0.020574 0.039972
0 0.308135 0.087939 0.021329 0.037539
0 0.638826 0.895899 0.021329 0.037192
0 0.253586 0.048314 0.023594 0.053528
0 0.507833 0.040320 0.022461 0.043796
0 0.510193 0.529892 0.022650 0.051790
0 0.224802 0.234272 0.025293 0.047967
0 0.171385 0.050052 0.021140 0.046576
0 0.483201 0.221237 0.024915 0.038582
0 0.101453 0.454293 0.023216 0.045881
0 0.535579 0.706813 0.025104 0.047619
0 0.155059 0.776503 0.026991 0.045186
0 0.862590 0.853841 0.024915 0.052485
0 0.511891 0.759298 0.023028 0.054571
0 0.836259 0.204727 0.020574 0.043100
0 0.886844 0.613139 0.026236 0.043100
0 0.308607 0.040841 0.023783 0.046924
0 0.462816 0.756517 0.023783 0.044143
0 0.762458 0.526764 0.021706 0.051095
0 0.638448 0.810219 0.025104 0.047271
0 0.331257 0.086375 0.023783 0.046229
0 0.860891 0.800660 0.021518 0.049009
0 0.587769 0.847758 0.024160 0.045186
0 0.197244 0.047098 0.024538 0.045534
0 0.202624 0.589329 0.025859 0.049705
0 0.077388 0.142683 0.022273 0.044838
0 0.812382 0.301703 0.023028 0.045881
0 0.535674 0.617831 0.025293 0.039972
0 0.150434 0.271290 0.024538 0.036496
0 0.152794 0.684046 0.024726 0.036149
0 0.173650 0.318561 0.020385 0.043448
0 0.911948 0.021203 0.026236 0.038929
0 0.913269 0.707855 0.023971 0.045534
0 0.713005 0.802398 0.021706 0.037192
0 0.203567 0.681091 0.023971 0.039277
0 0.836920 0.888078 0.023405 0.041015
0 0.149302 0.320820 0.024915 0.051442
0 0.463760 0.954293 0.020385 0.039972
0 0.688279 0.391206 0.020951 0.037887
0 0.332861 0.041015 0.022084 0.041710
0 0.149868 0.409802 0.021895 0.037539
0 0.383541 0.579423 0.021895 0.039625
0 0.077671 0.280501 0.022839 0.043796
0 0.663175 0.571602 0.023594 0.043448
0 0.589279 0.798922 0.023783 0.046229
0 0.737920 0.210115 0.023216 0.040667
0 0.316063 0.958290 0.022839 0.052833
0 0.587203 0.212722 0.022273 0.041710
0 0.587863 0.351755 0.023971 0.042405
0 0.384107 0.448210 0.023783 0.037887
0 0.487071 0.953250 0.023216 0.051790
0 0.562476 0.665450 0.023028 0.038582
0 0.485089 0.667883 0.022650 0.037192
0 0.255851 0.276851 0.021706 0.043448
0 0.226501 0.364268 0.025670 0.033368
0 0.123348 0.098888 0.022084 0.044143
0 0.435730 0.403893 0.024349 0.043100
0 0.559834 0.035106 0.026048 0.047967
0 0.612212 0.255822 0.023216 0.037539
0 0.835504 0.112791 0.020196 0.042058
0 0.713571 0.936392 0.020951 0.037539
0 0.638543 0.762252 0.026425 0.047271
0 0.587675 0.615919 0.024349 0.036149
0 0.687901 0.436913 0.018686 0.040320
0 0.101453 0.412583 0.021329 0.035454
0 0.255191 0.229232 0.022650 0.043448
0 0.149113 0.367397 0.022650 0.036844
0 0.711117 0.209767 0.019441 0.042058
0 0.859098 0.522072 0.020196 0.044491
0 0.661382 0.303267 0.022650 0.045534
0 0.388071 0.899374 0.023028 0.046229
0 0.283409 0.401286 0.025104 0.038582
0 0.712627 0.436392 0.022461 0.040667
0 0.837108 0.795620 0.024160 0.045881
0 0.227256 0.144595 0.021140 0.031978
0 0.860608 0.755127 0.019064 0.034411
0 0.486410 0.711331 0.021518 0.046229
0 0.913930 0.797880 0.026048 0.039972
0 0.461023 0.357664 0.023594 0.038234
0 0.359475 0.668578 0.020574 0.038582
0 0.383541 0.406674 0.025293 0.045881
0 0.612873 0.389468 0.021518 0.037887
0 0.283126 0.720368 0.026048 0.050400
0 0.664496 0.846194 0.022839 0.044143
0 0.101076 0.278067 0.020951 0.038234
0 0.562288 0.173445 0.024160 0.041710
0 0.859853 0.298054 0.022461 0.053876
0 0.787184 0.840111 0.020196 0.034758
0 0.784730 0.065867 0.024349 0.026069
0 0.310778 0.407369 0.022839 0.041015
0 0.659117 0.078206 0.020385 0.045186
0 0.255002 0.543796 0.020763 0.047619
0 0.126368 0.412061 0.022461 0.042058
0 0.561910 0.617310 0.022650 0.046576
0 0.637505 0.711331 0.022839 0.042058
0 0.284447 0.769204 0.025670 0.050747
0 0.077954 0.414842 0.021518 0.037887
0 0.813137 0.251303 0.020763 0.041015
0 0.587486 0.895377 0.023971 0.044491
0 0.485561 0.578554 0.023216 0.039972
0 0.100227 0.234098 0.019630 0.042058
0 0.762363 0.757560 0.021518 0.046924
0 0.285013 0.363399 0.028313 0.035106
0 0.738109 0.249392 0.023971 0.037192
0 0.785391 0.026416 0.022650 0.043796
0 0.308041 0.133299 0.021140 0.048314
0 0.910815 0.064824 0.023216 0.036496
0 0.738297 0.434133 0.022839 0.041710
0 0.561344 0.530935 0.020385 0.044143
0 0.886467 0.707334 0.024726 0.038234
0 0.200264 0.543274 0.022273 0.037539
0 0.050963 0.236184 0.024538 0.048314
0 0.307758 0.318735 0.023216 0.043796
0 0.512929 0.948558 0.021706 0.046576
0 0.562854 0.354536 0.023028 0.039625
0 0.736693 0.566562 0.020763 0.034063
0 0.812665 0.887556 0.020951 0.043448
0 0.077105 0.236010 0.020574 0.041710
0 0.762646 0.570560 0.021329 0.035801
0 0.564270 0.260167 0.023594 0.037887
0 0.175821 0.270768 0.025104 0.043100
0 0.254624 0.403372 0.024538 0.038582
0 0.226501 0.396941 0.025670 0.034758
0 0.612590 0.571255 0.023971 0.040667
0 0.460551 0.319604 0.023405 0.040667
0 0.536146 0.576990 0.024726 0.041710
0 0.206871 0.814564 0.022273 0.044143
0 0.837014 0.066736 0.021329 0.036844
0 0.099755 0.046576 0.021329 0.036844
0 0.689411 0.898332 0.021329 0.039972
0 0.835881 0.250956 0.024726 0.047271
0 0.361552 0.760514 0.022084 0.036844
0 0.078520 0.328641 0.024160 0.042058
0 0.758966 0.069169 0.017365 0.044491
0 0.510476 0.708029 0.023216 0.038234
0 0.811438 0.387035 0.022273 0.042753
0 0.562005 0.216024 0.022839 0.044143
0 0.173367 0.141641 0.020574 0.034411
0 0.635712 0.165971 0.020385 0.044143
0 0.534447 0.439347 0.021706 0.046576
0 0.282371 0.625130 0.025293 0.035106
0 0.662042 0.611748 0.024349 0.033368
0 0.687712 0.259645 0.025104 0.034063
0 0.412797 0.950817 0.023783 0.048314
0 0.860797 0.429614 0.018309 0.038234
0 0.335976 0.580466 0.023028 0.047271
0 0.255474 0.322732 0.025104 0.039972
0 0.690072 0.942127 0.022273 0.042753
0 0.562193 0.443344 0.024349 0.042753
0 0.124858 0.287452 0.020574 0.040320
0 0.283314 0.583942 0.021518 0.034063
0 0.837108 0.748523 0.025670 0.043448
0 0.282182 0.669969 0.024915 0.039277
0 0.662797 0.436392 0.023971 0.044143
0 0.182616 0.868266 0.022839 0.045186
0 0.562854 0.848279 0.021895 0.042058
0 0.257361 0.797880 0.023594 0.040667
0 0.661948 0.261557 0.024160 0.035801
0 0.788505 0.338026 0.020574 0.043448
0 0.634862 0.031630 0.022084 0.046576
0 0.764251 0.300660 0.020763 0.047271
0 0.413080 0.580813 0.025481 0.045186
0 0.763684 0.611401 0.023405 0.046576
0 0.336070 0.623914 0.022084 0.032673
0 0.535579 0.948036 0.022839 0.038582
0 0.199981 0.183525 0.022839 0.049357
0 0.713005 0.295273 0.022839 0.048314
0 0.200264 0.134863 0.024915 0.046576
0 0.763024 0.431178 0.021329 0.040667
0 0.358720 0.446646 0.023216 0.050052
0 0.613817 0.613312 0.024538 0.042753
0 0.889958 0.933959 0.022650 0.047271
0 0.535674 0.902329 0.020008 0.048662
0 0.461778 0.864616 0.025481 0.037887
0 0.787373 0.794925 0.025481 0.037539
0 0.123915 0.333333 0.022461 0.049357
0 0.124009 0.202120 0.023405 0.050400
0 0.638260 0.396767 0.022084 0.037887
0 0.789449 0.937956 0.020574 0.051095
0 0.811533 0.067258 0.022461 0.046924
0 0.197810 0.091588 0.020008 0.037887
0 0.051151 0.280327 0.019253 0.040667
0 0.763307 0.807960 0.019630 0.044143
0 0.765666 0.857838 0.021329 0.047967
0 0.789071 0.290580 0.022084 0.038234
0 0.787656 0.432395 0.021140 0.045186
0 0.562099 0.892596 0.020008 0.041015
0 0.173556 0.229058 0.024349 0.036149
0 0.309362 0.365659 0.018498 0.043100
0 0.912892 0.752346 0.021706 0.042753
0 0.100227 0.320994 0.018498 0.037887
0 0.586259 0.529371 0.024538 0.041015
0 0.204983 0.772680 0.021518 0.036149
0 0.613156 0.799965 0.024726 0.044838
0 0.182616 0.824296 0.023594 0.043448
0 0.253869 0.363747 0.023405 0.042058
0 0.207531 0.957247 0.025859 0.047967
0 0.507550 0.261210 0.018120 0.039972
0 0.199981 0.371394 0.018309 0.036496
0 0.736504 0.523114 0.025670 0.036149
0 0.837297 0.382864 0.024160 0.044838
0 0.460646 0.580118 0.022839 0.036149
0 0.809740 0.022245 0.016988 0.035454
0 0.484051 0.353841 0.022084 0.036844
0 0.738675 0.707508 0.022461 0.045534
0 0.228105 0.591067 0.023216 0.045534
0 0.125330 0.373653 0.022273 0.033368
0 0.713194 0.616962 0.021329 0.048662
0 0.787750 0.522941 0.021706 0.044143
0 0.886938 0.071602 0.020763 0.035454
0 0.101170 0.368092 0.023028 0.043100
0 0.434881 0.315085 0.022650 0.035106
0 0.915345 0.934133 0.025104 0.044838
0 0.563137 0.308307 0.022839 0.046576
0 0.098245 0.141814 0.019064 0.043100
0 0.334560 0.405109 0.023594 0.042058
0 0.887033 0.110010 0.022084 0.032325
0 0.712061 0.249739 0.021329 0.034411
0 0.227633 0.632430 0.019630 0.035801
0 0.763118 0.208203 0.020763 0.047271
0 0.149302 0.185784 0.020385 0.033021
0 0.073990 0.050921 0.021895 0.046229
0 0.513779 0.898853 0.021518 0.047967
0 0.256134 0.592110 0.021895 0.050400
0 0.387599 0.759819 0.023216 0.037539
0 0.712439 0.347063 0.021329 0.042753
0 0.833050 0.023983 0.020574 0.037539
0 0.511419 0.440042 0.022084 0.045186
0 0.661948 0.347758 0.021140 0.035106
0 0.836070 0.297880 0.020196 0.042405
0 0.912137 0.108620 0.025481 0.045534
0 0.203662 0.633646 0.025670 0.038929
0 0.174972 0.450295 0.020763 0.035801
0 0.486127 0.534585 0.020574 0.046576
0 0.509815 0.582030 0.021140 0.046924
0 0.712439 0.571776 0.022084 0.040320
0 0.255379 0.637470 0.022273 0.041015
0 0.051246 0.188043 0.019441 0.042405
0 0.488392 0.864790 0.023216 0.054918
0 0.863722 0.936044 0.028690 0.045186
0 0.256606 0.761383 0.023594 0.031630
0 0.389203 0.952381 0.020763 0.043100
0 0.051529 0.326382 0.023405 0.045881
0 0.887599 0.841502 0.026236 0.045186
0 0.912986 0.385819 0.021140 0.041710
0 0.760098 0.023636 0.018120 0.034758
0 0.766233 0.897463 0.019064 0.037539
0 0.884957 0.749913 0.025859 0.041363
0 0.436202 0.617136 0.019630 0.035801
0 0.510193 0.669100 0.022273 0.036844
0 0.662042 0.389990 0.022461 0.045186
0 0.462627 0.911018 0.023405 0.036844
0 0.307946 0.538756 0.023971 0.047967
0 0.255002 0.676051 0.020385 0.032673
0 0.077388 0.370872 0.021518 0.043100
0 0.914307 0.840285 0.025670 0.041363
0 0.052945 0.414842 0.022839 0.037192
0 0.052850 0.463851 0.021140 0.050400
0 0.888637 0.345673 0.027558 0.039277
0 0.051435 0.370351 0.022084 0.042753
0 0.148924 0.226625 0.019630 0.042405
0 0.660815 0.028676 0.023405 0.043448
0 0.787184 0.246959 0.026991 0.046924
0 0.092865 0.746611 0.032843 0.031978
0 0.907418 0.892249 0.026236 0.038234
0 0.509909 0.631387 0.021329 0.038582
0 0.489241 0.909802 0.023028 0.032325
0 0.739619 0.756170 0.022084 0.044838
0 0.916761 0.432221 0.027180 0.053876
0 0.358154 0.401286 0.020574 0.041363
0 0.536618 0.811783 0.025293 0.055266
0 0.862590 0.896072 0.021895 0.029197
0 0.858626 0.206986 0.020385 0.045534
0 0.861929 0.385819 0.020574 0.034063
0 0.810872 0.427007 0.023028 0.035801
0 0.437052 0.578206 0.020196 0.029545
0 0.860891 0.250087 0.021895 0.039277
0 0.334371 0.446646 0.024726 0.038929
0 0.665157 0.944213 0.025670 0.044838
0 0.123820 0.248870 0.021140 0.034758
0 0.887977 0.884950 0.019819 0.041710
0 0.887222 0.385992 0.020574 0.039277
0 0.642507 0.943344 0.026803 0.043100
0 0.054455 0.051442 0.016421 0.037539
0 0.513684 0.852972 0.019819 0.038929
0 0.513779 0.810393 0.018498 0.036496
0 0.763684 0.251303 0.021518 0.042405
0 0.836731 0.343066 0.022650 0.029197
0 0.785579 0.151547 0.023405 0.035454
0 0.536146 0.853667 0.026614 0.042405
0 0.958381 0.120959 0.019819 0.052138
0 0.887316 0.152068 0.021895 0.034411
0 0.913269 0.152763 0.022839 0.035106
0 0.913080 0.345325 0.023594 0.043448
0 0.958286 0.066041 0.024915 0.050747
0 0.957531 0.020681 0.022273 0.037192
