0 0.854735 0.065223 0.228061 0.110906
0 0.844819 0.185635 0.212196 0.096118
0 0.842836 0.303935 0.212196 0.110906
0 0.833912 0.421706 0.214179 0.118299
0 0.834903 0.548455 0.224095 0.135199
0 0.840853 0.675733 0.235994 0.117243
0 0.820030 0.799313 0.214179 0.132031
0 0.814080 0.925535 0.202281 0.111962
0 0.614774 0.069976 0.228061 0.133087
0 0.612791 0.195141 0.208230 0.113018
0 0.616758 0.306047 0.224095 0.104568
0 0.606842 0.423290 0.216163 0.123581
0 0.593951 0.541590 0.206247 0.108793
0 0.600892 0.666227 0.204264 0.136256
0 0.594943 0.813045 0.220129 0.125693
0 0.386713 0.085820 0.216163 0.114074
0 0.384730 0.208872 0.208230 0.115131
0 0.384730 0.322947 0.196331 0.106681
0 0.383738 0.439134 0.230045 0.117243
0 0.376797 0.562715 0.212196 0.110906
0 0.357957 0.686823 0.194348 0.126749
0 0.365890 0.807763 0.226078 0.098231
0 0.372831 0.932928 0.239960 0.099287
0 0.162618 0.070504 0.251859 0.119356
0 0.143778 0.191973 0.222112 0.125693
0 0.154685 0.313969 0.224095 0.122524
0 0.145761 0.437550 0.214179 0.128862
0 0.140803 0.559018 0.208230 0.111962
0 0.146753 0.670452 0.216163 0.104568
0 0.141795 0.791920 0.218146 0.136256
0 0.139812 0.919725 0.222112 0.119356
