0 0.791447 0.667420 0.020846 0.025507
0 0.274791 0.553003 0.023963 0.021708
0 0.816579 0.552098 0.024742 0.023878
0 0.791935 0.459931 0.024547 0.021165
0 0.274011 0.371834 0.026690 0.025507
0 0.402688 0.642185 0.027664 0.019175
0 0.790863 0.551103 0.022794 0.021165
0 0.896747 0.235619 0.028054 0.022974
0 0.635204 0.661903 0.027469 0.020260
0 0.199396 0.122648 0.027080 0.024240
0 0.662965 0.167330 0.024937 0.018452
0 0.327391 0.415702 0.023963 0.022793
0 0.225696 0.146527 0.024352 0.026049
0 0.792129 0.483086 0.026106 0.022974
0 0.534775 0.147612 0.024937 0.026773
0 0.044126 0.143813 0.025911 0.025687
0 0.224138 0.031838 0.022794 0.022793
0 0.253263 0.167149 0.027664 0.022069
0 0.199591 0.164707 0.025521 0.023336
0 0.688778 0.709931 0.027080 0.023698
0 0.689558 0.572721 0.026690 0.020622
0 0.481687 0.391462 0.027859 0.022431
0 0.690142 0.121925 0.022404 0.022793
0 0.452854 0.688585 0.026300 0.023336
0 0.376778 0.593976 0.024547 0.021527
0 0.351354 0.346418 0.027469 0.022431
0 0.791642 0.191299 0.022014 0.026592
0 0.766803 0.417873 0.024157 0.017366
0 0.304695 0.213911 0.024937 0.024783
0 0.663744 0.234352 0.024157 0.024059
0 0.765926 0.437862 0.025521 0.021165
0 0.687999 0.686053 0.024352 0.023698
0 0.454607 0.665611 0.025132 0.024421
0 0.352231 0.121925 0.026106 0.023878
0 0.840347 0.893542 0.023183 0.020803
0 0.095948 0.303365 0.024742 0.023517
0 0.869764 0.528763 0.021625 0.024240
0 0.481395 0.056892 0.026106 0.023698
0 0.095656 0.552189 0.027274 0.023336
0 0.146308 0.797576 0.025716 0.022793
0 0.740697 0.053093 0.026495 0.023698
0 0.738944 0.703148 0.024157 0.023878
0 0.637444 0.100398 0.027664 0.020260
0 0.636470 0.150326 0.024937 0.020260
0 0.226768 0.172938 0.027274 0.025687
0 0.818332 0.054812 0.022794 0.026773
0 0.611533 0.188857 0.023768 0.025326
0 0.919832 0.303093 0.023963 0.020803
0 0.741477 0.481458 0.024937 0.019718
0 0.070427 0.301827 0.025911 0.021165
0 0.817358 0.575977 0.022794 0.023517
0 0.792324 0.099493 0.022989 0.020622
0 0.173388 0.166245 0.025326 0.023517
0 0.403370 0.733448 0.026300 0.019718
0 0.353205 0.097865 0.021820 0.023517
0 0.584161 0.191299 0.026690 0.023698
0 0.789207 0.804088 0.023378 0.024602
0 0.767290 0.058611 0.025911 0.021708
0 0.173778 0.302460 0.027274 0.022793
0 0.454413 0.708575 0.025911 0.020260
0 0.637152 0.032471 0.024352 0.022974
0 0.373661 0.883864 0.024157 0.024602
0 0.301968 0.099855 0.026106 0.023517
0 0.401812 0.371925 0.026300 0.023878
0 0.350088 0.887301 0.026106 0.026411
0 0.919930 0.280481 0.024547 0.025507
0 0.401130 0.877804 0.026885 0.020803
0 0.870154 0.342077 0.022794 0.023517
0 0.042081 0.188857 0.028833 0.020622
0 0.945256 0.685148 0.024547 0.024059
0 0.221313 0.682525 0.025716 0.026411
0 0.196474 0.616588 0.024352 0.024783
0 0.689071 0.053546 0.025326 0.024964
0 0.120105 0.551375 0.023963 0.022069
0 0.946523 0.408104 0.023963 0.021708
0 0.663939 0.187319 0.024547 0.018271
0 0.689460 0.415431 0.025326 0.022974
0 0.071888 0.234081 0.024547 0.022431
0 0.351549 0.640557 0.025911 0.020622
0 0.789889 0.779396 0.021235 0.025507
0 0.585135 0.322902 0.022014 0.022793
0 0.792422 0.389924 0.024742 0.021889
0 0.792422 0.410456 0.023573 0.019537
0 0.480616 0.346870 0.022989 0.020803
0 0.606858 0.929450 0.022599 0.025687
0 0.921099 0.034642 0.022209 0.028039
0 0.223261 0.597232 0.026885 0.023698
0 0.401909 0.804812 0.027664 0.025687
0 0.944964 0.553003 0.019287 0.020984
0 0.172998 0.213821 0.024157 0.020984
0 0.844243 0.684606 0.025521 0.025145
0 0.868888 0.232001 0.024937 0.024421
0 0.274888 0.528220 0.022989 0.024602
0 0.375317 0.571545 0.023183 0.018994
0 0.636567 0.301194 0.023183 0.020622
0 0.587181 0.123553 0.025716 0.026411
0 0.584648 0.597956 0.023768 0.024059
0 0.663257 0.387663 0.025521 0.024240
0 0.299143 0.803274 0.026690 0.022612
0 0.124099 0.144356 0.026495 0.021346
0 0.278102 0.236252 0.027080 0.023155
0 0.791253 0.166064 0.022404 0.024240
0 0.818430 0.121020 0.022599 0.025326
0 0.223164 0.392185 0.025521 0.022793
0 0.895480 0.189128 0.028638 0.025145
0 0.944574 0.621744 0.021625 0.024602
0 0.791058 0.844157 0.026690 0.028401
0 0.453341 0.146436 0.022209 0.022250
0 0.611338 0.034009 0.023378 0.024602
0 0.277128 0.145622 0.023963 0.023517
0 0.480323 0.215539 0.022404 0.024059
0 0.559030 0.620658 0.025132 0.018813
0 0.790668 0.935148 0.023573 0.022250
0 0.328463 0.148155 0.024157 0.023517
0 0.791740 0.641462 0.020651 0.026411
0 0.042275 0.779034 0.030392 0.031295
0 0.895091 0.098046 0.026690 0.024602
0 0.043347 0.369483 0.026690 0.020080
0 0.248101 0.940485 0.026690 0.021708
0 0.844048 0.709841 0.024742 0.023878
0 0.558835 0.077876 0.024742 0.022612
0 0.070037 0.121201 0.023963 0.022431
0 0.404734 0.123372 0.024352 0.025326
0 0.403370 0.481910 0.028638 0.022069
0 0.869959 0.552732 0.021235 0.023336
0 0.509156 0.233719 0.027080 0.024240
0 0.767387 0.332127 0.024937 0.021708
0 0.119326 0.528220 0.025911 0.023878
0 0.328463 0.235166 0.023378 0.023878
0 0.791155 0.434877 0.023378 0.025687
0 0.199299 0.054179 0.026495 0.022974
0 0.505845 0.641823 0.022404 0.022793
0 0.169394 0.842077 0.021625 0.021346
0 0.197253 0.528853 0.025911 0.025145
0 0.689460 0.165973 0.021820 0.023336
0 0.894798 0.142457 0.028054 0.024059
0 0.612994 0.076791 0.025132 0.023698
0 0.818235 0.415521 0.026495 0.021708
0 0.043152 0.119573 0.026300 0.022069
0 0.918664 0.824258 0.025521 0.022612
0 0.609780 0.729016 0.023768 0.024602
0 0.765439 0.597865 0.022599 0.026049
0 0.224917 0.302279 0.024352 0.020984
0 0.892753 0.416335 0.025911 0.024059
0 0.275278 0.393452 0.024937 0.017366
0 0.355737 0.210474 0.025716 0.022612
0 0.893922 0.704957 0.024352 0.019899
0 0.715566 0.953057 0.031950 0.023336
0 0.819014 0.143361 0.024157 0.018271
0 0.894798 0.551646 0.027274 0.022612
0 0.094584 0.685058 0.023183 0.021708
0 0.816774 0.346690 0.022404 0.025507
0 0.920709 0.623010 0.023378 0.020260
0 0.380382 0.236252 0.022794 0.024602
0 0.454510 0.078419 0.029612 0.023336
0 0.042470 0.051646 0.024547 0.025145
0 0.278687 0.212102 0.026300 0.024059
0 0.375122 0.910546 0.022404 0.025507
0 0.741672 0.301737 0.024547 0.019899
0 0.172609 0.350398 0.026495 0.024602
0 0.789499 0.889562 0.025911 0.021527
0 0.401422 0.683973 0.026300 0.024240
0 0.248588 0.714725 0.021040 0.026773
0 0.251802 0.118940 0.023573 0.022612
0 0.894798 0.528310 0.026106 0.023336
0 0.453926 0.056078 0.027274 0.022069
0 0.611631 0.301827 0.025132 0.020441
0 0.404831 0.076429 0.024157 0.023336
0 0.248782 0.596780 0.024937 0.024602
0 0.584941 0.033828 0.025911 0.023878
0 0.481590 0.729920 0.025326 0.022793
0 0.453341 0.459660 0.025716 0.023878
0 0.690045 0.345876 0.025716 0.021346
0 0.327976 0.123010 0.023183 0.027496
0 0.454413 0.436957 0.025132 0.021527
0 0.401520 0.926556 0.026106 0.020622
0 0.224235 0.415340 0.026885 0.020260
0 0.507890 0.372015 0.024937 0.025507
0 0.610851 0.529124 0.022404 0.027496
0 0.480616 0.281567 0.023378 0.023336
0 0.377460 0.076158 0.024742 0.025326
0 0.224333 0.054902 0.024742 0.021527
0 0.350964 0.910908 0.024742 0.022612
0 0.792032 0.120025 0.022794 0.018271
0 0.559322 0.322359 0.024157 0.024964
0 0.326125 0.572630 0.023378 0.022974
0 0.170660 0.326067 0.027274 0.023698
0 0.353302 0.145532 0.022794 0.022974
0 0.945548 0.708303 0.023183 0.023336
0 0.480908 0.461650 0.026690 0.023155
0 0.275375 0.477840 0.027469 0.022974
0 0.508864 0.146708 0.028054 0.020984
0 0.713618 0.776230 0.022989 0.021346
0 0.869277 0.054721 0.026495 0.023336
0 0.303331 0.147431 0.024937 0.018090
0 0.946133 0.529848 0.021235 0.024964
0 0.534970 0.217438 0.026106 0.019537
0 0.636080 0.596509 0.023768 0.024059
0 0.766900 0.571093 0.023963 0.024602
0 0.585330 0.213549 0.026300 0.021165
0 0.401422 0.902135 0.026690 0.026049
0 0.274401 0.594519 0.024742 0.022974
0 0.894604 0.728835 0.026106 0.020260
0 0.843951 0.191299 0.025326 0.023698
0 0.482272 0.104649 0.026690 0.028763
0 0.611728 0.100217 0.025716 0.021708
0 0.741379 0.322902 0.025132 0.023517
0 0.740795 0.189038 0.026690 0.023878
0 0.739723 0.412355 0.023768 0.026230
0 0.789889 0.733719 0.021625 0.022069
0 0.790279 0.529034 0.022404 0.024421
0 0.689363 0.324349 0.020066 0.021346
0 0.767095 0.308158 0.023573 0.027315
0 0.199981 0.188133 0.027080 0.022793
0 0.741866 0.527496 0.026106 0.020260
0 0.199299 0.143723 0.024937 0.015738
0 0.325054 0.459569 0.023573 0.022250
0 0.790766 0.344519 0.022989 0.021889
0 0.172414 0.459027 0.027664 0.020803
0 0.172316 0.097775 0.023963 0.021889
0 0.224820 0.119483 0.024547 0.025507
0 0.792616 0.321997 0.022014 0.023155
0 0.532535 0.554179 0.024742 0.025868
0 0.690240 0.100036 0.027274 0.019175
0 0.532632 0.479106 0.022599 0.025868
0 0.300701 0.347323 0.023183 0.021708
0 0.636665 0.481639 0.025326 0.024059
0 0.765147 0.707489 0.024352 0.018090
0 0.301383 0.459389 0.024547 0.022250
0 0.611631 0.346056 0.025521 0.023155
0 0.480129 0.616588 0.025911 0.023336
0 0.349698 0.775326 0.025326 0.021346
0 0.324177 0.893904 0.022209 0.024783
0 0.612020 0.415069 0.024742 0.025145
0 0.095656 0.596237 0.021820 0.025326
0 0.349990 0.952514 0.020846 0.025868
0 0.172316 0.051013 0.024742 0.022793
0 0.378239 0.148155 0.022794 0.022793
0 0.662575 0.209027 0.022989 0.023336
0 0.330801 0.170134 0.028054 0.019718
0 0.946912 0.432525 0.022014 0.026049
0 0.818138 0.185601 0.026300 0.017728
0 0.920320 0.434606 0.026885 0.025145
0 0.739723 0.438404 0.025716 0.024783
0 0.507111 0.348318 0.024157 0.023336
0 0.404929 0.168234 0.026690 0.026411
0 0.817066 0.209389 0.024547 0.026230
0 0.275083 0.710745 0.025326 0.022793
0 0.301870 0.391643 0.023573 0.019175
0 0.843853 0.387120 0.024742 0.023517
0 0.585135 0.097051 0.024742 0.025507
0 0.302844 0.076158 0.025521 0.022431
0 0.792616 0.142818 0.023963 0.021527
0 0.663063 0.551465 0.021625 0.021527
0 0.818138 0.392004 0.025521 0.023878
0 0.404929 0.322902 0.028249 0.022069
0 0.535457 0.196274 0.025521 0.021346
0 0.560783 0.529034 0.024352 0.024421
0 0.637639 0.123281 0.024547 0.025868
0 0.145237 0.842529 0.023573 0.025145
0 0.531755 0.435962 0.023573 0.022069
0 0.662381 0.459208 0.025326 0.023336
0 0.506234 0.616860 0.024352 0.023878
0 0.634911 0.817203 0.024937 0.028039
0 0.818819 0.234986 0.026106 0.021346
0 0.042178 0.579504 0.023963 0.028039
0 0.302065 0.414526 0.023573 0.023698
0 0.686148 0.894266 0.021430 0.024059
0 0.686928 0.845152 0.026106 0.028582
0 0.664037 0.344971 0.024742 0.020260
0 0.842392 0.779667 0.022209 0.029667
0 0.453926 0.640286 0.024157 0.025868
0 0.276641 0.122106 0.028054 0.021346
0 0.741379 0.460474 0.024742 0.021889
0 0.690240 0.235619 0.027664 0.025868
0 0.349795 0.591624 0.022404 0.022612
0 0.170368 0.569826 0.026690 0.022793
0 0.068284 0.844428 0.024742 0.023155
0 0.610851 0.553998 0.024352 0.021889
0 0.816384 0.529577 0.023963 0.022974
0 0.767095 0.458846 0.025521 0.021889
0 0.945841 0.096780 0.024937 0.023155
0 0.402786 0.347142 0.023963 0.026049
0 0.559906 0.598860 0.027274 0.025145
0 0.349795 0.840268 0.022404 0.022431
0 0.147575 0.211921 0.024352 0.019356
0 0.275180 0.301737 0.025911 0.021346
0 0.663939 0.301465 0.024937 0.022250
0 0.739139 0.797124 0.023378 0.023698
0 0.197838 0.370478 0.022794 0.022069
0 0.664329 0.076248 0.025326 0.026230
0 0.921099 0.457580 0.026885 0.020803
0 0.689850 0.078148 0.024937 0.023517
0 0.302942 0.053365 0.025326 0.024964
0 0.146211 0.413712 0.026690 0.023878
0 0.559030 0.433792 0.025911 0.022431
0 0.146503 0.300380 0.026106 0.022974
0 0.664816 0.098679 0.023963 0.017909
0 0.584843 0.641914 0.027664 0.020803
0 0.560881 0.550651 0.025716 0.020984
0 0.763004 0.796219 0.023963 0.021889
0 0.376096 0.322540 0.024742 0.023517
0 0.585720 0.479649 0.026690 0.024059
0 0.119618 0.794591 0.026885 0.018632
0 0.095363 0.906747 0.023573 0.024059
0 0.662088 0.707580 0.024352 0.021165
0 0.842879 0.365232 0.024742 0.020260
0 0.533606 0.389110 0.025326 0.023155
0 0.069258 0.777496 0.023963 0.026049
0 0.844243 0.573173 0.027469 0.022974
0 0.945841 0.346690 0.024157 0.020080
0 0.557374 0.665159 0.020651 0.027858
0 0.225891 0.194555 0.024352 0.016823
0 0.480031 0.595242 0.026106 0.020080
0 0.454510 0.211831 0.023768 0.028582
0 0.353887 0.168868 0.021235 0.024059
0 0.817553 0.321364 0.025521 0.021889
0 0.688973 0.210293 0.026300 0.024059
0 0.507403 0.551556 0.022404 0.019175
0 0.093805 0.527768 0.021625 0.026230
0 0.223456 0.369573 0.026885 0.023155
0 0.690629 0.144537 0.023378 0.018452
0 0.715566 0.412355 0.025326 0.019356
0 0.453146 0.593795 0.026885 0.018632
0 0.120203 0.642457 0.024157 0.022250
0 0.611241 0.463549 0.025521 0.022612
0 0.507306 0.684334 0.024157 0.023517
0 0.273524 0.662355 0.025326 0.024059
0 0.607247 0.796581 0.023768 0.020803
0 0.248782 0.284732 0.020261 0.027858
0 0.894798 0.596147 0.022989 0.022612
0 0.273524 0.687048 0.022989 0.025326
0 0.221703 0.706223 0.026495 0.019899
0 0.351159 0.415702 0.020456 0.024964
0 0.843659 0.549928 0.026300 0.021708
0 0.636860 0.461921 0.023378 0.016100
0 0.714787 0.616498 0.022599 0.022069
0 0.377167 0.052189 0.022209 0.022250
0 0.098480 0.436053 0.027469 0.020803
0 0.274206 0.731639 0.023963 0.018994
0 0.791350 0.958122 0.025716 0.022250
0 0.122638 0.321907 0.025911 0.020441
0 0.944867 0.301646 0.024157 0.017185
0 0.042763 0.346690 0.027859 0.024783
0 0.377362 0.031114 0.021040 0.021708
0 0.713618 0.978654 0.030002 0.023878
0 0.842685 0.166787 0.020456 0.023155
0 0.842685 0.344428 0.026690 0.022069
0 0.223553 0.074349 0.025521 0.017728
0 0.560491 0.033828 0.022989 0.022793
0 0.740016 0.572811 0.024352 0.019718
0 0.042275 0.413350 0.028054 0.022793
0 0.402688 0.855101 0.027274 0.021708
0 0.532145 0.528491 0.023963 0.024783
0 0.633353 0.934425 0.027664 0.028763
0 0.169784 0.729197 0.023963 0.022069
0 0.169199 0.615141 0.023183 0.022974
0 0.791935 0.076791 0.022989 0.024421
0 0.324859 0.805897 0.023963 0.025687
0 0.377070 0.688314 0.022794 0.018090
0 0.714689 0.059063 0.025911 0.028401
0 0.817456 0.482091 0.028054 0.025687
0 0.041399 0.550289 0.026690 0.030029
0 0.274401 0.845333 0.022794 0.024602
0 0.072375 0.212464 0.027080 0.019356
0 0.195500 0.777135 0.025132 0.026773
0 0.198227 0.212735 0.024742 0.024240
0 0.329047 0.097504 0.024547 0.021708
0 0.301091 0.368940 0.023963 0.020080
0 0.636372 0.415973 0.023963 0.024421
0 0.453146 0.124457 0.026106 0.021708
0 0.865965 0.872015 0.024157 0.026954
0 0.481395 0.326339 0.024937 0.023878
0 0.479739 0.130427 0.026300 0.023155
0 0.817261 0.300923 0.021820 0.018632
0 0.660822 0.885311 0.027274 0.019899
0 0.507208 0.529577 0.026690 0.027315
0 0.172901 0.279667 0.025521 0.023517
0 0.404247 0.281386 0.026495 0.024059
0 0.305085 0.190394 0.022989 0.020080
0 0.402299 0.661451 0.026106 0.016823
0 0.194136 0.706042 0.025132 0.024240
0 0.766219 0.352569 0.021820 0.019537
0 0.919248 0.577514 0.022794 0.024783
0 0.247224 0.528130 0.024937 0.024421
0 0.069940 0.052370 0.025716 0.021527
0 0.791837 0.054812 0.024352 0.018813
0 0.304890 0.237156 0.025716 0.019175
0 0.815410 0.799475 0.024742 0.020803
0 0.405124 0.595966 0.029417 0.024059
0 0.918469 0.778130 0.022794 0.021527
0 0.481005 0.368759 0.023378 0.021889
0 0.843756 0.596509 0.025326 0.024059
0 0.663257 0.617855 0.023183 0.020803
0 0.453049 0.101031 0.025911 0.023698
0 0.147477 0.190033 0.024547 0.022612
0 0.199493 0.299747 0.022989 0.017728
0 0.689558 0.530119 0.023573 0.026592
0 0.664329 0.323354 0.026106 0.022250
0 0.302552 0.125090 0.024547 0.025507
0 0.301383 0.729197 0.022989 0.025326
0 0.637736 0.323354 0.024742 0.023698
0 0.663452 0.120206 0.028638 0.020441
0 0.453146 0.574077 0.026495 0.020803
0 0.609195 0.841534 0.027664 0.021708
0 0.251510 0.075886 0.025716 0.022250
0 0.611046 0.212916 0.025132 0.021708
0 0.095948 0.188404 0.024742 0.020803
0 0.688973 0.188766 0.024352 0.019356
0 0.661601 0.930626 0.026885 0.024783
0 0.715663 0.321364 0.022014 0.021527
0 0.326612 0.732091 0.022794 0.024602
0 0.508377 0.100760 0.023963 0.026411
0 0.740990 0.363603 0.025132 0.023878
0 0.636957 0.619030 0.025521 0.021346
0 0.663355 0.664436 0.024157 0.019175
0 0.325151 0.323173 0.024937 0.023336
0 0.610559 0.597142 0.022209 0.022431
0 0.044224 0.234624 0.025716 0.021346
0 0.350380 0.369935 0.026690 0.023878
0 0.814728 0.888748 0.022599 0.027858
0 0.766511 0.125271 0.023963 0.027315
0 0.198909 0.323263 0.023768 0.024602
0 0.173290 0.074801 0.024352 0.022974
0 0.865868 0.894899 0.025132 0.019537
0 0.920027 0.323082 0.024742 0.018452
0 0.279369 0.168958 0.027274 0.021346
0 0.919540 0.688043 0.022599 0.025868
0 0.197838 0.074891 0.024352 0.017728
0 0.276252 0.324891 0.028054 0.023517
0 0.323787 0.779305 0.021820 0.026773
0 0.740697 0.343433 0.023378 0.017909
0 0.349503 0.526321 0.024157 0.020803
0 0.197740 0.638748 0.025716 0.018452
0 0.302065 0.480915 0.026690 0.020441
0 0.248198 0.687500 0.021430 0.028401
0 0.121177 0.347685 0.022599 0.028944
0 0.716735 0.148064 0.025716 0.024059
0 0.741282 0.387301 0.025326 0.022069
0 0.479739 0.659732 0.027080 0.018813
0 0.300799 0.301103 0.024937 0.021165
0 0.070134 0.348318 0.024547 0.024059
0 0.404150 0.192384 0.024742 0.022974
0 0.867426 0.801284 0.023183 0.017185
0 0.661991 0.412265 0.026106 0.023517
0 0.508475 0.032381 0.024547 0.025326
0 0.326417 0.685872 0.024352 0.019718
0 0.585428 0.236523 0.027274 0.023698
0 0.199104 0.347865 0.021040 0.021708
0 0.250049 0.142818 0.024352 0.023698
0 0.405026 0.098408 0.024937 0.023517
0 0.534872 0.097865 0.026690 0.023155
0 0.350867 0.302641 0.021820 0.020984
0 0.376388 0.299747 0.024547 0.018090
0 0.714300 0.190937 0.023963 0.020441
0 0.480518 0.151592 0.027469 0.020984
0 0.763978 0.775687 0.023573 0.018452
0 0.584941 0.346237 0.021625 0.022069
0 0.197545 0.419591 0.023378 0.022974
0 0.533022 0.683158 0.028054 0.022612
0 0.481979 0.078962 0.024937 0.023698
0 0.480518 0.303093 0.023183 0.021889
0 0.480323 0.572630 0.029028 0.021889
0 0.766511 0.079323 0.023963 0.018994
0 0.351841 0.709389 0.022209 0.025145
0 0.766608 0.100398 0.024937 0.023155
0 0.637736 0.549114 0.023183 0.019718
0 0.221898 0.548390 0.024937 0.021165
0 0.042957 0.390557 0.025911 0.020984
0 0.739529 0.727750 0.022989 0.025687
0 0.715663 0.550561 0.024742 0.021165
0 0.247126 0.661541 0.024742 0.023517
0 0.221995 0.729106 0.022794 0.025507
0 0.375901 0.794772 0.025132 0.025507
0 0.869375 0.482091 0.021625 0.022793
0 0.146503 0.350308 0.024937 0.024421
0 0.145919 0.324711 0.022989 0.025687
0 0.402396 0.302370 0.022794 0.018271
0 0.096337 0.326520 0.025132 0.021708
0 0.766998 0.150054 0.024157 0.022974
0 0.763199 0.905300 0.028638 0.022974
0 0.095169 0.350398 0.023963 0.025687
0 0.044224 0.212464 0.028833 0.021889
0 0.069550 0.433973 0.024547 0.021708
0 0.452464 0.031928 0.024352 0.025868
0 0.247516 0.778491 0.022404 0.025868
0 0.844341 0.411360 0.022989 0.023517
0 0.715274 0.033556 0.024742 0.023336
0 0.094681 0.795134 0.023378 0.015738
0 0.505552 0.482724 0.020261 0.020441
0 0.894409 0.681078 0.022599 0.026773
0 0.869764 0.076248 0.022794 0.018994
0 0.714884 0.434877 0.022014 0.023517
0 0.400740 0.709389 0.021040 0.025868
0 0.611436 0.370297 0.025132 0.024602
0 0.791740 0.366860 0.021820 0.022793
0 0.712449 0.817746 0.021820 0.026230
0 0.533022 0.662808 0.024547 0.017366
0 0.453146 0.551013 0.024157 0.025687
0 0.249269 0.575615 0.025911 0.019175
0 0.222287 0.572992 0.022209 0.024421
0 0.273914 0.868035 0.023378 0.017909
0 0.814826 0.730554 0.023573 0.018994
0 0.637444 0.391733 0.024547 0.023336
0 0.818332 0.079414 0.025911 0.019537
0 0.637639 0.346056 0.022599 0.021346
0 0.586402 0.437862 0.027274 0.022612
0 0.225891 0.458032 0.028249 0.020984
0 0.840931 0.802732 0.025132 0.020080
0 0.893532 0.073444 0.022794 0.022793
0 0.713910 0.662446 0.022404 0.023517
0 0.921878 0.130246 0.023378 0.027496
0 0.198909 0.031205 0.023378 0.021527
0 0.661699 0.053726 0.025911 0.018813
0 0.220826 0.776773 0.023183 0.024602
0 0.741574 0.101393 0.025911 0.022250
0 0.069940 0.144266 0.026106 0.017909
0 0.325248 0.597142 0.023963 0.024602
0 0.715176 0.124186 0.024157 0.026592
0 0.096922 0.143632 0.022794 0.018813
0 0.248101 0.552460 0.022404 0.024964
0 0.325638 0.918958 0.025132 0.025687
0 0.481492 0.032109 0.024742 0.026954
0 0.763296 0.841353 0.026495 0.023517
0 0.687415 0.798209 0.022014 0.024783
0 0.070232 0.456766 0.023963 0.024240
0 0.481200 0.437681 0.026885 0.028039
0 0.248880 0.915069 0.025132 0.024059
0 0.096630 0.118759 0.024157 0.026592
0 0.559712 0.572992 0.022209 0.022974
0 0.634911 0.685058 0.024157 0.023517
0 0.919443 0.407742 0.025521 0.025687
0 0.095071 0.279848 0.023768 0.023517
0 0.559127 0.641281 0.025326 0.020622
0 0.303526 0.168054 0.020261 0.022431
0 0.096727 0.051465 0.025132 0.019356
0 0.069258 0.323897 0.025521 0.024059
0 0.454218 0.303636 0.023183 0.024783
0 0.816579 0.778491 0.024352 0.021889
0 0.715079 0.300832 0.023183 0.020622
0 0.144652 0.526140 0.021235 0.020080
0 0.944380 0.800832 0.023183 0.022069
0 0.662868 0.731368 0.021235 0.022069
0 0.610657 0.617583 0.022794 0.015557
0 0.070621 0.075072 0.027469 0.022793
0 0.716345 0.458755 0.024937 0.023878
0 0.118644 0.817384 0.028443 0.023336
0 0.299727 0.705952 0.024742 0.017909
0 0.070037 0.616950 0.022014 0.023336
0 0.198812 0.444284 0.026300 0.026411
0 0.197156 0.571997 0.021430 0.024240
0 0.147769 0.166335 0.023573 0.022974
0 0.585428 0.413802 0.023378 0.019356
0 0.097312 0.416787 0.025911 0.018090
0 0.479934 0.551556 0.025911 0.020260
0 0.844535 0.142004 0.025326 0.026049
0 0.354958 0.235347 0.025326 0.024964
0 0.814046 0.864598 0.025911 0.020803
0 0.869959 0.164888 0.024742 0.018994
0 0.402104 0.395622 0.025326 0.023155
0 0.895967 0.166245 0.026885 0.021346
0 0.327002 0.436957 0.022404 0.018271
0 0.610851 0.574801 0.025132 0.020441
0 0.611144 0.323173 0.024157 0.022250
0 0.400351 0.829143 0.023378 0.024059
0 0.634911 0.909370 0.024547 0.022431
0 0.301383 0.529396 0.022209 0.024421
0 0.351744 0.324801 0.024352 0.021165
0 0.866939 0.779577 0.020651 0.025507
0 0.377947 0.279305 0.024547 0.020622
0 0.686830 0.920948 0.020456 0.027496
0 0.506624 0.303546 0.023963 0.020622
0 0.376583 0.431892 0.023768 0.022612
0 0.686538 0.870839 0.020261 0.022069
0 0.376096 0.368578 0.021625 0.022974
0 0.298948 0.825705 0.024352 0.021527
0 0.325833 0.369844 0.025521 0.023336
0 0.378044 0.170315 0.023183 0.022250
0 0.922365 0.234895 0.024742 0.022974
0 0.325930 0.547938 0.021040 0.023517
0 0.040522 0.322721 0.026106 0.023517
0 0.096143 0.166425 0.021235 0.021708
0 0.119326 0.683430 0.026300 0.021708
0 0.348919 0.797847 0.024547 0.022250
0 0.330508 0.191570 0.026690 0.020984
0 0.713326 0.170224 0.022014 0.022793
0 0.506721 0.571545 0.025716 0.020441
0 0.789889 0.573263 0.023183 0.023878
0 0.918664 0.664164 0.022404 0.022612
0 0.375317 0.936053 0.023963 0.024059
0 0.870738 0.460384 0.022794 0.020622
0 0.716053 0.481910 0.026300 0.022793
0 0.843074 0.056892 0.023573 0.023698
0 0.041983 0.300832 0.023183 0.021346
0 0.070329 0.592800 0.028443 0.021708
0 0.611825 0.165792 0.025521 0.019356
0 0.324372 0.831585 0.022209 0.025326
0 0.917105 0.800470 0.022014 0.025326
0 0.508669 0.168596 0.026885 0.024602
0 0.402396 0.568379 0.024742 0.027135
0 0.792909 0.281386 0.022209 0.023336
0 0.610559 0.638477 0.023768 0.022974
0 0.869569 0.186867 0.025521 0.022793
0 0.480129 0.638929 0.025911 0.020622
0 0.298851 0.778582 0.021040 0.025326
0 0.790863 0.690213 0.022794 0.017185
0 0.636665 0.214906 0.023768 0.019537
0 0.559809 0.235980 0.021625 0.024783
0 0.071206 0.392366 0.023963 0.025326
0 0.560588 0.102388 0.026300 0.027858
0 0.815215 0.840720 0.024352 0.022612
0 0.739139 0.550742 0.023378 0.025868
0 0.300604 0.323806 0.021430 0.025687
0 0.197156 0.550289 0.024547 0.017728
0 0.173680 0.190123 0.022014 0.025326
0 0.947302 0.188857 0.025132 0.022069
0 0.094779 0.661451 0.024742 0.021889
0 0.635398 0.641190 0.023573 0.022250
0 0.763296 0.884226 0.025326 0.019537
0 0.844925 0.118126 0.024937 0.019175
0 0.225696 0.322721 0.025521 0.021346
0 0.534970 0.173842 0.026885 0.023878
0 0.350185 0.862247 0.022404 0.017909
0 0.404052 0.436505 0.027274 0.020260
0 0.480421 0.483448 0.026106 0.019356
0 0.041009 0.805535 0.028249 0.019175
0 0.869180 0.098679 0.021625 0.025145
0 0.145626 0.819645 0.025132 0.019537
0 0.070427 0.368940 0.021625 0.020080
0 0.378044 0.098499 0.025132 0.018994
0 0.949347 0.232001 0.024547 0.024421
0 0.740795 0.077786 0.022794 0.026411
0 0.659556 0.841715 0.022014 0.022069
0 0.581823 0.708122 0.023963 0.021527
0 0.039743 0.955771 0.026885 0.025145
0 0.738067 0.821545 0.021235 0.025868
0 0.401714 0.526592 0.027664 0.023155
0 0.921001 0.057797 0.023963 0.016823
0 0.148451 0.121020 0.026106 0.021346
0 0.093610 0.639562 0.023573 0.022250
0 0.170660 0.592529 0.027664 0.018994
0 0.843853 0.619302 0.024742 0.020441
0 0.168420 0.683339 0.022404 0.022974
0 0.220047 0.913079 0.025911 0.020803
0 0.302162 0.437862 0.023768 0.021527
0 0.095071 0.029396 0.024157 0.019718
0 0.170076 0.864870 0.024157 0.021708
0 0.224820 0.435781 0.028054 0.019537
0 0.326904 0.481820 0.026495 0.020803
0 0.611728 0.441299 0.022209 0.025145
0 0.506819 0.416425 0.025521 0.023517
0 0.920709 0.642637 0.023378 0.017909
0 0.663355 0.145441 0.025716 0.022793
0 0.144750 0.775326 0.026885 0.022069
0 0.197838 0.097594 0.026300 0.023336
0 0.376096 0.837735 0.024352 0.020260
0 0.279953 0.189852 0.024937 0.017909
0 0.791350 0.596509 0.024157 0.018271
0 0.144165 0.911179 0.025326 0.023155
0 0.661699 0.684606 0.024352 0.021889
0 0.689460 0.660908 0.024937 0.026954
0 0.817163 0.686234 0.022794 0.020803
0 0.221703 0.891462 0.026106 0.021346
0 0.532242 0.457308 0.022599 0.020622
0 0.689168 0.391371 0.024742 0.020080
0 0.765829 0.033918 0.021820 0.026954
0 0.662673 0.435781 0.025911 0.023517
0 0.171635 0.907471 0.028443 0.022250
0 0.713131 0.868035 0.029417 0.023336
0 0.660530 0.908647 0.023963 0.021346
0 0.170758 0.931078 0.023573 0.024964
0 0.767582 0.283376 0.023378 0.022974
0 0.143483 0.934153 0.026300 0.022431
0 0.070037 0.188314 0.023183 0.023517
0 0.349601 0.819465 0.025521 0.017366
0 0.096045 0.237066 0.023768 0.018632
0 0.248295 0.638748 0.025132 0.019899
0 0.274693 0.347413 0.023378 0.021527
0 0.506916 0.325434 0.023768 0.024602
0 0.560101 0.387753 0.025716 0.022612
0 0.143678 0.956404 0.022794 0.022069
0 0.585038 0.663893 0.026495 0.024240
0 0.041496 0.843072 0.027274 0.021889
0 0.380187 0.191118 0.023183 0.017547
0 0.845704 0.479649 0.022989 0.022612
0 0.121469 0.599313 0.027469 0.023517
0 0.170660 0.958032 0.024937 0.020260
0 0.637736 0.280753 0.024742 0.020984
0 0.892363 0.778130 0.024352 0.021527
0 0.377654 0.122739 0.025132 0.026230
0 0.634522 0.709027 0.023378 0.023698
0 0.069940 0.279034 0.024157 0.022974
0 0.894117 0.316932 0.023573 0.022431
0 0.171440 0.795767 0.024157 0.016643
0 0.866160 0.959479 0.023768 0.024964
0 0.817748 0.164164 0.025132 0.020080
0 0.222579 0.869121 0.024742 0.023336
0 0.716248 0.528039 0.025132 0.020984
0 0.248782 0.851936 0.025716 0.020441
0 0.095363 0.373462 0.024742 0.020803
0 0.300312 0.592529 0.025911 0.020441
0 0.041496 0.729468 0.026495 0.025507
0 0.943113 0.885673 0.026495 0.023878
0 0.400935 0.778130 0.023378 0.025868
0 0.919638 0.601664 0.020456 0.022431
0 0.534775 0.034913 0.024157 0.029305
0 0.094779 0.883231 0.025132 0.022612
0 0.688876 0.553003 0.021820 0.019175
0 0.533703 0.575796 0.025911 0.018813
0 0.562439 0.145803 0.028054 0.020622
0 0.637541 0.526954 0.022404 0.019899
0 0.097409 0.458755 0.027664 0.021708
0 0.919540 0.365322 0.026885 0.024783
0 0.819404 0.098499 0.023378 0.018271
0 0.818917 0.030933 0.025132 0.019537
0 0.218391 0.936596 0.026885 0.025145
0 0.479836 0.529577 0.023378 0.024421
0 0.095461 0.395080 0.024157 0.023517
0 0.715663 0.344247 0.025521 0.020984
0 0.170466 0.526863 0.022209 0.021889
0 0.869180 0.208303 0.024742 0.020080
0 0.534970 0.058339 0.023768 0.020080
0 0.818040 0.369844 0.022599 0.021165
0 0.663842 0.529124 0.023963 0.022793
0 0.070621 0.802189 0.027080 0.024783
0 0.170953 0.374367 0.024742 0.022250
0 0.298948 0.891100 0.025132 0.018813
0 0.146698 0.073987 0.024157 0.021346
0 0.251315 0.053636 0.023378 0.021889
0 0.169784 0.818379 0.022794 0.025326
0 0.891389 0.900326 0.022014 0.025326
0 0.741379 0.145080 0.022014 0.020622
0 0.638223 0.368035 0.024157 0.024059
0 0.480226 0.705499 0.028054 0.020984
0 0.814826 0.818922 0.026300 0.019899
0 0.041594 0.480463 0.022404 0.023155
0 0.893142 0.847232 0.026300 0.029124
0 0.453926 0.187952 0.025716 0.020622
0 0.069842 0.546671 0.025911 0.020622
0 0.148451 0.143994 0.024937 0.024240
0 0.356517 0.190575 0.024157 0.017185
0 0.896844 0.213097 0.025911 0.022069
0 0.251607 0.031114 0.025521 0.021346
0 0.534580 0.346509 0.024157 0.019356
0 0.120592 0.729920 0.023378 0.024964
0 0.376096 0.546852 0.021625 0.020984
0 0.326417 0.707760 0.027469 0.024059
0 0.892558 0.393180 0.023183 0.021165
0 0.299435 0.617312 0.022599 0.026230
0 0.069745 0.660818 0.022599 0.021708
0 0.144360 0.550018 0.021040 0.024059
0 0.197545 0.394446 0.023378 0.026954
0 0.097019 0.073173 0.025326 0.022974
0 0.298461 0.846961 0.024547 0.020260
0 0.122443 0.705861 0.027859 0.024240
0 0.376096 0.479016 0.022404 0.026411
0 0.297682 0.955409 0.026106 0.024059
0 0.198422 0.841172 0.026690 0.024602
0 0.224333 0.234081 0.022014 0.019537
0 0.329047 0.213368 0.023768 0.020803
0 0.121274 0.234714 0.022794 0.023698
0 0.741477 0.030300 0.023768 0.018994
0 0.198812 0.235076 0.025132 0.016823
0 0.534580 0.413260 0.026495 0.022974
0 0.844535 0.099222 0.023768 0.017909
0 0.919540 0.479649 0.024547 0.022974
0 0.376973 0.640105 0.022599 0.023698
0 0.584551 0.055716 0.023963 0.017366
0 0.144068 0.457399 0.027080 0.024783
0 0.119813 0.620930 0.022989 0.020080
0 0.843172 0.033195 0.023768 0.025507
0 0.816774 0.618940 0.026690 0.023336
0 0.069355 0.639381 0.022209 0.020803
0 0.275959 0.458032 0.024742 0.018090
0 0.403760 0.965630 0.029807 0.022431
0 0.792032 0.032200 0.024742 0.021708
0 0.661894 0.956675 0.027080 0.021889
0 0.275472 0.437229 0.023768 0.024240
0 0.224430 0.094247 0.024157 0.018090
0 0.739431 0.661813 0.024742 0.022974
0 0.716150 0.099132 0.026106 0.021346
0 0.534483 0.237156 0.022794 0.020984
0 0.146113 0.234624 0.021430 0.022069
0 0.506039 0.593524 0.027859 0.023517
0 0.663744 0.280753 0.024157 0.021346
0 0.843659 0.079595 0.022794 0.019899
0 0.094584 0.616860 0.023573 0.018090
0 0.326028 0.346509 0.022014 0.021165
0 0.661407 0.801375 0.025326 0.020622
0 0.869472 0.279034 0.023768 0.021889
0 0.351646 0.437138 0.022989 0.019356
0 0.453731 0.280119 0.023768 0.023336
0 0.844048 0.527587 0.022794 0.020080
0 0.326222 0.299837 0.020846 0.022612
0 0.350672 0.569736 0.022989 0.017185
0 0.041594 0.523878 0.022014 0.017004
0 0.634327 0.843343 0.020651 0.022069
0 0.870544 0.634768 0.023963 0.023517
0 0.453731 0.413350 0.024937 0.019899
0 0.689266 0.481187 0.024547 0.024240
0 0.329437 0.074711 0.024547 0.022069
0 0.480713 0.238784 0.024742 0.022431
0 0.403857 0.145351 0.025716 0.018632
0 0.817456 0.662808 0.026106 0.024602
0 0.275278 0.571997 0.022209 0.018813
0 0.868401 0.426194 0.021625 0.017004
0 0.611144 0.483900 0.022209 0.020260
0 0.738067 0.637211 0.021625 0.025507
0 0.168615 0.661089 0.026690 0.019718
0 0.119521 0.839996 0.027080 0.019718
0 0.508377 0.189219 0.027859 0.020984
0 0.713520 0.639291 0.023183 0.021346
0 0.689071 0.302460 0.019871 0.020622
0 0.351938 0.547757 0.025911 0.019899
0 0.584648 0.393813 0.019482 0.019899
0 0.793103 0.301375 0.024157 0.017728
0 0.944477 0.597504 0.022989 0.022793
0 0.842879 0.659370 0.023963 0.023155
0 0.508475 0.056078 0.023768 0.024602
0 0.248003 0.871834 0.024547 0.020080
0 0.094681 0.862789 0.025716 0.019356
0 0.221216 0.801827 0.025132 0.024421
0 0.299727 0.684515 0.021625 0.024240
0 0.197058 0.660999 0.025132 0.020984
0 0.608903 0.775959 0.025132 0.020441
0 0.041886 0.639020 0.025716 0.017547
0 0.248782 0.893542 0.023768 0.020080
0 0.297779 0.868759 0.022404 0.021889
0 0.558251 0.821454 0.028249 0.022069
0 0.069842 0.525597 0.025911 0.018271
0 0.660432 0.864056 0.027274 0.020080
0 0.892948 0.874729 0.028249 0.024421
0 0.766511 0.373372 0.025521 0.024240
0 0.380674 0.211559 0.023768 0.022974
0 0.712936 0.927551 0.027469 0.022612
0 0.402981 0.416606 0.025132 0.017366
0 0.454802 0.326610 0.027080 0.021527
0 0.122346 0.188585 0.023768 0.022974
0 0.507890 0.209569 0.026495 0.022612
0 0.894506 0.618216 0.024352 0.018271
0 0.791642 0.711017 0.022794 0.023698
0 0.714787 0.571454 0.023378 0.019175
0 0.144068 0.479197 0.027469 0.019175
0 0.869667 0.679269 0.023768 0.024602
0 0.690142 0.436053 0.025132 0.018994
0 0.839373 0.871563 0.022014 0.023878
0 0.868693 0.732001 0.019871 0.021165
0 0.919832 0.553998 0.022794 0.022250
0 0.558543 0.476755 0.023378 0.021165
0 0.196182 0.683701 0.024157 0.020803
0 0.506916 0.125000 0.024937 0.023155
0 0.041204 0.703781 0.025521 0.020803
0 0.173485 0.416878 0.024742 0.023698
0 0.947010 0.280753 0.023768 0.022793
0 0.894604 0.279396 0.023768 0.020803
0 0.763296 0.953057 0.025716 0.023698
0 0.197156 0.593705 0.022989 0.016281
0 0.687123 0.776411 0.023378 0.018813
0 0.350867 0.280753 0.023768 0.022069
0 0.042568 0.096418 0.022404 0.020984
0 0.865478 0.914978 0.025521 0.021708
0 0.767875 0.192294 0.023963 0.023155
0 0.662673 0.481548 0.025521 0.018090
0 0.351354 0.391823 0.025521 0.020260
0 0.638028 0.171038 0.026495 0.018632
0 0.634229 0.886668 0.021235 0.022974
0 0.740016 0.166064 0.022794 0.018452
0 0.300019 0.640467 0.022209 0.017185
0 0.275765 0.050561 0.025132 0.021527
0 0.712449 0.890557 0.027274 0.019537
0 0.092051 0.774964 0.023183 0.023878
0 0.894701 0.120206 0.025521 0.017909
0 0.894409 0.439761 0.022209 0.023517
0 0.610754 0.392185 0.026106 0.018452
0 0.714884 0.389834 0.022404 0.022793
0 0.689558 0.616226 0.025132 0.021165
0 0.275570 0.414345 0.026690 0.024059
0 0.453633 0.615593 0.026690 0.023878
0 0.689266 0.458213 0.020651 0.021708
0 0.611436 0.144718 0.025132 0.023517
0 0.559712 0.187048 0.023378 0.025326
0 0.636372 0.193379 0.025911 0.023155
0 0.945743 0.323444 0.022794 0.023878
0 0.352133 0.732996 0.024742 0.019899
0 0.842879 0.214725 0.021625 0.023517
0 0.557666 0.846147 0.024352 0.025507
0 0.068771 0.703329 0.022989 0.022793
0 0.454315 0.237337 0.026885 0.021708
0 0.352620 0.684787 0.024157 0.024421
0 0.947010 0.164888 0.024547 0.023336
0 0.041788 0.435239 0.025132 0.018452
0 0.454413 0.728473 0.025521 0.018813
0 0.791253 0.617041 0.019287 0.022069
0 0.612702 0.234805 0.028054 0.019537
0 0.171245 0.885402 0.026885 0.018271
0 0.611338 0.281114 0.024547 0.021708
0 0.168030 0.707037 0.023573 0.022974
0 0.738944 0.612428 0.022989 0.024421
0 0.071498 0.096870 0.026495 0.022974
0 0.353107 0.051918 0.023183 0.017004
0 0.297097 0.979920 0.024937 0.022793
0 0.170758 0.548209 0.024352 0.016823
0 0.561270 0.056440 0.019871 0.019899
0 0.121469 0.277496 0.025521 0.020260
0 0.689753 0.368488 0.026690 0.023517
0 0.172803 0.120478 0.026106 0.018090
0 0.843172 0.279215 0.024157 0.021527
0 0.840542 0.848589 0.024352 0.024602
0 0.766608 0.525959 0.022209 0.017909
0 0.561660 0.212826 0.022989 0.023336
0 0.637054 0.055264 0.024157 0.017185
0 0.454900 0.482182 0.026106 0.022974
0 0.766706 0.480463 0.022404 0.025326
0 0.816189 0.708213 0.023183 0.022069
0 0.893922 0.032290 0.023963 0.022974
0 0.741282 0.232724 0.023768 0.020803
0 0.585720 0.369664 0.022014 0.024421
0 0.607442 0.817565 0.024157 0.023698
0 0.253555 0.189490 0.025911 0.017547
0 0.763296 0.927912 0.027274 0.023336
0 0.326125 0.621292 0.024157 0.023698
0 0.586207 0.074711 0.026106 0.019899
0 0.144652 0.390919 0.025132 0.023517
0 0.195889 0.800199 0.022794 0.018994
0 0.276641 0.098770 0.023768 0.022793
0 0.225209 0.212735 0.025326 0.017366
0 0.817456 0.280753 0.021430 0.021346
0 0.920027 0.530753 0.022404 0.026049
0 0.922073 0.155933 0.023768 0.023155
0 0.225794 0.480825 0.026495 0.021708
0 0.715274 0.279305 0.024742 0.019537
0 0.143970 0.435420 0.026106 0.020260
0 0.195305 0.730463 0.023183 0.023517
0 0.376388 0.345152 0.020651 0.017728
0 0.816871 0.597323 0.022989 0.019899
0 0.870544 0.573716 0.022014 0.015738
0 0.844146 0.436143 0.022599 0.026411
0 0.301481 0.279667 0.023183 0.022069
0 0.069647 0.479559 0.021625 0.023878
0 0.714494 0.366317 0.022014 0.019175
0 0.171927 0.438495 0.024352 0.021346
0 0.608319 0.705409 0.024352 0.022612
0 0.583674 0.621111 0.022599 0.020441
0 0.195889 0.819826 0.020066 0.017366
0 0.944672 0.776592 0.021040 0.018813
0 0.764368 0.863875 0.027080 0.018994
0 0.121761 0.119844 0.022599 0.023336
0 0.607442 0.905029 0.024937 0.023878
0 0.817456 0.460293 0.024937 0.017547
0 0.662965 0.643994 0.021430 0.022069
0 0.844730 0.300380 0.026885 0.021165
0 0.816482 0.640557 0.023768 0.018813
0 0.168225 0.639110 0.023573 0.019899
0 0.376193 0.729016 0.025716 0.023878
0 0.224820 0.280210 0.025326 0.022431
0 0.068966 0.682254 0.024157 0.019356
0 0.636567 0.440847 0.023573 0.023878
0 0.714592 0.593343 0.022599 0.020984
0 0.351938 0.480373 0.022014 0.022974
0 0.638905 0.234533 0.025132 0.020080
0 0.453439 0.526863 0.025521 0.020441
0 0.533022 0.705409 0.028443 0.020080
0 0.350964 0.662536 0.025132 0.016823
0 0.943503 0.823082 0.020651 0.023155
0 0.869472 0.122920 0.022209 0.022250
0 0.352425 0.073535 0.022989 0.022250
0 0.635301 0.775235 0.023768 0.017909
0 0.479057 0.682344 0.027274 0.021346
0 0.146698 0.278672 0.022989 0.019356
0 0.764855 0.621473 0.026106 0.021165
0 0.844535 0.459208 0.023768 0.019356
0 0.741574 0.122739 0.023963 0.017909
0 0.325833 0.664526 0.021625 0.018994
0 0.121761 0.210926 0.022599 0.019899
0 0.275765 0.279938 0.025521 0.021527
0 0.556887 0.870116 0.029028 0.022431
0 0.274596 0.616588 0.025132 0.018271
0 0.122638 0.072449 0.022404 0.022974
0 0.071011 0.165973 0.026690 0.020080
0 0.920320 0.077243 0.022209 0.022431
0 0.120787 0.299385 0.022989 0.019537
0 0.533703 0.322902 0.023573 0.024602
0 0.534970 0.366588 0.024157 0.017909
0 0.612800 0.122377 0.026300 0.019356
0 0.454997 0.349313 0.023573 0.023878
0 0.607345 0.882869 0.025132 0.019356
0 0.921391 0.176827 0.023573 0.022612
0 0.276739 0.074077 0.021235 0.024421
0 0.946230 0.073987 0.023768 0.021708
0 0.869569 0.032109 0.025132 0.020080
0 0.097993 0.213097 0.022599 0.026773
0 0.842879 0.732543 0.020456 0.023336
0 0.767095 0.547486 0.020846 0.018994
0 0.633742 0.793506 0.024157 0.019356
0 0.197740 0.279034 0.025326 0.022250
0 0.531560 0.623010 0.022794 0.021708
0 0.273232 0.820188 0.019287 0.023155
0 0.068673 0.929088 0.027859 0.023517
0 0.041009 0.456946 0.022794 0.023878
0 0.660530 0.778220 0.021625 0.024602
0 0.895091 0.572449 0.023963 0.021165
0 0.767095 0.171762 0.024352 0.017909
0 0.480031 0.413350 0.024937 0.017004
0 0.840931 0.823444 0.024742 0.024240
0 0.945743 0.574168 0.022404 0.022431
0 0.172414 0.395441 0.024157 0.018090
0 0.402007 0.620297 0.022404 0.020984
0 0.043542 0.074439 0.021625 0.017185
0 0.689460 0.594067 0.024547 0.020984
0 0.635788 0.731729 0.025911 0.019899
0 0.920709 0.102116 0.023378 0.027315
0 0.584746 0.572088 0.022404 0.026954
0 0.070524 0.414255 0.022989 0.017366
0 0.225307 0.345695 0.027859 0.024240
0 0.123222 0.051556 0.025132 0.019175
0 0.974674 0.051827 0.026885 0.024059
0 0.866550 0.845966 0.022989 0.025868
0 0.301578 0.569103 0.024937 0.019899
0 0.403176 0.459298 0.026690 0.020984
0 0.325443 0.643180 0.023573 0.020803
0 0.844535 0.236795 0.020261 0.019899
0 0.714105 0.795496 0.025521 0.017909
0 0.324274 0.870297 0.023963 0.022431
0 0.918274 0.886577 0.025521 0.019899
0 0.068284 0.955228 0.026300 0.024421
0 0.895772 0.638115 0.023378 0.018994
0 0.843659 0.638567 0.025521 0.017004
0 0.273135 0.776140 0.020261 0.025145
0 0.375901 0.388839 0.022794 0.017547
0 0.767193 0.396527 0.021820 0.024240
0 0.454413 0.167059 0.026300 0.018994
0 0.199688 0.467619 0.026106 0.019175
0 0.298851 0.912084 0.025716 0.020984
0 0.221703 0.525597 0.023768 0.019356
0 0.636665 0.572268 0.021430 0.017185
0 0.582213 0.730463 0.022794 0.023878
0 0.249659 0.829685 0.022014 0.023698
0 0.197448 0.863151 0.025521 0.017909
0 0.972628 0.414978 0.021625 0.022431
0 0.894311 0.335836 0.023183 0.016462
0 0.069745 0.822992 0.025716 0.018632
0 0.869277 0.657471 0.024157 0.016823
0 0.405026 0.215268 0.021430 0.021708
0 0.376193 0.453871 0.021430 0.023517
0 0.327976 0.052641 0.024742 0.018452
0 0.222092 0.823173 0.025716 0.016462
0 0.947886 0.482182 0.024742 0.021889
0 0.143581 0.886668 0.022599 0.023698
0 0.892363 0.797938 0.021625 0.016281
0 0.971362 0.392185 0.022209 0.021708
0 0.558640 0.365593 0.023183 0.017728
0 0.172316 0.235619 0.025521 0.018632
0 0.375901 0.410727 0.023963 0.019718
0 0.120690 0.663169 0.026690 0.017004
0 0.740210 0.212102 0.023963 0.017185
0 0.272940 0.797666 0.022209 0.018271
0 0.095169 0.573444 0.022014 0.020984
0 0.041496 0.167873 0.022989 0.019899
0 0.609780 0.660999 0.024157 0.022069
0 0.274109 0.637844 0.020651 0.022069
0 0.326515 0.393180 0.020651 0.021165
0 0.068868 0.569193 0.022794 0.019718
0 0.716150 0.233086 0.026495 0.020803
0 0.918858 0.385402 0.026300 0.017547
0 0.092928 0.839544 0.021820 0.021346
0 0.818138 0.436957 0.022794 0.025145
0 0.375024 0.959660 0.026495 0.019899
0 0.867329 0.820550 0.020261 0.022069
0 0.689266 0.636939 0.022599 0.016281
0 0.560491 0.278039 0.020651 0.017366
0 0.222287 0.639110 0.022209 0.022793
0 0.791935 0.214092 0.022989 0.018994
0 0.947010 0.052912 0.024547 0.022974
0 0.634035 0.865322 0.020066 0.020441
0 0.662868 0.573444 0.021625 0.024964
0 0.508669 0.077334 0.022599 0.021889
0 0.302455 0.028491 0.023963 0.019718
0 0.921878 0.197902 0.022599 0.020260
0 0.816189 0.955499 0.022404 0.020260
0 0.144750 0.865955 0.023378 0.019175
0 0.301188 0.549204 0.022989 0.015195
0 0.869375 0.362156 0.022794 0.016643
0 0.689947 0.280933 0.023573 0.023517
0 0.325735 0.523969 0.022209 0.017185
0 0.146893 0.049566 0.019482 0.018090
0 0.894896 0.480915 0.023573 0.024059
0 0.251705 0.233538 0.022209 0.019537
0 0.096240 0.479830 0.025326 0.017547
0 0.069453 0.030029 0.022404 0.020984
0 0.172414 0.480192 0.025326 0.025145
0 0.505747 0.281657 0.023768 0.024964
0 0.715371 0.728835 0.024937 0.025687
0 0.634814 0.957760 0.023963 0.017185
0 0.120884 0.575525 0.022404 0.025145
0 0.401812 0.945731 0.027080 0.016643
0 0.893824 0.353564 0.022209 0.019718
0 0.739236 0.591805 0.022794 0.015738
0 0.505845 0.393813 0.022014 0.020984
0 0.582700 0.686686 0.022989 0.022069
0 0.325833 0.979920 0.027859 0.026049
0 0.585330 0.548480 0.020456 0.019899
0 0.869862 0.443198 0.024937 0.014834
0 0.250925 0.095785 0.024547 0.017185
0 0.351159 0.930716 0.024352 0.016281
0 0.918566 0.342438 0.021040 0.018813
0 0.142996 0.980373 0.022599 0.022974
0 0.248295 0.618940 0.024742 0.017909
0 0.349990 0.618035 0.025911 0.022974
0 0.352133 0.030933 0.023183 0.023155
0 0.712741 0.704685 0.019677 0.022974
0 0.327586 0.029758 0.025132 0.024059
0 0.918371 0.906567 0.025326 0.022250
0 0.606858 0.863965 0.026495 0.020260
0 0.221800 0.618578 0.025521 0.016823
0 0.866063 0.707037 0.021235 0.026954
0 0.118157 0.774331 0.025521 0.021889
0 0.403760 0.033376 0.025132 0.027315
0 0.766608 0.642185 0.025716 0.019175
0 0.894214 0.053093 0.024157 0.016823
0 0.376778 0.665159 0.022599 0.026773
0 0.534093 0.121201 0.025132 0.024602
0 0.558640 0.411632 0.022794 0.017547
0 0.844341 0.321364 0.022209 0.021889
0 0.068966 0.866046 0.024937 0.017547
0 0.558640 0.453690 0.023573 0.018452
0 0.042081 0.658466 0.028443 0.020984
0 0.712838 0.907923 0.027274 0.016643
0 0.870251 0.143994 0.024157 0.022431
0 0.945743 0.367674 0.022794 0.020803
0 0.968147 0.819193 0.025911 0.021165
0 0.560199 0.297938 0.020846 0.019175
0 0.840542 0.916245 0.024352 0.024964
0 0.248685 0.803817 0.024742 0.027315
0 0.714884 0.211378 0.023183 0.018994
0 0.890512 0.818470 0.021040 0.024421
0 0.222774 0.843433 0.024352 0.026954
0 0.662965 0.364418 0.024547 0.017185
0 0.868693 0.405572 0.021820 0.023517
0 0.865089 0.936415 0.027080 0.022612
0 0.147769 0.097685 0.021235 0.021708
0 0.247906 0.962916 0.026690 0.017366
0 0.765537 0.728564 0.021235 0.021889
0 0.038964 0.982996 0.030781 0.025687
0 0.686928 0.820731 0.021820 0.020622
0 0.713618 0.843705 0.026495 0.025326
0 0.636957 0.075886 0.021625 0.025868
0 0.584843 0.302551 0.022209 0.018632
0 0.762809 0.817927 0.022794 0.022612
0 0.406487 0.235438 0.027080 0.016823
0 0.096337 0.930988 0.025132 0.018994
0 0.870056 0.595514 0.022989 0.023878
0 0.351841 0.458303 0.022209 0.023336
0 0.454705 0.393904 0.023768 0.019718
0 0.715566 0.079323 0.023768 0.015014
0 0.533119 0.281657 0.023183 0.025687
0 0.558445 0.346237 0.019677 0.020622
0 0.093123 0.815575 0.021820 0.024783
0 0.870056 0.614779 0.023378 0.016100
0 0.170466 0.775416 0.021430 0.022974
0 0.918761 0.711378 0.021430 0.018994
0 0.790279 0.912084 0.023963 0.023517
0 0.891974 0.923119 0.022014 0.021708
0 0.041983 0.679631 0.027469 0.020984
0 0.766316 0.237699 0.022404 0.019899
0 0.659945 0.820640 0.020456 0.017547
0 0.326710 0.279034 0.023378 0.018271
0 0.556205 0.799928 0.026106 0.023155
0 0.919053 0.928726 0.022404 0.023155
0 0.584941 0.526592 0.022794 0.019537
0 0.121664 0.030843 0.022014 0.018994
0 0.454023 0.374276 0.023183 0.023155
0 0.068284 0.885854 0.024352 0.022793
0 0.741477 0.281928 0.023378 0.023336
0 0.095071 0.954776 0.027664 0.025326
0 0.584551 0.280933 0.022404 0.021708
0 0.043055 0.619121 0.027274 0.021165
0 0.947984 0.458303 0.021040 0.021527
0 0.586597 0.168054 0.028443 0.019537
0 0.688097 0.730463 0.023378 0.016281
0 0.300701 0.660818 0.020846 0.022793
0 0.403273 0.985076 0.028443 0.018994
0 0.869180 0.317656 0.022014 0.022069
0 0.585038 0.457580 0.025326 0.017909
0 0.219560 0.962464 0.022599 0.022612
0 0.094584 0.705318 0.024352 0.016281
0 0.973115 0.281205 0.022599 0.023698
0 0.868693 0.382055 0.022989 0.022431
0 0.894409 0.460745 0.021040 0.016643
0 0.222092 0.660185 0.022599 0.017185
0 0.892266 0.942656 0.022209 0.016281
0 0.251997 0.210112 0.024742 0.017909
0 0.197156 0.885402 0.021430 0.024059
0 0.375804 0.707308 0.024547 0.017004
0 0.534775 0.077424 0.019871 0.017728
0 0.123515 0.095966 0.026885 0.019718
0 0.323982 0.958213 0.024937 0.018452
0 0.738749 0.775416 0.023378 0.017909
0 0.948276 0.208846 0.023963 0.017185
0 0.041301 0.823082 0.026106 0.017728
0 0.403955 0.546491 0.023183 0.015195
0 0.971459 0.623101 0.025911 0.023698
0 0.946912 0.663260 0.022014 0.018271
0 0.041691 0.864146 0.026885 0.019537
0 0.970095 0.706856 0.022794 0.018994
0 0.532145 0.643180 0.020846 0.020080
0 0.943211 0.862156 0.025521 0.023517
0 0.712644 0.683611 0.021430 0.018090
0 0.947886 0.030843 0.023963 0.017909
0 0.480810 0.171852 0.025326 0.021346
0 0.375706 0.818198 0.023183 0.014472
0 0.893532 0.372739 0.022794 0.015738
0 0.838788 0.938766 0.021235 0.018994
0 0.276641 0.029305 0.021820 0.018090
0 0.324956 0.940123 0.024937 0.016281
0 0.893922 0.297666 0.023963 0.015376
0 0.764660 0.979016 0.026106 0.028582
0 0.970485 0.729830 0.024742 0.020441
0 0.171245 0.979920 0.022209 0.020260
0 0.506429 0.458032 0.021625 0.024240
0 0.971654 0.571183 0.023183 0.018994
0 0.531171 0.726664 0.025521 0.017004
0 0.533022 0.598679 0.022599 0.026592
0 0.123515 0.164707 0.025716 0.018632
0 0.043834 0.028582 0.024157 0.015919
0 0.922462 0.216082 0.022209 0.015376
0 0.323982 0.852478 0.023378 0.014653
0 0.609098 0.683882 0.023573 0.021165
0 0.972726 0.370839 0.026885 0.021346
0 0.120397 0.863784 0.023378 0.020260
0 0.869082 0.298300 0.022209 0.017728
0 0.918664 0.859895 0.023573 0.033828
0 0.042665 0.276140 0.024547 0.017547
0 0.894311 0.656567 0.023183 0.015014
0 0.612605 0.056711 0.025521 0.017909
0 0.739041 0.682525 0.027080 0.017004
0 0.946425 0.731548 0.022209 0.021708
0 0.839568 0.961017 0.021235 0.025507
0 0.943308 0.909913 0.024157 0.017728
0 0.587863 0.147793 0.023573 0.019537
0 0.662478 0.032109 0.023573 0.018632
0 0.661796 0.980644 0.028054 0.021346
0 0.663257 0.597775 0.023573 0.016823
0 0.947204 0.120387 0.023378 0.021527
0 0.814923 0.931983 0.021430 0.026411
0 0.688584 0.943741 0.023963 0.018090
0 0.972628 0.439219 0.025132 0.022431
0 0.971946 0.550651 0.025326 0.022069
0 0.096240 0.094247 0.022989 0.013025
0 0.561660 0.123553 0.023768 0.014834
0 0.918566 0.844881 0.024157 0.017547
0 0.404539 0.054450 0.023963 0.017366
0 0.199201 0.484533 0.023573 0.015014
0 0.970193 0.685601 0.022599 0.020984
0 0.766998 0.661722 0.027274 0.017728
0 0.971070 0.596418 0.023573 0.024602
0 0.687902 0.978564 0.020651 0.022612
0 0.816676 0.977388 0.022209 0.022069
0 0.296902 0.933430 0.025716 0.017004
0 0.945743 0.644627 0.020066 0.020080
0 0.505747 0.709750 0.021430 0.026954
0 0.173680 0.141914 0.023573 0.018632
0 0.766316 0.215539 0.023963 0.025145
0 0.975063 0.074711 0.029223 0.019899
0 0.973018 0.480192 0.024352 0.026230
0 0.945841 0.387753 0.021820 0.017909
0 0.094487 0.725850 0.028054 0.020080
0 0.374830 0.858900 0.023378 0.017728
0 0.506332 0.661632 0.024157 0.016462
0 0.969511 0.777225 0.022404 0.021889
0 0.790279 0.983357 0.024742 0.024602
0 0.689363 0.031386 0.024742 0.017547
0 0.633158 0.976936 0.027664 0.026230
0 0.792616 0.233900 0.023963 0.025687
0 0.480908 0.192836 0.023183 0.024964
0 0.921196 0.730915 0.025911 0.022250
0 0.973018 0.348046 0.027859 0.022431
0 0.171829 0.027677 0.024547 0.018090
0 0.041691 0.602026 0.024157 0.016281
0 0.788915 0.824258 0.022014 0.013929
0 0.068966 0.982724 0.024157 0.026592
0 0.376291 0.617674 0.023963 0.018632
0 0.815605 0.911903 0.023183 0.017366
0 0.146600 0.028401 0.022404 0.017004
0 0.505260 0.731548 0.021625 0.017728
0 0.506526 0.437590 0.023768 0.018813
0 0.375219 0.523426 0.022989 0.018632
0 0.974479 0.302822 0.025716 0.018452
0 0.970680 0.645260 0.023963 0.018813
0 0.946035 0.141462 0.023378 0.019537
0 0.274596 0.888748 0.023573 0.020984
0 0.765732 0.686143 0.021235 0.022793
0 0.533509 0.303636 0.023573 0.017909
0 0.973797 0.321726 0.025132 0.021527
0 0.973310 0.211921 0.023768 0.017909
0 0.967465 0.797486 0.020651 0.016823
0 0.556984 0.777225 0.024157 0.025507
0 0.966784 0.885673 0.022014 0.026049
0 0.943892 0.842258 0.022989 0.014834
0 0.248490 0.982905 0.025911 0.019718
0 0.067991 0.907019 0.025326 0.017004
0 0.561075 0.165611 0.022599 0.016100
0 0.966004 0.840449 0.019677 0.017366
0 0.972336 0.525597 0.021820 0.024783
0 0.974479 0.029124 0.026106 0.021346
0 0.041009 0.930083 0.027080 0.023698
0 0.974576 0.095242 0.028638 0.020803
0 0.145334 0.372287 0.026495 0.018090
0 0.891292 0.959117 0.021430 0.017728
0 0.973700 0.191208 0.023378 0.024240
0 0.941652 0.931169 0.022014 0.021527
0 0.788720 0.866860 0.022014 0.018452
0 0.374537 0.981458 0.025911 0.016823
0 0.687707 0.959750 0.021040 0.015014
0 0.095753 0.982453 0.025521 0.021708
0 0.839665 0.984624 0.021430 0.022793
0 0.972141 0.113423 0.026495 0.022793
0 0.375901 0.772069 0.023573 0.017366
0 0.917689 0.950977 0.022014 0.019175
0 0.968440 0.663441 0.020261 0.013929
0 0.973797 0.458394 0.027469 0.018090
0 0.862653 0.981368 0.020651 0.017004
0 0.887980 0.977297 0.015975 0.015014
0 0.220923 0.982453 0.025326 0.019175
