0 0.814016 0.066114 0.128819 0.086616
0 0.810394 0.160447 0.118425 0.099747
0 0.801260 0.253743 0.121575 0.073485
0 0.813386 0.351302 0.139528 0.080166
0 0.817008 0.444022 0.125984 0.087768
0 0.810236 0.538816 0.121260 0.077862
0 0.811024 0.629348 0.141102 0.089841
0 0.815591 0.727482 0.120000 0.077862
0 0.809606 0.819166 0.116850 0.061276
0 0.817008 0.908546 0.114016 0.066805
0 0.686614 0.066114 0.114016 0.088920
0 0.685039 0.154918 0.125984 0.064732
0 0.676693 0.253743 0.112441 0.082239
0 0.685827 0.347501 0.139528 0.079014
0 0.680630 0.446786 0.114016 0.079935
0 0.688031 0.533978 0.123150 0.076941
0 0.685039 0.634416 0.114016 0.088920
0 0.696220 0.725870 0.127559 0.054826
0 0.683465 0.826768 0.098898 0.092145
0 0.697795 0.919604 0.139528 0.069109
0 0.564252 0.057245 0.100472 0.064732
0 0.572441 0.160447 0.120000 0.088689
0 0.558268 0.247754 0.109291 0.079014
0 0.566614 0.341396 0.122835 0.086616
0 0.566457 0.439069 0.108031 0.077862
0 0.571811 0.525685 0.109291 0.069109
0 0.568031 0.622668 0.120000 0.083391
0 0.563622 0.711126 0.116850 0.091223
0 0.555276 0.809952 0.118425 0.071412
0 0.575591 0.916264 0.135118 0.088689
0 0.445827 0.056784 0.106772 0.067957
0 0.437480 0.154918 0.125984 0.082239
0 0.432441 0.250979 0.118425 0.087768
0 0.443465 0.348537 0.153071 0.081087
0 0.442047 0.441258 0.123150 0.088689
0 0.440630 0.536743 0.149921 0.071412
0 0.448031 0.632112 0.120000 0.099977
0 0.448819 0.723796 0.133543 0.081087
0 0.448819 0.822967 0.118425 0.099747
0 0.445827 0.920640 0.124409 0.082239
0 0.315433 0.066690 0.127559 0.081318
0 0.310866 0.162175 0.121575 0.092145
0 0.315433 0.258696 0.124409 0.081087
0 0.312283 0.347501 0.127559 0.085464
0 0.311654 0.441258 0.131969 0.093296
0 0.307087 0.538355 0.114016 0.081087
0 0.318268 0.640405 0.127559 0.092145
0 0.313858 0.728749 0.121260 0.082239
0 0.326614 0.824119 0.137953 0.104354
0 0.322835 0.926745 0.115276 0.072334
0 0.178898 0.065077 0.106457 0.075789
0 0.185512 0.156070 0.114016 0.082239
0 0.193228 0.252016 0.120000 0.100898
0 0.190079 0.359019 0.108031 0.104354
0 0.196850 0.447247 0.127244 0.096522
0 0.193071 0.547685 0.110866 0.086846
0 0.195276 0.642018 0.109606 0.086616
0 0.197480 0.740152 0.114016 0.085695
0 0.201417 0.840014 0.115591 0.090071
0 0.212598 0.928818 0.117165 0.074637
