0 0.903465 0.063217 0.193069 0.089620
0 0.909791 0.167773 0.151815 0.098974
0 0.912266 0.296319 0.175468 0.114665
0 0.921067 0.406156 0.155666 0.107423
0 0.908691 0.528365 0.172717 0.124925
0 0.910616 0.634581 0.172167 0.091732
0 0.911441 0.724049 0.162816 0.087206
0 0.908691 0.829662 0.176018 0.125830
0 0.908416 0.944025 0.183168 0.111346
0 0.727723 0.048129 0.144114 0.084188
0 0.717822 0.157363 0.178218 0.088413
0 0.718922 0.285003 0.176018 0.108328
0 0.707371 0.390616 0.165017 0.092637
0 0.708471 0.497133 0.159516 0.089620
0 0.690319 0.618286 0.165017 0.109234
0 0.696370 0.724502 0.172717 0.098974
0 0.695270 0.828153 0.185919 0.072722
0 0.702145 0.949457 0.161166 0.101086
0 0.520627 0.052957 0.208471 0.091430
0 0.507426 0.176675 0.200770 0.110139
0 0.519802 0.294810 0.165017 0.082076
0 0.516227 0.413850 0.202970 0.104104
0 0.529428 0.525649 0.184268 0.109234
0 0.511276 0.635033 0.174367 0.111346
0 0.515952 0.734460 0.165017 0.103802
0 0.514301 0.835395 0.149615 0.085395
0 0.521727 0.938443 0.172167 0.123114
0 0.307481 0.051901 0.176018 0.093543
0 0.301705 0.163699 0.191969 0.101086
0 0.307481 0.282891 0.176018 0.110139
0 0.312156 0.398763 0.178768 0.102897
0 0.297030 0.500754 0.155116 0.115570
0 0.305281 0.606216 0.149615 0.087508
0 0.314906 0.728123 0.195270 0.108027
0 0.306381 0.946138 0.193619 0.098672
0 0.114136 0.059143 0.168867 0.087508
0 0.114961 0.174562 0.170517 0.095655
0 0.120462 0.288021 0.159516 0.095655
0 0.132013 0.396651 0.196920 0.111346
0 0.111111 0.492456 0.174917 0.086301
0 0.114686 0.591430 0.189769 0.113458
0 0.114961 0.702173 0.170517 0.112251
0 0.116887 0.819855 0.200770 0.124925
0 0.114961 0.946892 0.196920 0.104406
