0 0.472381 0.747941 0.088889 0.032949
0 0.315873 0.411156 0.076825 0.028242
0 0.638730 0.409273 0.086349 0.031537
0 0.474286 0.710285 0.085079 0.036715
0 0.793968 0.576018 0.086984 0.027065
0 0.719365 0.159214 0.086349 0.035538
0 0.641270 0.786891 0.087619 0.029889
0 0.245397 0.178042 0.085714 0.033655
0 0.331429 0.089786 0.083810 0.033184
0 0.638095 0.440574 0.090159 0.027301
0 0.553968 0.558837 0.076825 0.028007
0 0.159048 0.413274 0.095873 0.032478
0 0.474286 0.528007 0.072381 0.021417
0 0.309524 0.705813 0.075556 0.028242
0 0.473333 0.471993 0.071746 0.032714
0 0.240635 0.412685 0.077460 0.036950
0 0.551111 0.824665 0.083810 0.028713
0 0.385714 0.817369 0.085714 0.029654
0 0.329524 0.055307 0.080000 0.034361
0 0.472381 0.581313 0.077460 0.030595
0 0.800000 0.288421 0.086349 0.032714
0 0.310476 0.966345 0.087619 0.035302
0 0.626349 0.929513 0.092063 0.028948
0 0.637778 0.580490 0.081905 0.028007
0 0.724127 0.382561 0.084444 0.036479
0 0.393968 0.578724 0.071746 0.029183
0 0.713968 0.500000 0.085714 0.028477
0 0.713333 0.643092 0.076825 0.029889
0 0.553333 0.644034 0.084444 0.033655
0 0.472698 0.611320 0.079365 0.028007
0 0.157143 0.282066 0.095873 0.037421
0 0.387619 0.706755 0.085714 0.032949
0 0.723175 0.834314 0.076190 0.028713
0 0.800635 0.251353 0.076190 0.036244
0 0.325714 0.172511 0.080000 0.030125
0 0.724127 0.055542 0.086984 0.036715
0 0.170794 0.055307 0.085079 0.033890
0 0.554921 0.794893 0.086349 0.028007
0 0.386984 0.639915 0.081905 0.032008
0 0.150794 0.503177 0.094603 0.031066
0 0.721905 0.091669 0.082540 0.031772
0 0.465714 0.806896 0.084444 0.034126
0 0.159365 0.446458 0.092698 0.032949
0 0.312381 0.443516 0.074921 0.033184
0 0.721587 0.124265 0.083175 0.033420
0 0.159683 0.188986 0.093333 0.032478
0 0.466032 0.867616 0.080000 0.027536
0 0.642222 0.760885 0.090794 0.022594
0 0.558730 0.740763 0.082540 0.030831
0 0.240635 0.327842 0.083810 0.034832
0 0.314603 0.584490 0.079365 0.027536
0 0.168571 0.122852 0.085714 0.029654
0 0.398730 0.496823 0.086349 0.029183
0 0.149841 0.739115 0.090159 0.033655
0 0.156190 0.641680 0.097778 0.034596
0 0.409524 0.084726 0.073651 0.025418
0 0.394286 0.408684 0.076190 0.024241
0 0.389524 0.608967 0.075556 0.028007
0 0.151746 0.560720 0.092698 0.033184
0 0.309206 0.825018 0.086349 0.028948
0 0.486984 0.083431 0.082540 0.025182
0 0.306984 0.795128 0.080635 0.031301
0 0.553333 0.708520 0.073016 0.032714
0 0.389841 0.930690 0.073651 0.030831
0 0.629206 0.900447 0.087619 0.028713
0 0.640000 0.468934 0.087619 0.027536
0 0.794603 0.549070 0.079365 0.026830
0 0.250476 0.054836 0.075556 0.032949
0 0.714286 0.528360 0.071111 0.026359
0 0.814603 0.825371 0.088889 0.031537
0 0.227937 0.930101 0.081270 0.027771
0 0.638730 0.817604 0.091429 0.028242
0 0.329841 0.123558 0.074286 0.033420
0 0.247619 0.147093 0.085079 0.026830
0 0.632063 0.872794 0.086984 0.024241
0 0.717460 0.191339 0.092698 0.026830
0 0.229524 0.766298 0.073016 0.032008
0 0.796508 0.522711 0.075556 0.028242
0 0.388254 0.786185 0.075556 0.030831
0 0.224127 0.963285 0.078730 0.031537
0 0.385714 0.901977 0.079365 0.024712
0 0.315873 0.478112 0.079365 0.031772
0 0.308889 0.759944 0.075556 0.038127
0 0.309841 0.925277 0.087619 0.044481
0 0.635238 0.499294 0.071746 0.030360
0 0.466667 0.838197 0.083810 0.029419
0 0.160952 0.155801 0.085714 0.032008
0 0.800635 0.969875 0.073651 0.024947
0 0.814921 0.082255 0.084444 0.030360
0 0.724127 0.803954 0.075556 0.031537
0 0.713651 0.581549 0.067302 0.032478
0 0.550159 0.484467 0.067937 0.026124
0 0.553651 0.614027 0.076190 0.026830
0 0.727302 0.770887 0.071746 0.032243
0 0.388571 0.874794 0.077460 0.027771
0 0.146349 0.706284 0.088254 0.029654
0 0.147937 0.908920 0.087619 0.029183
0 0.466032 0.895152 0.078730 0.025653
0 0.479683 0.380325 0.075556 0.029654
0 0.717460 0.469875 0.066032 0.027536
0 0.642857 0.378795 0.075556 0.028007
0 0.142857 0.967639 0.080000 0.031301
0 0.158413 0.327842 0.081905 0.032008
0 0.812063 0.169099 0.087619 0.033184
0 0.392698 0.437515 0.076825 0.032478
0 0.240635 0.450812 0.069841 0.034596
0 0.719683 0.250059 0.093333 0.030360
0 0.716825 0.439280 0.064762 0.029419
0 0.716508 0.553071 0.073016 0.025418
0 0.315556 0.380207 0.078730 0.029889
0 0.235238 0.515886 0.081905 0.032949
0 0.322222 0.264062 0.086984 0.031537
0 0.462857 0.972346 0.073651 0.021888
0 0.476825 0.406802 0.076190 0.022358
0 0.798095 0.410450 0.082540 0.032949
0 0.643175 0.732408 0.073651 0.033890
0 0.407302 0.054130 0.080635 0.033890
0 0.313333 0.615557 0.071746 0.030360
0 0.715238 0.612497 0.074286 0.030360
0 0.628571 0.963168 0.087619 0.030831
0 0.471429 0.503766 0.064127 0.026124
0 0.236190 0.541304 0.072381 0.020711
0 0.808254 0.877265 0.090159 0.028477
0 0.554286 0.587197 0.073651 0.027301
0 0.812381 0.138856 0.086984 0.025888
0 0.639048 0.119322 0.078095 0.033890
0 0.557778 0.418216 0.075556 0.026830
0 0.813651 0.792657 0.092063 0.028242
0 0.470476 0.777948 0.090159 0.025182
0 0.323810 0.208755 0.073651 0.036244
0 0.149841 0.879736 0.091429 0.028713
0 0.232698 0.735467 0.073016 0.025888
0 0.549841 0.451047 0.074921 0.032714
0 0.486032 0.053895 0.078095 0.033420
0 0.814921 0.052718 0.080635 0.030125
0 0.314286 0.644975 0.071111 0.029889
0 0.307302 0.856672 0.077460 0.029654
0 0.468889 0.640857 0.075556 0.029183
0 0.546032 0.854789 0.082540 0.033890
0 0.725397 0.706990 0.079365 0.032008
0 0.406667 0.147682 0.081905 0.033655
0 0.226667 0.820428 0.078730 0.027771
0 0.565397 0.080843 0.070476 0.022358
0 0.399683 0.379619 0.080635 0.029183
0 0.471746 0.437162 0.074921 0.031772
0 0.239048 0.483526 0.081905 0.028948
0 0.553016 0.769122 0.082540 0.024476
0 0.244762 0.216992 0.080635 0.041422
0 0.726667 0.737821 0.067937 0.030595
0 0.405397 0.180160 0.080635 0.030831
0 0.800000 0.324429 0.074921 0.033655
0 0.166667 0.090492 0.085714 0.035067
0 0.309524 0.887385 0.075556 0.028948
0 0.386984 0.965874 0.074286 0.034361
0 0.242540 0.292539 0.076190 0.035302
0 0.463810 0.945634 0.071746 0.028713
0 0.245714 0.117792 0.076190 0.029889
0 0.158413 0.222405 0.092063 0.034832
0 0.155556 0.475171 0.087619 0.024476
0 0.807937 0.907978 0.073016 0.031066
0 0.553016 0.509767 0.076190 0.022594
0 0.393333 0.467875 0.079365 0.028242
0 0.473968 0.552483 0.071746 0.024241
0 0.233968 0.705342 0.076825 0.029183
0 0.237778 0.379266 0.078095 0.028477
0 0.817143 0.763356 0.088889 0.028948
0 0.713651 0.281596 0.077460 0.024712
0 0.320635 0.329254 0.078730 0.033420
0 0.405714 0.114027 0.076190 0.033184
0 0.807302 0.940339 0.079365 0.031772
0 0.315556 0.555307 0.073651 0.031772
0 0.791111 0.602965 0.080000 0.027771
0 0.148571 0.769357 0.080000 0.025888
0 0.543175 0.910332 0.075556 0.029183
0 0.885079 0.246999 0.086349 0.032714
0 0.249524 0.087550 0.078730 0.027771
0 0.320635 0.295128 0.078730 0.031066
0 0.640317 0.084490 0.074286 0.028713
0 0.717460 0.964580 0.083810 0.028948
0 0.546032 0.966580 0.086349 0.028713
0 0.143810 0.849847 0.092063 0.028242
0 0.401905 0.327960 0.078730 0.029889
0 0.640317 0.701577 0.085714 0.024947
0 0.561905 0.384326 0.072381 0.038127
0 0.394921 0.525653 0.078730 0.030831
0 0.230159 0.899859 0.076825 0.031301
0 0.493333 0.111791 0.063492 0.027771
0 0.388889 0.757119 0.076825 0.025418
0 0.796190 0.468816 0.086349 0.039539
0 0.544127 0.883620 0.087619 0.023300
0 0.236190 0.565192 0.066032 0.023770
0 0.465714 0.919157 0.074286 0.023300
0 0.157460 0.590021 0.088889 0.026359
0 0.313333 0.507531 0.074286 0.028007
0 0.719365 0.411979 0.068571 0.020475
0 0.408254 0.261356 0.077460 0.029419
0 0.154921 0.530713 0.069841 0.024476
0 0.154603 0.380913 0.089524 0.030360
0 0.543492 0.938809 0.078730 0.025418
0 0.406667 0.295599 0.088254 0.032949
0 0.399683 0.211697 0.078095 0.028477
0 0.157143 0.614027 0.086984 0.020711
0 0.639048 0.604378 0.078095 0.020240
0 0.642540 0.054954 0.083810 0.028948
0 0.794603 0.635091 0.075556 0.036008
0 0.556508 0.533302 0.074286 0.022123
0 0.713333 0.219228 0.088254 0.023770
0 0.714603 0.334432 0.086984 0.022123
0 0.389524 0.734526 0.078095 0.022123
0 0.239683 0.255943 0.079365 0.024241
0 0.563810 0.055660 0.072381 0.032714
0 0.240000 0.645799 0.073651 0.029654
0 0.640000 0.529654 0.076190 0.028477
0 0.146349 0.823370 0.075556 0.024241
0 0.147937 0.937279 0.085079 0.028007
0 0.308571 0.730760 0.077460 0.019299
0 0.240000 0.590139 0.069841 0.026124
0 0.717778 0.308779 0.083175 0.029654
0 0.634921 0.844552 0.081270 0.027065
0 0.232063 0.869028 0.079365 0.027536
0 0.811111 0.709932 0.079365 0.035538
0 0.719365 0.882443 0.081270 0.023300
0 0.888571 0.939162 0.079365 0.029419
0 0.798095 0.439162 0.081270 0.023535
0 0.798095 0.499294 0.077460 0.018593
0 0.888889 0.908920 0.080000 0.030595
0 0.811111 0.111909 0.080635 0.024712
0 0.227619 0.795011 0.073016 0.023535
0 0.722222 0.936573 0.088254 0.025653
0 0.884444 0.331960 0.086349 0.026594
0 0.568889 0.107319 0.064762 0.029183
0 0.719048 0.909390 0.089524 0.027771
0 0.396190 0.552130 0.076190 0.020240
0 0.313333 0.531301 0.076825 0.018122
0 0.808254 0.197105 0.085079 0.024712
0 0.721270 0.861026 0.083810 0.021417
0 0.637460 0.634855 0.078730 0.041186
0 0.145397 0.797364 0.082540 0.026359
0 0.239365 0.615439 0.071111 0.028713
0 0.154921 0.251118 0.088889 0.021181
0 0.798413 0.377971 0.064127 0.025418
0 0.319683 0.237821 0.073016 0.020005
0 0.387937 0.846905 0.083810 0.024241
0 0.399048 0.235703 0.079365 0.013886
0 0.879683 0.642269 0.081905 0.028713
0 0.230476 0.846081 0.080000 0.022594
0 0.813651 0.737585 0.079365 0.024947
0 0.327619 0.147682 0.077460 0.014827
0 0.637460 0.554483 0.074921 0.023535
0 0.882857 0.279831 0.076825 0.033890
0 0.884444 0.214286 0.072381 0.028007
0 0.801587 0.220169 0.080635 0.020946
0 0.866984 0.614851 0.059048 0.026124
0 0.880000 0.551071 0.078730 0.031301
0 0.880317 0.378560 0.084444 0.019534
0 0.863492 0.404095 0.053333 0.026830
0 0.243175 0.232878 0.080000 0.015768
0 0.876190 0.580019 0.074921 0.028948
0 0.882222 0.520711 0.092063 0.025653
0 0.881905 0.306190 0.086349 0.022594
0 0.882222 0.968345 0.080635 0.026594
0 0.896508 0.878442 0.086349 0.033184
0 0.817143 0.853848 0.095238 0.022594
