0 0.864192 0.072365 0.199837 0.135685
0 0.887847 0.214609 0.216150 0.132519
0 0.884992 0.358887 0.221860 0.113523
0 0.879282 0.518770 0.221860 0.130258
0 0.881321 0.663275 0.225938 0.139756
0 0.884176 0.802578 0.220228 0.111714
0 0.886215 0.934419 0.227569 0.131162
0 0.634584 0.059475 0.210440 0.108096
0 0.646003 0.211217 0.202284 0.123021
0 0.634584 0.369290 0.210440 0.138851
0 0.630098 0.518770 0.178630 0.109453
0 0.641517 0.674355 0.227569 0.157395
0 0.646003 0.809136 0.210440 0.109453
0 0.648858 0.936454 0.235726 0.127092
0 0.379690 0.066033 0.238989 0.123021
0 0.390701 0.214156 0.243067 0.166893
0 0.391109 0.374039 0.238989 0.140208
0 0.391925 0.512890 0.252039 0.133876
0 0.394780 0.666893 0.257749 0.157847
0 0.384176 0.822479 0.241436 0.137042
0 0.387031 0.959294 0.212887 0.075984
0 0.109706 0.072592 0.217781 0.111714
0 0.124388 0.210991 0.222675 0.093623
0 0.134584 0.364993 0.234910 0.141113
0 0.135808 0.523293 0.248777 0.129353
0 0.119494 0.668476 0.212887 0.129353
0 0.145188 0.806196 0.252855 0.139756
0 0.128874 0.942334 0.243067 0.115332
