0 0.798094 0.437917 0.151416 0.159739
0 0.203401 0.265317 0.135230 0.195469
0 0.373734 0.621019 0.145884 0.183619
0 0.622227 0.440834 0.143882 0.180817
0 0.623676 0.618501 0.137491 0.157087
0 0.211297 0.631424 0.130561 0.183891
0 0.196896 0.452882 0.145127 0.167591
0 0.373795 0.429991 0.136420 0.158618
0 0.800656 0.615662 0.160886 0.190347
0 0.790356 0.795854 0.145598 0.168397
0 0.202645 0.804731 0.153141 0.154830
0 0.626205 0.790923 0.146368 0.149551
0 0.623650 0.260235 0.143559 0.158675
0 0.797432 0.259462 0.164704 0.181421
0 0.376811 0.803625 0.130555 0.163097
0 0.374717 0.257251 0.155811 0.166814
