0 0.920696 0.299262 0.106087 0.110959
0 0.918609 0.426278 0.123478 0.121208
0 0.164522 0.588549 0.110609 0.085542
0 0.175565 0.175389 0.116348 0.093058
0 0.322609 0.231416 0.107478 0.079667
0 0.636087 0.103512 0.091304 0.067915
0 0.163826 0.404482 0.115826 0.092648
0 0.797652 0.284504 0.120870 0.084176
0 0.483478 0.251093 0.105391 0.120115
0 0.927913 0.190353 0.092348 0.084176
0 0.918783 0.544138 0.108174 0.080896
0 0.317478 0.160905 0.088522 0.057529
0 0.168261 0.488863 0.096870 0.082946
0 0.480609 0.161588 0.084000 0.055343
0 0.634435 0.168420 0.088696 0.055070
0 0.174522 0.678601 0.122261 0.079257
0 0.165217 0.318256 0.085913 0.060126
0 0.813652 0.191924 0.110783 0.068461
0 0.322609 0.410700 0.102609 0.071741
0 0.781565 0.898606 0.129043 0.098661
0 0.480435 0.338412 0.078435 0.056709
0 0.482261 0.404755 0.089739 0.065592
0 0.081739 0.904277 0.101913 0.093332
0 0.320000 0.322902 0.108870 0.105220
0 0.780435 0.647650 0.120522 0.108910
0 0.167478 0.254714 0.090087 0.051107
0 0.799826 0.530746 0.118609 0.116425
0 0.911913 0.634258 0.093043 0.072014
0 0.917130 0.935638 0.119478 0.076524
0 0.795217 0.399563 0.098957 0.112326
0 0.921652 0.754031 0.092000 0.067778
0 0.484087 0.287237 0.088870 0.049194
0 0.071826 0.797417 0.084174 0.100984
0 0.170783 0.914662 0.078957 0.076660
0 0.186870 0.768516 0.124348 0.076797
0 0.176870 0.840052 0.088348 0.064089
0 0.786870 0.774870 0.120522 0.120935
0 0.912696 0.839984 0.112348 0.108226
