0 0.914583 0.059246 0.054167 0.043088
0 0.920833 0.105925 0.050000 0.039497
0 0.921875 0.155296 0.064583 0.044883
0 0.926042 0.215440 0.047917 0.053860
0 0.925000 0.270197 0.058333 0.048474
0 0.931250 0.314183 0.058333 0.039497
0 0.929167 0.362657 0.062500 0.057451
0 0.928125 0.416517 0.047917 0.043088
0 0.931250 0.473968 0.045833 0.050269
0 0.931250 0.526032 0.054167 0.046679
0 0.932292 0.578097 0.052083 0.050269
0 0.929167 0.629264 0.050000 0.048474
0 0.926042 0.681329 0.039583 0.048474
0 0.926042 0.728905 0.047917 0.043088
0 0.923958 0.783662 0.047917 0.044883
0 0.929167 0.837522 0.050000 0.044883
0 0.853125 0.053860 0.052083 0.046679
0 0.857292 0.111311 0.060417 0.043088
0 0.864583 0.157989 0.066667 0.046679
0 0.866667 0.208259 0.050000 0.046679
0 0.867708 0.263914 0.052083 0.043088
0 0.873958 0.315081 0.052083 0.059246
0 0.873958 0.367145 0.056250 0.052065
0 0.869792 0.417415 0.052083 0.041293
0 0.875000 0.467684 0.062500 0.037702
0 0.879167 0.523339 0.050000 0.052065
0 0.881250 0.577199 0.062500 0.048474
0 0.872917 0.631957 0.062500 0.050269
0 0.868750 0.683124 0.054167 0.048474
0 0.870833 0.732496 0.070833 0.053860
0 0.865625 0.786355 0.056250 0.050269
0 0.796875 0.054758 0.052083 0.044883
0 0.796875 0.107720 0.064583 0.032316
0 0.802083 0.155296 0.066667 0.048474
0 0.804167 0.208259 0.058333 0.050269
0 0.815625 0.264811 0.052083 0.044883
0 0.817708 0.315081 0.060417 0.037702
0 0.813542 0.364452 0.072917 0.057451
0 0.810417 0.420108 0.054167 0.043088
0 0.811458 0.464991 0.047917 0.043088
0 0.820833 0.526032 0.058333 0.057451
0 0.812500 0.575404 0.054167 0.044883
0 0.807292 0.630162 0.064583 0.046679
0 0.806250 0.684022 0.058333 0.053860
0 0.806250 0.738779 0.062500 0.041293
0 0.806250 0.787253 0.054167 0.041293
0 0.814583 0.833932 0.058333 0.044883
0 0.740625 0.052962 0.056250 0.052065
0 0.736458 0.108618 0.052083 0.048474
0 0.739583 0.153501 0.054167 0.037702
0 0.740625 0.201975 0.052083 0.041293
0 0.746875 0.258528 0.056250 0.046679
0 0.744792 0.308797 0.060417 0.046679
0 0.750000 0.367145 0.050000 0.052065
0 0.750000 0.420108 0.045833 0.050269
0 0.752083 0.472172 0.062500 0.043088
0 0.741667 0.526930 0.058333 0.055655
0 0.751042 0.578995 0.060417 0.044883
0 0.746875 0.627469 0.056250 0.048474
0 0.744792 0.684022 0.056250 0.046679
0 0.751042 0.733393 0.052083 0.044883
0 0.745833 0.785458 0.054167 0.044883
0 0.745833 0.840215 0.054167 0.046679
0 0.682292 0.055655 0.060417 0.043088
0 0.677083 0.105027 0.062500 0.044883
0 0.681250 0.147217 0.045833 0.035907
0 0.681250 0.206463 0.066667 0.046679
0 0.688542 0.255835 0.060417 0.048474
0 0.686458 0.307002 0.056250 0.050269
0 0.690625 0.366248 0.068750 0.043088
0 0.694792 0.422801 0.060417 0.052065
0 0.688542 0.473070 0.056250 0.041293
0 0.687500 0.523339 0.058333 0.048474
0 0.686458 0.576302 0.060417 0.050269
0 0.689583 0.631059 0.058333 0.055655
0 0.684375 0.682226 0.056250 0.043088
0 0.684375 0.731598 0.052083 0.041293
0 0.680208 0.783662 0.047917 0.052065
0 0.682292 0.837522 0.047917 0.044883
0 0.619792 0.052962 0.056250 0.037702
0 0.623958 0.100539 0.056250 0.050269
0 0.628125 0.150808 0.056250 0.050269
0 0.626042 0.204668 0.056250 0.061041
0 0.632292 0.259425 0.060417 0.044883
0 0.632292 0.302513 0.060417 0.041293
0 0.633333 0.360862 0.050000 0.057451
0 0.635417 0.420108 0.054167 0.043088
0 0.633333 0.477558 0.058333 0.053860
0 0.628125 0.529623 0.043750 0.046679
0 0.631250 0.576302 0.050000 0.050269
0 0.631250 0.631059 0.050000 0.037702
0 0.632292 0.681329 0.047917 0.052065
0 0.626042 0.736086 0.047917 0.035907
0 0.626042 0.785458 0.047917 0.037702
0 0.627083 0.836625 0.054167 0.050269
0 0.565625 0.062837 0.052083 0.039497
0 0.568750 0.102334 0.045833 0.028725
0 0.571875 0.146320 0.056250 0.041293
0 0.568750 0.209156 0.050000 0.059246
0 0.571875 0.263016 0.047917 0.044883
0 0.571875 0.307899 0.043750 0.044883
0 0.570833 0.356373 0.050000 0.044883
0 0.571875 0.420108 0.047917 0.050269
0 0.573958 0.471275 0.056250 0.041293
0 0.568750 0.524237 0.050000 0.035907
0 0.576042 0.573609 0.060417 0.041293
0 0.571875 0.625673 0.060417 0.037702
0 0.568750 0.679533 0.058333 0.044883
0 0.573958 0.732496 0.060417 0.043088
0 0.570833 0.785458 0.054167 0.044883
0 0.566667 0.838420 0.041667 0.046679
0 0.514583 0.065530 0.054167 0.037702
0 0.511458 0.100539 0.047917 0.035907
0 0.518750 0.142729 0.054167 0.044883
0 0.515625 0.201077 0.056250 0.046679
0 0.521875 0.257630 0.064583 0.044883
0 0.519792 0.309695 0.060417 0.037702
0 0.513542 0.365350 0.047917 0.041293
0 0.515625 0.421903 0.056250 0.043088
0 0.516667 0.470377 0.054167 0.050269
0 0.518750 0.526930 0.050000 0.052065
0 0.513542 0.584381 0.056250 0.048474
0 0.516667 0.635548 0.058333 0.046679
0 0.513542 0.679533 0.047917 0.041293
0 0.510417 0.728007 0.045833 0.041293
0 0.506250 0.780072 0.050000 0.041293
0 0.509375 0.839318 0.056250 0.052065
0 0.455208 0.066427 0.060417 0.039497
0 0.455208 0.107720 0.052083 0.039497
0 0.456250 0.147217 0.054167 0.039497
0 0.457292 0.200180 0.056250 0.044883
0 0.455208 0.251346 0.052083 0.043088
0 0.458333 0.307002 0.058333 0.057451
0 0.456250 0.366248 0.054167 0.053860
0 0.462500 0.419210 0.050000 0.052065
0 0.459375 0.475763 0.056250 0.043088
0 0.458333 0.522442 0.054167 0.050269
0 0.457292 0.576302 0.047917 0.050269
0 0.453125 0.631059 0.060417 0.048474
0 0.454167 0.681329 0.058333 0.059246
0 0.451042 0.732496 0.060417 0.050269
0 0.454167 0.784560 0.050000 0.050269
0 0.447917 0.835727 0.062500 0.062837
0 0.396875 0.082585 0.060417 0.068223
0 0.397917 0.143627 0.050000 0.035907
0 0.393750 0.201077 0.058333 0.057451
0 0.397917 0.249551 0.037500 0.035907
0 0.326042 0.061939 0.047917 0.030521
0 0.338542 0.101436 0.052083 0.044883
0 0.333333 0.145422 0.050000 0.032316
0 0.338542 0.202873 0.064583 0.050269
0 0.336458 0.253142 0.052083 0.032316
0 0.339583 0.307899 0.054167 0.041293
0 0.337500 0.361759 0.058333 0.048474
0 0.339583 0.419210 0.050000 0.052065
0 0.337500 0.474865 0.054167 0.052065
0 0.340625 0.523339 0.064583 0.048474
0 0.331250 0.574506 0.058333 0.043088
0 0.336458 0.628366 0.064583 0.053860
0 0.333333 0.679533 0.062500 0.041293
0 0.337500 0.733393 0.062500 0.044883
0 0.335417 0.780072 0.054167 0.048474
0 0.329167 0.833932 0.054167 0.044883
0 0.279167 0.065530 0.045833 0.037702
0 0.276042 0.108618 0.056250 0.044883
0 0.276042 0.152603 0.052083 0.039497
0 0.280208 0.199282 0.056250 0.050269
0 0.276042 0.255835 0.047917 0.055655
0 0.277083 0.309695 0.050000 0.044883
0 0.277083 0.362657 0.058333 0.046679
0 0.276042 0.422801 0.056250 0.044883
0 0.283333 0.472172 0.058333 0.046679
0 0.277083 0.518851 0.050000 0.039497
0 0.273958 0.572711 0.056250 0.035907
0 0.277083 0.622083 0.045833 0.052065
0 0.268750 0.676840 0.054167 0.050269
0 0.273958 0.722621 0.043750 0.037702
0 0.272917 0.778276 0.058333 0.037702
0 0.265625 0.836625 0.047917 0.043088
0 0.220833 0.064632 0.050000 0.035907
0 0.219792 0.107720 0.068750 0.043088
0 0.212500 0.154399 0.058333 0.039497
0 0.221875 0.201975 0.052083 0.041293
0 0.217708 0.254039 0.064583 0.037702
0 0.221875 0.304309 0.060417 0.048474
0 0.220833 0.358169 0.050000 0.041293
0 0.228125 0.469479 0.047917 0.048474
0 0.219792 0.519749 0.056250 0.037702
0 0.217708 0.578097 0.047917 0.050269
0 0.221875 0.627469 0.043750 0.037702
0 0.221875 0.672352 0.052083 0.044883
0 0.212500 0.720826 0.041667 0.044883
0 0.214583 0.779174 0.045833 0.050269
0 0.218750 0.835727 0.045833 0.041293
0 0.156250 0.416517 0.050000 0.046679
0 0.157292 0.473070 0.052083 0.048474
0 0.159375 0.520646 0.035417 0.035907
0 0.159375 0.577199 0.047917 0.041293
0 0.160417 0.622980 0.050000 0.046679
0 0.159375 0.671454 0.047917 0.050269
0 0.156250 0.726212 0.045833 0.052065
0 0.156250 0.774686 0.041667 0.041293
0 0.158333 0.830341 0.058333 0.055655
0 0.109375 0.470377 0.047917 0.043088
0 0.106250 0.512567 0.058333 0.041293
0 0.106250 0.565530 0.054167 0.035907
0 0.106250 0.622083 0.041667 0.044883
0 0.106250 0.667864 0.041667 0.032316
0 0.107292 0.717235 0.043750 0.044883
0 0.108333 0.771095 0.054167 0.034111
0 0.106250 0.835727 0.045833 0.041293
0 0.055208 0.482047 0.047917 0.048474
