0 0.785067 0.172799 0.179565 0.110819
0 0.785671 0.317127 0.184401 0.126150
0 0.782648 0.449409 0.172310 0.130530
0 0.787183 0.592203 0.163241 0.140166
0 0.791415 0.722076 0.175333 0.119580
0 0.795042 0.868813 0.174123 0.123084
0 0.597642 0.161191 0.165054 0.117389
0 0.608222 0.296321 0.188634 0.124836
0 0.611850 0.442619 0.175333 0.137976
0 0.608827 0.585852 0.189843 0.109943
0 0.602781 0.719229 0.193470 0.120894
0 0.610943 0.858739 0.185611 0.123960
0 0.425333 0.163163 0.165054 0.104687
0 0.431076 0.302453 0.168077 0.129216
0 0.428658 0.446781 0.160822 0.140166
0 0.428960 0.592641 0.172310 0.141042
0 0.425030 0.724047 0.162031 0.126150
0 0.428053 0.859177 0.165659 0.142357
