0 0.789299 0.082567 0.136034 0.088918
0 0.786276 0.173894 0.123942 0.098117
0 0.790206 0.265659 0.122128 0.085414
0 0.787183 0.358081 0.119710 0.099431
0 0.788392 0.451161 0.128174 0.097240
0 0.789299 0.534823 0.085248 0.087604
0 0.787787 0.633158 0.135429 0.104687
0 0.789903 0.729523 0.131197 0.095926
0 0.789903 0.820193 0.131197 0.091546
0 0.791415 0.913710 0.140266 0.097240
0 0.658706 0.084100 0.137243 0.087604
0 0.658102 0.171047 0.142080 0.095050
0 0.655985 0.272668 0.125756 0.099431
0 0.657195 0.363119 0.128174 0.083224
0 0.662031 0.449409 0.134220 0.098117
0 0.657195 0.544021 0.140266 0.092860
0 0.652963 0.636881 0.107618 0.097240
0 0.659613 0.727770 0.091898 0.095050
0 0.653869 0.819098 0.117896 0.087604
0 0.655079 0.908892 0.117896 0.098117
0 0.525695 0.083224 0.144498 0.087604
0 0.527509 0.174770 0.137243 0.087604
0 0.521161 0.268944 0.141475 0.096364
0 0.519347 0.359615 0.141475 0.087604
0 0.518138 0.454446 0.133011 0.105563
0 0.516626 0.542926 0.126360 0.084538
0 0.518138 0.632282 0.147521 0.098555
0 0.511487 0.724047 0.134220 0.093736
0 0.519045 0.815375 0.131197 0.074025
0 0.512999 0.909330 0.172310 0.112133
0 0.380895 0.088480 0.126965 0.091984
0 0.382104 0.175427 0.120919 0.095050
0 0.386638 0.271792 0.129988 0.099431
0 0.389057 0.367937 0.122733 0.077968
0 0.389057 0.457950 0.145707 0.100307
0 0.391173 0.551029 0.133011 0.093736
0 0.394196 0.641042 0.141475 0.084538
0 0.393289 0.731056 0.125151 0.097240
0 0.395707 0.828077 0.129988 0.095050
0 0.391173 0.912615 0.135429 0.080158
0 0.249395 0.079282 0.117896 0.073587
0 0.257860 0.176741 0.137243 0.099431
0 0.251814 0.264564 0.122733 0.091984
0 0.254837 0.359834 0.131197 0.095926
0 0.256348 0.449628 0.146312 0.095926
0 0.253325 0.538765 0.134220 0.097240
0 0.258464 0.631625 0.136034 0.084100
0 0.254232 0.724047 0.123942 0.091984
0 0.258464 0.815375 0.138452 0.090670
0 0.263906 0.906921 0.144498 0.093298
