0 0.889078 0.035682 0.183163 0.065290
0 0.902730 0.111449 0.194539 0.075919
0 0.895620 0.206499 0.208760 0.085636
0 0.906143 0.492864 0.152446 0.085636
0 0.908134 0.585029 0.164391 0.090191
0 0.904152 0.678864 0.168942 0.088977
0 0.900171 0.765563 0.160978 0.080170
0 0.898180 0.849681 0.172924 0.085636
0 0.903299 0.937595 0.158134 0.083510
0 0.699090 0.036896 0.144482 0.073186
0 0.701081 0.118585 0.148464 0.079259
0 0.703356 0.203310 0.184869 0.079259
0 0.693970 0.292135 0.162685 0.089888
0 0.701081 0.380049 0.148464 0.068327
0 0.702218 0.496052 0.154152 0.105375
0 0.706200 0.600668 0.154152 0.106286
0 0.492890 0.196781 0.158703 0.070452
0 0.485779 0.326754 0.193402 0.116004
0 0.509954 0.444579 0.213311 0.095354
0 0.516212 0.554661 0.200796 0.098694
0 0.500853 0.668084 0.195108 0.091102
0 0.503129 0.787276 0.158703 0.080474
0 0.494027 0.907076 0.192833 0.096568
0 0.321388 0.044792 0.188851 0.083510
0 0.293800 0.159429 0.190557 0.091102
0 0.295791 0.256301 0.146758 0.092317
0 0.296928 0.367598 0.172924 0.088977
0 0.300057 0.482539 0.174630 0.106286
0 0.306883 0.600668 0.176906 0.095354
0 0.308874 0.715153 0.124005 0.078955
0 0.319113 0.840419 0.188851 0.095657
0 0.297782 0.943972 0.179181 0.092013
0 0.102958 0.054054 0.199090 0.102035
0 0.098692 0.170058 0.158703 0.095354
0 0.110922 0.281810 0.191126 0.082599
0 0.092435 0.398421 0.166667 0.103249
0 0.095563 0.516095 0.188851 0.112663
0 0.119170 0.634983 0.195108 0.100820
0 0.098692 0.753568 0.179181 0.104160
0 0.098692 0.863650 0.182594 0.105071
0 0.102673 0.952171 0.187144 0.073793
