0 0.751654 0.153507 0.141311 0.102898
0 0.744889 0.265330 0.154841 0.112348
0 0.737372 0.372428 0.148827 0.103948
0 0.735869 0.486350 0.145821 0.119698
0 0.738124 0.601323 0.147324 0.108148
0 0.738876 0.721021 0.154841 0.127047
0 0.736621 0.844393 0.147324 0.119698
0 0.582532 0.148257 0.172880 0.107098
0 0.578773 0.261130 0.162357 0.118648
0 0.585538 0.375577 0.166867 0.103948
0 0.578773 0.485825 0.150331 0.106048
0 0.575015 0.607098 0.163860 0.117598
0 0.576518 0.730470 0.163860 0.120748
0 0.581028 0.848068 0.166867 0.106048
0 0.406645 0.150882 0.160854 0.106048
0 0.411906 0.267430 0.171377 0.118648
0 0.407396 0.384502 0.138304 0.094498
0 0.413410 0.489500 0.144317 0.102898
0 0.411155 0.603948 0.157847 0.111298
0 0.408900 0.735195 0.159351 0.125997
0 0.415664 0.849118 0.166867 0.103948
0 0.254059 0.146157 0.153337 0.098698
0 0.250301 0.262180 0.151834 0.127047
0 0.254811 0.381352 0.142814 0.111298
0 0.255562 0.495800 0.156344 0.100798
0 0.254059 0.602373 0.144317 0.097648
0 0.254059 0.725745 0.144317 0.130197
0 0.253307 0.849118 0.148827 0.110248
