0 0.830338 0.104812 0.326638 0.199203
0 0.817918 0.298345 0.328224 0.197058
0 0.812368 0.492645 0.339323 0.195832
0 0.820825 0.683727 0.307611 0.186332
0 0.824789 0.876954 0.330338 0.206865
0 0.496036 0.109562 0.337738 0.206865
0 0.479387 0.299571 0.334038 0.174992
0 0.486786 0.486209 0.300211 0.149862
0 0.506342 0.681581 0.369979 0.210236
0 0.471987 0.896721 0.353066 0.197977
0 0.172304 0.096997 0.336152 0.190316
0 0.168605 0.297426 0.331924 0.212381
0 0.170455 0.513944 0.320825 0.229850
0 0.157241 0.725100 0.279598 0.194913
0 0.164641 0.905455 0.328224 0.189090
