0 0.716406 0.689722 0.028646 0.030176
0 0.449479 0.279952 0.028125 0.028085
0 0.339583 0.439349 0.027083 0.031969
0 0.530859 0.146848 0.031510 0.031969
0 0.581510 0.525545 0.026562 0.029878
0 0.494531 0.874813 0.027083 0.028682
0 0.582682 0.388706 0.026302 0.029878
0 0.398047 0.114879 0.023698 0.029579
0 0.525260 0.632357 0.030208 0.030176
0 0.449740 0.359576 0.029167 0.030774
0 0.345313 0.199880 0.025000 0.032268
0 0.522526 0.902301 0.029427 0.032268
0 0.664583 0.203615 0.026562 0.029579
0 0.718099 0.501344 0.025781 0.030475
0 0.171875 0.545713 0.034375 0.030774
0 0.263151 0.249029 0.028906 0.029579
0 0.445312 0.576636 0.027604 0.026890
0 0.420833 0.332238 0.028125 0.028682
0 0.502604 0.173439 0.026042 0.027786
0 0.500130 0.360323 0.027865 0.030475
0 0.777474 0.094264 0.026823 0.027786
0 0.831510 0.123543 0.027083 0.028981
0 0.346615 0.115178 0.025000 0.030176
0 0.557682 0.229609 0.027865 0.028981
0 0.717318 0.607111 0.029427 0.034658
0 0.634245 0.500149 0.025260 0.029878
0 0.439844 0.900807 0.027083 0.032865
0 0.413672 0.792501 0.026302 0.029579
0 0.202214 0.465940 0.028385 0.031969
0 0.238411 0.167165 0.027865 0.029579
0 0.583594 0.360920 0.027083 0.030475
0 0.529687 0.254108 0.028125 0.028981
0 0.413932 0.819092 0.025260 0.028384
0 0.525260 0.553331 0.027604 0.029878
0 0.424609 0.145802 0.026823 0.030475
0 0.496094 0.688378 0.027083 0.028682
0 0.340495 0.412310 0.027344 0.029280
0 0.555599 0.442785 0.028385 0.030475
0 0.423307 0.172094 0.027865 0.029280
0 0.388802 0.658948 0.029167 0.030176
0 0.552604 0.768449 0.026562 0.029280
0 0.558854 0.147894 0.028125 0.028682
0 0.370443 0.143263 0.023698 0.029579
0 0.416276 0.739916 0.025781 0.029579
0 0.492057 0.929638 0.026823 0.033164
0 0.281510 0.738124 0.026562 0.028981
0 0.553255 0.604721 0.026302 0.028085
0 0.528776 0.279803 0.025781 0.028384
0 0.416146 0.631909 0.025000 0.029280
0 0.577865 0.768151 0.026562 0.026292
0 0.611979 0.359426 0.026562 0.030475
0 0.210938 0.138183 0.027083 0.029579
0 0.689063 0.716014 0.031250 0.032566
0 0.527995 0.359725 0.028385 0.029878
0 0.494792 0.768449 0.027604 0.028682
0 0.502734 0.146250 0.025781 0.028981
0 0.238281 0.139827 0.028646 0.032268
0 0.281250 0.685241 0.026042 0.031969
0 0.209375 0.166567 0.025000 0.033164
0 0.389714 0.602928 0.027865 0.028085
0 0.448437 0.305497 0.024479 0.030176
0 0.467448 0.873618 0.025521 0.028085
0 0.412760 0.901404 0.028125 0.028085
0 0.336198 0.685390 0.025000 0.031670
0 0.501432 0.332985 0.027865 0.028384
0 0.639062 0.388109 0.027083 0.028682
0 0.523828 0.820436 0.029427 0.029878
0 0.346745 0.170899 0.025260 0.029280
0 0.420312 0.357634 0.025521 0.026890
0 0.171094 0.710786 0.030729 0.032268
0 0.371354 0.114132 0.024479 0.031073
0 0.335286 0.739319 0.026302 0.027189
0 0.610156 0.444278 0.028646 0.031073
0 0.445573 0.550941 0.026562 0.029878
0 0.126693 0.272184 0.025781 0.027487
0 0.266927 0.113385 0.028646 0.030176
0 0.938672 0.182850 0.031510 0.034658
0 0.417057 0.604272 0.028385 0.030774
0 0.580208 0.553481 0.025521 0.028981
0 0.338281 0.630565 0.027604 0.034359
0 0.527604 0.471467 0.028646 0.029878
0 0.831641 0.151927 0.027344 0.030774
0 0.280208 0.764117 0.028125 0.030774
0 0.579948 0.634598 0.025000 0.031073
0 0.451172 0.172841 0.027865 0.031969
0 0.448568 0.254258 0.027865 0.029878
0 0.236198 0.194503 0.026562 0.029878
0 0.495833 0.819540 0.025521 0.025097
0 0.911198 0.125784 0.027604 0.031073
0 0.467057 0.901554 0.026302 0.030774
0 0.315625 0.357036 0.027083 0.030475
0 0.552995 0.633254 0.024740 0.033164
0 0.662240 0.605916 0.028125 0.031670
0 0.417839 0.549298 0.026302 0.025993
0 0.447396 0.386465 0.028646 0.029579
0 0.581510 0.470571 0.025521 0.029878
0 0.346484 0.143860 0.025260 0.029579
0 0.285156 0.437855 0.025521 0.031371
0 0.438672 0.929041 0.027344 0.030176
0 0.477474 0.116672 0.026302 0.033762
0 0.717578 0.527935 0.026823 0.028682
0 0.252083 0.764715 0.026562 0.031969
0 0.417839 0.468180 0.026823 0.030475
0 0.529557 0.228563 0.026823 0.028085
0 0.581771 0.497460 0.024479 0.028682
0 0.530078 0.202420 0.026823 0.032566
0 0.318490 0.250672 0.026042 0.026890
0 0.665625 0.229758 0.027604 0.030475
0 0.368620 0.304751 0.025781 0.028085
0 0.688802 0.823275 0.031771 0.032566
0 0.320573 0.113983 0.028125 0.031969
0 0.910807 0.182701 0.026823 0.028981
0 0.495703 0.794891 0.026823 0.029579
0 0.939193 0.126232 0.028906 0.029579
0 0.384245 0.873469 0.026302 0.031371
0 0.582552 0.281147 0.025521 0.028682
0 0.637500 0.257544 0.024479 0.027487
0 0.339193 0.522558 0.026302 0.030475
0 0.313021 0.521811 0.027604 0.030774
0 0.251563 0.817448 0.028125 0.030475
0 0.554557 0.550493 0.026302 0.026591
0 0.309766 0.659247 0.030469 0.031371
0 0.368620 0.224828 0.026823 0.026591
0 0.293490 0.141619 0.025000 0.032268
0 0.388021 0.688079 0.028125 0.032865
0 0.496615 0.603526 0.025000 0.026292
0 0.582552 0.443083 0.026562 0.029878
0 0.553516 0.687929 0.025260 0.026591
0 0.910547 0.154915 0.028906 0.033164
0 0.397396 0.142366 0.026042 0.028981
0 0.470443 0.601285 0.022656 0.023603
0 0.416406 0.714072 0.027604 0.028085
0 0.471615 0.523155 0.024479 0.028085
0 0.287370 0.410816 0.024219 0.027487
0 0.335938 0.713325 0.028125 0.030774
0 0.425260 0.115925 0.025000 0.033463
0 0.413802 0.845981 0.028125 0.030774
0 0.449740 0.332537 0.028125 0.028085
0 0.556510 0.254706 0.025521 0.025993
0 0.556250 0.306991 0.025000 0.029579
0 0.638151 0.229907 0.025781 0.033762
0 0.171354 0.599492 0.027604 0.031371
0 0.475000 0.279653 0.025000 0.028682
0 0.582422 0.307738 0.025781 0.031670
0 0.341927 0.358829 0.025521 0.030475
0 0.663672 0.308635 0.024740 0.030475
0 0.266536 0.141470 0.028385 0.030774
0 0.521615 0.794592 0.027604 0.030176
0 0.494531 0.740962 0.025521 0.029280
0 0.312109 0.411264 0.026302 0.030774
0 0.446484 0.495518 0.025781 0.029579
0 0.471354 0.577383 0.023958 0.026591
0 0.663932 0.256648 0.027344 0.029878
0 0.532031 0.116522 0.026042 0.032268
0 0.529167 0.174485 0.027604 0.028682
0 0.476432 0.201524 0.024219 0.029579
0 0.609896 0.498506 0.026042 0.028384
0 0.691016 0.391545 0.029948 0.032566
0 0.279818 0.845981 0.027865 0.034359
0 0.609245 0.416492 0.026823 0.030475
0 0.583594 0.228115 0.022396 0.025396
0 0.262630 0.223484 0.026823 0.029280
0 0.497135 0.552584 0.027083 0.029579
0 0.474219 0.387362 0.023958 0.029579
0 0.314453 0.384822 0.026823 0.029280
0 0.636979 0.415895 0.024479 0.032268
0 0.312109 0.493427 0.028385 0.031969
0 0.939844 0.097998 0.030208 0.032865
0 0.103516 0.136092 0.027865 0.028384
0 0.446354 0.413056 0.025521 0.027786
0 0.420052 0.439946 0.027083 0.029579
0 0.416146 0.659247 0.025521 0.028384
0 0.320182 0.198088 0.029427 0.030475
0 0.470182 0.659845 0.026302 0.031969
0 0.576432 0.902151 0.028385 0.028981
0 0.230729 0.434867 0.028125 0.030774
0 0.415625 0.767404 0.026562 0.030176
0 0.133724 0.081117 0.031510 0.034957
0 0.440625 0.872871 0.027083 0.027189
0 0.233854 0.274275 0.026042 0.028085
0 0.263151 0.197789 0.027344 0.028682
0 0.522396 0.847027 0.027604 0.030475
0 0.212370 0.112041 0.028385 0.029878
0 0.443229 0.659845 0.025521 0.028981
0 0.521354 0.930535 0.027083 0.030774
0 0.609505 0.472363 0.028906 0.028085
0 0.368490 0.332238 0.027083 0.031073
0 0.608333 0.552584 0.026042 0.029579
0 0.232552 0.354198 0.026562 0.030774
0 0.716016 0.635793 0.025260 0.029280
0 0.582682 0.416194 0.026302 0.027487
0 0.689974 0.500299 0.027865 0.031969
0 0.575781 0.929041 0.025521 0.029579
0 0.557813 0.174634 0.026042 0.027189
0 0.422005 0.252764 0.026823 0.028682
0 0.497786 0.524500 0.024740 0.028384
0 0.555469 0.499104 0.027083 0.028981
0 0.583073 0.333732 0.026042 0.026890
0 0.394531 0.359128 0.027604 0.028682
0 0.280599 0.658500 0.025260 0.028682
0 0.471224 0.551539 0.022135 0.029878
0 0.639323 0.202868 0.026042 0.025097
0 0.233464 0.248581 0.024740 0.029878
0 0.418620 0.496265 0.025781 0.029878
0 0.442839 0.714371 0.026302 0.027487
0 0.259375 0.382133 0.026562 0.029878
0 0.661458 0.634897 0.025000 0.032865
0 0.525521 0.442486 0.025521 0.031670
0 0.474609 0.358978 0.025260 0.029579
0 0.465625 0.930684 0.027083 0.029878
0 0.099349 0.245593 0.025781 0.026292
0 0.690625 0.362563 0.028125 0.028384
0 0.555990 0.279653 0.025000 0.029878
0 0.440885 0.846878 0.026042 0.029579
0 0.475521 0.304900 0.026042 0.026591
0 0.388411 0.714969 0.024740 0.026890
0 0.527083 0.387959 0.025521 0.032566
0 0.688542 0.581416 0.024479 0.029280
0 0.415365 0.687183 0.025000 0.030475
0 0.630339 0.769943 0.027344 0.031670
0 0.316536 0.327756 0.027344 0.031670
0 0.334766 0.817150 0.030469 0.031670
0 0.770312 0.584404 0.029687 0.032268
0 0.551693 0.847475 0.023698 0.028981
0 0.391146 0.467583 0.028125 0.028682
0 0.283203 0.602032 0.026823 0.028085
0 0.282813 0.548700 0.025000 0.029579
0 0.259115 0.355542 0.025521 0.028085
0 0.553125 0.662832 0.026562 0.030176
0 0.209375 0.195100 0.027083 0.027487
0 0.611458 0.257395 0.027083 0.029579
0 0.391927 0.495369 0.026562 0.031073
0 0.446094 0.523454 0.024479 0.029878
0 0.885286 0.123245 0.025781 0.030774
0 0.556120 0.389154 0.028385 0.030176
0 0.389453 0.631013 0.029427 0.030475
0 0.449479 0.201673 0.029687 0.032268
0 0.635938 0.471467 0.023958 0.031670
0 0.313802 0.466238 0.028125 0.026591
0 0.307292 0.789214 0.024479 0.029579
0 0.498437 0.497311 0.023438 0.027189
0 0.523177 0.687631 0.025521 0.028384
0 0.609505 0.229907 0.027865 0.031969
0 0.716667 0.580669 0.025521 0.024201
0 0.469401 0.739319 0.023698 0.025993
0 0.747005 0.258142 0.023698 0.030475
0 0.254036 0.684643 0.022135 0.028981
0 0.910417 0.211234 0.028646 0.031073
0 0.688932 0.689872 0.026302 0.025695
0 0.252865 0.737377 0.026562 0.028682
0 0.286589 0.492531 0.028906 0.028981
0 0.495443 0.660741 0.024219 0.029579
0 0.442969 0.687481 0.026042 0.032268
0 0.368750 0.197789 0.024479 0.029878
0 0.208464 0.221094 0.024219 0.030475
0 0.495703 0.631162 0.021094 0.028981
0 0.503125 0.253959 0.026042 0.030475
0 0.319271 0.168808 0.025000 0.026890
0 0.254557 0.628324 0.027865 0.031073
0 0.576172 0.848073 0.027344 0.026591
0 0.253385 0.657903 0.029167 0.031073
0 0.255599 0.547356 0.030469 0.032268
0 0.580599 0.662235 0.025781 0.029579
0 0.317969 0.275769 0.028125 0.029280
0 0.689714 0.473110 0.025781 0.025396
0 0.334766 0.789812 0.026823 0.027786
0 0.858854 0.125934 0.028646 0.032566
0 0.344010 0.224978 0.022396 0.027487
0 0.470052 0.687183 0.025000 0.026890
0 0.287891 0.383179 0.022656 0.030176
0 0.295052 0.112638 0.023958 0.026890
0 0.128516 0.163878 0.025260 0.031969
0 0.718750 0.361966 0.023438 0.028981
0 0.500781 0.279355 0.024479 0.026292
0 0.499089 0.413654 0.026302 0.030176
0 0.256901 0.517180 0.026823 0.028682
0 0.693750 0.335226 0.029167 0.030475
0 0.255078 0.600388 0.027865 0.031969
0 0.909245 0.264117 0.025260 0.029280
0 0.526823 0.497012 0.026562 0.024201
0 0.745573 0.417986 0.024479 0.028682
0 0.689323 0.662982 0.026042 0.031073
0 0.662891 0.417090 0.026823 0.029878
0 0.441667 0.792501 0.027604 0.028981
0 0.691146 0.443681 0.027083 0.031670
0 0.493490 0.901255 0.026562 0.027786
0 0.492448 0.956678 0.026562 0.029878
0 0.804297 0.150433 0.024219 0.030176
0 0.549609 0.902151 0.025260 0.030774
0 0.467578 0.845981 0.025260 0.031371
0 0.280208 0.790260 0.027083 0.028682
0 0.385937 0.819241 0.027083 0.027487
0 0.502995 0.199432 0.026823 0.028981
0 0.633594 0.634001 0.027083 0.030475
0 0.307943 0.763669 0.026302 0.025097
0 0.660026 0.690320 0.026302 0.030774
0 0.420573 0.412011 0.025521 0.025695
0 0.473698 0.469973 0.023438 0.029280
0 0.524089 0.716014 0.029948 0.030774
0 0.554167 0.523902 0.025521 0.027786
0 0.284766 0.521512 0.027865 0.031969
0 0.498307 0.442038 0.026823 0.025993
0 0.476042 0.331939 0.027083 0.027487
0 0.319922 0.142665 0.022135 0.030176
0 0.660547 0.718405 0.027344 0.030774
0 0.310026 0.629818 0.029427 0.031670
0 0.610938 0.388258 0.030208 0.030176
0 0.311198 0.549148 0.022396 0.031073
0 0.230990 0.381685 0.028125 0.028981
0 0.447005 0.468330 0.026302 0.024798
0 0.634115 0.717807 0.029167 0.029579
0 0.251823 0.791007 0.027604 0.028981
0 0.334115 0.928742 0.028646 0.029579
0 0.440755 0.819540 0.025781 0.027487
0 0.292578 0.169107 0.022656 0.027487
0 0.632422 0.795937 0.027865 0.027487
0 0.283464 0.575889 0.025781 0.029579
0 0.716146 0.557514 0.025000 0.030475
0 0.524479 0.661339 0.030208 0.032566
0 0.170964 0.683747 0.027865 0.027786
0 0.638802 0.284284 0.022917 0.031371
0 0.169271 0.763071 0.030729 0.029280
0 0.635286 0.553780 0.026823 0.029579
0 0.689844 0.554526 0.024479 0.027487
0 0.387760 0.765312 0.026042 0.028384
0 0.555729 0.360920 0.023438 0.030475
0 0.635547 0.525844 0.024219 0.029280
0 0.444792 0.603675 0.021875 0.028981
0 0.770964 0.554526 0.028906 0.031670
0 0.521484 0.956379 0.027865 0.027487
0 0.338281 0.495518 0.022917 0.030774
0 0.172135 0.571855 0.029167 0.029878
0 0.127734 0.218405 0.026823 0.029280
0 0.469401 0.714670 0.025781 0.028682
0 0.688542 0.607559 0.025521 0.031969
0 0.419401 0.524350 0.029948 0.030475
0 0.264323 0.170003 0.025521 0.031670
0 0.336589 0.575590 0.025260 0.028384
0 0.310417 0.601882 0.025000 0.028384
0 0.468229 0.817747 0.024479 0.029878
0 0.289714 0.329848 0.028906 0.031073
0 0.235286 0.220645 0.026302 0.028981
0 0.688281 0.635644 0.026562 0.027786
0 0.448698 0.227667 0.027604 0.028085
0 0.468620 0.791754 0.024740 0.025097
0 0.503516 0.117120 0.028385 0.031073
0 0.280208 0.874066 0.026562 0.027786
0 0.285417 0.465940 0.027604 0.030176
0 0.551953 0.741709 0.023698 0.027786
0 0.557161 0.202569 0.023698 0.032268
0 0.558724 0.118912 0.023698 0.032268
0 0.412630 0.874664 0.025781 0.030176
0 0.936198 0.211234 0.025521 0.031073
0 0.383984 0.902002 0.026302 0.032865
0 0.829688 0.208097 0.029167 0.031969
0 0.202214 0.434419 0.027344 0.032268
0 0.306120 0.815805 0.026302 0.028981
0 0.472786 0.414102 0.022656 0.029280
0 0.686719 0.850314 0.031771 0.029878
0 0.690625 0.527189 0.027604 0.025993
0 0.392318 0.438901 0.026823 0.026292
0 0.610938 0.202271 0.026562 0.029878
0 0.609115 0.525246 0.028646 0.029878
0 0.311849 0.576188 0.026302 0.029579
0 0.254818 0.711085 0.027865 0.029878
0 0.450781 0.145503 0.023958 0.026890
0 0.421094 0.280102 0.023958 0.029579
0 0.213151 0.085151 0.027344 0.031073
0 0.386979 0.792949 0.028646 0.029280
0 0.908464 0.237526 0.025781 0.028085
0 0.638411 0.362265 0.025781 0.028981
0 0.719531 0.311174 0.024479 0.030176
0 0.575911 0.821781 0.029427 0.029579
0 0.631380 0.876158 0.027344 0.030774
0 0.716406 0.474007 0.024479 0.028981
0 0.278906 0.900956 0.025521 0.028981
0 0.385026 0.845683 0.026302 0.030176
0 0.553906 0.577084 0.026562 0.028384
0 0.527214 0.579624 0.029948 0.028085
0 0.342448 0.330893 0.027604 0.033164
0 0.472786 0.495817 0.023698 0.025993
0 0.498307 0.469674 0.024740 0.031670
0 0.417057 0.574993 0.025781 0.025993
0 0.720313 0.335973 0.023438 0.024201
0 0.939453 0.152375 0.026823 0.026292
0 0.443099 0.632507 0.022135 0.030475
0 0.523568 0.604422 0.023698 0.026890
0 0.394010 0.414102 0.028125 0.031073
0 0.555599 0.415745 0.029427 0.027786
0 0.168359 0.737526 0.030469 0.030774
0 0.342839 0.302510 0.023698 0.027189
0 0.261719 0.274574 0.026042 0.027487
0 0.746094 0.363012 0.023958 0.032268
0 0.828125 0.313266 0.028125 0.027189
0 0.636589 0.442635 0.023698 0.026591
0 0.612500 0.281894 0.027604 0.025396
0 0.661979 0.580072 0.025521 0.030176
0 0.663542 0.282492 0.024479 0.024798
0 0.339974 0.467583 0.026302 0.029878
0 0.662760 0.444278 0.025521 0.029878
0 0.281120 0.711234 0.025260 0.025993
0 0.635286 0.580370 0.026823 0.026591
0 0.772005 0.475351 0.033073 0.037048
0 0.633724 0.605916 0.024740 0.029878
0 0.104948 0.107260 0.028646 0.033463
0 0.259115 0.436361 0.029167 0.027786
0 0.128385 0.191963 0.028125 0.030176
0 0.411068 0.926501 0.027865 0.029280
0 0.397266 0.169854 0.024740 0.026591
0 0.886849 0.096803 0.026302 0.031073
0 0.230208 0.464745 0.028125 0.034359
0 0.307031 0.873768 0.026042 0.031371
0 0.775260 0.261428 0.028646 0.032865
0 0.394922 0.303555 0.024740 0.025695
0 0.423047 0.199134 0.027865 0.032566
0 0.443620 0.739916 0.024219 0.030176
0 0.687500 0.796982 0.029687 0.028384
0 0.251953 0.844786 0.026302 0.030176
0 0.714714 0.662982 0.022656 0.029878
0 0.307161 0.844189 0.026823 0.029579
0 0.497266 0.577980 0.025260 0.027189
0 0.203906 0.406932 0.028125 0.027487
0 0.279297 0.816851 0.024740 0.031670
0 0.475000 0.253809 0.022917 0.028981
0 0.660677 0.663579 0.030208 0.030475
0 0.393620 0.386465 0.026302 0.028384
0 0.308594 0.685689 0.028125 0.031073
0 0.906250 0.365701 0.029687 0.029280
0 0.153385 0.188378 0.024479 0.030774
0 0.579688 0.716014 0.024479 0.027786
0 0.858724 0.096355 0.030469 0.031969
0 0.548438 0.932029 0.023958 0.031371
0 0.126823 0.246191 0.027083 0.029280
0 0.663932 0.335524 0.025781 0.028085
0 0.256120 0.574096 0.028906 0.026591
0 0.663411 0.363460 0.027344 0.030774
0 0.336458 0.600538 0.023958 0.026292
0 0.419661 0.385270 0.024219 0.031371
0 0.804036 0.122348 0.024740 0.030774
0 0.423047 0.306842 0.027344 0.027487
0 0.576562 0.795190 0.027083 0.031371
0 0.634505 0.662683 0.027865 0.031073
0 0.125911 0.299671 0.028385 0.031073
0 0.494401 0.714072 0.022656 0.025695
0 0.155078 0.162982 0.025781 0.027189
0 0.582682 0.255303 0.022135 0.028981
0 0.523698 0.767702 0.028125 0.028981
0 0.390495 0.577233 0.024740 0.026292
0 0.580599 0.606812 0.026302 0.030475
0 0.389974 0.522259 0.025260 0.029878
0 0.476042 0.227667 0.025000 0.028682
0 0.099479 0.218853 0.027604 0.034957
0 0.525391 0.524948 0.024740 0.031670
0 0.773177 0.502689 0.028125 0.027189
0 0.527214 0.415148 0.027865 0.030176
0 0.550130 0.875112 0.023177 0.028085
0 0.451562 0.117568 0.025000 0.030774
0 0.338672 0.550493 0.024740 0.028384
0 0.395573 0.277711 0.025521 0.027189
0 0.260937 0.330744 0.026042 0.025695
0 0.521484 0.874216 0.023698 0.029878
0 0.232682 0.327308 0.024740 0.028981
0 0.307292 0.739020 0.026562 0.029579
0 0.550000 0.958171 0.022917 0.025695
0 0.747266 0.445175 0.023698 0.028682
0 0.472917 0.442187 0.026042 0.028085
0 0.632422 0.822229 0.025260 0.031670
0 0.662109 0.499402 0.027344 0.029579
0 0.252214 0.873768 0.027344 0.032566
0 0.883854 0.153122 0.030208 0.031969
0 0.383594 0.928294 0.026562 0.025097
0 0.831250 0.180610 0.028125 0.031371
0 0.317188 0.225575 0.026562 0.028085
0 0.208073 0.246489 0.025000 0.024500
0 0.500000 0.387661 0.025521 0.028384
0 0.288932 0.302510 0.026302 0.028384
0 0.257812 0.491634 0.027083 0.027786
0 0.638542 0.334030 0.027604 0.031073
0 0.494141 0.845533 0.021615 0.029878
0 0.288021 0.356289 0.025521 0.029579
0 0.447266 0.441141 0.026302 0.032566
0 0.334115 0.844338 0.024479 0.026292
0 0.556901 0.332985 0.026823 0.027786
0 0.155859 0.136540 0.026302 0.031670
0 0.368880 0.277711 0.025781 0.028384
0 0.576693 0.874963 0.026823 0.030774
0 0.185026 0.085748 0.025260 0.028085
0 0.395443 0.252465 0.025260 0.029878
0 0.394141 0.330296 0.025260 0.031371
0 0.308333 0.712877 0.028125 0.032865
0 0.771615 0.416941 0.026562 0.025396
0 0.744401 0.391395 0.024740 0.028682
0 0.124219 0.353600 0.026562 0.025396
0 0.584505 0.202121 0.025260 0.029579
0 0.883073 0.181356 0.028646 0.031073
0 0.098568 0.271885 0.023177 0.032865
0 0.307161 0.900657 0.027344 0.025993
0 0.551302 0.819540 0.026042 0.029878
0 0.829427 0.261876 0.028646 0.033164
0 0.422005 0.226173 0.026302 0.028085
0 0.692708 0.417239 0.030208 0.027189
0 0.772005 0.443681 0.028385 0.030475
0 0.241146 0.110547 0.027083 0.031670
0 0.720052 0.416941 0.021875 0.023603
0 0.687760 0.744398 0.026562 0.030176
0 0.581771 0.579624 0.027604 0.027487
0 0.171224 0.627278 0.027865 0.030774
0 0.333984 0.901105 0.029427 0.033463
0 0.250911 0.899910 0.026302 0.025097
0 0.370703 0.168957 0.022135 0.029579
0 0.282161 0.628772 0.025260 0.029579
0 0.771224 0.525993 0.027865 0.026591
0 0.529818 0.331939 0.026823 0.027487
0 0.907161 0.446220 0.026302 0.026591
0 0.579427 0.742307 0.025521 0.028384
0 0.311719 0.439797 0.028125 0.034060
0 0.443099 0.766209 0.026823 0.025993
0 0.395182 0.225426 0.024740 0.026591
0 0.662500 0.473708 0.026042 0.028981
0 0.553646 0.715716 0.028125 0.027189
0 0.369401 0.252017 0.027344 0.027189
0 0.633073 0.744398 0.028646 0.028981
0 0.828255 0.289364 0.024219 0.028384
0 0.686589 0.877203 0.031510 0.029280
0 0.177214 0.353750 0.027865 0.029878
0 0.910156 0.289812 0.025521 0.027487
0 0.203906 0.381088 0.022396 0.030176
0 0.575911 0.957873 0.026823 0.029280
0 0.257943 0.463549 0.026302 0.031371
0 0.411979 0.956229 0.028646 0.033164
0 0.662500 0.553481 0.022396 0.025396
0 0.396224 0.197789 0.024219 0.031670
0 0.170964 0.656110 0.028906 0.032268
0 0.688281 0.771586 0.028125 0.028384
0 0.303516 0.953690 0.026302 0.029878
0 0.529687 0.306543 0.026562 0.029878
0 0.387891 0.738273 0.023698 0.023304
0 0.290625 0.251120 0.027604 0.030774
0 0.342448 0.386316 0.026562 0.027487
0 0.174870 0.460860 0.025781 0.027189
0 0.171615 0.788915 0.030208 0.028981
0 0.230208 0.406334 0.025521 0.026292
0 0.173568 0.517180 0.025781 0.031670
0 0.692187 0.203316 0.025521 0.027189
0 0.631510 0.906334 0.030729 0.035554
0 0.611328 0.332985 0.021615 0.027786
0 0.774349 0.231999 0.022135 0.028981
0 0.906250 0.420675 0.029167 0.029280
0 0.262630 0.301763 0.025260 0.031073
0 0.152995 0.299821 0.026302 0.031371
0 0.334505 0.763669 0.023698 0.025097
0 0.663411 0.389901 0.025781 0.024500
0 0.906901 0.315208 0.024219 0.028682
0 0.101953 0.162235 0.025260 0.027487
0 0.125130 0.328055 0.027344 0.031670
0 0.290755 0.222737 0.025260 0.028384
0 0.476562 0.144906 0.023958 0.024500
0 0.907682 0.340305 0.024740 0.026292
0 0.552474 0.793995 0.025260 0.024201
0 0.470313 0.628623 0.026042 0.030475
0 0.317578 0.301613 0.027344 0.025396
0 0.158203 0.109352 0.024219 0.028682
0 0.304427 0.926501 0.023958 0.031670
0 0.174870 0.489543 0.025260 0.028981
0 0.334115 0.871826 0.028125 0.028682
0 0.259766 0.410367 0.026823 0.030176
0 0.938151 0.238721 0.032552 0.032865
0 0.120964 0.432925 0.025781 0.026292
0 0.169661 0.816552 0.025781 0.031073
0 0.882552 0.209441 0.026042 0.031073
0 0.204427 0.353600 0.021875 0.027189
0 0.524609 0.742008 0.028385 0.025396
0 0.468490 0.766806 0.023958 0.030176
0 0.905990 0.503436 0.025000 0.030475
0 0.477604 0.172991 0.024479 0.030475
0 0.630859 0.934120 0.033073 0.027189
0 0.149609 0.403645 0.022656 0.030475
0 0.389062 0.551837 0.030729 0.031073
0 0.233854 0.301016 0.027604 0.029579
0 0.151042 0.374216 0.024479 0.030774
0 0.555208 0.471467 0.026042 0.029878
0 0.826953 0.473857 0.026823 0.032865
0 0.500911 0.226621 0.025781 0.029579
0 0.123438 0.378697 0.028646 0.028981
0 0.826042 0.531521 0.028125 0.034060
0 0.777734 0.121601 0.026823 0.031073
0 0.129297 0.136092 0.019531 0.024798
0 0.291406 0.196893 0.027083 0.029878
0 0.639453 0.306394 0.022656 0.019420
0 0.746615 0.309083 0.022917 0.024798
0 0.631120 0.849567 0.021615 0.027189
0 0.183073 0.165372 0.026042 0.031371
0 0.153255 0.220645 0.025260 0.027189
0 0.383203 0.955333 0.031510 0.033762
0 0.179297 0.300866 0.026823 0.028682
0 0.638411 0.176576 0.026823 0.031670
0 0.805469 0.093965 0.028646 0.030176
0 0.502214 0.305348 0.028385 0.030475
0 0.176302 0.402450 0.025521 0.026890
0 0.747005 0.476845 0.026823 0.035255
0 0.881380 0.235584 0.027344 0.026591
0 0.827344 0.362414 0.020833 0.025097
0 0.133594 0.050941 0.030208 0.030774
0 0.267318 0.086495 0.024740 0.029579
0 0.179557 0.274574 0.026302 0.029280
0 0.343229 0.276666 0.023958 0.029878
0 0.336849 0.657604 0.023698 0.025097
0 0.719531 0.397520 0.022396 0.019420
0 0.185286 0.112937 0.026823 0.027487
0 0.439323 0.957126 0.027604 0.030774
0 0.828906 0.234538 0.024479 0.023304
0 0.152083 0.270541 0.025000 0.031371
0 0.778776 0.064386 0.028385 0.035554
0 0.663151 0.526591 0.025260 0.031969
0 0.149089 0.436212 0.026302 0.032865
0 0.775521 0.310875 0.021354 0.025396
0 0.692839 0.229609 0.025781 0.031969
0 0.720182 0.284135 0.025781 0.025695
0 0.773958 0.287870 0.027083 0.030774
0 0.692839 0.175978 0.022656 0.026890
0 0.720573 0.260084 0.025521 0.028384
0 0.664453 0.177472 0.024740 0.028085
0 0.772786 0.391246 0.024219 0.031969
0 0.135026 0.108754 0.020573 0.025097
0 0.580208 0.689423 0.025521 0.028981
0 0.613802 0.305946 0.020313 0.025097
0 0.633724 0.690618 0.024740 0.028981
0 0.208464 0.271138 0.023698 0.024201
0 0.906250 0.473558 0.025000 0.032865
0 0.685937 0.904541 0.030208 0.030176
0 0.693620 0.307738 0.025781 0.032268
0 0.583854 0.176128 0.022917 0.028384
0 0.685026 0.933074 0.029427 0.031073
0 0.179297 0.326412 0.025781 0.029579
0 0.906510 0.391993 0.028646 0.032268
0 0.772917 0.203466 0.028646 0.030475
0 0.149609 0.462504 0.026302 0.026890
0 0.175911 0.433074 0.026823 0.028981
0 0.693490 0.260980 0.027604 0.031371
0 0.333203 0.954437 0.027344 0.030774
0 0.639062 0.096056 0.025000 0.022408
0 0.627344 0.957126 0.027083 0.030774
0 0.466016 0.957723 0.023177 0.029579
0 0.803385 0.183597 0.026042 0.030774
0 0.685937 0.959068 0.028125 0.025695
0 0.827344 0.336122 0.023958 0.028682
0 0.152474 0.324768 0.024740 0.027487
0 0.184245 0.137735 0.025781 0.029878
0 0.718750 0.208246 0.029167 0.029878
0 0.151562 0.348969 0.023438 0.027487
0 0.716927 0.446071 0.024479 0.031670
0 0.176953 0.379146 0.027865 0.029280
0 0.748437 0.334777 0.023438 0.027786
0 0.347526 0.085748 0.023698 0.030475
0 0.826432 0.390648 0.023177 0.028981
0 0.342839 0.250224 0.021094 0.027189
0 0.826172 0.419779 0.022656 0.028682
0 0.289844 0.276068 0.026042 0.028085
0 0.206380 0.327308 0.026823 0.027786
0 0.773958 0.183298 0.028125 0.021811
0 0.883333 0.288766 0.027083 0.032566
0 0.717708 0.183298 0.029687 0.030774
0 0.186198 0.055871 0.023438 0.032268
0 0.584635 0.140574 0.025000 0.026591
0 0.096875 0.350314 0.018750 0.024201
0 0.827344 0.502540 0.021875 0.022707
0 0.692969 0.283687 0.023438 0.027786
0 0.744661 0.284733 0.022656 0.025695
0 0.207031 0.302062 0.027083 0.033463
0 0.728646 0.093517 0.014063 0.019719
0 0.880729 0.341500 0.027083 0.030475
0 0.719401 0.384972 0.024219 0.021213
0 0.747656 0.175082 0.023438 0.024500
0 0.180729 0.195249 0.022917 0.032566
0 0.169010 0.926800 0.029167 0.031073
0 0.121354 0.410069 0.025521 0.026591
0 0.178255 0.221990 0.023177 0.022707
0 0.249870 0.923812 0.024740 0.026890
0 0.641797 0.121004 0.025260 0.035853
0 0.746354 0.609650 0.018750 0.028384
0 0.170443 0.844189 0.028906 0.028384
0 0.153516 0.248431 0.025260 0.030774
0 0.639974 0.148342 0.023698 0.028384
0 0.447135 0.401404 0.026562 0.018823
0 0.882031 0.259486 0.022917 0.024798
0 0.694531 0.148491 0.026042 0.032865
0 0.169141 0.957574 0.029427 0.034060
0 0.169141 0.899462 0.028906 0.028981
0 0.167578 0.873469 0.026302 0.025396
0 0.660026 0.707350 0.026302 0.017030
0 0.661198 0.565432 0.022917 0.017628
0 0.360938 0.571258 0.028125 0.025695
0 0.368099 0.663281 0.019010 0.024500
0 0.726432 0.069316 0.019531 0.032268
0 0.177083 0.414999 0.027083 0.019719
0 0.355339 0.225725 0.017969 0.027786
0 0.909896 0.100239 0.022917 0.025396
0 0.746224 0.232895 0.024740 0.027786
0 0.774740 0.337168 0.026042 0.026591
0 0.775130 0.363759 0.026823 0.026591
0 0.829557 0.443980 0.018490 0.020317
0 0.697005 0.064535 0.023177 0.017329
0 0.728646 0.117419 0.017708 0.020317
0 0.750000 0.117419 0.027083 0.024500
0 0.750521 0.145653 0.029687 0.027786
0 0.663932 0.118464 0.029948 0.022408
0 0.612370 0.115775 0.025260 0.023603
0 0.613281 0.143561 0.025000 0.027786
0 0.612891 0.173887 0.024219 0.024500
0 0.583984 0.085300 0.022135 0.026591
0 0.665755 0.144458 0.024219 0.027786
0 0.252865 0.954437 0.028125 0.031969
