0 0.288469 0.391829 0.028724 0.022410
0 0.362126 0.164627 0.027082 0.024134
0 0.308474 0.046802 0.028108 0.023617
0 0.441629 0.096880 0.027288 0.023099
0 0.544419 0.133942 0.021543 0.022755
0 0.078580 0.409067 0.025441 0.024823
0 0.569758 0.158938 0.025441 0.023444
0 0.803037 0.042234 0.026672 0.018962
0 0.389721 0.207119 0.024826 0.021203
0 0.361920 0.188416 0.025851 0.024479
0 0.643004 0.065592 0.026262 0.022582
0 0.390952 0.228926 0.029750 0.023099
0 0.445425 0.434322 0.027493 0.022927
0 0.234715 0.833132 0.027082 0.021031
0 0.867357 0.836752 0.026467 0.023099
0 0.136541 0.547492 0.025236 0.023789
0 0.339865 0.411222 0.027288 0.020514
0 0.622589 0.177038 0.026877 0.025513
0 0.190603 0.635408 0.025851 0.024479
0 0.523389 0.320376 0.025031 0.021203
0 0.391465 0.299604 0.026262 0.020341
0 0.392388 0.945182 0.025646 0.023789
0 0.468096 0.164885 0.024826 0.023272
0 0.370948 0.632994 0.026672 0.023789
0 0.468404 0.141096 0.024210 0.024306
0 0.319348 0.695742 0.024826 0.021376
0 0.472302 0.878986 0.023800 0.023789
0 0.287751 0.369591 0.025646 0.022065
0 0.568322 0.043699 0.023389 0.017756
0 0.359151 0.096104 0.025236 0.022582
0 0.205991 0.051629 0.025851 0.022927
0 0.129873 0.053353 0.025441 0.024306
0 0.316167 0.544044 0.022979 0.022410
0 0.524518 0.365885 0.023595 0.023961
0 0.281699 0.051715 0.022979 0.021720
0 0.334017 0.095415 0.022979 0.023961
0 0.314834 0.922513 0.024005 0.022927
0 0.053960 0.171177 0.023800 0.021720
0 0.287238 0.347009 0.023389 0.021376
0 0.465839 0.045337 0.024415 0.026547
0 0.362331 0.208929 0.024210 0.018962
0 0.366434 0.922513 0.025031 0.024651
0 0.155109 0.097742 0.022158 0.018962
0 0.103406 0.144716 0.024210 0.026720
0 0.283956 0.098173 0.025031 0.022927
0 0.263849 0.854594 0.028314 0.024996
0 0.315860 0.521117 0.026467 0.022755
0 0.363767 0.277366 0.025851 0.025168
0 0.492204 0.050336 0.025441 0.022065
0 0.387977 0.185744 0.024620 0.022238
0 0.494666 0.184968 0.022158 0.023789
0 0.573759 0.321410 0.021953 0.021893
0 0.415162 0.120410 0.026057 0.022582
0 0.569758 0.134977 0.025031 0.022065
0 0.182396 0.900879 0.027082 0.025168
0 0.413726 0.046113 0.025236 0.019824
0 0.420189 0.899242 0.027903 0.025340
0 0.333607 0.121445 0.024210 0.022927
0 0.602688 0.452767 0.025646 0.022582
0 0.234510 0.810033 0.026262 0.024479
0 0.368999 0.588950 0.024826 0.024651
0 0.290624 0.412774 0.025646 0.018445
0 0.075810 0.078952 0.021953 0.024134
0 0.361920 0.141355 0.026672 0.021376
0 0.337710 0.300034 0.028314 0.024306
0 0.051908 0.147819 0.024620 0.024306
0 0.671420 0.131701 0.025646 0.018962
0 0.750000 0.108085 0.025236 0.021376
0 0.775133 0.064644 0.027082 0.023444
0 0.235433 0.326840 0.024826 0.024479
0 0.466147 0.072918 0.023800 0.025168
0 0.597148 0.183503 0.024005 0.026720
0 0.420497 0.521376 0.025236 0.024996
0 0.569553 0.113256 0.026672 0.022065
0 0.392491 0.344768 0.026672 0.021720
0 0.106894 0.352008 0.025031 0.023789
0 0.494255 0.139545 0.022979 0.022238
0 0.802421 0.018359 0.025851 0.027409
0 0.575092 0.452767 0.024620 0.023272
0 0.418650 0.833218 0.022364 0.022582
0 0.365716 0.388209 0.026057 0.020341
0 0.287238 0.788485 0.024210 0.018273
0 0.852072 0.571539 0.028314 0.023272
0 0.259027 0.073780 0.025236 0.018617
0 0.643106 0.043268 0.024826 0.020341
0 0.413213 0.023099 0.026262 0.024823
0 0.444707 0.320634 0.026467 0.023099
0 0.698297 0.153249 0.024826 0.028271
0 0.522774 0.297793 0.025031 0.022927
0 0.335146 0.164885 0.025646 0.023617
0 0.671317 0.154370 0.023389 0.027064
0 0.594378 0.090588 0.021748 0.024996
0 0.311654 0.301931 0.025851 0.021893
0 0.392183 0.389933 0.024826 0.019652
0 0.288469 0.899414 0.023800 0.026375
0 0.359561 0.069902 0.024826 0.022927
0 0.544830 0.112481 0.020722 0.019479
0 0.313295 0.392777 0.023389 0.021548
0 0.210710 0.523099 0.020927 0.023961
0 0.260874 0.371574 0.026057 0.025340
0 0.362844 0.229616 0.026467 0.023789
0 0.440295 0.045423 0.025441 0.023961
0 0.644645 0.087313 0.024620 0.018790
0 0.128950 0.146526 0.025646 0.023099
0 0.722712 0.110240 0.025236 0.023272
0 0.234510 0.766333 0.026672 0.022582
0 0.235023 0.145751 0.025646 0.021548
0 0.418034 0.345458 0.024415 0.023444
0 0.748872 0.085158 0.025851 0.023099
0 0.110484 0.522410 0.026467 0.021893
0 0.333607 0.046027 0.023389 0.019997
0 0.449528 0.542924 0.027903 0.022582
0 0.131514 0.967937 0.024210 0.023789
0 0.258002 0.052146 0.022774 0.021893
0 0.284674 0.193070 0.026057 0.022755
0 0.441629 0.121100 0.026467 0.024651
0 0.470968 0.322100 0.024826 0.023272
0 0.286828 0.303396 0.021748 0.022065
0 0.519696 0.091191 0.026262 0.023789
0 0.235843 0.457766 0.026467 0.022238
0 0.184448 0.923375 0.027493 0.018790
0 0.569963 0.183330 0.024210 0.025340
0 0.284674 0.122134 0.026467 0.022238
0 0.183627 0.279004 0.028314 0.025685
0 0.387362 0.120927 0.025851 0.023961
0 0.478149 0.716256 0.024826 0.024134
0 0.470661 0.299862 0.025851 0.021548
0 0.391670 0.322617 0.025031 0.021548
0 0.107612 0.461127 0.025646 0.019997
0 0.133463 0.480607 0.024826 0.020341
0 0.359766 0.021893 0.025646 0.021720
0 0.751744 0.154198 0.026672 0.025340
0 0.695630 0.064472 0.023595 0.022755
0 0.422343 0.587140 0.025236 0.023099
0 0.259746 0.303655 0.024620 0.024651
0 0.476816 0.633684 0.023800 0.022410
0 0.365819 0.345113 0.024210 0.024134
0 0.107920 0.420186 0.021748 0.018445
0 0.263541 0.435701 0.027698 0.021548
0 0.387464 0.096794 0.024415 0.024306
0 0.568937 0.088950 0.024620 0.025513
0 0.077965 0.382951 0.027903 0.023961
0 0.648030 0.295983 0.025236 0.019652
0 0.334941 0.188847 0.023184 0.024306
0 0.494563 0.162644 0.023184 0.020858
0 0.130899 0.877176 0.028724 0.023961
0 0.284058 0.170229 0.021953 0.021548
0 0.107612 0.481986 0.027698 0.022065
0 0.702811 0.902948 0.024826 0.023789
0 0.575297 0.368299 0.023389 0.022927
0 0.521440 0.898724 0.024415 0.023961
0 0.055909 0.567057 0.024415 0.021893
0 0.162290 0.523789 0.025851 0.024651
0 0.674703 0.340372 0.025646 0.023617
0 0.361715 0.045940 0.024620 0.020514
0 0.360074 0.119721 0.024620 0.019824
0 0.724867 0.179107 0.027493 0.026892
0 0.748564 0.062748 0.026057 0.022755
0 0.081760 0.484658 0.024826 0.024306
0 0.497538 0.207809 0.025031 0.022582
0 0.180140 0.098173 0.024620 0.019824
0 0.388080 0.164110 0.022364 0.022065
0 0.235023 0.922255 0.024826 0.026202
0 0.183422 0.877607 0.025441 0.022065
0 0.287854 0.945096 0.025031 0.021548
0 0.420291 0.923892 0.024415 0.023617
0 0.470045 0.276159 0.023389 0.026202
0 0.260874 0.327444 0.024415 0.021893
0 0.594276 0.066626 0.026057 0.023617
0 0.317809 0.633425 0.025441 0.022582
0 0.472302 0.345027 0.024210 0.022582
0 0.231637 0.025082 0.024620 0.025685
0 0.624641 0.320462 0.025236 0.020686
0 0.543496 0.066971 0.025851 0.021893
0 0.444604 0.368385 0.025851 0.021720
0 0.597046 0.158076 0.026672 0.025168
0 0.599918 0.855197 0.023389 0.018273
0 0.309910 0.144889 0.025236 0.024651
0 0.450349 0.632736 0.022569 0.019824
0 0.262721 0.767885 0.027698 0.024996
0 0.598277 0.342613 0.025031 0.023617
0 0.497230 0.230047 0.026057 0.022927
0 0.618486 0.066195 0.025236 0.022065
0 0.826939 0.303137 0.026877 0.021893
0 0.522466 0.208326 0.025646 0.022927
0 0.110689 0.569643 0.025236 0.026030
0 0.106894 0.328219 0.025031 0.023444
0 0.471892 0.945527 0.025851 0.021720
0 0.544112 0.089554 0.022569 0.023617
0 0.106483 0.212377 0.023800 0.019307
0 0.363870 0.321152 0.026057 0.023444
0 0.424292 0.633339 0.025441 0.019652
0 0.668958 0.108947 0.024415 0.025168
0 0.131001 0.853474 0.028108 0.022410
0 0.721994 0.063006 0.026262 0.023961
0 0.309807 0.275901 0.027493 0.022582
0 0.287957 0.326064 0.025646 0.019824
0 0.179421 0.025858 0.026057 0.024479
0 0.180755 0.076452 0.025851 0.022582
0 0.519594 0.157731 0.026057 0.024134
0 0.392183 0.410446 0.025236 0.021720
0 0.207222 0.170315 0.025851 0.024823
0 0.472507 0.368299 0.024210 0.023272
0 0.157468 0.233408 0.024415 0.023789
0 0.292060 0.634546 0.024005 0.023789
0 0.444809 0.206430 0.026672 0.019135
0 0.339146 0.455956 0.023800 0.016549
0 0.544625 0.157559 0.021543 0.021031
0 0.130283 0.077573 0.025031 0.021720
0 0.419265 0.946733 0.026877 0.021376
0 0.394645 0.544044 0.026467 0.023789
0 0.283545 0.074815 0.026262 0.023444
0 0.519696 0.133167 0.026672 0.023272
0 0.285187 0.278573 0.020927 0.025513
0 0.501847 0.564816 0.028724 0.022238
0 0.387362 0.072229 0.025441 0.025168
0 0.441526 0.142303 0.024210 0.019135
0 0.529032 0.632132 0.026877 0.021720
0 0.366332 0.409585 0.023184 0.023789
0 0.620743 0.130409 0.023595 0.017756
0 0.260259 0.348647 0.025646 0.020514
0 0.365511 0.947078 0.025646 0.025513
0 0.207017 0.193156 0.023389 0.019824
0 0.774415 0.016807 0.027698 0.023961
0 0.473636 0.431219 0.025236 0.023961
0 0.415367 0.188071 0.024826 0.021376
0 0.524108 0.856663 0.024005 0.022582
0 0.209787 0.371660 0.025646 0.021720
0 0.259643 0.191002 0.024826 0.022410
0 0.418034 0.367868 0.026057 0.020341
0 0.495486 0.900017 0.022979 0.024479
0 0.450657 0.696949 0.026057 0.018962
0 0.339249 0.346492 0.026467 0.018962
0 0.130181 0.192812 0.024826 0.022238
0 0.183422 0.855197 0.023800 0.020686
0 0.417829 0.410533 0.024826 0.022582
0 0.157058 0.812015 0.024415 0.024651
0 0.340788 0.521807 0.024210 0.024134
0 0.234920 0.875280 0.025031 0.024651
0 0.104945 0.853474 0.023184 0.026202
0 0.421522 0.544044 0.023595 0.024479
0 0.524928 0.409843 0.024415 0.021203
0 0.696861 0.109464 0.024415 0.022410
0 0.208043 0.854508 0.025851 0.021720
0 0.414547 0.067488 0.024826 0.019824
0 0.802524 0.063437 0.027288 0.022755
0 0.208043 0.811153 0.027082 0.021203
0 0.498051 0.388554 0.023595 0.021031
0 0.698195 0.130409 0.025441 0.017756
0 0.237998 0.521807 0.028724 0.023099
0 0.626385 0.408981 0.022979 0.022238
0 0.285905 0.213756 0.027288 0.019307
0 0.398543 0.634287 0.024826 0.021548
0 0.493229 0.069729 0.025031 0.018100
0 0.130283 0.099897 0.024210 0.023617
0 0.311961 0.789605 0.025236 0.022927
0 0.621256 0.151008 0.024210 0.024479
0 0.050882 0.833649 0.026672 0.022410
0 0.751539 0.180141 0.025851 0.023444
0 0.501231 0.541976 0.026672 0.021376
0 0.314731 0.458714 0.024210 0.020341
0 0.107304 0.398638 0.022979 0.024996
0 0.619717 0.109722 0.022774 0.022582
0 0.334325 0.069902 0.025236 0.023617
0 0.344276 0.588605 0.023389 0.022582
0 0.233073 0.097914 0.022569 0.019307
0 0.418034 0.275211 0.025646 0.019479
0 0.414854 0.142217 0.025441 0.021031
0 0.525339 0.519652 0.024005 0.021548
0 0.262618 0.395449 0.024620 0.019307
0 0.371153 0.675142 0.024620 0.018100
0 0.424395 0.654456 0.025646 0.021203
0 0.474661 0.477331 0.024415 0.023789
0 0.821912 0.719790 0.026672 0.019824
0 0.365408 0.522238 0.023389 0.026030
0 0.478867 0.694794 0.024620 0.018100
0 0.183320 0.143596 0.025236 0.025513
0 0.830735 0.017238 0.024210 0.026547
0 0.211018 0.461127 0.024415 0.020341
0 0.472712 0.453629 0.023800 0.022582
0 0.419984 0.474832 0.024210 0.022927
0 0.804678 0.113515 0.023389 0.023617
0 0.696451 0.087399 0.026057 0.020686
0 0.646492 0.130150 0.024620 0.024823
0 0.597969 0.207292 0.026057 0.020858
0 0.290111 0.522496 0.020517 0.021720
0 0.263028 0.457680 0.026262 0.023099
0 0.307755 0.166954 0.024210 0.020514
0 0.520414 0.184020 0.022774 0.026720
0 0.286418 0.233322 0.026672 0.021203
0 0.315142 0.437252 0.021338 0.019824
0 0.128539 0.123858 0.026877 0.022238
0 0.335351 0.143251 0.025646 0.019307
0 0.597251 0.297276 0.024620 0.022582
0 0.159622 0.350371 0.029955 0.024651
0 0.418342 0.856232 0.025441 0.020341
0 0.475585 0.588605 0.025441 0.022582
0 0.234715 0.233149 0.022979 0.020169
0 0.762413 0.830719 0.024620 0.021376
0 0.340070 0.833649 0.026057 0.022065
0 0.339762 0.810119 0.025851 0.023961
0 0.184448 0.304516 0.027082 0.024306
0 0.387259 0.049388 0.024826 0.020858
0 0.413931 0.093863 0.026877 0.027754
0 0.423574 0.676952 0.026467 0.022755
0 0.055396 0.215222 0.027493 0.022238
0 0.339454 0.945440 0.024415 0.023272
0 0.338941 0.324685 0.024210 0.023617
0 0.132540 0.396225 0.026672 0.021893
0 0.155929 0.146440 0.025851 0.026720
0 0.440706 0.021289 0.027082 0.021548
0 0.180140 0.119721 0.025441 0.022582
0 0.493742 0.116876 0.024005 0.022065
0 0.444194 0.344423 0.024620 0.024134
0 0.730304 0.926047 0.021953 0.020341
0 0.724661 0.132219 0.025031 0.017928
0 0.774005 0.523444 0.024415 0.023272
0 0.876590 0.678590 0.025236 0.021548
0 0.211120 0.481641 0.022569 0.018273
0 0.341916 0.546113 0.024005 0.024134
0 0.365101 0.876401 0.025646 0.019997
0 0.875667 0.699966 0.027082 0.018790
0 0.725790 0.207550 0.027698 0.023789
0 0.260053 0.277711 0.023595 0.025168
0 0.417727 0.299776 0.024620 0.026202
0 0.599610 0.367092 0.023595 0.024306
0 0.522979 0.833132 0.020927 0.021376
0 0.525236 0.388898 0.024210 0.022065
0 0.261695 0.142820 0.026877 0.023961
0 0.720353 0.038786 0.024620 0.022755
0 0.724046 0.153249 0.025441 0.023789
0 0.730919 0.948457 0.026467 0.024823
0 0.625975 0.342441 0.022569 0.023617
0 0.206812 0.120410 0.026262 0.022238
0 0.105765 0.233408 0.022364 0.022410
0 0.544932 0.182038 0.024620 0.023099
0 0.208453 0.898638 0.024210 0.025513
0 0.830222 0.067919 0.027288 0.024134
0 0.763131 0.788485 0.022774 0.019997
0 0.494255 0.091967 0.026672 0.027754
0 0.081042 0.208843 0.025031 0.022927
0 0.131719 0.232460 0.025031 0.020514
0 0.909828 0.572832 0.026467 0.023444
0 0.696861 0.179710 0.025236 0.023617
0 0.208248 0.212377 0.025441 0.018962
0 0.673779 0.272022 0.025441 0.022065
0 0.075708 0.055766 0.023800 0.022582
0 0.309089 0.187985 0.023595 0.018445
0 0.848071 0.722462 0.025236 0.023789
0 0.752975 0.130926 0.027493 0.020514
0 0.445322 0.833391 0.027698 0.022582
0 0.106586 0.304603 0.028519 0.023099
0 0.503078 0.653249 0.024620 0.023617
0 0.368076 0.545940 0.024210 0.021376
0 0.236254 0.945096 0.027698 0.019824
0 0.234202 0.371401 0.021953 0.022238
0 0.496512 0.320203 0.024620 0.023617
0 0.259233 0.097569 0.025236 0.024823
0 0.471174 0.230133 0.026877 0.024479
0 0.444501 0.185916 0.024826 0.018445
0 0.598892 0.229012 0.024620 0.023272
0 0.858740 0.045854 0.026467 0.024823
0 0.344276 0.674797 0.025031 0.019824
0 0.139208 0.591277 0.025646 0.020341
0 0.441526 0.163506 0.023389 0.023961
0 0.162495 0.568436 0.025851 0.024306
0 0.371974 0.654887 0.024620 0.021376
0 0.704657 0.925013 0.026057 0.019652
0 0.497128 0.343303 0.024620 0.022582
0 0.571502 0.227892 0.024826 0.025513
0 0.131822 0.921048 0.022364 0.022755
0 0.160341 0.372694 0.028519 0.020686
0 0.235535 0.302793 0.027903 0.022238
0 0.207119 0.097225 0.027288 0.022065
0 0.594173 0.113773 0.022158 0.021376
0 0.519902 0.065851 0.023800 0.024134
0 0.647415 0.201086 0.024826 0.019479
0 0.077041 0.358817 0.026877 0.022238
0 0.495691 0.274608 0.022569 0.025858
0 0.289495 0.457507 0.025851 0.023099
0 0.443681 0.229529 0.026467 0.023272
0 0.159828 0.459921 0.027082 0.024134
0 0.618999 0.088002 0.022979 0.021203
0 0.314218 0.968885 0.025646 0.022582
0 0.771953 0.545940 0.024415 0.021720
0 0.366332 0.431994 0.025236 0.018617
0 0.132232 0.350457 0.026877 0.022410
0 0.129360 0.170833 0.026877 0.021720
0 0.748461 0.041027 0.025031 0.019652
0 0.857099 0.303741 0.025646 0.025858
0 0.840685 0.834080 0.024415 0.026030
0 0.547600 0.811670 0.023800 0.020514
0 0.338223 0.368643 0.025646 0.024306
0 0.337197 0.276763 0.028519 0.022238
0 0.548523 0.900621 0.024005 0.026375
0 0.185987 0.521807 0.024005 0.024479
0 0.446758 0.966471 0.026467 0.023272
0 0.233381 0.193070 0.024826 0.020341
0 0.392593 0.478797 0.025646 0.024306
0 0.103303 0.876832 0.023595 0.019824
0 0.674190 0.295983 0.022979 0.020341
0 0.312577 0.324772 0.024826 0.021031
0 0.721276 0.086709 0.024415 0.023789
0 0.154391 0.075418 0.022774 0.024651
0 0.292881 0.588347 0.025236 0.021376
0 0.600841 0.390536 0.024415 0.023617
0 0.312167 0.369764 0.025646 0.022410
0 0.446963 0.475866 0.026877 0.021893
0 0.676652 0.901827 0.026262 0.022238
0 0.104945 0.789174 0.028929 0.021720
0 0.440090 0.070936 0.023800 0.027754
0 0.391670 0.454835 0.025031 0.023272
0 0.672138 0.183072 0.022979 0.028961
0 0.209376 0.280383 0.021953 0.025340
0 0.477226 0.653422 0.023389 0.019824
0 0.311243 0.209619 0.024620 0.019307
0 0.312064 0.812015 0.025031 0.023272
0 0.473430 0.390450 0.023595 0.020686
0 0.874949 0.721514 0.024826 0.023272
0 0.673677 0.209188 0.025646 0.021893
0 0.500000 0.454318 0.026672 0.023961
0 0.264977 0.480693 0.028108 0.022582
0 0.131924 0.945354 0.023389 0.022410
0 0.796266 0.721341 0.022979 0.021203
0 0.421009 0.968971 0.026262 0.021720
0 0.398543 0.716687 0.024826 0.020858
0 0.784469 0.949922 0.025646 0.023272
0 0.209479 0.966557 0.022979 0.023444
0 0.344994 0.715049 0.021953 0.019652
0 0.837710 0.971384 0.024620 0.022410
0 0.366434 0.898207 0.024620 0.023617
0 0.727329 0.295466 0.025851 0.024479
0 0.387669 0.142820 0.022774 0.021548
0 0.081042 0.232374 0.024210 0.023099
0 0.799549 0.546285 0.023800 0.019652
0 0.570579 0.206171 0.024210 0.019652
0 0.291547 0.566713 0.023389 0.020858
0 0.497538 0.366230 0.024210 0.023272
0 0.574374 0.429667 0.024826 0.021203
0 0.261797 0.831667 0.024210 0.022927
0 0.233894 0.121962 0.024620 0.024651
0 0.367152 0.970609 0.025236 0.018100
0 0.132643 0.373470 0.027698 0.023617
0 0.417214 0.229271 0.024005 0.022065
0 0.184756 0.436390 0.024415 0.021893
0 0.641773 0.019393 0.026262 0.024306
0 0.367050 0.477762 0.027493 0.021548
0 0.395055 0.589898 0.025646 0.019997
0 0.103816 0.054387 0.026672 0.024996
0 0.598995 0.876832 0.024415 0.023617
0 0.649979 0.361920 0.025441 0.023272
0 0.668958 0.040855 0.023184 0.023444
0 0.077041 0.332960 0.027288 0.023961
0 0.669163 0.063782 0.023595 0.022065
0 0.107407 0.439924 0.024005 0.021031
0 0.503385 0.693932 0.021953 0.021893
0 0.077554 0.789519 0.023800 0.023789
0 0.830119 0.043958 0.026262 0.023789
0 0.471584 0.968454 0.024005 0.018617
0 0.237895 0.589984 0.022774 0.021893
0 0.778724 0.175573 0.024826 0.019135
0 0.496717 0.811067 0.025031 0.022065
0 0.156237 0.209964 0.024005 0.020686
0 0.233997 0.213584 0.023595 0.022065
0 0.391465 0.431564 0.022569 0.020514
0 0.573964 0.899500 0.026467 0.020686
0 0.647415 0.272625 0.024415 0.023961
0 0.103508 0.100155 0.025236 0.017583
0 0.548523 0.272108 0.024415 0.024306
0 0.573964 0.831839 0.025236 0.021203
0 0.339044 0.478366 0.023184 0.025858
0 0.183422 0.833391 0.022158 0.021203
0 0.155827 0.169798 0.025236 0.020686
0 0.497538 0.299259 0.022979 0.017928
0 0.262413 0.931908 0.024210 0.018273
0 0.391875 0.366833 0.025031 0.022065
0 0.366229 0.454404 0.022569 0.023099
0 0.132130 0.811067 0.025031 0.018962
0 0.209069 0.832615 0.022569 0.020686
0 0.449323 0.587916 0.022158 0.024306
0 0.260053 0.167816 0.026057 0.024306
0 0.052524 0.855284 0.027082 0.020858
0 0.522671 0.272884 0.024415 0.023099
0 0.840583 0.858904 0.025851 0.023617
0 0.184038 0.943975 0.027082 0.018962
0 0.110689 0.545940 0.023184 0.019652
0 0.736459 0.786244 0.026467 0.021031
0 0.106278 0.280641 0.027082 0.023444
0 0.784469 0.972850 0.026467 0.020169
0 0.548112 0.923720 0.026467 0.021203
0 0.775749 0.088174 0.026262 0.019135
0 0.451785 0.653077 0.025441 0.021548
0 0.181986 0.167644 0.022979 0.018790
0 0.450451 0.610757 0.024826 0.020686
0 0.418855 0.876487 0.022774 0.019135
0 0.523595 0.230047 0.025851 0.021203
0 0.545958 0.206861 0.022158 0.024823
0 0.444501 0.274694 0.024005 0.021893
0 0.600636 0.411826 0.023595 0.019997
0 0.338121 0.856145 0.027082 0.023617
0 0.313090 0.854766 0.023389 0.025340
0 0.054575 0.193501 0.027493 0.023272
0 0.415059 0.164627 0.025031 0.026547
0 0.693783 0.018790 0.024826 0.024479
0 0.239229 0.632305 0.025441 0.021031
0 0.287136 0.832098 0.021133 0.017238
0 0.210402 0.305465 0.022364 0.021031
0 0.451067 0.674625 0.023595 0.024306
0 0.308986 0.071022 0.024210 0.020686
0 0.077965 0.164368 0.023389 0.023617
0 0.049036 0.098517 0.023389 0.024306
0 0.466865 0.096621 0.025236 0.018790
0 0.313192 0.479572 0.024826 0.019652
0 0.617563 0.042320 0.023800 0.023272
0 0.474354 0.541976 0.023389 0.025168
0 0.233997 0.170143 0.026057 0.022065
0 0.336479 0.211170 0.025441 0.019652
0 0.907776 0.594725 0.024415 0.019307
0 0.622589 0.203586 0.024005 0.026202
0 0.699733 0.318824 0.022364 0.023272
0 0.137567 0.569471 0.021133 0.020514
0 0.522979 0.342355 0.024620 0.022410
0 0.131206 0.212550 0.022364 0.016549
0 0.319348 0.654370 0.024826 0.018273
0 0.333094 0.022841 0.021543 0.023961
0 0.344584 0.695311 0.023184 0.020169
0 0.156237 0.051284 0.024826 0.024996
0 0.234920 0.967075 0.025851 0.025168
0 0.157160 0.944406 0.023800 0.025685
0 0.338839 0.391053 0.024005 0.020514
0 0.105458 0.811412 0.027082 0.018962
0 0.575605 0.474229 0.024005 0.019652
0 0.479380 0.673849 0.026057 0.022755
0 0.778314 0.131615 0.023595 0.018100
0 0.500000 0.430443 0.026262 0.022065
0 0.628437 0.454749 0.023389 0.022755
0 0.497025 0.857094 0.024826 0.021720
0 0.105765 0.374849 0.023595 0.021203
0 0.811038 0.970436 0.022158 0.023272
0 0.290829 0.433632 0.026467 0.022927
0 0.869819 0.813911 0.024415 0.022927
0 0.210915 0.394242 0.025851 0.022755
0 0.232663 0.050767 0.025031 0.020858
0 0.502359 0.586968 0.025646 0.020686
0 0.160546 0.394673 0.027698 0.021548
0 0.831350 0.117825 0.024620 0.022582
0 0.285802 0.145492 0.024210 0.025168
0 0.852790 0.547319 0.022774 0.024823
0 0.832273 0.139200 0.025646 0.020858
0 0.309192 0.094553 0.024210 0.022238
0 0.698707 0.272194 0.023184 0.025168
0 0.490152 0.024651 0.023800 0.028616
0 0.866639 0.970867 0.023389 0.022410
0 0.287649 0.852698 0.022979 0.022927
0 0.392183 0.854594 0.024415 0.022582
0 0.625769 0.365540 0.023800 0.020858
0 0.542983 0.044303 0.022774 0.024479
0 0.266824 0.654111 0.023184 0.020858
0 0.647517 0.177814 0.024620 0.022582
0 0.796368 0.676952 0.025646 0.025168
0 0.879873 0.593174 0.027698 0.019997
0 0.497025 0.833908 0.023184 0.022238
0 0.398646 0.694104 0.022979 0.021548
0 0.757284 0.945871 0.025851 0.020341
0 0.155211 0.121703 0.025236 0.023099
0 0.186910 0.327185 0.023800 0.020686
0 0.830529 0.093001 0.025031 0.026030
0 0.627924 0.431305 0.022774 0.022410
0 0.443578 0.297363 0.023800 0.021031
0 0.574682 0.970609 0.021338 0.018100
0 0.593352 0.043786 0.022979 0.022065
0 0.847251 0.698931 0.025646 0.022582
0 0.470148 0.206430 0.024826 0.025340
0 0.931268 0.683330 0.024620 0.019997
0 0.845302 0.766592 0.027493 0.022755
0 0.262310 0.951129 0.023184 0.022238
0 0.909315 0.550681 0.022569 0.020169
0 0.310936 0.230564 0.027698 0.023617
0 0.290316 0.543872 0.022569 0.022065
0 0.078478 0.142648 0.024005 0.020169
0 0.163008 0.546458 0.026057 0.018962
0 0.498359 0.409757 0.024210 0.019307
0 0.879770 0.568954 0.026262 0.025340
0 0.292778 0.654198 0.023389 0.014825
0 0.261387 0.876659 0.025851 0.021548
0 0.623923 0.228581 0.025031 0.023444
0 0.261900 0.809602 0.026057 0.023272
0 0.238203 0.567747 0.024210 0.023617
0 0.235433 0.853301 0.024005 0.021376
0 0.155929 0.968195 0.023800 0.021893
0 0.568219 0.064472 0.022364 0.020341
0 0.156648 0.921479 0.022364 0.022238
0 0.184961 0.414756 0.026057 0.022065
0 0.135720 0.524048 0.020722 0.022755
0 0.572630 0.854853 0.024210 0.021720
0 0.235433 0.898380 0.025646 0.020514
0 0.157571 0.834253 0.025441 0.019824
0 0.746922 0.017842 0.024415 0.024306
0 0.694912 0.042234 0.023800 0.021376
0 0.207735 0.143251 0.024415 0.024134
0 0.184038 0.459317 0.023389 0.019824
0 0.602995 0.474660 0.027493 0.022582
0 0.756771 0.968368 0.023184 0.024651
0 0.262413 0.912946 0.025441 0.017583
0 0.288469 0.923720 0.023389 0.018790
0 0.259848 0.230650 0.025646 0.023099
0 0.602790 0.432339 0.025851 0.019307
0 0.627206 0.902689 0.024210 0.023961
0 0.155211 0.787623 0.021133 0.023099
0 0.419060 0.431650 0.027698 0.018273
0 0.162495 0.591019 0.022569 0.021203
0 0.232561 0.073694 0.024415 0.019135
0 0.183627 0.232977 0.028314 0.022582
0 0.814629 0.811670 0.027288 0.026030
0 0.162597 0.612912 0.023184 0.021893
0 0.236254 0.435615 0.023184 0.021376
0 0.370435 0.694277 0.024005 0.021893
0 0.902031 0.722806 0.026467 0.021720
0 0.548215 0.878038 0.024210 0.020858
0 0.262515 0.894932 0.026057 0.019135
0 0.468199 0.118083 0.023389 0.023789
0 0.725482 0.271850 0.027493 0.021031
0 0.078067 0.281072 0.027288 0.025685
0 0.528108 0.609464 0.023389 0.023617
0 0.391157 0.876659 0.023184 0.021203
0 0.858843 0.069557 0.026672 0.022582
0 0.519081 0.041976 0.025031 0.023272
0 0.309089 0.118945 0.023184 0.022410
0 0.338223 0.433805 0.021953 0.022238
0 0.599610 0.969143 0.023184 0.019652
0 0.389618 0.276418 0.021748 0.023272
0 0.189372 0.590415 0.023800 0.020341
0 0.625975 0.387261 0.021338 0.019824
0 0.592121 0.019738 0.023800 0.023961
0 0.625256 0.877694 0.022774 0.021893
0 0.209069 0.923031 0.024210 0.025340
0 0.216249 0.656525 0.024620 0.019135
0 0.287136 0.874418 0.025236 0.022238
0 0.264670 0.565247 0.022158 0.023099
0 0.183012 0.966902 0.025441 0.024823
0 0.293599 0.695311 0.021748 0.018790
0 0.550164 0.319514 0.021543 0.018100
0 0.596327 0.135752 0.024415 0.019135
0 0.179729 0.052319 0.022158 0.018445
0 0.423061 0.696604 0.023800 0.018617
0 0.526980 0.452250 0.025236 0.019479
0 0.187833 0.568264 0.022364 0.019479
0 0.814526 0.833736 0.024620 0.018445
0 0.344071 0.566971 0.024210 0.020341
0 0.262515 0.789174 0.025646 0.017238
0 0.423266 0.715997 0.021748 0.020858
0 0.293701 0.673074 0.022774 0.024651
0 0.497230 0.924410 0.024005 0.023272
0 0.522979 0.876573 0.024210 0.019652
0 0.752667 0.228409 0.024415 0.019652
0 0.365613 0.855456 0.022158 0.020514
0 0.418034 0.388554 0.026057 0.017928
0 0.552934 0.563782 0.023389 0.022238
0 0.082478 0.521720 0.023800 0.024651
0 0.472815 0.409585 0.023595 0.019997
0 0.775646 0.109205 0.024415 0.022927
0 0.237074 0.394932 0.026467 0.022755
0 0.313090 0.414498 0.023800 0.023961
0 0.522671 0.948543 0.024826 0.022582
0 0.209171 0.787968 0.025646 0.024134
0 0.547702 0.832787 0.021133 0.020341
0 0.265696 0.520255 0.025031 0.018962
0 0.234920 0.787450 0.022569 0.017238
0 0.210197 0.435615 0.021133 0.024134
0 0.698707 0.296156 0.023184 0.020341
0 0.669676 0.085761 0.025851 0.021203
0 0.474046 0.519307 0.023184 0.018790
0 0.365716 0.834080 0.022364 0.021548
0 0.266927 0.675832 0.025441 0.023617
0 0.804883 0.134977 0.024620 0.018962
0 0.789393 0.765730 0.026877 0.021720
0 0.053037 0.875280 0.024826 0.017411
0 0.623307 0.297018 0.025851 0.025513
0 0.858432 0.018617 0.023800 0.022410
0 0.910135 0.397604 0.023800 0.021893
0 0.617255 0.019479 0.025236 0.024134
0 0.317604 0.565851 0.024620 0.021203
0 0.293599 0.611015 0.024620 0.022927
0 0.049446 0.122996 0.022979 0.024651
0 0.236561 0.480693 0.025441 0.022238
0 0.397210 0.674366 0.022569 0.017238
0 0.181473 0.189967 0.024005 0.019652
0 0.131104 0.899500 0.022569 0.018617
0 0.238203 0.544906 0.025851 0.021720
0 0.543086 0.020772 0.025441 0.022238
0 0.130386 0.831667 0.024415 0.020514
0 0.314116 0.945958 0.022979 0.022927
0 0.133053 0.304258 0.024005 0.022410
0 0.385925 0.023617 0.023800 0.026547
0 0.288675 0.810033 0.026672 0.023099
0 0.447169 0.520686 0.024005 0.021548
0 0.674703 0.317876 0.023184 0.021376
0 0.823554 0.648164 0.025441 0.023444
0 0.469224 0.185658 0.025031 0.017928
0 0.827657 0.349164 0.025441 0.023272
0 0.133976 0.439666 0.022979 0.021203
0 0.235741 0.276676 0.022979 0.019997
0 0.550164 0.296328 0.025236 0.022410
0 0.451477 0.715997 0.025236 0.022238
0 0.817193 0.766161 0.026262 0.022927
0 0.843660 0.790036 0.022569 0.020341
0 0.344378 0.654111 0.021953 0.020514
0 0.668240 0.018531 0.025441 0.021548
0 0.256155 0.026030 0.024005 0.028271
0 0.651723 0.384330 0.026467 0.022238
0 0.419573 0.452681 0.023800 0.020341
0 0.204350 0.025082 0.025441 0.024306
0 0.471379 0.923203 0.021543 0.020858
0 0.186089 0.372953 0.023389 0.021893
0 0.102995 0.078866 0.027493 0.019824
0 0.057448 0.588519 0.023800 0.021376
0 0.599200 0.321841 0.025236 0.017238
0 0.568424 0.021462 0.021133 0.024996
0 0.933320 0.595759 0.025851 0.020686
0 0.317501 0.588692 0.025236 0.021031
0 0.648236 0.318393 0.021953 0.025858
0 0.550062 0.366747 0.021748 0.021893
0 0.526364 0.474487 0.025236 0.023272
0 0.702913 0.944837 0.022979 0.018617
0 0.779339 0.198673 0.025236 0.022582
0 0.932191 0.637907 0.023184 0.018790
0 0.158289 0.436132 0.023184 0.023099
0 0.503590 0.674625 0.021543 0.017411
0 0.816783 0.788571 0.026672 0.020514
0 0.902647 0.701776 0.024415 0.020341
0 0.779852 0.153594 0.025031 0.022755
0 0.735023 0.809085 0.026467 0.020514
0 0.444399 0.389502 0.022979 0.021203
0 0.393722 0.921651 0.025441 0.019135
0 0.213480 0.634804 0.020722 0.022238
0 0.472199 0.854508 0.022774 0.023099
0 0.103816 0.168850 0.022979 0.019479
0 0.306730 0.020169 0.022569 0.017583
0 0.158904 0.306154 0.026877 0.022410
0 0.260259 0.210740 0.025236 0.017411
0 0.104842 0.832098 0.024620 0.016204
0 0.904185 0.679710 0.025441 0.022065
0 0.826221 0.523358 0.027082 0.023444
0 0.519799 0.112739 0.023595 0.016549
0 0.715634 0.631529 0.025031 0.024306
0 0.280673 0.025685 0.023389 0.026892
0 0.311141 0.346837 0.023184 0.019652
0 0.363870 0.298914 0.024415 0.017238
0 0.499384 0.519910 0.024210 0.022755
0 0.206401 0.074125 0.025031 0.017583
0 0.159212 0.328478 0.027082 0.019479
0 0.600226 0.900793 0.024415 0.018445
0 0.343045 0.610153 0.024620 0.018445
0 0.319040 0.674711 0.022979 0.018617
0 0.448810 0.563868 0.024826 0.018617
0 0.111202 0.594897 0.023389 0.023789
0 0.104534 0.900965 0.022364 0.024651
0 0.393824 0.899328 0.024005 0.024823
0 0.181986 0.811239 0.023389 0.018617
0 0.550677 0.521117 0.024210 0.021720
0 0.576939 0.541545 0.023800 0.023617
0 0.266003 0.541976 0.025646 0.017238
0 0.133566 0.460179 0.024210 0.019135
0 0.930037 0.722979 0.024210 0.020341
0 0.129770 0.788399 0.021133 0.020169
0 0.395055 0.568092 0.025646 0.024996
0 0.416188 0.208585 0.021953 0.019652
0 0.847353 0.679107 0.024210 0.018100
0 0.575195 0.389933 0.026057 0.019997
0 0.877924 0.658162 0.025851 0.020686
0 0.906340 0.635408 0.024826 0.022065
0 0.163726 0.635063 0.025031 0.019652
0 0.259848 0.120583 0.021133 0.018100
0 0.906442 0.613860 0.024210 0.018962
0 0.393722 0.832701 0.025441 0.022582
0 0.338736 0.919152 0.022158 0.024823
0 0.501847 0.609464 0.024620 0.022927
0 0.574682 0.409326 0.024620 0.020514
0 0.628950 0.475177 0.024005 0.017066
0 0.878744 0.613946 0.025851 0.023272
0 0.368896 0.566626 0.025851 0.021031
0 0.806935 0.184365 0.025851 0.021203
0 0.139003 0.635321 0.022364 0.024651
0 0.648543 0.225047 0.027493 0.025340
0 0.445425 0.898897 0.023800 0.022927
0 0.370435 0.715652 0.023595 0.021548
0 0.803344 0.090415 0.023184 0.021893
0 0.164239 0.655749 0.024826 0.021031
0 0.049036 0.076194 0.021748 0.019652
0 0.079606 0.877090 0.020927 0.020341
0 0.789290 0.788743 0.024620 0.021203
0 0.761695 0.852353 0.024826 0.021548
0 0.182396 0.788743 0.019696 0.021548
0 0.344071 0.631788 0.021338 0.023099
0 0.157263 0.278831 0.021953 0.021203
0 0.548523 0.946906 0.024005 0.022065
0 0.651108 0.406309 0.021953 0.018273
0 0.774415 0.041803 0.022364 0.021548
0 0.417111 0.322186 0.022158 0.018617
0 0.397620 0.654542 0.021748 0.019997
0 0.552113 0.451215 0.020927 0.023961
0 0.052421 0.810895 0.024826 0.023099
0 0.365819 0.366919 0.025031 0.020514
0 0.445014 0.410877 0.025031 0.023961
0 0.622487 0.272022 0.027082 0.023444
0 0.857920 0.092915 0.028519 0.021031
0 0.471892 0.902689 0.022158 0.019479
0 0.132643 0.328133 0.024005 0.021893
0 0.678396 0.924668 0.024826 0.023444
0 0.046779 0.053094 0.028724 0.023789
0 0.530057 0.714360 0.024415 0.022755
0 0.640234 0.649285 0.025646 0.022582
0 0.133258 0.278228 0.025236 0.022410
0 0.105150 0.191433 0.022364 0.019135
0 0.553037 0.474746 0.019902 0.022065
0 0.528211 0.674797 0.024415 0.024996
0 0.573143 0.272712 0.024415 0.019997
0 0.788264 0.811584 0.024210 0.023444
0 0.555806 0.653249 0.024210 0.018790
0 0.466249 0.018876 0.021953 0.019479
0 0.055499 0.236339 0.025236 0.018962
0 0.770414 0.676435 0.025851 0.019997
0 0.825810 0.548526 0.022979 0.021720
0 0.189577 0.611791 0.021748 0.022065
0 0.521748 0.924065 0.021748 0.023961
0 0.075605 0.102051 0.024826 0.021720
0 0.234612 0.349164 0.024826 0.020169
0 0.662700 0.714273 0.022979 0.022582
0 0.599610 0.923634 0.023595 0.024823
0 0.866126 0.901483 0.022364 0.021893
0 0.827349 0.325720 0.025646 0.022582
0 0.763439 0.764265 0.020927 0.028099
0 0.369409 0.610498 0.021953 0.020514
0 0.267132 0.632908 0.026262 0.022582
0 0.475380 0.565678 0.024620 0.022927
0 0.574066 0.344079 0.021338 0.026547
0 0.446143 0.454318 0.025646 0.018100
0 0.211325 0.326582 0.021748 0.018445
0 0.665778 0.606102 0.023800 0.021376
0 0.529032 0.653853 0.024415 0.018962
0 0.813295 0.875625 0.025031 0.026030
0 0.517542 0.019738 0.026467 0.019824
0 0.394337 0.521031 0.023389 0.021548
0 0.076734 0.123427 0.023389 0.018617
0 0.392901 0.967161 0.023389 0.020514
0 0.842429 0.810895 0.024620 0.018617
0 0.813500 0.853129 0.024620 0.018273
0 0.550677 0.389502 0.021338 0.021893
0 0.778416 0.218755 0.021338 0.018962
0 0.208556 0.231943 0.024826 0.021893
0 0.339557 0.877004 0.022979 0.017756
0 0.263644 0.414842 0.027493 0.021203
0 0.573348 0.811498 0.024415 0.018445
0 0.157366 0.855025 0.025441 0.019997
0 0.261490 0.971815 0.022364 0.018445
0 0.209787 0.944837 0.023184 0.016549
0 0.529134 0.694363 0.025441 0.016204
0 0.077657 0.306154 0.025646 0.023099
0 0.447169 0.924927 0.025236 0.027409
0 0.129462 0.767023 0.022569 0.023272
0 0.546984 0.855715 0.022979 0.023444
0 0.526672 0.542493 0.020517 0.023789
0 0.849405 0.593863 0.025441 0.021031
0 0.213890 0.590243 0.022774 0.018273
0 0.573451 0.877780 0.024620 0.019307
0 0.550267 0.341838 0.022569 0.026202
0 0.079811 0.186864 0.022979 0.019997
0 0.686192 0.714618 0.023595 0.023961
0 0.896902 0.838045 0.024415 0.021893
0 0.573246 0.945527 0.023389 0.023444
0 0.664034 0.673418 0.024415 0.019135
0 0.549754 0.969833 0.025646 0.017928
0 0.806319 0.158593 0.027903 0.028961
0 0.190706 0.656956 0.021543 0.020341
0 0.132745 0.418031 0.023389 0.020686
0 0.339659 0.897518 0.024826 0.017756
0 0.626282 0.926047 0.024826 0.022410
0 0.422343 0.609809 0.021543 0.022238
0 0.525339 0.431133 0.022364 0.021720
0 0.083197 0.543441 0.024826 0.018445
0 0.206196 0.766247 0.023800 0.020686
0 0.547907 0.230047 0.019491 0.018100
0 0.742409 0.634891 0.024826 0.022410
0 0.931165 0.659972 0.023595 0.024996
0 0.112433 0.636097 0.025031 0.017928
0 0.445117 0.875970 0.025646 0.021893
0 0.934858 0.573091 0.021133 0.021893
0 0.697887 0.204965 0.024005 0.023444
0 0.751949 0.204534 0.023800 0.022582
0 0.787957 0.853474 0.024005 0.021031
0 0.339352 0.787709 0.027082 0.017411
0 0.475892 0.611705 0.021953 0.022238
0 0.288059 0.967506 0.022158 0.021893
0 0.503385 0.715739 0.021953 0.022410
0 0.911674 0.373729 0.023184 0.025168
0 0.181678 0.210481 0.021543 0.017583
0 0.138387 0.611705 0.021953 0.022582
0 0.550574 0.430098 0.025646 0.017583
0 0.893824 0.907257 0.024005 0.021720
0 0.597046 0.273143 0.024620 0.023617
0 0.159417 0.482675 0.026672 0.022755
0 0.084735 0.625668 0.024210 0.019824
0 0.240562 0.674970 0.023184 0.022582
0 0.797087 0.653680 0.026262 0.020341
0 0.758002 0.924237 0.024005 0.021893
0 0.502359 0.632132 0.021953 0.018273
0 0.673369 0.229098 0.021338 0.020341
0 0.734099 0.831236 0.024620 0.024134
0 0.239741 0.654370 0.021953 0.020341
0 0.212659 0.546544 0.022364 0.024306
0 0.894645 0.882779 0.025646 0.024134
0 0.675215 0.362868 0.025441 0.021376
0 0.866434 0.879073 0.023800 0.020858
0 0.081453 0.581624 0.024210 0.021376
0 0.340890 0.968540 0.022364 0.021203
0 0.212659 0.569729 0.021953 0.018617
0 0.103714 0.120841 0.022364 0.018617
0 0.187115 0.349509 0.022158 0.021203
0 0.742922 0.565678 0.025441 0.017756
0 0.741383 0.656094 0.026057 0.021031
0 0.555704 0.632132 0.022364 0.022755
0 0.689680 0.585761 0.026467 0.019997
0 0.716762 0.565161 0.028108 0.022927
0 0.736561 0.762972 0.023800 0.023789
0 0.721276 0.015515 0.022774 0.022410
0 0.799138 0.524737 0.020517 0.022755
0 0.785700 0.875194 0.026467 0.023099
0 0.318014 0.611102 0.020107 0.019997
0 0.101662 0.029391 0.026877 0.022582
0 0.772158 0.567575 0.025236 0.019135
0 0.236561 0.415963 0.025441 0.017238
0 0.848995 0.657904 0.025851 0.023272
0 0.157058 0.191002 0.024005 0.017583
0 0.648954 0.340459 0.021748 0.017583
0 0.550677 0.410533 0.019696 0.017756
0 0.884899 0.327530 0.028724 0.024479
0 0.554883 0.587830 0.023595 0.023099
0 0.577554 0.519997 0.026262 0.019824
0 0.661777 0.692984 0.022774 0.017928
0 0.822528 0.672470 0.020107 0.016894
0 0.522671 0.812360 0.021133 0.017411
0 0.877924 0.635925 0.025851 0.022410
0 0.471584 0.833908 0.020312 0.016376
0 0.651826 0.967506 0.025441 0.024996
0 0.600021 0.948457 0.024415 0.018962
0 0.767952 0.720221 0.023389 0.018962
0 0.528416 0.586882 0.024415 0.022238
0 0.336992 0.230908 0.024415 0.015342
0 0.651826 0.426823 0.023800 0.024134
0 0.104842 0.925444 0.026672 0.020514
0 0.079298 0.812619 0.022774 0.019997
0 0.811141 0.949319 0.026057 0.017928
0 0.211325 0.348216 0.024620 0.021376
0 0.709992 0.784692 0.023184 0.021031
0 0.208248 0.876659 0.024210 0.017411
0 0.397312 0.611188 0.021953 0.020169
0 0.496717 0.968540 0.021748 0.021203
0 0.798215 0.345630 0.025236 0.023789
0 0.154288 0.025685 0.023389 0.020686
0 0.689988 0.630495 0.023389 0.023272
0 0.644132 0.108516 0.024005 0.017411
0 0.638490 0.670660 0.025441 0.019479
0 0.725482 0.229874 0.026262 0.017756
0 0.577247 0.564299 0.021133 0.019824
0 0.311756 0.833477 0.022774 0.016894
0 0.821194 0.693760 0.024005 0.017066
0 0.728867 0.902172 0.025236 0.024651
0 0.267747 0.697811 0.023800 0.021376
0 0.526877 0.564816 0.020927 0.018100
0 0.665059 0.653336 0.023184 0.021376
0 0.156340 0.900448 0.023389 0.019135
0 0.650800 0.900103 0.023800 0.017411
0 0.266721 0.590071 0.026672 0.022410
0 0.626282 0.948457 0.022774 0.021031
0 0.157366 0.765299 0.024620 0.017066
0 0.052318 0.789433 0.023800 0.019824
0 0.666188 0.630322 0.023800 0.024996
0 0.798728 0.323737 0.027082 0.019307
0 0.052524 0.899069 0.027493 0.024996
0 0.054883 0.544475 0.024415 0.023961
0 0.905416 0.657128 0.024620 0.017928
0 0.930037 0.701948 0.022569 0.016549
0 0.739331 0.717290 0.023184 0.024134
0 0.573861 0.923117 0.024620 0.024134
0 0.646286 0.152388 0.023389 0.015170
0 0.678088 0.879331 0.020517 0.019652
0 0.185679 0.394329 0.022569 0.018100
0 0.796061 0.700052 0.023389 0.023099
0 0.637156 0.714015 0.025646 0.017583
0 0.157468 0.877521 0.025646 0.023961
0 0.712454 0.717032 0.025646 0.019824
0 0.103098 0.969316 0.026467 0.025858
0 0.182704 0.765471 0.020722 0.019135
0 0.186705 0.546371 0.021748 0.018790
0 0.554883 0.674280 0.021133 0.021548
0 0.082581 0.560938 0.022774 0.018617
0 0.185166 0.480262 0.025646 0.022410
0 0.960710 0.638511 0.025236 0.021720
0 0.729996 0.971298 0.026672 0.021203
0 0.625872 0.969747 0.024415 0.019479
0 0.893824 0.972677 0.022364 0.023617
0 0.677677 0.949836 0.022569 0.021376
0 0.104124 0.768143 0.020722 0.018962
0 0.313808 0.901741 0.024415 0.019652
0 0.788469 0.833649 0.024210 0.016204
0 0.881924 0.546458 0.026467 0.022410
0 0.446040 0.945009 0.023800 0.017928
0 0.652339 0.946216 0.025236 0.017583
0 0.824066 0.598690 0.026057 0.022755
0 0.079196 0.900793 0.025031 0.022582
0 0.883463 0.045337 0.023800 0.021720
0 0.031186 0.593518 0.025441 0.023444
0 0.211018 0.414411 0.024005 0.018962
0 0.029442 0.379073 0.027698 0.023099
0 0.130181 0.027064 0.024415 0.021376
0 0.102688 0.945958 0.028519 0.020169
0 0.083094 0.601793 0.022979 0.023789
0 0.191116 0.676263 0.024415 0.016894
0 0.652031 0.448802 0.020927 0.020858
0 0.500000 0.476556 0.025441 0.017066
0 0.698502 0.230219 0.023595 0.018790
0 0.896081 0.859076 0.021543 0.020169
0 0.422035 0.566023 0.022569 0.019479
0 0.159622 0.416480 0.022979 0.016204
0 0.665983 0.585416 0.023389 0.018617
0 0.932807 0.616445 0.024415 0.021720
0 0.599200 0.833218 0.021133 0.021548
0 0.026159 0.833218 0.021543 0.022927
0 0.651108 0.878038 0.022774 0.021548
0 0.028211 0.402431 0.029750 0.026030
0 0.497743 0.947423 0.023389 0.018962
0 0.744768 0.544992 0.020107 0.022238
0 0.553139 0.541458 0.023800 0.017238
0 0.522466 0.970091 0.025646 0.016721
0 0.717481 0.587140 0.024620 0.019997
0 0.624846 0.856232 0.024826 0.020341
0 0.801087 0.301672 0.022774 0.023789
0 0.686500 0.693501 0.022979 0.018617
0 0.839762 0.901655 0.020927 0.022238
0 0.886951 0.068350 0.025031 0.021203
0 0.769696 0.654198 0.026057 0.023444
0 0.707940 0.805120 0.024826 0.018100
0 0.110792 0.616273 0.023389 0.017583
0 0.840378 0.881055 0.022158 0.017583
0 0.741280 0.676780 0.025031 0.020686
0 0.712659 0.694449 0.024415 0.020858
0 0.690808 0.652905 0.022979 0.017066
0 0.215531 0.676952 0.023595 0.021031
0 0.057755 0.608947 0.024415 0.020858
0 0.688551 0.673418 0.021748 0.021203
0 0.855765 0.326495 0.023800 0.020341
0 0.652031 0.923806 0.024210 0.026202
0 0.849405 0.635235 0.022158 0.018617
0 0.785084 0.929495 0.021543 0.018273
0 0.824579 0.573263 0.022569 0.020169
0 0.771235 0.592053 0.025441 0.030167
0 0.956401 0.724358 0.024415 0.024134
0 0.742716 0.588519 0.024620 0.023099
0 0.674190 0.385882 0.021748 0.022927
0 0.827554 0.372522 0.026057 0.023444
0 0.641465 0.584382 0.021543 0.019997
0 0.700964 0.966902 0.025646 0.024479
0 0.678190 0.970522 0.022774 0.015859
0 0.913213 0.351491 0.022569 0.020341
0 0.917932 0.972763 0.023800 0.021376
0 0.213890 0.610326 0.021953 0.023617
0 0.689783 0.607740 0.025851 0.022238
0 0.826631 0.277883 0.029955 0.023789
0 0.799138 0.632132 0.026262 0.019652
0 0.077657 0.766333 0.026467 0.022238
0 0.937423 0.551284 0.025441 0.019652
0 0.496922 0.878038 0.020517 0.017411
0 0.289495 0.480693 0.023389 0.019135
0 0.798728 0.567230 0.022569 0.022238
0 0.867357 0.858817 0.021543 0.017583
0 0.318732 0.715566 0.021133 0.017583
0 0.639926 0.604379 0.022979 0.018617
0 0.716147 0.607223 0.022774 0.019135
0 0.572733 0.296587 0.021133 0.019824
0 0.445322 0.856490 0.023595 0.017756
0 0.683525 0.760989 0.024415 0.021548
0 0.702811 0.878038 0.025236 0.022238
0 0.798933 0.371057 0.026262 0.023617
0 0.077554 0.855542 0.024210 0.021720
0 0.683627 0.784261 0.022569 0.022238
0 0.639413 0.629029 0.022364 0.017238
0 0.239126 0.610498 0.020722 0.021203
0 0.883361 0.022841 0.024005 0.021548
0 0.672856 0.407257 0.019902 0.021548
0 0.312782 0.874849 0.023184 0.017238
0 0.824477 0.624806 0.024415 0.019479
0 0.082478 0.460869 0.021748 0.019135
0 0.883156 0.350198 0.026467 0.022582
0 0.059089 0.522238 0.022979 0.020514
0 0.850226 0.614204 0.022979 0.016894
0 0.763336 0.809947 0.026057 0.016376
0 0.869614 0.793398 0.021953 0.016032
0 0.057755 0.633856 0.025236 0.025168
0 0.293496 0.713842 0.022774 0.017238
0 0.883668 0.303568 0.020927 0.017928
0 0.578991 0.586795 0.023389 0.020686
0 0.767850 0.698845 0.024005 0.019307
0 0.760361 0.871660 0.022569 0.017756
0 0.855560 0.348992 0.022569 0.020514
0 0.084222 0.646182 0.024005 0.022238
0 0.524210 0.792277 0.023800 0.017238
0 0.030263 0.210222 0.019491 0.018445
0 0.853508 0.281072 0.020107 0.019824
0 0.287238 0.767885 0.018465 0.018445
0 0.921420 0.910188 0.022979 0.018617
0 0.601252 0.542062 0.020722 0.019135
0 0.715018 0.654715 0.022569 0.016894
0 0.681986 0.805896 0.023389 0.020686
0 0.549343 0.791760 0.019081 0.017583
0 0.554883 0.611963 0.021133 0.019652
0 0.737279 0.695742 0.021543 0.019997
0 0.635720 0.692812 0.024005 0.017583
0 0.890849 0.930271 0.030365 0.021893
0 0.742716 0.612222 0.022569 0.023272
0 0.709992 0.762369 0.025236 0.019824
0 0.797702 0.613946 0.024210 0.015687
0 0.857817 0.116876 0.025031 0.025168
0 0.029750 0.345371 0.030776 0.027409
0 0.961428 0.616273 0.021338 0.023099
0 0.798933 0.589812 0.025031 0.023961
0 0.769799 0.636528 0.024210 0.013963
0 0.043804 0.032322 0.026467 0.014997
0 0.080735 0.436563 0.021543 0.024996
0 0.030468 0.811239 0.019491 0.017928
0 0.677677 0.860886 0.021338 0.014825
0 0.962556 0.591450 0.023184 0.025168
0 0.852995 0.526202 0.023184 0.016376
0 0.708350 0.828995 0.024826 0.023099
0 0.711120 0.673591 0.021748 0.019135
0 0.472918 0.813911 0.017645 0.018100
0 0.027082 0.879762 0.023389 0.026375
0 0.911059 0.329167 0.020312 0.019824
0 0.575297 0.791932 0.024210 0.016549
0 0.030263 0.571884 0.021543 0.018445
0 0.075297 0.035080 0.020517 0.017066
0 0.965942 0.573263 0.027493 0.023961
0 0.833402 0.161610 0.023800 0.021203
0 0.749795 0.521979 0.021543 0.021720
0 0.027801 0.148078 0.020722 0.020686
0 0.496615 0.793225 0.021133 0.013618
0 0.840070 0.951301 0.027288 0.014653
0 0.079093 0.832529 0.023184 0.020858
0 0.920804 0.884072 0.020517 0.026030
0 0.111202 0.651612 0.019696 0.012756
0 0.266208 0.606878 0.025646 0.017756
0 0.165162 0.675746 0.022158 0.016549
0 0.576323 0.652818 0.014772 0.018962
0 0.899056 0.810722 0.026672 0.027581
0 0.689885 0.568178 0.021133 0.013101
0 0.026775 0.900879 0.023595 0.021720
0 0.769594 0.619117 0.023389 0.020169
0 0.137567 0.655749 0.019491 0.013791
0 0.699118 0.340286 0.019491 0.019652
0 0.920497 0.931133 0.025646 0.019479
0 0.855047 0.372781 0.024415 0.020514
0 0.883361 0.373815 0.024415 0.020514
0 0.857099 0.392691 0.025646 0.015170
0 0.882643 0.397604 0.020517 0.020514
0 0.937833 0.419152 0.018055 0.022582
0 0.938449 0.395449 0.021748 0.018273
0 0.933320 0.370626 0.019286 0.022755
0 0.555088 0.697552 0.024415 0.021548
0 0.665265 0.564041 0.026877 0.025858
0 0.954452 0.700827 0.020517 0.014997
0 0.660135 0.761248 0.024415 0.017238
0 0.656955 0.781589 0.018055 0.017238
0 0.871769 0.770298 0.019286 0.029133
0 0.811449 0.902862 0.029545 0.020514
0 0.920497 0.860283 0.021953 0.021548
0 0.944809 0.908205 0.019286 0.020514
0 0.948092 0.929840 0.022979 0.018273
0 0.866639 0.948630 0.024210 0.019307
0 0.651211 0.856576 0.027082 0.024823
0 0.311961 0.767109 0.025646 0.022755
0 0.339659 0.770384 0.026877 0.024823
