0 0.682362 0.078467 0.108661 0.088047
0 0.671654 0.195027 0.116220 0.080748
0 0.678898 0.319457 0.127559 0.103786
0 0.686772 0.435675 0.123150 0.076642
0 0.684567 0.557368 0.098583 0.096487
0 0.688819 0.680771 0.110236 0.069571
0 0.522677 0.194571 0.118740 0.094434
0 0.520630 0.307026 0.137323 0.078923
0 0.514803 0.427806 0.102992 0.073677
0 0.521260 0.553376 0.136063 0.102646
0 0.526457 0.677692 0.123150 0.092153
0 0.523465 0.788093 0.134803 0.076642
0 0.509134 0.915146 0.137638 0.100365
0 0.358110 0.184193 0.127244 0.090100
0 0.351654 0.301893 0.117480 0.101505
0 0.347402 0.409215 0.105827 0.083942
0 0.342362 0.532048 0.147402 0.080976
0 0.341732 0.665260 0.146142 0.112911
0 0.348819 0.782847 0.151496 0.091241
0 0.338740 0.905338 0.134488 0.095347
0 0.186929 0.181569 0.128819 0.091241
0 0.182047 0.303946 0.113386 0.101505
