0 0.763151 0.351116 0.033594 0.025073
0 0.665234 0.277727 0.034115 0.025073
0 0.814714 0.049414 0.035156 0.023426
0 0.484375 0.379484 0.036979 0.029100
0 0.343880 0.371614 0.033594 0.021779
0 0.159635 0.223005 0.036979 0.024341
0 0.713281 0.305179 0.039583 0.027269
0 0.431771 0.353770 0.038021 0.023792
0 0.762760 0.303258 0.036458 0.026720
0 0.262630 0.739294 0.037240 0.023975
0 0.330599 0.782211 0.029948 0.021962
0 0.387760 0.356973 0.034896 0.022145
0 0.252865 0.373261 0.035417 0.024341
0 0.767578 0.051611 0.035677 0.027818
0 0.716276 0.269034 0.033594 0.022694
0 0.715495 0.235450 0.035156 0.026171
0 0.716797 0.119327 0.034115 0.021962
0 0.435286 0.316069 0.036198 0.021596
0 0.618229 0.345900 0.033333 0.024158
0 0.106510 0.225933 0.038021 0.026537
0 0.264193 0.787244 0.031510 0.023243
0 0.107292 0.257412 0.039062 0.030198
0 0.389193 0.314056 0.034115 0.019766
0 0.527865 0.341417 0.035937 0.020681
0 0.160156 0.256131 0.041146 0.031296
0 0.768880 0.085926 0.038281 0.022145
0 0.617448 0.306460 0.035937 0.026903
0 0.306380 0.051336 0.035677 0.022511
0 0.350130 0.084919 0.034115 0.027452
0 0.259635 0.082906 0.037500 0.023060
0 0.253255 0.306277 0.035677 0.024707
0 0.161198 0.194363 0.037500 0.027086
0 0.253516 0.265648 0.035677 0.022877
0 0.252604 0.231149 0.034896 0.026354
0 0.779948 0.565154 0.035417 0.024158
0 0.111589 0.194272 0.040885 0.028001
0 0.344792 0.314513 0.034375 0.026171
0 0.620313 0.274158 0.032813 0.023792
0 0.764583 0.235908 0.034375 0.024890
0 0.576302 0.373810 0.032292 0.024707
0 0.329818 0.865392 0.028906 0.024707
0 0.433594 0.253477 0.036458 0.026720
0 0.439323 0.078056 0.035417 0.028367
0 0.344661 0.271230 0.036719 0.025256
0 0.487500 0.224561 0.035417 0.019400
0 0.583073 0.087024 0.036458 0.029100
0 0.389193 0.335652 0.035156 0.024158
0 0.487370 0.089495 0.034635 0.023426
0 0.364583 0.783034 0.029687 0.020315
0 0.765495 0.266563 0.034115 0.022145
0 0.485026 0.353221 0.035156 0.020498
0 0.527344 0.381589 0.039583 0.023426
0 0.433984 0.378752 0.033073 0.022511
0 0.210026 0.077233 0.036198 0.026354
0 0.347656 0.232064 0.039062 0.026720
0 0.485807 0.317167 0.032031 0.017936
0 0.260937 0.811676 0.037500 0.021962
0 0.532552 0.248902 0.033333 0.023060
0 0.347656 0.161054 0.037500 0.028917
0 0.155469 0.316618 0.039062 0.024524
0 0.390755 0.220717 0.029427 0.017570
0 0.578516 0.305545 0.033073 0.022877
0 0.487891 0.300329 0.036719 0.016837
0 0.811328 0.563781 0.030469 0.019217
0 0.434766 0.227123 0.034635 0.024890
0 0.532552 0.208364 0.035417 0.020315
0 0.773438 0.604594 0.031250 0.028001
0 0.395573 0.115209 0.033854 0.021779
0 0.665104 0.348737 0.034896 0.027635
0 0.722135 0.080436 0.041146 0.025073
0 0.812760 0.022419 0.037500 0.026903
0 0.388932 0.239477 0.030990 0.019217
0 0.436979 0.289074 0.034375 0.026171
0 0.487500 0.280930 0.035417 0.023426
0 0.346484 0.201318 0.033594 0.023426
0 0.107161 0.288708 0.039844 0.027635
0 0.343099 0.350842 0.034115 0.019766
0 0.438672 0.107339 0.033594 0.020315
0 0.260026 0.053624 0.032552 0.024890
0 0.636068 0.679722 0.030990 0.023060
0 0.716927 0.349652 0.039062 0.027635
0 0.579297 0.214403 0.032031 0.022877
0 0.305990 0.075586 0.034375 0.022694
0 0.331510 0.833272 0.028646 0.023426
0 0.619401 0.216417 0.035156 0.023975
0 0.536198 0.048316 0.035417 0.021230
0 0.845182 0.564330 0.030469 0.021779
0 0.878125 0.564605 0.029167 0.022328
0 0.439063 0.133236 0.036979 0.024524
0 0.353646 0.052160 0.039583 0.029283
0 0.158724 0.285597 0.038281 0.021047
0 0.263281 0.836292 0.031250 0.023243
0 0.253906 0.190886 0.034375 0.023792
0 0.577214 0.350110 0.030990 0.017204
0 0.487760 0.244784 0.033854 0.022877
0 0.211328 0.050970 0.040365 0.024341
0 0.369141 0.832266 0.037760 0.026537
0 0.485026 0.335286 0.033594 0.018668
0 0.715625 0.196010 0.033333 0.023060
0 0.307031 0.025805 0.036458 0.025256
0 0.159375 0.077782 0.044271 0.024890
0 0.390365 0.277635 0.035417 0.019766
0 0.252604 0.346633 0.030208 0.021596
0 0.527344 0.360267 0.034896 0.021413
0 0.626693 0.052251 0.035156 0.022877
0 0.722917 0.051153 0.031771 0.025439
0 0.329948 0.755307 0.026042 0.017936
0 0.386979 0.378386 0.033854 0.021779
0 0.299479 0.738836 0.034375 0.024890
0 0.766927 0.158766 0.036979 0.023975
0 0.156510 0.349927 0.038021 0.028551
0 0.674089 0.562683 0.030990 0.025439
0 0.714323 0.381131 0.036979 0.026537
0 0.140755 0.554996 0.031510 0.019217
0 0.578646 0.123536 0.040104 0.031845
0 0.294792 0.867496 0.027083 0.023426
0 0.296484 0.788159 0.029948 0.022145
0 0.436719 0.193997 0.034375 0.021596
0 0.446224 0.562866 0.029427 0.019583
0 0.529948 0.324213 0.032813 0.017020
0 0.497526 0.895406 0.029427 0.017753
0 0.488411 0.111548 0.034635 0.021047
0 0.362240 0.864660 0.028125 0.020681
0 0.262370 0.762994 0.034115 0.020498
0 0.155859 0.380033 0.042969 0.025805
0 0.767448 0.120791 0.035417 0.023060
0 0.257552 0.117588 0.034375 0.023975
0 0.437370 0.166453 0.034115 0.026903
0 0.735677 0.586384 0.031250 0.021230
0 0.388802 0.258419 0.030208 0.020498
0 0.718099 0.158309 0.034115 0.024890
0 0.298568 0.710835 0.034115 0.023426
0 0.297396 0.811676 0.027083 0.020132
0 0.761979 0.379209 0.030729 0.031113
0 0.470052 0.758693 0.031771 0.020681
0 0.530599 0.306003 0.037760 0.019400
0 0.390365 0.295205 0.031771 0.017936
0 0.377865 0.586658 0.033854 0.021779
0 0.580208 0.178715 0.037500 0.032394
0 0.370573 0.701592 0.030208 0.018119
0 0.296094 0.764092 0.030208 0.019766
0 0.622005 0.147511 0.037240 0.023426
0 0.106771 0.382961 0.030208 0.022877
0 0.346615 0.125000 0.036979 0.026354
0 0.663411 0.401171 0.041406 0.029649
0 0.262891 0.866947 0.029948 0.023792
0 0.532943 0.166728 0.035156 0.020498
0 0.680599 0.043741 0.042448 0.029283
0 0.441927 0.050695 0.035937 0.025988
0 0.665495 0.374542 0.038281 0.022145
0 0.601953 0.677526 0.029948 0.019400
0 0.571224 0.560944 0.028385 0.020132
0 0.873828 0.596816 0.037240 0.021962
0 0.162109 0.109261 0.039323 0.027086
0 0.482682 0.262903 0.039323 0.015922
0 0.473698 0.722456 0.031771 0.023243
0 0.465625 0.866947 0.030208 0.023426
0 0.111458 0.134883 0.036979 0.024524
0 0.874609 0.712939 0.036198 0.025805
0 0.531901 0.127105 0.036719 0.031296
0 0.621875 0.184023 0.036979 0.025073
0 0.581771 0.050238 0.035937 0.023609
0 0.533073 0.186951 0.037500 0.019949
0 0.263542 0.711750 0.036458 0.021962
0 0.616536 0.371157 0.033594 0.021596
0 0.399609 0.093155 0.033073 0.021596
0 0.165755 0.888177 0.033594 0.024158
0 0.110417 0.165721 0.036458 0.024341
0 0.802083 0.748902 0.031771 0.020132
0 0.208854 0.025622 0.043229 0.023426
0 0.435937 0.413250 0.031250 0.029283
0 0.479427 0.562866 0.029687 0.019583
0 0.814193 0.074854 0.033594 0.023792
0 0.330599 0.806735 0.029948 0.021230
0 0.484635 0.409407 0.034375 0.024890
0 0.696745 0.759974 0.028385 0.020681
0 0.398177 0.139367 0.034896 0.025073
0 0.393620 0.197017 0.034635 0.024341
0 0.367188 0.805454 0.036458 0.023426
0 0.467187 0.833181 0.025000 0.021779
0 0.490885 0.051245 0.032813 0.019034
0 0.410156 0.583272 0.025521 0.019034
0 0.620313 0.402086 0.028125 0.017936
0 0.377474 0.562775 0.028906 0.022328
0 0.335677 0.701775 0.030208 0.018485
0 0.498828 0.870882 0.032552 0.025805
0 0.533854 0.149433 0.029687 0.013360
0 0.511198 0.562683 0.032292 0.023609
0 0.295052 0.889458 0.027604 0.019766
0 0.769531 0.677251 0.030208 0.023609
0 0.273958 0.607064 0.027083 0.023426
0 0.488802 0.168100 0.034896 0.020681
0 0.669531 0.122255 0.031250 0.022694
0 0.640104 0.562958 0.030729 0.021230
0 0.254297 0.155655 0.041927 0.025439
0 0.533073 0.269949 0.038542 0.019400
0 0.809635 0.676885 0.041667 0.028734
0 0.445964 0.608986 0.024740 0.018851
0 0.489453 0.139367 0.038281 0.033492
0 0.170964 0.588580 0.028906 0.022328
0 0.399740 0.049323 0.033854 0.022511
0 0.163411 0.046212 0.039844 0.029100
0 0.107422 0.050970 0.037760 0.021413
0 0.764323 0.198664 0.039583 0.028734
0 0.540104 0.640465 0.028125 0.022877
0 0.625391 0.109810 0.033073 0.022328
0 0.534766 0.759517 0.027865 0.019400
0 0.161458 0.160231 0.035937 0.028001
0 0.171615 0.558016 0.027083 0.020498
0 0.668620 0.197932 0.033594 0.021047
0 0.273177 0.658217 0.028646 0.020681
0 0.439714 0.722365 0.026302 0.020498
0 0.534245 0.229136 0.039323 0.020864
0 0.486328 0.197383 0.041927 0.035688
0 0.772656 0.640190 0.031771 0.025256
0 0.296224 0.835560 0.028385 0.017020
0 0.528125 0.288616 0.038021 0.021230
0 0.334766 0.728679 0.027344 0.019949
0 0.537370 0.086475 0.041406 0.028001
0 0.619141 0.243960 0.034635 0.023060
0 0.394922 0.159499 0.034115 0.020315
0 0.389714 0.404466 0.024219 0.015373
0 0.506250 0.631772 0.030729 0.024158
0 0.094922 0.811402 0.032552 0.020681
0 0.866927 0.822291 0.026562 0.019400
0 0.626693 0.079612 0.037240 0.023060
0 0.240625 0.559938 0.026562 0.018851
0 0.141276 0.535871 0.032031 0.017570
0 0.701562 0.660871 0.028125 0.020864
0 0.765104 0.755673 0.038021 0.030015
0 0.163932 0.918832 0.036198 0.023243
0 0.255990 0.404100 0.031250 0.027086
0 0.538021 0.585102 0.029167 0.020864
0 0.527734 0.409682 0.035156 0.025073
0 0.328646 0.890099 0.031250 0.019583
0 0.831510 0.599378 0.045833 0.026720
0 0.107552 0.320370 0.036458 0.024341
0 0.807031 0.716691 0.033854 0.021230
0 0.720964 0.415813 0.040365 0.030015
0 0.763672 0.430728 0.038281 0.033126
0 0.539193 0.605875 0.033594 0.024341
0 0.641016 0.598280 0.032031 0.024524
0 0.875781 0.672127 0.037500 0.024707
0 0.159375 0.401903 0.033333 0.019766
0 0.158594 0.137354 0.039583 0.022511
0 0.737370 0.562592 0.032552 0.023792
0 0.671615 0.598920 0.030208 0.021413
0 0.101042 0.701592 0.025521 0.019583
0 0.099479 0.836933 0.041667 0.025622
0 0.275911 0.582083 0.033594 0.021047
0 0.104036 0.556552 0.030469 0.021962
0 0.400000 0.073206 0.032292 0.020498
0 0.166927 0.759334 0.026562 0.022328
0 0.668229 0.677983 0.030208 0.023609
0 0.365104 0.755673 0.029167 0.023426
0 0.300130 0.684114 0.027865 0.020498
0 0.164193 0.418741 0.030990 0.024158
0 0.912370 0.585102 0.032552 0.021230
0 0.261198 0.889275 0.030208 0.017936
0 0.698438 0.900622 0.035417 0.017204
0 0.533724 0.112738 0.031510 0.024524
0 0.340885 0.585469 0.031250 0.021596
0 0.482682 0.601665 0.029427 0.021047
0 0.581641 0.265190 0.037240 0.032577
0 0.694792 0.860633 0.042188 0.036786
0 0.206901 0.563415 0.032031 0.029832
0 0.501953 0.833638 0.030990 0.019766
0 0.503516 0.741764 0.028906 0.023792
0 0.064323 0.609444 0.033333 0.021596
0 0.488672 0.429447 0.027344 0.020315
0 0.430599 0.794656 0.029427 0.023792
0 0.489583 0.127837 0.036458 0.016288
0 0.240365 0.539165 0.038021 0.024158
0 0.617057 0.941892 0.037760 0.024341
0 0.205208 0.589220 0.026042 0.020315
0 0.306771 0.583272 0.025000 0.018668
0 0.665365 0.416453 0.028125 0.017020
0 0.344661 0.563324 0.030990 0.019766
0 0.492318 0.071010 0.040885 0.020498
0 0.809635 0.639275 0.033854 0.024890
0 0.431641 0.869510 0.025781 0.015373
0 0.607422 0.562042 0.028906 0.020132
0 0.872656 0.635615 0.043229 0.034407
0 0.309115 0.560670 0.030729 0.022877
0 0.275651 0.562683 0.036198 0.029832
0 0.439063 0.690703 0.030208 0.021962
0 0.352214 0.429173 0.047656 0.032943
0 0.529948 0.430728 0.033333 0.017387
0 0.761979 0.406936 0.029687 0.021779
0 0.411719 0.561768 0.028646 0.019217
0 0.394531 0.183016 0.034896 0.023792
0 0.569792 0.813415 0.046875 0.033858
0 0.444792 0.580253 0.025521 0.016288
0 0.144401 0.742130 0.030990 0.020498
0 0.470313 0.795480 0.034375 0.024341
0 0.103906 0.351574 0.042708 0.023060
0 0.412891 0.540904 0.035156 0.019217
0 0.347135 0.402269 0.027083 0.019400
0 0.912500 0.565245 0.028125 0.018485
0 0.871484 0.751922 0.035677 0.022877
0 0.139193 0.574671 0.029948 0.019400
0 0.537240 0.681460 0.029167 0.018851
0 0.500130 0.928075 0.031510 0.024158
0 0.365234 0.887171 0.035677 0.024707
0 0.261589 0.700677 0.035677 0.020681
0 0.110677 0.104228 0.043750 0.026903
0 0.698177 0.714220 0.033854 0.019217
0 0.663802 0.720717 0.026042 0.019400
0 0.664453 0.754575 0.027344 0.020498
0 0.630729 0.723371 0.027604 0.022511
0 0.701953 0.610359 0.023177 0.016105
0 0.703516 0.563507 0.023177 0.023792
0 0.738672 0.540904 0.035156 0.023609
0 0.868229 0.786878 0.030729 0.022511
0 0.829167 0.785322 0.026042 0.017204
0 0.837500 0.749176 0.024479 0.022511
0 0.839063 0.715227 0.027604 0.019400
0 0.768620 0.717972 0.030469 0.020498
0 0.821484 0.822383 0.028906 0.022511
0 0.757943 0.823481 0.033594 0.014092
0 0.655990 0.791179 0.026042 0.011713
0 0.625260 0.796029 0.026042 0.012994
0 0.654427 0.835286 0.029167 0.016105
0 0.659115 0.871340 0.022917 0.019400
0 0.655208 0.889733 0.018229 0.015190
0 0.656771 0.903184 0.024479 0.011713
0 0.692057 0.922584 0.018490 0.020498
0 0.599219 0.894583 0.026042 0.018302
0 0.596224 0.876281 0.032031 0.018302
0 0.531250 0.837482 0.027604 0.018302
0 0.530469 0.797127 0.022917 0.015190
0 0.500521 0.790081 0.021354 0.013909
0 0.532682 0.872438 0.033594 0.021596
0 0.534245 0.891288 0.024740 0.013909
0 0.528906 0.905289 0.026042 0.014092
0 0.530469 0.924689 0.026042 0.011896
0 0.528906 0.933840 0.022917 0.008602
0 0.365755 0.725018 0.030469 0.021413
0 0.094531 0.746523 0.027604 0.017204
0 0.094531 0.724927 0.021354 0.019400
0 0.097656 0.766471 0.030729 0.020498
0 0.062500 0.762628 0.027604 0.019400
0 0.058594 0.782577 0.029167 0.018302
0 0.061719 0.809480 0.029167 0.022694
0 0.060156 0.837482 0.022917 0.020498
0 0.061719 0.867130 0.026042 0.019400
0 0.055469 0.889184 0.026042 0.016288
0 0.159766 0.868777 0.038281 0.020498
0 0.166667 0.828331 0.027604 0.015007
0 0.199609 0.759974 0.035156 0.022511
0 0.110677 0.413799 0.032292 0.038799
0 0.070052 0.553807 0.027604 0.015007
0 0.066146 0.569363 0.026042 0.018302
0 0.068490 0.587756 0.027604 0.011896
0 0.100000 0.578514 0.026042 0.017204
0 0.095312 0.599012 0.026042 0.017204
0 0.098437 0.616856 0.022917 0.011896
0 0.100000 0.632961 0.029167 0.022511
0 0.100000 0.657119 0.032292 0.023609
0 0.100000 0.679173 0.032292 0.016105
0 0.065495 0.631863 0.036719 0.022511
0 0.062500 0.660871 0.030729 0.018302
0 0.057031 0.680820 0.029167 0.019400
0 0.058594 0.708821 0.029167 0.023792
0 0.096094 0.867679 0.030729 0.013909
0 0.095443 0.882687 0.035156 0.013909
0 0.097656 0.900439 0.030729 0.012811
0 0.096094 0.925238 0.027604 0.019217
0 0.062500 0.923682 0.024479 0.016105
0 0.434635 0.833730 0.027604 0.023609
0 0.433203 0.758876 0.033594 0.024707
0 0.472135 0.688415 0.032292 0.021413
0 0.596875 0.614111 0.021354 0.023609
0 0.638411 0.644217 0.030469 0.023792
0 0.671354 0.646413 0.029167 0.021596
0 0.463021 0.894034 0.026042 0.030015
0 0.465365 0.928441 0.027604 0.038799
0 0.161979 0.938141 0.027604 0.017204
