0 0.380893 0.404440 0.052109 0.022523
0 0.370347 0.541828 0.050868 0.018018
0 0.361042 0.685006 0.052109 0.019949
0 0.375310 0.487773 0.050868 0.023166
0 0.354218 0.763192 0.060794 0.025740
0 0.369107 0.558559 0.050868 0.019305
0 0.495658 0.607786 0.048387 0.022523
0 0.357940 0.741634 0.058313 0.023810
0 0.495658 0.627413 0.053350 0.021879
0 0.359801 0.702703 0.059553 0.023166
0 0.493797 0.719755 0.044665 0.022523
0 0.496898 0.587194 0.045906 0.021236
0 0.367866 0.592342 0.055831 0.021236
0 0.489454 0.796010 0.058313 0.027027
0 0.283499 0.592664 0.038462 0.021879
0 0.597395 0.278314 0.043424 0.019949
0 0.361042 0.666023 0.052109 0.021879
0 0.383995 0.371300 0.050868 0.020592
0 0.501241 0.452703 0.047146 0.022523
0 0.380273 0.387066 0.048387 0.018662
0 0.361663 0.630952 0.055831 0.022523
0 0.378412 0.435650 0.049628 0.020592
0 0.504342 0.486486 0.043424 0.019305
0 0.678040 0.292793 0.050868 0.019305
0 0.514268 0.224903 0.043424 0.022523
0 0.378412 0.420206 0.049628 0.018018
0 0.368486 0.575290 0.054591 0.020592
0 0.503102 0.470077 0.045906 0.018662
0 0.283499 0.628057 0.043424 0.025740
0 0.372208 0.523166 0.049628 0.024453
0 0.392680 0.258687 0.048387 0.020592
0 0.363524 0.648970 0.054591 0.019949
0 0.495658 0.663449 0.055831 0.023166
0 0.595533 0.294723 0.044665 0.019305
0 0.496898 0.682111 0.050868 0.020592
0 0.472705 0.241956 0.042184 0.020592
0 0.357320 0.720721 0.054591 0.021879
0 0.235112 0.632239 0.048387 0.022523
0 0.490695 0.759009 0.053350 0.026384
0 0.241935 0.612291 0.044665 0.021236
0 0.392680 0.291828 0.050868 0.021236
0 0.496278 0.699807 0.049628 0.021236
0 0.473325 0.210746 0.040943 0.013514
0 0.278536 0.257079 0.043424 0.019949
0 0.388337 0.324003 0.049628 0.022523
0 0.482630 0.899936 0.052109 0.023810
0 0.365385 0.612613 0.058313 0.023166
0 0.481390 0.920849 0.054591 0.024453
0 0.386476 0.354891 0.050868 0.019949
0 0.475186 0.181145 0.047146 0.018662
0 0.482630 0.842342 0.054591 0.025740
0 0.355459 0.198842 0.043424 0.018018
0 0.504963 0.385779 0.047146 0.021236
0 0.485732 0.820463 0.055831 0.025740
0 0.229529 0.338481 0.049628 0.020592
0 0.516749 0.198520 0.038462 0.017375
0 0.905087 0.846203 0.050868 0.025740
0 0.475186 0.322394 0.047146 0.020592
0 0.372208 0.502896 0.052109 0.017375
0 0.905707 0.885457 0.054591 0.024453
0 0.389578 0.339768 0.054591 0.018018
0 0.482630 0.880952 0.047146 0.023166
0 0.473945 0.224903 0.039702 0.018662
0 0.596774 0.311776 0.049628 0.021236
0 0.400744 0.200450 0.039702 0.017375
0 0.474566 0.339447 0.048387 0.019949
0 0.377792 0.468790 0.058313 0.023810
0 0.251241 0.542471 0.045906 0.023166
0 0.399504 0.184685 0.039702 0.019305
0 0.496898 0.645109 0.055831 0.019949
0 0.596154 0.262548 0.043424 0.016731
0 0.517990 0.166667 0.040943 0.020592
0 0.474566 0.197876 0.043424 0.017375
0 0.276055 0.274131 0.033499 0.018018
0 0.244417 0.592021 0.042184 0.023166
0 0.638958 0.215573 0.037221 0.019305
0 0.677419 0.308559 0.047146 0.019949
0 0.724566 0.817889 0.049628 0.021879
0 0.675558 0.817246 0.045906 0.024453
0 0.491935 0.738095 0.045906 0.018018
0 0.481390 0.943372 0.054591 0.024453
0 0.220223 0.419884 0.043424 0.019949
0 0.629653 0.818855 0.045906 0.025097
0 0.313275 0.260296 0.038462 0.022523
0 0.598015 0.215251 0.042184 0.018662
0 0.510546 0.353604 0.040943 0.021236
0 0.122208 0.265444 0.040943 0.023810
0 0.470844 0.304376 0.045906 0.020592
0 0.499380 0.556306 0.053350 0.021236
0 0.501861 0.435972 0.050868 0.018662
0 0.516749 0.210425 0.035980 0.012870
0 0.394541 0.227156 0.044665 0.019305
0 0.500000 0.506113 0.049628 0.023810
0 0.228288 0.357465 0.044665 0.018662
0 0.903226 0.824324 0.047146 0.018018
0 0.683002 0.741313 0.045906 0.023166
0 0.592432 0.407658 0.050868 0.019949
0 0.400124 0.167310 0.043424 0.019305
0 0.905087 0.906692 0.050868 0.023166
0 0.231390 0.290219 0.040943 0.020592
0 0.732010 0.685328 0.049628 0.020592
0 0.766749 0.821750 0.039702 0.021879
0 0.379032 0.452059 0.050868 0.018662
0 0.105459 0.405727 0.037221 0.019949
0 0.491315 0.775418 0.057072 0.023166
0 0.404467 0.108752 0.047146 0.021879
0 0.519851 0.135457 0.037221 0.019949
0 0.761166 0.296654 0.035980 0.019305
0 0.522953 0.104891 0.045906 0.019305
0 0.721464 0.292793 0.043424 0.020592
0 0.357320 0.179858 0.044665 0.021236
0 0.393921 0.242600 0.043424 0.020592
0 0.720223 0.372587 0.040943 0.019305
0 0.771092 0.502574 0.040943 0.021879
0 0.715881 0.905727 0.042184 0.025097
0 0.582506 0.898005 0.043424 0.019949
0 0.478908 0.964929 0.057072 0.026384
0 0.763027 0.313063 0.039702 0.017375
0 0.498139 0.570785 0.053350 0.018018
0 0.764888 0.278636 0.035980 0.021879
0 0.723945 0.522844 0.045906 0.018662
0 0.594913 0.359395 0.045906 0.017375
0 0.599876 0.200129 0.035980 0.014157
0 0.389578 0.275097 0.049628 0.022523
0 0.352978 0.216538 0.045906 0.021236
0 0.593052 0.343629 0.049628 0.018018
0 0.291563 0.505148 0.039702 0.023166
0 0.721464 0.458172 0.045906 0.024453
0 0.805211 0.967825 0.044665 0.024453
0 0.849876 0.968147 0.049628 0.019949
0 0.905087 0.928571 0.045906 0.019305
0 0.903226 0.705277 0.054591 0.024453
0 0.814516 0.822394 0.050868 0.028314
0 0.805831 0.905405 0.048387 0.023166
0 0.477667 0.288288 0.059553 0.020592
0 0.858561 0.648970 0.042184 0.023810
0 0.685484 0.685006 0.045906 0.021236
0 0.486352 0.861647 0.052109 0.021879
0 0.720223 0.327220 0.038462 0.021236
0 0.719603 0.859073 0.047146 0.027027
0 0.593672 0.393179 0.045906 0.018018
0 0.815757 0.799871 0.053350 0.025740
0 0.252481 0.521879 0.040943 0.023166
0 0.722705 0.168919 0.038462 0.018662
0 0.854839 0.906049 0.047146 0.021879
0 0.855459 0.926641 0.048387 0.027027
0 0.813896 0.688546 0.039702 0.021879
0 0.299007 0.418275 0.032258 0.021879
0 0.762407 0.905727 0.043424 0.026384
0 0.116005 0.306628 0.040943 0.022523
0 0.594293 0.375483 0.047146 0.021236
0 0.508065 0.369691 0.043424 0.016088
0 0.817618 0.744530 0.039702 0.024453
0 0.520471 0.151866 0.043424 0.018018
0 0.722084 0.399936 0.047146 0.031532
0 0.516749 0.242600 0.038462 0.016731
0 0.129653 0.187902 0.043424 0.021879
0 0.516749 0.290219 0.040943 0.021879
0 0.637717 0.342664 0.042184 0.018662
0 0.874690 0.308880 0.044665 0.020592
0 0.641439 0.441763 0.044665 0.019949
0 0.475806 0.166345 0.045906 0.018662
0 0.391439 0.306950 0.048387 0.019305
0 0.298387 0.436615 0.033499 0.017375
0 0.124690 0.244852 0.043424 0.019949
0 0.313896 0.279923 0.034739 0.019305
0 0.758685 0.970077 0.050868 0.026384
0 0.290323 0.522844 0.034739 0.017375
0 0.131514 0.170528 0.039702 0.018018
0 0.859801 0.744208 0.047146 0.022523
0 0.104218 0.422780 0.042184 0.019305
0 0.518610 0.184041 0.039702 0.018018
0 0.723325 0.504826 0.052109 0.019949
0 0.359801 0.137066 0.037221 0.020592
0 0.912531 0.063385 0.028536 0.013514
0 0.915633 0.078507 0.037221 0.011583
0 0.917494 0.097490 0.038462 0.019949
0 0.917494 0.115830 0.033499 0.015444
0 0.918734 0.134813 0.040943 0.019949
0 0.871588 0.049228 0.026055 0.014801
0 0.874690 0.065959 0.032258 0.013514
0 0.872208 0.079151 0.032258 0.010296
0 0.872208 0.092664 0.032258 0.014157
0 0.875310 0.107143 0.026055 0.014801
0 0.877792 0.122587 0.038462 0.014801
0 0.876551 0.138353 0.035980 0.016731
0 0.834988 0.065637 0.039702 0.016731
0 0.835608 0.083333 0.031017 0.016088
0 0.835608 0.097169 0.033499 0.011583
0 0.837469 0.109717 0.029777 0.013514
0 0.835608 0.125161 0.031017 0.013514
0 0.795285 0.063707 0.029777 0.016731
0 0.798387 0.079794 0.035980 0.018018
0 0.797767 0.096847 0.034739 0.014801
0 0.799628 0.108752 0.033499 0.009009
0 0.802730 0.122587 0.032258 0.012227
0 0.801489 0.137066 0.037221 0.016731
0 0.798387 0.151866 0.035980 0.012870
0 0.873449 0.153797 0.034739 0.012870
0 0.872829 0.168919 0.033499 0.013514
0 0.874690 0.184363 0.039702 0.019949
0 0.879032 0.200772 0.035980 0.016731
0 0.877792 0.217181 0.050868 0.014801
0 0.873449 0.228764 0.034739 0.012227
0 0.872208 0.246139 0.032258 0.014801
0 0.874690 0.260940 0.032258 0.014801
0 0.871588 0.276384 0.040943 0.014801
0 0.872829 0.290862 0.035980 0.016731
0 0.877792 0.330438 0.033499 0.018662
0 0.874069 0.349743 0.035980 0.019949
0 0.880273 0.369369 0.035980 0.015444
0 0.874690 0.386744 0.039702 0.015444
0 0.876551 0.402510 0.031017 0.016088
0 0.884615 0.420849 0.039702 0.020592
0 0.885856 0.439833 0.037221 0.016088
0 0.890199 0.454311 0.045906 0.018018
0 0.892680 0.474903 0.048387 0.021879
0 0.887717 0.493243 0.038462 0.014801
0 0.889578 0.506435 0.034739 0.011583
0 0.887717 0.520270 0.033499 0.018662
0 0.890819 0.538932 0.044665 0.021236
0 0.890819 0.555019 0.039702 0.017375
0 0.897643 0.574003 0.040943 0.021879
0 0.902605 0.594916 0.048387 0.018662
0 0.901365 0.614221 0.045906 0.019949
0 0.905707 0.629987 0.047146 0.011583
0 0.903846 0.653153 0.038462 0.023166
0 0.899504 0.670206 0.042184 0.013514
0 0.902605 0.686937 0.043424 0.017375
0 0.903846 0.726834 0.050868 0.021236
0 0.905707 0.743243 0.047146 0.016731
0 0.215881 0.454633 0.039702 0.018662
0 0.901365 0.762870 0.045906 0.018662
0 0.903846 0.783462 0.050868 0.019949
0 0.907568 0.802445 0.050868 0.020592
0 0.901985 0.865508 0.054591 0.018018
0 0.915633 0.950772 0.042184 0.018662
0 0.856700 0.947555 0.055831 0.023810
0 0.854839 0.885135 0.044665 0.017375
0 0.851737 0.863256 0.038462 0.019949
0 0.852357 0.844595 0.044665 0.023810
0 0.857320 0.823359 0.042184 0.022523
0 0.857940 0.798584 0.038462 0.023166
0 0.855459 0.780245 0.038462 0.016088
0 0.859801 0.765766 0.042184 0.018018
0 0.860422 0.745495 0.043424 0.025097
0 0.861663 0.725547 0.040943 0.018662
0 0.859801 0.703990 0.049628 0.020592
0 0.857940 0.683398 0.045906 0.016731
0 0.857940 0.667632 0.038462 0.014801
0 0.836849 0.168275 0.023573 0.014801
0 0.836849 0.182432 0.023573 0.016088
0 0.831266 0.199163 0.029777 0.013514
0 0.835608 0.212999 0.033499 0.012870
0 0.833747 0.227156 0.029777 0.015444
0 0.835608 0.244208 0.033499 0.014801
0 0.834367 0.259974 0.035980 0.016731
0 0.835608 0.276384 0.033499 0.014801
0 0.833747 0.293115 0.037221 0.014801
0 0.834988 0.309524 0.039702 0.016731
0 0.838710 0.326577 0.032258 0.017375
0 0.837469 0.343308 0.029777 0.010940
0 0.834367 0.356499 0.035980 0.010296
0 0.835608 0.370656 0.033499 0.016731
0 0.837469 0.388031 0.034739 0.015444
0 0.837469 0.404440 0.034739 0.017375
0 0.846154 0.422458 0.042184 0.018662
0 0.843672 0.439511 0.037221 0.016731
0 0.843052 0.457207 0.035980 0.018662
0 0.847395 0.474582 0.034739 0.016088
0 0.848635 0.489704 0.037221 0.018018
0 0.848635 0.506757 0.039702 0.016088
0 0.847395 0.522844 0.034739 0.016088
0 0.855459 0.576898 0.045906 0.017375
0 0.856700 0.594273 0.035980 0.013514
0 0.854218 0.612613 0.035980 0.016731
0 0.855459 0.629987 0.038462 0.015444
0 0.756824 0.066924 0.032258 0.016731
0 0.761787 0.081403 0.034739 0.012227
0 0.759926 0.096525 0.033499 0.015444
0 0.758685 0.111004 0.031017 0.013514
0 0.759926 0.123874 0.033499 0.012227
0 0.763648 0.139318 0.031017 0.012227
0 0.762407 0.154118 0.023573 0.013514
0 0.760546 0.168275 0.019851 0.012227
0 0.759305 0.184363 0.029777 0.013514
0 0.797146 0.168919 0.035980 0.019949
0 0.797767 0.186293 0.029777 0.013514
0 0.797767 0.198520 0.034739 0.010940
0 0.795285 0.214286 0.029777 0.010296
0 0.760546 0.198520 0.032258 0.012227
0 0.766749 0.212999 0.032258 0.014157
0 0.762407 0.228764 0.028536 0.014801
0 0.758685 0.244208 0.023573 0.012227
0 0.797767 0.230051 0.022333 0.013514
0 0.796526 0.244208 0.027295 0.010940
0 0.595533 0.424710 0.042184 0.016731
0 0.591191 0.441441 0.038462 0.010296
0 0.594293 0.459138 0.039702 0.018662
0 0.564516 0.457207 0.027295 0.013514
0 0.594293 0.476512 0.039702 0.014801
0 0.596774 0.490669 0.032258 0.010940
0 0.589330 0.505792 0.037221 0.012870
0 0.800868 0.260296 0.035980 0.013514
0 0.800248 0.279601 0.039702 0.018662
0 0.800868 0.295045 0.043424 0.010940
0 0.794665 0.309846 0.031017 0.013514
0 0.799007 0.326898 0.032258 0.015444
0 0.803350 0.341699 0.033499 0.012870
0 0.797146 0.356178 0.035980 0.012227
0 0.799007 0.372587 0.039702 0.015444
0 0.798387 0.388031 0.035980 0.018018
0 0.806452 0.405405 0.027295 0.011583
0 0.800248 0.422136 0.039702 0.015444
0 0.804591 0.441441 0.040943 0.020592
0 0.809553 0.458494 0.050868 0.016088
0 0.806452 0.475225 0.044665 0.017375
0 0.805831 0.488417 0.038462 0.015444
0 0.810794 0.506435 0.035980 0.015444
0 0.811414 0.522844 0.037221 0.013514
0 0.811414 0.537001 0.037221 0.018662
0 0.811414 0.558237 0.037221 0.017375
0 0.814516 0.576898 0.035980 0.017375
0 0.813275 0.595238 0.038462 0.016731
0 0.811414 0.613256 0.037221 0.019305
0 0.812035 0.629344 0.035980 0.014157
0 0.816998 0.647683 0.035980 0.018662
0 0.815757 0.665058 0.033499 0.016088
0 0.811414 0.703024 0.037221 0.018662
0 0.813275 0.721686 0.038462 0.016088
0 0.818859 0.764157 0.039702 0.018662
0 0.811414 0.778636 0.037221 0.014157
0 0.808933 0.843629 0.039702 0.011583
0 0.808933 0.863900 0.039702 0.022523
0 0.807692 0.883205 0.042184 0.017375
0 0.807692 0.929215 0.037221 0.024453
0 0.807072 0.951094 0.035980 0.016731
0 0.761787 0.931145 0.042184 0.020592
0 0.758685 0.947876 0.031017 0.016731
0 0.714640 0.928250 0.039702 0.021236
0 0.713400 0.948520 0.034739 0.015444
0 0.710298 0.968790 0.035980 0.018662
0 0.668734 0.964607 0.052109 0.027027
0 0.664392 0.941120 0.043424 0.017375
0 0.619107 0.965894 0.042184 0.021879
0 0.566998 0.960746 0.042184 0.021879
0 0.576923 0.939833 0.039702 0.018662
0 0.576303 0.919241 0.048387 0.027671
0 0.623449 0.897362 0.050868 0.019949
0 0.625931 0.919562 0.045906 0.021879
0 0.672457 0.917310 0.039702 0.019949
0 0.668734 0.898649 0.044665 0.017375
0 0.673697 0.879022 0.037221 0.015444
0 0.671836 0.855534 0.038462 0.018662
0 0.669355 0.836551 0.038462 0.015444
0 0.634615 0.794723 0.048387 0.018018
0 0.718362 0.835264 0.039702 0.018018
0 0.639578 0.775418 0.045906 0.016731
0 0.763648 0.841377 0.031017 0.017375
0 0.769851 0.861326 0.038462 0.023810
0 0.763027 0.886422 0.039702 0.023810
0 0.715881 0.882561 0.042184 0.021236
0 0.576303 0.875804 0.035980 0.019305
0 0.578784 0.858108 0.035980 0.016088
0 0.582506 0.837516 0.035980 0.019949
0 0.581886 0.814994 0.042184 0.022523
0 0.588710 0.790541 0.043424 0.019949
0 0.588089 0.760940 0.039702 0.022523
0 0.634615 0.759653 0.038462 0.010940
0 0.687345 0.760940 0.037221 0.018662
0 0.685484 0.775418 0.033499 0.016731
0 0.680521 0.794402 0.035980 0.018662
0 0.724566 0.796332 0.039702 0.018662
0 0.727667 0.778636 0.038462 0.014157
0 0.592432 0.738417 0.040943 0.017375
0 0.773573 0.763835 0.038462 0.015444
0 0.775434 0.781210 0.034739 0.015444
0 0.593672 0.718147 0.038462 0.015444
0 0.767990 0.797941 0.029777 0.018018
0 0.621588 0.942728 0.034739 0.016731
0 0.620347 0.879665 0.044665 0.015444
0 0.628412 0.860039 0.040943 0.019949
0 0.632754 0.840412 0.044665 0.018018
0 0.638337 0.741634 0.043424 0.018662
0 0.637717 0.722329 0.034739 0.019949
0 0.727667 0.759331 0.038462 0.021879
0 0.727667 0.738739 0.033499 0.018018
0 0.774194 0.744852 0.052109 0.019949
0 0.771712 0.724903 0.042184 0.018662
0 0.767370 0.705598 0.038462 0.017375
0 0.774814 0.685650 0.028536 0.013514
0 0.776675 0.669241 0.032258 0.021879
0 0.775434 0.648649 0.034739 0.015444
0 0.775434 0.632883 0.029777 0.017375
0 0.775434 0.614221 0.037221 0.021236
0 0.775434 0.592986 0.029777 0.018662
0 0.768610 0.575933 0.035980 0.015444
0 0.772333 0.558237 0.035980 0.013514
0 0.771712 0.538288 0.029777 0.013514
0 0.768610 0.521236 0.035980 0.016731
0 0.769851 0.487773 0.033499 0.011583
0 0.764888 0.471364 0.028536 0.012227
0 0.764888 0.454633 0.028536 0.013514
0 0.767990 0.438546 0.029777 0.013514
0 0.761787 0.423745 0.034739 0.014801
0 0.763648 0.405084 0.031017 0.014801
0 0.759926 0.388996 0.033499 0.013514
0 0.759926 0.371943 0.033499 0.014157
0 0.758065 0.356178 0.042184 0.012227
0 0.759926 0.340734 0.026055 0.010940
0 0.759926 0.327220 0.026055 0.012227
0 0.717742 0.275740 0.033499 0.013514
0 0.717742 0.259009 0.033499 0.013514
0 0.719603 0.242278 0.029777 0.012227
0 0.722084 0.229730 0.032258 0.014157
0 0.717122 0.215894 0.042184 0.013514
0 0.716501 0.196268 0.031017 0.016731
0 0.715261 0.180824 0.038462 0.014157
0 0.718983 0.151544 0.035980 0.013514
0 0.721464 0.139640 0.033499 0.015444
0 0.715261 0.122265 0.026055 0.009009
0 0.721464 0.108752 0.031017 0.011583
0 0.716501 0.092664 0.031017 0.016731
0 0.715261 0.078185 0.033499 0.012227
0 0.723325 0.062741 0.034739 0.012227
0 0.900744 0.971364 0.032258 0.019949
0 0.685484 0.720721 0.038462 0.023166
0 0.724566 0.721364 0.037221 0.015444
0 0.727047 0.703346 0.032258 0.021879
0 0.683623 0.703990 0.037221 0.019305
0 0.639578 0.703990 0.033499 0.014157
0 0.594293 0.701416 0.039702 0.019305
0 0.596774 0.681467 0.039702 0.015444
0 0.589330 0.663127 0.042184 0.019949
0 0.597395 0.643822 0.038462 0.016088
0 0.595533 0.624517 0.034739 0.017375
0 0.599876 0.596203 0.045906 0.018662
0 0.596774 0.578507 0.039702 0.016731
0 0.599876 0.560167 0.045906 0.017375
0 0.594913 0.541506 0.035980 0.019949
0 0.598635 0.522844 0.035980 0.016088
0 0.596774 0.245817 0.039702 0.015444
0 0.598635 0.232304 0.035980 0.018018
0 0.601737 0.185650 0.034739 0.013514
0 0.603598 0.168275 0.031017 0.014801
0 0.599256 0.154762 0.034739 0.014801
0 0.600496 0.139961 0.037221 0.010940
0 0.599256 0.125483 0.042184 0.018018
0 0.598635 0.111004 0.040943 0.013514
0 0.603598 0.096525 0.033499 0.015444
0 0.606700 0.083333 0.044665 0.014801
0 0.606079 0.066602 0.048387 0.018662
0 0.643921 0.066924 0.029777 0.016731
0 0.640199 0.684041 0.032258 0.016731
0 0.638337 0.663449 0.043424 0.020592
0 0.633375 0.645109 0.033499 0.018662
0 0.639578 0.628378 0.038462 0.022523
0 0.642680 0.612291 0.039702 0.013514
0 0.641439 0.596525 0.042184 0.018018
0 0.642680 0.577542 0.039702 0.018662
0 0.645161 0.557272 0.042184 0.015444
0 0.642060 0.540541 0.045906 0.019305
0 0.644541 0.524775 0.055831 0.019949
0 0.639578 0.505792 0.040943 0.016731
0 0.641439 0.490669 0.034739 0.017375
0 0.633995 0.472008 0.029777 0.016088
0 0.681141 0.476512 0.029777 0.012227
0 0.638958 0.457529 0.039702 0.015444
0 0.637717 0.421493 0.037221 0.016731
0 0.639578 0.407658 0.033499 0.019949
0 0.639578 0.391248 0.031017 0.015444
0 0.637097 0.373874 0.035980 0.012870
0 0.673697 0.358108 0.032258 0.017375
0 0.680521 0.340734 0.031017 0.016088
0 0.678040 0.325290 0.045906 0.012227
0 0.637717 0.325611 0.037221 0.015444
0 0.639578 0.308237 0.031017 0.011583
0 0.638337 0.292471 0.035980 0.016088
0 0.636476 0.277992 0.032258 0.015444
0 0.674938 0.276062 0.039702 0.011583
0 0.638337 0.260940 0.035980 0.014801
0 0.674318 0.261905 0.035980 0.014157
0 0.640199 0.244852 0.032258 0.013514
0 0.683623 0.248069 0.042184 0.018662
0 0.679280 0.230373 0.045906 0.015444
0 0.638337 0.231660 0.028536 0.012870
0 0.678660 0.215573 0.039702 0.015444
0 0.641439 0.200450 0.034739 0.014801
0 0.675558 0.199807 0.033499 0.013514
0 0.681141 0.541506 0.029777 0.016088
0 0.684243 0.558880 0.035980 0.018662
0 0.680521 0.575290 0.031017 0.016731
0 0.683623 0.594595 0.037221 0.018018
0 0.688586 0.614221 0.039702 0.019949
0 0.688586 0.635135 0.039702 0.021879
0 0.687345 0.661519 0.049628 0.027027
0 0.735112 0.664093 0.035980 0.018018
0 0.729529 0.647040 0.034739 0.018662
0 0.732630 0.626770 0.040943 0.015444
0 0.728288 0.610039 0.039702 0.015444
0 0.729529 0.593629 0.037221 0.017375
0 0.724566 0.574646 0.032258 0.018018
0 0.724566 0.556628 0.032258 0.014157
0 0.722705 0.419884 0.048387 0.013514
0 0.723945 0.539897 0.045906 0.016731
0 0.719603 0.486808 0.042184 0.013514
0 0.720844 0.474582 0.039702 0.016088
0 0.719603 0.434685 0.034739 0.019949
0 0.683002 0.437902 0.035980 0.013514
0 0.683623 0.458816 0.034739 0.016731
0 0.713400 0.354891 0.029777 0.013514
0 0.716501 0.342664 0.031017 0.014801
0 0.686725 0.523810 0.028536 0.015444
0 0.682382 0.504505 0.032258 0.016731
0 0.675558 0.064350 0.033499 0.015444
0 0.674318 0.079472 0.035980 0.013514
0 0.681762 0.095238 0.033499 0.011583
0 0.681141 0.108752 0.029777 0.009009
0 0.678040 0.121622 0.035980 0.016731
0 0.683623 0.138996 0.034739 0.015444
0 0.682382 0.153475 0.032258 0.013514
0 0.680521 0.166023 0.040943 0.011583
0 0.676799 0.183398 0.028536 0.015444
0 0.641439 0.123874 0.029777 0.012227
0 0.644541 0.139318 0.031017 0.012227
0 0.641439 0.154762 0.037221 0.014801
0 0.641439 0.169884 0.034739 0.011583
0 0.639578 0.183398 0.038462 0.015444
0 0.674938 0.419884 0.032258 0.013514
0 0.678660 0.404118 0.032258 0.012870
0 0.676179 0.387066 0.032258 0.013514
0 0.673697 0.372265 0.029777 0.013514
0 0.290943 0.543115 0.038462 0.016731
0 0.248759 0.503218 0.035980 0.015444
0 0.096154 0.440154 0.035980 0.016731
0 0.092432 0.458172 0.043424 0.018018
0 0.106079 0.374196 0.040943 0.018662
0 0.102357 0.389640 0.028536 0.014801
0 0.225186 0.372909 0.033499 0.014801
0 0.273573 0.338160 0.033499 0.017375
0 0.264268 0.367761 0.039702 0.016088
0 0.307072 0.334299 0.033499 0.018662
0 0.307072 0.354247 0.038462 0.016088
0 0.303350 0.370335 0.040943 0.017375
0 0.522953 0.028314 0.035980 0.014157
0 0.523573 0.045045 0.037221 0.016731
0 0.520471 0.062741 0.035980 0.014801
0 0.520471 0.075611 0.040943 0.013514
0 0.522333 0.090090 0.039702 0.015444
0 0.518610 0.117117 0.032258 0.015444
0 0.481390 0.060489 0.029777 0.014157
0 0.480769 0.076577 0.035980 0.012870
0 0.480149 0.089768 0.032258 0.013514
0 0.476427 0.104569 0.037221 0.016088
0 0.479529 0.119369 0.033499 0.018662
0 0.479529 0.135779 0.038462 0.011583
0 0.476427 0.150901 0.032258 0.014801
0 0.473945 0.257722 0.032258 0.014801
0 0.518610 0.256435 0.039702 0.018662
0 0.513648 0.272523 0.037221 0.013514
0 0.471464 0.273810 0.047146 0.013514
0 0.514268 0.305985 0.035980 0.013514
0 0.516749 0.322394 0.035980 0.015444
0 0.510546 0.338160 0.035980 0.009653
0 0.504342 0.403797 0.040943 0.013514
0 0.507444 0.416988 0.042184 0.015444
0 0.496898 0.521236 0.045906 0.016731
0 0.496898 0.536680 0.045906 0.016731
0 0.470844 0.352638 0.035980 0.015444
0 0.465261 0.370978 0.029777 0.018662
0 0.445409 0.032497 0.037221 0.016088
0 0.441067 0.048584 0.038462 0.013514
0 0.443548 0.063707 0.033499 0.016731
0 0.440447 0.075611 0.032258 0.010940
0 0.439206 0.090734 0.029777 0.016731
0 0.405087 0.033462 0.038462 0.016731
0 0.404467 0.050515 0.032258 0.013514
0 0.403846 0.064994 0.035980 0.015444
0 0.404467 0.082368 0.032258 0.016731
0 0.401985 0.093629 0.032258 0.008366
0 0.362903 0.062420 0.035980 0.016731
0 0.403226 0.122909 0.034739 0.010296
0 0.401985 0.136744 0.039702 0.016088
0 0.402605 0.150257 0.035980 0.010940
0 0.309553 0.294723 0.031017 0.015444
0 0.273573 0.291506 0.033499 0.019305
0 0.235112 0.257079 0.033499 0.017375
0 0.225806 0.272844 0.032258 0.011583
0 0.326923 0.064028 0.035980 0.019949
0 0.327543 0.081403 0.037221 0.014801
0 0.364144 0.080438 0.028536 0.016731
0 0.364764 0.104247 0.039702 0.016731
0 0.356700 0.118726 0.028536 0.012227
0 0.324442 0.106178 0.035980 0.014157
0 0.326303 0.120978 0.032258 0.011583
0 0.323201 0.137387 0.038462 0.014801
0 0.290323 0.102638 0.039702 0.019949
0 0.289702 0.123230 0.038462 0.010940
0 0.287221 0.139318 0.033499 0.014801
0 0.247519 0.101995 0.045906 0.016088
0 0.248139 0.120656 0.027295 0.012227
0 0.245658 0.138674 0.042184 0.017375
0 0.148263 0.052124 0.035980 0.020592
0 0.143300 0.069498 0.038462 0.015444
0 0.135236 0.120978 0.029777 0.015444
0 0.132754 0.138031 0.042184 0.018662
0 0.129653 0.152831 0.035980 0.014801
0 0.241315 0.182754 0.040943 0.016731
0 0.241935 0.197876 0.039702 0.013514
0 0.238213 0.214286 0.039702 0.016731
0 0.279156 0.178571 0.034739 0.018662
0 0.281017 0.195946 0.033499 0.013514
0 0.276675 0.212355 0.032258 0.015444
0 0.318238 0.183719 0.031017 0.018662
0 0.318238 0.197876 0.028536 0.013514
0 0.314516 0.213320 0.035980 0.013514
0 0.259305 0.417632 0.029777 0.016731
0 0.259305 0.435650 0.037221 0.018018
0 0.260546 0.453024 0.039702 0.020592
0 0.297146 0.453990 0.033499 0.018662
