0 0.725242 0.142107 0.147274 0.165894
0 0.055801 0.099100 0.085103 0.098691
0 0.917615 0.123637 0.124342 0.132497
0 0.538644 0.474168 0.143367 0.141085
0 0.902497 0.713604 0.121624 0.101963
0 0.907678 0.276786 0.106846 0.124455
0 0.205962 0.802276 0.078988 0.083288
0 0.707406 0.899128 0.184984 0.169847
0 0.521998 0.126977 0.192288 0.168348
0 0.172414 0.085878 0.068966 0.064885
0 0.713691 0.301254 0.126210 0.131679
0 0.188466 0.471306 0.093596 0.051663
0 0.520384 0.301186 0.184304 0.153081
0 0.064974 0.184978 0.097673 0.062704
0 0.900034 0.808206 0.104467 0.068157
0 0.205962 0.898446 0.085782 0.061069
0 0.516732 0.865526 0.153219 0.202154
0 0.898505 0.922710 0.145915 0.115867
0 0.183200 0.383315 0.082725 0.075518
0 0.057245 0.655875 0.064209 0.057933
0 0.190080 0.563522 0.089010 0.073610
0 0.177340 0.181638 0.086632 0.073473
0 0.057585 0.515063 0.072703 0.050027
0 0.070324 0.313522 0.077459 0.062432
0 0.110073 0.963945 0.045864 0.034760
0 0.316885 0.140812 0.153049 0.172846
0 0.174367 0.245025 0.074911 0.028762
0 0.176660 0.304321 0.072703 0.035305
0 0.061322 0.428844 0.063530 0.049618
0 0.317394 0.304526 0.110922 0.088877
0 0.720146 0.466399 0.155087 0.167257
0 0.713606 0.685796 0.180737 0.159487
0 0.058349 0.961764 0.050450 0.047301
0 0.905470 0.431025 0.129947 0.126772
0 0.599966 0.181093 0.062171 0.055480
0 0.321556 0.392176 0.109054 0.085605
0 0.060132 0.246047 0.076440 0.036532
0 0.193392 0.634678 0.081026 0.034624
0 0.198658 0.703449 0.083744 0.044029
0 0.052998 0.571838 0.084933 0.040894
0 0.066078 0.721238 0.050960 0.046074
0 0.054867 0.806161 0.052319 0.046074
0 0.055546 0.889517 0.050960 0.045120
0 0.213012 0.977576 0.075760 0.036668
0 0.902922 0.576540 0.130627 0.144629
