0 0.248944 0.461546 0.063503 0.077101
0 0.840652 0.396751 0.067725 0.081715
0 0.581236 0.420496 0.071778 0.100750
0 0.420706 0.313209 0.070258 0.088060
0 0.161966 0.788118 0.065867 0.102288
0 0.680882 0.700731 0.061983 0.064026
0 0.677082 0.241780 0.068569 0.065949
0 0.419608 0.473371 0.077183 0.093059
0 0.248776 0.617093 0.066205 0.072871
0 0.425857 0.229667 0.067049 0.059027
0 0.420875 0.672851 0.071947 0.080946
0 0.157913 0.604884 0.053707 0.063834
0 0.246918 0.534513 0.058774 0.076524
0 0.838541 0.485868 0.070934 0.099212
0 0.159686 0.688233 0.064009 0.092867
0 0.682233 0.523265 0.061645 0.053259
0 0.331447 0.726687 0.056578 0.074409
0 0.838963 0.617477 0.058605 0.071717
0 0.583601 0.322342 0.072454 0.085176
0 0.591454 0.721400 0.056747 0.051529
0 0.762033 0.252932 0.070596 0.094789
0 0.582503 0.519996 0.063841 0.068256
0 0.331279 0.652759 0.055227 0.068064
0 0.679446 0.636512 0.068232 0.063642
0 0.160953 0.522207 0.059112 0.090752
0 0.423662 0.390983 0.058943 0.059412
0 0.245313 0.706210 0.067049 0.092290
0 0.246749 0.243126 0.055396 0.060565
0 0.833896 0.694482 0.069752 0.076524
0 0.834994 0.824168 0.069583 0.068256
0 0.328745 0.813594 0.057592 0.082100
0 0.248607 0.802250 0.072285 0.097866
0 0.334825 0.529225 0.055565 0.074024
0 0.327394 0.327918 0.051174 0.072102
0 0.765073 0.386176 0.053707 0.075178
0 0.328576 0.249760 0.062996 0.076524
0 0.585627 0.627379 0.069752 0.127668
0 0.593565 0.799366 0.066036 0.091329
0 0.681135 0.579600 0.062152 0.054797
0 0.839892 0.557201 0.049992 0.051913
0 0.157575 0.404249 0.065192 0.135166
0 0.833812 0.764276 0.067556 0.051913
0 0.159095 0.271486 0.062489 0.119592
0 0.422986 0.608537 0.066712 0.061142
0 0.580983 0.238416 0.062152 0.069217
0 0.685779 0.389829 0.059281 0.068641
0 0.420284 0.550856 0.071441 0.059604
0 0.680037 0.461546 0.058267 0.069794
0 0.243878 0.380600 0.053032 0.072486
0 0.330772 0.460104 0.054552 0.066526
0 0.677166 0.308114 0.054552 0.061334
0 0.330941 0.591617 0.046107 0.041915
0 0.681979 0.755624 0.051343 0.046530
0 0.420284 0.784753 0.076170 0.130936
0 0.838372 0.321957 0.049316 0.063257
0 0.763385 0.318208 0.049654 0.045376
0 0.155886 0.302730 0.044925 0.057873
0 0.325958 0.392328 0.038169 0.044030
0 0.682064 0.791002 0.064347 0.107672
0 0.244300 0.308210 0.052525 0.071525
0 0.838710 0.247356 0.049654 0.092867
