0 0.420833 0.738103 0.026042 0.030313
0 0.419010 0.595176 0.023958 0.030639
0 0.495182 0.087679 0.024219 0.031943
0 0.521875 0.909387 0.025000 0.027379
0 0.928385 0.439700 0.025521 0.028683
0 0.214714 0.393090 0.025260 0.030639
0 0.445052 0.114733 0.025000 0.033898
0 0.470313 0.426499 0.026042 0.027053
0 0.726042 0.573664 0.023958 0.029335
0 0.037109 0.597132 0.026823 0.029987
0 0.468750 0.085561 0.024479 0.030313
0 0.268620 0.738755 0.022135 0.035528
0 0.722396 0.886245 0.025000 0.029335
0 0.368359 0.567308 0.023177 0.032269
0 0.674219 0.234192 0.025521 0.030313
0 0.294531 0.795958 0.026562 0.031291
0 0.623437 0.770860 0.023958 0.031291
0 0.342057 0.254400 0.023177 0.028357
0 0.954036 0.069426 0.024740 0.033246
0 0.418490 0.084583 0.022396 0.026402
0 0.845703 0.944589 0.024740 0.031291
0 0.571745 0.087679 0.024219 0.031943
0 0.750781 0.800847 0.024479 0.030639
0 0.368750 0.282432 0.027083 0.027705
0 0.213542 0.422099 0.026042 0.029335
0 0.443620 0.199641 0.022656 0.032269
0 0.521094 0.058344 0.022917 0.031291
0 0.395052 0.795143 0.022396 0.030313
0 0.288672 0.423240 0.024219 0.027053
0 0.188411 0.249348 0.023698 0.028683
0 0.265885 0.138527 0.024479 0.030639
0 0.751172 0.771675 0.023698 0.029661
0 0.494401 0.400098 0.023177 0.035528
0 0.777995 0.065189 0.023177 0.027379
0 0.239453 0.049707 0.026302 0.032269
0 0.748828 0.884126 0.023698 0.029009
0 0.796745 0.913136 0.023698 0.029009
0 0.726302 0.151890 0.023958 0.029335
0 0.344271 0.852347 0.024479 0.032595
0 0.290104 0.051662 0.023958 0.030965
0 0.796745 0.886245 0.020052 0.028031
0 0.877604 0.212516 0.025000 0.029987
0 0.623307 0.061930 0.025781 0.031291
0 0.495573 0.597132 0.023438 0.029335
0 0.417708 0.424055 0.023958 0.027379
0 0.263672 0.480606 0.024740 0.029661
0 0.700260 0.205997 0.027604 0.029987
0 0.495964 0.454857 0.024219 0.033572
0 0.470573 0.517927 0.023958 0.031291
0 0.520182 0.087679 0.023177 0.028683
0 0.521484 0.511897 0.025781 0.030313
0 0.116667 0.736799 0.026042 0.030965
0 0.315755 0.395860 0.025781 0.029661
0 0.341536 0.480769 0.025260 0.029335
0 0.419271 0.396186 0.025521 0.030965
0 0.822526 0.746578 0.023177 0.032269
0 0.342318 0.168025 0.023698 0.029009
0 0.546224 0.117992 0.024740 0.028683
0 0.136328 0.103977 0.021615 0.031291
0 0.674089 0.205671 0.025260 0.028683
0 0.748958 0.857236 0.022396 0.026076
0 0.269271 0.935626 0.022396 0.028357
0 0.267057 0.050359 0.024219 0.032269
0 0.495312 0.057366 0.023958 0.030639
0 0.212630 0.079531 0.023698 0.029987
0 0.242448 0.620926 0.025000 0.027379
0 0.673438 0.063233 0.021875 0.035202
0 0.520052 0.144720 0.021875 0.030639
0 0.648568 0.091591 0.025260 0.030639
0 0.471745 0.738592 0.025260 0.033898
0 0.751823 0.744948 0.023958 0.028357
0 0.289974 0.080346 0.024219 0.028357
0 0.727604 0.205671 0.024479 0.028683
0 0.419271 0.451108 0.022396 0.027379
0 0.419401 0.199967 0.023177 0.032269
0 0.548177 0.400098 0.025521 0.031617
0 0.699479 0.800684 0.025521 0.030313
0 0.548307 0.230117 0.023177 0.029335
0 0.876953 0.068449 0.025781 0.031943
0 0.394661 0.197686 0.024740 0.030965
0 0.546224 0.910365 0.023177 0.030639
0 0.521354 0.257986 0.023958 0.028357
0 0.648568 0.120926 0.024740 0.031943
0 0.444271 0.596317 0.024479 0.029661
0 0.470443 0.857562 0.024740 0.033246
0 0.948568 0.904335 0.027344 0.029661
0 0.825781 0.183018 0.023438 0.030313
0 0.752734 0.121904 0.024740 0.029987
0 0.343229 0.766134 0.025000 0.029661
0 0.920964 0.976206 0.024219 0.024120
0 0.929167 0.272327 0.025521 0.030965
0 0.341797 0.053944 0.024219 0.031617
0 0.649349 0.203553 0.022656 0.030965
0 0.419661 0.112614 0.026823 0.030313
0 0.421354 0.766297 0.023958 0.029987
0 0.316146 0.621904 0.027604 0.027379
0 0.342057 0.280965 0.025260 0.026076
0 0.877474 0.463331 0.026823 0.031617
0 0.673438 0.544003 0.023438 0.030639
0 0.368750 0.508963 0.024479 0.031617
0 0.394271 0.168840 0.025521 0.029335
0 0.598047 0.231258 0.024740 0.030965
0 0.521094 0.455183 0.023958 0.028357
0 0.239323 0.107399 0.025521 0.031617
0 0.418880 0.143416 0.024740 0.030639
0 0.697526 0.856258 0.024740 0.028683
0 0.775130 0.801336 0.022656 0.027705
0 0.165885 0.766623 0.022917 0.032595
0 0.342708 0.565026 0.026042 0.030313
0 0.721094 0.912973 0.023958 0.029987
0 0.623828 0.800359 0.024740 0.029009
0 0.696224 0.884126 0.022656 0.026402
0 0.395313 0.084257 0.024479 0.027705
0 0.597526 0.117666 0.024219 0.028683
0 0.597266 0.856095 0.022135 0.027705
0 0.848828 0.776402 0.024740 0.029987
0 0.371484 0.878748 0.025781 0.030639
0 0.573177 0.173566 0.023958 0.028357
0 0.393750 0.056063 0.025000 0.029987
0 0.036068 0.651239 0.023177 0.030639
0 0.547266 0.455834 0.024740 0.028357
0 0.393880 0.227021 0.024740 0.030965
0 0.674219 0.799218 0.025000 0.030639
0 0.798958 0.406454 0.023438 0.030639
0 0.497786 0.738918 0.025260 0.031943
0 0.496354 0.568286 0.023438 0.030965
0 0.341016 0.111147 0.021615 0.029335
0 0.495833 0.145860 0.024479 0.029661
0 0.418490 0.227836 0.023438 0.028031
0 0.673958 0.262712 0.023958 0.029987
0 0.700391 0.432040 0.027344 0.029009
0 0.870573 0.948664 0.021875 0.030313
0 0.622917 0.117503 0.023958 0.030965
0 0.420312 0.508312 0.022396 0.025750
0 0.294141 0.882171 0.021615 0.028357
0 0.161458 0.227999 0.027083 0.033572
0 0.420312 0.936441 0.023958 0.031291
0 0.239844 0.221806 0.023438 0.030965
0 0.112109 0.073827 0.025260 0.032269
0 0.825781 0.068123 0.023958 0.033898
0 0.188021 0.192145 0.023438 0.032269
0 0.315885 0.051988 0.023438 0.034224
0 0.927344 0.526239 0.022917 0.030313
0 0.497266 0.540417 0.023698 0.029335
0 0.393229 0.255215 0.023958 0.028683
0 0.648568 0.261897 0.023177 0.030313
0 0.444792 0.054922 0.026042 0.028357
0 0.444792 0.936278 0.023438 0.029661
0 0.269792 0.907595 0.022917 0.030313
0 0.877734 0.269720 0.024740 0.030313
0 0.699870 0.743155 0.025260 0.029987
0 0.315755 0.109844 0.023177 0.032595
0 0.752604 0.461050 0.025521 0.029009
0 0.673828 0.742014 0.022656 0.027053
0 0.341536 0.082464 0.022656 0.029987
0 0.444661 0.482073 0.024740 0.029987
0 0.778255 0.218383 0.021615 0.031291
0 0.064062 0.598110 0.026042 0.031291
0 0.136198 0.220176 0.021875 0.030965
0 0.874609 0.601858 0.024740 0.031617
0 0.904036 0.211864 0.024219 0.030639
0 0.847005 0.888364 0.023698 0.032269
0 0.112500 0.103814 0.025000 0.031617
0 0.694141 0.938885 0.025260 0.030965
0 0.240625 0.165906 0.026042 0.029335
0 0.419010 0.170958 0.021875 0.028357
0 0.396745 0.879563 0.023177 0.026402
0 0.851562 0.124837 0.022917 0.035854
0 0.572396 0.117340 0.024479 0.028031
0 0.112370 0.189211 0.025781 0.030313
0 0.620703 0.939048 0.024219 0.031291
0 0.344922 0.934159 0.024740 0.029987
0 0.213281 0.050196 0.025000 0.033246
0 0.901953 0.439537 0.024219 0.028357
0 0.851953 0.183181 0.023177 0.030639
0 0.753385 0.517764 0.024479 0.029661
0 0.721484 0.941493 0.025260 0.029009
0 0.771745 0.969850 0.024219 0.023794
0 0.395182 0.451923 0.025260 0.029009
0 0.773958 0.886408 0.022917 0.029009
0 0.801172 0.094850 0.023177 0.029987
0 0.930208 0.184648 0.025000 0.031617
0 0.724349 0.601532 0.024740 0.030313
0 0.926823 0.470013 0.023958 0.031291
0 0.290234 0.594524 0.022656 0.029335
0 0.671354 0.883475 0.022396 0.023794
0 0.955339 0.186604 0.023177 0.030313
0 0.776823 0.545795 0.022396 0.030313
0 0.445312 0.853162 0.021875 0.029661
0 0.596224 0.059974 0.022135 0.033246
0 0.795573 0.943123 0.022396 0.029661
0 0.444401 0.398794 0.021615 0.035528
0 0.752734 0.063559 0.025781 0.031291
0 0.445964 0.767275 0.025781 0.028683
0 0.752995 0.265971 0.023698 0.030639
0 0.469661 0.115059 0.022135 0.032595
0 0.293490 0.935137 0.023958 0.029987
0 0.289844 0.139016 0.023958 0.029009
0 0.851562 0.268742 0.025000 0.029661
0 0.545964 0.089472 0.023698 0.029661
0 0.646094 0.882986 0.024479 0.028031
0 0.777474 0.094361 0.023177 0.029661
0 0.900781 0.495600 0.023438 0.031617
0 0.903646 0.410039 0.025000 0.030639
0 0.520703 0.937256 0.023698 0.030965
0 0.470052 0.928292 0.025000 0.031943
0 0.370443 0.936930 0.022135 0.027053
0 0.212891 0.449804 0.024219 0.029987
0 0.214453 0.480117 0.024219 0.031291
0 0.266146 0.279498 0.025521 0.025750
0 0.394271 0.595176 0.024479 0.028683
0 0.521354 0.739896 0.021875 0.033898
0 0.239974 0.250652 0.023177 0.029335
0 0.825260 0.211213 0.023958 0.029987
0 0.951823 0.750978 0.024479 0.033898
0 0.597526 0.598924 0.024219 0.030313
0 0.771745 0.913462 0.022135 0.029009
0 0.695052 0.911180 0.024479 0.027053
0 0.167708 0.938396 0.023958 0.029987
0 0.470443 0.794817 0.024740 0.034224
0 0.190365 0.738918 0.022917 0.033898
0 0.648568 0.543188 0.024219 0.030965
0 0.110807 0.391786 0.023177 0.030639
0 0.314974 0.596154 0.024219 0.028683
0 0.955729 0.158572 0.025521 0.030965
0 0.368490 0.794166 0.025000 0.029661
0 0.419531 0.481584 0.023958 0.027053
0 0.825260 0.268090 0.023438 0.030965
0 0.624349 0.219361 0.027344 0.034550
0 0.746615 0.969850 0.025521 0.025750
0 0.849349 0.633963 0.025781 0.025424
0 0.751953 0.149772 0.024740 0.030965
0 0.367969 0.169817 0.025000 0.028683
0 0.572917 0.259941 0.023958 0.029661
0 0.167448 0.852999 0.023958 0.032595
0 0.294922 0.853162 0.023698 0.031617
0 0.470313 0.589309 0.024479 0.031943
0 0.189193 0.586213 0.024219 0.032920
0 0.726562 0.459746 0.026042 0.030965
0 0.162240 0.107562 0.025000 0.027379
0 0.444010 0.567960 0.021875 0.032269
0 0.600651 0.741851 0.025781 0.032595
0 0.673047 0.487614 0.024219 0.031943
0 0.624609 0.183181 0.024219 0.032595
0 0.872005 0.888038 0.024740 0.030313
0 0.315885 0.175033 0.023438 0.033898
0 0.116667 0.881682 0.023438 0.031291
0 0.752734 0.235658 0.023177 0.028683
0 0.923047 0.891134 0.024740 0.029987
0 0.343229 0.196545 0.023438 0.031943
0 0.520573 0.598110 0.021354 0.030639
0 0.342187 0.594687 0.024479 0.029661
0 0.290104 0.395860 0.025000 0.030965
0 0.188021 0.105769 0.025521 0.034224
0 0.895703 0.948175 0.023698 0.029987
0 0.521094 0.369948 0.023438 0.033246
0 0.421224 0.880052 0.023698 0.028683
0 0.217188 0.738592 0.025000 0.033898
0 0.469401 0.455020 0.024740 0.034550
0 0.849740 0.522327 0.024479 0.030965
0 0.396224 0.935952 0.022656 0.028357
0 0.649870 0.742177 0.027344 0.031291
0 0.647526 0.856584 0.025260 0.028031
0 0.648698 0.402542 0.024479 0.030639
0 0.820964 0.886734 0.023177 0.028357
0 0.598047 0.402053 0.024740 0.030313
0 0.851953 0.240548 0.024219 0.031943
0 0.903516 0.097784 0.023698 0.030639
0 0.724870 0.094035 0.024219 0.031617
0 0.315234 0.567960 0.023177 0.030313
0 0.771745 0.942634 0.023177 0.029987
0 0.142578 0.938559 0.024740 0.030965
0 0.874479 0.804596 0.026042 0.032269
0 0.672786 0.601043 0.024219 0.030639
0 0.726302 0.264831 0.023958 0.029661
0 0.931380 0.242992 0.026302 0.029661
0 0.134896 0.449641 0.023438 0.029661
0 0.546615 0.427640 0.023958 0.030639
0 0.752865 0.433181 0.024479 0.027379
0 0.851042 0.409876 0.026042 0.032269
0 0.753646 0.404661 0.025521 0.030965
0 0.213932 0.274283 0.025781 0.027705
0 0.824349 0.549707 0.022656 0.031617
0 0.117578 0.938722 0.024219 0.030639
0 0.674609 0.176499 0.024740 0.032269
0 0.368359 0.423892 0.024219 0.028357
0 0.598047 0.260267 0.023177 0.030313
0 0.290234 0.109029 0.022656 0.032269
0 0.496224 0.965776 0.025781 0.024120
0 0.316797 0.508149 0.024740 0.030639
0 0.748698 0.830346 0.023438 0.031617
0 0.777214 0.123370 0.024740 0.030313
0 0.291667 0.620926 0.023958 0.027379
0 0.370182 0.851858 0.022135 0.027053
0 0.264974 0.251956 0.024740 0.032595
0 0.521354 0.568286 0.022396 0.030313
0 0.904167 0.068449 0.025521 0.030639
0 0.418490 0.255378 0.023438 0.028357
0 0.239974 0.480769 0.024740 0.029335
0 0.672786 0.830834 0.024219 0.029987
0 0.571875 0.542536 0.024479 0.029009
0 0.521484 0.853814 0.024219 0.032269
0 0.956380 0.242014 0.024740 0.029661
0 0.871484 0.916558 0.023177 0.031291
0 0.369661 0.737125 0.025781 0.031617
0 0.243229 0.825782 0.023438 0.027705
0 0.214974 0.594198 0.024219 0.029987
0 0.900130 0.778846 0.023698 0.029661
0 0.545312 0.059485 0.021354 0.030965
0 0.419792 0.537647 0.024479 0.032920
0 0.395182 0.568449 0.024219 0.029335
0 0.673828 0.148142 0.023177 0.026402
0 0.623047 0.543025 0.022656 0.030639
0 0.497135 0.796121 0.025000 0.030313
0 0.496615 0.907269 0.023438 0.028357
0 0.774349 0.858540 0.023698 0.028683
0 0.699609 0.572360 0.023698 0.028683
0 0.878385 0.125163 0.026562 0.030639
0 0.596745 0.542699 0.022656 0.030639
0 0.394661 0.112125 0.022135 0.030639
0 0.267188 0.620600 0.024479 0.026728
0 0.752474 0.629889 0.025781 0.025098
0 0.495833 0.257334 0.023958 0.029009
0 0.547396 0.768253 0.025521 0.028031
0 0.243359 0.739244 0.023177 0.031291
0 0.800521 0.433670 0.025521 0.027705
0 0.721354 0.968220 0.025000 0.025098
0 0.725391 0.123044 0.024740 0.030313
0 0.394271 0.481258 0.025521 0.029661
0 0.546224 0.591591 0.026302 0.031943
0 0.047135 0.520209 0.022917 0.028683
0 0.902604 0.126956 0.021875 0.031617
0 0.496484 0.855280 0.022656 0.029335
0 0.622005 0.457627 0.023177 0.031291
0 0.622135 0.855443 0.021875 0.026402
0 0.443229 0.083279 0.022917 0.030965
0 0.572396 0.231258 0.023438 0.030965
0 0.800260 0.267601 0.022396 0.028031
0 0.239844 0.136734 0.025000 0.030965
0 0.925000 0.779498 0.023958 0.028357
0 0.342187 0.396023 0.024479 0.029987
0 0.951172 0.525587 0.024740 0.030313
0 0.395052 0.738103 0.022396 0.027053
0 0.214062 0.168188 0.022917 0.028683
0 0.496615 0.510919 0.022396 0.025750
0 0.955729 0.214961 0.025521 0.028357
0 0.113542 0.581975 0.024479 0.032269
0 0.469661 0.484518 0.023698 0.029661
0 0.421484 0.965287 0.024740 0.023794
0 0.951432 0.582953 0.023698 0.029009
0 0.598177 0.571382 0.023958 0.029335
0 0.140625 0.620763 0.025000 0.029009
0 0.238672 0.422751 0.023177 0.027379
0 0.929948 0.098924 0.025521 0.031617
0 0.420312 0.622229 0.025000 0.026076
0 0.954948 0.100391 0.022917 0.032595
0 0.851172 0.067634 0.025260 0.034876
0 0.572786 0.598435 0.022135 0.028031
0 0.623307 0.828227 0.023177 0.029335
0 0.445443 0.738918 0.022656 0.030639
0 0.647656 0.572034 0.023438 0.028031
0 0.469401 0.826108 0.023698 0.028357
0 0.726302 0.433181 0.024479 0.026076
0 0.777344 0.153194 0.022917 0.029335
0 0.929427 0.214146 0.025521 0.029335
0 0.673177 0.628422 0.025000 0.025424
0 0.162760 0.136408 0.025000 0.032920
0 0.116797 0.911017 0.023177 0.029987
0 0.875911 0.494948 0.023698 0.030313
0 0.419661 0.566167 0.022135 0.026728
0 0.521875 0.795469 0.025521 0.032920
0 0.469792 0.201271 0.022396 0.029009
0 0.571224 0.939537 0.023698 0.029661
0 0.215104 0.565678 0.024479 0.030965
0 0.700911 0.177314 0.024219 0.030639
0 0.823177 0.776728 0.022396 0.028031
0 0.673438 0.403520 0.025000 0.030639
0 0.187630 0.393742 0.024219 0.032595
0 0.824740 0.433833 0.022917 0.026728
0 0.393620 0.396023 0.023698 0.032595
0 0.800391 0.294654 0.024219 0.025424
0 0.900911 0.465776 0.024219 0.026728
0 0.699479 0.627445 0.026042 0.025424
0 0.265885 0.106421 0.022396 0.029661
0 0.699219 0.092731 0.024479 0.030965
0 0.547656 0.553944 0.023958 0.034876
0 0.546354 0.739570 0.021354 0.033898
0 0.342969 0.225228 0.021875 0.029987
0 0.469141 0.056063 0.023698 0.030639
0 0.546615 0.882986 0.023958 0.026728
0 0.876302 0.566330 0.023438 0.031617
0 0.725130 0.063396 0.024219 0.033572
0 0.929557 0.127445 0.025260 0.030639
0 0.596224 0.487614 0.022656 0.031943
0 0.141927 0.737451 0.021354 0.032269
0 0.445833 0.881030 0.022396 0.025424
0 0.824870 0.239081 0.022656 0.030965
0 0.877474 0.240874 0.024219 0.029987
0 0.114193 0.617666 0.026823 0.031943
0 0.444531 0.144883 0.023438 0.029661
0 0.314974 0.449153 0.026823 0.033898
0 0.194010 0.937907 0.023438 0.029009
0 0.900260 0.601858 0.023438 0.030965
0 0.849479 0.492177 0.023438 0.032595
0 0.698568 0.771349 0.023698 0.029009
0 0.521484 0.881519 0.024219 0.027705
0 0.141536 0.766460 0.023698 0.027053
0 0.645833 0.966428 0.024479 0.024772
0 0.469401 0.228488 0.022656 0.031291
0 0.239193 0.394720 0.022656 0.031943
0 0.724870 0.772653 0.023177 0.030965
0 0.798698 0.831323 0.021354 0.029661
0 0.799479 0.803292 0.021354 0.030313
0 0.238281 0.078553 0.023438 0.030639
0 0.951432 0.497718 0.023698 0.028683
0 0.698177 0.828879 0.024479 0.028031
0 0.241536 0.565515 0.023698 0.029987
0 0.598568 0.827249 0.023177 0.029335
0 0.470833 0.623370 0.025521 0.027053
0 0.699870 0.263364 0.024740 0.031291
0 0.111198 0.245763 0.023438 0.029987
0 0.136719 0.075619 0.020313 0.031291
0 0.751432 0.603977 0.024219 0.029987
0 0.900260 0.567471 0.024479 0.033898
0 0.670443 0.911180 0.022135 0.029661
0 0.753385 0.544654 0.024479 0.029987
0 0.875391 0.748696 0.026302 0.031943
0 0.264844 0.194100 0.022917 0.034876
0 0.444010 0.228162 0.023438 0.026076
0 0.597135 0.514016 0.022396 0.026728
0 0.368099 0.537484 0.022656 0.031291
0 0.851953 0.211864 0.023698 0.028683
0 0.597266 0.145535 0.023177 0.029009
0 0.673177 0.516134 0.022917 0.026402
0 0.443359 0.451923 0.024219 0.030965
0 0.647786 0.628259 0.024740 0.025098
0 0.624870 0.253259 0.023698 0.030639
0 0.547656 0.145372 0.023438 0.024772
0 0.469271 0.257171 0.023438 0.028031
0 0.267448 0.593383 0.022396 0.029661
0 0.597005 0.430248 0.022656 0.030639
0 0.852083 0.296284 0.023958 0.026076
0 0.341406 0.450456 0.023958 0.033246
0 0.573177 0.882334 0.021875 0.027379
0 0.797917 0.859844 0.022396 0.028683
0 0.396745 0.906617 0.024219 0.030313
0 0.468620 0.143905 0.022656 0.030313
0 0.573307 0.855769 0.023177 0.030313
0 0.291536 0.507660 0.024219 0.032269
0 0.317969 0.933996 0.022917 0.028357
0 0.495833 0.484029 0.023438 0.026728
0 0.726172 0.235821 0.022135 0.032920
0 0.673828 0.118970 0.024740 0.029335
0 0.496224 0.825456 0.024219 0.031617
0 0.345443 0.903846 0.026302 0.029335
0 0.928776 0.069100 0.023698 0.028683
0 0.875130 0.634126 0.026823 0.027705
0 0.187500 0.049544 0.022917 0.029987
0 0.747786 0.912484 0.023177 0.030313
0 0.775781 0.772816 0.023958 0.029987
0 0.726172 0.516623 0.022656 0.028683
0 0.647917 0.828879 0.025000 0.029335
0 0.446224 0.538299 0.025260 0.032920
0 0.920573 0.948990 0.025000 0.029009
0 0.289974 0.251467 0.023698 0.030313
0 0.342448 0.509126 0.023438 0.026728
0 0.343229 0.622555 0.027604 0.027379
0 0.595703 0.967894 0.024219 0.025098
0 0.725260 0.744133 0.022917 0.030639
0 0.341667 0.139668 0.021354 0.029009
0 0.136589 0.192471 0.023177 0.033572
0 0.138932 0.565841 0.023698 0.028683
0 0.954818 0.300196 0.025781 0.028683
0 0.049479 0.571382 0.023958 0.031943
0 0.164193 0.547588 0.025781 0.032595
0 0.819661 0.943774 0.024219 0.030313
0 0.954948 0.271023 0.023438 0.031617
0 0.847786 0.859518 0.022656 0.027379
0 0.111849 0.273957 0.025781 0.027705
0 0.595313 0.939374 0.023438 0.029987
0 0.395052 0.622229 0.025000 0.027379
0 0.212630 0.106747 0.023177 0.030965
0 0.293490 0.906943 0.021354 0.027705
0 0.265755 0.166232 0.022135 0.026076
0 0.371224 0.908083 0.022135 0.031291
0 0.752083 0.573664 0.025000 0.030639
0 0.746875 0.941167 0.021875 0.028357
0 0.725781 0.544980 0.022917 0.031291
0 0.825391 0.406617 0.025781 0.029009
0 0.847526 0.807203 0.023698 0.031617
0 0.242839 0.796610 0.023698 0.033246
0 0.137370 0.046121 0.021615 0.031617
0 0.699349 0.516623 0.023177 0.029335
0 0.700000 0.061767 0.026042 0.034224
0 0.777604 0.183833 0.022396 0.028031
0 0.597656 0.882823 0.023438 0.027053
0 0.369922 0.110495 0.026823 0.032595
0 0.520443 0.539276 0.022135 0.025750
0 0.116536 0.824804 0.022656 0.024446
0 0.571224 0.058996 0.022656 0.027379
0 0.194531 0.964309 0.025521 0.025750
0 0.290495 0.167536 0.025260 0.031943
0 0.112109 0.044654 0.023698 0.031943
0 0.048177 0.546121 0.024479 0.026402
0 0.496354 0.286017 0.025521 0.025750
0 0.269661 0.881030 0.023177 0.029335
0 0.547135 0.797751 0.025000 0.030313
0 0.571745 0.966917 0.024219 0.023794
0 0.647266 0.600391 0.023177 0.029987
0 0.189844 0.548403 0.024479 0.034224
0 0.265755 0.509452 0.025260 0.030639
0 0.319401 0.826434 0.023177 0.029661
0 0.240495 0.536995 0.023698 0.027053
0 0.420443 0.823827 0.024219 0.028357
0 0.396875 0.964635 0.025000 0.023794
0 0.824609 0.493318 0.023698 0.030965
0 0.188411 0.222132 0.023698 0.031617
0 0.849219 0.607562 0.023958 0.028683
0 0.645443 0.911180 0.024219 0.026402
0 0.572135 0.570078 0.022396 0.031291
0 0.521615 0.285039 0.024479 0.025750
0 0.497266 0.768742 0.024219 0.027053
0 0.929427 0.156454 0.023438 0.028031
0 0.241146 0.594687 0.024479 0.030313
0 0.367578 0.140645 0.024219 0.027053
0 0.239974 0.450619 0.024219 0.032269
0 0.420052 0.794817 0.021354 0.027705
0 0.598437 0.797914 0.024479 0.030639
0 0.343750 0.737614 0.025000 0.031943
0 0.468359 0.397816 0.021615 0.031617
0 0.443620 0.255704 0.023698 0.029661
0 0.951172 0.468383 0.023698 0.033246
0 0.824089 0.605280 0.023177 0.028683
0 0.622526 0.600228 0.023698 0.029661
0 0.393620 0.141623 0.022656 0.028357
0 0.903516 0.270535 0.024219 0.029987
0 0.799349 0.125163 0.023177 0.032595
0 0.926042 0.581812 0.021354 0.030639
0 0.291016 0.565189 0.023177 0.029987
0 0.901563 0.528031 0.022917 0.029335
0 0.293490 0.738266 0.022917 0.031291
0 0.599349 0.770698 0.024219 0.028357
0 0.800651 0.065841 0.024740 0.031291
0 0.700130 0.233866 0.026302 0.027705
0 0.343620 0.794817 0.025260 0.030313
0 0.572656 0.402705 0.023958 0.030965
0 0.674089 0.290906 0.025781 0.025750
0 0.925130 0.611310 0.024219 0.029009
0 0.623177 0.740548 0.021354 0.028683
0 0.165755 0.618481 0.025781 0.029009
0 0.521875 0.200945 0.024479 0.030313
0 0.495703 0.625000 0.024740 0.025098
0 0.471224 0.963820 0.025260 0.026728
0 0.420182 0.908572 0.020573 0.027053
0 0.116406 0.765319 0.026042 0.028683
0 0.801562 0.180411 0.023438 0.030965
0 0.900000 0.750652 0.022917 0.029335
0 0.369141 0.053944 0.024740 0.031617
0 0.521745 0.965939 0.024740 0.023142
0 0.289844 0.195241 0.022396 0.028031
0 0.596354 0.457301 0.023958 0.028683
0 0.318490 0.906454 0.021875 0.029987
0 0.214193 0.207138 0.026302 0.034224
0 0.795703 0.969850 0.024740 0.024446
0 0.165625 0.738103 0.020833 0.028357
0 0.135937 0.392764 0.023438 0.031291
0 0.753516 0.207790 0.023177 0.028357
0 0.925130 0.864896 0.023177 0.027705
0 0.368229 0.595013 0.022917 0.029009
0 0.394271 0.509941 0.022917 0.030313
0 0.824609 0.577901 0.024219 0.029987
0 0.316797 0.246252 0.024740 0.031617
0 0.240234 0.193123 0.023698 0.030313
0 0.495182 0.199153 0.024740 0.027379
0 0.926172 0.749837 0.025260 0.030965
0 0.342578 0.536017 0.022656 0.024446
0 0.573047 0.287810 0.024740 0.025424
0 0.162630 0.184322 0.023177 0.027053
0 0.240104 0.509452 0.023438 0.027379
0 0.266927 0.565515 0.022396 0.026728
0 0.903646 0.241362 0.025521 0.029661
0 0.315625 0.538462 0.023438 0.033246
0 0.776953 0.517275 0.019531 0.026076
0 0.266276 0.537973 0.024740 0.029661
0 0.418490 0.056063 0.020833 0.031943
0 0.142057 0.823501 0.023698 0.031617
0 0.393880 0.765645 0.023177 0.030639
0 0.370573 0.622392 0.023958 0.027053
0 0.244792 0.892764 0.024479 0.029987
0 0.269401 0.795469 0.023177 0.032269
0 0.876563 0.182203 0.021354 0.030639
0 0.367969 0.198664 0.025521 0.029009
0 0.547396 0.258963 0.023958 0.029009
0 0.595313 0.909713 0.022396 0.028031
0 0.876693 0.529661 0.026302 0.035202
0 0.699479 0.121904 0.023438 0.030639
0 0.598437 0.287810 0.025000 0.024772
0 0.572396 0.201760 0.024479 0.031291
0 0.521354 0.228977 0.023438 0.029661
0 0.444141 0.172262 0.024219 0.025750
0 0.188932 0.136408 0.024740 0.027053
0 0.950260 0.553618 0.022396 0.030313
0 0.672656 0.770860 0.021875 0.029335
0 0.597917 0.626141 0.026042 0.026728
0 0.751953 0.093057 0.024740 0.032269
0 0.695573 0.968057 0.025000 0.024772
0 0.317057 0.279824 0.026823 0.028357
0 0.319922 0.879726 0.024740 0.028683
0 0.163411 0.043188 0.021615 0.027705
0 0.495964 0.172751 0.023698 0.026076
0 0.672786 0.572034 0.024219 0.029335
0 0.799609 0.596806 0.023177 0.030639
0 0.898698 0.862288 0.023958 0.029009
0 0.621484 0.429433 0.022135 0.029009
0 0.776302 0.461864 0.020313 0.029335
0 0.394792 0.282595 0.025000 0.026728
0 0.624219 0.287484 0.024479 0.026728
0 0.851823 0.154335 0.022917 0.025098
0 0.545964 0.966754 0.024219 0.024120
0 0.116276 0.852347 0.023698 0.033246
0 0.778906 0.252119 0.020833 0.029661
0 0.547396 0.855280 0.022917 0.029987
0 0.928385 0.411832 0.022396 0.030965
0 0.725130 0.628748 0.025781 0.025424
0 0.367839 0.254400 0.023177 0.027053
0 0.519661 0.115385 0.023698 0.028683
0 0.776693 0.407106 0.019531 0.030639
0 0.699349 0.600717 0.023698 0.029987
0 0.469792 0.894557 0.024479 0.033572
0 0.111979 0.215939 0.022396 0.025750
0 0.545052 0.939211 0.023958 0.028357
0 0.161068 0.450293 0.022135 0.031617
0 0.946745 0.975717 0.026302 0.026402
0 0.216927 0.621578 0.026042 0.026728
0 0.648177 0.060789 0.020833 0.032920
0 0.824479 0.521023 0.022396 0.029009
0 0.849740 0.552314 0.024479 0.030965
0 0.369661 0.767438 0.025781 0.028357
0 0.698698 0.403357 0.023958 0.029009
0 0.848958 0.745274 0.023958 0.030313
0 0.620703 0.966591 0.024219 0.023794
0 0.368099 0.226858 0.023698 0.031291
0 0.725521 0.405313 0.023958 0.033572
0 0.926042 0.636571 0.025521 0.026076
0 0.648047 0.798403 0.024219 0.033572
0 0.289453 0.222947 0.021615 0.029987
0 0.036589 0.623533 0.024740 0.027379
0 0.270443 0.825456 0.022656 0.026402
0 0.673307 0.457138 0.022656 0.029661
0 0.111589 0.548403 0.025260 0.036180
0 0.870703 0.974739 0.024219 0.022490
0 0.927344 0.496904 0.022917 0.026402
0 0.345964 0.961864 0.025260 0.026076
0 0.896745 0.916884 0.024219 0.026728
0 0.548698 0.171284 0.022396 0.028357
0 0.798828 0.745437 0.020573 0.028031
0 0.495964 0.936278 0.023698 0.027705
0 0.137109 0.163462 0.022656 0.030965
0 0.699609 0.150424 0.024219 0.025750
0 0.645052 0.938559 0.023958 0.030965
0 0.188932 0.511897 0.024740 0.034224
0 0.420964 0.851695 0.023177 0.029987
0 0.369531 0.824641 0.022396 0.030639
0 0.315495 0.210398 0.023698 0.033572
0 0.622135 0.487125 0.023438 0.027705
0 0.239844 0.276728 0.025521 0.028031
0 0.143359 0.880215 0.025781 0.030965
0 0.724740 0.828390 0.022917 0.026402
0 0.521354 0.172588 0.022396 0.024446
0 0.799219 0.491525 0.022917 0.031291
0 0.821354 0.913299 0.021875 0.029335
0 0.669141 0.939537 0.023698 0.028357
0 0.138672 0.594035 0.024740 0.031617
0 0.798958 0.774609 0.019792 0.031617
0 0.163542 0.509941 0.023958 0.032920
0 0.547786 0.286669 0.024740 0.025098
0 0.774870 0.830508 0.023698 0.028683
0 0.288411 0.451271 0.023177 0.030313
0 0.496094 0.880378 0.023438 0.025424
0 0.168620 0.967243 0.024219 0.023794
0 0.446094 0.907106 0.021875 0.028031
0 0.899609 0.806226 0.024740 0.030313
0 0.648438 0.514993 0.025000 0.028683
0 0.669922 0.966102 0.024219 0.024772
0 0.368620 0.450782 0.023177 0.028031
0 0.596094 0.089309 0.023438 0.028683
0 0.799219 0.630704 0.023958 0.028031
0 0.520573 0.399283 0.024479 0.027379
0 0.648568 0.430574 0.022135 0.027379
0 0.496354 0.227836 0.026042 0.029335
0 0.925260 0.838168 0.023958 0.029009
0 0.394010 0.425522 0.021875 0.027053
0 0.192318 0.882986 0.023177 0.026728
0 0.801172 0.152216 0.021615 0.024120
0 0.111719 0.420795 0.025000 0.032595
0 0.217969 0.882171 0.024479 0.027705
0 0.111719 0.160039 0.022396 0.031291
0 0.293620 0.766786 0.024219 0.029661
0 0.845313 0.973435 0.025000 0.023794
0 0.394141 0.539765 0.021615 0.031291
0 0.135937 0.420632 0.023958 0.029009
0 0.954948 0.128585 0.024479 0.031617
0 0.160286 0.392601 0.021615 0.032920
0 0.470443 0.172751 0.022656 0.029987
0 0.372005 0.962679 0.024219 0.025750
0 0.895703 0.974739 0.023698 0.023142
0 0.672005 0.858051 0.021615 0.024446
0 0.470703 0.765971 0.023177 0.022816
0 0.160417 0.421610 0.021875 0.028357
0 0.216536 0.795795 0.024740 0.032269
0 0.571875 0.145535 0.022917 0.029009
0 0.445182 0.624022 0.025260 0.025098
0 0.624089 0.626304 0.024740 0.025098
0 0.649479 0.231747 0.022396 0.027379
0 0.776172 0.602999 0.021615 0.028683
0 0.048828 0.702412 0.021094 0.027379
0 0.396094 0.851369 0.020833 0.028683
0 0.521094 0.428129 0.020313 0.029661
0 0.824870 0.461538 0.021615 0.028683
0 0.952995 0.412321 0.022135 0.031291
0 0.726953 0.178455 0.022656 0.024446
0 0.725651 0.488918 0.023698 0.029987
0 0.799740 0.559811 0.021875 0.031617
0 0.623307 0.571382 0.023177 0.026728
0 0.924740 0.807855 0.022917 0.029661
0 0.921484 0.919003 0.021615 0.030965
0 0.873177 0.834420 0.022917 0.028031
0 0.898307 0.889993 0.022656 0.030313
0 0.265104 0.450619 0.024479 0.032269
0 0.950130 0.611310 0.023698 0.029661
0 0.136068 0.246741 0.022135 0.028683
0 0.800260 0.240222 0.022396 0.029987
0 0.698828 0.544166 0.023177 0.029661
0 0.699740 0.488266 0.025000 0.029335
0 0.167448 0.910039 0.022396 0.029987
0 0.291016 0.278357 0.024740 0.026076
0 0.243229 0.767112 0.022396 0.030313
0 0.777474 0.574316 0.023177 0.026728
0 0.445833 0.795306 0.022396 0.032595
0 0.160807 0.087842 0.020052 0.021186
0 0.139193 0.536506 0.022656 0.035202
0 0.217969 0.853651 0.021875 0.032595
0 0.798958 0.462353 0.024479 0.029661
0 0.825651 0.156128 0.024219 0.029335
0 0.571484 0.910039 0.023698 0.026076
0 0.319922 0.961538 0.024219 0.026076
0 0.850391 0.437256 0.023177 0.027053
0 0.825521 0.125163 0.025000 0.031943
0 0.622786 0.402053 0.023177 0.027053
0 0.316146 0.479628 0.023958 0.026402
0 0.315755 0.139831 0.022656 0.026076
0 0.752604 0.488755 0.023958 0.026402
0 0.344010 0.823338 0.023438 0.026076
0 0.648958 0.288950 0.025000 0.025750
0 0.294531 0.824967 0.024479 0.027379
0 0.776693 0.490548 0.021094 0.026076
0 0.269922 0.852510 0.021615 0.026402
0 0.950000 0.871089 0.025521 0.031617
0 0.825911 0.296284 0.026302 0.026076
0 0.187109 0.422588 0.022656 0.027053
0 0.800391 0.209746 0.022656 0.032920
0 0.270313 0.963005 0.023438 0.025750
0 0.647396 0.456160 0.023438 0.028357
0 0.419401 0.283246 0.026302 0.027379
0 0.188542 0.275424 0.024479 0.026076
0 0.470573 0.285039 0.026042 0.027053
0 0.193490 0.909387 0.023438 0.029335
0 0.622135 0.884778 0.021354 0.030313
0 0.849609 0.579531 0.024219 0.026076
0 0.947917 0.939863 0.023958 0.031617
0 0.898438 0.834909 0.021875 0.029661
0 0.289974 0.537484 0.022135 0.029987
0 0.546484 0.516623 0.023177 0.029335
0 0.850391 0.462190 0.022656 0.028031
0 0.244531 0.858866 0.025521 0.032595
0 0.164714 0.580834 0.022656 0.031943
0 0.950260 0.808833 0.022917 0.032269
0 0.246354 0.962027 0.022917 0.026402
0 0.571354 0.485332 0.021354 0.026076
0 0.163281 0.478977 0.024479 0.029661
0 0.822396 0.804433 0.020833 0.029987
0 0.877214 0.154498 0.022135 0.026728
0 0.191667 0.852510 0.022396 0.031617
0 0.573177 0.796773 0.024479 0.034224
0 0.187630 0.449153 0.024219 0.028683
0 0.823047 0.832138 0.023698 0.029335
0 0.137891 0.506356 0.021615 0.027053
0 0.722656 0.856095 0.023438 0.025750
0 0.136849 0.134778 0.023177 0.030965
0 0.218229 0.907757 0.023958 0.028031
0 0.315885 0.081975 0.022396 0.027705
0 0.046354 0.494459 0.021875 0.026076
0 0.191146 0.793514 0.022396 0.031617
0 0.648828 0.486962 0.022656 0.028683
0 0.445964 0.964635 0.025260 0.023794
0 0.929948 0.299870 0.024479 0.026076
0 0.751953 0.177966 0.022656 0.026728
0 0.494922 0.116362 0.022135 0.029987
0 0.926693 0.554596 0.022135 0.025098
0 0.672526 0.430411 0.023177 0.025098
0 0.700130 0.292699 0.025781 0.026728
0 0.064583 0.649120 0.024479 0.034876
0 0.547656 0.484192 0.023438 0.027705
0 0.521745 0.824967 0.023177 0.025424
0 0.265234 0.223598 0.022135 0.025424
0 0.445182 0.283083 0.023698 0.027053
0 0.117578 0.964961 0.026302 0.025750
0 0.214062 0.135430 0.022917 0.026402
0 0.903776 0.156128 0.023177 0.025424
0 0.547005 0.624674 0.025260 0.026402
0 0.903906 0.297751 0.025000 0.025750
0 0.950521 0.638201 0.025000 0.026728
0 0.547656 0.201434 0.022396 0.030639
0 0.899870 0.634452 0.026302 0.028357
0 0.571875 0.456323 0.023438 0.029335
0 0.724609 0.800033 0.022135 0.027705
0 0.115234 0.795795 0.024219 0.034876
0 0.318490 0.794492 0.021354 0.028357
0 0.214062 0.508149 0.022917 0.026076
0 0.111458 0.477836 0.024479 0.029987
0 0.112760 0.512712 0.025000 0.035202
0 0.111328 0.449641 0.023698 0.030313
0 0.142187 0.852347 0.021875 0.026728
0 0.776953 0.433996 0.021094 0.025098
0 0.573958 0.740385 0.022917 0.025750
0 0.368229 0.395209 0.022396 0.030965
0 0.950130 0.838005 0.023177 0.025424
0 0.141927 0.795632 0.025000 0.031291
0 0.823698 0.634289 0.025521 0.025424
0 0.820182 0.972784 0.024740 0.023142
0 0.877474 0.296936 0.025260 0.026076
0 0.166016 0.795469 0.021094 0.030313
0 0.846745 0.916395 0.023177 0.024446
0 0.623437 0.514505 0.021875 0.026402
0 0.573438 0.827412 0.022917 0.025750
0 0.876953 0.410365 0.021615 0.028031
0 0.776302 0.629726 0.021875 0.025424
0 0.649089 0.148305 0.022656 0.024772
0 0.395833 0.822686 0.020833 0.026728
0 0.597917 0.202575 0.021875 0.026402
0 0.445573 0.823990 0.019792 0.024772
0 0.572135 0.514179 0.020833 0.026402
0 0.848437 0.833279 0.022917 0.023142
0 0.111719 0.131030 0.021354 0.026728
0 0.219401 0.936767 0.023698 0.028031
0 0.470182 0.552151 0.024740 0.031291
0 0.368620 0.479140 0.023177 0.026076
0 0.290755 0.479628 0.022656 0.024446
0 0.319141 0.853325 0.022135 0.024772
0 0.318359 0.739081 0.022135 0.029009
0 0.444922 0.510104 0.021615 0.024120
0 0.219922 0.962679 0.024740 0.026402
0 0.214583 0.239733 0.023438 0.029009
0 0.573438 0.626630 0.022917 0.025098
0 0.295182 0.962842 0.024740 0.025424
0 0.245052 0.927640 0.021875 0.029335
0 0.822135 0.860169 0.022396 0.024120
0 0.265104 0.396186 0.023438 0.031617
0 0.213542 0.535365 0.022396 0.027053
0 0.345313 0.878259 0.022917 0.022490
0 0.597526 0.174218 0.023698 0.027053
0 0.799870 0.524446 0.023177 0.028031
0 0.903516 0.182692 0.022656 0.026402
0 0.137500 0.274446 0.024479 0.028031
0 0.623568 0.147653 0.023698 0.027379
0 0.143620 0.964635 0.025781 0.025750
0 0.166667 0.823664 0.022396 0.026076
0 0.777474 0.745763 0.020052 0.027379
0 0.191536 0.824153 0.022656 0.025750
0 0.051302 0.675522 0.022917 0.025098
0 0.521484 0.483377 0.022135 0.028031
0 0.547396 0.826271 0.022917 0.024772
0 0.621875 0.909876 0.019792 0.021838
0 0.142839 0.908572 0.022656 0.029661
0 0.873047 0.861310 0.020052 0.024446
0 0.953125 0.439374 0.022396 0.023468
0 0.753646 0.293351 0.025000 0.025424
0 0.188411 0.163299 0.023698 0.026728
0 0.190885 0.616688 0.025521 0.029987
0 0.217839 0.824153 0.022656 0.027053
0 0.167318 0.880541 0.022135 0.025098
0 0.137891 0.477673 0.021615 0.027705
0 0.047005 0.467405 0.025260 0.029987
0 0.728776 0.291558 0.025260 0.025098
0 0.699479 0.456812 0.025521 0.022490
0 0.188021 0.477184 0.022917 0.026076
0 0.648307 0.175847 0.020573 0.026402
0 0.162500 0.276239 0.025521 0.030965
0 0.777083 0.293351 0.022396 0.024772
0 0.162370 0.066167 0.018490 0.020209
