0 0.735925 0.449278 0.027947 0.018773
0 0.233799 0.297022 0.020454 0.024368
0 0.734305 0.045939 0.024301 0.022202
0 0.523998 0.875542 0.022479 0.018592
0 0.832625 0.321570 0.026124 0.021119
0 0.640239 0.133303 0.025719 0.022563
0 0.163224 0.366155 0.023086 0.021841
0 0.663021 0.374097 0.025921 0.016426
0 0.476509 0.472563 0.025516 0.023105
0 0.807209 0.047112 0.023896 0.023105
0 0.475597 0.225000 0.025314 0.026534
0 0.400770 0.296661 0.019846 0.022924
0 0.809133 0.294314 0.026124 0.017509
0 0.662313 0.354422 0.021669 0.021841
0 0.354091 0.228430 0.025314 0.020036
0 0.590522 0.180054 0.025516 0.022924
0 0.711118 0.431769 0.025719 0.025632
0 0.808019 0.521209 0.021466 0.022563
0 0.947145 0.200812 0.024706 0.030144
0 0.855002 0.227708 0.027136 0.025812
0 0.356116 0.347473 0.023694 0.024549
0 0.306703 0.089260 0.026529 0.025812
0 0.735318 0.584657 0.021466 0.026715
0 0.426488 0.384477 0.023086 0.022744
0 0.451397 0.766155 0.021871 0.022563
0 0.590016 0.157401 0.026934 0.022744
0 0.546578 0.339531 0.025921 0.024188
0 0.784832 0.180505 0.024909 0.019134
0 0.474889 0.384567 0.022681 0.024368
0 0.785642 0.385199 0.026529 0.023466
0 0.662414 0.066787 0.022681 0.024549
0 0.545768 0.203249 0.026731 0.021300
0 0.857736 0.364079 0.023289 0.025271
0 0.639328 0.541516 0.023086 0.023466
0 0.451397 0.084747 0.022681 0.023285
0 0.234508 0.410560 0.021466 0.022202
0 0.832422 0.361462 0.022479 0.019314
0 0.521871 0.539892 0.021871 0.021300
0 0.592953 0.341245 0.021061 0.025090
0 0.187627 0.317690 0.021669 0.024549
0 0.832726 0.403249 0.023086 0.025271
0 0.685095 0.540343 0.022681 0.019675
0 0.522175 0.295758 0.021669 0.020758
0 0.498987 0.385018 0.024301 0.023466
0 0.045768 0.201805 0.023491 0.022744
0 0.835865 0.810650 0.024909 0.022022
0 0.639024 0.414982 0.021669 0.020939
0 0.476002 0.290433 0.023694 0.024910
0 0.500608 0.179242 0.025516 0.025271
0 0.284326 0.321119 0.025921 0.024910
0 0.760531 0.363357 0.023289 0.024188
0 0.475699 0.408755 0.027136 0.019314
0 0.211017 0.465072 0.020251 0.022924
0 0.355812 0.297022 0.023086 0.024007
0 0.711219 0.610650 0.024301 0.022022
0 0.639631 0.564350 0.022479 0.021119
0 0.639631 0.367238 0.022479 0.024368
0 0.236128 0.435018 0.023491 0.023827
0 0.880012 0.316787 0.022074 0.025632
0 0.643277 0.921300 0.026934 0.024910
0 0.734204 0.539892 0.024099 0.022383
0 0.355711 0.697834 0.023289 0.017329
0 0.686006 0.384567 0.023289 0.020758
0 0.262252 0.791426 0.025516 0.025090
0 0.523593 0.765072 0.022479 0.021841
0 0.664743 0.091245 0.026529 0.021119
0 0.356116 0.180686 0.025719 0.026354
0 0.452815 0.829152 0.023491 0.022202
0 0.355306 0.204964 0.025314 0.022563
0 0.306804 0.810199 0.022276 0.024368
0 0.617861 0.410740 0.023491 0.021841
0 0.810855 0.614531 0.023491 0.020036
0 0.663933 0.678069 0.024909 0.021841
0 0.329789 0.115884 0.021264 0.022383
0 0.734913 0.292960 0.027136 0.023466
0 0.162616 0.632762 0.024706 0.022202
0 0.784022 0.115343 0.022479 0.022022
0 0.616241 0.204964 0.026326 0.025090
0 0.760531 0.520758 0.026934 0.024910
0 0.709498 0.543773 0.024099 0.022563
0 0.258505 0.115704 0.021264 0.024549
0 0.590928 0.700812 0.019441 0.018592
0 0.663629 0.634025 0.022276 0.020036
0 0.708688 0.226625 0.023289 0.025090
0 0.615735 0.113989 0.023694 0.022202
0 0.832928 0.428700 0.022276 0.025632
0 0.589712 0.203881 0.026326 0.024368
0 0.355103 0.651264 0.022884 0.027076
0 0.925577 0.430505 0.024504 0.026715
0 0.615533 0.546931 0.024099 0.024910
0 0.617558 0.159477 0.027339 0.024729
0 0.734710 0.137365 0.025111 0.019856
0 0.639125 0.047473 0.021871 0.020578
0 0.858546 0.339711 0.024504 0.022744
0 0.832118 0.380957 0.021466 0.016787
0 0.523998 0.854693 0.023694 0.022383
0 0.880822 0.228339 0.024504 0.022383
0 0.331207 0.453700 0.024909 0.022924
0 0.450891 0.544585 0.020454 0.021300
0 0.592143 0.543682 0.022276 0.025632
0 0.500000 0.271390 0.022276 0.020397
0 0.686310 0.607220 0.023896 0.017690
0 0.616343 0.021931 0.026529 0.023285
0 0.498582 0.337906 0.025111 0.020939
0 0.354597 0.606318 0.021871 0.019856
0 0.546375 0.090794 0.029162 0.020578
0 0.859356 0.859838 0.024504 0.021480
0 0.615330 0.068412 0.022884 0.021661
0 0.329688 0.563718 0.024706 0.017690
0 0.233394 0.584116 0.022884 0.020578
0 0.615634 0.090433 0.024301 0.022383
0 0.761847 0.449729 0.024301 0.021480
0 0.234204 0.273195 0.021264 0.022563
0 0.810450 0.809657 0.022681 0.019314
0 0.614925 0.943321 0.024909 0.024188
0 0.140644 0.116606 0.024099 0.025271
0 0.475496 0.941697 0.027947 0.021300
0 0.213143 0.881137 0.023289 0.022924
0 0.593560 0.426173 0.024301 0.018051
0 0.734103 0.405415 0.021871 0.018773
0 0.710207 0.045217 0.024301 0.018231
0 0.856622 0.314440 0.023896 0.024188
0 0.450689 0.337184 0.026124 0.019134
0 0.524605 0.786823 0.022884 0.018773
0 0.476104 0.968141 0.027136 0.017870
0 0.590016 0.065433 0.028959 0.024007
0 0.499494 0.409657 0.020859 0.024007
0 0.711523 0.634116 0.023694 0.023827
0 0.140543 0.046390 0.019846 0.021661
0 0.402288 0.382852 0.023694 0.018051
0 0.615938 0.229242 0.024909 0.022383
0 0.380518 0.697834 0.023896 0.018412
0 0.663123 0.589079 0.024099 0.024368
0 0.592345 0.565072 0.024706 0.019675
0 0.305589 0.652888 0.023896 0.027437
0 0.378797 0.375542 0.022074 0.018953
0 0.687222 0.336282 0.025314 0.023466
0 0.402795 0.904874 0.024706 0.020578
0 0.882139 0.453791 0.024706 0.024188
0 0.783718 0.138267 0.025921 0.024188
0 0.451802 0.608574 0.022276 0.021119
0 0.331409 0.296570 0.023694 0.023827
0 0.855610 0.177347 0.023086 0.024729
0 0.451296 0.290523 0.024099 0.022563
0 0.304273 0.564170 0.023289 0.018953
0 0.832928 0.341336 0.026326 0.019134
0 0.784022 0.160379 0.025719 0.020397
0 0.070373 0.137365 0.024909 0.024188
0 0.904415 0.290975 0.023491 0.023466
0 0.735014 0.115433 0.022884 0.024007
0 0.832321 0.131318 0.022681 0.024729
0 0.070170 0.207671 0.024099 0.021480
0 0.547388 0.313087 0.023491 0.025090
0 0.665857 0.132491 0.028352 0.021661
0 0.592143 0.720939 0.017416 0.019856
0 0.857736 0.387094 0.025314 0.020036
0 0.784528 0.224729 0.023896 0.026715
0 0.401276 0.452166 0.020454 0.019495
0 0.330701 0.606227 0.023491 0.021841
0 0.260328 0.815343 0.023289 0.022022
0 0.663224 0.043141 0.024301 0.023466
0 0.759721 0.021661 0.024504 0.024910
0 0.927299 0.315253 0.022276 0.022924
0 0.663123 0.564440 0.021669 0.022383
0 0.593358 0.449458 0.022276 0.025632
0 0.449271 0.451986 0.021264 0.020939
0 0.188740 0.435108 0.025516 0.023646
0 0.498684 0.564260 0.022884 0.017329
0 0.592851 0.612455 0.023289 0.024549
0 0.830701 0.021841 0.022276 0.020939
0 0.238862 0.886733 0.026934 0.021119
0 0.523188 0.472834 0.023694 0.027617
0 0.475800 0.115433 0.024504 0.022924
0 0.590320 0.227617 0.026731 0.021300
0 0.785439 0.360469 0.024099 0.024188
0 0.785946 0.472022 0.025111 0.021661
0 0.259619 0.046029 0.023086 0.019856
0 0.928311 0.520036 0.021061 0.020217
0 0.499696 0.698556 0.021264 0.017329
0 0.927906 0.337635 0.023491 0.020758
0 0.710915 0.471751 0.024504 0.019675
0 0.334953 0.943953 0.023491 0.018592
0 0.283313 0.369314 0.023896 0.022022
0 0.164135 0.184025 0.024099 0.023646
0 0.615533 0.136101 0.026529 0.021300
0 0.758303 0.145307 0.022884 0.021300
0 0.451094 0.385018 0.026934 0.021300
0 0.257898 0.316606 0.025719 0.022744
0 0.233495 0.321661 0.021061 0.023466
0 0.378898 0.354422 0.022681 0.023646
0 0.258607 0.272653 0.025516 0.023646
0 0.236229 0.176534 0.023289 0.024549
0 0.307209 0.114711 0.022276 0.025090
0 0.591738 0.587906 0.023896 0.023466
0 0.164338 0.430505 0.024909 0.022744
0 0.616140 0.316245 0.022479 0.023105
0 0.880417 0.407220 0.022074 0.022744
0 0.593358 0.764982 0.024301 0.022744
0 0.523289 0.317419 0.021466 0.021480
0 0.139429 0.584567 0.022479 0.024007
0 0.475294 0.431227 0.028757 0.022383
0 0.354698 0.564079 0.022884 0.017690
0 0.260632 0.860469 0.021466 0.022022
0 0.187930 0.411823 0.024301 0.023285
0 0.735419 0.314892 0.022074 0.020397
0 0.907554 0.807671 0.022884 0.021480
0 0.589915 0.134206 0.024301 0.023646
0 0.188538 0.389440 0.025516 0.022924
0 0.188740 0.138087 0.024706 0.020939
0 0.211624 0.364982 0.022276 0.023105
0 0.522479 0.340884 0.020656 0.024729
0 0.402693 0.360830 0.023289 0.022744
0 0.593155 0.292238 0.022681 0.015884
0 0.808728 0.317238 0.021264 0.026534
0 0.784123 0.069224 0.024301 0.026895
0 0.545160 0.067329 0.024301 0.024549
0 0.639530 0.453610 0.027542 0.023827
0 0.545261 0.044495 0.023694 0.020397
0 0.640340 0.181949 0.023491 0.023827
0 0.258607 0.409838 0.022681 0.023285
0 0.905529 0.203069 0.027339 0.023827
0 0.523086 0.363899 0.020656 0.019495
0 0.833333 0.298285 0.025516 0.022924
0 0.570271 0.295939 0.020656 0.021480
0 0.119583 0.084025 0.024099 0.021119
0 0.856116 0.519404 0.024099 0.020397
0 0.641960 0.875542 0.026326 0.018592
0 0.354901 0.141787 0.026124 0.023285
0 0.164237 0.451805 0.021061 0.018051
0 0.235520 0.092690 0.022276 0.024368
0 0.708283 0.203430 0.024504 0.024910
0 0.258100 0.294856 0.023694 0.018592
0 0.806804 0.022473 0.022681 0.024007
0 0.831409 0.108664 0.024504 0.019856
0 0.760024 0.584477 0.025111 0.023105
0 0.855306 0.131859 0.024099 0.022563
0 0.639631 0.089621 0.023289 0.018231
0 0.283516 0.070307 0.023086 0.025090
0 0.810551 0.425632 0.021264 0.016606
0 0.071891 0.159928 0.022681 0.021300
0 0.881531 0.382581 0.022681 0.023646
0 0.760834 0.426264 0.025516 0.021841
0 0.285237 0.944585 0.021264 0.020578
0 0.498582 0.360921 0.024301 0.022563
0 0.568753 0.810560 0.021669 0.025451
0 0.093358 0.203430 0.022276 0.026715
0 0.427501 0.652166 0.024301 0.023827
0 0.568449 0.583484 0.018226 0.021119
0 0.734103 0.336913 0.022276 0.020036
0 0.352977 0.766968 0.023491 0.025271
0 0.046983 0.156137 0.026326 0.023105
0 0.548603 0.897383 0.023491 0.018231
0 0.212434 0.811372 0.024706 0.024188
0 0.760024 0.225090 0.023896 0.025993
0 0.760126 0.339982 0.025314 0.021841
0 0.547793 0.875542 0.023491 0.021841
0 0.378898 0.475271 0.024706 0.023105
0 0.425982 0.295126 0.025314 0.017690
0 0.905225 0.538809 0.022681 0.019856
0 0.500000 0.316697 0.023086 0.018592
0 0.684285 0.902798 0.025111 0.022924
0 0.734609 0.224188 0.023694 0.024910
0 0.475800 0.651264 0.021669 0.022022
0 0.857128 0.064260 0.023694 0.019134
0 0.331004 0.806949 0.024504 0.018231
0 0.856015 0.042870 0.024301 0.023646
0 0.615735 0.180686 0.023289 0.018051
0 0.500709 0.203430 0.024504 0.019856
0 0.809640 0.471029 0.026731 0.023646
0 0.306602 0.677798 0.024706 0.021300
0 0.523188 0.717148 0.021264 0.023466
0 0.763163 0.835108 0.026124 0.021841
0 0.639328 0.304152 0.027136 0.024188
0 0.880721 0.110830 0.026326 0.023466
0 0.761037 0.317419 0.026731 0.021480
0 0.809741 0.228159 0.026934 0.022744
0 0.260733 0.837545 0.021669 0.024188
0 0.499494 0.089170 0.023694 0.020578
0 0.188943 0.115884 0.023896 0.023827
0 0.186715 0.475722 0.023896 0.021119
0 0.424767 0.472202 0.024099 0.023827
0 0.685905 0.425542 0.023491 0.018231
0 0.476711 0.698014 0.023086 0.018051
0 0.402693 0.837906 0.024909 0.021661
0 0.474382 0.042148 0.023694 0.025090
0 0.377785 0.455686 0.022074 0.016426
0 0.593763 0.789260 0.025111 0.020036
0 0.569765 0.411462 0.024909 0.026173
0 0.305893 0.718051 0.023289 0.023466
0 0.880721 0.133574 0.025921 0.020217
0 0.233192 0.542509 0.023694 0.017509
0 0.282503 0.127166 0.023086 0.021841
0 0.332220 0.024910 0.025314 0.026715
0 0.732888 0.177888 0.021871 0.021841
0 0.547489 0.160921 0.025719 0.022202
0 0.760531 0.403700 0.025719 0.022563
0 0.664135 0.435650 0.022479 0.021480
0 0.759012 0.099097 0.023086 0.025632
0 0.710409 0.902076 0.021061 0.023646
0 0.284224 0.273105 0.024504 0.023827
0 0.401175 0.860199 0.027136 0.021119
0 0.212434 0.229693 0.025921 0.022924
0 0.860166 0.790343 0.024504 0.022563
0 0.786351 0.447473 0.024301 0.021661
0 0.760227 0.471751 0.028757 0.022202
0 0.427096 0.608845 0.023491 0.022744
0 0.282301 0.675812 0.022276 0.019134
0 0.662819 0.291155 0.021871 0.018412
0 0.355711 0.790433 0.024099 0.018051
0 0.811968 0.566697 0.024099 0.022924
0 0.616849 0.828700 0.021061 0.023827
0 0.686310 0.584567 0.020656 0.021480
0 0.925172 0.473105 0.025314 0.018051
0 0.711523 0.586733 0.023694 0.024729
0 0.165047 0.159657 0.025921 0.024729
0 0.736229 0.833574 0.023694 0.024549
0 0.401985 0.430686 0.023086 0.022383
0 0.211219 0.139079 0.023086 0.022924
0 0.307513 0.296029 0.021264 0.019856
0 0.592750 0.314350 0.021871 0.026173
0 0.857736 0.429693 0.026124 0.023646
0 0.377886 0.764260 0.021466 0.018773
0 0.904111 0.339711 0.020859 0.022022
0 0.425881 0.833394 0.023086 0.024549
0 0.330903 0.652256 0.024706 0.025812
0 0.474079 0.360560 0.022681 0.019314
0 0.474686 0.337635 0.022681 0.024368
0 0.427096 0.116516 0.023896 0.021841
0 0.476407 0.160469 0.023289 0.022744
0 0.594066 0.405415 0.024504 0.020939
0 0.807513 0.113628 0.023289 0.021119
0 0.378696 0.608032 0.022681 0.020036
0 0.473471 0.544134 0.021871 0.021119
0 0.831409 0.177166 0.022479 0.017509
0 0.449878 0.314350 0.025314 0.019314
0 0.713143 0.679513 0.024909 0.018953
0 0.759012 0.075632 0.024706 0.022022
0 0.927906 0.381769 0.023086 0.021661
0 0.760632 0.293592 0.022276 0.022563
0 0.592851 0.810740 0.024099 0.022563
0 0.662414 0.542419 0.019441 0.020939
0 0.475800 0.199729 0.024909 0.022202
0 0.402288 0.228249 0.022074 0.023646
0 0.545666 0.521570 0.022479 0.026173
0 0.356116 0.023014 0.021669 0.023285
0 0.329384 0.364621 0.024909 0.021300
0 0.141150 0.182762 0.022681 0.020036
0 0.711523 0.879332 0.024504 0.020397
0 0.070575 0.024819 0.023289 0.023646
0 0.163933 0.544856 0.023289 0.023285
0 0.332118 0.070758 0.025921 0.022383
0 0.931247 0.679693 0.022479 0.022924
0 0.687930 0.472383 0.021871 0.022383
0 0.881126 0.292690 0.022276 0.021841
0 0.331207 0.092960 0.024099 0.022383
0 0.616545 0.365614 0.021264 0.023646
0 0.860166 0.812906 0.024909 0.021119
0 0.857128 0.407310 0.022074 0.021480
0 0.115229 0.566155 0.021871 0.018231
0 0.643479 0.854332 0.027744 0.022383
0 0.232787 0.562274 0.019239 0.018773
0 0.709903 0.381588 0.022884 0.019495
0 0.425780 0.448917 0.024099 0.022022
0 0.355002 0.388989 0.021871 0.022022
0 0.737951 0.811191 0.025111 0.021300
0 0.451802 0.178881 0.021061 0.021300
0 0.906035 0.159747 0.023086 0.024910
0 0.709194 0.406588 0.023491 0.024729
0 0.546173 0.136462 0.022681 0.023466
0 0.163021 0.586191 0.023491 0.021841
0 0.284123 0.345397 0.023896 0.022202
0 0.569968 0.318953 0.021669 0.021661
0 0.093965 0.092960 0.023896 0.023466
0 0.640036 0.344675 0.022884 0.019314
0 0.568955 0.521209 0.023289 0.023646
0 0.785136 0.965253 0.023086 0.023646
0 0.783212 0.022653 0.020454 0.022563
0 0.543034 0.652888 0.019239 0.022383
0 0.185905 0.651986 0.021871 0.021300
0 0.832321 0.273285 0.021466 0.024910
0 0.427906 0.228069 0.024706 0.025090
0 0.355002 0.717058 0.023896 0.023285
0 0.186715 0.561823 0.024706 0.016787
0 0.362394 0.968682 0.029769 0.022202
0 0.355103 0.368412 0.020049 0.016245
0 0.571183 0.921931 0.025719 0.022924
0 0.117051 0.344404 0.024301 0.023105
0 0.094471 0.070939 0.025719 0.022383
0 0.452511 0.698105 0.024099 0.018231
0 0.855508 0.153971 0.024909 0.021300
0 0.259316 0.363809 0.024504 0.025090
0 0.306096 0.390614 0.024099 0.016968
0 0.211624 0.788357 0.025111 0.022202
0 0.425881 0.407401 0.023086 0.022744
0 0.498582 0.608032 0.020251 0.020397
0 0.138214 0.433213 0.025314 0.023466
0 0.734103 0.361282 0.021871 0.022563
0 0.638720 0.110740 0.024301 0.020036
0 0.187120 0.677256 0.022276 0.022022
0 0.094775 0.025542 0.023491 0.024368
0 0.284022 0.835018 0.021264 0.024549
0 0.212535 0.066968 0.020454 0.019495
0 0.640644 0.895758 0.022479 0.021841
0 0.786958 0.336913 0.024706 0.021119
0 0.763062 0.787726 0.025921 0.025632
0 0.331713 0.827617 0.023896 0.020578
0 0.880316 0.154693 0.025111 0.022383
0 0.260227 0.717058 0.023896 0.023646
0 0.787667 0.427347 0.025314 0.019675
0 0.211017 0.274549 0.025111 0.023827
0 0.737039 0.881408 0.026529 0.023105
0 0.401478 0.204152 0.024099 0.024910
0 0.786249 0.314440 0.022479 0.021661
0 0.808019 0.136101 0.025921 0.022383
0 0.662920 0.416516 0.022479 0.018592
0 0.736533 0.092690 0.025516 0.020397
0 0.118773 0.320307 0.023289 0.024007
0 0.452916 0.676895 0.024099 0.022744
0 0.808931 0.364260 0.021669 0.026715
0 0.354800 0.475000 0.023896 0.020397
0 0.353989 0.543773 0.023086 0.020758
0 0.236229 0.786372 0.021264 0.023646
0 0.333840 0.921661 0.022479 0.021300
0 0.570676 0.898556 0.021871 0.022022
0 0.187728 0.364892 0.022681 0.023646
0 0.685905 0.063357 0.024301 0.020939
0 0.402390 0.652166 0.025111 0.024549
0 0.884366 0.631047 0.027136 0.024910
0 0.211118 0.696661 0.022074 0.019314
0 0.401985 0.319224 0.022681 0.021480
0 0.617355 0.851444 0.022884 0.018051
0 0.687120 0.786191 0.025516 0.024007
0 0.807412 0.205866 0.023086 0.022924
0 0.165553 0.718502 0.023289 0.019314
0 0.686209 0.560921 0.023289 0.021841
0 0.522377 0.405866 0.022479 0.017509
0 0.139530 0.368682 0.020656 0.016426
0 0.664439 0.455505 0.023491 0.018231
0 0.260024 0.433845 0.022276 0.022924
0 0.810247 0.832852 0.020656 0.020217
0 0.306501 0.372022 0.022479 0.018773
0 0.280782 0.587004 0.022074 0.023105
0 0.881531 0.041877 0.026731 0.019495
0 0.590725 0.110469 0.024706 0.019495
0 0.281693 0.565072 0.020251 0.019675
0 0.186817 0.541606 0.020454 0.021119
0 0.614723 0.700542 0.022479 0.023466
0 0.426893 0.629964 0.022681 0.017329
0 0.283111 0.412274 0.023491 0.022744
0 0.708789 0.179061 0.024301 0.023105
0 0.094876 0.178791 0.022479 0.020397
0 0.569664 0.787274 0.022276 0.021119
0 0.593661 0.833484 0.026124 0.020036
0 0.500810 0.154783 0.024706 0.022563
0 0.164439 0.697653 0.023086 0.022383
0 0.906440 0.784928 0.022681 0.021480
0 0.784326 0.045578 0.022276 0.020758
0 0.450486 0.565794 0.020454 0.017870
0 0.734002 0.470848 0.019644 0.023285
0 0.521972 0.608394 0.021669 0.019314
0 0.378291 0.396841 0.024301 0.022924
0 0.426185 0.719314 0.022884 0.023466
0 0.880012 0.176083 0.025314 0.017870
0 0.163730 0.114892 0.022479 0.021480
0 0.832017 0.199458 0.024504 0.025632
0 0.187222 0.456047 0.023694 0.018231
0 0.162313 0.341968 0.023289 0.025812
0 0.450891 0.361011 0.021669 0.022022
0 0.474686 0.268412 0.025516 0.015523
0 0.378190 0.652076 0.022479 0.024007
0 0.139733 0.560289 0.024301 0.022022
0 0.282301 0.104874 0.026326 0.022744
0 0.401782 0.178069 0.025516 0.025812
0 0.712130 0.786733 0.022074 0.019675
0 0.882442 0.362094 0.025719 0.017690
0 0.809741 0.592058 0.020454 0.026354
0 0.474484 0.764531 0.024301 0.018953
0 0.686412 0.447563 0.022074 0.024368
0 0.685804 0.854603 0.024099 0.028700
0 0.903807 0.314531 0.022681 0.022563
0 0.354800 0.412365 0.020656 0.020397
0 0.760024 0.562004 0.025111 0.018592
0 0.165148 0.092690 0.024909 0.022202
0 0.733090 0.200271 0.018631 0.019314
0 0.708586 0.022924 0.020251 0.022383
0 0.733900 0.022653 0.024301 0.023646
0 0.118570 0.044134 0.022479 0.018953
0 0.735925 0.427166 0.025516 0.022924
0 0.809235 0.942329 0.021466 0.022924
0 0.330498 0.431769 0.027136 0.021661
0 0.546780 0.113087 0.024301 0.025451
0 0.785338 0.552347 0.019441 0.020939
0 0.589611 0.088267 0.025314 0.022022
0 0.163629 0.675903 0.021466 0.020758
0 0.213143 0.835108 0.021264 0.019675
0 0.882240 0.430235 0.023289 0.023646
0 0.330498 0.227888 0.023086 0.021841
0 0.855610 0.201173 0.023896 0.019675
0 0.355407 0.045397 0.023491 0.018231
0 0.283718 0.165523 0.027136 0.021300
0 0.377785 0.436011 0.024504 0.022202
0 0.735014 0.608394 0.020454 0.017148
0 0.500101 0.432762 0.020049 0.020397
0 0.712130 0.951715 0.022884 0.022202
0 0.377481 0.416787 0.022276 0.015884
0 0.328473 0.542960 0.023086 0.020578
0 0.500101 0.879422 0.024909 0.019495
0 0.809235 0.544314 0.022681 0.022563
0 0.233394 0.521931 0.020859 0.021119
0 0.810450 0.447202 0.025516 0.021841
0 0.474079 0.919495 0.023086 0.019495
0 0.475699 0.607671 0.021871 0.020758
0 0.617659 0.389079 0.023491 0.023646
0 0.710713 0.090614 0.024504 0.024549
0 0.501013 0.225722 0.023086 0.022202
0 0.686412 0.287816 0.023694 0.017509
0 0.593661 0.384928 0.020859 0.023285
0 0.616444 0.341245 0.025111 0.024007
0 0.712434 0.699458 0.025921 0.020217
0 0.451094 0.062455 0.024099 0.021300
0 0.616140 0.430866 0.021669 0.019856
0 0.712232 0.830866 0.023491 0.024188
0 0.187829 0.582671 0.022884 0.020578
0 0.760531 0.542870 0.024099 0.018592
0 0.307614 0.317058 0.021061 0.021119
0 0.545160 0.225722 0.025111 0.023646
0 0.118064 0.123105 0.024301 0.019856
0 0.332523 0.048646 0.025111 0.022924
0 0.640441 0.833484 0.024909 0.018231
0 0.211624 0.412635 0.022681 0.022383
0 0.734407 0.384567 0.022074 0.021841
0 0.855306 0.107401 0.021669 0.023105
0 0.763366 0.764170 0.024909 0.019675
0 0.474585 0.451986 0.026124 0.017690
0 0.428716 0.158213 0.021061 0.020758
0 0.686817 0.764350 0.025314 0.019314
0 0.114824 0.632310 0.024301 0.024188
0 0.142568 0.139982 0.024301 0.020397
0 0.710308 0.065794 0.025314 0.024007
0 0.355103 0.273014 0.024909 0.022563
0 0.428210 0.676625 0.022884 0.022202
0 0.686412 0.880144 0.024504 0.021661
0 0.476407 0.899819 0.023289 0.016245
0 0.045059 0.179061 0.024099 0.021300
0 0.211320 0.044856 0.023694 0.021119
0 0.759619 0.629513 0.020251 0.020397
0 0.284224 0.812635 0.019644 0.020578
0 0.499696 0.065794 0.024099 0.025451
0 0.425780 0.545307 0.026124 0.022383
0 0.093560 0.114982 0.025111 0.020578
0 0.307412 0.833935 0.019846 0.020939
0 0.640036 0.433394 0.026124 0.018051
0 0.808019 0.181047 0.021871 0.026715
0 0.427805 0.698736 0.020454 0.017329
0 0.330498 0.343321 0.026326 0.017690
0 0.165148 0.046390 0.027339 0.023466
0 0.404010 0.675090 0.023491 0.021300
0 0.257797 0.542329 0.024301 0.016426
0 0.305691 0.411643 0.022884 0.024729
0 0.210915 0.717690 0.020049 0.022383
0 0.282199 0.390975 0.021669 0.018051
0 0.833232 0.589892 0.023289 0.023827
0 0.970940 0.202617 0.020454 0.025090
0 0.784832 0.290433 0.022479 0.024188
0 0.835460 0.721570 0.024099 0.021119
0 0.856723 0.563087 0.024099 0.020758
0 0.787768 0.812996 0.019036 0.017690
0 0.498886 0.293412 0.021669 0.022563
0 0.593054 0.363357 0.021264 0.019495
0 0.331916 0.321841 0.024301 0.024188
0 0.118570 0.104513 0.022884 0.019495
0 0.759417 0.608845 0.022276 0.020217
0 0.140340 0.204061 0.024301 0.022563
0 0.138821 0.608303 0.022479 0.022383
0 0.138821 0.537184 0.024504 0.022383
0 0.401377 0.881769 0.026326 0.022383
0 0.737849 0.682401 0.023694 0.021480
0 0.879810 0.020036 0.023289 0.018412
0 0.638416 0.391606 0.018834 0.022924
0 0.210004 0.561372 0.022681 0.018051
0 0.787971 0.407852 0.027136 0.021119
0 0.663123 0.699278 0.020454 0.017329
0 0.880215 0.199549 0.022479 0.020397
0 0.686715 0.043773 0.023491 0.017148
0 0.450790 0.585469 0.020656 0.019314
0 0.141252 0.716606 0.024099 0.024549
0 0.165958 0.229332 0.024504 0.022924
0 0.234913 0.050812 0.022681 0.022202
0 0.354800 0.584657 0.019846 0.019495
0 0.881227 0.520668 0.020859 0.024368
0 0.355711 0.676625 0.023289 0.021480
0 0.477116 0.137545 0.023086 0.022383
0 0.213548 0.089260 0.021264 0.021841
0 0.283111 0.296661 0.025111 0.022924
0 0.709498 0.114711 0.026124 0.024368
0 0.663021 0.312365 0.021871 0.023285
0 0.330093 0.717329 0.023086 0.025271
0 0.211422 0.296570 0.021466 0.021661
0 0.500709 0.133032 0.024099 0.017329
0 0.498380 0.585108 0.019846 0.020036
0 0.284629 0.790704 0.018023 0.021119
0 0.734204 0.069314 0.022884 0.025271
0 0.359457 0.903610 0.025516 0.023105
0 0.426995 0.807762 0.022074 0.025993
0 0.401073 0.584477 0.020454 0.019134
0 0.686412 0.924368 0.024504 0.021300
0 0.187222 0.605415 0.022884 0.019856
0 0.070271 0.114801 0.021871 0.021661
0 0.549716 0.853520 0.023694 0.018231
0 0.475699 0.065072 0.023086 0.019675
0 0.141049 0.161011 0.022884 0.021661
0 0.570676 0.273646 0.021871 0.021661
0 0.428615 0.202256 0.025719 0.027256
0 0.926286 0.405235 0.027136 0.024549
0 0.401985 0.606949 0.021061 0.021119
0 0.306906 0.785289 0.022479 0.024007
0 0.734913 0.270578 0.025516 0.020578
0 0.212940 0.113177 0.023694 0.024910
0 0.328777 0.583935 0.021669 0.019856
0 0.831308 0.064260 0.024706 0.017690
0 0.639530 0.587635 0.024301 0.024729
0 0.882442 0.584116 0.022074 0.020939
0 0.400770 0.474729 0.021061 0.024910
0 0.758607 0.167148 0.024301 0.021661
0 0.188842 0.160560 0.022479 0.021841
0 0.259316 0.157040 0.020859 0.022383
0 0.330296 0.475090 0.023896 0.020939
0 0.662616 0.521300 0.021871 0.020939
0 0.807716 0.273556 0.024099 0.022924
0 0.188234 0.204693 0.024099 0.022022
0 0.113710 0.544314 0.020454 0.022202
0 0.497266 0.544043 0.023289 0.021300
0 0.309741 0.900812 0.023289 0.018592
0 0.163528 0.318051 0.020859 0.020217
0 0.189955 0.069946 0.025921 0.022563
0 0.359255 0.945758 0.023491 0.016426
0 0.904921 0.269134 0.023694 0.018412
0 0.234204 0.071300 0.024099 0.017329
0 0.616241 0.045487 0.024706 0.025993
0 0.234103 0.134838 0.023896 0.014440
0 0.259417 0.179693 0.020656 0.022563
0 0.449271 0.407220 0.024099 0.022022
0 0.809032 0.340433 0.021061 0.019134
0 0.163123 0.409477 0.021669 0.018592
0 0.259113 0.090704 0.021264 0.021480
0 0.092446 0.587365 0.025314 0.024188
0 0.521466 0.586462 0.023086 0.022383
0 0.404010 0.814711 0.022681 0.025451
0 0.378493 0.023646 0.025111 0.024188
0 0.545768 0.546119 0.021871 0.021841
0 0.882139 0.341516 0.024706 0.022022
0 0.855407 0.085199 0.024706 0.018412
0 0.615634 0.587274 0.021871 0.020036
0 0.354394 0.433574 0.021061 0.021661
0 0.356318 0.321390 0.021264 0.024368
0 0.475800 0.830776 0.024099 0.022202
0 0.306703 0.697653 0.023694 0.017690
0 0.304881 0.605686 0.022479 0.020036
0 0.882645 0.476083 0.024099 0.017509
0 0.210105 0.540343 0.022884 0.018231
0 0.524504 0.897383 0.023086 0.022202
0 0.855913 0.270397 0.025314 0.022383
0 0.857027 0.608935 0.025111 0.024729
0 0.639125 0.024639 0.021466 0.026173
0 0.116039 0.587906 0.023491 0.023105
0 0.095484 0.137094 0.024504 0.022563
0 0.499089 0.718051 0.021264 0.023105
0 0.807007 0.070758 0.022276 0.024910
0 0.760126 0.383755 0.023694 0.016968
0 0.402390 0.340433 0.025111 0.016606
0 0.522681 0.675000 0.021466 0.016787
0 0.354091 0.119675 0.025719 0.022022
0 0.257999 0.387906 0.021871 0.019856
0 0.117153 0.367780 0.021264 0.022924
0 0.360267 0.925632 0.024301 0.022383
0 0.640036 0.325542 0.024099 0.018231
0 0.189652 0.092780 0.024099 0.022022
0 0.210713 0.652076 0.022884 0.020758
0 0.235217 0.152347 0.022479 0.020939
0 0.237039 0.839079 0.022479 0.026534
0 0.833637 0.858664 0.024504 0.023466
0 0.188943 0.293682 0.024706 0.023105
0 0.285642 0.922292 0.022884 0.020758
0 0.476306 0.856318 0.024706 0.025271
0 0.212434 0.204513 0.024706 0.025632
0 0.500405 0.044946 0.024706 0.015523
0 0.281896 0.697292 0.019441 0.018412
0 0.163426 0.565614 0.021466 0.016787
0 0.831612 0.155235 0.020859 0.023827
0 0.354496 0.627347 0.020049 0.017870
0 0.639530 0.519765 0.019441 0.017870
0 0.499797 0.898736 0.022276 0.017690
0 0.306804 0.458213 0.023491 0.017870
0 0.711118 0.720217 0.024909 0.019856
0 0.663730 0.655235 0.021669 0.021661
0 0.209397 0.606949 0.021466 0.021119
0 0.925071 0.453430 0.023896 0.021300
0 0.641454 0.786101 0.022074 0.021300
0 0.162819 0.609477 0.024301 0.022924
0 0.379405 0.226986 0.022884 0.021480
0 0.832118 0.520578 0.021061 0.023827
0 0.283516 0.224278 0.024301 0.021480
0 0.857533 0.632310 0.022884 0.019495
0 0.234305 0.638899 0.021466 0.018231
0 0.332827 0.848736 0.023289 0.020578
0 0.904820 0.227888 0.025111 0.025812
0 0.784528 0.092780 0.025921 0.023105
0 0.403301 0.717509 0.022479 0.022744
0 0.735925 0.654964 0.023086 0.023285
0 0.881632 0.269946 0.022884 0.021480
0 0.164439 0.387365 0.026326 0.022744
0 0.881430 0.086191 0.024909 0.023646
0 0.613305 0.632762 0.024099 0.023646
0 0.521871 0.518953 0.022681 0.018773
0 0.450587 0.805235 0.021871 0.023466
0 0.833637 0.543321 0.022479 0.022022
0 0.905225 0.660469 0.019441 0.022022
0 0.258607 0.339801 0.021871 0.019314
0 0.259518 0.203430 0.024504 0.019134
0 0.905832 0.181949 0.023896 0.017690
0 0.378797 0.078069 0.022479 0.020758
0 0.737242 0.700542 0.020859 0.015523
0 0.451600 0.140523 0.024706 0.020397
0 0.709700 0.451805 0.022884 0.016968
0 0.855913 0.585379 0.023289 0.021300
0 0.379101 0.315162 0.021466 0.020217
0 0.499595 0.790072 0.021466 0.018051
0 0.401985 0.405235 0.022681 0.023105
0 0.476002 0.084206 0.021669 0.019675
0 0.451195 0.629693 0.020656 0.016065
0 0.830093 0.085830 0.021466 0.024007
0 0.259214 0.137004 0.022276 0.016245
0 0.686614 0.675993 0.022074 0.018412
0 0.403706 0.041516 0.022884 0.023827
0 0.475800 0.312726 0.025314 0.017870
0 0.235622 0.457401 0.024099 0.018773
0 0.855002 0.019495 0.022681 0.018412
0 0.928919 0.292870 0.023491 0.018592
0 0.760227 0.271480 0.024706 0.020939
0 0.378797 0.545397 0.023694 0.024368
0 0.400162 0.545848 0.020656 0.020578
0 0.209903 0.582852 0.021669 0.021661
0 0.235419 0.026625 0.022074 0.025451
0 0.884467 0.720397 0.020049 0.019856
0 0.309538 0.026354 0.020454 0.023105
0 0.568550 0.834116 0.020454 0.019495
0 0.188943 0.228339 0.021061 0.022744
0 0.763467 0.812726 0.024301 0.023285
0 0.281693 0.454242 0.022276 0.024368
0 0.212839 0.342238 0.024301 0.022022
0 0.449473 0.430686 0.022074 0.020217
0 0.833941 0.679874 0.024706 0.024007
0 0.428919 0.178791 0.023491 0.020036
0 0.329992 0.137094 0.022884 0.021119
0 0.140543 0.412545 0.021466 0.016787
0 0.259518 0.068141 0.022074 0.022924
0 0.425982 0.340433 0.022074 0.017329
0 0.378595 0.565253 0.022479 0.015704
0 0.711320 0.336282 0.023694 0.021300
0 0.187930 0.343141 0.023896 0.019495
0 0.401681 0.152798 0.025314 0.020036
0 0.761239 0.043682 0.025516 0.020217
0 0.188335 0.183123 0.023491 0.020758
0 0.428919 0.137365 0.021871 0.020939
0 0.377987 0.629242 0.021669 0.018051
0 0.214459 0.856408 0.022276 0.022563
0 0.379911 0.056949 0.025921 0.022202
0 0.262049 0.765975 0.025111 0.024729
0 0.685399 0.311823 0.022074 0.024368
0 0.329384 0.159657 0.022479 0.018953
0 0.548299 0.718953 0.023694 0.020578
0 0.739469 0.966245 0.029364 0.023105
0 0.640441 0.810289 0.023289 0.025271
0 0.856825 0.290433 0.022681 0.016245
0 0.855610 0.541155 0.021871 0.018051
0 0.046578 0.048556 0.024301 0.024549
0 0.046983 0.024549 0.022681 0.022744
0 0.450587 0.473827 0.026326 0.018773
0 0.093358 0.564260 0.022681 0.021300
0 0.283516 0.860650 0.022276 0.023466
0 0.379202 0.718592 0.023289 0.023827
0 0.884366 0.809567 0.021871 0.022383
0 0.377785 0.585018 0.020859 0.019134
0 0.116444 0.699007 0.021061 0.021119
0 0.568348 0.435018 0.024504 0.018051
0 0.211320 0.317870 0.022479 0.023105
0 0.707979 0.136282 0.027542 0.016968
0 0.475192 0.807762 0.022884 0.021661
0 0.734508 0.561101 0.021061 0.017509
0 0.331004 0.387094 0.025719 0.024007
0 0.546071 0.363448 0.021264 0.022202
0 0.258910 0.695397 0.023694 0.017509
0 0.546071 0.609206 0.023289 0.017329
0 0.233900 0.605957 0.023086 0.019495
0 0.047185 0.132220 0.022276 0.016426
0 0.859457 0.835830 0.024301 0.022563
0 0.475091 0.718321 0.021871 0.023285
0 0.356926 0.859116 0.023694 0.017509
0 0.426893 0.273827 0.026326 0.023466
0 0.116849 0.202437 0.023086 0.017870
0 0.523491 0.694495 0.021871 0.023285
0 0.425881 0.903430 0.023491 0.022383
0 0.523086 0.087365 0.020251 0.019856
0 0.333738 0.897744 0.023491 0.029422
0 0.141252 0.677437 0.021669 0.021661
0 0.499595 0.854603 0.021871 0.021480
0 0.379607 0.785921 0.025314 0.023466
0 0.590219 0.680596 0.020454 0.021119
0 0.451195 0.650361 0.019846 0.022022
0 0.617659 0.894856 0.022681 0.018592
0 0.662616 0.612545 0.024706 0.021480
0 0.736128 0.857762 0.023896 0.023105
0 0.310855 0.967329 0.023896 0.023466
0 0.161705 0.653791 0.022074 0.021300
0 0.735723 0.630415 0.024301 0.025451
0 0.545362 0.425181 0.022276 0.017148
0 0.685601 0.022473 0.021264 0.021841
0 0.685399 0.519856 0.022884 0.019856
0 0.663021 0.270758 0.021466 0.021661
0 0.306298 0.437545 0.020859 0.024549
0 0.856217 0.451986 0.023491 0.020939
0 0.952106 0.318141 0.023289 0.018953
0 0.663224 0.718231 0.021061 0.018773
0 0.235622 0.117599 0.021264 0.022202
0 0.616849 0.872473 0.022681 0.020397
0 0.810247 0.966787 0.024301 0.019134
0 0.568449 0.543682 0.019846 0.022383
0 0.881531 0.063357 0.023086 0.019495
0 0.401478 0.964621 0.026934 0.027076
0 0.212434 0.388718 0.022681 0.023646
0 0.164237 0.205866 0.023896 0.018953
0 0.547388 0.698646 0.022681 0.016787
0 0.331409 0.205054 0.020859 0.021300
0 0.303969 0.542960 0.021871 0.020939
0 0.094978 0.048646 0.022276 0.021480
0 0.883050 0.700000 0.025719 0.021300
0 0.663528 0.785469 0.019239 0.022563
0 0.307311 0.476895 0.020859 0.020217
0 0.570778 0.341336 0.021264 0.020217
0 0.117051 0.677166 0.024301 0.021480
0 0.380215 0.293321 0.021669 0.022383
0 0.069765 0.068773 0.022479 0.023827
0 0.356622 0.519495 0.024301 0.024549
0 0.187323 0.628069 0.021466 0.019314
0 0.638619 0.068592 0.021264 0.021661
0 0.139328 0.654152 0.021871 0.021300
0 0.570373 0.944765 0.025719 0.022744
0 0.906035 0.518141 0.024301 0.021119
0 0.639733 0.696661 0.021871 0.016787
0 0.381025 0.676986 0.023694 0.021841
0 0.547793 0.784567 0.021466 0.021480
0 0.498684 0.629332 0.020049 0.016787
0 0.907351 0.831859 0.024504 0.026173
0 0.883252 0.606498 0.024504 0.024188
0 0.233900 0.717148 0.021871 0.019134
0 0.259012 0.675000 0.022276 0.020397
0 0.331004 0.627617 0.021264 0.018051
0 0.120089 0.063628 0.023086 0.020397
0 0.686006 0.629332 0.020859 0.022924
0 0.568449 0.364350 0.021061 0.025090
0 0.259012 0.653249 0.020656 0.020217
0 0.709700 0.565433 0.021669 0.018953
0 0.210915 0.674910 0.022479 0.020578
0 0.330498 0.182762 0.022276 0.022202
0 0.257189 0.584386 0.023086 0.020036
0 0.547691 0.764170 0.021669 0.019314
0 0.567841 0.651534 0.023491 0.022924
0 0.500304 0.767780 0.022074 0.026534
0 0.330093 0.519224 0.025921 0.023646
0 0.474686 0.020758 0.023086 0.017329
0 0.426893 0.361282 0.024301 0.022563
0 0.547084 0.291606 0.024099 0.016787
0 0.163832 0.136101 0.023491 0.020578
0 0.784933 0.943321 0.024301 0.016245
0 0.139733 0.345487 0.023086 0.027798
0 0.474787 0.584206 0.020859 0.020036
0 0.639834 0.631588 0.024909 0.023466
0 0.237141 0.366606 0.022681 0.017690
0 0.185601 0.273285 0.020049 0.018051
0 0.523491 0.385650 0.020656 0.019314
0 0.163730 0.473917 0.021669 0.025812
0 0.708890 0.156679 0.026529 0.023105
0 0.785946 0.878339 0.022276 0.020939
0 0.500405 0.919043 0.021466 0.021119
0 0.640441 0.202437 0.024099 0.018592
0 0.259417 0.225361 0.025111 0.022563
0 0.499494 0.813718 0.022479 0.025632
0 0.615836 0.567960 0.020251 0.016065
0 0.402086 0.628520 0.020454 0.017690
0 0.210004 0.629242 0.021466 0.018412
0 0.330903 0.697744 0.022276 0.016065
0 0.451296 0.718321 0.023694 0.023646
0 0.428210 0.096390 0.022884 0.017329
0 0.546881 0.675993 0.022074 0.020217
0 0.684791 0.830505 0.024504 0.022383
0 0.328676 0.410199 0.023491 0.021480
0 0.663021 0.334025 0.022681 0.020397
0 0.735622 0.788899 0.022074 0.021119
0 0.475901 0.627978 0.020656 0.017329
0 0.662313 0.394585 0.025314 0.026354
0 0.404212 0.696390 0.022681 0.017329
0 0.709802 0.292870 0.021871 0.021119
0 0.568449 0.455325 0.023896 0.022563
0 0.616646 0.721480 0.025111 0.016245
0 0.737647 0.720126 0.023694 0.022563
0 0.712738 0.808213 0.024099 0.021480
0 0.499797 0.111372 0.022276 0.023466
0 0.664135 0.111101 0.021669 0.017509
0 0.355002 0.097112 0.022276 0.022383
0 0.212940 0.438628 0.023289 0.026354
0 0.614824 0.679603 0.021061 0.018412
0 0.568854 0.023014 0.022276 0.023646
0 0.545362 0.629422 0.022276 0.021661
0 0.616039 0.476895 0.021466 0.021661
0 0.546881 0.807762 0.021264 0.022744
0 0.139226 0.632130 0.021669 0.022383
0 0.282301 0.433845 0.019846 0.016426
0 0.451397 0.159296 0.021061 0.016426
0 0.189247 0.718863 0.023289 0.021480
0 0.306703 0.351354 0.019239 0.021480
0 0.642568 0.966697 0.026326 0.021841
0 0.546476 0.181498 0.025314 0.021119
0 0.833536 0.834386 0.022276 0.023646
0 0.594978 0.878069 0.023491 0.017870
0 0.257088 0.521300 0.025314 0.022744
0 0.235318 0.696209 0.021466 0.019495
0 0.281389 0.542960 0.020859 0.020939
0 0.452106 0.520487 0.022479 0.022924
0 0.592244 0.042870 0.020859 0.018231
0 0.069866 0.046390 0.022276 0.021300
0 0.402390 0.113538 0.023491 0.014801
0 0.401883 0.132401 0.022074 0.021119
0 0.142467 0.316968 0.021264 0.023827
0 0.546881 0.833213 0.020049 0.022744
0 0.117355 0.720126 0.024099 0.015704
0 0.784224 0.855776 0.020454 0.021661
0 0.304273 0.584386 0.020454 0.018953
0 0.115229 0.609567 0.027136 0.018051
0 0.330093 0.766336 0.021061 0.025451
0 0.661908 0.475812 0.024504 0.023105
0 0.118672 0.163809 0.021466 0.016787
0 0.833738 0.611101 0.019441 0.017148
0 0.642669 0.943502 0.026124 0.023466
0 0.712333 0.927708 0.022479 0.025090
0 0.546881 0.589621 0.022479 0.019314
0 0.808526 0.092960 0.023289 0.019495
0 0.377987 0.333574 0.020049 0.015523
0 0.568044 0.475903 0.023086 0.018231
0 0.522783 0.808935 0.022479 0.024729
0 0.235622 0.387816 0.022074 0.023285
0 0.685196 0.360560 0.023289 0.018592
0 0.784731 0.200993 0.024301 0.021119
0 0.615938 0.453971 0.021669 0.025271
0 0.906946 0.762906 0.022884 0.019675
0 0.881936 0.543863 0.023491 0.020578
0 0.426792 0.317329 0.020049 0.024549
0 0.522276 0.563628 0.021061 0.021119
0 0.307209 0.138357 0.021871 0.020758
0 0.235622 0.345307 0.021264 0.020578
0 0.282908 0.521480 0.020656 0.021661
0 0.641049 0.717509 0.021669 0.022744
0 0.592953 0.474549 0.023086 0.017329
0 0.615938 0.805866 0.022479 0.020036
0 0.234812 0.622383 0.022884 0.014440
0 0.905832 0.681498 0.022276 0.015704
0 0.070271 0.093231 0.019441 0.021119
0 0.354901 0.453520 0.020454 0.018231
0 0.834751 0.900632 0.025516 0.023285
0 0.709802 0.271390 0.023491 0.021480
0 0.593560 0.520126 0.024706 0.019314
0 0.139631 0.453700 0.024504 0.018592
0 0.476306 0.786011 0.023491 0.022202
0 0.119077 0.143863 0.022276 0.022383
0 0.523998 0.136733 0.020049 0.021119
0 0.571284 0.722744 0.021466 0.019856
0 0.617051 0.522112 0.020656 0.023646
0 0.140745 0.227347 0.025921 0.022202
0 0.234305 0.658213 0.021466 0.018953
0 0.522580 0.066426 0.018429 0.020939
0 0.427805 0.858484 0.022884 0.023827
0 0.811361 0.877347 0.021264 0.023646
0 0.686614 0.695848 0.024099 0.020578
0 0.477521 0.677166 0.021871 0.021480
0 0.619178 0.763628 0.022884 0.019314
0 0.834143 0.565343 0.022276 0.022744
0 0.809943 0.405596 0.019239 0.022383
0 0.139429 0.292148 0.020049 0.023646
0 0.162110 0.273917 0.023289 0.020758
0 0.663325 0.225361 0.026934 0.027256
0 0.547691 0.919946 0.021669 0.022563
0 0.283111 0.717509 0.020251 0.020217
0 0.282301 0.186643 0.023491 0.021300
0 0.639429 0.225181 0.020049 0.025090
0 0.686209 0.405686 0.022479 0.017148
0 0.951802 0.340794 0.024706 0.023827
0 0.950891 0.519856 0.022479 0.022383
0 0.762859 0.718502 0.022276 0.023646
0 0.785946 0.571661 0.021466 0.016968
0 0.905832 0.699188 0.021466 0.017509
0 0.307412 0.169224 0.023491 0.022924
0 0.904516 0.022744 0.021264 0.024188
0 0.593965 0.855325 0.023896 0.023285
0 0.662211 0.021931 0.020251 0.017509
0 0.545565 0.023736 0.025111 0.021119
0 0.568753 0.562455 0.019644 0.014801
0 0.568753 0.628159 0.022074 0.019495
0 0.116444 0.273105 0.021061 0.020217
0 0.592548 0.272112 0.021466 0.022202
0 0.425780 0.428881 0.023694 0.016606
0 0.546274 0.944404 0.019239 0.022744
0 0.500000 0.024910 0.025111 0.023827
0 0.119887 0.024278 0.023896 0.020758
0 0.309741 0.923375 0.021669 0.018231
0 0.858850 0.676715 0.019846 0.018051
0 0.309842 0.942690 0.022276 0.020036
0 0.663224 0.176986 0.023491 0.018592
0 0.428817 0.968502 0.025314 0.017870
0 0.759619 0.186552 0.025516 0.020036
0 0.331409 0.678069 0.024504 0.022563
0 0.354698 0.160830 0.023694 0.012274
0 0.139631 0.475903 0.027744 0.024368
0 0.860065 0.883664 0.023491 0.025451
0 0.377886 0.118502 0.023491 0.026173
0 0.377076 0.141968 0.021061 0.020036
0 0.905427 0.556949 0.020251 0.016787
0 0.498886 0.473466 0.020454 0.022022
0 0.618165 0.784025 0.021669 0.022202
0 0.427096 0.765433 0.022276 0.022202
0 0.833637 0.453159 0.022479 0.024007
0 0.687222 0.944946 0.023289 0.019856
0 0.047084 0.097292 0.025719 0.021661
0 0.234812 0.195668 0.022884 0.013357
0 0.523593 0.832942 0.024504 0.017870
0 0.712333 0.855957 0.024909 0.023466
0 0.498886 0.652617 0.022074 0.025812
0 0.452511 0.107762 0.020859 0.021661
0 0.546881 0.568863 0.022884 0.021480
0 0.282908 0.611462 0.019441 0.018953
0 0.545464 0.386462 0.021669 0.019495
0 0.905529 0.134116 0.020859 0.024549
0 0.859457 0.721570 0.027542 0.019314
0 0.685601 0.964440 0.024504 0.017329
0 0.427299 0.585379 0.021466 0.019856
0 0.094775 0.228971 0.023491 0.022924
0 0.330802 0.787635 0.023289 0.015343
0 0.711928 0.360830 0.020049 0.017690
0 0.264277 0.965704 0.026731 0.020217
0 0.213042 0.766336 0.021871 0.019314
0 0.475901 0.880866 0.023491 0.020939
0 0.833941 0.878881 0.026731 0.016968
0 0.500709 0.678159 0.022479 0.022383
0 0.499494 0.834567 0.020454 0.014260
0 0.759113 0.204422 0.025314 0.016065
0 0.521567 0.630505 0.019644 0.019495
0 0.594168 0.897924 0.023086 0.020758
0 0.237343 0.863809 0.023896 0.024368
0 0.640644 0.653430 0.019644 0.017329
0 0.358951 0.879693 0.022884 0.022563
0 0.568955 0.387365 0.024909 0.022383
0 0.118064 0.389531 0.021061 0.020578
0 0.332726 0.870758 0.022276 0.018412
0 0.567942 0.675812 0.020454 0.022383
0 0.498177 0.519314 0.022276 0.023466
0 0.711219 0.313087 0.027947 0.016787
0 0.710308 0.521841 0.023289 0.022022
0 0.142264 0.092780 0.020859 0.022383
0 0.070373 0.183032 0.023289 0.025271
0 0.666565 0.152166 0.022479 0.017329
0 0.377683 0.097383 0.021466 0.017509
0 0.452612 0.225271 0.022276 0.022383
0 0.258910 0.608394 0.023289 0.016065
0 0.452106 0.854242 0.022479 0.022563
0 0.095383 0.156769 0.023086 0.017148
0 0.428919 0.946931 0.026731 0.023105
0 0.572296 0.856137 0.020251 0.022744
0 0.263670 0.944134 0.024301 0.024368
0 0.615128 0.292960 0.020859 0.019856
0 0.308121 0.188177 0.025314 0.014621
0 0.614824 0.966426 0.025111 0.022022
0 0.474382 0.565253 0.023289 0.016426
0 0.834548 0.942148 0.025921 0.021119
0 0.811158 0.854693 0.024099 0.018773
0 0.401681 0.272563 0.020049 0.021661
0 0.401883 0.096480 0.024099 0.019314
0 0.614925 0.657130 0.022074 0.021841
0 0.451094 0.024007 0.021264 0.022744
0 0.906136 0.719043 0.021669 0.022202
0 0.306298 0.625812 0.021669 0.021300
0 0.948562 0.474368 0.019441 0.019856
0 0.785642 0.521661 0.019644 0.020578
0 0.639530 0.610018 0.020251 0.017509
0 0.427704 0.047744 0.020656 0.020036
0 0.737141 0.907942 0.026326 0.026715
0 0.234305 0.677617 0.021466 0.017329
0 0.307817 0.855505 0.023086 0.018231
0 0.734002 0.519495 0.020454 0.017329
0 0.258607 0.631318 0.020656 0.020758
0 0.164743 0.023014 0.025719 0.022202
0 0.163123 0.295939 0.023289 0.023646
0 0.356825 0.069765 0.023086 0.028339
0 0.428007 0.078339 0.023289 0.019134
0 0.236128 0.229422 0.020251 0.019134
0 0.834852 0.474458 0.023289 0.021841
0 0.834346 0.654603 0.025111 0.022924
0 0.140846 0.024549 0.019239 0.021300
0 0.307716 0.274278 0.022074 0.024368
0 0.089814 0.699549 0.022479 0.022563
0 0.475597 0.179061 0.023289 0.012996
0 0.259721 0.024729 0.020454 0.020578
0 0.500000 0.452527 0.021061 0.017690
0 0.758404 0.122924 0.023491 0.024188
0 0.238457 0.909657 0.022884 0.025812
0 0.379607 0.272112 0.021264 0.020036
0 0.307108 0.763448 0.022884 0.017870
0 0.686209 0.653610 0.020049 0.019495
0 0.790502 0.791516 0.017618 0.022022
0 0.591231 0.637365 0.019644 0.024910
0 0.641555 0.156498 0.024706 0.020939
0 0.883455 0.676534 0.024099 0.023466
0 0.401883 0.564801 0.021669 0.015884
0 0.591231 0.020758 0.021669 0.018412
0 0.685905 0.718141 0.020251 0.021480
0 0.261239 0.883755 0.023086 0.021661
0 0.616950 0.918502 0.021264 0.022202
0 0.092041 0.543412 0.019644 0.017509
0 0.307108 0.226895 0.022884 0.012996
0 0.404010 0.790072 0.026326 0.022022
0 0.522681 0.112274 0.021466 0.024910
0 0.165350 0.069856 0.027339 0.021661
0 0.950891 0.362365 0.025314 0.018592
0 0.571284 0.877708 0.022681 0.018592
0 0.211624 0.157310 0.023491 0.013538
0 0.785844 0.590253 0.022884 0.017690
0 0.236736 0.812635 0.022681 0.025993
0 0.858242 0.653339 0.023086 0.022563
0 0.046983 0.115884 0.025516 0.015884
0 0.475294 0.519585 0.024706 0.023646
0 0.568753 0.045217 0.021669 0.019675
0 0.831207 0.046119 0.024504 0.017870
0 0.521567 0.273466 0.020859 0.022383
0 0.522884 0.429964 0.021871 0.024910
0 0.858951 0.766516 0.024099 0.024007
0 0.786553 0.655054 0.020656 0.018412
0 0.307007 0.206949 0.023896 0.024368
0 0.288781 0.969585 0.023086 0.022924
0 0.615938 0.609025 0.023694 0.020939
0 0.285237 0.880325 0.023289 0.016245
0 0.333536 0.275000 0.020251 0.017148
0 0.309032 0.048285 0.020251 0.021119
0 0.833738 0.787816 0.021871 0.021480
0 0.114520 0.520939 0.020859 0.019856
0 0.140745 0.388809 0.021466 0.022744
0 0.335257 0.967329 0.024099 0.023105
0 0.401073 0.923917 0.023289 0.017870
0 0.380417 0.521209 0.022884 0.021119
0 0.881733 0.562996 0.021466 0.018773
0 0.281187 0.652978 0.020049 0.020758
0 0.834751 0.922653 0.025921 0.017148
0 0.403807 0.021029 0.022681 0.016787
0 0.118570 0.182310 0.021264 0.020578
0 0.114216 0.656498 0.022681 0.019495
0 0.235014 0.211101 0.019644 0.016787
0 0.523593 0.157040 0.020049 0.016606
0 0.546983 0.273014 0.023896 0.018592
0 0.906642 0.857762 0.024301 0.023466
0 0.257392 0.563989 0.019441 0.016065
0 0.235520 0.477437 0.022681 0.021300
0 0.117456 0.225271 0.021061 0.024188
0 0.686412 0.808213 0.023694 0.018231
0 0.285237 0.025542 0.024099 0.021841
0 0.306703 0.066336 0.022884 0.017509
0 0.425881 0.925903 0.023086 0.020758
0 0.809538 0.385379 0.018834 0.015884
0 0.524301 0.451444 0.023896 0.016245
0 0.046476 0.070939 0.024099 0.026715
0 0.569056 0.697924 0.026731 0.021119
0 0.733293 0.157130 0.022681 0.016065
0 0.639125 0.274458 0.022276 0.030144
0 0.138214 0.271209 0.020454 0.017509
0 0.427400 0.565614 0.022884 0.016787
0 0.143074 0.069856 0.021669 0.023105
0 0.164642 0.522924 0.022681 0.018773
0 0.356116 0.839170 0.020859 0.020939
0 0.883252 0.654874 0.021669 0.018412
0 0.810855 0.787004 0.021466 0.022022
0 0.189753 0.024910 0.019441 0.023105
0 0.425881 0.880054 0.022681 0.021841
0 0.736837 0.943141 0.026934 0.020939
0 0.927197 0.360830 0.021264 0.021661
0 0.811867 0.720307 0.020656 0.023646
0 0.569259 0.607671 0.020656 0.019314
0 0.238052 0.947202 0.024504 0.021841
0 0.928919 0.542780 0.021061 0.025632
0 0.355306 0.813177 0.023289 0.026715
0 0.307311 0.334386 0.020049 0.012816
0 0.905630 0.382671 0.024301 0.019134
0 0.834143 0.765072 0.023086 0.021480
0 0.282199 0.476173 0.022074 0.018773
0 0.883050 0.787365 0.020859 0.022022
0 0.711725 0.763718 0.022479 0.019134
0 0.688234 0.084747 0.023694 0.018592
0 0.733293 0.764801 0.016201 0.020578
0 0.092143 0.522383 0.020251 0.019495
0 0.809032 0.634477 0.021466 0.020578
0 0.379405 0.162726 0.025314 0.027617
0 0.789085 0.765433 0.020859 0.025812
0 0.737444 0.926625 0.026124 0.014621
0 0.834447 0.701354 0.023694 0.019314
0 0.926083 0.023827 0.021466 0.025993
0 0.615836 0.271480 0.021061 0.022022
0 0.260126 0.458935 0.023289 0.025090
0 0.883050 0.832852 0.021264 0.021661
0 0.403301 0.767238 0.023694 0.022563
0 0.284731 0.146480 0.025921 0.016787
0 0.285338 0.046390 0.026731 0.016968
0 0.857938 0.473195 0.021669 0.018953
0 0.116444 0.294585 0.022276 0.023466
0 0.883455 0.765162 0.022884 0.022744
0 0.522479 0.653339 0.018631 0.023646
0 0.906946 0.595668 0.023289 0.023466
0 0.764480 0.696570 0.022276 0.020217
0 0.522377 0.023014 0.020454 0.022202
0 0.261543 0.904242 0.018834 0.019314
0 0.238153 0.762726 0.016606 0.014982
0 0.947145 0.177166 0.025111 0.016065
0 0.906440 0.362184 0.022276 0.020758
0 0.949878 0.541877 0.021264 0.019495
0 0.571183 0.967870 0.025314 0.021661
0 0.640948 0.675000 0.018226 0.019314
0 0.188335 0.698014 0.018226 0.018051
0 0.451499 0.200000 0.023694 0.016245
0 0.426893 0.520939 0.027542 0.023827
0 0.639429 0.474278 0.021669 0.019314
0 0.905934 0.573827 0.021264 0.018773
0 0.210207 0.520758 0.021871 0.019856
0 0.304678 0.520126 0.022074 0.022563
0 0.140441 0.696661 0.022074 0.015704
0 0.931247 0.701534 0.022074 0.021119
0 0.092143 0.680505 0.023491 0.017329
0 0.786351 0.832852 0.020251 0.023105
0 0.427197 0.025361 0.023694 0.024368
0 0.641657 0.763718 0.020049 0.018412
0 0.884265 0.855957 0.021264 0.022022
0 0.760024 0.652256 0.019441 0.017509
0 0.190259 0.049549 0.021669 0.018953
0 0.712637 0.656498 0.021061 0.018773
0 0.786756 0.719314 0.017821 0.022022
0 0.808728 0.157401 0.023289 0.021300
0 0.211320 0.023105 0.022074 0.019495
0 0.070373 0.228339 0.024504 0.017690
0 0.946233 0.227978 0.025719 0.019134
0 0.238052 0.968863 0.022074 0.021841
0 0.545261 0.406588 0.022884 0.015343
0 0.283921 0.765975 0.021061 0.022563
0 0.664135 0.763357 0.015998 0.017690
0 0.786351 0.536552 0.021871 0.009928
0 0.403098 0.063899 0.022479 0.020578
0 0.450587 0.043592 0.024301 0.013177
0 0.663730 0.198285 0.024099 0.020397
0 0.282706 0.088357 0.024301 0.011011
0 0.931146 0.721119 0.025516 0.019856
0 0.211523 0.186101 0.024099 0.011552
0 0.567436 0.763718 0.021871 0.020939
0 0.522175 0.046390 0.017618 0.017329
0 0.282503 0.205054 0.021871 0.011191
0 0.831612 0.633213 0.030579 0.022744
0 0.954941 0.677527 0.022074 0.020758
0 0.475597 0.098917 0.023694 0.010469
0 0.262353 0.924639 0.021669 0.016787
0 0.712535 0.968321 0.022074 0.016426
0 0.378696 0.190253 0.020656 0.024188
0 0.405225 0.521119 0.023896 0.023827
0 0.808121 0.654874 0.019239 0.019495
0 0.858748 0.697834 0.020454 0.024910
0 0.785439 0.610379 0.021264 0.020397
0 0.281997 0.899639 0.029769 0.022744
0 0.216282 0.908213 0.027947 0.029061
0 0.259113 0.478881 0.020049 0.015162
0 0.590522 0.656769 0.018226 0.017148
0 0.784224 0.633755 0.020859 0.024549
0 0.811968 0.766426 0.021669 0.021300
0 0.211422 0.481137 0.020656 0.010289
0 0.930032 0.766516 0.022074 0.026895
0 0.835257 0.966516 0.022884 0.025451
0 0.862596 0.969224 0.024504 0.022924
0 0.401175 0.942509 0.025111 0.014621
0 0.507290 0.944765 0.029972 0.025271
0 0.810348 0.922383 0.021669 0.014079
0 0.211725 0.940794 0.023694 0.019134
0 0.074625 0.567419 0.013163 0.020397
0 0.947043 0.452437 0.018834 0.020397
0 0.450891 0.125000 0.024909 0.010650
0 0.928615 0.656949 0.022479 0.021480
0 0.684386 0.268953 0.024909 0.016968
0 0.088599 0.719765 0.024099 0.018231
0 0.378595 0.209025 0.022074 0.012635
0 0.139530 0.518682 0.023896 0.014621
0 0.928615 0.563448 0.020049 0.015704
0 0.402390 0.080505 0.024301 0.011913
0 0.450891 0.269765 0.024504 0.017870
0 0.426792 0.786462 0.023289 0.016606
0 0.546983 0.966968 0.020656 0.022022
0 0.379607 0.040523 0.023694 0.010289
0 0.156946 0.766155 0.017416 0.023646
0 0.427400 0.062906 0.022884 0.012455
0 0.238761 0.928610 0.023491 0.012455
0 0.308121 0.879242 0.021264 0.021300
0 0.448866 0.788087 0.022074 0.018773
0 0.786553 0.902617 0.022276 0.021841
0 0.926185 0.270668 0.020049 0.018231
0 0.784022 0.918863 0.026934 0.024729
0 0.952410 0.381498 0.022276 0.020758
0 0.760328 0.057942 0.024099 0.014079
0 0.186817 0.521390 0.019644 0.016426
0 0.787465 0.677708 0.019239 0.018953
0 0.119077 0.416065 0.016606 0.025993
0 0.953827 0.299097 0.019036 0.015162
0 0.861179 0.948014 0.020454 0.018773
0 0.153605 0.809025 0.024504 0.016606
0 0.154313 0.833213 0.025516 0.028881
0 0.811057 0.700271 0.021466 0.016426
0 0.903098 0.280505 0.023694 0.012635
0 0.904415 0.045758 0.019441 0.020758
0 0.949170 0.431949 0.021466 0.021661
0 0.097712 0.609386 0.016403 0.020578
0 0.546476 0.326083 0.024504 0.008123
0 0.808728 0.674910 0.020454 0.016968
0 0.589915 0.121841 0.025111 0.012996
0 0.783313 0.270307 0.020251 0.018592
0 0.426590 0.913899 0.022479 0.012996
0 0.212738 0.171300 0.024909 0.014801
0 0.950182 0.019495 0.027542 0.016968
0 0.905427 0.066787 0.023896 0.018051
0 0.903098 0.087906 0.014378 0.022383
0 0.905427 0.109206 0.021466 0.018051
0 0.973370 0.223827 0.023694 0.018051
0 0.283617 0.629964 0.026124 0.016968
0 0.975699 0.320939 0.021466 0.019134
0 0.978129 0.342238 0.023896 0.025632
0 0.975699 0.517960 0.021466 0.020036
0 0.886391 0.878430 0.026326 0.023285
