0 0.872879 0.074684 0.241012 0.131487
0 0.879781 0.208450 0.240437 0.138149
0 0.879781 0.343706 0.240437 0.134818
0 0.882514 0.488429 0.234973 0.132539
0 0.880788 0.637535 0.206787 0.110624
0 0.880069 0.782083 0.233535 0.139201
0 0.878919 0.930750 0.242163 0.138499
0 0.626690 0.070389 0.244464 0.133766
0 0.622951 0.214411 0.212252 0.141304
0 0.631004 0.362377 0.217429 0.137097
0 0.643658 0.495004 0.228358 0.128156
0 0.616624 0.641217 0.246189 0.155505
0 0.391142 0.079155 0.230083 0.146739
0 0.392867 0.219407 0.226632 0.129208
0 0.396606 0.359660 0.258844 0.144635
0 0.384814 0.496581 0.239287 0.107468
0 0.372304 0.625964 0.210239 0.118338
0 0.378487 0.778138 0.226632 0.144635
0 0.383952 0.918478 0.247915 0.142356
0 0.115761 0.064867 0.230946 0.129383
0 0.107995 0.204067 0.199310 0.120617
0 0.128703 0.350281 0.208513 0.141304
0 0.144809 0.502016 0.262583 0.135870
0 0.123238 0.653313 0.208513 0.146739
0 0.138481 0.789709 0.221168 0.130259
0 0.133161 0.932942 0.213978 0.134116
