0 0.694224 0.437413 0.110408 0.187815
0 0.696418 0.603500 0.098671 0.153086
0 0.694124 0.256011 0.111025 0.185411
0 0.698019 0.755556 0.098510 0.158530
0 0.565557 0.255085 0.118889 0.173154
0 0.431160 0.765276 0.110624 0.142525
0 0.433848 0.407047 0.109380 0.155158
0 0.563795 0.754490 0.097827 0.161970
0 0.300509 0.564394 0.103994 0.212350
0 0.432835 0.588549 0.101405 0.174717
0 0.298084 0.762135 0.107328 0.159884
0 0.565935 0.594865 0.113676 0.140508
0 0.301268 0.382716 0.098270 0.143340
0 0.566086 0.433295 0.104224 0.149040
0 0.431741 0.255758 0.111466 0.143829
0 0.299258 0.240452 0.083433 0.123700
