0 0.808819 0.077171 0.097638 0.086616
0 0.806457 0.175305 0.104882 0.081087
0 0.795276 0.269523 0.082520 0.074637
0 0.801260 0.363396 0.097638 0.079935
0 0.810394 0.453352 0.094488 0.080166
0 0.804252 0.547685 0.115591 0.088689
0 0.806614 0.642018 0.098898 0.080166
0 0.801260 0.739691 0.118425 0.071412
0 0.807244 0.829648 0.130394 0.075789
0 0.812598 0.920640 0.102047 0.084543
0 0.696220 0.072679 0.115591 0.086846
0 0.698425 0.168625 0.108031 0.083391
0 0.691024 0.260885 0.098898 0.070260
0 0.699370 0.361668 0.112441 0.074637
0 0.700157 0.450012 0.114016 0.071182
0 0.690394 0.548146 0.082520 0.079014
0 0.688819 0.652499 0.109606 0.076710
0 0.685669 0.744068 0.094488 0.088920
0 0.688031 0.833449 0.120000 0.074637
0 0.695591 0.927206 0.108031 0.062658
0 0.571024 0.075443 0.105197 0.087768
0 0.571811 0.173578 0.115591 0.090993
0 0.574803 0.266874 0.109606 0.084543
0 0.574803 0.360746 0.118425 0.092145
0 0.562047 0.447247 0.104882 0.061507
0 0.561417 0.546533 0.112441 0.064732
0 0.561260 0.644782 0.103307 0.076941
0 0.565197 0.746141 0.108031 0.088920
0 0.556850 0.846579 0.103307 0.083391
0 0.562835 0.933310 0.121575 0.079014
0 0.435433 0.073716 0.112441 0.077862
0 0.447244 0.168164 0.109606 0.077862
0 0.435433 0.260424 0.112441 0.093296
0 0.446614 0.351877 0.125984 0.079014
0 0.442835 0.435268 0.112756 0.070260
0 0.440630 0.546072 0.117165 0.096522
0 0.436063 0.644782 0.116850 0.085695
0 0.436063 0.738540 0.120000 0.097673
0 0.432441 0.834600 0.106457 0.081087
0 0.447402 0.927782 0.115591 0.090071
0 0.313071 0.068302 0.110866 0.075789
0 0.310079 0.160908 0.128819 0.105275
0 0.314488 0.261921 0.120000 0.076941
0 0.304724 0.353490 0.124409 0.090993
0 0.313858 0.446786 0.115591 0.093296
0 0.313858 0.547109 0.130709 0.089841
0 0.313858 0.643055 0.124409 0.093296
0 0.325039 0.739576 0.125984 0.090993
0 0.312283 0.826768 0.109291 0.074637
0 0.312441 0.928358 0.121575 0.088920
0 0.182520 0.072218 0.120000 0.079014
0 0.184252 0.169777 0.125984 0.089841
0 0.183307 0.263073 0.121575 0.092145
0 0.184882 0.364432 0.121575 0.091223
0 0.189449 0.464870 0.127559 0.076941
0 0.186299 0.548721 0.109291 0.086616
0 0.181102 0.639830 0.110866 0.078093
0 0.186299 0.741880 0.112441 0.104354
0 0.187874 0.838286 0.121260 0.099977
0 0.185669 0.932274 0.120000 0.081087
