0 0.836893 0.108582 0.326215 0.193171
0 0.847037 0.306367 0.305926 0.204860
0 0.847037 0.494156 0.305926 0.175023
0 0.847838 0.674408 0.304325 0.181175
0 0.850774 0.876500 0.298452 0.214396
0 0.505339 0.115657 0.344367 0.191941
0 0.525360 0.304214 0.340630 0.185789
0 0.527496 0.492002 0.322477 0.187942
0 0.543246 0.687635 0.324079 0.197170
0 0.533903 0.868502 0.302189 0.164565
0 0.186065 0.119809 0.298452 0.194094
0 0.201548 0.320209 0.318740 0.200554
0 0.210892 0.522301 0.307528 0.169794
0 0.207154 0.714703 0.325681 0.185481
0 0.202349 0.894033 0.335291 0.155952
