0 0.906299 0.067551 0.110919 0.110340
0 0.741564 0.056054 0.118879 0.087347
0 0.628136 0.161429 0.103478 0.103265
0 0.117235 0.063878 0.131684 0.108707
0 0.139730 0.843333 0.115764 0.105170
0 0.736806 0.654830 0.111092 0.100408
0 0.127444 0.944082 0.117148 0.089796
0 0.599585 0.582109 0.113168 0.089660
0 0.152795 0.554150 0.135318 0.133333
0 0.918671 0.701905 0.123205 0.102585
0 0.736373 0.543673 0.119225 0.099592
0 0.503634 0.388912 0.103305 0.077415
0 0.265703 0.702585 0.100883 0.089796
0 0.479495 0.830952 0.095864 0.065986
0 0.498097 0.048844 0.085655 0.074286
0 0.486070 0.484014 0.098633 0.081224
0 0.284046 0.162925 0.095691 0.086939
0 0.595605 0.832517 0.081329 0.065306
0 0.734124 0.753129 0.103305 0.086395
0 0.265876 0.955850 0.130299 0.073333
0 0.808531 0.416531 0.046894 0.036599
0 0.820990 0.529116 0.046894 0.045714
0 0.485378 0.760816 0.085482 0.059320
0 0.320903 0.347211 0.046894 0.038095
0 0.272019 0.540816 0.082367 0.057415
0 0.729625 0.224014 0.119225 0.076327
0 0.905174 0.188980 0.099325 0.111565
0 0.288026 0.881769 0.122686 0.071020
0 0.900156 0.811565 0.124589 0.099048
0 0.729019 0.436871 0.094826 0.085442
0 0.750303 0.138707 0.093442 0.075782
0 0.815799 0.632993 0.045164 0.041224
0 0.506749 0.280680 0.087385 0.093878
0 0.613687 0.937415 0.115764 0.120000
0 0.826181 0.041905 0.042741 0.032381
0 0.128223 0.712381 0.140163 0.146395
0 0.812338 0.738367 0.047932 0.047347
0 0.272712 0.264422 0.120090 0.096190
0 0.972141 0.058503 0.037377 0.040000
0 0.436840 0.342789 0.042741 0.044218
0 0.390119 0.132449 0.084963 0.140544
0 0.264752 0.060748 0.117321 0.107891
0 0.150112 0.321224 0.094307 0.074286
0 0.817096 0.313673 0.050528 0.051837
0 0.822634 0.125850 0.043606 0.039184
0 0.487195 0.936599 0.104343 0.115918
0 0.324451 0.482313 0.033570 0.038095
0 0.903703 0.302721 0.086693 0.102041
0 0.603738 0.481497 0.121820 0.098231
0 0.888649 0.597211 0.086347 0.098095
0 0.326527 0.868435 0.055373 0.045442
0 0.959595 0.397823 0.040318 0.053061
0 0.386572 0.039184 0.075446 0.043537
0 0.327479 0.036054 0.043087 0.033197
0 0.811040 0.827347 0.040838 0.047891
0 0.129348 0.196803 0.131684 0.144898
0 0.484426 0.576122 0.101921 0.088027
0 0.663523 0.904422 0.051393 0.053741
0 0.150286 0.426327 0.115764 0.105170
0 0.662398 0.451837 0.032532 0.040544
0 0.487541 0.675374 0.094653 0.090340
0 0.562987 0.036190 0.051393 0.039456
0 0.269164 0.800544 0.068697 0.083265
0 0.961758 0.286190 0.033916 0.039048
0 0.630645 0.363741 0.092230 0.077959
0 0.732307 0.953265 0.108669 0.081497
0 0.953020 0.684150 0.054162 0.054558
0 0.655390 0.670272 0.037896 0.041224
0 0.661274 0.820884 0.038934 0.029796
0 0.669233 0.375170 0.039280 0.037143
0 0.209379 0.809524 0.039453 0.044354
0 0.598460 0.751973 0.081156 0.066667
0 0.548105 0.461156 0.038242 0.042313
0 0.262848 0.612449 0.094480 0.063810
0 0.736806 0.856327 0.094480 0.107755
0 0.891763 0.450272 0.090500 0.178912
0 0.744160 0.327823 0.090500 0.107891
0 0.614380 0.271837 0.107804 0.096327
0 0.610919 0.052585 0.090500 0.103537
0 0.384669 0.283333 0.079945 0.073333
0 0.263540 0.374898 0.114553 0.126667
0 0.505191 0.148299 0.097076 0.127619
0 0.377314 0.409932 0.081156 0.175782
