0 0.936070 0.043784 0.055206 0.036507
0 0.935641 0.143164 0.049771 0.036745
0 0.347254 0.048199 0.036613 0.038177
0 0.880149 0.581961 0.033181 0.028633
0 0.239416 0.586018 0.036041 0.031496
0 0.489130 0.047841 0.036041 0.035075
0 0.130864 0.505369 0.033467 0.033405
0 0.774027 0.042830 0.038330 0.031257
0 0.936213 0.109401 0.057208 0.031257
0 0.452946 0.079337 0.032895 0.033166
0 0.417620 0.046528 0.036041 0.034359
0 0.417334 0.108805 0.037185 0.028633
0 0.737128 0.041756 0.030320 0.031019
0 0.703089 0.204009 0.036613 0.033882
0 0.167906 0.529945 0.032037 0.034837
0 0.488415 0.586614 0.035183 0.027440
0 0.934783 0.077428 0.056636 0.032212
0 0.883009 0.066213 0.039474 0.030303
0 0.844251 0.757099 0.034611 0.030064
0 0.807208 0.552374 0.034325 0.031496
0 0.561928 0.376640 0.036327 0.032689
0 0.452517 0.046409 0.032037 0.032212
0 0.491276 0.971129 0.035755 0.031496
0 0.097826 0.050346 0.036613 0.032928
0 0.098541 0.175137 0.032323 0.031973
0 0.668192 0.076473 0.033181 0.035552
0 0.525601 0.264018 0.038616 0.028871
0 0.596110 0.526247 0.035469 0.034121
0 0.451945 0.110713 0.033181 0.029110
0 0.600973 0.171200 0.035469 0.036030
0 0.919765 0.730375 0.037471 0.022906
0 0.773455 0.105345 0.037185 0.029826
0 0.239416 0.208065 0.036041 0.031019
0 0.172483 0.860892 0.034897 0.032450
0 0.807494 0.583393 0.036041 0.029110
0 0.884868 0.098306 0.040332 0.032928
0 0.667334 0.323908 0.036041 0.033166
0 0.810498 0.874493 0.037471 0.028156
0 0.314359 0.707230 0.033181 0.029587
0 0.734983 0.645550 0.032895 0.034121
0 0.381865 0.113338 0.034325 0.030542
0 0.597969 0.042949 0.032323 0.029587
0 0.952946 0.581365 0.036899 0.029349
0 0.736413 0.170842 0.032895 0.035791
0 0.883724 0.843116 0.034611 0.032212
0 0.524170 0.072894 0.035183 0.030303
0 0.277889 0.175495 0.034611 0.031257
0 0.599256 0.259246 0.036613 0.033166
0 0.956808 0.910880 0.032037 0.027440
0 0.809354 0.784658 0.035183 0.030303
0 0.415189 0.492603 0.035755 0.031257
0 0.634868 0.205679 0.031178 0.032450
0 0.523169 0.495705 0.036613 0.038416
0 0.346825 0.706275 0.028890 0.029587
0 0.734554 0.581246 0.036041 0.029110
0 0.808209 0.490098 0.034611 0.031019
0 0.811070 0.907182 0.034039 0.033405
0 0.418049 0.077786 0.037471 0.027201
0 0.880864 0.758649 0.032895 0.029826
0 0.773169 0.137915 0.035469 0.029110
0 0.737986 0.818898 0.033181 0.029110
0 0.207380 0.171797 0.034897 0.035791
0 0.345252 0.381890 0.030892 0.036030
0 0.772311 0.073491 0.036041 0.029587
0 0.381293 0.079933 0.034325 0.036268
0 0.704805 0.317347 0.036041 0.037223
0 0.806350 0.521355 0.033181 0.029110
0 0.138301 0.884514 0.036899 0.032450
0 0.098541 0.270699 0.034039 0.031257
0 0.276030 0.435815 0.036041 0.031257
0 0.206379 0.501074 0.035183 0.035314
0 0.167334 0.650084 0.032037 0.028871
0 0.561642 0.107969 0.035755 0.034598
0 0.523598 0.587807 0.033467 0.029349
0 0.313072 0.378788 0.034039 0.030303
0 0.449943 0.613935 0.036041 0.032928
0 0.204949 0.236698 0.032895 0.029110
0 0.805921 0.201265 0.031178 0.028871
0 0.312071 0.047363 0.031465 0.032689
0 0.806207 0.408614 0.032323 0.025054
0 0.525172 0.233357 0.036613 0.031973
0 0.598541 0.075638 0.032895 0.032928
0 0.810784 0.139585 0.034611 0.031973
0 0.701945 0.432832 0.034897 0.028156
0 0.242420 0.079814 0.033467 0.034598
0 0.701659 0.170007 0.034325 0.031257
0 0.701230 0.492603 0.037471 0.029826
0 0.098255 0.209258 0.031751 0.035791
0 0.810355 0.105106 0.038330 0.034121
0 0.522311 0.434025 0.035469 0.026724
0 0.346253 0.143880 0.034039 0.028633
0 0.134582 0.743379 0.032323 0.028871
0 0.953089 0.643283 0.030320 0.026724
0 0.380149 0.588881 0.033753 0.031496
0 0.560784 0.073849 0.036899 0.029349
0 0.915761 0.581961 0.032895 0.028156
0 0.598541 0.967072 0.035183 0.031019
0 0.525315 0.144118 0.035755 0.033405
0 0.313072 0.081007 0.031751 0.033644
0 0.669336 0.643403 0.033181 0.029349
0 0.843249 0.642687 0.032609 0.029826
0 0.484840 0.500477 0.032609 0.030780
0 0.097969 0.141732 0.032895 0.031496
0 0.878862 0.375209 0.030034 0.032212
0 0.847969 0.906824 0.034611 0.030780
0 0.168049 0.295634 0.034039 0.030542
0 0.632437 0.615724 0.034897 0.028394
0 0.524743 0.378191 0.033467 0.033405
0 0.278318 0.143880 0.031465 0.030064
0 0.774600 0.876760 0.029748 0.026485
0 0.916047 0.520520 0.033467 0.026485
0 0.669336 0.042711 0.035469 0.030064
0 0.489703 0.262825 0.032609 0.028394
0 0.345109 0.584467 0.031178 0.031735
0 0.413043 0.526127 0.031465 0.031019
0 0.844680 0.520282 0.034897 0.030303
0 0.703804 0.880100 0.031178 0.033644
0 0.631293 0.437127 0.032037 0.031973
0 0.524743 0.107134 0.032323 0.037700
0 0.594251 0.642209 0.033467 0.035552
0 0.282752 0.974827 0.036899 0.031257
0 0.239273 0.651634 0.031178 0.027678
0 0.701659 0.403006 0.033753 0.029110
0 0.246424 0.944763 0.036899 0.033644
0 0.598112 0.321403 0.039474 0.031019
0 0.166047 0.327130 0.032895 0.031973
0 0.244422 0.882725 0.035755 0.027917
0 0.279891 0.912073 0.034039 0.029349
0 0.415046 0.229778 0.039474 0.032928
0 0.169336 0.203173 0.033753 0.031257
0 0.700086 0.462062 0.035183 0.028394
0 0.485269 0.468146 0.032895 0.034359
0 0.704662 0.045097 0.032323 0.035314
0 0.452374 0.764137 0.035755 0.028871
0 0.597111 0.935457 0.031751 0.026963
0 0.771739 0.785373 0.033753 0.030303
0 0.737128 0.731448 0.033753 0.029349
0 0.596396 0.796469 0.036041 0.031496
0 0.633152 0.819494 0.034039 0.030780
0 0.772168 0.523861 0.031751 0.027440
0 0.596539 0.581603 0.036327 0.028871
0 0.279605 0.111310 0.035755 0.026008
0 0.599685 0.290384 0.037471 0.031019
0 0.204090 0.379026 0.035183 0.026963
0 0.099971 0.763302 0.035755 0.032450
0 0.415904 0.323073 0.036613 0.031973
0 0.807494 0.703889 0.032037 0.031496
0 0.172912 0.109878 0.035183 0.031735
0 0.132580 0.267001 0.031751 0.028633
0 0.241991 0.113457 0.036041 0.029349
0 0.312071 0.115128 0.030320 0.034598
0 0.132294 0.297184 0.031178 0.031735
0 0.415332 0.291816 0.034325 0.026247
0 0.808495 0.615724 0.030606 0.033166
0 0.204090 0.709377 0.032323 0.036268
0 0.132723 0.561441 0.032037 0.027201
0 0.883438 0.260081 0.039188 0.033405
0 0.345538 0.525054 0.029176 0.027917
0 0.601259 0.110356 0.038330 0.025531
0 0.207523 0.799571 0.035183 0.028633
0 0.381150 0.320091 0.032323 0.034121
0 0.138158 0.977929 0.033753 0.033644
0 0.413186 0.558578 0.030606 0.033405
0 0.059783 0.471129 0.035469 0.026963
0 0.594680 0.438678 0.030892 0.029826
0 0.600257 0.138630 0.038616 0.028633
0 0.170481 0.171797 0.034325 0.031973
0 0.807780 0.645669 0.032609 0.027678
0 0.526459 0.319136 0.038616 0.033166
0 0.490275 0.322238 0.033753 0.036030
0 0.953947 0.788595 0.033753 0.029587
0 0.918192 0.755786 0.034325 0.027917
0 0.316648 0.289788 0.034897 0.029826
0 0.133009 0.711525 0.031465 0.034837
0 0.414474 0.407182 0.034325 0.029349
0 0.842248 0.431997 0.031751 0.029349
0 0.488701 0.732641 0.033467 0.029349
0 0.168049 0.496898 0.036327 0.027440
0 0.278461 0.765808 0.038043 0.027440
0 0.772740 0.402171 0.031178 0.031257
0 0.809926 0.071582 0.035755 0.030542
0 0.559354 0.705679 0.032323 0.029826
0 0.452803 0.735863 0.036041 0.027201
0 0.207666 0.917800 0.034325 0.029349
0 0.526459 0.852422 0.034039 0.027917
0 0.491562 0.909091 0.032323 0.033405
0 0.843965 0.489143 0.032323 0.028156
0 0.241705 0.175495 0.033753 0.030780
0 0.241133 0.291577 0.034897 0.031019
0 0.204090 0.561203 0.031751 0.033405
0 0.062214 0.534001 0.035183 0.032928
0 0.208953 0.947149 0.036899 0.024576
0 0.954376 0.820449 0.033467 0.032212
0 0.560355 0.175137 0.035469 0.027201
0 0.668192 0.877237 0.032609 0.025531
0 0.277174 0.051420 0.036613 0.036030
0 0.413616 0.705440 0.032037 0.029349
0 0.487700 0.233715 0.032609 0.029826
0 0.314645 0.201265 0.037757 0.032212
0 0.097254 0.649845 0.037185 0.031257
0 0.275601 0.528633 0.032323 0.033644
0 0.485698 0.433190 0.032609 0.033644
0 0.557065 0.645311 0.032323 0.036030
0 0.490132 0.849081 0.036899 0.029826
0 0.240847 0.439752 0.033181 0.027678
0 0.631722 0.523503 0.036327 0.032928
0 0.062214 0.796827 0.038616 0.027440
0 0.558066 0.610833 0.030892 0.031019
0 0.843106 0.579217 0.030034 0.031257
0 0.807923 0.377953 0.033467 0.034359
0 0.167763 0.382248 0.033467 0.030064
0 0.133152 0.329516 0.030606 0.035314
0 0.312357 0.525531 0.030892 0.031735
0 0.561642 0.262467 0.033467 0.038177
0 0.449943 0.580410 0.036041 0.031257
0 0.135011 0.172274 0.036041 0.031973
0 0.558924 0.493677 0.034897 0.028156
0 0.667334 0.491887 0.033181 0.030780
0 0.737843 0.136722 0.033467 0.031019
0 0.669765 0.911477 0.033467 0.034837
0 0.169050 0.265211 0.033181 0.027917
0 0.807637 0.733238 0.030034 0.025770
0 0.452803 0.939871 0.033181 0.032928
0 0.380721 0.493677 0.040046 0.033882
0 0.097826 0.530900 0.033753 0.031973
0 0.632008 0.764018 0.033467 0.026247
0 0.701802 0.702696 0.031751 0.024815
0 0.166047 0.709735 0.032895 0.034121
0 0.770738 0.206753 0.032323 0.034121
0 0.631722 0.080768 0.030034 0.033166
0 0.634582 0.935099 0.038043 0.024815
0 0.312500 0.146982 0.030034 0.026247
0 0.914903 0.373181 0.031751 0.031496
0 0.316076 0.325937 0.036041 0.041040
0 0.205092 0.268432 0.033753 0.033882
0 0.771453 0.171319 0.035469 0.038654
0 0.060355 0.114173 0.036613 0.031257
0 0.524027 0.706991 0.031465 0.033882
0 0.883581 0.905631 0.033181 0.031735
0 0.312357 0.437485 0.033753 0.028871
0 0.170481 0.741231 0.034325 0.026963
0 0.703089 0.614293 0.033181 0.030780
0 0.667334 0.764137 0.030892 0.028394
0 0.526459 0.205440 0.038616 0.024338
0 0.841247 0.376402 0.028604 0.031257
0 0.879577 0.552613 0.032609 0.026724
0 0.846968 0.815319 0.031465 0.025770
0 0.736556 0.524219 0.030892 0.026247
0 0.489130 0.081126 0.032037 0.033882
0 0.526888 0.912789 0.033753 0.028394
0 0.880435 0.522548 0.034325 0.030064
0 0.487986 0.203770 0.036041 0.030064
0 0.700944 0.549869 0.034039 0.030780
0 0.488844 0.614889 0.040046 0.027678
0 0.740704 0.318420 0.034039 0.034121
0 0.668049 0.970890 0.030034 0.032450
0 0.633009 0.046409 0.029748 0.035075
0 0.209668 0.976736 0.040618 0.034598
0 0.240418 0.526247 0.038043 0.028871
0 0.454090 0.973515 0.035755 0.035791
0 0.560784 0.433906 0.035183 0.027440
0 0.449800 0.523026 0.037471 0.026247
0 0.315217 0.885827 0.033753 0.029349
0 0.562214 0.145550 0.038043 0.032450
0 0.489989 0.817585 0.030892 0.029349
0 0.379005 0.556550 0.032037 0.033166
0 0.312643 0.560129 0.032609 0.035552
0 0.452231 0.792412 0.033181 0.028633
0 0.812357 0.937724 0.034325 0.028633
0 0.486270 0.528275 0.033181 0.024815
0 0.416333 0.170365 0.033467 0.034359
0 0.667334 0.375686 0.030892 0.030303
0 0.205235 0.205321 0.030034 0.030780
0 0.096682 0.500119 0.036613 0.028633
0 0.847969 0.875209 0.034611 0.031496
0 0.556493 0.463970 0.030606 0.029826
0 0.138158 0.825340 0.037757 0.031973
0 0.277031 0.707826 0.031751 0.028871
0 0.705521 0.972202 0.035755 0.031735
0 0.557780 0.522548 0.029748 0.028633
0 0.668192 0.612980 0.034325 0.031496
0 0.810069 0.817585 0.033181 0.033166
0 0.600257 0.203054 0.037471 0.027678
0 0.273312 0.617394 0.032895 0.030303
0 0.311499 0.647220 0.029176 0.030780
0 0.242420 0.823312 0.035183 0.027440
0 0.384439 0.912312 0.030892 0.031735
0 0.775458 0.907540 0.034325 0.029826
0 0.773312 0.462539 0.031178 0.027917
0 0.205664 0.439394 0.033181 0.028871
0 0.243993 0.913028 0.036041 0.028871
0 0.061928 0.567526 0.035755 0.031735
0 0.702374 0.795634 0.034039 0.024099
0 0.736413 0.552493 0.035183 0.027440
0 0.597254 0.736220 0.039474 0.030303
0 0.451516 0.706753 0.036899 0.032928
0 0.312500 0.735743 0.030034 0.027917
0 0.241276 0.736698 0.037471 0.025531
0 0.205807 0.649845 0.035755 0.031257
0 0.064073 0.884634 0.036613 0.030303
0 0.455807 0.821761 0.037471 0.030542
0 0.886728 0.227869 0.038330 0.031019
0 0.525315 0.822357 0.032895 0.028871
0 0.557780 0.551897 0.033181 0.030064
0 0.774314 0.321284 0.027460 0.030303
0 0.488844 0.112861 0.032609 0.028156
0 0.666190 0.145073 0.032609 0.028633
0 0.771739 0.641374 0.032037 0.031973
0 0.955378 0.702338 0.034325 0.032212
0 0.527317 0.882367 0.032323 0.031973
0 0.099542 0.822477 0.036041 0.028633
0 0.275315 0.648652 0.035755 0.028871
0 0.630578 0.493438 0.031751 0.025292
0 0.665761 0.175257 0.030606 0.029826
0 0.208381 0.857671 0.036899 0.026963
0 0.593965 0.467072 0.036327 0.027440
0 0.169622 0.563231 0.034897 0.032212
0 0.700658 0.765688 0.033467 0.036268
0 0.773169 0.432594 0.031465 0.026724
0 0.205092 0.469220 0.033753 0.027440
0 0.130006 0.379146 0.032895 0.029587
0 0.524886 0.738129 0.034325 0.030303
0 0.240275 0.381055 0.030320 0.032928
0 0.881150 0.731329 0.035755 0.023861
0 0.316362 0.260320 0.032609 0.029110
0 0.275458 0.468146 0.032037 0.031496
0 0.525458 0.176569 0.032037 0.031496
0 0.702517 0.139466 0.032037 0.026963
0 0.275601 0.207826 0.035183 0.033405
0 0.773598 0.701265 0.034039 0.024338
0 0.241848 0.047960 0.035755 0.031019
0 0.059354 0.048795 0.040332 0.031735
0 0.276459 0.377953 0.036327 0.026724
0 0.736413 0.203054 0.029462 0.026724
0 0.808924 0.317824 0.035469 0.031019
0 0.527603 0.970055 0.035755 0.030303
0 0.208238 0.887855 0.032037 0.031973
0 0.382437 0.853257 0.034325 0.027678
0 0.413616 0.592699 0.030892 0.033405
0 0.241276 0.411596 0.034611 0.028156
0 0.345109 0.494512 0.032323 0.030303
0 0.666190 0.552016 0.031465 0.029826
0 0.737557 0.106299 0.031751 0.026485
0 0.843535 0.611787 0.033753 0.027201
0 0.317363 0.914937 0.037471 0.029826
0 0.170767 0.440587 0.039474 0.025531
0 0.918621 0.786089 0.031178 0.030303
0 0.773312 0.294202 0.032895 0.022429
0 0.204519 0.621570 0.033181 0.027201
0 0.635011 0.260320 0.032609 0.029587
0 0.315074 0.853734 0.034611 0.034837
0 0.486699 0.556908 0.030034 0.030542
0 0.669622 0.238845 0.034325 0.028156
0 0.205521 0.829754 0.031178 0.029349
0 0.702660 0.939633 0.032895 0.031496
0 0.203661 0.740157 0.029176 0.026724
0 0.737128 0.403126 0.033181 0.028394
0 0.527174 0.940110 0.034325 0.027678
0 0.741991 0.879623 0.041190 0.034121
0 0.773312 0.267359 0.032323 0.030303
0 0.737700 0.498091 0.033753 0.028871
0 0.309783 0.492484 0.032609 0.029587
0 0.414331 0.789191 0.032895 0.031735
0 0.564073 0.971964 0.035469 0.033166
0 0.312643 0.591267 0.030320 0.025770
0 0.562929 0.042949 0.036613 0.028633
0 0.063215 0.916965 0.038902 0.031019
0 0.059497 0.414221 0.032609 0.029587
0 0.842820 0.200191 0.034611 0.034359
0 0.130006 0.410523 0.031751 0.026008
0 0.275172 0.587449 0.035469 0.028156
0 0.451087 0.288595 0.032037 0.028394
0 0.063787 0.324624 0.040046 0.029349
0 0.489703 0.141016 0.032609 0.024338
0 0.703089 0.821761 0.032037 0.024815
0 0.204949 0.591506 0.031751 0.028633
0 0.099828 0.914340 0.033181 0.034837
0 0.415761 0.461704 0.038043 0.026724
0 0.841962 0.404199 0.029462 0.023861
0 0.737128 0.847888 0.032609 0.026485
0 0.922054 0.904199 0.039188 0.030303
0 0.918192 0.643760 0.037185 0.027201
0 0.316791 0.944524 0.031178 0.031257
0 0.418335 0.262586 0.038043 0.032689
0 0.349971 0.175257 0.034039 0.033644
0 0.133152 0.649845 0.032323 0.032689
0 0.810212 0.286328 0.039760 0.023861
0 0.739273 0.285373 0.036899 0.023383
0 0.059640 0.744094 0.032323 0.026963
0 0.060784 0.651038 0.034039 0.030303
0 0.523026 0.529229 0.035755 0.029587
0 0.701516 0.645431 0.031751 0.031496
0 0.100686 0.948103 0.033753 0.030303
0 0.346682 0.735982 0.030320 0.024099
0 0.413759 0.621689 0.029462 0.024576
0 0.736127 0.372465 0.030606 0.028633
0 0.630864 0.707707 0.031751 0.032450
0 0.667334 0.401575 0.032609 0.021952
0 0.313358 0.230971 0.033467 0.029587
0 0.167477 0.467072 0.035183 0.026963
0 0.240275 0.493796 0.032037 0.033166
0 0.131865 0.535194 0.031465 0.023383
0 0.704090 0.910880 0.031751 0.026008
0 0.414903 0.434264 0.034039 0.022906
0 0.061070 0.384753 0.035183 0.031257
0 0.062786 0.176211 0.034611 0.030303
0 0.348255 0.295156 0.027174 0.028156
0 0.883724 0.133262 0.035183 0.035075
0 0.414760 0.377595 0.033181 0.029349
0 0.917620 0.612980 0.034325 0.032450
0 0.593822 0.705440 0.030892 0.030780
0 0.060069 0.081842 0.033753 0.033405
0 0.489130 0.760439 0.033181 0.024815
0 0.449657 0.380458 0.029748 0.035075
0 0.452803 0.139823 0.036613 0.030064
0 0.060355 0.501670 0.030320 0.032212
0 0.133438 0.618945 0.030034 0.031019
0 0.773741 0.493558 0.029748 0.034121
0 0.737700 0.072894 0.032037 0.034598
0 0.171482 0.825817 0.031751 0.037223
0 0.348827 0.880220 0.032895 0.029110
0 0.487128 0.787759 0.031465 0.027440
0 0.523026 0.406943 0.031751 0.025531
0 0.632151 0.555118 0.031465 0.025531
0 0.138301 0.855047 0.033467 0.026963
0 0.172769 0.916846 0.030320 0.029826
0 0.169622 0.235027 0.032609 0.026724
0 0.701087 0.732045 0.029176 0.030064
0 0.702946 0.076235 0.032323 0.025054
0 0.701945 0.520759 0.036041 0.026485
0 0.634296 0.966476 0.032895 0.036030
0 0.842820 0.229301 0.032895 0.027201
0 0.447654 0.495824 0.030320 0.029110
0 0.773884 0.551300 0.032323 0.024576
0 0.489703 0.939990 0.030892 0.028871
0 0.486842 0.402887 0.033753 0.025531
0 0.137157 0.795872 0.031751 0.028871
0 0.135870 0.110594 0.033181 0.035552
0 0.351545 0.973395 0.036613 0.027917
0 0.345967 0.111071 0.035755 0.030303
0 0.847397 0.844548 0.032323 0.027917
0 0.594251 0.493796 0.034611 0.027917
0 0.490561 0.878191 0.034897 0.029349
0 0.668192 0.705440 0.033753 0.029826
0 0.740418 0.937366 0.037471 0.025054
0 0.062071 0.144596 0.039474 0.029587
0 0.779319 0.967907 0.040332 0.026008
0 0.206236 0.769029 0.032609 0.030542
0 0.171196 0.793844 0.033467 0.025292
0 0.632723 0.584705 0.032609 0.031257
0 0.737414 0.468623 0.034897 0.034359
0 0.739130 0.967788 0.037185 0.033882
0 0.134725 0.589955 0.033181 0.024576
0 0.736842 0.258888 0.030892 0.026247
0 0.882580 0.874016 0.030606 0.029110
0 0.669336 0.849201 0.034897 0.027678
0 0.132866 0.205202 0.033467 0.031019
0 0.632437 0.791100 0.033181 0.026008
0 0.807494 0.433309 0.033753 0.024338
0 0.454662 0.258888 0.039188 0.024815
0 0.956808 0.942019 0.033753 0.034837
0 0.487128 0.646862 0.036041 0.031973
0 0.167620 0.411119 0.032037 0.027678
0 0.850973 0.969458 0.038902 0.031973
0 0.562500 0.229659 0.038616 0.023145
0 0.667191 0.266404 0.027174 0.027440
0 0.956665 0.733596 0.034611 0.027440
0 0.881007 0.463493 0.034325 0.031735
0 0.561070 0.322238 0.030034 0.026963
0 0.917620 0.702816 0.029748 0.027917
0 0.956808 0.880577 0.032609 0.030303
0 0.633581 0.113457 0.029176 0.029826
0 0.348684 0.851825 0.032037 0.026247
0 0.131436 0.471606 0.035755 0.032689
0 0.668335 0.112980 0.035183 0.034121
0 0.417477 0.911358 0.035183 0.031735
0 0.735412 0.611191 0.028032 0.027917
0 0.278461 0.793367 0.032895 0.027201
0 0.448942 0.466118 0.032323 0.032212
0 0.668478 0.790981 0.032609 0.025292
0 0.919622 0.873300 0.036613 0.028156
0 0.815360 0.968027 0.035755 0.031019
0 0.880721 0.610833 0.034325 0.025292
0 0.277174 0.852422 0.029748 0.030303
0 0.667763 0.735147 0.031178 0.031019
0 0.773169 0.730852 0.034325 0.030064
0 0.668621 0.818778 0.028318 0.030780
0 0.098684 0.299571 0.030320 0.026008
0 0.562357 0.939275 0.033181 0.030780
0 0.953375 0.548556 0.033753 0.035314
0 0.774600 0.611429 0.035469 0.026485
0 0.523026 0.557981 0.032895 0.031257
0 0.845538 0.785731 0.031465 0.026724
0 0.667906 0.581961 0.034897 0.028633
0 0.384582 0.943570 0.033467 0.031257
0 0.451802 0.645550 0.037471 0.029349
0 0.063072 0.824743 0.034039 0.027917
0 0.560069 0.820806 0.029748 0.027201
0 0.312071 0.407779 0.031465 0.026724
0 0.595252 0.828084 0.032609 0.032689
0 0.060641 0.442854 0.032609 0.026724
0 0.916476 0.489263 0.036041 0.024576
0 0.413759 0.647697 0.030034 0.028871
0 0.275172 0.559890 0.031465 0.027917
0 0.241562 0.325817 0.032323 0.034598
0 0.667048 0.209258 0.032037 0.030064
0 0.137300 0.916368 0.037757 0.027917
0 0.915618 0.551539 0.029176 0.030780
0 0.448942 0.550346 0.034611 0.026963
0 0.953518 0.486280 0.033467 0.026724
0 0.417477 0.849559 0.031751 0.030303
0 0.061928 0.268194 0.034039 0.031973
0 0.347111 0.790742 0.035183 0.026247
0 0.099971 0.882963 0.036327 0.024576
0 0.274600 0.498688 0.032609 0.024338
0 0.489416 0.290384 0.032037 0.025770
0 0.841962 0.460988 0.037471 0.023383
0 0.456522 0.907301 0.034897 0.030780
0 0.097826 0.707588 0.035469 0.030303
0 0.349828 0.942138 0.033753 0.035075
0 0.953375 0.613577 0.029176 0.029826
0 0.170195 0.767359 0.030892 0.024815
0 0.633724 0.143164 0.028890 0.028156
0 0.632151 0.643641 0.036613 0.026485
0 0.882437 0.703531 0.029748 0.031257
0 0.881007 0.642567 0.034325 0.028156
0 0.207380 0.077666 0.031465 0.030303
0 0.095824 0.441303 0.032609 0.025054
0 0.522025 0.461823 0.032037 0.026008
0 0.595109 0.555476 0.035755 0.023383
0 0.700944 0.581842 0.029462 0.029826
0 0.560641 0.847888 0.030320 0.026963
0 0.846825 0.702816 0.041476 0.028871
0 0.382723 0.882128 0.033181 0.025292
0 0.242134 0.852660 0.029462 0.028871
0 0.416619 0.138034 0.035183 0.025531
0 0.772597 0.818540 0.032609 0.030303
0 0.314931 0.173944 0.037185 0.023861
0 0.094966 0.411119 0.029748 0.027678
0 0.921768 0.934741 0.039188 0.026485
0 0.137443 0.770580 0.035755 0.023622
0 0.207094 0.140420 0.031465 0.024099
0 0.062214 0.597351 0.035755 0.027440
0 0.915761 0.459437 0.028890 0.027917
0 0.205235 0.302672 0.031178 0.032689
0 0.597540 0.376640 0.030320 0.024576
0 0.955664 0.759843 0.036041 0.025054
0 0.204805 0.331663 0.039474 0.024815
0 0.735984 0.231090 0.036041 0.025054
0 0.807208 0.260081 0.029748 0.025770
0 0.560641 0.406347 0.038330 0.028156
0 0.311499 0.465163 0.034897 0.023145
0 0.558924 0.734670 0.030320 0.028156
0 0.634868 0.908136 0.039760 0.024815
0 0.635441 0.233954 0.032895 0.024099
0 0.238415 0.619900 0.028890 0.030542
0 0.097254 0.561083 0.033181 0.026008
0 0.704233 0.850274 0.032609 0.027917
0 0.380149 0.287282 0.031465 0.029110
0 0.103690 0.976497 0.035755 0.028394
0 0.736985 0.703412 0.032323 0.027201
0 0.772311 0.580768 0.030320 0.031973
0 0.097397 0.080172 0.031751 0.026247
0 0.702088 0.235863 0.031178 0.027440
0 0.280463 0.326772 0.038616 0.026008
0 0.278747 0.882725 0.033467 0.028394
0 0.630864 0.406347 0.029462 0.028156
0 0.736556 0.790503 0.028604 0.027201
0 0.808495 0.847053 0.030034 0.026247
0 0.488129 0.374135 0.036899 0.027201
0 0.205092 0.408733 0.033181 0.030542
0 0.347397 0.763064 0.035183 0.029587
0 0.418907 0.201265 0.036899 0.023622
0 0.846682 0.937485 0.034325 0.031019
0 0.702374 0.286209 0.032895 0.023622
0 0.095967 0.381532 0.034611 0.029110
0 0.172769 0.976617 0.032609 0.027201
0 0.098827 0.590432 0.033467 0.027917
0 0.525601 0.794083 0.036327 0.029110
0 0.525601 0.289668 0.030606 0.024338
0 0.918907 0.844786 0.031178 0.025531
0 0.879720 0.433667 0.034039 0.028394
0 0.099542 0.617275 0.036041 0.025292
0 0.381293 0.619542 0.029748 0.033166
0 0.775172 0.936769 0.033181 0.029587
0 0.063072 0.947268 0.038616 0.027201
0 0.380864 0.258172 0.028318 0.027678
0 0.596682 0.407063 0.031465 0.033882
0 0.276316 0.405035 0.033753 0.028394
0 0.277603 0.081484 0.031178 0.025054
0 0.103690 0.853615 0.035755 0.031735
0 0.702088 0.371033 0.035755 0.026724
0 0.630721 0.466237 0.029748 0.027201
0 0.172626 0.947626 0.032323 0.029826
0 0.169479 0.592579 0.034611 0.024099
0 0.241705 0.144238 0.036613 0.029349
0 0.136871 0.945240 0.033467 0.030780
0 0.736985 0.761155 0.031751 0.029587
0 0.383867 0.763183 0.035469 0.023145
0 0.843392 0.549034 0.035755 0.024815
0 0.277746 0.821522 0.032037 0.028633
0 0.486842 0.704724 0.029748 0.029349
0 0.807351 0.231448 0.032323 0.028156
0 0.737700 0.433429 0.032609 0.034121
0 0.381436 0.201623 0.029462 0.029587
0 0.773169 0.848843 0.028604 0.027917
0 0.345681 0.645073 0.037471 0.029826
0 0.132151 0.049034 0.028032 0.027917
0 0.455521 0.322835 0.036327 0.028633
0 0.633295 0.377118 0.036041 0.030780
0 0.738415 0.909687 0.032323 0.027917
0 0.100973 0.327368 0.036041 0.027201
0 0.452946 0.226796 0.031178 0.027917
0 0.098970 0.109282 0.037185 0.025292
0 0.133438 0.143283 0.032895 0.026485
0 0.170481 0.139943 0.030892 0.025531
0 0.843678 0.728346 0.030606 0.025054
0 0.312071 0.617752 0.033753 0.027678
0 0.488415 0.171081 0.035183 0.030542
0 0.595252 0.611906 0.034897 0.026485
0 0.633581 0.320687 0.031465 0.030542
0 0.418621 0.973515 0.037471 0.034837
0 0.918478 0.816273 0.030320 0.030542
0 0.702517 0.261632 0.034325 0.023622
0 0.099399 0.734670 0.034039 0.023383
0 0.379148 0.378549 0.032895 0.028871
0 0.632294 0.173944 0.028318 0.031019
0 0.063787 0.854092 0.037185 0.028394
0 0.667477 0.523503 0.032895 0.024815
0 0.561213 0.203770 0.031465 0.026724
0 0.560927 0.876402 0.029748 0.030542
0 0.632723 0.879623 0.030320 0.027917
0 0.061928 0.623002 0.035183 0.025292
0 0.344680 0.554999 0.032037 0.025770
0 0.318078 0.975901 0.030320 0.031019
0 0.560498 0.908614 0.030606 0.031019
0 0.381436 0.046528 0.027746 0.028633
0 0.380864 0.707826 0.031178 0.032212
0 0.384010 0.973992 0.032323 0.028633
0 0.664903 0.460391 0.031751 0.032212
0 0.525029 0.042353 0.029462 0.026485
0 0.772311 0.758053 0.032037 0.023861
0 0.594537 0.765688 0.029462 0.029110
0 0.239416 0.708542 0.029748 0.030303
0 0.135011 0.079575 0.036041 0.024099
0 0.558638 0.791219 0.031465 0.030064
0 0.377717 0.433190 0.033467 0.025531
0 0.381579 0.143164 0.030892 0.027678
0 0.950944 0.371749 0.030606 0.027201
0 0.381865 0.790623 0.029748 0.029349
0 0.630864 0.736220 0.029462 0.025531
0 0.772311 0.373896 0.028032 0.022429
0 0.921339 0.967072 0.034325 0.028156
0 0.879720 0.037103 0.034611 0.024576
0 0.378862 0.526366 0.031178 0.026724
0 0.805921 0.461346 0.028890 0.025054
0 0.885154 0.810666 0.038043 0.028394
0 0.172912 0.888929 0.030034 0.025531
0 0.384725 0.823670 0.036613 0.032450
0 0.241848 0.238368 0.034039 0.025770
0 0.879434 0.405870 0.032323 0.029110
0 0.282752 0.943570 0.039760 0.029826
0 0.240418 0.763541 0.031751 0.028156
0 0.452660 0.193749 0.031178 0.027678
0 0.953947 0.456693 0.036613 0.028633
0 0.413759 0.757456 0.035183 0.029349
0 0.134725 0.236101 0.032609 0.029826
0 0.954662 0.850394 0.029462 0.026247
0 0.558638 0.581246 0.033753 0.027678
0 0.771310 0.237533 0.033467 0.028871
0 0.880006 0.491649 0.031178 0.025054
0 0.600830 0.232045 0.032323 0.023145
0 0.632437 0.850632 0.034325 0.027678
0 0.381865 0.171916 0.028604 0.028871
0 0.842820 0.259007 0.032895 0.027917
0 0.276745 0.736817 0.029462 0.028156
0 0.596825 0.904557 0.031751 0.025292
0 0.417763 0.820091 0.032895 0.028633
0 0.094823 0.469220 0.028318 0.028871
0 0.562214 0.295037 0.027746 0.026485
0 0.524743 0.617752 0.032895 0.031019
0 0.352117 0.818778 0.037185 0.028394
0 0.455950 0.878072 0.036613 0.023861
0 0.809926 0.039370 0.031178 0.024338
0 0.063072 0.769864 0.038043 0.024576
0 0.060498 0.712360 0.031751 0.033166
0 0.350973 0.206156 0.032609 0.028156
0 0.129863 0.439394 0.032037 0.032212
0 0.665475 0.293247 0.032323 0.024338
0 0.204090 0.049630 0.036899 0.026247
0 0.523455 0.765927 0.028604 0.027201
0 0.808352 0.170962 0.029176 0.028871
0 0.882294 0.936650 0.032323 0.027917
0 0.378862 0.407898 0.034039 0.025531
0 0.381007 0.229420 0.029176 0.022668
0 0.634725 0.287640 0.034325 0.026008
0 0.278604 0.269625 0.036041 0.031019
0 0.884010 0.785970 0.036327 0.023383
0 0.416047 0.942138 0.034039 0.029826
0 0.701802 0.106538 0.027746 0.030303
0 0.063358 0.974469 0.036327 0.024338
0 0.277889 0.298735 0.032895 0.028156
0 0.313930 0.763064 0.030606 0.026724
0 0.380721 0.736817 0.027460 0.024815
0 0.061928 0.208661 0.035183 0.035075
0 0.667048 0.426509 0.030892 0.021713
0 0.594966 0.856836 0.032609 0.023861
0 0.558638 0.761632 0.030892 0.026247
0 0.668621 0.941541 0.032323 0.024338
0 0.915189 0.400620 0.033467 0.022906
0 0.206093 0.111906 0.026602 0.027678
0 0.379577 0.649010 0.028604 0.027201
0 0.887157 0.964209 0.039760 0.025770
0 0.950658 0.401813 0.035755 0.021952
0 0.100400 0.240515 0.033181 0.027678
0 0.167191 0.619900 0.027746 0.028633
0 0.240847 0.264018 0.028032 0.022190
0 0.313787 0.815080 0.032037 0.029110
0 0.953661 0.515271 0.030892 0.023622
0 0.452517 0.850990 0.032037 0.026963
0 0.240847 0.466476 0.034325 0.020997
0 0.239846 0.553329 0.035183 0.022906
0 0.808924 0.757099 0.035469 0.021952
0 0.349399 0.326294 0.035183 0.026963
0 0.379577 0.462539 0.032037 0.028871
0 0.099971 0.792890 0.036327 0.021952
0 0.246997 0.976378 0.033467 0.024338
0 0.203661 0.532093 0.028032 0.022906
0 0.063358 0.239084 0.037471 0.026247
0 0.453232 0.168218 0.034039 0.022429
0 0.595967 0.878549 0.032895 0.022906
0 0.523598 0.645431 0.030606 0.026724
0 0.345681 0.466834 0.030606 0.020759
0 0.916619 0.427106 0.035183 0.026724
0 0.349828 0.263541 0.026888 0.030780
0 0.346968 0.614173 0.031465 0.018611
0 0.937929 0.174063 0.052059 0.024099
0 0.242706 0.793725 0.035183 0.025531
0 0.167191 0.047363 0.029462 0.027917
0 0.450515 0.424242 0.034897 0.048676
0 0.062500 0.294798 0.038043 0.016941
0 0.956665 0.972918 0.035755 0.026008
0 0.884439 0.161537 0.039474 0.020043
0 0.173770 0.079456 0.036327 0.025770
0 0.416476 0.732999 0.036041 0.020997
0 0.344251 0.417204 0.031178 0.032689
0 0.313072 0.790146 0.032323 0.016464
0 0.416047 0.877953 0.032323 0.026963
0 0.278175 0.240157 0.036899 0.030303
0 0.346253 0.080649 0.027174 0.022429
0 0.953089 0.427106 0.034897 0.023861
0 0.349399 0.908136 0.033467 0.018134
0 0.351688 0.235266 0.031178 0.025292
0 0.346253 0.444882 0.032323 0.026963
