0 0.926198 0.136741 0.048384 0.050511
0 0.922854 0.185207 0.046154 0.049790
0 0.926198 0.233734 0.045262 0.048948
0 0.925808 0.279014 0.043144 0.052916
0 0.926198 0.330307 0.039465 0.049669
0 0.926533 0.383223 0.044593 0.051353
0 0.924693 0.436560 0.045373 0.055322
0 0.922854 0.489477 0.044593 0.050511
0 0.925864 0.539567 0.049052 0.051353
0 0.923969 0.586891 0.043924 0.057727
0 0.924749 0.639387 0.046823 0.052075
0 0.922129 0.687913 0.052062 0.049790
0 0.921349 0.740830 0.047603 0.054600
0 0.922854 0.792965 0.047492 0.049669
0 0.920234 0.839447 0.045373 0.049790
0 0.920624 0.891521 0.049052 0.052916
0 0.879041 0.230908 0.044593 0.051233
0 0.879041 0.281058 0.049052 0.050511
0 0.877926 0.331930 0.046823 0.046422
0 0.872687 0.384847 0.051282 0.056043
0 0.871572 0.438605 0.047492 0.052916
0 0.873802 0.487432 0.049052 0.052916
0 0.871572 0.536380 0.055072 0.046422
0 0.871572 0.586891 0.049052 0.052916
0 0.871237 0.639808 0.051282 0.052916
0 0.872687 0.690679 0.054181 0.050511
0 0.871962 0.741251 0.054292 0.053758
0 0.869732 0.790138 0.045373 0.053638
0 0.870847 0.843055 0.052062 0.053638
0 0.869008 0.893927 0.046823 0.048106
0 0.819175 0.587673 0.048384 0.056164
0 0.822129 0.641431 0.048272 0.049669
0 0.818450 0.693085 0.049833 0.055322
0 0.818841 0.744438 0.049052 0.050511
0 0.819175 0.791341 0.049721 0.044979
0 0.819175 0.844678 0.046823 0.052075
0 0.816611 0.888755 0.044593 0.048827
0 0.666834 0.380457 0.043813 0.053758
0 0.668673 0.437342 0.044593 0.047264
0 0.667949 0.490679 0.038685 0.052916
0 0.669788 0.539988 0.048384 0.050511
0 0.667559 0.590078 0.045262 0.049669
0 0.667893 0.641010 0.049052 0.057005
0 0.667949 0.693927 0.046042 0.048827
0 0.668673 0.744799 0.056410 0.052916
0 0.416332 0.207637 0.061650 0.065785
0 0.419677 0.261395 0.059420 0.051353
0 0.414103 0.320746 0.052731 0.062538
0 0.424916 0.389236 0.041583 0.052075
0 0.424916 0.447805 0.037124 0.047264
0 0.413712 0.510343 0.057971 0.052075
0 0.413768 0.570836 0.065440 0.060974
0 0.414883 0.636560 0.066109 0.062538
0 0.414103 0.697054 0.061650 0.060132
0 0.411538 0.755262 0.054961 0.060854
0 0.414493 0.813410 0.062430 0.061696
0 0.413378 0.877150 0.057302 0.064101
0 0.349443 0.200421 0.057191 0.054480
0 0.346098 0.263800 0.059420 0.070595
0 0.347603 0.325496 0.053512 0.065785
0 0.347993 0.387252 0.058751 0.056043
0 0.346098 0.447745 0.054961 0.060132
0 0.346488 0.510343 0.057302 0.063379
0 0.342363 0.572459 0.057971 0.062538
0 0.345764 0.634155 0.061650 0.062538
0 0.342754 0.695911 0.063211 0.064101
0 0.345373 0.758449 0.056410 0.060974
0 0.344259 0.819423 0.055741 0.054480
0 0.345373 0.878713 0.063991 0.060974
0 0.283333 0.203608 0.054292 0.062538
0 0.278818 0.265424 0.055741 0.062538
0 0.285897 0.326699 0.056522 0.056885
0 0.282609 0.384847 0.051282 0.065664
0 0.278874 0.448226 0.052731 0.067348
0 0.279933 0.513530 0.053512 0.069753
0 0.276254 0.572038 0.059532 0.058569
0 0.276254 0.633794 0.057971 0.064943
0 0.277369 0.695129 0.058640 0.057727
0 0.280713 0.755683 0.056410 0.047264
0 0.278149 0.816597 0.055741 0.072880
0 0.283668 0.881179 0.056522 0.062538
0 0.219398 0.201684 0.055741 0.064943
0 0.218673 0.263800 0.058751 0.054480
0 0.216834 0.326338 0.057971 0.065785
0 0.218283 0.387252 0.053512 0.067348
0 0.217893 0.448226 0.054292 0.062538
0 0.213824 0.571678 0.053512 0.060974
0 0.213824 0.630186 0.060870 0.059411
0 0.214939 0.691521 0.055741 0.063259
0 0.214214 0.756464 0.058751 0.064943
0 0.216444 0.816176 0.054292 0.051353
0 0.213489 0.880698 0.055741 0.074564
0 0.156577 0.203247 0.052062 0.060132
0 0.151728 0.263379 0.046823 0.061816
0 0.154404 0.327541 0.057971 0.058569
0 0.153623 0.391642 0.055072 0.068190
0 0.151728 0.452616 0.055741 0.061696
0 0.150948 0.508659 0.055741 0.056885
0 0.151003 0.570896 0.058751 0.062538
0 0.152118 0.633013 0.059420 0.061696
0 0.150279 0.696332 0.052843 0.060132
0 0.147659 0.758088 0.052062 0.063379
0 0.149498 0.816176 0.060201 0.064101
0 0.147715 0.877150 0.057971 0.060974
0 0.086734 0.199639 0.049052 0.060854
0 0.081159 0.262538 0.052843 0.060132
0 0.083389 0.324293 0.049721 0.066506
0 0.081550 0.385628 0.052062 0.064101
0 0.082274 0.446182 0.055072 0.061816
0 0.080379 0.506735 0.051282 0.060974
0 0.082999 0.569633 0.054961 0.048948
0 0.082274 0.630968 0.059532 0.065785
0 0.082664 0.695971 0.054292 0.062538
0 0.081884 0.757667 0.054292 0.057727
0 0.078595 0.816176 0.053512 0.049669
0 0.083389 0.881118 0.055741 0.065785
