0 0.872329 0.219924 0.093483 0.098298
0 0.873130 0.319982 0.093483 0.088908
0 0.866987 0.422095 0.075321 0.085974
0 0.866052 0.529636 0.080929 0.086854
0 0.869391 0.636004 0.099359 0.094190
0 0.863649 0.745012 0.085737 0.102700
0 0.864717 0.835681 0.087874 0.074531
0 0.769765 0.214202 0.084936 0.093310
0 0.767895 0.419014 0.092415 0.092136
0 0.769231 0.531103 0.087607 0.102700
0 0.765491 0.634390 0.083868 0.112089
0 0.764557 0.731808 0.081998 0.082746
0 0.676282 0.302817 0.084936 0.073357
0 0.672543 0.405957 0.088675 0.070129
0 0.669605 0.501320 0.088675 0.072477
0 0.667601 0.609302 0.083066 0.087148
0 0.670540 0.712001 0.094284 0.091256
0 0.669071 0.820863 0.086004 0.105927
0 0.569845 0.216843 0.081998 0.077465
0 0.573317 0.319542 0.090545 0.094484
0 0.571715 0.422829 0.081998 0.097418
0 0.571848 0.520100 0.080128 0.084800
0 0.568510 0.623826 0.092682 0.093310
0 0.565972 0.727259 0.093483 0.085974
0 0.570379 0.823063 0.096421 0.090962
0 0.403980 0.216256 0.087874 0.085094
0 0.403980 0.314701 0.085737 0.080692
0 0.408120 0.424883 0.084936 0.093310
0 0.411592 0.517019 0.093483 0.070423
0 0.416266 0.617077 0.085737 0.069249
0 0.409589 0.729313 0.085737 0.090082
0 0.418269 0.828785 0.087607 0.083627
0 0.315171 0.221538 0.089744 0.093310
0 0.309428 0.326731 0.085737 0.075411
0 0.314770 0.430604 0.083066 0.096538
0 0.317575 0.638058 0.082799 0.096538
0 0.319044 0.731808 0.085737 0.078638
0 0.317174 0.825117 0.091613 0.076291
0 0.219818 0.220511 0.082265 0.066021
0 0.215545 0.316315 0.075321 0.088028
0 0.217415 0.416520 0.084936 0.076585
0 0.215144 0.529636 0.095353 0.097418
0 0.217815 0.622946 0.091613 0.089202
0 0.219818 0.823504 0.091346 0.096538
0 0.127804 0.211121 0.079327 0.080692
0 0.117788 0.324237 0.093483 0.093310
0 0.121528 0.408011 0.086004 0.070129
0 0.126335 0.506455 0.082265 0.078638
0 0.118189 0.620158 0.083066 0.075411
0 0.120593 0.720364 0.087874 0.085094
0 0.124866 0.825704 0.092682 0.079812
