0 0.487299 0.218126 0.016003 0.016961
0 0.201656 0.511538 0.017234 0.016499
0 0.559646 0.433022 0.015667 0.015461
0 0.745468 0.185704 0.014884 0.015115
0 0.430114 0.248067 0.015331 0.015692
0 0.776858 0.764105 0.016338 0.015115
0 0.503189 0.356236 0.018241 0.017422
0 0.416965 0.554113 0.016786 0.017422
0 0.445222 0.248125 0.015555 0.016269
0 0.602954 0.371293 0.015891 0.016384
0 0.361683 0.690781 0.016338 0.016153
0 0.287936 0.312161 0.015219 0.017192
0 0.171218 0.511596 0.016786 0.016846
0 0.774284 0.231049 0.015667 0.015807
0 0.575873 0.553133 0.015667 0.017076
0 0.575481 0.537499 0.015779 0.015346
0 0.746699 0.580882 0.015331 0.016730
0 0.760519 0.459328 0.014324 0.014538
0 0.417357 0.599919 0.016898 0.016730
0 0.559143 0.339852 0.016674 0.014884
0 0.789671 0.352602 0.014884 0.016384
0 0.775067 0.260644 0.016115 0.016615
0 0.862075 0.291335 0.016450 0.017076
0 0.317536 0.510384 0.015555 0.016269
0 0.344953 0.312046 0.014884 0.016730
0 0.560765 0.720722 0.015891 0.017192
0 0.154152 0.391427 0.016226 0.016269
0 0.576544 0.721530 0.015667 0.016499
0 0.861347 0.275759 0.016338 0.016615
0 0.560038 0.628476 0.015107 0.014076
0 0.153816 0.329468 0.015779 0.016499
0 0.235452 0.814469 0.015443 0.016153
0 0.430730 0.295200 0.015219 0.016499
0 0.171385 0.601535 0.017569 0.016038
0 0.231479 0.343833 0.015555 0.015461
0 0.170938 0.527114 0.016674 0.016038
0 0.234669 0.783258 0.015219 0.016730
0 0.444942 0.418022 0.016562 0.015230
0 0.759736 0.384331 0.014996 0.017538
0 0.460329 0.387908 0.014660 0.016384
0 0.154655 0.451367 0.014996 0.016384
0 0.863306 0.504846 0.017793 0.017192
0 0.529264 0.233183 0.016450 0.017307
0 0.171721 0.814065 0.017793 0.016269
0 0.201265 0.526768 0.016003 0.015576
0 0.234221 0.617688 0.016562 0.016730
0 0.444438 0.524345 0.016450 0.016961
0 0.416965 0.524057 0.014548 0.016846
0 0.674575 0.643360 0.014324 0.015692
0 0.360620 0.539633 0.015779 0.015461
0 0.387757 0.296412 0.016562 0.017538
0 0.503469 0.477039 0.018353 0.016269
0 0.199810 0.236933 0.015331 0.016730
0 0.171833 0.633091 0.018465 0.017999
0 0.261694 0.723607 0.016674 0.016730
0 0.199362 0.221934 0.015555 0.015346
0 0.502854 0.340198 0.018017 0.017192
0 0.459098 0.294681 0.015107 0.017538
0 0.503301 0.508711 0.018241 0.015922
0 0.559031 0.247721 0.016226 0.016846
0 0.576376 0.644744 0.016674 0.015230
0 0.444886 0.735779 0.016450 0.017076
0 0.475101 0.721415 0.017346 0.016961
0 0.703279 0.370197 0.015331 0.015115
0 0.819494 0.505365 0.014324 0.016384
0 0.402305 0.357852 0.016115 0.017884
0 0.387142 0.280547 0.016450 0.017422
0 0.543979 0.218069 0.015667 0.017307
0 0.559255 0.476982 0.014884 0.016153
0 0.716820 0.171455 0.016450 0.017076
0 0.675022 0.657898 0.013653 0.015461
0 0.703615 0.627437 0.015331 0.017307
0 0.676981 0.719972 0.016450 0.014999
0 0.775235 0.384966 0.014660 0.016038
0 0.575145 0.523134 0.015779 0.016384
0 0.674519 0.460136 0.015107 0.015692
0 0.260911 0.480558 0.017569 0.017307
0 0.330293 0.281066 0.014436 0.016384
0 0.402809 0.737452 0.016003 0.016730
0 0.861795 0.230068 0.016786 0.016846
0 0.818375 0.321161 0.014772 0.015576
0 0.402249 0.434291 0.015331 0.016384
0 0.171441 0.738606 0.017010 0.016499
0 0.153704 0.222511 0.017569 0.016038
0 0.216596 0.375216 0.015555 0.015461
0 0.503133 0.583304 0.017234 0.017653
0 0.444998 0.387620 0.015107 0.015807
0 0.834434 0.686108 0.017346 0.016499
0 0.444942 0.325891 0.014548 0.015346
0 0.261079 0.632456 0.017010 0.016730
0 0.402865 0.311007 0.013653 0.017422
0 0.776186 0.444964 0.015891 0.016269
0 0.216708 0.359525 0.015331 0.017307
0 0.602507 0.202146 0.016338 0.015461
0 0.260855 0.616592 0.016338 0.016846
0 0.260743 0.768720 0.016786 0.015576
0 0.602451 0.387043 0.016674 0.016269
0 0.201321 0.541364 0.015219 0.015692
0 0.201712 0.282912 0.016450 0.016615
0 0.458371 0.187262 0.015891 0.016846
0 0.373489 0.188762 0.014884 0.015922
0 0.403256 0.493712 0.016450 0.017538
0 0.575425 0.417099 0.015667 0.014076
0 0.199978 0.252683 0.016786 0.018230
0 0.444270 0.705896 0.018800 0.016615
0 0.575425 0.355717 0.016338 0.016384
0 0.330461 0.296758 0.013876 0.016153
0 0.155047 0.421311 0.016226 0.015115
0 0.559870 0.355890 0.014324 0.016499
0 0.576936 0.765894 0.016226 0.016846
0 0.559646 0.689166 0.015891 0.017076
0 0.200761 0.601477 0.018577 0.016153
0 0.503301 0.553479 0.018017 0.017307
0 0.760128 0.322372 0.015555 0.017076
0 0.674295 0.216684 0.013541 0.015230
0 0.474933 0.508423 0.015443 0.019268
0 0.171609 0.754125 0.017793 0.015922
0 0.358829 0.263932 0.013765 0.016499
0 0.716204 0.154956 0.016562 0.016615
0 0.789783 0.383985 0.014660 0.016615
0 0.744349 0.414849 0.015555 0.015807
0 0.215980 0.343544 0.015891 0.016961
0 0.503021 0.644802 0.017457 0.016269
0 0.788832 0.276336 0.014324 0.017307
0 0.154320 0.207857 0.015443 0.016269
0 0.154935 0.313949 0.016226 0.016615
0 0.759904 0.338122 0.015331 0.016269
0 0.153704 0.375620 0.016898 0.017653
0 0.630875 0.293873 0.014212 0.015922
0 0.789167 0.230068 0.014772 0.015461
0 0.474429 0.614573 0.017793 0.016499
0 0.216820 0.556075 0.015331 0.014884
0 0.171106 0.313834 0.014996 0.014999
0 0.475045 0.433253 0.015219 0.015461
0 0.171050 0.784124 0.017346 0.016384
0 0.502742 0.216799 0.015107 0.016384
0 0.415510 0.295777 0.015219 0.017192
0 0.503413 0.403081 0.018465 0.016961
0 0.259512 0.282278 0.015667 0.014884
0 0.345513 0.584516 0.015107 0.015922
0 0.360900 0.570324 0.015443 0.016846
0 0.616999 0.293412 0.014660 0.015230
0 0.315969 0.266528 0.014884 0.016846
0 0.575201 0.568247 0.014996 0.016153
0 0.445110 0.508942 0.017346 0.016846
0 0.575481 0.447098 0.016226 0.016153
0 0.154432 0.359409 0.016562 0.016615
0 0.258897 0.250606 0.016003 0.017769
0 0.386974 0.264971 0.015891 0.015576
0 0.361124 0.705896 0.014548 0.015922
0 0.332140 0.661590 0.014996 0.015461
0 0.474317 0.172263 0.015331 0.017769
0 0.171665 0.586420 0.016115 0.015576
0 0.502182 0.187089 0.014884 0.016499
0 0.401802 0.525268 0.014660 0.016038
0 0.673120 0.170936 0.014548 0.014423
0 0.745300 0.384101 0.014548 0.016384
0 0.818039 0.261105 0.014100 0.014769
0 0.559814 0.263067 0.014436 0.015461
0 0.717771 0.354621 0.015219 0.016269
0 0.789895 0.368351 0.015779 0.017192
0 0.861571 0.321507 0.015667 0.017653
0 0.170658 0.465328 0.015667 0.016153
0 0.154487 0.436252 0.016003 0.016615
0 0.673903 0.431118 0.015443 0.016730
0 0.543420 0.187954 0.015667 0.017538
0 0.502742 0.675436 0.017122 0.015692
0 0.688563 0.293527 0.014324 0.016384
0 0.170602 0.541883 0.016674 0.015576
0 0.200873 0.556709 0.015443 0.017076
0 0.417804 0.706761 0.015331 0.016269
0 0.318151 0.812853 0.016562 0.015922
0 0.345289 0.615726 0.015107 0.017192
0 0.503469 0.689627 0.015667 0.016153
0 0.259512 0.525845 0.017457 0.016730
0 0.647493 0.536576 0.016115 0.015346
0 0.318935 0.753259 0.015891 0.016269
0 0.154487 0.344525 0.017569 0.015461
0 0.689514 0.657609 0.015107 0.017422
0 0.774620 0.245875 0.016115 0.015461
0 0.201824 0.298200 0.016450 0.015346
0 0.473870 0.553536 0.016226 0.015807
0 0.602954 0.355544 0.015219 0.015115
0 0.444998 0.614861 0.018688 0.018461
0 0.445333 0.357852 0.015331 0.015346
0 0.345401 0.539806 0.014884 0.016730
0 0.444550 0.278470 0.013765 0.015346
0 0.360452 0.585670 0.015219 0.015461
0 0.261247 0.555267 0.018465 0.016269
0 0.558695 0.294450 0.015555 0.018922
0 0.345568 0.782508 0.016562 0.014307
0 0.171665 0.571709 0.017234 0.016153
0 0.745748 0.231510 0.013876 0.015115
0 0.603234 0.551921 0.015779 0.015115
0 0.675694 0.688012 0.016338 0.017538
0 0.673624 0.292662 0.014884 0.016499
0 0.344170 0.265086 0.013988 0.016730
0 0.676253 0.734683 0.015443 0.016038
0 0.674743 0.627322 0.014660 0.015692
0 0.746083 0.293123 0.014100 0.014884
0 0.789503 0.337487 0.014772 0.015461
0 0.201041 0.495904 0.017569 0.017076
0 0.674295 0.201915 0.013093 0.016384
0 0.602171 0.490943 0.015667 0.017538
0 0.171665 0.617284 0.017457 0.017538
0 0.218386 0.767047 0.016226 0.015692
0 0.170770 0.267567 0.014772 0.015692
0 0.444942 0.630668 0.017905 0.016615
0 0.445949 0.372390 0.016115 0.016499
0 0.343666 0.249567 0.014772 0.016153
0 0.775795 0.490250 0.015779 0.016846
0 0.460553 0.524518 0.014660 0.016615
0 0.153816 0.512403 0.016898 0.017307
0 0.302149 0.525787 0.013876 0.015922
0 0.646598 0.446810 0.014772 0.016499
0 0.630707 0.202550 0.015219 0.016038
0 0.373265 0.174109 0.014212 0.015692
0 0.474541 0.567844 0.016003 0.017192
0 0.574362 0.324103 0.014212 0.015692
0 0.559311 0.643418 0.016786 0.016038
0 0.834825 0.701973 0.016338 0.018461
0 0.185374 0.313257 0.013765 0.015230
0 0.503021 0.492616 0.017457 0.016961
0 0.474989 0.418253 0.015555 0.017076
0 0.774899 0.369332 0.015107 0.017307
0 0.745803 0.246337 0.014212 0.015230
0 0.361012 0.722799 0.014548 0.016038
0 0.402697 0.690147 0.016226 0.015576
0 0.360508 0.554344 0.016003 0.016038
0 0.674127 0.276912 0.014772 0.016615
0 0.202607 0.813142 0.015107 0.016961
0 0.716540 0.277432 0.014996 0.016038
0 0.201992 0.586651 0.017010 0.015115
0 0.861124 0.306392 0.017010 0.014884
0 0.315521 0.281528 0.013317 0.015461
0 0.343722 0.204338 0.013765 0.016384
0 0.603346 0.187666 0.014212 0.015576
0 0.817760 0.215530 0.015555 0.014769
0 0.576600 0.675551 0.015331 0.015230
0 0.171553 0.662859 0.017457 0.017999
0 0.761135 0.444618 0.013988 0.016269
0 0.444438 0.674628 0.018241 0.017076
0 0.444158 0.690031 0.018577 0.017422
0 0.185262 0.328257 0.014884 0.015922
0 0.217379 0.570267 0.016450 0.015807
0 0.502798 0.201685 0.014100 0.015922
0 0.171218 0.723491 0.016562 0.016038
0 0.232710 0.585439 0.016898 0.016615
0 0.234893 0.798777 0.014548 0.015692
0 0.559646 0.278182 0.014772 0.015922
0 0.200257 0.405619 0.016226 0.016730
0 0.602563 0.522557 0.016450 0.017076
0 0.231927 0.405734 0.016450 0.017192
0 0.401578 0.248933 0.016003 0.015807
0 0.775067 0.337660 0.014548 0.017192
0 0.833818 0.384851 0.015443 0.016038
0 0.604689 0.460886 0.018017 0.016269
0 0.688004 0.232318 0.014548 0.016038
0 0.199866 0.344237 0.014772 0.016961
0 0.759344 0.201454 0.015779 0.016846
0 0.865264 0.776912 0.019919 0.016499
0 0.416853 0.341814 0.014772 0.017192
0 0.473086 0.248702 0.016003 0.016730
0 0.817760 0.368870 0.014436 0.016615
0 0.588742 0.233126 0.014100 0.015807
0 0.502294 0.628880 0.016674 0.016038
0 0.358997 0.326641 0.015443 0.015692
0 0.475325 0.737337 0.017569 0.016961
0 0.660139 0.217145 0.015219 0.015692
0 0.430114 0.279739 0.015107 0.016499
0 0.171218 0.344294 0.014100 0.014999
0 0.171441 0.768720 0.017234 0.016730
0 0.317312 0.661359 0.014436 0.014307
0 0.559646 0.492327 0.015219 0.015922
0 0.574138 0.339506 0.015331 0.017192
0 0.431289 0.325891 0.014100 0.015346
0 0.234837 0.676820 0.014884 0.014076
0 0.360508 0.599919 0.015555 0.016038
0 0.631267 0.401581 0.015891 0.013961
0 0.860844 0.214665 0.014436 0.016499
0 0.775739 0.414215 0.014324 0.015922
0 0.200537 0.436772 0.016786 0.017192
0 0.318263 0.828084 0.016338 0.016384
0 0.746643 0.565421 0.014996 0.016038
0 0.835497 0.718242 0.015891 0.017076
0 0.317256 0.540210 0.016115 0.014999
0 0.154991 0.480270 0.014996 0.014884
0 0.401522 0.599285 0.014324 0.015461
0 0.631379 0.339679 0.014548 0.015692
0 0.703894 0.612323 0.015667 0.013846
0 0.573355 0.172551 0.016450 0.016499
0 0.760072 0.291796 0.014100 0.014999
0 0.574362 0.263298 0.014436 0.015461
0 0.474597 0.689223 0.018353 0.016269
0 0.317200 0.555267 0.015331 0.015807
0 0.602954 0.278470 0.014548 0.015807
0 0.200313 0.631822 0.015443 0.016846
0 0.345065 0.599573 0.013541 0.016269
0 0.675134 0.521288 0.013876 0.014999
0 0.358718 0.311584 0.015331 0.016499
0 0.200537 0.313315 0.016115 0.015115
0 0.759568 0.185012 0.014884 0.017192
0 0.345345 0.523941 0.015667 0.016153
0 0.575985 0.583881 0.016115 0.016730
0 0.863641 0.626457 0.016898 0.016961
0 0.760016 0.368467 0.014660 0.015807
0 0.318543 0.768605 0.015107 0.016499
0 0.818319 0.246337 0.014660 0.014538
0 0.776578 0.749048 0.014884 0.017307
0 0.833762 0.292200 0.016898 0.015807
0 0.444158 0.263759 0.014548 0.016153
0 0.317760 0.797219 0.016226 0.016499
0 0.171497 0.799412 0.015331 0.015807
0 0.200649 0.451483 0.018577 0.016615
0 0.218666 0.632168 0.016338 0.017538
0 0.446564 0.812392 0.018017 0.017538
0 0.316808 0.585266 0.015891 0.017422
0 0.317424 0.706934 0.014660 0.014307
0 0.531110 0.356179 0.017010 0.016615
0 0.860788 0.184954 0.014772 0.014769
0 0.835329 0.733068 0.017569 0.015807
0 0.430786 0.310488 0.014884 0.015230
0 0.444382 0.218126 0.014996 0.015115
0 0.717211 0.185301 0.013653 0.013615
0 0.445725 0.478309 0.015891 0.016730
0 0.273277 0.175955 0.015667 0.015461
0 0.702607 0.323007 0.015555 0.015346
0 0.359053 0.341525 0.016226 0.016153
0 0.360564 0.752336 0.014772 0.017653
0 0.560486 0.553479 0.014884 0.016384
0 0.862802 0.687031 0.017681 0.016038
0 0.345960 0.646764 0.014884 0.016961
0 0.170882 0.496423 0.015667 0.016730
0 0.401690 0.510384 0.014212 0.016269
0 0.417469 0.508365 0.013765 0.015230
0 0.574810 0.386235 0.015555 0.016730
0 0.302820 0.661763 0.013429 0.015115
0 0.260575 0.540672 0.016450 0.015461
0 0.401970 0.706300 0.014548 0.015807
0 0.862746 0.595592 0.017122 0.017076
0 0.272605 0.205204 0.014324 0.016038
0 0.530159 0.309680 0.015555 0.017538
0 0.219058 0.737106 0.015107 0.013038
0 0.575145 0.491289 0.014884 0.015922
0 0.559646 0.231683 0.014548 0.013615
0 0.862578 0.520711 0.015667 0.015461
0 0.459154 0.263182 0.015219 0.015922
0 0.414951 0.187724 0.014548 0.016846
0 0.716764 0.201396 0.015667 0.017422
0 0.404208 0.826699 0.012757 0.016846
0 0.317368 0.600554 0.015443 0.016846
0 0.302428 0.630899 0.015107 0.016615
0 0.833427 0.260817 0.016674 0.016038
0 0.646262 0.277547 0.014548 0.015346
0 0.804107 0.307719 0.014436 0.016846
0 0.229241 0.190320 0.015779 0.015115
0 0.559534 0.461809 0.015443 0.016269
0 0.401746 0.327160 0.015667 0.017653
0 0.199978 0.420965 0.015219 0.016038
0 0.660195 0.323814 0.014884 0.015576
0 0.559367 0.202377 0.016003 0.015692
0 0.272717 0.219742 0.013876 0.015115
0 0.417860 0.615553 0.017234 0.017999
0 0.834658 0.504269 0.014884 0.017884
0 0.261135 0.584862 0.018017 0.018230
0 0.234893 0.738202 0.015219 0.014769
0 0.560150 0.568594 0.015107 0.016384
0 0.504532 0.706011 0.016226 0.019153
0 0.860732 0.199723 0.014884 0.016153
0 0.703391 0.597554 0.016450 0.017307
0 0.402137 0.584112 0.015331 0.016730
0 0.775515 0.504558 0.013653 0.014769
0 0.775067 0.276451 0.014772 0.016615
0 0.759232 0.353294 0.013093 0.015692
0 0.258449 0.175782 0.014660 0.014884
0 0.199418 0.390447 0.015667 0.016846
0 0.602507 0.217549 0.015667 0.015576
0 0.185654 0.266990 0.014772 0.017076
0 0.863418 0.655475 0.017346 0.016846
0 0.560038 0.522961 0.015107 0.017422
0 0.703167 0.460194 0.015555 0.015576
0 0.260631 0.390504 0.015443 0.016269
0 0.602898 0.262778 0.014212 0.016038
0 0.474317 0.598708 0.018912 0.018692
0 0.445166 0.567670 0.016338 0.016153
0 0.415566 0.203646 0.013541 0.016153
0 0.155551 0.297969 0.017681 0.018115
0 0.201097 0.662917 0.015443 0.017884
0 0.170826 0.480732 0.015107 0.015576
0 0.775515 0.399331 0.013653 0.015692
0 0.232151 0.555556 0.015107 0.014076
0 0.444103 0.232664 0.013317 0.015807
0 0.759904 0.246337 0.013093 0.014538
0 0.688171 0.277489 0.014660 0.016153
0 0.861291 0.260528 0.016226 0.016846
0 0.774340 0.170763 0.016003 0.015461
0 0.833594 0.307084 0.016338 0.016269
0 0.760407 0.399792 0.014996 0.015692
0 0.862802 0.535479 0.016115 0.015461
0 0.445278 0.341987 0.014548 0.017538
0 0.260575 0.707742 0.015107 0.016846
0 0.702328 0.216799 0.014996 0.015461
0 0.732263 0.307200 0.013765 0.015346
0 0.258617 0.190550 0.014324 0.013730
0 0.198970 0.190262 0.017457 0.014999
0 0.361963 0.812680 0.014660 0.015576
0 0.831636 0.199665 0.015331 0.016499
0 0.301030 0.235895 0.014324 0.016499
0 0.445501 0.583189 0.017681 0.015576
0 0.647493 0.719857 0.014548 0.015230
0 0.200705 0.268028 0.014436 0.014307
0 0.317200 0.721876 0.014212 0.015346
0 0.331468 0.646937 0.013876 0.015230
0 0.543868 0.202954 0.015443 0.015461
0 0.775347 0.292373 0.014884 0.014999
0 0.701768 0.276855 0.012534 0.016499
0 0.430170 0.202723 0.014548 0.014538
0 0.647605 0.658071 0.013653 0.014884
0 0.445222 0.598592 0.017793 0.015461
0 0.444830 0.493539 0.016562 0.016038
0 0.387086 0.249856 0.014324 0.016038
0 0.475101 0.705607 0.017569 0.017653
0 0.860340 0.170128 0.014324 0.016499
0 0.863977 0.549556 0.016674 0.015692
0 0.361795 0.736645 0.014324 0.014192
0 0.260575 0.600727 0.017793 0.016730
0 0.231088 0.358602 0.014548 0.016153
0 0.832867 0.275989 0.015331 0.016615
0 0.502462 0.461751 0.019024 0.016384
0 0.475101 0.539114 0.015331 0.016499
0 0.415622 0.217953 0.012757 0.015461
0 0.503693 0.418138 0.018800 0.016153
0 0.259288 0.297219 0.014100 0.016153
0 0.487299 0.186858 0.014436 0.015807
0 0.459042 0.310719 0.014100 0.015922
0 0.219114 0.815046 0.016562 0.017307
0 0.717435 0.307488 0.014100 0.015230
0 0.244461 0.190493 0.015555 0.014999
0 0.688563 0.430253 0.014996 0.015230
0 0.674183 0.445887 0.013988 0.015115
0 0.575985 0.431522 0.015443 0.016615
0 0.802988 0.199608 0.014660 0.015692
0 0.330629 0.265028 0.013765 0.015230
0 0.418756 0.630668 0.015891 0.015922
0 0.387478 0.311584 0.016450 0.014653
0 0.688899 0.308123 0.013653 0.013730
0 0.602731 0.537499 0.015667 0.015346
0 0.531334 0.417792 0.017457 0.015922
0 0.215477 0.206473 0.015331 0.016961
0 0.617278 0.232837 0.015667 0.015461
0 0.803436 0.245356 0.016226 0.016038
0 0.444550 0.403888 0.015555 0.016730
0 0.688060 0.354159 0.015555 0.016269
0 0.530271 0.324680 0.015331 0.013615
0 0.329510 0.234856 0.014660 0.016269
0 0.170714 0.557229 0.016898 0.016730
0 0.315521 0.251125 0.015331 0.016499
0 0.216260 0.312450 0.013317 0.016615
0 0.417021 0.387908 0.015555 0.014769
0 0.745132 0.170993 0.014660 0.014999
0 0.617278 0.262721 0.014548 0.016384
0 0.418196 0.721068 0.014100 0.014884
0 0.402529 0.675493 0.015219 0.015346
0 0.759064 0.216338 0.013876 0.013846
0 0.259176 0.266528 0.013429 0.016153
0 0.864369 0.444214 0.017234 0.017307
0 0.443431 0.172378 0.016003 0.016615
0 0.429611 0.263817 0.015891 0.016961
0 0.574810 0.507269 0.016003 0.015576
0 0.445278 0.751471 0.016115 0.016153
0 0.559870 0.417445 0.016115 0.017076
0 0.317088 0.570093 0.015331 0.016153
0 0.831860 0.170070 0.016674 0.016846
0 0.487243 0.202377 0.013876 0.015461
0 0.302037 0.706531 0.014548 0.014192
0 0.661538 0.521749 0.015555 0.016846
0 0.215868 0.328314 0.015219 0.016269
0 0.702607 0.246106 0.014212 0.015461
0 0.745748 0.535306 0.014324 0.016730
0 0.218498 0.798373 0.016674 0.015807
0 0.261359 0.692281 0.018017 0.015230
0 0.458650 0.278066 0.013988 0.014999
0 0.803212 0.185243 0.014436 0.015346
0 0.777026 0.611169 0.015779 0.016384
0 0.245859 0.389812 0.013876 0.015576
0 0.516506 0.187666 0.013988 0.016730
0 0.232654 0.374813 0.014772 0.017192
0 0.261694 0.738606 0.015555 0.016499
0 0.788776 0.215646 0.014212 0.016153
0 0.302037 0.721991 0.014324 0.016269
0 0.416741 0.403658 0.015219 0.016269
0 0.530942 0.402215 0.016674 0.016153
0 0.401858 0.264624 0.016115 0.017884
0 0.474597 0.583304 0.017681 0.016730
0 0.631267 0.247548 0.014324 0.013961
0 0.659188 0.186685 0.015555 0.016615
0 0.732766 0.384504 0.014324 0.016730
0 0.832084 0.641687 0.021598 0.016961
0 0.803827 0.230472 0.015219 0.016038
0 0.716932 0.246106 0.013988 0.016384
0 0.775011 0.199377 0.014436 0.017076
0 0.260687 0.569286 0.015331 0.014076
0 0.861403 0.244779 0.016003 0.015807
0 0.473814 0.263471 0.015443 0.015807
0 0.387701 0.205031 0.014436 0.017999
0 0.332140 0.722453 0.014324 0.016961
0 0.317983 0.783143 0.015555 0.013961
0 0.474821 0.371870 0.015667 0.015461
0 0.863641 0.579324 0.015331 0.016615
0 0.373657 0.218761 0.012757 0.016846
0 0.185654 0.343775 0.015219 0.016269
0 0.817480 0.199838 0.014772 0.016153
0 0.301925 0.738087 0.014772 0.014307
0 0.574026 0.294162 0.012869 0.016730
0 0.688283 0.416292 0.013765 0.014769
0 0.402585 0.629572 0.015331 0.015807
0 0.316752 0.525903 0.013988 0.016153
0 0.529096 0.216684 0.013876 0.015922
0 0.402026 0.387504 0.013988 0.016499
0 0.444550 0.659282 0.016450 0.015922
0 0.631379 0.431926 0.015443 0.014192
0 0.732039 0.322199 0.015107 0.016038
0 0.302484 0.647110 0.014324 0.015576
0 0.602563 0.339795 0.015331 0.015692
0 0.616943 0.338699 0.014100 0.016499
0 0.503693 0.324507 0.017681 0.013499
0 0.746363 0.505596 0.016450 0.016384
0 0.647717 0.673589 0.015219 0.016153
0 0.153872 0.496077 0.016115 0.016961
0 0.574530 0.402215 0.016786 0.017307
0 0.774620 0.353121 0.014996 0.014653
0 0.315801 0.312680 0.015667 0.015461
0 0.444774 0.720665 0.016226 0.015692
0 0.172113 0.421484 0.016338 0.016615
0 0.217379 0.449925 0.013765 0.015346
0 0.702440 0.261105 0.013429 0.016384
0 0.259456 0.312853 0.014660 0.016499
0 0.200537 0.617342 0.015891 0.015346
0 0.331077 0.311700 0.013988 0.016961
0 0.345289 0.631764 0.014884 0.016730
0 0.358550 0.234337 0.013429 0.017076
0 0.418140 0.477443 0.014884 0.015922
0 0.674631 0.308296 0.013541 0.014999
0 0.660307 0.598189 0.014436 0.016499
0 0.833762 0.534441 0.017793 0.017076
0 0.560709 0.583478 0.015107 0.015922
0 0.359053 0.295719 0.015555 0.015461
0 0.373657 0.202723 0.013653 0.012923
0 0.788720 0.170359 0.014324 0.016961
0 0.504700 0.842045 0.017681 0.017076
0 0.589078 0.339564 0.013429 0.015461
0 0.185430 0.282797 0.014100 0.015230
0 0.775739 0.519615 0.013653 0.016499
0 0.530662 0.339564 0.014996 0.017999
0 0.260575 0.753606 0.015331 0.017192
0 0.230920 0.464290 0.015331 0.016615
0 0.863306 0.671282 0.017122 0.017076
0 0.474765 0.644629 0.016674 0.016384
0 0.834546 0.414330 0.015779 0.017538
0 0.802876 0.153571 0.015779 0.017538
0 0.617950 0.370774 0.015443 0.016961
0 0.589302 0.277778 0.015667 0.015576
0 0.617278 0.247375 0.013876 0.014538
0 0.229801 0.251760 0.015555 0.014999
0 0.574362 0.278643 0.014660 0.015461
0 0.401410 0.234049 0.014772 0.015346
0 0.402529 0.614457 0.015443 0.016269
0 0.834210 0.399215 0.015779 0.015230
0 0.301981 0.614284 0.014212 0.017307
0 0.315801 0.219511 0.014772 0.015807
0 0.387086 0.219280 0.014996 0.013961
0 0.185374 0.297508 0.014212 0.016038
0 0.603458 0.475366 0.016003 0.015692
0 0.660195 0.263009 0.014436 0.015576
0 0.646822 0.506692 0.015667 0.015576
0 0.154935 0.406657 0.017122 0.016269
0 0.417637 0.432791 0.014548 0.013615
0 0.833259 0.368813 0.014100 0.017653
0 0.731591 0.201050 0.013988 0.015576
0 0.503917 0.796066 0.017010 0.017653
0 0.387198 0.233991 0.014324 0.017076
0 0.631099 0.262432 0.013988 0.015346
0 0.560933 0.537960 0.013988 0.014884
0 0.317816 0.737395 0.013876 0.016615
0 0.154655 0.191877 0.015443 0.017076
0 0.863306 0.488462 0.017793 0.017422
0 0.775683 0.473924 0.015331 0.017192
0 0.775515 0.306565 0.014996 0.015230
0 0.818039 0.275528 0.014100 0.015922
0 0.602451 0.232780 0.014660 0.014884
0 0.617167 0.172205 0.013429 0.016961
0 0.287377 0.189454 0.014100 0.017307
0 0.231759 0.541825 0.015667 0.014769
0 0.402137 0.449867 0.015555 0.015230
0 0.631099 0.232953 0.013541 0.015922
0 0.475325 0.524807 0.016003 0.016499
0 0.559758 0.217030 0.014548 0.014307
0 0.358662 0.219049 0.017010 0.014884
0 0.861012 0.384620 0.019472 0.017884
0 0.775571 0.322026 0.013765 0.016384
0 0.717659 0.338872 0.014324 0.017307
0 0.745300 0.459617 0.015667 0.016038
0 0.617278 0.354736 0.014996 0.015807
0 0.673847 0.370486 0.014884 0.015922
0 0.630483 0.278355 0.013205 0.015576
0 0.331077 0.524807 0.013988 0.015346
0 0.745915 0.520134 0.014212 0.014307
0 0.802820 0.214838 0.014772 0.016384
0 0.864145 0.748933 0.015667 0.015230
0 0.573915 0.248010 0.014660 0.016730
0 0.473366 0.278585 0.014996 0.016038
0 0.257833 0.234568 0.014996 0.015461
0 0.675246 0.566055 0.014996 0.014538
0 0.675022 0.506577 0.014996 0.016269
0 0.417077 0.356698 0.014548 0.015576
0 0.576656 0.704684 0.014548 0.019038
0 0.169875 0.223318 0.014548 0.018115
0 0.235172 0.647917 0.017122 0.016269
0 0.862243 0.352140 0.015891 0.014307
0 0.688675 0.445079 0.014548 0.016730
0 0.674015 0.246394 0.015667 0.015576
0 0.559534 0.324564 0.014772 0.016153
0 0.228626 0.176416 0.016115 0.014307
0 0.417581 0.645206 0.014660 0.015461
0 0.415958 0.248356 0.014100 0.015807
0 0.358662 0.204454 0.015219 0.016615
0 0.504308 0.827160 0.016450 0.015692
0 0.862187 0.640937 0.015779 0.013846
0 0.717379 0.322949 0.015107 0.015461
0 0.674743 0.475943 0.014884 0.017076
0 0.446173 0.766355 0.017681 0.016384
0 0.361795 0.828026 0.014772 0.017653
0 0.789447 0.291104 0.013988 0.013846
0 0.602675 0.324738 0.015779 0.015807
0 0.273948 0.281643 0.014324 0.017076
0 0.172113 0.829237 0.015219 0.015230
0 0.503133 0.598765 0.017010 0.016038
0 0.171609 0.405792 0.014660 0.016615
0 0.863921 0.564555 0.015667 0.016153
0 0.488026 0.278643 0.014548 0.016846
0 0.645983 0.309219 0.014660 0.014769
0 0.303044 0.828372 0.014324 0.015346
0 0.688955 0.612957 0.015555 0.015115
0 0.217043 0.542171 0.015107 0.015230
0 0.217099 0.420388 0.015443 0.016730
0 0.503917 0.736010 0.017234 0.017538
0 0.345345 0.493539 0.014324 0.017192
0 0.244852 0.266990 0.014324 0.015230
0 0.459825 0.403484 0.014548 0.016384
0 0.218330 0.616361 0.015667 0.016615
0 0.559423 0.371755 0.015667 0.016153
0 0.745524 0.550940 0.014772 0.014307
0 0.864313 0.701569 0.015331 0.016269
0 0.775906 0.429618 0.015107 0.016499
0 0.218442 0.783028 0.014996 0.017192
0 0.661370 0.658994 0.014772 0.015115
0 0.865040 0.732491 0.015891 0.019730
0 0.216540 0.464751 0.014100 0.015692
0 0.789727 0.259605 0.015219 0.015230
0 0.401522 0.554459 0.015667 0.015807
0 0.789056 0.185301 0.012981 0.013615
0 0.759736 0.306969 0.014324 0.015346
0 0.331748 0.737856 0.012422 0.014538
0 0.559143 0.507673 0.015107 0.014999
0 0.402865 0.721876 0.014548 0.016038
0 0.315242 0.204915 0.014996 0.015230
0 0.154711 0.465674 0.013988 0.014769
0 0.218386 0.600958 0.015779 0.016499
0 0.416573 0.326064 0.013765 0.016384
0 0.446061 0.797046 0.018577 0.016384
0 0.474765 0.660205 0.017569 0.016384
0 0.317648 0.646937 0.014436 0.015461
0 0.688563 0.246048 0.014772 0.013038
0 0.659244 0.247317 0.014772 0.015576
0 0.529655 0.247548 0.015219 0.013269
0 0.201265 0.571997 0.015331 0.016499
0 0.675918 0.750029 0.013876 0.015115
0 0.732095 0.368813 0.013429 0.016269
0 0.359333 0.280605 0.015443 0.017076
0 0.473310 0.202781 0.014884 0.016269
0 0.660978 0.628995 0.014436 0.014653
0 0.474765 0.477789 0.014436 0.018461
0 0.272829 0.312103 0.012981 0.015692
0 0.834769 0.657494 0.016226 0.016961
0 0.675302 0.581862 0.015107 0.015461
0 0.315857 0.296989 0.014884 0.016615
0 0.218610 0.751760 0.014884 0.016038
0 0.302540 0.752279 0.013765 0.016153
0 0.759344 0.231280 0.014660 0.016269
0 0.819606 0.458636 0.014324 0.014769
0 0.833650 0.321968 0.015555 0.015807
0 0.231703 0.526249 0.016450 0.016153
0 0.688395 0.597554 0.014660 0.016384
0 0.588854 0.187724 0.016115 0.014999
0 0.232207 0.435156 0.014996 0.015346
0 0.286482 0.235260 0.013876 0.016846
0 0.358158 0.172897 0.013765 0.015576
0 0.673400 0.186166 0.013765 0.015807
0 0.418644 0.737049 0.015667 0.018692
0 0.647493 0.628822 0.014772 0.015230
0 0.617446 0.323238 0.015331 0.015115
0 0.803603 0.275586 0.013429 0.016730
0 0.833818 0.337025 0.016338 0.015692
0 0.344561 0.280720 0.013876 0.014769
0 0.731983 0.275932 0.013205 0.015807
0 0.198635 0.375216 0.015443 0.014769
0 0.474485 0.448310 0.014548 0.014192
0 0.358718 0.249221 0.014212 0.013615
0 0.617446 0.307719 0.015555 0.014538
0 0.717211 0.293296 0.014996 0.015922
0 0.646038 0.247490 0.012757 0.014538
0 0.417525 0.826987 0.013429 0.014423
0 0.646430 0.476174 0.014212 0.015692
0 0.602954 0.172782 0.014996 0.016038
0 0.818207 0.291508 0.014660 0.016038
0 0.575929 0.688820 0.014212 0.014076
0 0.602954 0.247664 0.014100 0.014423
0 0.588854 0.324449 0.014996 0.015922
0 0.701824 0.231106 0.012869 0.014769
0 0.430338 0.232895 0.012869 0.014653
0 0.170266 0.390677 0.013765 0.015461
0 0.502406 0.293758 0.016674 0.014307
0 0.346072 0.737799 0.014436 0.014423
0 0.818263 0.336160 0.014772 0.015115
0 0.674575 0.400600 0.016338 0.014769
0 0.214805 0.190550 0.014660 0.016038
0 0.731815 0.260990 0.014436 0.015461
0 0.803827 0.291796 0.014100 0.015692
0 0.272885 0.190608 0.015331 0.014307
0 0.688395 0.460194 0.013317 0.014653
0 0.417357 0.372966 0.015107 0.017422
0 0.417189 0.675205 0.016115 0.017076
0 0.862634 0.412888 0.016226 0.016038
0 0.229857 0.236760 0.015219 0.017538
0 0.171050 0.328949 0.014436 0.018461
0 0.660195 0.430830 0.014212 0.015230
0 0.261359 0.677512 0.016674 0.016384
0 0.602395 0.293989 0.014772 0.016153
0 0.817536 0.352198 0.015779 0.017884
0 0.502182 0.433426 0.018017 0.016499
0 0.703055 0.415830 0.015779 0.016153
0 0.219617 0.829468 0.015331 0.014538
0 0.415342 0.279912 0.015107 0.015922
0 0.674127 0.415888 0.015891 0.015346
0 0.774116 0.154609 0.017122 0.017769
0 0.504141 0.812334 0.015443 0.016269
0 0.760967 0.536114 0.013653 0.015807
0 0.789503 0.322834 0.015219 0.016153
0 0.501958 0.171628 0.016898 0.015576
0 0.588966 0.262721 0.014548 0.014307
0 0.834825 0.458925 0.015219 0.016269
0 0.260575 0.662513 0.017122 0.017076
0 0.302764 0.766817 0.015107 0.015692
0 0.703279 0.581516 0.015779 0.017076
0 0.200761 0.465617 0.017010 0.015576
0 0.674239 0.338699 0.014996 0.016499
0 0.272997 0.250779 0.014884 0.016269
0 0.646318 0.551575 0.015331 0.015115
0 0.831692 0.153802 0.014996 0.015922
0 0.834937 0.550306 0.014324 0.016499
0 0.674799 0.612611 0.014772 0.017192
0 0.417860 0.463367 0.013653 0.012692
0 0.199978 0.328257 0.013876 0.016153
0 0.244013 0.175551 0.016003 0.014884
0 0.660083 0.277432 0.013317 0.013730
0 0.545266 0.324507 0.011526 0.016269
0 0.443095 0.187724 0.013765 0.016615
0 0.861571 0.368120 0.015667 0.018576
0 0.846855 0.214376 0.014436 0.016384
0 0.346520 0.722684 0.014884 0.014884
0 0.687500 0.170647 0.013988 0.014538
0 0.419483 0.767105 0.016003 0.017884
0 0.229689 0.206357 0.013317 0.016038
0 0.417245 0.448310 0.014660 0.016961
0 0.790342 0.399504 0.015779 0.016499
0 0.401914 0.218992 0.014436 0.016615
0 0.530662 0.386927 0.015443 0.014653
0 0.760743 0.520653 0.014324 0.016499
0 0.198915 0.205665 0.016226 0.017192
0 0.445054 0.552786 0.014996 0.014769
0 0.359837 0.524922 0.014436 0.015807
0 0.301141 0.295892 0.014100 0.016499
0 0.761526 0.550710 0.013429 0.014769
0 0.760184 0.276220 0.014996 0.016153
0 0.200481 0.480558 0.016003 0.015922
0 0.343778 0.219742 0.015219 0.014884
0 0.702663 0.565709 0.015219 0.015461
0 0.302037 0.569920 0.014772 0.015576
0 0.361683 0.767797 0.014996 0.014192
0 0.575313 0.370832 0.013876 0.014538
0 0.745356 0.321680 0.012198 0.013846
0 0.745076 0.337602 0.014772 0.017307
0 0.302764 0.677109 0.013541 0.016499
0 0.559534 0.446752 0.014324 0.014076
0 0.444774 0.310488 0.014436 0.016846
0 0.702887 0.354275 0.015219 0.017422
0 0.776746 0.733299 0.015891 0.015807
0 0.346296 0.828257 0.015107 0.014423
0 0.661426 0.688185 0.013765 0.015807
0 0.502854 0.523364 0.016450 0.015692
0 0.315298 0.190435 0.014212 0.015346
0 0.688115 0.474616 0.012757 0.016038
0 0.573635 0.187147 0.016338 0.015692
0 0.458538 0.247894 0.013093 0.014884
0 0.616831 0.202492 0.013429 0.015692
0 0.200090 0.360217 0.015443 0.015922
0 0.301309 0.220088 0.013765 0.015576
0 0.834825 0.626861 0.016562 0.016846
0 0.258729 0.218472 0.014324 0.012576
0 0.702440 0.337775 0.015219 0.015115
0 0.543979 0.263240 0.014324 0.016499
0 0.444774 0.644918 0.016226 0.014423
0 0.287265 0.281874 0.015443 0.015692
0 0.775459 0.458867 0.015107 0.013846
0 0.402585 0.418830 0.014884 0.014538
0 0.272381 0.235318 0.013653 0.016499
0 0.404040 0.842333 0.014660 0.017653
0 0.603010 0.567844 0.015107 0.017653
0 0.458203 0.172263 0.016450 0.017307
0 0.329734 0.249798 0.013093 0.015461
0 0.803044 0.170128 0.015219 0.016038
0 0.287377 0.204165 0.015667 0.014192
0 0.834825 0.443637 0.015443 0.016846
0 0.687612 0.185993 0.013988 0.016153
0 0.316976 0.691300 0.015107 0.016961
0 0.330909 0.631649 0.013876 0.016499
0 0.171162 0.708088 0.017793 0.017538
0 0.446285 0.827334 0.016786 0.014884
0 0.302484 0.813430 0.013876 0.017538
0 0.777641 0.823295 0.014548 0.012807
0 0.602451 0.309219 0.014436 0.014769
0 0.745468 0.216222 0.014212 0.015692
0 0.474205 0.629514 0.016003 0.014538
0 0.832140 0.215069 0.015219 0.016384
0 0.344561 0.554517 0.014772 0.015230
0 0.646710 0.324045 0.013653 0.016730
0 0.418028 0.812565 0.013541 0.015807
0 0.745132 0.200877 0.013988 0.015461
0 0.531334 0.371582 0.017010 0.017653
0 0.702160 0.292373 0.014212 0.014076
0 0.588295 0.217492 0.014772 0.015692
0 0.259568 0.510846 0.017122 0.016499
0 0.232095 0.449406 0.016115 0.014538
0 0.603794 0.416580 0.018465 0.015807
0 0.647269 0.522615 0.014100 0.015115
0 0.760184 0.414965 0.014996 0.016269
0 0.417804 0.418195 0.013541 0.014884
0 0.232598 0.420907 0.014660 0.015692
0 0.234221 0.753433 0.015667 0.016615
0 0.415454 0.172205 0.016003 0.014653
0 0.170658 0.359063 0.014772 0.017076
0 0.864089 0.427830 0.015779 0.017076
0 0.444270 0.203242 0.013653 0.015807
0 0.819550 0.428984 0.013988 0.015230
0 0.260519 0.647802 0.016115 0.014884
0 0.777137 0.793354 0.015555 0.016615
0 0.244405 0.220895 0.014100 0.015346
0 0.215868 0.250894 0.014548 0.014884
0 0.504029 0.721126 0.015443 0.016384
0 0.445445 0.538999 0.015107 0.014653
0 0.761806 0.611688 0.013317 0.016499
0 0.702272 0.307430 0.013765 0.015115
0 0.246139 0.358198 0.015107 0.016038
0 0.231703 0.569863 0.013765 0.015692
0 0.214917 0.236529 0.014436 0.016153
0 0.832699 0.229491 0.015443 0.014076
0 0.715477 0.231222 0.014212 0.014999
0 0.560709 0.704915 0.016450 0.016269
0 0.401802 0.568997 0.014660 0.014653
0 0.630651 0.217895 0.014212 0.013961
0 0.460329 0.477732 0.013765 0.015346
0 0.745748 0.307661 0.013429 0.015346
0 0.544203 0.232491 0.014996 0.013846
0 0.302652 0.781816 0.014660 0.014307
0 0.301533 0.251240 0.014660 0.016961
0 0.861571 0.337775 0.016115 0.015807
0 0.863250 0.610592 0.017457 0.016846
0 0.403312 0.478539 0.015219 0.016269
0 0.847079 0.244087 0.014884 0.015576
0 0.731256 0.231049 0.014660 0.015115
0 0.745971 0.260990 0.013653 0.016846
0 0.317480 0.676359 0.012981 0.014999
0 0.687892 0.261336 0.014324 0.016846
0 0.803939 0.259894 0.014324 0.015115
0 0.574138 0.202665 0.013541 0.015115
0 0.702663 0.445483 0.013653 0.013846
0 0.215756 0.266990 0.014100 0.017307
0 0.675078 0.596689 0.014660 0.014884
0 0.818319 0.384274 0.014436 0.014192
0 0.675190 0.670878 0.013541 0.015115
0 0.863474 0.473059 0.017905 0.015922
0 0.576265 0.736933 0.017122 0.016384
0 0.762254 0.717030 0.013988 0.014653
0 0.673624 0.262086 0.014212 0.014423
0 0.360676 0.615726 0.013205 0.015576
0 0.760799 0.490135 0.012645 0.016153
0 0.660083 0.490077 0.013317 0.012807
0 0.731591 0.186108 0.013541 0.015230
0 0.357543 0.157840 0.014772 0.014769
0 0.544035 0.172378 0.015779 0.015230
0 0.674407 0.323238 0.015107 0.015807
0 0.559143 0.310084 0.015107 0.015115
0 0.287433 0.296642 0.013765 0.014307
0 0.646374 0.461059 0.013429 0.014307
0 0.216876 0.526191 0.015667 0.017884
0 0.331468 0.539114 0.013205 0.014653
0 0.415958 0.233010 0.015443 0.016269
0 0.417637 0.782624 0.014996 0.014307
0 0.833483 0.579901 0.017457 0.015922
0 0.402753 0.766874 0.015891 0.017422
0 0.472135 0.217434 0.014100 0.015115
0 0.401914 0.204050 0.013541 0.015346
0 0.502406 0.568190 0.016003 0.013499
0 0.674463 0.491116 0.014996 0.016499
0 0.817424 0.154436 0.013988 0.015807
0 0.660251 0.308930 0.014100 0.015346
0 0.170826 0.648321 0.015555 0.015230
0 0.429834 0.218299 0.014324 0.018230
0 0.171050 0.375043 0.014660 0.017192
0 0.661761 0.735376 0.013765 0.017192
0 0.301925 0.583881 0.013876 0.013269
0 0.731703 0.292143 0.014212 0.014307
0 0.560430 0.673647 0.017234 0.014653
0 0.832643 0.244029 0.014212 0.016615
0 0.344841 0.327160 0.014212 0.016269
0 0.760519 0.474097 0.013205 0.014769
0 0.588295 0.293354 0.013876 0.016499
0 0.646262 0.354736 0.014772 0.016499
0 0.560206 0.386870 0.014548 0.014538
0 0.260519 0.358890 0.015443 0.013499
0 0.217099 0.435733 0.014548 0.016961
0 0.402249 0.539922 0.013988 0.016038
0 0.230360 0.267394 0.014436 0.018115
0 0.329846 0.204511 0.014660 0.015115
0 0.576321 0.751471 0.014996 0.014999
0 0.258225 0.204223 0.012869 0.015230
0 0.260463 0.405388 0.014436 0.015576
0 0.530215 0.293354 0.014324 0.013269
0 0.631770 0.416407 0.015555 0.018230
0 0.818207 0.399273 0.014436 0.015576
0 0.402305 0.295027 0.012981 0.014538
0 0.645983 0.294162 0.014436 0.015346
0 0.152977 0.237799 0.015891 0.016153
0 0.460609 0.448252 0.014772 0.015461
0 0.246251 0.374813 0.014660 0.016499
0 0.234333 0.662340 0.014996 0.016038
0 0.172001 0.678782 0.017010 0.017538
0 0.675302 0.536287 0.013765 0.015922
0 0.416853 0.539114 0.014996 0.015807
0 0.776410 0.565363 0.015443 0.015922
0 0.689179 0.582151 0.013093 0.016269
0 0.346128 0.812796 0.014100 0.017884
0 0.574698 0.476866 0.014660 0.013615
0 0.244684 0.252221 0.014660 0.015692
0 0.234277 0.767913 0.014660 0.014653
0 0.572963 0.156686 0.016786 0.016615
0 0.418196 0.493193 0.014548 0.018115
0 0.660139 0.475712 0.014324 0.017076
0 0.431121 0.340891 0.014884 0.014884
0 0.716708 0.261394 0.013988 0.014653
0 0.836224 0.671859 0.019136 0.016615
0 0.603906 0.401985 0.016674 0.015230
0 0.789503 0.306392 0.013429 0.015807
0 0.318039 0.842910 0.015443 0.015346
0 0.833594 0.352429 0.015667 0.015346
0 0.330125 0.219857 0.014548 0.015576
0 0.502406 0.613649 0.016003 0.015346
0 0.359949 0.480328 0.014660 0.017538
0 0.575817 0.795719 0.017793 0.014653
0 0.345624 0.691185 0.013988 0.014423
0 0.260687 0.420099 0.016003 0.016153
0 0.617055 0.278701 0.014324 0.015576
0 0.217771 0.662167 0.013429 0.013846
0 0.236235 0.829353 0.014772 0.013846
0 0.345177 0.569055 0.015107 0.014769
0 0.302372 0.796873 0.011862 0.014423
0 0.358214 0.188474 0.014772 0.016961
0 0.674183 0.386120 0.014212 0.015576
0 0.543979 0.247375 0.015219 0.014769
0 0.588295 0.172955 0.014548 0.016615
0 0.688339 0.536229 0.012310 0.015115
0 0.169539 0.191012 0.013205 0.016269
0 0.302540 0.843083 0.014212 0.016384
0 0.745468 0.368755 0.014884 0.016846
0 0.301030 0.281297 0.013205 0.013384
0 0.418532 0.752163 0.014772 0.012230
0 0.401242 0.187550 0.013317 0.016961
0 0.776746 0.687204 0.015443 0.016384
0 0.574978 0.461867 0.012981 0.016153
0 0.444886 0.432733 0.016003 0.013961
0 0.402921 0.464117 0.014660 0.016038
0 0.731088 0.245529 0.013653 0.016615
0 0.200929 0.678320 0.017122 0.015922
0 0.302037 0.598535 0.012757 0.014653
0 0.475380 0.461925 0.014324 0.015115
0 0.660810 0.505481 0.013653 0.017538
0 0.473030 0.187031 0.012757 0.014307
0 0.646094 0.261625 0.014436 0.013269
0 0.616775 0.187147 0.012869 0.014307
0 0.776186 0.701973 0.013429 0.012923
0 0.688339 0.641745 0.014324 0.013153
0 0.659915 0.445829 0.014324 0.016615
0 0.404264 0.812046 0.014660 0.014999
0 0.417413 0.584112 0.014772 0.014653
0 0.574026 0.309392 0.014436 0.013269
0 0.661650 0.536922 0.012645 0.014653
0 0.660027 0.552960 0.014100 0.017884
0 0.201880 0.829526 0.014772 0.016038
0 0.230248 0.312276 0.013317 0.016730
0 0.302205 0.554806 0.012198 0.016499
0 0.287713 0.265663 0.015219 0.016269
0 0.847303 0.229491 0.014884 0.015692
0 0.200761 0.647225 0.013876 0.015346
0 0.219561 0.843544 0.015891 0.016846
0 0.688060 0.322545 0.013317 0.015576
0 0.171441 0.298373 0.013876 0.017769
0 0.834714 0.564901 0.013876 0.017076
0 0.776298 0.717203 0.014324 0.014999
0 0.331860 0.554229 0.013765 0.016269
0 0.659859 0.385947 0.015331 0.014999
0 0.346128 0.662398 0.014324 0.016384
0 0.402417 0.280605 0.013876 0.014076
0 0.460944 0.462559 0.015219 0.014999
0 0.402697 0.660552 0.014212 0.014769
0 0.517010 0.202204 0.014548 0.014653
0 0.774228 0.215530 0.013541 0.017076
0 0.817592 0.230876 0.014100 0.016384
0 0.631379 0.354390 0.014548 0.015576
0 0.528984 0.186916 0.013876 0.016153
0 0.758505 0.261682 0.015667 0.016384
0 0.417413 0.660205 0.013205 0.015230
0 0.474317 0.356582 0.016003 0.016499
0 0.746027 0.474616 0.014660 0.014653
0 0.202831 0.798027 0.012869 0.013961
0 0.302428 0.691646 0.014436 0.015346
0 0.286594 0.249913 0.013653 0.013615
0 0.403368 0.403658 0.013317 0.016269
0 0.330181 0.616072 0.015331 0.017422
0 0.647269 0.613015 0.013653 0.015692
0 0.646318 0.232722 0.014660 0.016384
0 0.661370 0.673589 0.013876 0.016153
0 0.676533 0.794277 0.014884 0.015230
0 0.859669 0.154033 0.014548 0.016384
0 0.475884 0.752683 0.016226 0.015807
0 0.331580 0.327218 0.014100 0.015922
0 0.788776 0.199435 0.013541 0.015115
0 0.503413 0.371640 0.016450 0.014769
0 0.577384 0.841468 0.015107 0.014769
0 0.716372 0.217030 0.013765 0.015230
0 0.331804 0.584458 0.014324 0.015346
0 0.863250 0.399042 0.017905 0.015115
0 0.647773 0.644110 0.013765 0.014884
0 0.761638 0.580247 0.013205 0.016615
0 0.774564 0.184262 0.013988 0.013153
0 0.648333 0.779912 0.016226 0.016269
0 0.259736 0.344006 0.015219 0.017192
0 0.474038 0.325199 0.015891 0.016269
0 0.503357 0.538018 0.016562 0.015230
0 0.229633 0.220665 0.013653 0.013038
0 0.835889 0.748356 0.015779 0.016615
0 0.403201 0.372216 0.013205 0.014999
0 0.445054 0.446752 0.014548 0.016153
0 0.834210 0.428580 0.014436 0.014192
0 0.616943 0.217607 0.013205 0.016384
0 0.416350 0.311353 0.014884 0.016730
0 0.503749 0.659686 0.015779 0.016961
0 0.331356 0.599977 0.012534 0.016846
0 0.446676 0.841929 0.016226 0.016384
0 0.317088 0.631245 0.012869 0.015692
0 0.230696 0.282912 0.015331 0.017076
0 0.169427 0.207050 0.013205 0.015576
0 0.346296 0.767624 0.015107 0.014999
0 0.576432 0.659975 0.015219 0.017538
0 0.648836 0.764682 0.013205 0.014653
0 0.660139 0.459848 0.013876 0.013961
0 0.645703 0.217665 0.013653 0.013730
0 0.788440 0.153629 0.014212 0.016499
0 0.286985 0.219280 0.013317 0.014653
0 0.730976 0.215934 0.013429 0.015576
0 0.659747 0.202319 0.014436 0.015346
0 0.603682 0.446175 0.016450 0.016846
0 0.245803 0.406311 0.013317 0.016961
0 0.576656 0.810834 0.014996 0.014884
0 0.660586 0.644168 0.014548 0.015230
0 0.700929 0.185647 0.013988 0.016615
0 0.746979 0.596516 0.015891 0.017076
0 0.503637 0.386004 0.016226 0.015346
0 0.588239 0.203415 0.016898 0.015461
0 0.760631 0.429676 0.013205 0.014076
0 0.776690 0.626053 0.016003 0.016384
0 0.688339 0.627091 0.013429 0.015461
0 0.762142 0.686916 0.013317 0.014884
0 0.260967 0.434983 0.016562 0.015461
0 0.676701 0.809911 0.015219 0.016730
0 0.703782 0.490077 0.015667 0.014884
0 0.217267 0.585381 0.013317 0.016038
0 0.460329 0.417965 0.013988 0.014653
0 0.660642 0.613765 0.014212 0.016499
0 0.530327 0.432676 0.016115 0.015230
0 0.820166 0.520076 0.014772 0.014423
0 0.170266 0.237683 0.015555 0.015461
0 0.230304 0.479232 0.015443 0.016499
0 0.864761 0.791508 0.018017 0.015461
0 0.688731 0.521691 0.013317 0.016038
0 0.616495 0.156052 0.013429 0.016961
0 0.359333 0.630264 0.012981 0.014884
0 0.301477 0.189166 0.013205 0.014423
0 0.460609 0.508538 0.013653 0.016499
0 0.502798 0.781470 0.014996 0.014307
0 0.344729 0.295835 0.013093 0.017538
0 0.473758 0.674513 0.017122 0.015461
0 0.418140 0.842621 0.015555 0.017076
0 0.674015 0.354563 0.013429 0.016615
0 0.818543 0.306046 0.013317 0.012346
0 0.415566 0.263413 0.013093 0.014769
0 0.502182 0.155879 0.015779 0.014538
0 0.233438 0.632572 0.014324 0.014653
0 0.789223 0.244894 0.012422 0.014653
0 0.345457 0.796527 0.014772 0.016499
0 0.817368 0.184897 0.014100 0.014653
0 0.359669 0.357217 0.013876 0.015922
0 0.688507 0.201800 0.012198 0.014999
0 0.687724 0.154725 0.013765 0.015692
0 0.630987 0.309565 0.013988 0.016846
0 0.216652 0.282105 0.013876 0.015922
0 0.863865 0.824334 0.016674 0.016038
0 0.864425 0.716338 0.015779 0.014884
0 0.672449 0.155475 0.014100 0.015807
0 0.331804 0.676070 0.012310 0.013730
0 0.588462 0.247894 0.015331 0.015807
0 0.301701 0.539460 0.015219 0.013730
0 0.245859 0.343083 0.013653 0.016269
0 0.216596 0.480328 0.014660 0.016846
0 0.273500 0.296469 0.012757 0.014192
0 0.530830 0.279047 0.014884 0.015807
0 0.688675 0.369736 0.014548 0.016499
0 0.577328 0.780489 0.016562 0.015346
0 0.648612 0.750260 0.014996 0.014653
0 0.645815 0.386177 0.015219 0.016615
0 0.460497 0.432964 0.014548 0.015346
0 0.502070 0.765663 0.017793 0.016846
0 0.688115 0.215530 0.013205 0.015692
0 0.688507 0.338756 0.014884 0.015692
0 0.315354 0.235202 0.012757 0.017192
0 0.227786 0.160552 0.016226 0.018115
0 0.216820 0.297162 0.014660 0.015346
0 0.746979 0.489673 0.015219 0.017307
0 0.403536 0.751067 0.012534 0.013269
0 0.302652 0.510557 0.013988 0.015230
0 0.316193 0.342910 0.014660 0.015922
0 0.474485 0.492327 0.014996 0.012692
0 0.776690 0.778009 0.014436 0.015461
0 0.245132 0.310834 0.015107 0.012230
0 0.689179 0.490597 0.015107 0.014769
0 0.746531 0.276970 0.013429 0.017653
0 0.647437 0.597612 0.013093 0.016499
0 0.831412 0.184839 0.015331 0.014538
0 0.316920 0.479462 0.013876 0.012807
0 0.460049 0.356756 0.013429 0.017076
0 0.343778 0.234626 0.014772 0.014192
0 0.218778 0.647860 0.015667 0.016153
0 0.401914 0.342448 0.016003 0.013153
0 0.474933 0.387331 0.014100 0.016615
0 0.558471 0.187839 0.015779 0.015922
0 0.216540 0.404811 0.014548 0.014884
0 0.403648 0.797104 0.014772 0.016038
0 0.502742 0.278585 0.015331 0.015807
0 0.602786 0.506115 0.013765 0.014423
0 0.429834 0.188127 0.014996 0.015576
0 0.732151 0.337718 0.015107 0.016615
0 0.473310 0.310142 0.015331 0.015230
0 0.460105 0.372505 0.014212 0.016730
0 0.776074 0.596400 0.013653 0.012692
0 0.345345 0.752567 0.015443 0.016730
0 0.575593 0.598189 0.014884 0.015807
0 0.659411 0.401292 0.013317 0.014999
0 0.544203 0.294393 0.013205 0.016038
0 0.474765 0.402850 0.014884 0.015115
0 0.273389 0.327334 0.012981 0.015922
0 0.776578 0.641918 0.014884 0.016499
0 0.761694 0.596112 0.012869 0.015115
0 0.819774 0.443810 0.013093 0.015115
0 0.154767 0.252856 0.015891 0.013730
0 0.659411 0.339045 0.013988 0.016269
0 0.234949 0.708319 0.014884 0.018230
0 0.315969 0.327853 0.015107 0.015576
0 0.345401 0.706415 0.016898 0.017653
0 0.775403 0.551286 0.012981 0.014307
0 0.846240 0.199781 0.013876 0.013038
0 0.172057 0.844756 0.015779 0.014884
0 0.702272 0.430657 0.011974 0.015346
0 0.244852 0.205607 0.015219 0.015692
0 0.346184 0.842275 0.015555 0.014307
0 0.744628 0.445079 0.017010 0.015346
0 0.418196 0.690723 0.015667 0.015807
0 0.602786 0.156052 0.014660 0.016038
0 0.529376 0.201973 0.012422 0.015346
0 0.445110 0.294335 0.013541 0.016153
0 0.345568 0.342218 0.014324 0.015461
0 0.630539 0.386697 0.014436 0.016730
0 0.746195 0.429907 0.016115 0.016846
0 0.170378 0.450329 0.014660 0.015461
0 0.702999 0.522153 0.014324 0.016499
0 0.588742 0.309507 0.014996 0.015346
0 0.703391 0.475193 0.015107 0.015346
0 0.215253 0.221991 0.015107 0.016153
0 0.573691 0.231626 0.013541 0.016499
0 0.761582 0.565017 0.012645 0.015692
0 0.444662 0.156052 0.016226 0.016038
0 0.630372 0.187031 0.014100 0.016846
0 0.817312 0.170128 0.013541 0.015807
0 0.273277 0.265201 0.013876 0.014884
0 0.260519 0.449752 0.014772 0.015230
0 0.301645 0.266644 0.014436 0.016153
0 0.530774 0.448367 0.016115 0.016153
0 0.260295 0.783489 0.016115 0.014423
0 0.574922 0.613361 0.014436 0.016384
0 0.361739 0.796873 0.015107 0.016730
0 0.402921 0.645206 0.012869 0.014999
0 0.761079 0.657494 0.014772 0.015576
0 0.231815 0.390100 0.014436 0.016153
0 0.648389 0.734914 0.014100 0.016269
0 0.302149 0.205031 0.013429 0.017999
0 0.864145 0.458405 0.013429 0.013846
0 0.675750 0.780720 0.013317 0.012576
0 0.659915 0.416292 0.013876 0.015230
0 0.660251 0.232318 0.014100 0.015807
0 0.745803 0.154956 0.015779 0.017769
0 0.588127 0.156398 0.014436 0.016961
0 0.659691 0.293585 0.013429 0.016730
0 0.761135 0.504615 0.013093 0.014653
0 0.631882 0.323641 0.014436 0.015922
0 0.863585 0.762201 0.015667 0.016615
0 0.818767 0.414099 0.013541 0.013846
0 0.834042 0.473520 0.017457 0.015922
0 0.688787 0.506057 0.014548 0.014769
0 0.703671 0.505711 0.014324 0.016153
0 0.688507 0.552383 0.013988 0.017192
0 0.331636 0.494981 0.013317 0.014538
0 0.560542 0.598246 0.015443 0.015922
0 0.273612 0.159628 0.015891 0.016269
0 0.576600 0.826295 0.015331 0.017192
0 0.517066 0.171397 0.013765 0.016038
0 0.233382 0.601246 0.016226 0.015922
0 0.343778 0.187666 0.013429 0.015807
0 0.632218 0.370947 0.014884 0.017999
0 0.646094 0.401581 0.013765 0.013269
0 0.603850 0.430368 0.015891 0.013153
0 0.260463 0.495385 0.016226 0.015576
0 0.372762 0.158071 0.014100 0.015922
0 0.445333 0.462501 0.013541 0.016269
0 0.528872 0.263182 0.016562 0.017307
0 0.544091 0.278932 0.013653 0.017192
0 0.646486 0.338352 0.013876 0.015576
0 0.473870 0.296239 0.015107 0.015576
0 0.236851 0.843948 0.015779 0.016269
0 0.473646 0.155706 0.015555 0.016730
0 0.675470 0.763701 0.012757 0.013615
0 0.762366 0.701915 0.012422 0.015576
0 0.559367 0.401408 0.015331 0.014769
0 0.731703 0.171628 0.014884 0.017422
0 0.260463 0.374178 0.015107 0.014307
0 0.301981 0.311930 0.014660 0.016499
0 0.762142 0.734049 0.014212 0.017307
0 0.502910 0.247144 0.014996 0.017307
0 0.234501 0.692050 0.013765 0.016384
0 0.673679 0.231914 0.013653 0.016153
0 0.502294 0.751529 0.017793 0.016038
0 0.689291 0.400888 0.012422 0.016269
0 0.387813 0.188300 0.013988 0.015230
0 0.833986 0.488289 0.015555 0.015922
0 0.344953 0.508596 0.013988 0.014999
0 0.645591 0.370370 0.013876 0.016384
0 0.259232 0.327968 0.015555 0.015346
0 0.646990 0.567382 0.013317 0.016730
0 0.661594 0.751183 0.014548 0.015576
0 0.202328 0.753086 0.013429 0.018461
0 0.658796 0.370313 0.012310 0.015807
0 0.701600 0.201858 0.014660 0.016730
0 0.701824 0.385312 0.013988 0.013961
0 0.259960 0.465155 0.015443 0.015576
0 0.416965 0.569574 0.015443 0.017192
0 0.332084 0.342968 0.014212 0.016730
0 0.516562 0.155706 0.013205 0.013730
0 0.646542 0.203184 0.014212 0.016846
0 0.185821 0.251817 0.014884 0.014423
0 0.154767 0.526364 0.014772 0.014307
0 0.170770 0.282393 0.013876 0.016038
0 0.675134 0.551863 0.014100 0.017076
0 0.459434 0.324507 0.012422 0.014884
0 0.647325 0.416003 0.014436 0.016038
0 0.818207 0.473174 0.014884 0.014999
0 0.645759 0.431349 0.013988 0.014884
0 0.317704 0.450040 0.014996 0.014653
0 0.661034 0.704742 0.014324 0.016384
0 0.332308 0.752452 0.012198 0.016730
0 0.232095 0.328257 0.014772 0.017307
0 0.776466 0.657552 0.014660 0.017076
0 0.731647 0.154725 0.014772 0.016384
0 0.834154 0.519211 0.013653 0.012692
0 0.560989 0.613073 0.013653 0.017192
0 0.473534 0.341121 0.014884 0.016499
0 0.403256 0.782855 0.014660 0.014076
0 0.732822 0.353409 0.014436 0.015230
0 0.659971 0.355256 0.014212 0.015692
0 0.661034 0.719626 0.013876 0.015230
0 0.648053 0.689743 0.014772 0.017076
0 0.745356 0.399562 0.014212 0.015692
0 0.458371 0.155936 0.013429 0.016269
0 0.331748 0.691935 0.013988 0.016615
0 0.217379 0.676532 0.013765 0.014884
0 0.219953 0.722741 0.014884 0.016153
0 0.230976 0.297854 0.013205 0.013499
0 0.219338 0.707280 0.015443 0.016153
0 0.361347 0.843198 0.012086 0.014999
0 0.648724 0.704858 0.013653 0.015922
0 0.659915 0.568709 0.015219 0.015692
0 0.846744 0.184781 0.014660 0.016961
0 0.202160 0.707107 0.014212 0.016730
0 0.457811 0.218761 0.013205 0.014538
0 0.317200 0.494000 0.013988 0.016269
0 0.703223 0.536114 0.014324 0.014653
0 0.345457 0.463540 0.013429 0.014884
0 0.777361 0.808642 0.016450 0.018807
0 0.832028 0.594612 0.016115 0.015576
0 0.544035 0.156456 0.015555 0.018692
0 0.575145 0.626976 0.015107 0.015230
0 0.529432 0.170936 0.012534 0.015576
0 0.332363 0.706819 0.015443 0.014999
0 0.704006 0.642033 0.014100 0.015115
0 0.775962 0.536287 0.014324 0.016153
0 0.215812 0.390100 0.013988 0.016846
0 0.646878 0.491923 0.013541 0.016038
0 0.275235 0.389639 0.014660 0.016153
0 0.688395 0.567209 0.013765 0.013384
0 0.617670 0.386581 0.013541 0.015807
0 0.761862 0.642841 0.014548 0.015576
0 0.487802 0.262894 0.014772 0.015576
0 0.460833 0.491923 0.013876 0.012807
0 0.218610 0.691589 0.014436 0.016153
0 0.648500 0.794854 0.013876 0.014307
0 0.332363 0.480155 0.014772 0.015346
0 0.345848 0.676589 0.013988 0.015692
0 0.777249 0.672378 0.016226 0.015807
0 0.819494 0.488462 0.014996 0.016269
0 0.776130 0.581516 0.014660 0.018922
0 0.360228 0.464232 0.014548 0.016038
0 0.863921 0.807257 0.014548 0.017192
0 0.315242 0.174397 0.016115 0.017422
0 0.761694 0.627610 0.013988 0.016499
0 0.573579 0.218588 0.014212 0.012115
0 0.301925 0.342506 0.013653 0.016499
0 0.244796 0.297392 0.014436 0.015115
0 0.660251 0.582843 0.015443 0.016269
0 0.331860 0.509634 0.014212 0.015922
0 0.474261 0.233414 0.017010 0.017076
0 0.287489 0.328026 0.014996 0.016384
0 0.646934 0.583478 0.012757 0.015692
0 0.231032 0.511711 0.016226 0.014999
0 0.458147 0.232722 0.013876 0.016153
0 0.345065 0.478770 0.014660 0.015346
0 0.545546 0.309450 0.013653 0.013846
0 0.244069 0.159917 0.014772 0.016615
0 0.417637 0.797335 0.014996 0.016038
0 0.702943 0.400485 0.014660 0.016153
0 0.357878 0.509288 0.012757 0.016384
0 0.502742 0.233703 0.014212 0.014423
0 0.361907 0.781355 0.014324 0.012923
0 0.234613 0.722222 0.013541 0.014192
0 0.503581 0.262836 0.015667 0.016846
0 0.458706 0.201627 0.014772 0.014884
0 0.688004 0.385197 0.014100 0.015576
0 0.529879 0.156052 0.013653 0.016269
0 0.275459 0.358717 0.012645 0.013846
0 0.155551 0.267394 0.014772 0.016269
0 0.230808 0.494693 0.016226 0.015576
0 0.345457 0.433426 0.015667 0.014653
0 0.274564 0.343544 0.013541 0.017192
0 0.301925 0.327737 0.013429 0.015576
0 0.761470 0.672493 0.014660 0.016038
0 0.245020 0.282508 0.013765 0.016499
0 0.170770 0.252221 0.016562 0.017769
0 0.745636 0.353525 0.014996 0.016384
0 0.244069 0.232433 0.012757 0.011192
0 0.303100 0.495846 0.014212 0.015576
0 0.863921 0.838006 0.012981 0.014538
0 0.645199 0.187320 0.013988 0.016038
0 0.275403 0.373774 0.014324 0.017653
0 0.652137 0.810200 0.020927 0.015922
0 0.244013 0.239298 0.012869 0.011076
0 0.445278 0.782220 0.019919 0.017192
0 0.332308 0.569632 0.012422 0.015461
0 0.318375 0.616015 0.015219 0.014769
0 0.834322 0.609496 0.016898 0.016038
0 0.318263 0.465328 0.015219 0.016153
0 0.676925 0.825257 0.016338 0.013499
0 0.487746 0.245471 0.014212 0.014192
0 0.258057 0.159282 0.014100 0.016499
0 0.459881 0.340487 0.013317 0.017076
0 0.819774 0.536056 0.013765 0.017769
0 0.702048 0.208146 0.014212 0.005538
0 0.185709 0.359236 0.013541 0.015576
0 0.675750 0.701915 0.014436 0.013961
0 0.359669 0.434464 0.014996 0.015115
0 0.359613 0.372678 0.016226 0.015461
0 0.487802 0.232722 0.014548 0.014307
0 0.387310 0.213626 0.013653 0.006807
0 0.776634 0.837314 0.013205 0.015461
0 0.246923 0.327276 0.014212 0.017192
0 0.332140 0.449117 0.014324 0.016961
0 0.649955 0.825776 0.015219 0.015230
0 0.662097 0.795085 0.012869 0.016384
0 0.662321 0.764682 0.012645 0.015346
0 0.216596 0.495442 0.012198 0.015922
0 0.258897 0.259548 0.014660 0.006346
0 0.702440 0.547306 0.014548 0.009577
0 0.661705 0.779970 0.012757 0.014999
0 0.331692 0.532133 0.013429 0.005769
0 0.346967 0.449463 0.013317 0.015807
0 0.169931 0.231453 0.013541 0.008769
0 0.502462 0.207973 0.013876 0.005884
0 0.218051 0.510730 0.014212 0.015346
0 0.415790 0.155821 0.018912 0.018807
0 0.689067 0.559421 0.012422 0.008654
0 0.333427 0.464405 0.010184 0.013615
0 0.702272 0.555844 0.014436 0.010038
0 0.154991 0.280951 0.016338 0.012230
0 0.301477 0.480732 0.014548 0.016269
0 0.360788 0.449694 0.011862 0.016038
0 0.776242 0.572747 0.015555 0.008307
0 0.530718 0.285970 0.013541 0.007730
0 0.752966 0.459617 0.011526 0.016269
0 0.661650 0.726087 0.013988 0.008077
0 0.675078 0.773163 0.012869 0.008307
0 0.317368 0.669493 0.013653 0.007038
0 0.680953 0.354390 0.009848 0.016038
0 0.662992 0.810950 0.013317 0.017192
0 0.173176 0.693377 0.013765 0.011884
0 0.329678 0.189223 0.013653 0.015692
0 0.663216 0.825141 0.011079 0.013038
0 0.680786 0.232145 0.008169 0.016615
0 0.631435 0.316315 0.013093 0.007730
0 0.345848 0.419465 0.015107 0.014192
0 0.171497 0.291046 0.013541 0.008884
0 0.503077 0.271778 0.015779 0.009807
0 0.676533 0.785566 0.013765 0.004961
0 0.316585 0.357679 0.013429 0.012000
0 0.405551 0.834314 0.017234 0.009000
0 0.576265 0.637072 0.017346 0.008192
0 0.317592 0.435156 0.015891 0.015346
0 0.402529 0.349198 0.014548 0.011192
0 0.689291 0.670474 0.013317 0.011307
0 0.703503 0.497404 0.014660 0.012000
0 0.315521 0.212357 0.013988 0.010269
0 0.170490 0.489616 0.014660 0.007038
0 0.282621 0.343544 0.011526 0.016038
0 0.849485 0.444675 0.010295 0.013615
0 0.453391 0.224645 0.007498 0.006231
0 0.676085 0.710569 0.015331 0.007730
0 0.487466 0.254990 0.013876 0.009923
0 0.557912 0.657782 0.015331 0.013615
0 0.363082 0.420215 0.016226 0.020999
0 0.362578 0.481597 0.015219 0.013615
0 0.360564 0.647860 0.015219 0.016846
0 0.362075 0.661532 0.016226 0.010500
0 0.361571 0.676186 0.017234 0.018807
