0 0.848965 0.135860 0.102223 0.096793
0 0.850882 0.278571 0.131613 0.084257
0 0.861871 0.431487 0.129568 0.092711
0 0.858165 0.570117 0.125735 0.119825
0 0.854587 0.715452 0.111423 0.102041
0 0.855354 0.856851 0.115001 0.097959
0 0.720802 0.134694 0.123435 0.096793
0 0.725403 0.296793 0.121390 0.112536
0 0.727191 0.426822 0.128546 0.095627
0 0.728980 0.696647 0.112190 0.085423
0 0.729108 0.860641 0.097623 0.107289
0 0.593918 0.149417 0.103246 0.117493
0 0.597112 0.286880 0.111168 0.117784
0 0.600307 0.424781 0.106823 0.095627
0 0.602990 0.573032 0.108612 0.094752
0 0.600690 0.718367 0.113212 0.083382
0 0.601712 0.866764 0.104012 0.099125
0 0.387299 0.147813 0.116790 0.076968
0 0.388193 0.277405 0.089445 0.090671
0 0.387171 0.423178 0.095068 0.090671
0 0.389088 0.579009 0.104012 0.087464
0 0.389471 0.717930 0.119601 0.080175
0 0.392665 0.863120 0.100434 0.114577
0 0.274470 0.145335 0.088423 0.094752
0 0.265270 0.286880 0.101201 0.107289
0 0.266164 0.434548 0.121390 0.109329
0 0.264886 0.579300 0.122412 0.107289
0 0.265270 0.726239 0.119601 0.088630
0 0.263481 0.852624 0.110401 0.085423
0 0.133529 0.151458 0.116790 0.102915
0 0.131740 0.295773 0.113212 0.112245
0 0.134807 0.439796 0.112190 0.055102
0 0.132124 0.587755 0.113979 0.067638
0 0.137490 0.722012 0.119601 0.084257
0 0.133529 0.868367 0.107590 0.089504
