0 0.453025 0.473552 0.027232 0.022299
0 0.806166 0.401815 0.025481 0.024028
0 0.532192 0.831720 0.026065 0.025065
0 0.454289 0.616335 0.027038 0.024373
0 0.913927 0.632239 0.024703 0.022645
0 0.700058 0.455402 0.027621 0.017459
0 0.890488 0.303457 0.025676 0.023336
0 0.426084 0.539067 0.023925 0.022299
0 0.834371 0.329386 0.026649 0.021262
0 0.427252 0.560933 0.025870 0.017632
0 0.453219 0.409162 0.025287 0.022818
0 0.587337 0.545376 0.026649 0.021780
0 0.673799 0.398617 0.026843 0.021435
0 0.397102 0.641573 0.025870 0.020916
0 0.426084 0.371737 0.027427 0.021953
0 0.339525 0.858427 0.024703 0.023855
0 0.310834 0.833967 0.025287 0.022990
0 0.677300 0.085393 0.027621 0.025238
0 0.068177 0.816162 0.024314 0.024028
0 0.700642 0.433708 0.025676 0.023855
0 0.860047 0.571219 0.025870 0.021608
0 0.562926 0.470700 0.024898 0.026966
0 0.644524 0.521608 0.025870 0.022645
0 0.369383 0.639499 0.025287 0.023336
0 0.260261 0.459983 0.025676 0.022818
0 0.456040 0.323855 0.026259 0.022299
0 0.283991 0.872774 0.024898 0.023855
0 0.591616 0.368453 0.023536 0.023682
0 0.806847 0.139585 0.024120 0.021608
0 0.284380 0.895073 0.024120 0.019706
0 0.208228 0.356871 0.027038 0.026102
0 0.752675 0.453760 0.024314 0.024201
0 0.395740 0.903198 0.025481 0.022818
0 0.424820 0.478825 0.023731 0.028695
0 0.369383 0.616508 0.025676 0.023336
0 0.831064 0.215298 0.025870 0.021953
0 0.859949 0.548747 0.023342 0.022645
0 0.752091 0.597580 0.023925 0.028003
0 0.834954 0.303803 0.024703 0.028176
0 0.399241 0.283405 0.026649 0.022299
0 0.450593 0.864564 0.023147 0.025411
0 0.862089 0.233016 0.025287 0.021780
0 0.398658 0.569144 0.026649 0.024719
0 0.584906 0.789196 0.023731 0.018150
0 0.721747 0.814347 0.024314 0.025929
0 0.424917 0.785566 0.026259 0.024373
0 0.938339 0.808297 0.024898 0.024892
0 0.337677 0.810804 0.025287 0.024719
0 0.593659 0.105013 0.026454 0.021953
0 0.537347 0.056180 0.027038 0.024201
0 0.371815 0.219274 0.023536 0.021608
0 0.453706 0.547450 0.023147 0.024201
0 0.886987 0.611150 0.025287 0.020916
0 0.180510 0.352463 0.027621 0.023855
0 0.702101 0.363872 0.026259 0.020052
0 0.180510 0.285739 0.025676 0.021089
0 0.453803 0.571305 0.024509 0.021780
0 0.256176 0.802161 0.024898 0.021262
0 0.480743 0.440449 0.023147 0.023855
0 0.827174 0.829386 0.024314 0.021435
0 0.538028 0.189888 0.024898 0.025065
0 0.887473 0.565082 0.023536 0.024546
0 0.312099 0.632671 0.024703 0.023163
0 0.645205 0.547018 0.024120 0.024719
0 0.315600 0.540968 0.026649 0.022645
0 0.565746 0.084443 0.022758 0.020916
0 0.288952 0.353155 0.026259 0.025929
0 0.593464 0.063354 0.023731 0.018842
0 0.394184 0.832152 0.028205 0.025929
0 0.343318 0.393863 0.024509 0.018496
0 0.200642 0.826880 0.023536 0.024028
0 0.481910 0.377701 0.026649 0.023163
0 0.671951 0.522990 0.023925 0.023336
0 0.172243 0.878652 0.023147 0.023855
0 0.833787 0.123509 0.025092 0.019188
0 0.834079 0.349525 0.025287 0.017286
0 0.642774 0.692308 0.023536 0.021780
0 0.566232 0.104927 0.023731 0.020743
0 0.620502 0.059032 0.025676 0.022299
0 0.146178 0.881677 0.025092 0.024719
0 0.587726 0.766811 0.023536 0.024546
0 0.616223 0.545549 0.023731 0.025929
0 0.728944 0.372169 0.023925 0.024201
0 0.832620 0.416162 0.023147 0.024719
0 0.880276 0.881763 0.025481 0.024201
0 0.180023 0.308384 0.024703 0.023855
0 0.424820 0.811322 0.024509 0.026448
0 0.670006 0.786603 0.026649 0.024373
0 0.454678 0.522299 0.024314 0.024028
0 0.859074 0.615212 0.025481 0.019706
0 0.263276 0.034486 0.026649 0.019533
0 0.480257 0.617113 0.024509 0.020398
0 0.560397 0.548574 0.023342 0.027485
0 0.124003 0.612273 0.024703 0.023163
0 0.833398 0.166984 0.026259 0.022818
0 0.727582 0.350562 0.022758 0.018323
0 0.292550 0.034486 0.025676 0.019533
0 0.479965 0.550475 0.022369 0.023336
0 0.366174 0.788764 0.025870 0.020743
0 0.556312 0.899741 0.025676 0.023855
0 0.234098 0.062143 0.024314 0.024028
0 0.402743 0.085220 0.026649 0.024892
0 0.675063 0.375627 0.023925 0.023509
0 0.427252 0.303198 0.024703 0.023163
0 0.344291 0.354538 0.025287 0.025929
0 0.591033 0.303025 0.023147 0.025583
0 0.726999 0.439844 0.023925 0.021608
0 0.538319 0.162748 0.027038 0.024719
0 0.537736 0.390406 0.027816 0.023336
0 0.614180 0.903544 0.028205 0.026621
0 0.699475 0.522040 0.025287 0.023855
0 0.860533 0.392135 0.023342 0.022990
0 0.938825 0.835696 0.026259 0.025756
0 0.317545 0.335004 0.023147 0.022472
0 0.289341 0.172861 0.028205 0.022818
0 0.665727 0.902852 0.028205 0.022472
0 0.173604 0.833708 0.023147 0.022126
0 0.314044 0.563440 0.025092 0.018842
0 0.535207 0.522990 0.025092 0.023336
0 0.862089 0.347882 0.023342 0.025065
0 0.259580 0.480899 0.023925 0.017286
0 0.591033 0.345030 0.023147 0.021780
0 0.284089 0.633794 0.022758 0.022299
0 0.559327 0.810112 0.022758 0.024719
0 0.468002 0.131634 0.033846 0.020570
0 0.888932 0.384443 0.026454 0.021780
0 0.206769 0.083751 0.026065 0.021608
0 0.726707 0.580899 0.022953 0.020225
0 0.583836 0.903025 0.025481 0.024892
0 0.887376 0.521089 0.025676 0.020570
0 0.454873 0.386344 0.024314 0.022472
0 0.832328 0.546154 0.025676 0.021262
0 0.454970 0.366119 0.026843 0.019706
0 0.617195 0.521175 0.025676 0.023163
0 0.375024 0.060933 0.023342 0.022299
0 0.671367 0.477874 0.025870 0.025756
0 0.338845 0.834831 0.026065 0.022645
0 0.290313 0.124460 0.026649 0.022126
0 0.944077 0.307347 0.021980 0.021780
0 0.721747 0.838634 0.024314 0.024719
0 0.646956 0.304494 0.023731 0.022645
0 0.231959 0.591703 0.023147 0.023163
0 0.702490 0.408557 0.027427 0.021262
0 0.340887 0.634313 0.027427 0.023682
0 0.372009 0.475108 0.028205 0.024028
0 0.234585 0.336387 0.020619 0.020052
0 0.828438 0.896543 0.024120 0.021608
0 0.258899 0.611322 0.024509 0.016422
0 0.318712 0.174589 0.023925 0.024201
0 0.566524 0.035436 0.022758 0.026275
0 0.587532 0.567156 0.025092 0.023163
0 0.178078 0.084183 0.022758 0.024892
0 0.286326 0.612532 0.025287 0.020225
0 0.890391 0.279602 0.025481 0.022299
0 0.806555 0.428608 0.026259 0.023682
0 0.564190 0.129732 0.025481 0.028176
0 0.859949 0.523855 0.021397 0.025065
0 0.481132 0.401210 0.025870 0.024546
0 0.231472 0.614952 0.022564 0.021262
0 0.467613 0.150130 0.033067 0.019533
0 0.669909 0.695160 0.023731 0.023682
0 0.889224 0.233794 0.025870 0.022645
0 0.374635 0.083405 0.025287 0.021608
0 0.721941 0.789283 0.023536 0.021435
0 0.913441 0.672774 0.025287 0.020398
0 0.284089 0.716940 0.026259 0.022645
0 0.427932 0.281590 0.024509 0.019360
0 0.888349 0.408989 0.027232 0.023509
0 0.257732 0.634313 0.022564 0.025411
0 0.454386 0.592481 0.026065 0.021262
0 0.588699 0.473639 0.024314 0.024892
0 0.069831 0.790666 0.023342 0.022472
0 0.451955 0.788678 0.021980 0.023336
0 0.804610 0.454192 0.024703 0.022990
0 0.233223 0.457995 0.024898 0.018842
0 0.648512 0.082195 0.025676 0.019188
0 0.942035 0.522818 0.019840 0.022299
0 0.426960 0.518237 0.023731 0.017286
0 0.617876 0.234831 0.026259 0.021262
0 0.727485 0.561884 0.023731 0.020225
0 0.828341 0.786171 0.025481 0.024546
0 0.728749 0.327658 0.021591 0.022299
0 0.348570 0.054365 0.025676 0.017805
0 0.888738 0.361193 0.024509 0.022645
0 0.536861 0.139844 0.024509 0.020743
0 0.235071 0.038894 0.024314 0.021089
0 0.880957 0.902766 0.026843 0.019533
0 0.319199 0.128003 0.025676 0.023682
0 0.368022 0.717805 0.027232 0.022299
0 0.125559 0.431720 0.025870 0.022299
0 0.426376 0.390233 0.024509 0.017459
0 0.672632 0.585739 0.025676 0.020916
0 0.312099 0.808297 0.024703 0.024892
0 0.424528 0.876750 0.025870 0.019360
0 0.399047 0.363699 0.025870 0.020743
0 0.454581 0.641832 0.025676 0.025583
0 0.559035 0.832584 0.024898 0.021262
0 0.475880 0.857736 0.025481 0.022126
0 0.614083 0.677355 0.027232 0.021608
0 0.642579 0.716422 0.025092 0.025411
0 0.565357 0.173207 0.025481 0.022472
0 0.369675 0.571997 0.022369 0.023855
0 0.859269 0.634572 0.024703 0.019015
0 0.853336 0.890752 0.023342 0.023163
0 0.860533 0.593863 0.024898 0.024028
0 0.593756 0.083751 0.023925 0.019188
0 0.861992 0.137252 0.025092 0.021435
0 0.452733 0.450994 0.025481 0.022472
0 0.261720 0.284270 0.022758 0.020570
0 0.399047 0.475627 0.023536 0.019188
0 0.617681 0.452723 0.023925 0.024201
0 0.394281 0.807347 0.027232 0.023682
0 0.649290 0.033535 0.025676 0.024546
0 0.804124 0.675627 0.024120 0.021262
0 0.312974 0.657995 0.025676 0.021953
0 0.728360 0.417718 0.023147 0.021953
0 0.747714 0.823163 0.022175 0.025238
0 0.289146 0.438721 0.024703 0.019015
0 0.561078 0.572515 0.022369 0.019360
0 0.741976 0.097494 0.031317 0.017632
0 0.468683 0.170441 0.032095 0.022472
0 0.317156 0.358168 0.026649 0.027312
0 0.888251 0.431806 0.025481 0.023855
0 0.858004 0.695851 0.025676 0.020570
0 0.739059 0.195419 0.030928 0.031979
0 0.311710 0.858427 0.022369 0.023855
0 0.620210 0.081158 0.025481 0.020916
0 0.126046 0.370009 0.024509 0.021608
0 0.537055 0.366465 0.025287 0.024201
0 0.914803 0.521780 0.023731 0.020916
0 0.835635 0.057390 0.022564 0.021780
0 0.696265 0.790925 0.021980 0.022299
0 0.537347 0.080035 0.026649 0.022818
0 0.535499 0.455834 0.023731 0.021089
0 0.858977 0.415903 0.024120 0.021435
0 0.672632 0.420138 0.024509 0.022299
0 0.287298 0.215039 0.024120 0.020743
0 0.648317 0.103457 0.025676 0.020225
0 0.832328 0.442524 0.024509 0.026621
0 0.424723 0.900519 0.027427 0.022990
0 0.808500 0.096283 0.025481 0.023163
0 0.751313 0.408557 0.021202 0.023336
0 0.854406 0.822818 0.026259 0.021435
0 0.452052 0.812273 0.021008 0.021780
0 0.372204 0.390147 0.023147 0.021780
0 0.913538 0.716595 0.024314 0.022299
0 0.937269 0.861106 0.025092 0.024373
0 0.101926 0.177096 0.024898 0.022299
0 0.093659 0.838548 0.023536 0.022126
0 0.914316 0.566292 0.024703 0.019706
0 0.098911 0.477269 0.021980 0.020743
0 0.645497 0.235955 0.025870 0.018323
0 0.537152 0.100778 0.025092 0.017978
0 0.695682 0.835004 0.022369 0.023336
0 0.259288 0.196543 0.023342 0.025929
0 0.620599 0.103630 0.022758 0.021953
0 0.905855 0.880207 0.024120 0.024892
0 0.702587 0.386171 0.024509 0.023509
0 0.258996 0.897321 0.024314 0.019706
0 0.560689 0.640449 0.022369 0.022818
0 0.402743 0.057995 0.023925 0.022990
0 0.914219 0.473725 0.022953 0.022645
0 0.746450 0.914002 0.029761 0.026448
0 0.698210 0.710372 0.026649 0.025411
0 0.286812 0.546845 0.024314 0.021953
0 0.826785 0.874071 0.021591 0.021608
0 0.862770 0.325411 0.025092 0.020570
0 0.257926 0.921262 0.021786 0.025411
0 0.311126 0.942783 0.026259 0.021089
0 0.348084 0.077010 0.022369 0.021608
0 0.592297 0.408384 0.022953 0.021608
0 0.198405 0.940622 0.025287 0.022645
0 0.366757 0.853414 0.025481 0.024201
0 0.886890 0.541746 0.023147 0.019360
0 0.862770 0.159723 0.026259 0.021780
0 0.288854 0.285998 0.021008 0.024719
0 0.753258 0.547191 0.025870 0.021262
0 0.537055 0.119965 0.024120 0.018669
0 0.319101 0.150389 0.025092 0.020398
0 0.886792 0.630424 0.024120 0.018323
0 0.583252 0.927571 0.023536 0.022818
0 0.592881 0.037597 0.023731 0.028522
0 0.261039 0.367934 0.026843 0.026448
0 0.565649 0.061538 0.021008 0.021435
0 0.617487 0.213051 0.021980 0.022645
0 0.179440 0.410458 0.023925 0.022645
0 0.424723 0.430424 0.024703 0.026966
0 0.694709 0.923596 0.028205 0.022818
0 0.258121 0.825670 0.025287 0.022990
0 0.645594 0.215125 0.022953 0.022990
0 0.399241 0.341919 0.025092 0.019015
0 0.179245 0.432498 0.023925 0.021780
0 0.700545 0.566119 0.023925 0.022818
0 0.310543 0.921348 0.022758 0.021780
0 0.582863 0.878047 0.023536 0.024028
0 0.560689 0.663786 0.022758 0.020398
0 0.648706 0.059291 0.022175 0.022818
0 0.283797 0.657649 0.024509 0.024028
0 0.618557 0.350130 0.025287 0.021608
0 0.170784 0.944339 0.024120 0.018669
0 0.881152 0.855661 0.028010 0.025929
0 0.373274 0.432844 0.021008 0.020398
0 0.147150 0.789023 0.024703 0.023682
0 0.857810 0.715730 0.023731 0.020570
0 0.752577 0.430942 0.023342 0.021089
0 0.799844 0.808211 0.026843 0.018842
0 0.397977 0.618323 0.023342 0.022818
0 0.286520 0.569317 0.024509 0.022299
0 0.746936 0.848228 0.023731 0.024201
0 0.647442 0.366811 0.023147 0.017978
0 0.616028 0.654624 0.024120 0.021435
0 0.832717 0.568366 0.023342 0.023163
0 0.535596 0.433449 0.025870 0.022645
0 0.150846 0.454105 0.025092 0.023855
0 0.173021 0.810458 0.025092 0.021953
0 0.863548 0.304667 0.024314 0.023336
0 0.288952 0.393863 0.023925 0.023682
0 0.261233 0.170700 0.025287 0.022645
0 0.703462 0.340795 0.023147 0.022645
0 0.375316 0.130596 0.028205 0.024028
0 0.646761 0.411582 0.023342 0.021435
0 0.347695 0.125583 0.023925 0.017113
0 0.373565 0.152550 0.023536 0.022299
0 0.125267 0.588850 0.023731 0.023682
0 0.477242 0.810112 0.026649 0.022645
0 0.234001 0.311495 0.021008 0.028003
0 0.287298 0.458773 0.024120 0.022126
0 0.888835 0.210804 0.024314 0.022645
0 0.674091 0.151858 0.020813 0.021953
0 0.339720 0.882541 0.028205 0.025756
0 0.340012 0.678738 0.025676 0.021608
0 0.613597 0.925670 0.028205 0.018323
0 0.424431 0.688764 0.025676 0.021608
0 0.559327 0.719015 0.024314 0.019533
0 0.752869 0.385739 0.023536 0.020570
0 0.205894 0.590493 0.023147 0.022472
0 0.257440 0.780553 0.026259 0.021953
0 0.400408 0.153500 0.020813 0.023855
0 0.427543 0.325324 0.024509 0.020052
0 0.675647 0.057649 0.021980 0.026448
0 0.315697 0.434831 0.022953 0.021953
0 0.832426 0.390493 0.021591 0.023855
0 0.556117 0.876923 0.023731 0.023509
0 0.941840 0.547191 0.022175 0.023682
0 0.284186 0.847710 0.026843 0.024546
0 0.368411 0.697494 0.026454 0.018669
0 0.121766 0.788073 0.020619 0.019706
0 0.584225 0.810631 0.021980 0.025756
0 0.699572 0.474849 0.026259 0.020743
0 0.469267 0.205445 0.029372 0.021608
0 0.426279 0.347710 0.025092 0.025756
0 0.533554 0.679775 0.023342 0.025756
0 0.290119 0.103284 0.023925 0.018842
0 0.148123 0.835955 0.024703 0.021089
0 0.535110 0.571305 0.024509 0.017632
0 0.171465 0.900259 0.026259 0.017978
0 0.835052 0.278392 0.026454 0.021262
0 0.366368 0.765341 0.023925 0.025065
0 0.283116 0.964045 0.026259 0.019706
0 0.809570 0.074849 0.023342 0.017978
0 0.726707 0.522299 0.024509 0.022299
0 0.644135 0.591098 0.024314 0.019188
0 0.861700 0.185307 0.024509 0.021435
0 0.619238 0.327658 0.021202 0.019879
0 0.347792 0.033449 0.025287 0.019879
0 0.343902 0.332411 0.024509 0.017632
0 0.371718 0.284097 0.020230 0.022299
0 0.537736 0.033189 0.024314 0.021089
0 0.175841 0.240622 0.022175 0.024201
0 0.701712 0.183665 0.025870 0.028868
0 0.468975 0.033535 0.033846 0.022472
0 0.619627 0.412619 0.027427 0.021435
0 0.347209 0.146327 0.025676 0.021953
0 0.093756 0.879948 0.025676 0.022645
0 0.315697 0.456958 0.026065 0.024028
0 0.311904 0.784270 0.022369 0.020398
0 0.396421 0.663008 0.026843 0.020916
0 0.887181 0.588332 0.022564 0.021608
0 0.366855 0.876059 0.023342 0.019360
0 0.881832 0.829991 0.027427 0.025756
0 0.646275 0.281158 0.024703 0.023682
0 0.098230 0.411755 0.021786 0.024892
0 0.289341 0.147796 0.025092 0.023509
0 0.232348 0.527139 0.020424 0.025756
0 0.806166 0.522818 0.022758 0.021608
0 0.888932 0.168885 0.021397 0.021089
0 0.318810 0.106914 0.024898 0.018150
0 0.671756 0.454970 0.025481 0.019706
0 0.645400 0.435955 0.021786 0.025238
0 0.454775 0.676923 0.022564 0.021435
0 0.728166 0.305532 0.022369 0.022645
0 0.668644 0.833276 0.025870 0.023682
0 0.666796 0.857649 0.026065 0.022990
0 0.289924 0.311063 0.023536 0.024719
0 0.372982 0.368453 0.022758 0.022645
0 0.703365 0.297407 0.021397 0.022299
0 0.394962 0.945030 0.025092 0.021780
0 0.233320 0.285912 0.022758 0.022818
0 0.851877 0.867589 0.026649 0.021780
0 0.556312 0.854278 0.024509 0.023855
0 0.369578 0.661625 0.023342 0.020916
0 0.289632 0.417373 0.023342 0.024373
0 0.398269 0.404322 0.026259 0.020052
0 0.619432 0.126361 0.025870 0.021089
0 0.591616 0.388764 0.020424 0.016595
0 0.699572 0.544685 0.022369 0.020743
0 0.287590 0.523163 0.024314 0.023682
0 0.619432 0.371737 0.026649 0.021262
0 0.396421 0.879948 0.023731 0.023336
0 0.204629 0.214520 0.022564 0.021780
0 0.343027 0.562748 0.023925 0.020225
0 0.751605 0.624719 0.021786 0.024546
0 0.910523 0.832325 0.025676 0.020743
0 0.915970 0.188850 0.023731 0.020570
0 0.831356 0.635350 0.022564 0.023682
0 0.338650 0.786171 0.022953 0.021780
0 0.394281 0.855834 0.024509 0.023855
0 0.864034 0.281850 0.022953 0.024028
0 0.424723 0.454624 0.023147 0.021089
0 0.669811 0.809853 0.026259 0.023163
0 0.374246 0.107519 0.025676 0.022472
0 0.648317 0.124633 0.026843 0.021435
0 0.591519 0.194296 0.025676 0.017978
0 0.671854 0.545376 0.023342 0.022472
0 0.231764 0.478220 0.022758 0.021953
0 0.205894 0.523509 0.022758 0.022990
0 0.398755 0.384010 0.024120 0.020225
0 0.641218 0.765860 0.026649 0.021608
0 0.728555 0.282022 0.025092 0.023336
0 0.395740 0.924806 0.021591 0.017632
0 0.257732 0.590666 0.024898 0.022126
0 0.591616 0.145981 0.021980 0.021608
0 0.859560 0.457476 0.026454 0.021953
0 0.200156 0.894382 0.022953 0.022126
0 0.144622 0.905877 0.022758 0.025411
0 0.258607 0.874589 0.022758 0.025411
0 0.262498 0.056958 0.025092 0.021953
0 0.423069 0.924806 0.029177 0.018669
0 0.644330 0.570095 0.023147 0.020398
0 0.426084 0.666033 0.025481 0.022818
0 0.747228 0.871219 0.025092 0.020398
0 0.888835 0.143993 0.020813 0.024546
0 0.828146 0.808211 0.023147 0.020916
0 0.861408 0.091962 0.021980 0.023163
0 0.470045 0.224028 0.033651 0.016940
0 0.230694 0.780985 0.023731 0.022818
0 0.619140 0.305532 0.021786 0.023336
0 0.316378 0.606742 0.028205 0.025929
0 0.560883 0.763354 0.025870 0.023509
0 0.833398 0.368280 0.025092 0.017459
0 0.560008 0.785739 0.024509 0.023336
0 0.619043 0.281331 0.022758 0.024028
0 0.374927 0.036301 0.023147 0.022818
0 0.343999 0.428263 0.026649 0.018496
0 0.316184 0.217891 0.021202 0.021953
0 0.147053 0.812792 0.024898 0.022818
0 0.451858 0.715990 0.026454 0.023509
0 0.534624 0.591184 0.025481 0.024201
0 0.173313 0.855748 0.021008 0.019879
0 0.317545 0.196197 0.024314 0.019360
0 0.480840 0.574071 0.025676 0.022472
0 0.287395 0.480294 0.025481 0.020570
0 0.746158 0.938634 0.028788 0.021435
0 0.618751 0.392221 0.024120 0.019015
0 0.831842 0.237338 0.028594 0.022126
0 0.527329 0.963872 0.025676 0.023163
0 0.283797 0.800864 0.025287 0.018669
0 0.832815 0.192308 0.027816 0.021953
0 0.425793 0.581072 0.024509 0.023336
0 0.256662 0.719274 0.023925 0.017286
0 0.754133 0.523682 0.022175 0.024028
0 0.282824 0.940882 0.025287 0.020398
0 0.480840 0.524546 0.021786 0.027139
0 0.720482 0.861798 0.024120 0.022990
0 0.288076 0.236992 0.025676 0.019706
0 0.536472 0.344252 0.023731 0.020225
0 0.206380 0.547537 0.024120 0.023336
0 0.098133 0.364823 0.022758 0.024719
0 0.617292 0.567675 0.023536 0.017978
0 0.172924 0.787035 0.024509 0.022126
0 0.455067 0.301383 0.025481 0.023336
0 0.200642 0.849611 0.024703 0.021780
0 0.914414 0.653241 0.022953 0.016595
0 0.318323 0.083060 0.025870 0.024719
0 0.312780 0.881504 0.022953 0.022299
0 0.695293 0.898185 0.025870 0.026275
0 0.617195 0.586258 0.023731 0.019188
0 0.203365 0.635350 0.021980 0.022990
0 0.724081 0.671478 0.022758 0.023682
0 0.287882 0.193950 0.024898 0.018669
0 0.720580 0.884443 0.024314 0.021608
0 0.674577 0.352982 0.022175 0.023509
0 0.316864 0.240017 0.023731 0.020570
0 0.176133 0.192135 0.022369 0.024028
0 0.674771 0.306655 0.026065 0.022472
0 0.424237 0.856612 0.022564 0.017459
0 0.590158 0.448228 0.024120 0.025238
0 0.372496 0.452982 0.023342 0.020570
0 0.180315 0.594296 0.024509 0.024546
0 0.122739 0.474157 0.023342 0.025583
0 0.673021 0.194382 0.025287 0.020916
0 0.669811 0.764477 0.027038 0.021262
0 0.910134 0.806655 0.021786 0.026102
0 0.563509 0.443215 0.024120 0.025238
0 0.534818 0.548660 0.024314 0.026275
0 0.372982 0.198531 0.024703 0.019879
0 0.614180 0.698099 0.024314 0.019879
0 0.561467 0.592394 0.022369 0.021435
0 0.170978 0.921435 0.025287 0.022299
0 0.124976 0.410372 0.024703 0.022126
0 0.620016 0.034054 0.025870 0.023855
0 0.830091 0.717113 0.022369 0.023682
0 0.100661 0.151858 0.022369 0.022645
0 0.261817 0.324978 0.022953 0.016595
0 0.262789 0.102506 0.026454 0.019706
0 0.347014 0.169663 0.025676 0.024028
0 0.145497 0.965514 0.022175 0.024028
0 0.537055 0.412100 0.024509 0.020398
0 0.315503 0.414002 0.022564 0.020398
0 0.801206 0.829905 0.025287 0.024892
0 0.583739 0.855056 0.022953 0.024373
0 0.369092 0.594728 0.021980 0.020916
0 0.879790 0.924719 0.026843 0.022645
0 0.397880 0.426188 0.020813 0.021953
0 0.664851 0.923596 0.024898 0.021435
0 0.614569 0.810285 0.028983 0.029905
0 0.370259 0.547364 0.020813 0.024028
0 0.124781 0.541832 0.027427 0.021608
0 0.752577 0.342351 0.022564 0.020570
0 0.179343 0.618842 0.021008 0.022818
0 0.258510 0.546327 0.023731 0.020570
0 0.290216 0.081072 0.022953 0.025583
0 0.808500 0.313483 0.022369 0.020916
0 0.916164 0.235782 0.023731 0.018323
0 0.592492 0.125411 0.023342 0.017459
0 0.074402 0.220830 0.027038 0.021262
0 0.119918 0.880035 0.020813 0.022818
0 0.263178 0.305618 0.026843 0.022126
0 0.284283 0.823423 0.023147 0.019879
0 0.205602 0.192999 0.024120 0.018842
0 0.912274 0.694901 0.022175 0.020743
0 0.674577 0.282368 0.025676 0.024373
0 0.739837 0.162662 0.033651 0.033189
0 0.451760 0.838721 0.020813 0.023163
0 0.887084 0.475022 0.021202 0.020743
0 0.373176 0.411755 0.020035 0.020052
0 0.314530 0.478997 0.026065 0.020052
0 0.703560 0.319533 0.022175 0.021608
0 0.941354 0.587727 0.024703 0.020398
0 0.259969 0.222040 0.024703 0.017459
0 0.397394 0.520570 0.026454 0.018842
0 0.206866 0.059464 0.023925 0.025583
0 0.565746 0.153673 0.023536 0.017632
0 0.313266 0.678479 0.022758 0.020398
0 0.587629 0.589369 0.024898 0.019879
0 0.401381 0.109680 0.021591 0.019879
0 0.670687 0.651513 0.023342 0.020052
0 0.669325 0.719188 0.024120 0.022299
0 0.666505 0.880553 0.028205 0.022818
0 0.861895 0.115903 0.024898 0.020225
0 0.397102 0.594901 0.025092 0.022990
0 0.312002 0.901988 0.021008 0.016940
0 0.588504 0.523596 0.024703 0.022472
0 0.476269 0.833449 0.026259 0.025411
0 0.101828 0.220398 0.024703 0.019706
0 0.400700 0.197234 0.025676 0.020743
0 0.592978 0.279430 0.021980 0.020570
0 0.481424 0.327831 0.020619 0.021262
0 0.204532 0.612878 0.022758 0.021608
0 0.618654 0.432671 0.025481 0.017632
0 0.907508 0.906050 0.026259 0.025411
0 0.644524 0.457303 0.023536 0.019533
0 0.859658 0.435523 0.024314 0.018496
0 0.613402 0.878738 0.020813 0.023682
0 0.829702 0.696889 0.022758 0.018150
0 0.283408 0.759810 0.023731 0.019879
0 0.122739 0.765255 0.020230 0.021780
0 0.833398 0.143993 0.023147 0.020052
0 0.643260 0.610199 0.022564 0.020398
0 0.469267 0.106050 0.034818 0.033362
0 0.753744 0.571392 0.024509 0.024719
0 0.398755 0.543042 0.024898 0.024719
0 0.200156 0.871997 0.026065 0.021262
0 0.535304 0.614434 0.025676 0.018496
0 0.397394 0.452031 0.023342 0.026966
0 0.592005 0.214088 0.025092 0.019879
0 0.344388 0.237424 0.020813 0.019188
0 0.206283 0.568539 0.022369 0.017978
0 0.232348 0.568626 0.023147 0.020225
0 0.695293 0.811582 0.025481 0.020052
0 0.426376 0.644252 0.024898 0.018669
0 0.591130 0.171651 0.019840 0.022818
0 0.177008 0.170787 0.024509 0.017632
0 0.425112 0.837165 0.024314 0.023509
0 0.395740 0.766033 0.026649 0.024719
0 0.453122 0.430164 0.021591 0.017113
0 0.149874 0.174676 0.022758 0.023682
0 0.097257 0.548142 0.022175 0.021780
0 0.366271 0.808902 0.021786 0.022299
0 0.228944 0.803976 0.024509 0.024892
0 0.614569 0.720138 0.023147 0.022818
0 0.888251 0.455229 0.024314 0.017459
0 0.258316 0.946154 0.021397 0.022299
0 0.316378 0.519533 0.025092 0.018842
0 0.535596 0.476750 0.022758 0.018669
0 0.725540 0.607606 0.022175 0.025238
0 0.153278 0.351858 0.021786 0.023336
0 0.119432 0.903976 0.021786 0.025065
0 0.745575 0.961106 0.024509 0.024201
0 0.426473 0.407433 0.025870 0.019015
0 0.888446 0.120916 0.023925 0.018842
0 0.177495 0.683405 0.023925 0.024028
0 0.146664 0.857822 0.023342 0.024028
0 0.198308 0.917805 0.024314 0.021953
0 0.118848 0.928003 0.022175 0.023336
0 0.834273 0.081677 0.025287 0.021953
0 0.228944 0.929300 0.026065 0.024201
0 0.204240 0.676837 0.024120 0.022645
0 0.672437 0.627226 0.023731 0.024719
0 0.530928 0.855488 0.024314 0.022126
0 0.528983 0.898617 0.022369 0.024028
0 0.261720 0.146413 0.024314 0.019360
0 0.854114 0.916249 0.022564 0.019533
0 0.369870 0.898790 0.025092 0.022299
0 0.205213 0.238289 0.026065 0.021608
0 0.803443 0.695938 0.025481 0.020052
0 0.801206 0.924978 0.030344 0.020052
0 0.806555 0.545117 0.022369 0.022990
0 0.096674 0.525065 0.023731 0.022299
0 0.885625 0.673984 0.021008 0.021435
0 0.697238 0.766379 0.024703 0.023336
0 0.831064 0.522904 0.022369 0.021435
0 0.422680 0.965341 0.023731 0.020570
0 0.561078 0.521348 0.021202 0.020398
0 0.752869 0.319965 0.023147 0.023163
0 0.809084 0.055143 0.023925 0.019706
0 0.317253 0.284529 0.025676 0.020052
0 0.123420 0.636992 0.024703 0.027658
0 0.067010 0.863440 0.023147 0.021780
0 0.067205 0.840622 0.020035 0.022818
0 0.807722 0.118323 0.023147 0.019188
0 0.343318 0.538894 0.021008 0.021262
0 0.480646 0.459983 0.022175 0.017978
0 0.833982 0.103198 0.023925 0.021780
0 0.344486 0.215903 0.026454 0.020743
0 0.646372 0.190666 0.022953 0.021780
0 0.674285 0.130769 0.020813 0.019533
0 0.259969 0.240190 0.023925 0.018496
0 0.565454 0.194382 0.021397 0.018842
0 0.176717 0.148228 0.023925 0.024373
0 0.913927 0.587986 0.025092 0.016422
0 0.808889 0.276059 0.019257 0.016940
0 0.095604 0.790406 0.020813 0.022990
0 0.944077 0.283232 0.024314 0.024373
0 0.312877 0.698963 0.023925 0.020225
0 0.208909 0.285220 0.022175 0.021780
0 0.257829 0.849092 0.021980 0.022472
0 0.179051 0.060588 0.023925 0.019533
0 0.120891 0.855748 0.024314 0.023682
0 0.826201 0.850994 0.021980 0.022126
0 0.205699 0.144944 0.021202 0.021608
0 0.262109 0.080035 0.025092 0.023509
0 0.347306 0.100951 0.020424 0.020743
0 0.291383 0.055661 0.022953 0.020398
0 0.371620 0.240017 0.022758 0.021953
0 0.179148 0.452723 0.023731 0.019706
0 0.914511 0.542956 0.023536 0.018669
0 0.556117 0.921435 0.024898 0.020570
0 0.092686 0.902334 0.024314 0.021780
0 0.702490 0.141832 0.026649 0.020225
0 0.207547 0.035955 0.023342 0.018323
0 0.282727 0.917545 0.021980 0.021089
0 0.908870 0.855143 0.024703 0.023509
0 0.833106 0.591443 0.022953 0.018150
0 0.588504 0.676837 0.023147 0.017805
0 0.752091 0.365255 0.021202 0.020398
0 0.395643 0.681331 0.024120 0.016768
0 0.180315 0.546154 0.021008 0.021608
0 0.125754 0.565946 0.027427 0.020743
0 0.097257 0.568626 0.024509 0.018496
0 0.831939 0.612014 0.024898 0.022990
0 0.345166 0.193258 0.021591 0.020052
0 0.345750 0.283751 0.023147 0.019533
0 0.554367 0.960761 0.024898 0.028695
0 0.126143 0.390406 0.025092 0.018150
0 0.312293 0.717805 0.021980 0.019188
0 0.199183 0.964477 0.023342 0.023336
0 0.287395 0.590406 0.021591 0.019879
0 0.423264 0.944685 0.025287 0.021435
0 0.230792 0.638116 0.022758 0.022990
0 0.936394 0.929300 0.026454 0.022818
0 0.725345 0.714952 0.021008 0.023163
0 0.617390 0.607087 0.024509 0.021089
0 0.647831 0.145981 0.024314 0.019533
0 0.094145 0.859032 0.022564 0.018150
0 0.261428 0.124460 0.026843 0.021435
0 0.647637 0.387727 0.024314 0.021435
0 0.481910 0.303544 0.022369 0.026621
0 0.148706 0.197407 0.022758 0.021780
0 0.809278 0.293863 0.023536 0.015557
0 0.807139 0.337338 0.021980 0.023336
0 0.560202 0.700086 0.024509 0.019015
0 0.936005 0.883492 0.024120 0.022818
0 0.344486 0.315903 0.020230 0.017459
0 0.642968 0.671997 0.020424 0.018842
0 0.648026 0.168971 0.023536 0.018842
0 0.697919 0.686258 0.024120 0.022126
0 0.537250 0.233362 0.026843 0.020743
0 0.806069 0.357131 0.024120 0.016595
0 0.726999 0.543302 0.021980 0.015557
0 0.070025 0.630424 0.024509 0.021780
0 0.669811 0.672083 0.022758 0.021780
0 0.807625 0.163440 0.023731 0.018842
0 0.179634 0.330596 0.022369 0.020225
0 0.725734 0.648142 0.020230 0.021953
0 0.260552 0.396543 0.023536 0.022472
0 0.806069 0.377182 0.020619 0.022472
0 0.860144 0.477528 0.026065 0.017805
0 0.536666 0.213483 0.025676 0.018323
0 0.178370 0.641659 0.021008 0.021435
0 0.201225 0.781158 0.019646 0.019360
0 0.317253 0.309853 0.024120 0.027139
0 0.342929 0.609421 0.023342 0.024028
0 0.123420 0.451599 0.023536 0.019188
0 0.367146 0.920916 0.024703 0.021262
0 0.176036 0.216854 0.022564 0.024028
0 0.233418 0.440363 0.023731 0.017805
0 0.591811 0.325583 0.022369 0.017113
0 0.206380 0.464045 0.022953 0.021262
0 0.399047 0.303717 0.023925 0.018323
0 0.099300 0.388764 0.022369 0.020743
0 0.670492 0.605704 0.024120 0.018669
0 0.915970 0.211236 0.022175 0.022472
0 0.467613 0.052118 0.035791 0.017805
0 0.590352 0.236214 0.021786 0.022645
0 0.753355 0.297234 0.022175 0.018150
0 0.644913 0.476404 0.021591 0.020052
0 0.855865 0.782714 0.023342 0.017978
0 0.914122 0.450303 0.021202 0.022126
0 0.911010 0.782282 0.020813 0.018150
0 0.171076 0.965341 0.022758 0.021262
0 0.339234 0.941746 0.024509 0.022126
0 0.320755 0.037338 0.021786 0.022818
0 0.206672 0.105186 0.024703 0.022299
0 0.284770 0.694641 0.026454 0.020225
0 0.314433 0.584702 0.025870 0.019188
0 0.532581 0.806309 0.024509 0.025411
0 0.179440 0.522731 0.020813 0.022472
0 0.753258 0.648747 0.022758 0.022818
0 0.642968 0.653155 0.023147 0.019188
0 0.259385 0.567156 0.022758 0.023509
0 0.534915 0.304322 0.021397 0.022299
0 0.203073 0.656525 0.022564 0.016595
0 0.230305 0.719706 0.025287 0.021262
0 0.587726 0.695765 0.024314 0.017632
0 0.259191 0.524546 0.021591 0.022299
0 0.692959 0.945549 0.024314 0.022818
0 0.646664 0.345635 0.021980 0.022990
0 0.742463 0.076059 0.033067 0.027658
0 0.482883 0.353328 0.023925 0.026621
0 0.620210 0.167934 0.027816 0.021953
0 0.853141 0.940968 0.023342 0.025065
0 0.481229 0.478911 0.024898 0.020916
0 0.806361 0.477960 0.025481 0.018323
0 0.882610 0.785912 0.023925 0.019879
0 0.803929 0.714952 0.025287 0.020052
0 0.698697 0.604840 0.025676 0.021780
0 0.533651 0.716335 0.025092 0.023163
0 0.585586 0.833449 0.025870 0.017805
0 0.400019 0.238029 0.024314 0.019360
0 0.395254 0.964996 0.024120 0.019533
0 0.289243 0.374676 0.025287 0.016768
0 0.917915 0.300259 0.023342 0.023163
0 0.455942 0.345462 0.025287 0.020225
0 0.727874 0.395506 0.021397 0.023163
0 0.858393 0.675454 0.024898 0.021608
0 0.536374 0.325324 0.024314 0.019360
0 0.619821 0.147537 0.026259 0.017805
0 0.694709 0.856698 0.021980 0.019706
0 0.806652 0.632325 0.027232 0.023855
0 0.234487 0.396370 0.023925 0.023509
0 0.672340 0.437511 0.025481 0.015903
0 0.617098 0.632411 0.023925 0.022990
0 0.586851 0.630596 0.022175 0.022818
0 0.401187 0.130596 0.020424 0.018496
0 0.617876 0.475540 0.021980 0.019360
0 0.205894 0.170268 0.021980 0.024546
0 0.477436 0.683492 0.020035 0.015557
0 0.341373 0.656698 0.023342 0.018669
0 0.828535 0.937424 0.021202 0.022818
0 0.862186 0.371737 0.022758 0.017459
0 0.373857 0.349006 0.020230 0.018669
0 0.404104 0.033967 0.025481 0.021608
0 0.260941 0.343475 0.020035 0.019360
0 0.482007 0.281158 0.018673 0.016768
0 0.095312 0.813829 0.023342 0.021780
0 0.234390 0.373466 0.021008 0.020570
0 0.702295 0.276664 0.022369 0.018150
0 0.674771 0.109248 0.020230 0.019706
0 0.560494 0.615817 0.021202 0.023336
0 0.152110 0.542610 0.022953 0.018669
0 0.234487 0.355229 0.021980 0.018323
0 0.206672 0.442869 0.025092 0.022818
0 0.149776 0.149957 0.023342 0.021953
0 0.588018 0.654192 0.022564 0.023682
0 0.692764 0.966206 0.025481 0.020570
0 0.531706 0.780726 0.024314 0.024719
0 0.830286 0.678565 0.025092 0.019188
0 0.829119 0.958600 0.022758 0.019879
0 0.373079 0.307606 0.021397 0.022990
0 0.343805 0.377010 0.024703 0.016940
0 0.800622 0.943820 0.025676 0.017286
0 0.672340 0.232930 0.024314 0.019879
0 0.398950 0.322731 0.024898 0.018323
0 0.591422 0.428090 0.023536 0.016768
0 0.726804 0.478652 0.023536 0.021089
0 0.289730 0.331461 0.019646 0.015385
0 0.097646 0.607606 0.023342 0.020052
0 0.256273 0.674676 0.023536 0.022126
0 0.566913 0.299654 0.022758 0.016076
0 0.741393 0.134831 0.033651 0.021089
0 0.478506 0.786690 0.022953 0.022472
0 0.698697 0.622818 0.025287 0.015557
0 0.152500 0.431029 0.021397 0.024373
0 0.966738 0.920570 0.028788 0.021262
0 0.153278 0.604235 0.023342 0.016076
0 0.207936 0.305099 0.020619 0.020052
0 0.943007 0.567589 0.021786 0.017459
0 0.611068 0.965514 0.028205 0.022299
0 0.372398 0.328954 0.023536 0.020743
0 0.260844 0.439326 0.022953 0.019879
0 0.582085 0.950216 0.024314 0.022818
0 0.859074 0.654365 0.024314 0.017805
0 0.726512 0.459291 0.021786 0.016940
0 0.449329 0.942869 0.022564 0.019879
0 0.230403 0.196456 0.023536 0.025411
0 0.832328 0.466206 0.025676 0.021089
0 0.119432 0.947191 0.023731 0.017113
0 0.534235 0.759810 0.025092 0.016768
0 0.395740 0.716854 0.022758 0.022472
0 0.620016 0.190320 0.027427 0.021089
0 0.805777 0.608470 0.025092 0.023509
0 0.725540 0.628090 0.022953 0.017805
0 0.320171 0.058513 0.023731 0.015730
0 0.066816 0.885307 0.023536 0.018842
0 0.310737 0.964909 0.022758 0.020398
0 0.827660 0.764996 0.023342 0.018842
0 0.207936 0.406137 0.024120 0.016768
0 0.343902 0.586258 0.021397 0.021953
0 0.177884 0.108902 0.026259 0.022472
0 0.754036 0.278306 0.021980 0.019360
0 0.644524 0.634054 0.023925 0.017978
0 0.673215 0.174762 0.022564 0.016595
0 0.343610 0.519015 0.021591 0.016076
0 0.697335 0.642351 0.019840 0.024892
0 0.152500 0.305877 0.022564 0.022299
0 0.806652 0.654105 0.026065 0.020743
0 0.474616 0.878220 0.024120 0.019188
0 0.101634 0.240277 0.023925 0.019015
0 0.913052 0.608557 0.022953 0.022645
0 0.449037 0.963526 0.023925 0.021435
0 0.180023 0.569749 0.021202 0.020398
0 0.373857 0.176491 0.021786 0.024546
0 0.888640 0.190925 0.021591 0.018150
0 0.744699 0.115471 0.027038 0.021780
0 0.746547 0.890925 0.026843 0.019706
0 0.889710 0.340277 0.023731 0.016076
0 0.882319 0.805618 0.020619 0.017459
0 0.854892 0.801469 0.021008 0.016768
0 0.091519 0.942697 0.022369 0.019879
0 0.907411 0.930251 0.026065 0.020225
0 0.564287 0.361279 0.024120 0.019360
0 0.178954 0.661798 0.023731 0.018842
0 0.151527 0.477096 0.021786 0.019706
0 0.940868 0.629473 0.024120 0.023336
0 0.312099 0.760674 0.021980 0.020916
0 0.234098 0.418755 0.024314 0.024028
0 0.339817 0.919360 0.026843 0.022990
0 0.886403 0.650562 0.024898 0.021262
0 0.124392 0.057822 0.024703 0.019533
0 0.152305 0.329127 0.021786 0.019706
0 0.529858 0.924978 0.024120 0.023509
0 0.125462 0.236733 0.021397 0.022299
0 0.207742 0.380812 0.026843 0.024892
0 0.096674 0.630683 0.022175 0.023336
0 0.124781 0.128954 0.023925 0.021435
0 0.343318 0.449006 0.025287 0.024373
0 0.202879 0.721867 0.023731 0.021780
0 0.232931 0.084615 0.023147 0.024028
0 0.565260 0.320657 0.021786 0.024892
0 0.616417 0.855143 0.029177 0.021435
0 0.890294 0.323336 0.021397 0.016076
0 0.670589 0.565428 0.022369 0.019706
0 0.478117 0.663959 0.019840 0.022818
0 0.534915 0.633794 0.021008 0.023682
0 0.534235 0.656612 0.021202 0.022645
0 0.852655 0.845203 0.025092 0.018150
0 0.861992 0.208643 0.021980 0.018669
0 0.149193 0.218669 0.023731 0.019706
0 0.828633 0.916508 0.021008 0.016595
0 0.126143 0.216768 0.018479 0.015903
0 0.261622 0.418064 0.022175 0.018150
0 0.677592 0.032757 0.023925 0.020570
0 0.395643 0.698271 0.022564 0.017113
0 0.125559 0.175540 0.021591 0.019533
0 0.720482 0.905532 0.022953 0.022299
0 0.179051 0.474330 0.021980 0.021435
0 0.315795 0.395160 0.019646 0.015903
0 0.180412 0.390233 0.020424 0.016768
0 0.347306 0.300519 0.027816 0.015039
0 0.917039 0.326448 0.023536 0.023336
0 0.675160 0.329300 0.021397 0.022818
0 0.338747 0.763872 0.021591 0.020398
0 0.935324 0.905272 0.023536 0.021780
0 0.339234 0.963526 0.024898 0.023163
0 0.699572 0.585912 0.022758 0.017113
0 0.118848 0.965341 0.024509 0.019188
0 0.152500 0.283838 0.024509 0.020743
0 0.801011 0.963440 0.021786 0.020225
0 0.201031 0.802074 0.019646 0.020052
0 0.831842 0.658513 0.024314 0.021262
0 0.180218 0.373639 0.021591 0.016422
0 0.208228 0.335869 0.023147 0.016940
0 0.801303 0.787813 0.024703 0.021608
0 0.751799 0.682282 0.022175 0.016940
0 0.229625 0.889369 0.023925 0.022126
0 0.879887 0.945290 0.024703 0.018496
0 0.917234 0.278133 0.023147 0.017978
0 0.936588 0.949265 0.027232 0.018842
0 0.565940 0.280121 0.023147 0.022990
0 0.908189 0.957476 0.025676 0.032152
0 0.149582 0.715212 0.019451 0.022990
0 0.614764 0.834486 0.024314 0.019188
0 0.370161 0.523250 0.020230 0.020398
0 0.477825 0.701296 0.019257 0.020398
0 0.400311 0.217805 0.025287 0.015903
0 0.748590 0.801210 0.023925 0.017632
0 0.206380 0.124978 0.022953 0.016595
0 0.662225 0.963786 0.026259 0.023336
0 0.799066 0.855315 0.024509 0.019015
0 0.229819 0.827398 0.024314 0.020916
0 0.752188 0.481072 0.021786 0.025583
0 0.230208 0.699049 0.022758 0.020052
0 0.147928 0.762489 0.025481 0.025583
0 0.724664 0.694641 0.020035 0.018496
0 0.233223 0.107606 0.025676 0.022990
0 0.967613 0.962748 0.024703 0.026448
0 0.671854 0.214088 0.026065 0.017113
0 0.227388 0.966292 0.024509 0.019706
0 0.587434 0.609939 0.022564 0.018496
0 0.126337 0.350821 0.026259 0.018150
0 0.257051 0.967589 0.020424 0.017805
0 0.095507 0.766724 0.020230 0.022645
0 0.069928 0.609680 0.022758 0.018323
0 0.425209 0.762057 0.024509 0.021608
0 0.144719 0.929041 0.020619 0.021608
0 0.564773 0.384356 0.022758 0.020225
0 0.860241 0.051426 0.022758 0.022645
0 0.125267 0.328090 0.023731 0.020052
0 0.802470 0.767329 0.024703 0.020743
0 0.478701 0.639758 0.021397 0.020052
0 0.152402 0.639844 0.020424 0.020916
0 0.343124 0.411841 0.022175 0.015385
0 0.662906 0.943302 0.025287 0.019360
0 0.564190 0.236214 0.023536 0.017805
0 0.285353 0.677096 0.024898 0.016595
0 0.125851 0.309248 0.025287 0.017632
0 0.425501 0.622385 0.024703 0.024719
0 0.723108 0.767589 0.021980 0.021262
0 0.613402 0.779948 0.025481 0.026966
0 0.125462 0.106655 0.024509 0.022472
0 0.702004 0.161366 0.026454 0.018150
0 0.647248 0.325238 0.020813 0.015730
0 0.151138 0.662143 0.022953 0.020570
0 0.124684 0.151253 0.022564 0.022818
0 0.564773 0.422126 0.023147 0.015212
0 0.152694 0.523596 0.019840 0.020052
0 0.367438 0.942178 0.026843 0.020916
0 0.425015 0.183232 0.026065 0.026966
0 0.478603 0.765169 0.027038 0.021953
0 0.095993 0.672861 0.021980 0.025756
0 0.968975 0.523163 0.021980 0.022990
0 0.124003 0.037165 0.023925 0.020052
0 0.365688 0.831461 0.021397 0.022126
0 0.123031 0.661279 0.023536 0.021262
0 0.257246 0.655056 0.022758 0.016768
0 0.098619 0.456785 0.022175 0.018150
0 0.427349 0.144857 0.026843 0.021780
0 0.150165 0.105964 0.021786 0.020398
0 0.942132 0.607952 0.022369 0.017978
0 0.230500 0.678220 0.024898 0.021608
0 0.203171 0.760156 0.022758 0.019879
0 0.175550 0.723768 0.023147 0.017978
0 0.152694 0.621175 0.022953 0.016768
0 0.806263 0.565946 0.024898 0.016940
0 0.342638 0.469144 0.021591 0.017286
0 0.366855 0.963267 0.024898 0.021953
0 0.124392 0.519879 0.026649 0.021953
0 0.205797 0.482195 0.019840 0.017113
0 0.149096 0.239412 0.022369 0.022126
0 0.230986 0.848142 0.024314 0.023682
0 0.883194 0.763613 0.025092 0.021953
0 0.968878 0.285653 0.020619 0.020225
0 0.800914 0.875799 0.021980 0.016768
0 0.612624 0.943820 0.028594 0.020398
0 0.916456 0.428954 0.025092 0.018842
0 0.283602 0.781072 0.023342 0.020916
0 0.229916 0.174417 0.022175 0.016940
0 0.751605 0.703198 0.026065 0.025238
0 0.074207 0.200259 0.021202 0.020570
0 0.341471 0.718842 0.024314 0.018150
0 0.123420 0.681158 0.020424 0.018496
0 0.096382 0.305359 0.022369 0.023682
0 0.396713 0.786430 0.027038 0.019188
0 0.455845 0.281245 0.022369 0.017286
0 0.174382 0.705964 0.021591 0.017286
0 0.124100 0.288073 0.022564 0.022299
0 0.739350 0.050216 0.033067 0.015730
0 0.738086 0.218583 0.027427 0.014693
0 0.453316 0.697494 0.025092 0.015903
0 0.967711 0.308989 0.019451 0.022645
0 0.097841 0.335609 0.024898 0.033708
0 0.886306 0.697407 0.025092 0.022990
0 0.095020 0.696283 0.021980 0.017286
0 0.228360 0.949006 0.024898 0.016595
0 0.474032 0.900519 0.024120 0.025065
0 0.150068 0.127658 0.025870 0.017113
0 0.202684 0.698358 0.019451 0.018323
0 0.149387 0.082455 0.022175 0.023855
0 0.121669 0.831893 0.026649 0.022299
0 0.094437 0.715817 0.021591 0.022818
0 0.071192 0.589455 0.016339 0.017286
0 0.889224 0.097061 0.022369 0.024028
0 0.529761 0.875886 0.024314 0.017632
0 0.341568 0.698531 0.023342 0.019360
0 0.069831 0.650908 0.022953 0.017113
0 0.066913 0.907952 0.024120 0.026448
0 0.940868 0.232930 0.019062 0.021262
0 0.528594 0.944512 0.023925 0.014520
0 0.565162 0.404927 0.026259 0.020916
0 0.153861 0.372256 0.024120 0.015039
0 0.807625 0.584875 0.026454 0.021262
0 0.075958 0.152895 0.022758 0.017113
0 0.174771 0.761193 0.022758 0.019879
0 0.092686 0.922040 0.021202 0.019360
0 0.208325 0.322040 0.022953 0.013137
0 0.230014 0.868539 0.023147 0.019879
0 0.075083 0.176318 0.024898 0.022818
0 0.072359 0.432066 0.026065 0.024373
0 0.096868 0.588332 0.024898 0.017113
0 0.861700 0.071651 0.023342 0.015039
0 0.228652 0.910372 0.020424 0.016768
0 0.752383 0.666206 0.022953 0.014866
0 0.468391 0.187813 0.031122 0.015385
0 0.911788 0.760761 0.021591 0.019706
0 0.801109 0.898358 0.023925 0.026621
0 0.536666 0.281936 0.027232 0.022818
0 0.121863 0.810545 0.023536 0.022472
0 0.832426 0.482195 0.023147 0.013656
0 0.881443 0.964131 0.024703 0.018842
0 0.856059 0.765687 0.023342 0.017113
0 0.368994 0.679862 0.024509 0.015557
0 0.178856 0.037770 0.027427 0.025411
0 0.230694 0.239672 0.021786 0.018842
0 0.481327 0.420743 0.021980 0.016595
0 0.560008 0.682455 0.022564 0.017978
0 0.152986 0.585566 0.022369 0.018842
0 0.123225 0.079257 0.025481 0.019879
0 0.231570 0.129905 0.024703 0.023682
0 0.091227 0.964218 0.022564 0.023163
0 0.342540 0.483232 0.021008 0.016076
0 0.426473 0.602247 0.025481 0.017978
0 0.450691 0.885739 0.020619 0.016940
0 0.533262 0.699222 0.023147 0.014866
0 0.451274 0.764218 0.019840 0.022472
0 0.315989 0.379343 0.020424 0.014347
0 0.555631 0.938548 0.024703 0.016768
0 0.126629 0.197926 0.021786 0.021089
0 0.257246 0.757736 0.021980 0.019188
0 0.144719 0.944771 0.022953 0.017459
0 0.586656 0.717632 0.021008 0.019533
0 0.697432 0.665946 0.020035 0.017113
0 0.970337 0.808297 0.023925 0.025583
0 0.149874 0.695506 0.021591 0.015385
0 0.122252 0.717459 0.024314 0.023336
0 0.916359 0.409767 0.022564 0.020225
0 0.450399 0.906828 0.023536 0.025929
0 0.154347 0.389283 0.023536 0.017978
0 0.099105 0.436906 0.021202 0.018842
0 0.072262 0.475454 0.023536 0.019188
0 0.479479 0.596629 0.020230 0.016768
0 0.231472 0.220225 0.025676 0.023163
0 0.229527 0.659983 0.021008 0.015903
0 0.072748 0.569317 0.019062 0.021953
0 0.936491 0.967156 0.025481 0.016595
0 0.178662 0.128349 0.023147 0.014002
0 0.477825 0.721348 0.019646 0.017632
0 0.075569 0.135436 0.023147 0.015385
0 0.077028 0.090666 0.022953 0.021262
0 0.103871 0.199049 0.026843 0.020225
0 0.150068 0.680294 0.021202 0.016422
0 0.565162 0.215125 0.024703 0.019188
0 0.964987 0.897666 0.024509 0.022472
0 0.565454 0.341400 0.021786 0.015903
0 0.914997 0.165514 0.022953 0.022645
0 0.966349 0.875108 0.024120 0.021262
0 0.152986 0.562662 0.021202 0.018323
0 0.154250 0.410199 0.024120 0.022126
0 0.719315 0.930251 0.021786 0.024028
0 0.231472 0.548228 0.021008 0.018150
0 0.582280 0.968539 0.022758 0.015557
0 0.230403 0.758427 0.022758 0.020916
0 0.073916 0.241573 0.024509 0.021262
0 0.965765 0.938634 0.024898 0.019706
0 0.615055 0.761366 0.024120 0.015039
0 0.468391 0.067070 0.032678 0.013137
0 0.748979 0.784010 0.026259 0.017459
0 0.339039 0.902766 0.025287 0.015039
0 0.150943 0.041141 0.022564 0.022818
0 0.065940 0.969836 0.020230 0.018842
0 0.455651 0.660156 0.023925 0.014175
0 0.207547 0.422731 0.022564 0.017805
0 0.052519 0.051772 0.024509 0.023682
0 0.123225 0.697666 0.023147 0.017286
0 0.052713 0.124546 0.022564 0.022990
0 0.748201 0.764996 0.022758 0.018496
0 0.070901 0.326361 0.023925 0.018669
0 0.695001 0.876404 0.024120 0.017286
0 0.970337 0.456180 0.028205 0.025929
0 0.532970 0.739499 0.022564 0.022126
0 0.450204 0.924806 0.020424 0.015903
0 0.937464 0.651080 0.018479 0.017113
0 0.472865 0.966119 0.019062 0.019360
0 0.077222 0.113483 0.023731 0.021608
0 0.399144 0.177096 0.021397 0.019188
0 0.072457 0.286258 0.022369 0.021089
0 0.964987 0.837252 0.019451 0.022299
0 0.100467 0.104927 0.021980 0.020743
0 0.397394 0.438548 0.022175 0.010026
0 0.256468 0.697494 0.022758 0.022126
0 0.809181 0.035436 0.023731 0.016249
0 0.471212 0.921003 0.020813 0.022472
0 0.099202 0.040709 0.020230 0.022645
0 0.853919 0.964650 0.021397 0.018150
0 0.887376 0.716162 0.024120 0.016249
0 0.938436 0.784010 0.020424 0.017805
0 0.096090 0.653155 0.023731 0.014002
0 0.155223 0.063872 0.021008 0.019879
0 0.070220 0.347450 0.024898 0.021780
0 0.939992 0.208470 0.019646 0.021435
0 0.916359 0.143647 0.026843 0.019015
0 0.751507 0.723163 0.027816 0.017805
0 0.881249 0.774503 0.024314 0.010545
0 0.071095 0.522558 0.019257 0.021089
0 0.099397 0.080985 0.019840 0.022990
0 0.914316 0.389196 0.018090 0.021953
0 0.074791 0.408557 0.020035 0.021608
0 0.070901 0.453846 0.024314 0.020570
0 0.053881 0.147796 0.017117 0.021089
0 0.834273 0.035523 0.022564 0.018842
0 0.076347 0.072602 0.024314 0.017286
0 0.099105 0.060415 0.021591 0.016422
0 0.469656 0.081245 0.032873 0.015212
0 0.049601 0.238980 0.017117 0.021608
0 0.044738 0.285480 0.021786 0.019533
0 0.045322 0.308124 0.018284 0.023682
0 0.072068 0.307087 0.023147 0.019533
0 0.098230 0.284356 0.026843 0.015212
0 0.233223 0.154192 0.029177 0.022818
0 0.741295 0.031547 0.031511 0.023682
0 0.860436 0.031029 0.024314 0.018496
0 0.888446 0.073725 0.026649 0.023682
0 0.943785 0.187640 0.028010 0.014002
0 0.941257 0.168280 0.020619 0.020570
0 0.045905 0.263872 0.021786 0.019533
0 0.072068 0.545290 0.023147 0.022645
0 0.967419 0.856439 0.024314 0.018496
0 0.719996 0.950908 0.023147 0.017286
0 0.719996 0.969404 0.025481 0.017286
0 0.472087 0.946586 0.018284 0.017286
0 0.064190 0.931029 0.019451 0.018323
0 0.064773 0.949870 0.020619 0.019360
0 0.070220 0.766206 0.021786 0.023682
