0 0.887961 0.239027 0.099724 0.074836
0 0.706769 0.071565 0.109714 0.116412
0 0.415346 0.058002 0.116948 0.090649
0 0.135894 0.085060 0.141233 0.108233
0 0.127024 0.184978 0.117292 0.074973
0 0.402084 0.485278 0.125904 0.116957
0 0.125904 0.270992 0.096107 0.083969
0 0.546934 0.588468 0.124182 0.114231
0 0.708405 0.321224 0.116431 0.094738
0 0.562522 0.193975 0.113676 0.090240
0 0.557182 0.713672 0.115053 0.088468
0 0.710386 0.830698 0.115570 0.082879
0 0.123235 0.633383 0.094902 0.082470
0 0.123751 0.456584 0.120393 0.086559
0 0.409404 0.603939 0.099897 0.100191
0 0.124871 0.544643 0.103686 0.069929
0 0.548054 0.366617 0.094385 0.102917
0 0.695315 0.619138 0.084051 0.071156
0 0.546762 0.471238 0.109025 0.075245
0 0.561402 0.824905 0.087323 0.071020
0 0.404409 0.166508 0.113331 0.096101
0 0.700741 0.725395 0.103858 0.108370
0 0.398725 0.270447 0.088185 0.072792
0 0.133569 0.820202 0.088357 0.085333
0 0.569842 0.940158 0.104547 0.104689
0 0.126507 0.723214 0.085257 0.073746
0 0.887013 0.143266 0.091285 0.087514
0 0.265587 0.437977 0.109542 0.080153
0 0.390028 0.838468 0.093524 0.064340
0 0.408887 0.363004 0.127110 0.091058
0 0.699793 0.538441 0.100241 0.080153
0 0.117551 0.365799 0.075956 0.069929
0 0.555718 0.274741 0.078023 0.054117
0 0.250603 0.687227 0.131588 0.151990
0 0.381846 0.690158 0.078539 0.062704
0 0.566225 0.086559 0.126593 0.091603
0 0.705822 0.203040 0.127799 0.127454
0 0.883483 0.051663 0.076300 0.075791
0 0.385291 0.759746 0.093696 0.059024
0 0.150362 0.947792 0.097141 0.062977
0 0.708922 0.428367 0.118498 0.098010
0 0.620220 0.566317 0.041681 0.036941
0 0.293231 0.101418 0.078712 0.074155
0 0.696951 0.928435 0.080090 0.075518
0 0.957888 0.046892 0.054599 0.041985
0 0.395797 0.935864 0.153979 0.111641
0 0.956683 0.122478 0.037031 0.035033
0 0.886755 0.320951 0.076300 0.069111
0 0.460041 0.726486 0.045815 0.038032
0 0.253531 0.544507 0.086118 0.124727
0 0.289270 0.260360 0.112470 0.212923
0 0.128918 0.893675 0.075611 0.053435
