0 0.706580 0.456035 0.055016 0.067489
0 0.583738 0.754146 0.026160 0.038180
0 0.704153 0.287505 0.051780 0.075974
0 0.771710 0.459314 0.053668 0.065561
0 0.181634 0.454107 0.048274 0.064404
0 0.378910 0.341882 0.054477 0.065947
0 0.372033 0.754917 0.025081 0.037408
0 0.379180 0.401465 0.046386 0.070189
0 0.379450 0.460085 0.045847 0.070189
0 0.577131 0.508484 0.048544 0.067489
0 0.583738 0.790397 0.025620 0.035866
0 0.508225 0.350559 0.050431 0.070189
0 0.313916 0.285577 0.055556 0.075202
0 0.899407 0.748361 0.029126 0.039722
0 0.715750 0.854223 0.024811 0.036251
0 0.875944 0.935403 0.024811 0.032009
0 0.926375 0.746433 0.026429 0.038951
0 0.574569 0.569803 0.046117 0.065947
0 0.504450 0.790012 0.027778 0.038180
0 0.715345 0.750482 0.026699 0.036251
0 0.793285 0.751061 0.028857 0.037408
0 0.371899 0.791747 0.024272 0.037023
0 0.345469 0.942538 0.025351 0.033166
0 0.689320 0.712495 0.025890 0.038951
0 0.953344 0.782298 0.026969 0.039722
0 0.181230 0.513691 0.054477 0.063247
0 0.689455 0.750096 0.026160 0.040879
0 0.769013 0.349981 0.046656 0.052063
0 0.311624 0.574046 0.047195 0.075202
0 0.641586 0.511184 0.051780 0.072117
0 0.183522 0.573274 0.049353 0.065175
0 0.662756 0.753760 0.026699 0.038180
0 0.766990 0.751446 0.026429 0.038951
0 0.835895 0.119938 0.059061 0.069418
0 0.245146 0.456035 0.045847 0.059005
0 0.770901 0.402237 0.050971 0.063247
0 0.871494 0.711917 0.027778 0.040108
0 0.706580 0.511184 0.050162 0.052835
0 0.690399 0.855187 0.025890 0.035866
0 0.639698 0.576167 0.065264 0.070189
0 0.371224 0.826456 0.023463 0.035480
0 0.425162 0.715002 0.026699 0.042422
0 0.847492 0.784805 0.027238 0.040108
0 0.319984 0.855187 0.025081 0.030467
0 0.821063 0.936367 0.024002 0.033166
0 0.314995 0.348824 0.055016 0.062862
0 0.371359 0.884882 0.021575 0.029695
0 0.766316 0.711531 0.025620 0.040879
0 0.836030 0.241034 0.051780 0.060933
0 0.847762 0.819707 0.026699 0.034323
0 0.663565 0.715002 0.027778 0.040108
0 0.245146 0.287890 0.052859 0.064404
0 0.664105 0.791940 0.029396 0.039722
0 0.248247 0.510991 0.048274 0.064790
0 0.640912 0.345353 0.049892 0.066718
0 0.903047 0.852487 0.025081 0.034323
0 0.396710 0.791361 0.025351 0.037023
0 0.399272 0.754917 0.027778 0.036637
0 0.397654 0.942538 0.023463 0.033938
0 0.311354 0.510798 0.042341 0.062090
0 0.191073 0.751061 0.027778 0.040494
0 0.370955 0.941766 0.024002 0.033166
0 0.245685 0.569225 0.049083 0.060933
0 0.137945 0.791169 0.028857 0.042036
0 0.821872 0.905129 0.025620 0.032395
0 0.955502 0.817393 0.030205 0.037408
0 0.742044 0.881604 0.022923 0.030081
0 0.423409 0.884111 0.023193 0.030467
0 0.792341 0.712881 0.026969 0.038951
0 0.689590 0.939838 0.023732 0.032395
0 0.820388 0.820864 0.023732 0.035866
0 0.530475 0.752218 0.025890 0.035866
0 0.794229 0.851523 0.024272 0.033938
0 0.609358 0.942152 0.024542 0.030081
0 0.636866 0.790783 0.026160 0.040494
0 0.610976 0.718666 0.026160 0.039722
0 0.610572 0.790590 0.029126 0.038565
0 0.557309 0.716930 0.025081 0.039337
0 0.689860 0.790590 0.025890 0.043193
0 0.189186 0.790590 0.026699 0.043965
0 0.821602 0.852102 0.024002 0.032781
0 0.703209 0.351523 0.051510 0.069803
0 0.508900 0.290397 0.059871 0.082530
0 0.452265 0.826456 0.026969 0.033166
0 0.423544 0.855766 0.022923 0.030852
0 0.904261 0.936174 0.023193 0.032009
0 0.835895 0.184342 0.057983 0.062476
0 0.477751 0.923062 0.024542 0.035866
0 0.161273 0.788855 0.025351 0.047435
0 0.452400 0.969148 0.027238 0.032395
0 0.423679 0.789626 0.027508 0.037408
0 0.183927 0.400501 0.054477 0.058234
0 0.901294 0.820285 0.024811 0.037023
0 0.442691 0.512727 0.053128 0.065175
0 0.714671 0.940995 0.024272 0.030852
0 0.574973 0.400694 0.046926 0.068646
0 0.345469 0.825877 0.024272 0.035094
0 0.346278 0.913035 0.023193 0.032781
0 0.163026 0.828384 0.025081 0.034709
0 0.766316 0.788662 0.026699 0.039337
0 0.792880 0.785384 0.026429 0.038180
0 0.446332 0.572310 0.049083 0.066332
0 0.217503 0.715195 0.027778 0.043579
0 0.583468 0.718473 0.025620 0.037023
0 0.531014 0.716545 0.026969 0.037794
0 0.294364 0.888353 0.023463 0.028924
0 0.819849 0.711724 0.028047 0.045121
0 0.956041 0.875627 0.026429 0.032781
0 0.795712 0.908600 0.025081 0.032395
0 0.423544 0.939838 0.025620 0.033166
0 0.557039 0.788276 0.025081 0.040879
0 0.743797 0.787890 0.026969 0.038565
0 0.903991 0.908022 0.022654 0.031238
0 0.715076 0.713266 0.026160 0.042808
0 0.506607 0.515812 0.051510 0.061319
0 0.531553 0.788469 0.028047 0.041265
0 0.715480 0.882954 0.020496 0.025839
0 0.295982 0.858851 0.024002 0.033938
0 0.451456 0.884111 0.024811 0.032781
0 0.346009 0.883725 0.023732 0.032009
0 0.268474 0.790590 0.026699 0.041651
0 0.478020 0.788662 0.023463 0.037794
0 0.901834 0.784805 0.027508 0.037794
0 0.582524 0.854030 0.021575 0.031238
0 0.576052 0.346124 0.044768 0.055920
0 0.504989 0.968184 0.027238 0.031238
0 0.742584 0.968569 0.027238 0.031238
0 0.372168 0.717509 0.024272 0.043579
0 0.346953 0.971847 0.026160 0.030081
0 0.769013 0.936560 0.024542 0.032009
0 0.821063 0.786155 0.029935 0.041265
0 0.556634 0.825106 0.024811 0.035866
0 0.741775 0.909757 0.023463 0.030081
0 0.372438 0.970305 0.026429 0.030852
0 0.452400 0.791747 0.029396 0.040879
0 0.242179 0.714038 0.026429 0.038951
0 0.717368 0.787698 0.028587 0.039722
0 0.740291 0.939645 0.024272 0.032009
0 0.345739 0.786541 0.028047 0.042036
0 0.478830 0.750868 0.025081 0.037023
0 0.741505 0.711724 0.025620 0.038951
0 0.636327 0.754146 0.025620 0.035866
0 0.741505 0.749518 0.026160 0.037408
0 0.244741 0.400887 0.050431 0.060548
0 0.873247 0.782298 0.026969 0.041265
0 0.794633 0.880833 0.024002 0.029310
0 0.582659 0.825685 0.022384 0.032395
0 0.529126 0.940031 0.023732 0.032009
0 0.768608 0.295604 0.053398 0.066718
0 0.398598 0.856922 0.024811 0.036251
0 0.478290 0.888739 0.022923 0.032781
0 0.609088 0.826649 0.024542 0.035866
0 0.135787 0.754146 0.026699 0.037408
0 0.926780 0.786926 0.027238 0.045121
0 0.768474 0.825106 0.024002 0.034323
0 0.379045 0.281142 0.047735 0.058619
0 0.848301 0.909179 0.022923 0.035866
0 0.424892 0.911492 0.026160 0.030467
0 0.925431 0.706325 0.026160 0.042036
0 0.319714 0.787890 0.023463 0.034709
0 0.928803 0.821442 0.024811 0.030081
0 0.451996 0.752410 0.028047 0.037023
0 0.529935 0.853452 0.022114 0.028538
0 0.846683 0.748361 0.023463 0.038951
0 0.477751 0.827034 0.024542 0.032781
0 0.576187 0.453529 0.046656 0.055534
0 0.707659 0.403779 0.056095 0.057077
0 0.792880 0.820093 0.023193 0.032009
0 0.268608 0.716159 0.026969 0.040879
0 0.293689 0.827227 0.024272 0.035480
0 0.636731 0.883147 0.023732 0.032395
0 0.955636 0.909179 0.022923 0.041265
0 0.480717 0.715580 0.026699 0.038180
0 0.608954 0.914771 0.022654 0.030852
0 0.217098 0.827998 0.025351 0.033166
0 0.768878 0.881797 0.023193 0.029695
0 0.505124 0.752989 0.025890 0.035094
0 0.582794 0.883533 0.022114 0.033166
0 0.663430 0.856151 0.028047 0.037023
0 0.875944 0.850559 0.025890 0.037408
0 0.530205 0.967991 0.024811 0.030081
0 0.424757 0.753182 0.025351 0.036251
0 0.479234 0.857501 0.024811 0.035094
0 0.294903 0.716159 0.024542 0.040879
0 0.931095 0.936753 0.024002 0.030852
0 0.244337 0.347860 0.042611 0.060933
0 0.294364 0.942923 0.022923 0.030852
0 0.189320 0.887389 0.023193 0.035480
0 0.320928 0.971269 0.026429 0.032009
0 0.715885 0.969341 0.026160 0.031238
0 0.378641 0.515619 0.048004 0.052449
0 0.136327 0.944852 0.024002 0.033166
0 0.270901 0.968184 0.025620 0.034323
0 0.950108 0.666988 0.026429 0.047435
0 0.741909 0.824528 0.024811 0.035480
0 0.294364 0.789240 0.025620 0.042036
0 0.478830 0.961627 0.026699 0.036637
0 0.269957 0.895102 0.024272 0.033166
0 0.503236 0.940995 0.024811 0.031624
0 0.690129 0.970497 0.026429 0.031238
0 0.295173 0.971847 0.025081 0.030081
0 0.897789 0.709603 0.028587 0.042422
0 0.930286 0.906286 0.022384 0.033166
0 0.555960 0.885075 0.024002 0.030852
0 0.903317 0.292904 0.060140 0.094485
0 0.294633 0.914578 0.023463 0.030467
0 0.450917 0.912842 0.024272 0.030852
0 0.903991 0.880640 0.023732 0.029695
0 0.610976 0.968376 0.025081 0.029310
0 0.162891 0.858272 0.024811 0.028924
0 0.163161 0.885268 0.024811 0.034323
0 0.164239 0.714616 0.029666 0.043193
0 0.690129 0.911685 0.023193 0.027767
0 0.636327 0.854994 0.025081 0.030081
0 0.398193 0.716545 0.025081 0.043965
0 0.582524 0.943309 0.023732 0.030852
0 0.243258 0.826649 0.024811 0.035094
0 0.636731 0.715388 0.026969 0.037023
0 0.294903 0.752989 0.024542 0.036637
0 0.135922 0.885654 0.023193 0.036637
0 0.189590 0.969533 0.027508 0.034709
0 0.504450 0.882954 0.023463 0.033552
0 0.163296 0.945237 0.023463 0.031624
0 0.687972 0.884882 0.024272 0.028924
0 0.578479 0.287119 0.046926 0.067489
0 0.507282 0.570575 0.052319 0.059776
0 0.181095 0.345160 0.041262 0.064790
0 0.769148 0.908600 0.023732 0.029310
0 0.424488 0.826841 0.024272 0.033938
0 0.371359 0.912649 0.021036 0.029695
0 0.319984 0.883340 0.024542 0.030467
0 0.931230 0.877941 0.023732 0.029695
0 0.441343 0.452757 0.045038 0.068646
0 0.163026 0.915542 0.024002 0.033166
0 0.244067 0.972040 0.027508 0.032009
0 0.530340 0.882761 0.022923 0.033166
0 0.767934 0.515426 0.048274 0.056691
0 0.662487 0.825685 0.025081 0.030081
0 0.636597 0.942538 0.024002 0.031624
0 0.379720 0.571346 0.037217 0.063633
0 0.663296 0.932703 0.023463 0.035094
0 0.217772 0.885654 0.025081 0.032781
0 0.268474 0.825492 0.024542 0.034323
0 0.313242 0.397609 0.052050 0.055534
0 0.641451 0.283841 0.050971 0.060162
0 0.528857 0.911878 0.022114 0.028153
0 0.268608 0.930582 0.024272 0.037023
0 0.704693 0.568068 0.043689 0.066332
0 0.189051 0.916892 0.022654 0.030467
0 0.635248 0.825106 0.023463 0.031238
0 0.182848 0.288083 0.045847 0.064019
0 0.556499 0.943887 0.022923 0.031238
0 0.241909 0.941959 0.025351 0.032781
0 0.162756 0.749132 0.025620 0.031238
0 0.311758 0.455071 0.049622 0.064019
0 0.584142 0.969726 0.023193 0.027381
0 0.848301 0.878519 0.022384 0.032395
0 0.443501 0.352487 0.045038 0.067875
0 0.637001 0.913421 0.022114 0.032781
0 0.555960 0.857115 0.023463 0.031238
0 0.504854 0.853644 0.022654 0.029695
0 0.345874 0.855766 0.023463 0.027767
0 0.242853 0.752603 0.024002 0.039722
0 0.582659 0.914963 0.021845 0.032009
0 0.164779 0.973583 0.025351 0.028924
0 0.242988 0.790590 0.025890 0.037794
0 0.318905 0.939838 0.022923 0.032395
0 0.425836 0.971462 0.026969 0.031624
0 0.608414 0.884882 0.023732 0.036637
0 0.689590 0.824335 0.023732 0.028924
0 0.876483 0.880447 0.024811 0.029310
0 0.217233 0.754724 0.026699 0.038565
0 0.665318 0.966448 0.026429 0.033166
0 0.930825 0.850752 0.022923 0.033166
0 0.450108 0.940995 0.024272 0.030852
0 0.397654 0.825106 0.024542 0.031238
0 0.399137 0.973004 0.026429 0.030081
0 0.241640 0.888160 0.023732 0.032395
0 0.878101 0.964713 0.026429 0.030467
0 0.505394 0.715195 0.023193 0.038951
0 0.845604 0.710374 0.025081 0.034709
0 0.370685 0.856922 0.021845 0.030852
0 0.138215 0.972426 0.026699 0.030467
0 0.189860 0.828384 0.024272 0.032395
0 0.742314 0.854030 0.024002 0.027381
0 0.190399 0.714231 0.025351 0.037023
0 0.505529 0.912071 0.024002 0.030852
0 0.217368 0.791361 0.026969 0.035480
0 0.451861 0.713652 0.026699 0.045121
0 0.638080 0.971076 0.028047 0.030081
0 0.451861 0.856151 0.022384 0.028538
0 0.820658 0.878326 0.022654 0.028153
0 0.770092 0.967027 0.026160 0.031238
0 0.319040 0.824142 0.024272 0.035480
0 0.794633 0.936753 0.024542 0.032395
0 0.768743 0.854223 0.023463 0.028538
0 0.847627 0.849209 0.024272 0.029310
0 0.609223 0.854801 0.022114 0.027381
0 0.398328 0.911107 0.023732 0.032009
0 0.556769 0.914963 0.022923 0.032009
0 0.662082 0.895295 0.023193 0.039722
0 0.952400 0.742962 0.022384 0.038951
0 0.874730 0.819900 0.025081 0.030852
0 0.715615 0.822792 0.022923 0.028924
0 0.877697 0.905901 0.026160 0.030852
0 0.136327 0.855380 0.021845 0.029310
0 0.767799 0.569225 0.046926 0.060933
0 0.797195 0.966255 0.024811 0.032009
0 0.504720 0.823371 0.025081 0.030852
0 0.715210 0.911492 0.022114 0.035094
0 0.530475 0.824142 0.022114 0.030852
0 0.398058 0.884690 0.023732 0.025453
0 0.137406 0.825877 0.023463 0.030467
0 0.135383 0.716737 0.025890 0.041265
0 0.823625 0.965677 0.026429 0.030081
0 0.932848 0.964906 0.027508 0.033166
0 0.241909 0.914385 0.024811 0.027767
0 0.190129 0.856730 0.022114 0.028153
0 0.217233 0.855958 0.023463 0.028924
0 0.318501 0.911492 0.022114 0.032009
0 0.243123 0.858658 0.024002 0.035094
0 0.640372 0.449672 0.043959 0.058619
0 0.844930 0.667181 0.029666 0.050906
0 0.905609 0.965484 0.024272 0.029695
0 0.953749 0.847088 0.026699 0.030467
0 0.216559 0.973004 0.026429 0.030081
0 0.642125 0.395102 0.051241 0.046664
0 0.318231 0.752218 0.029126 0.039722
0 0.506742 0.404744 0.050162 0.052835
0 0.137001 0.915542 0.021036 0.032395
0 0.951996 0.705168 0.025351 0.028924
0 0.189051 0.941766 0.020496 0.027767
0 0.507551 0.459506 0.050162 0.065175
0 0.768339 0.180100 0.052859 0.073274
0 0.320928 0.714809 0.026969 0.041265
0 0.442422 0.401273 0.049353 0.037408
0 0.442017 0.287312 0.050162 0.070960
0 0.270361 0.858658 0.029935 0.038180
0 0.770227 0.242962 0.053398 0.065561
0 0.215480 0.943887 0.025890 0.033552
0 0.217098 0.916699 0.024272 0.032395
0 0.557848 0.968762 0.022923 0.024682
0 0.348031 0.715773 0.026699 0.040879
