0 0.436092 0.402340 0.125621 0.181113
0 0.684346 0.251467 0.111135 0.155650
0 0.699981 0.756366 0.118110 0.173810
0 0.435995 0.581746 0.114006 0.183654
0 0.434599 0.752270 0.111760 0.167074
0 0.553049 0.250142 0.116110 0.158759
0 0.557306 0.407859 0.109372 0.174372
0 0.563391 0.748737 0.111066 0.188304
0 0.430527 0.241282 0.115383 0.157925
0 0.692633 0.579629 0.108786 0.170991
0 0.556724 0.575477 0.095359 0.173858
0 0.690370 0.409649 0.115997 0.174315
0 0.300858 0.250572 0.104569 0.171805
0 0.305873 0.758072 0.115882 0.145970
0 0.302270 0.581551 0.101621 0.181182
0 0.303795 0.411032 0.109483 0.137298
