0 0.649609 0.712575 0.025260 0.032335
0 0.814323 0.410180 0.022396 0.026946
0 0.854948 0.044611 0.024479 0.034731
0 0.561458 0.403293 0.022396 0.022754
0 0.376693 0.431886 0.027344 0.029641
0 0.617057 0.776048 0.027865 0.026347
0 0.729167 0.106138 0.026042 0.035030
0 0.647656 0.776347 0.026562 0.027545
0 0.897266 0.717814 0.025781 0.027246
0 0.679557 0.714371 0.025781 0.031138
0 0.216016 0.430090 0.024740 0.029641
0 0.372526 0.769760 0.024219 0.028144
0 0.544401 0.036377 0.024740 0.029641
0 0.678776 0.746557 0.024740 0.027246
0 0.373698 0.706437 0.024479 0.031437
0 0.907943 0.410629 0.022135 0.024850
0 0.658203 0.380539 0.023698 0.023952
0 0.877083 0.410778 0.023438 0.025749
0 0.815365 0.377545 0.027083 0.025150
0 0.794792 0.108982 0.027083 0.026946
0 0.557422 0.743563 0.019531 0.027844
0 0.510547 0.034880 0.024219 0.027246
0 0.865885 0.717365 0.021354 0.030539
0 0.584505 0.776647 0.024219 0.029940
0 0.823047 0.111677 0.024740 0.029341
0 0.587109 0.743263 0.026302 0.028443
0 0.446875 0.033832 0.023958 0.029341
0 0.478255 0.035629 0.023177 0.029341
0 0.729688 0.042066 0.023438 0.029042
0 0.713542 0.713473 0.025521 0.029341
0 0.248047 0.702994 0.023698 0.029940
0 0.676953 0.777994 0.024740 0.032036
0 0.502995 0.403593 0.023177 0.025749
0 0.557031 0.776946 0.022396 0.027545
0 0.503906 0.376347 0.025000 0.029341
0 0.847786 0.413772 0.024219 0.022754
0 0.436328 0.741018 0.022656 0.030539
0 0.885807 0.045659 0.024219 0.027844
0 0.471615 0.376796 0.025521 0.029641
0 0.402995 0.890868 0.020573 0.024251
0 0.283333 0.701497 0.024479 0.031138
0 0.781120 0.590419 0.022135 0.023353
0 0.626172 0.404192 0.025260 0.024551
0 0.560026 0.708982 0.023698 0.029341
0 0.261068 0.097754 0.021615 0.026048
0 0.638151 0.073054 0.024740 0.027545
0 0.246094 0.769910 0.023438 0.027844
0 0.626042 0.437874 0.024479 0.030838
0 0.343359 0.705689 0.021615 0.029940
0 0.245573 0.609281 0.029167 0.023353
0 0.315365 0.702246 0.023958 0.027844
0 0.341146 0.768862 0.025000 0.026347
0 0.156510 0.700150 0.026042 0.029641
0 0.282813 0.770060 0.021875 0.026946
0 0.626042 0.377395 0.024479 0.023054
0 0.410286 0.371407 0.024740 0.027246
0 0.445182 0.101796 0.021615 0.029341
0 0.562760 0.378144 0.023438 0.026946
0 0.824609 0.074551 0.023698 0.025150
0 0.467318 0.707784 0.021615 0.030539
0 0.832812 0.780838 0.022396 0.028743
0 0.228385 0.062126 0.024479 0.026048
0 0.219661 0.369760 0.022656 0.031138
0 0.185938 0.768114 0.024479 0.029641
0 0.592708 0.433234 0.023958 0.028743
0 0.228385 0.096407 0.023958 0.026946
0 0.647526 0.746407 0.024740 0.026946
0 0.773438 0.713772 0.022396 0.028144
0 0.403906 0.802994 0.023438 0.022156
0 0.618620 0.709581 0.025781 0.031138
0 0.685807 0.379042 0.022135 0.025150
0 0.120703 0.768563 0.023177 0.031737
0 0.742318 0.713174 0.021615 0.029341
0 0.218490 0.768862 0.026562 0.027545
0 0.499740 0.741018 0.024479 0.028144
0 0.316797 0.431886 0.024740 0.029641
0 0.742318 0.745060 0.025260 0.027246
0 0.436068 0.708832 0.024740 0.029042
0 0.606641 0.039072 0.021094 0.026048
0 0.587630 0.710030 0.023698 0.029042
0 0.530729 0.774701 0.023438 0.029042
0 0.219271 0.702395 0.026562 0.031737
0 0.386068 0.103443 0.025260 0.027844
0 0.089453 0.764820 0.025260 0.026048
0 0.503776 0.432036 0.027865 0.032335
0 0.814193 0.440719 0.022656 0.026347
0 0.856510 0.111078 0.023438 0.027545
0 0.446354 0.067814 0.023438 0.025449
0 0.167708 0.064820 0.025000 0.026048
0 0.876693 0.377246 0.022656 0.026946
0 0.710938 0.777695 0.024479 0.026647
0 0.533073 0.707335 0.023438 0.028443
0 0.403255 0.771707 0.023177 0.030838
0 0.470964 0.403593 0.024219 0.025150
0 0.281901 0.555090 0.023177 0.023353
0 0.589193 0.530389 0.021615 0.027246
0 0.761719 0.072904 0.022396 0.030240
0 0.908073 0.442665 0.022396 0.027844
0 0.760026 0.108832 0.021615 0.030838
0 0.095182 0.429042 0.023698 0.028743
0 0.059896 0.736228 0.022917 0.025150
0 0.878255 0.441467 0.024219 0.024850
0 0.794531 0.043713 0.025521 0.025150
0 0.283464 0.368114 0.026823 0.028443
0 0.824219 0.040569 0.023438 0.026647
0 0.283854 0.494012 0.023438 0.025150
0 0.316927 0.400449 0.024479 0.020659
0 0.696745 0.227246 0.020573 0.022754
0 0.907682 0.538772 0.021615 0.026048
0 0.371615 0.803293 0.021875 0.023353
0 0.314974 0.605988 0.024740 0.021557
0 0.374870 0.603892 0.026302 0.023353
0 0.284115 0.430389 0.022917 0.028443
0 0.885417 0.076796 0.022396 0.026647
0 0.771354 0.746856 0.021875 0.027844
0 0.225781 0.187425 0.019792 0.025150
0 0.885156 0.111377 0.022396 0.032335
0 0.712630 0.744012 0.022656 0.026347
0 0.676562 0.901946 0.023958 0.028443
0 0.698307 0.105539 0.024740 0.026647
0 0.683594 0.534880 0.020313 0.024850
0 0.747526 0.531138 0.021615 0.023952
0 0.465885 0.861228 0.022396 0.025449
0 0.282552 0.735329 0.026042 0.022754
0 0.251302 0.369611 0.023438 0.030838
0 0.313932 0.734731 0.025260 0.030539
0 0.575391 0.039521 0.026302 0.030539
0 0.089193 0.798353 0.021615 0.026048
0 0.097135 0.392216 0.021354 0.030539
0 0.508203 0.165419 0.021615 0.024251
0 0.810417 0.564820 0.023958 0.022455
0 0.762630 0.041766 0.022656 0.025449
0 0.588281 0.584431 0.021875 0.024551
0 0.801693 0.843114 0.022135 0.027545
0 0.745443 0.567066 0.021615 0.023353
0 0.312240 0.769461 0.022396 0.027545
0 0.477865 0.069311 0.022396 0.027844
0 0.750260 0.440269 0.023438 0.029641
0 0.408203 0.435030 0.024219 0.030539
0 0.526432 0.862126 0.021615 0.023653
0 0.468490 0.740419 0.023958 0.028144
0 0.122656 0.699401 0.021875 0.029940
0 0.227734 0.128443 0.021094 0.023353
0 0.153516 0.428293 0.021615 0.030240
0 0.348177 0.371557 0.021354 0.026946
0 0.311328 0.801497 0.022135 0.026347
0 0.355729 0.033234 0.021875 0.027545
0 0.833073 0.750000 0.023958 0.025749
0 0.667188 0.196407 0.021354 0.026347
0 0.604036 0.072006 0.022656 0.026647
0 0.657943 0.439671 0.024740 0.026048
0 0.283333 0.607335 0.027604 0.023054
0 0.538021 0.165269 0.020313 0.025150
0 0.670182 0.040569 0.023177 0.027844
0 0.388281 0.033683 0.024479 0.026647
0 0.715234 0.379790 0.024219 0.024251
0 0.468620 0.773653 0.023177 0.029341
0 0.684896 0.406287 0.021875 0.023353
0 0.414193 0.101048 0.021094 0.023653
0 0.094401 0.460629 0.021615 0.029042
0 0.847135 0.351647 0.022396 0.027844
0 0.126562 0.362425 0.018229 0.026647
0 0.587630 0.611228 0.026302 0.021856
0 0.259896 0.065569 0.021354 0.027545
0 0.066667 0.392665 0.024479 0.030240
0 0.562500 0.435479 0.025000 0.026048
0 0.062109 0.699102 0.027344 0.031138
0 0.137891 0.094461 0.021094 0.024251
0 0.291406 0.030389 0.022917 0.026048
0 0.572266 0.163772 0.021094 0.025749
0 0.806510 0.713323 0.026562 0.025449
0 0.593490 0.378144 0.024479 0.028144
0 0.700000 0.041018 0.022396 0.026347
0 0.856510 0.142814 0.021875 0.023353
0 0.102344 0.156886 0.022396 0.023952
0 0.167839 0.031587 0.021615 0.027246
0 0.125911 0.426946 0.020052 0.025749
0 0.418620 0.034281 0.024219 0.026647
0 0.154818 0.735180 0.024740 0.028443
0 0.166276 0.096407 0.021615 0.026347
0 0.500130 0.706437 0.025260 0.026048
0 0.059896 0.762425 0.022917 0.024251
0 0.783203 0.438323 0.022656 0.026946
0 0.324089 0.032934 0.022656 0.028743
0 0.749740 0.407036 0.021875 0.026048
0 0.195833 0.096257 0.025000 0.028443
0 0.750391 0.378144 0.022135 0.027545
0 0.883854 0.236377 0.020833 0.022455
0 0.348177 0.430689 0.021875 0.032036
0 0.469661 0.435030 0.026823 0.032335
0 0.476953 0.134132 0.022656 0.023353
0 0.183203 0.825000 0.021615 0.027844
0 0.637370 0.038174 0.022135 0.026048
0 0.275130 0.921108 0.020573 0.021856
0 0.188021 0.700449 0.026562 0.029641
0 0.529948 0.804341 0.023438 0.024251
0 0.073438 0.093114 0.020313 0.026946
0 0.499349 0.773952 0.023177 0.028743
0 0.066016 0.358683 0.024740 0.026946
0 0.074089 0.062275 0.023698 0.026347
0 0.229167 0.031587 0.023438 0.022455
0 0.415885 0.067515 0.021354 0.024251
0 0.782292 0.377395 0.022917 0.023054
0 0.572656 0.104641 0.023438 0.029641
0 0.801302 0.871856 0.022917 0.026946
0 0.770964 0.838623 0.021615 0.024551
0 0.526302 0.893713 0.021875 0.028743
0 0.604818 0.167066 0.022656 0.025749
0 0.260417 0.032186 0.022396 0.028443
0 0.715755 0.526946 0.022135 0.023952
0 0.414453 0.193263 0.021094 0.024251
0 0.056510 0.850898 0.022917 0.031138
0 0.800260 0.902096 0.021354 0.024551
0 0.386719 0.067066 0.023958 0.026946
0 0.864062 0.784581 0.021875 0.027246
0 0.918359 0.111078 0.023698 0.026347
0 0.844661 0.524102 0.021094 0.026647
0 0.542578 0.100449 0.023698 0.030240
0 0.404427 0.739671 0.021875 0.025449
0 0.619792 0.530539 0.020313 0.025749
0 0.670052 0.105539 0.022917 0.029641
0 0.907422 0.572305 0.022135 0.024850
0 0.696875 0.257186 0.021354 0.021557
0 0.408984 0.399551 0.022656 0.027246
0 0.533854 0.435030 0.023958 0.027545
0 0.060807 0.550749 0.022656 0.022455
0 0.354167 0.067964 0.021354 0.024551
0 0.855469 0.077994 0.021875 0.026647
0 0.072135 0.189671 0.021875 0.023653
0 0.097656 0.359731 0.021354 0.023054
0 0.837500 0.715269 0.022917 0.029341
0 0.799870 0.929192 0.022135 0.024850
0 0.864453 0.750000 0.024740 0.029940
0 0.771094 0.779341 0.022396 0.025749
0 0.890625 0.902695 0.021354 0.023353
0 0.412370 0.224102 0.020573 0.023653
0 0.677474 0.874251 0.023698 0.029940
0 0.535417 0.401647 0.022917 0.022455
0 0.375130 0.737725 0.023698 0.023353
0 0.437240 0.772754 0.025521 0.027545
0 0.094271 0.551198 0.021875 0.025749
0 0.846224 0.437126 0.021094 0.023952
0 0.605990 0.106138 0.025000 0.028443
0 0.226302 0.157186 0.020313 0.022754
0 0.102995 0.095060 0.020052 0.027246
0 0.505208 0.227395 0.022396 0.024850
0 0.883073 0.260778 0.020833 0.022754
0 0.344792 0.466467 0.019271 0.024551
0 0.324479 0.066467 0.023438 0.020359
0 0.372656 0.876048 0.021875 0.025150
0 0.290104 0.128743 0.019792 0.022754
0 0.666797 0.140569 0.022656 0.021257
0 0.443099 0.283982 0.024219 0.020659
0 0.155339 0.366168 0.022656 0.027545
0 0.636589 0.193713 0.021615 0.023952
0 0.371875 0.558383 0.021354 0.025749
0 0.377474 0.371407 0.023698 0.029042
0 0.476302 0.103293 0.021354 0.029940
0 0.822526 0.140868 0.021615 0.023054
0 0.707031 0.926347 0.020313 0.025749
0 0.509505 0.101048 0.022135 0.024251
0 0.255859 0.246108 0.021094 0.022754
0 0.246354 0.737575 0.022917 0.024251
0 0.908594 0.377096 0.020833 0.024251
0 0.323568 0.097305 0.023177 0.027545
0 0.855208 0.236976 0.022396 0.024251
0 0.341797 0.738623 0.021615 0.026946
0 0.198958 0.032635 0.021875 0.025749
0 0.844661 0.459880 0.022656 0.022156
0 0.120703 0.733683 0.022656 0.025449
0 0.434245 0.860928 0.022656 0.026048
0 0.684245 0.497455 0.021615 0.024850
0 0.217188 0.398952 0.023438 0.024850
0 0.684896 0.441467 0.021875 0.027844
0 0.675521 0.927246 0.021354 0.023353
0 0.153776 0.768563 0.024740 0.028743
0 0.505990 0.197156 0.021875 0.024850
0 0.374089 0.526497 0.021094 0.026647
0 0.885547 0.173653 0.021094 0.025749
0 0.812630 0.501946 0.021615 0.026048
0 0.415625 0.133982 0.021875 0.022455
0 0.404948 0.704042 0.022917 0.030838
0 0.087500 0.884281 0.021875 0.027844
0 0.557031 0.583683 0.019271 0.023054
0 0.320833 0.130689 0.020313 0.023653
0 0.541406 0.070659 0.023438 0.023353
0 0.150911 0.851497 0.021615 0.022754
0 0.499349 0.804491 0.022656 0.021557
0 0.829036 0.929641 0.021094 0.022156
0 0.090755 0.697156 0.023698 0.026647
0 0.854948 0.205988 0.021875 0.025749
0 0.643880 0.897156 0.021094 0.025449
0 0.278125 0.830240 0.022917 0.027545
0 0.741797 0.777695 0.023698 0.027844
0 0.729948 0.139371 0.021875 0.023054
0 0.664453 0.226497 0.021615 0.024850
0 0.697135 0.288024 0.023438 0.021557
0 0.180339 0.945060 0.023177 0.020659
0 0.665234 0.257485 0.020573 0.022156
0 0.644922 0.807635 0.022135 0.024251
0 0.286849 0.157784 0.020573 0.025749
0 0.895703 0.752096 0.022656 0.028144
0 0.729557 0.203743 0.023698 0.026647
0 0.554297 0.952395 0.022135 0.021557
0 0.876823 0.473653 0.021875 0.023952
0 0.441146 0.433234 0.022396 0.028144
0 0.779557 0.621707 0.023177 0.021856
0 0.716797 0.442365 0.022656 0.023653
0 0.074089 0.219461 0.023698 0.021557
0 0.613802 0.867066 0.022396 0.026946
0 0.530078 0.551497 0.021615 0.025749
0 0.475651 0.226796 0.021615 0.025449
0 0.616927 0.745659 0.020833 0.027844
0 0.622266 0.561527 0.022656 0.024850
0 0.614714 0.835479 0.022135 0.026048
0 0.788802 0.290868 0.023958 0.020659
0 0.216927 0.798054 0.021875 0.023653
0 0.474870 0.197305 0.020573 0.026347
0 0.289974 0.064222 0.020052 0.022455
0 0.380469 0.276946 0.022917 0.020958
0 0.539974 0.133533 0.021094 0.023952
0 0.498568 0.611377 0.023698 0.020359
0 0.183203 0.855838 0.022135 0.024850
0 0.874349 0.539671 0.019531 0.024850
0 0.437760 0.608533 0.022917 0.021856
0 0.213281 0.919910 0.019792 0.023653
0 0.148047 0.942515 0.022656 0.022754
0 0.804167 0.812874 0.022396 0.023952
0 0.537109 0.228144 0.019010 0.023353
0 0.444401 0.194760 0.022656 0.021856
0 0.642839 0.869910 0.019010 0.026048
0 0.283854 0.399401 0.023438 0.023952
0 0.313021 0.579341 0.019271 0.022156
0 0.812240 0.535928 0.021875 0.022754
0 0.613021 0.925599 0.021354 0.024251
0 0.195573 0.127246 0.020833 0.026347
0 0.342708 0.602844 0.022917 0.021856
0 0.151432 0.608234 0.023177 0.021856
0 0.623437 0.469611 0.021875 0.026048
0 0.437370 0.579192 0.020573 0.024850
0 0.557943 0.612126 0.022656 0.021856
0 0.260026 0.130689 0.020573 0.025449
0 0.317188 0.369012 0.022396 0.028443
0 0.064193 0.430539 0.022656 0.023952
0 0.745443 0.593563 0.020052 0.023054
0 0.313802 0.524551 0.020313 0.023952
0 0.894531 0.787575 0.022396 0.026647
0 0.499219 0.554042 0.020313 0.026048
0 0.469010 0.581886 0.020313 0.026048
0 0.056641 0.820509 0.022656 0.024251
0 0.246224 0.799850 0.020052 0.025449
0 0.342578 0.834132 0.022135 0.024551
0 0.556771 0.835329 0.021354 0.024551
0 0.343099 0.892964 0.025781 0.025449
0 0.307943 0.892814 0.021094 0.024551
0 0.508984 0.071557 0.023698 0.027545
0 0.495182 0.862126 0.021094 0.024850
0 0.636458 0.105090 0.023438 0.023353
0 0.529036 0.832186 0.021615 0.024251
0 0.854036 0.260778 0.020052 0.023952
0 0.858854 0.928892 0.020313 0.024251
0 0.908464 0.504790 0.022135 0.023952
0 0.622005 0.498503 0.021615 0.022754
0 0.500521 0.521557 0.021875 0.023353
0 0.633984 0.254641 0.020052 0.023054
0 0.470313 0.554940 0.022396 0.024251
0 0.788932 0.260329 0.021615 0.024251
0 0.830859 0.840120 0.021615 0.025749
0 0.104557 0.031437 0.021615 0.026946
0 0.760156 0.233533 0.021354 0.027545
0 0.313411 0.556138 0.020052 0.021257
0 0.905729 0.599102 0.020313 0.022156
0 0.534505 0.377844 0.021094 0.030539
0 0.377604 0.471557 0.021875 0.030539
0 0.179688 0.917665 0.020313 0.020958
0 0.214062 0.489371 0.021875 0.024251
0 0.594010 0.403293 0.020313 0.021557
0 0.643099 0.925599 0.022135 0.023054
0 0.073698 0.246707 0.020833 0.022754
0 0.569661 0.257784 0.019531 0.023353
0 0.538281 0.195359 0.019792 0.023653
0 0.884766 0.205240 0.020573 0.024850
0 0.811198 0.591617 0.020313 0.023353
0 0.583594 0.926198 0.021354 0.023653
0 0.247526 0.551647 0.020573 0.023653
0 0.373177 0.905240 0.020833 0.027246
0 0.524089 0.950150 0.023698 0.023653
0 0.148698 0.884132 0.020833 0.025150
0 0.211719 0.947605 0.021875 0.019760
0 0.289974 0.095509 0.022656 0.023952
0 0.353906 0.099701 0.020313 0.026347
0 0.676432 0.954341 0.025260 0.020659
0 0.433724 0.889671 0.020573 0.027246
0 0.745964 0.621257 0.020573 0.020359
0 0.917578 0.143263 0.022656 0.022455
0 0.442969 0.254192 0.020833 0.023353
0 0.103776 0.064371 0.022656 0.022156
0 0.412109 0.249850 0.019531 0.021257
0 0.613932 0.896257 0.021094 0.021856
0 0.443229 0.226647 0.020833 0.021557
0 0.682682 0.616018 0.020573 0.018862
0 0.192839 0.185778 0.021094 0.022455
0 0.344141 0.523653 0.020573 0.026347
0 0.583984 0.803892 0.023177 0.019760
0 0.859375 0.873204 0.019792 0.022455
0 0.257552 0.186976 0.019792 0.023653
0 0.056771 0.914671 0.021875 0.023353
0 0.667839 0.167216 0.021094 0.023653
0 0.317708 0.189072 0.020313 0.022455
0 0.643229 0.952994 0.025521 0.020958
0 0.188151 0.367365 0.020573 0.025749
0 0.556510 0.805838 0.021354 0.024850
0 0.737630 0.928144 0.020573 0.024551
0 0.441797 0.371257 0.023177 0.022156
0 0.780729 0.566018 0.022396 0.023054
0 0.828516 0.873952 0.021615 0.023353
0 0.375130 0.398802 0.023177 0.022754
0 0.087370 0.913922 0.019531 0.027246
0 0.281120 0.579641 0.020052 0.023353
0 0.308073 0.920359 0.020833 0.023353
0 0.406510 0.464820 0.021354 0.020060
0 0.853646 0.291467 0.021354 0.018862
0 0.791016 0.232335 0.022656 0.022754
0 0.413672 0.279192 0.021615 0.019461
0 0.583594 0.831287 0.020313 0.023054
0 0.470182 0.465569 0.023698 0.025749
0 0.184375 0.459281 0.020833 0.022156
0 0.697135 0.195210 0.021354 0.023353
0 0.820052 0.261976 0.018750 0.022754
0 0.644661 0.833982 0.020573 0.024850
0 0.315365 0.465120 0.020313 0.024850
0 0.184505 0.797006 0.022656 0.020359
0 0.918620 0.044311 0.022135 0.022754
0 0.403906 0.549401 0.022396 0.025150
0 0.588802 0.560629 0.020833 0.020060
0 0.507422 0.132485 0.022135 0.024850
0 0.554036 0.922156 0.021094 0.024551
0 0.282552 0.463323 0.021354 0.021257
0 0.698438 0.141018 0.020313 0.024551
0 0.474349 0.255539 0.020052 0.021856
0 0.555078 0.863174 0.022135 0.022156
0 0.087500 0.826497 0.020313 0.026048
0 0.570312 0.194461 0.020313 0.021257
0 0.845833 0.376647 0.021875 0.020359
0 0.466016 0.831737 0.022135 0.022156
0 0.770052 0.868862 0.020833 0.022754
0 0.215885 0.828443 0.020313 0.023353
0 0.119141 0.801048 0.019531 0.024251
0 0.503646 0.255838 0.020313 0.023054
0 0.152865 0.798653 0.022396 0.021257
0 0.502083 0.464222 0.023958 0.025449
0 0.258594 0.158383 0.020833 0.021557
0 0.381120 0.193862 0.021615 0.024850
0 0.530208 0.521407 0.021875 0.020659
0 0.469141 0.610180 0.024740 0.022156
0 0.406510 0.606287 0.023438 0.020359
0 0.136979 0.123952 0.019271 0.021557
0 0.804427 0.780838 0.022396 0.023353
0 0.276432 0.947605 0.025260 0.022156
0 0.605729 0.224701 0.021875 0.022455
0 0.525260 0.922305 0.020833 0.024850
0 0.245312 0.829192 0.020833 0.023054
0 0.435286 0.829940 0.021615 0.020958
0 0.684375 0.469162 0.019792 0.022156
0 0.554948 0.892964 0.021875 0.022455
0 0.087760 0.852695 0.019271 0.022754
0 0.349349 0.223353 0.018490 0.026946
0 0.060156 0.516916 0.021354 0.024251
0 0.310156 0.830090 0.021354 0.020659
0 0.918750 0.254940 0.021354 0.023653
0 0.536589 0.257335 0.020052 0.023054
0 0.728255 0.289072 0.022135 0.020659
0 0.505339 0.285629 0.023177 0.018563
0 0.708854 0.872006 0.022917 0.024251
0 0.403255 0.575150 0.020573 0.023353
0 0.495443 0.920808 0.020573 0.021856
0 0.285807 0.187575 0.020052 0.023054
0 0.893750 0.816168 0.021354 0.023353
0 0.194141 0.153743 0.020052 0.023653
0 0.245703 0.576946 0.020052 0.020359
0 0.317188 0.218862 0.019271 0.023952
0 0.402344 0.916766 0.020833 0.026347
0 0.696875 0.167814 0.020313 0.024251
0 0.445573 0.134132 0.022396 0.023952
0 0.682813 0.575898 0.020313 0.021856
0 0.101953 0.191916 0.019010 0.024551
0 0.092969 0.487275 0.020833 0.021856
0 0.405339 0.490419 0.021615 0.027545
0 0.341146 0.947305 0.022917 0.020359
0 0.381510 0.161976 0.020833 0.024551
0 0.738281 0.898653 0.019792 0.022455
0 0.213281 0.890269 0.020313 0.023054
0 0.739583 0.869012 0.019271 0.021257
0 0.872656 0.596108 0.020833 0.022754
0 0.820052 0.290269 0.020833 0.018862
0 0.102344 0.128443 0.020833 0.020958
0 0.120703 0.944162 0.020052 0.017665
0 0.092578 0.580838 0.020573 0.024551
0 0.348177 0.248653 0.017188 0.020659
0 0.152083 0.823353 0.021354 0.025749
0 0.918099 0.293114 0.022135 0.019162
0 0.604297 0.139970 0.020573 0.020659
0 0.381120 0.248204 0.020052 0.022754
0 0.464714 0.952246 0.021094 0.022455
0 0.794531 0.072904 0.021875 0.021856
0 0.781250 0.502096 0.019792 0.025150
0 0.341667 0.800150 0.020833 0.024850
0 0.225130 0.216617 0.022135 0.022455
0 0.308073 0.864222 0.021354 0.025449
0 0.072786 0.028892 0.023698 0.026647
0 0.148047 0.915419 0.020573 0.023653
0 0.529557 0.613323 0.021615 0.018263
0 0.285417 0.213174 0.020313 0.024551
0 0.307682 0.948802 0.022656 0.020958
0 0.382552 0.221707 0.021875 0.020060
0 0.249089 0.427545 0.021094 0.028144
0 0.653125 0.614072 0.020313 0.018563
0 0.747786 0.469910 0.020573 0.020659
0 0.557943 0.523952 0.019010 0.020958
0 0.405078 0.520958 0.022135 0.023952
0 0.186068 0.397305 0.021615 0.025150
0 0.061589 0.459132 0.020052 0.024850
0 0.635026 0.223503 0.020052 0.023054
0 0.822917 0.202545 0.020833 0.024251
0 0.654167 0.528593 0.021354 0.024251
0 0.706901 0.898653 0.020573 0.023653
0 0.089844 0.944012 0.022917 0.019162
0 0.057292 0.883982 0.020833 0.024850
0 0.676693 0.836377 0.021094 0.021257
0 0.434115 0.946707 0.023958 0.027545
0 0.464062 0.920210 0.020833 0.024850
0 0.792318 0.168263 0.020052 0.027545
0 0.858984 0.901647 0.020052 0.021856
0 0.342448 0.558234 0.020313 0.026647
0 0.371484 0.946257 0.023177 0.021257
0 0.248047 0.490569 0.020052 0.021856
0 0.499089 0.580539 0.020052 0.022754
0 0.315755 0.493114 0.020573 0.025749
0 0.529687 0.581437 0.020313 0.023952
0 0.793099 0.138772 0.021615 0.020060
0 0.769401 0.926048 0.019531 0.021557
0 0.434245 0.919461 0.021094 0.026347
0 0.917188 0.174102 0.021354 0.023054
0 0.438802 0.488922 0.021875 0.024551
0 0.603776 0.193413 0.021615 0.022156
0 0.636328 0.287874 0.021615 0.018263
0 0.619401 0.615269 0.020052 0.018563
0 0.415495 0.162874 0.021615 0.019760
0 0.256641 0.214671 0.021094 0.025150
0 0.243099 0.893563 0.021094 0.023054
0 0.571094 0.224701 0.019271 0.022455
0 0.190885 0.244162 0.021354 0.021257
0 0.890365 0.930988 0.020313 0.023054
0 0.160026 0.270808 0.020052 0.017665
0 0.557292 0.551347 0.018750 0.018263
0 0.437500 0.549850 0.019271 0.024850
0 0.532943 0.465419 0.020052 0.019461
0 0.472135 0.282485 0.020313 0.020060
0 0.213932 0.861527 0.018490 0.023054
0 0.620833 0.589671 0.018750 0.021257
0 0.247917 0.462725 0.021354 0.023054
0 0.782161 0.473054 0.021094 0.025150
0 0.117578 0.913623 0.019531 0.024251
0 0.652865 0.589371 0.019271 0.021257
0 0.182031 0.607335 0.019792 0.018862
0 0.342318 0.867814 0.020573 0.021856
0 0.613151 0.953593 0.020573 0.019162
0 0.242839 0.864671 0.020573 0.024551
0 0.192708 0.215419 0.020313 0.020659
0 0.714063 0.620060 0.021354 0.017964
0 0.495443 0.890120 0.021094 0.022754
0 0.072656 0.157036 0.017708 0.023054
0 0.477083 0.166018 0.020833 0.020060
0 0.583594 0.891467 0.021875 0.022455
0 0.401823 0.947605 0.022396 0.031138
0 0.829036 0.901347 0.020052 0.022455
0 0.056510 0.942515 0.023438 0.022156
0 0.373177 0.838174 0.019792 0.021257
0 0.676693 0.806886 0.022135 0.020359
0 0.532031 0.492216 0.019792 0.020359
0 0.316406 0.276048 0.019792 0.018563
0 0.222396 0.245808 0.019792 0.022754
0 0.781250 0.531737 0.020313 0.022754
0 0.180729 0.887575 0.020313 0.026048
0 0.125781 0.391617 0.018229 0.021557
0 0.654557 0.562725 0.021615 0.021856
0 0.125521 0.460329 0.018750 0.021856
0 0.161589 0.242066 0.017969 0.021856
0 0.137891 0.030838 0.022656 0.022156
0 0.727734 0.250599 0.021615 0.028743
0 0.444531 0.164222 0.018229 0.020060
0 0.316146 0.247605 0.019271 0.022754
0 0.281771 0.523653 0.020833 0.020359
0 0.884896 0.143114 0.020313 0.020958
0 0.747656 0.498503 0.020833 0.020359
0 0.091927 0.519461 0.018750 0.027545
0 0.827344 0.955988 0.021875 0.020359
0 0.635807 0.139970 0.020052 0.020060
0 0.101953 0.221407 0.018490 0.019461
0 0.275911 0.865120 0.020052 0.025449
0 0.060937 0.485928 0.020313 0.027545
0 0.874219 0.569012 0.020313 0.023054
0 0.844922 0.478443 0.021615 0.017365
0 0.061589 0.576946 0.020573 0.023353
0 0.714714 0.565269 0.019531 0.022754
0 0.706901 0.955988 0.022135 0.019760
0 0.500781 0.489371 0.021875 0.021856
0 0.186198 0.426497 0.022917 0.028443
0 0.591406 0.471707 0.022917 0.034431
0 0.468880 0.490419 0.022135 0.023952
0 0.535286 0.285030 0.018490 0.017964
0 0.468229 0.802695 0.021354 0.020359
0 0.118490 0.852096 0.020313 0.024551
0 0.872917 0.625898 0.021875 0.020060
0 0.823177 0.170659 0.020313 0.021557
0 0.242318 0.920958 0.020052 0.020359
0 0.739974 0.808533 0.019531 0.022455
0 0.403255 0.825599 0.020052 0.023054
0 0.791146 0.201796 0.021354 0.023952
0 0.605208 0.255240 0.020313 0.021856
0 0.635417 0.164671 0.020833 0.019162
0 0.283333 0.276647 0.018229 0.018563
0 0.248307 0.517814 0.020573 0.023653
0 0.758984 0.139222 0.018490 0.020958
0 0.854818 0.173653 0.019531 0.021557
0 0.351953 0.159880 0.018490 0.020958
0 0.384505 0.133832 0.020052 0.019162
0 0.585417 0.953743 0.023958 0.019461
0 0.884896 0.293563 0.021875 0.017665
0 0.119531 0.825150 0.020833 0.020958
0 0.319922 0.158533 0.018490 0.020659
0 0.275391 0.894910 0.019010 0.024551
0 0.572917 0.136377 0.019792 0.020659
0 0.467839 0.522754 0.022135 0.025749
0 0.132943 0.212725 0.018490 0.021856
0 0.711719 0.838024 0.023438 0.020958
0 0.182161 0.516766 0.019531 0.020958
0 0.497135 0.830389 0.023438 0.025449
0 0.812500 0.622006 0.021354 0.020659
0 0.101302 0.245808 0.018229 0.021557
0 0.905078 0.626048 0.022135 0.019760
0 0.759896 0.200150 0.019271 0.023653
0 0.124089 0.522006 0.018490 0.024251
0 0.860547 0.841617 0.021094 0.022156
0 0.214062 0.581437 0.018750 0.024551
0 0.800000 0.955389 0.022396 0.020958
0 0.820964 0.233234 0.017969 0.022156
0 0.402474 0.862725 0.022135 0.031437
0 0.831120 0.813174 0.020052 0.020359
0 0.888151 0.959132 0.022656 0.019461
0 0.213932 0.552246 0.019010 0.021257
0 0.132292 0.269162 0.018750 0.019162
0 0.728906 0.168713 0.020313 0.023054
0 0.716146 0.467964 0.021354 0.019162
0 0.615234 0.806886 0.021094 0.018563
0 0.759766 0.168862 0.019010 0.025749
0 0.092188 0.606437 0.020833 0.020060
0 0.740495 0.838922 0.019010 0.022754
0 0.654948 0.469910 0.020313 0.021257
0 0.183724 0.488623 0.020052 0.022754
0 0.558333 0.494311 0.019271 0.017964
0 0.189193 0.273353 0.019010 0.018563
0 0.737760 0.956587 0.020833 0.019162
0 0.182161 0.577096 0.020052 0.021856
0 0.844661 0.498054 0.021094 0.021856
0 0.711198 0.807934 0.020833 0.020659
0 0.284375 0.246257 0.019271 0.023054
0 0.221875 0.272754 0.019271 0.017964
0 0.242578 0.947904 0.023698 0.022754
0 0.073568 0.127695 0.018490 0.019461
0 0.061198 0.605988 0.020313 0.020359
0 0.582682 0.863323 0.018490 0.019461
0 0.758203 0.260030 0.019531 0.024251
0 0.559245 0.467066 0.019010 0.019760
0 0.716016 0.495659 0.020052 0.020060
0 0.464062 0.892066 0.020833 0.027844
0 0.136458 0.149551 0.019271 0.019461
0 0.343490 0.496108 0.018229 0.017365
0 0.875911 0.504042 0.020573 0.021856
0 0.180990 0.550000 0.018750 0.023353
0 0.124740 0.485928 0.016146 0.021557
0 0.606120 0.286677 0.021094 0.018862
0 0.591146 0.497605 0.019271 0.019162
0 0.163151 0.181737 0.019010 0.021557
0 0.215365 0.464222 0.022396 0.023653
0 0.152083 0.459880 0.019792 0.020359
0 0.162240 0.215868 0.019792 0.020958
0 0.569922 0.288024 0.020573 0.019760
0 0.118620 0.880240 0.020052 0.024551
0 0.495703 0.948952 0.020052 0.020060
0 0.653776 0.499251 0.018490 0.019461
0 0.151693 0.516617 0.018490 0.018862
0 0.134245 0.179940 0.017448 0.017964
0 0.917708 0.215569 0.021354 0.021557
0 0.906380 0.475449 0.019010 0.021557
0 0.857292 0.956886 0.021354 0.020958
0 0.341406 0.919162 0.020313 0.022156
0 0.212630 0.608383 0.018490 0.016766
0 0.438411 0.516617 0.022656 0.020060
0 0.667448 0.288323 0.020833 0.018563
0 0.350130 0.277246 0.017969 0.020359
0 0.714323 0.594012 0.019271 0.022754
0 0.152344 0.550299 0.020313 0.022754
0 0.757943 0.289820 0.020052 0.020359
0 0.767448 0.949551 0.022396 0.026048
0 0.439063 0.463024 0.021875 0.019461
0 0.122396 0.556437 0.017188 0.021257
0 0.435156 0.806287 0.020833 0.018563
0 0.891276 0.869611 0.021094 0.021856
0 0.255078 0.273204 0.019531 0.020659
0 0.163411 0.153144 0.020052 0.017066
0 0.768620 0.900299 0.019010 0.018563
0 0.769922 0.807485 0.022135 0.023353
0 0.073698 0.274701 0.019271 0.022455
0 0.131120 0.241168 0.015885 0.021257
0 0.102474 0.272605 0.020052 0.024850
0 0.350260 0.191916 0.017708 0.024551
0 0.846354 0.394461 0.019792 0.016467
0 0.890755 0.842814 0.020052 0.020958
0 0.376693 0.496257 0.021615 0.018862
0 0.862109 0.814371 0.019010 0.019162
0 0.278906 0.798952 0.021354 0.020060
0 0.151432 0.580389 0.019010 0.020659
0 0.812240 0.470808 0.019271 0.020659
0 0.165365 0.127395 0.019271 0.023653
0 0.153255 0.488174 0.021615 0.022455
0 0.214583 0.519461 0.019792 0.021557
0 0.352865 0.134431 0.017708 0.016766
0 0.057422 0.796557 0.020052 0.021856
0 0.122005 0.602844 0.017969 0.024251
