0 0.364714 0.155647 0.028385 0.050505
0 0.153125 0.117539 0.029687 0.048669
0 0.611589 0.104913 0.028385 0.047291
0 0.401302 0.108356 0.031250 0.047750
0 0.791536 0.151286 0.032031 0.050046
0 0.435026 0.064050 0.027344 0.050046
0 0.505208 0.105372 0.027604 0.044536
0 0.258203 0.068182 0.028385 0.047291
0 0.260807 0.614784 0.028906 0.048669
0 0.541016 0.109963 0.028385 0.042700
0 0.402474 0.660927 0.029427 0.047291
0 0.826823 0.238751 0.027604 0.049587
0 0.828646 0.151745 0.029167 0.050046
0 0.470573 0.064509 0.028125 0.053719
0 0.545052 0.652893 0.031771 0.049587
0 0.756510 0.652204 0.031250 0.053719
0 0.793620 0.650138 0.032031 0.050505
0 0.614583 0.199265 0.031771 0.049587
0 0.190755 0.160009 0.030990 0.047291
0 0.790625 0.060606 0.026042 0.048669
0 0.689193 0.606290 0.029948 0.044536
0 0.435937 0.109275 0.027604 0.044995
0 0.297656 0.570248 0.029687 0.047750
0 0.900260 0.156795 0.029167 0.053719
0 0.402083 0.566345 0.028646 0.050046
0 0.791276 0.105142 0.028385 0.047750
0 0.297135 0.379017 0.032813 0.044536
0 0.650651 0.653122 0.031510 0.051882
0 0.829297 0.060147 0.029948 0.049587
0 0.472526 0.567952 0.026823 0.050505
0 0.505469 0.240129 0.026042 0.044077
0 0.899740 0.063820 0.030208 0.056015
0 0.296094 0.334940 0.029687 0.049128
0 0.645703 0.061295 0.025260 0.049128
0 0.331641 0.570937 0.027865 0.051882
0 0.151693 0.162994 0.031510 0.046832
0 0.367839 0.571396 0.027344 0.046373
0 0.897656 0.198577 0.026042 0.043618
0 0.402734 0.615243 0.026823 0.052342
0 0.686589 0.649908 0.028385 0.050046
0 0.471094 0.241047 0.027083 0.048669
0 0.437760 0.613407 0.029687 0.044077
0 0.896875 0.243572 0.027083 0.050964
0 0.717318 0.282599 0.028906 0.045455
0 0.755990 0.237833 0.029687 0.052342
0 0.646875 0.106979 0.026562 0.044995
0 0.862240 0.151515 0.028125 0.048669
0 0.470443 0.151974 0.033073 0.045914
0 0.259896 0.158632 0.030729 0.050964
0 0.363411 0.065197 0.026823 0.049587
0 0.152083 0.072773 0.029167 0.044536
0 0.790234 0.329890 0.026823 0.045455
0 0.934115 0.199036 0.027083 0.046373
0 0.612500 0.151974 0.028125 0.051423
0 0.933984 0.109734 0.025260 0.045914
0 0.754297 0.060376 0.027344 0.050046
0 0.686458 0.058081 0.027083 0.051882
0 0.084375 0.167126 0.031771 0.049587
0 0.086719 0.301653 0.027604 0.046832
0 0.791146 0.239899 0.029167 0.049128
0 0.753255 0.330349 0.027865 0.049128
0 0.437109 0.569559 0.028385 0.052801
0 0.541536 0.064509 0.029948 0.058310
0 0.399479 0.153581 0.026562 0.049128
0 0.863672 0.105142 0.026823 0.047750
0 0.544271 0.787190 0.030208 0.044536
0 0.544922 0.565197 0.030469 0.048669
0 0.541146 0.196740 0.027604 0.049128
0 0.328776 0.066345 0.028385 0.049128
0 0.260807 0.568411 0.030990 0.042241
0 0.222526 0.071166 0.026302 0.047750
0 0.402474 0.745638 0.026302 0.047750
0 0.650911 0.562443 0.029948 0.047750
0 0.506641 0.282599 0.028906 0.044536
0 0.083203 0.212121 0.027865 0.049587
0 0.402344 0.378558 0.032292 0.043618
0 0.576432 0.061754 0.027865 0.050046
0 0.830469 0.605142 0.030729 0.042241
0 0.792969 0.784435 0.029687 0.050964
0 0.899219 0.110882 0.027083 0.045455
0 0.470964 0.334481 0.025781 0.045455
0 0.722396 0.060147 0.031250 0.054178
0 0.157292 0.343664 0.027604 0.047291
0 0.507812 0.654729 0.027604 0.045914
0 0.436198 0.657943 0.028125 0.048669
0 0.828516 0.652204 0.026823 0.051882
0 0.295703 0.615014 0.026823 0.045455
0 0.578385 0.150597 0.030729 0.049587
0 0.332552 0.381543 0.031250 0.042241
0 0.260156 0.658632 0.028646 0.048209
0 0.896745 0.289945 0.026823 0.044536
0 0.225651 0.380165 0.030469 0.045914
0 0.438281 0.375344 0.030729 0.045455
0 0.580599 0.786961 0.028906 0.044995
0 0.685156 0.147612 0.029167 0.050964
0 0.719531 0.236226 0.028125 0.050964
0 0.471354 0.613177 0.026042 0.049128
0 0.578906 0.374426 0.030729 0.043618
0 0.649479 0.377870 0.029167 0.044077
0 0.934766 0.063131 0.027344 0.049128
0 0.754687 0.147383 0.028125 0.050505
0 0.650260 0.606749 0.025521 0.048209
0 0.295573 0.658632 0.028125 0.046373
0 0.087109 0.343893 0.026823 0.047750
0 0.367969 0.289715 0.027083 0.050505
0 0.613802 0.313361 0.026562 0.051882
0 0.505078 0.059229 0.030469 0.054178
0 0.331901 0.659320 0.028906 0.049587
0 0.826562 0.331038 0.028646 0.047750
0 0.861328 0.375574 0.031510 0.047750
0 0.542839 0.376492 0.029427 0.043159
0 0.827474 0.106061 0.026823 0.048669
0 0.507812 0.699495 0.027083 0.049128
0 0.648828 0.332415 0.026823 0.050505
0 0.122266 0.387971 0.032031 0.049587
0 0.828776 0.562443 0.024219 0.047750
0 0.613281 0.562672 0.027604 0.047291
0 0.580469 0.831267 0.029167 0.047291
0 0.720052 0.146924 0.028646 0.047750
0 0.721354 0.563361 0.026042 0.050505
0 0.506120 0.152433 0.030469 0.051423
0 0.401953 0.290863 0.029948 0.051882
0 0.398307 0.062672 0.023698 0.044536
0 0.758464 0.606061 0.031510 0.046832
0 0.646875 0.148301 0.027083 0.044995
0 0.754036 0.373967 0.031510 0.045455
0 0.120443 0.342975 0.027865 0.048669
0 0.189453 0.205234 0.025781 0.043159
0 0.577865 0.562672 0.027604 0.042700
0 0.157682 0.386134 0.033073 0.044995
0 0.757292 0.695592 0.026042 0.043159
0 0.859245 0.329201 0.026823 0.044995
0 0.259766 0.837925 0.029427 0.045914
0 0.758854 0.783976 0.028125 0.046373
0 0.932161 0.246327 0.024740 0.050964
0 0.612760 0.058310 0.028125 0.049587
0 0.540885 0.150367 0.029167 0.040863
0 0.510156 0.789715 0.029167 0.044995
0 0.543750 0.608127 0.027604 0.041781
0 0.437109 0.154270 0.026823 0.051423
0 0.330078 0.246097 0.025260 0.045914
0 0.366406 0.659320 0.026562 0.053260
0 0.718229 0.371442 0.032813 0.044077
0 0.329688 0.157025 0.027604 0.047750
0 0.330078 0.112029 0.029948 0.048669
0 0.756771 0.104913 0.029167 0.040863
0 0.436849 0.199954 0.025781 0.045455
0 0.192448 0.294536 0.026562 0.046373
0 0.860417 0.284665 0.027083 0.044995
0 0.187240 0.070937 0.027604 0.043618
0 0.722917 0.693297 0.026562 0.043159
0 0.363281 0.110193 0.024479 0.044077
0 0.576693 0.331497 0.025781 0.044995
0 0.154036 0.206841 0.026823 0.042700
0 0.577474 0.283976 0.026823 0.050964
0 0.471354 0.378099 0.032292 0.045455
0 0.472396 0.703857 0.027083 0.044077
0 0.401432 0.242195 0.026823 0.048209
0 0.542318 0.331956 0.029427 0.050505
0 0.685026 0.101010 0.027344 0.039486
0 0.615234 0.373278 0.032552 0.048669
0 0.718880 0.327594 0.026823 0.047291
0 0.722135 0.651286 0.029687 0.049128
0 0.934375 0.153352 0.025521 0.043159
0 0.683984 0.237144 0.025260 0.042700
0 0.086198 0.256887 0.028646 0.048209
0 0.261068 0.382231 0.032031 0.043618
0 0.509115 0.568641 0.032292 0.053719
0 0.191146 0.249541 0.024479 0.043618
0 0.790104 0.194215 0.025521 0.044077
0 0.753776 0.285124 0.026302 0.048669
0 0.791146 0.285354 0.027083 0.048209
0 0.899740 0.695363 0.027083 0.047291
0 0.648047 0.286272 0.027865 0.049128
0 0.295703 0.704545 0.025260 0.042700
0 0.615755 0.652663 0.030469 0.049128
0 0.260937 0.339302 0.025000 0.046832
0 0.900781 0.604224 0.027604 0.049587
0 0.119141 0.164371 0.028906 0.044995
0 0.511589 0.835399 0.027865 0.050964
0 0.504818 0.198118 0.026302 0.043618
0 0.296484 0.842746 0.027344 0.049128
0 0.542057 0.285124 0.025781 0.044077
0 0.580339 0.651515 0.029427 0.046832
0 0.794792 0.560376 0.030729 0.047291
0 0.544531 0.697888 0.028125 0.044995
0 0.934245 0.558770 0.027344 0.052342
0 0.614974 0.695592 0.025781 0.043159
0 0.154688 0.253444 0.029167 0.051423
0 0.120573 0.208678 0.028646 0.046373
0 0.330469 0.336318 0.027604 0.052801
0 0.793750 0.738751 0.026562 0.044995
0 0.260677 0.292700 0.027604 0.045455
0 0.081771 0.122590 0.029687 0.045914
0 0.223307 0.793388 0.025781 0.051423
0 0.792578 0.692378 0.025781 0.043159
0 0.683594 0.325298 0.027083 0.048209
0 0.931120 0.331956 0.024740 0.040404
0 0.226172 0.569559 0.024740 0.050046
0 0.864714 0.650138 0.027865 0.047750
0 0.864453 0.558540 0.026302 0.043618
0 0.546484 0.877410 0.031510 0.043159
0 0.687500 0.558999 0.028125 0.045455
0 0.758203 0.738522 0.025781 0.046373
0 0.757292 0.561754 0.024479 0.047291
0 0.473698 0.659550 0.028125 0.046373
0 0.754557 0.191460 0.025260 0.039486
0 0.580339 0.742883 0.027344 0.047750
0 0.826302 0.286272 0.026562 0.049128
0 0.614714 0.741736 0.025260 0.046373
0 0.224479 0.159320 0.026562 0.048669
0 0.330729 0.704545 0.025000 0.042700
0 0.469141 0.289256 0.026823 0.051423
0 0.828255 0.781910 0.026823 0.047750
0 0.898568 0.553489 0.027344 0.042700
0 0.436198 0.702938 0.026042 0.042241
0 0.862500 0.060147 0.026562 0.048669
0 0.932031 0.377640 0.031250 0.046373
0 0.082682 0.075987 0.030469 0.048209
0 0.935286 0.695822 0.024740 0.043618
0 0.365104 0.336088 0.027083 0.050505
0 0.400651 0.336547 0.025260 0.040404
0 0.793620 0.828972 0.026823 0.041781
0 0.825651 0.374197 0.030469 0.043159
0 0.088021 0.388659 0.031250 0.045455
0 0.897917 0.652433 0.031771 0.050505
0 0.367839 0.380395 0.031510 0.040863
0 0.364974 0.199725 0.026302 0.040404
0 0.259896 0.246556 0.027083 0.046832
0 0.722656 0.737833 0.028646 0.044995
0 0.650781 0.740817 0.029687 0.050964
0 0.260286 0.792011 0.026302 0.047750
0 0.897135 0.375574 0.029687 0.045914
0 0.225781 0.881772 0.029687 0.040863
0 0.683724 0.193297 0.026302 0.044995
0 0.614714 0.788797 0.025781 0.046832
0 0.648307 0.237374 0.024740 0.044077
0 0.683724 0.371901 0.030990 0.042241
0 0.683203 0.280762 0.026302 0.044536
0 0.436458 0.792241 0.028125 0.046373
0 0.293620 0.155418 0.029948 0.054637
0 0.225651 0.659780 0.028385 0.049587
0 0.932422 0.289715 0.025260 0.041322
0 0.830599 0.870983 0.031510 0.048669
0 0.686979 0.738751 0.026042 0.044077
0 0.225911 0.206612 0.028906 0.048669
0 0.260286 0.704086 0.025781 0.042700
0 0.687109 0.696511 0.025781 0.045914
0 0.329818 0.289486 0.024219 0.042700
0 0.505729 0.330119 0.029687 0.052342
0 0.293099 0.067723 0.028385 0.047291
0 0.296745 0.290404 0.031510 0.046373
0 0.119792 0.254591 0.026562 0.050046
0 0.192839 0.384068 0.032552 0.042700
0 0.400911 0.700872 0.025260 0.038108
0 0.865495 0.696281 0.028385 0.043618
0 0.935156 0.829201 0.023438 0.038567
0 0.330078 0.202479 0.025781 0.046832
0 0.935026 0.649219 0.026302 0.046832
0 0.718620 0.190083 0.023698 0.037649
0 0.577865 0.193756 0.026042 0.041322
0 0.720964 0.781680 0.025260 0.042700
0 0.118359 0.299816 0.027865 0.047750
0 0.402344 0.790634 0.025000 0.044077
0 0.224479 0.839302 0.023438 0.041322
0 0.544271 0.743113 0.026042 0.045455
0 0.436979 0.287649 0.023438 0.048209
0 0.579818 0.876263 0.031510 0.047291
0 0.400260 0.196281 0.025521 0.039027
0 0.509115 0.746327 0.026562 0.045455
0 0.790234 0.372819 0.031510 0.044077
0 0.899349 0.736685 0.025781 0.042700
0 0.828255 0.695133 0.024740 0.042241
0 0.258464 0.200872 0.024219 0.043618
0 0.579948 0.696051 0.026042 0.044995
0 0.686979 0.781680 0.026562 0.045455
0 0.863542 0.817493 0.028125 0.045455
0 0.651042 0.787879 0.026042 0.045914
0 0.470964 0.195822 0.025260 0.039027
0 0.758203 0.828283 0.029427 0.046832
0 0.541667 0.240588 0.027604 0.043159
0 0.473307 0.789486 0.028906 0.050964
0 0.437630 0.747245 0.028385 0.047291
0 0.191146 0.339073 0.026042 0.050964
0 0.577604 0.236685 0.023958 0.039027
0 0.295833 0.886364 0.030208 0.042700
0 0.226172 0.270661 0.026302 0.043618
0 0.260807 0.747245 0.024740 0.039945
0 0.332031 0.842746 0.028646 0.044536
0 0.295182 0.793388 0.025260 0.045914
0 0.861589 0.237833 0.024219 0.043159
0 0.438411 0.332645 0.029427 0.045455
0 0.896484 0.331497 0.026302 0.039486
0 0.366146 0.792470 0.023958 0.042241
0 0.438932 0.837236 0.026302 0.042700
0 0.155339 0.298669 0.024740 0.044536
0 0.900130 0.828053 0.025781 0.041781
0 0.827865 0.824151 0.028125 0.045914
0 0.899219 0.783517 0.028646 0.050046
0 0.367057 0.613407 0.026302 0.039486
0 0.615755 0.831956 0.024740 0.038567
0 0.225651 0.326676 0.025781 0.042700
0 0.225130 0.702938 0.025781 0.039486
0 0.722266 0.828742 0.027865 0.043159
0 0.472786 0.745638 0.027865 0.041322
0 0.935547 0.780762 0.025260 0.043618
0 0.617318 0.873737 0.032031 0.045914
0 0.260547 0.884527 0.033073 0.049128
0 0.296484 0.243802 0.025781 0.038567
0 0.331380 0.796602 0.026823 0.047750
0 0.613802 0.263545 0.023438 0.042241
0 0.365755 0.842287 0.029948 0.049128
0 0.651302 0.873508 0.028646 0.042700
0 0.365495 0.241736 0.023698 0.040863
0 0.330599 0.748163 0.025781 0.043618
0 0.865104 0.870064 0.031250 0.046832
0 0.862500 0.194674 0.025000 0.039486
0 0.117708 0.076905 0.027083 0.047291
0 0.648698 0.831956 0.030729 0.043159
0 0.511328 0.880624 0.032031 0.042241
0 0.826172 0.193526 0.024219 0.035354
0 0.295833 0.747704 0.026562 0.042700
0 0.367188 0.702020 0.025000 0.037649
0 0.545833 0.830579 0.030208 0.047750
0 0.436719 0.241736 0.023438 0.038108
0 0.647526 0.190542 0.024219 0.037649
0 0.865625 0.755280 0.026042 0.049587
0 0.331250 0.882691 0.031771 0.043618
0 0.367578 0.746327 0.024219 0.041781
0 0.828385 0.740358 0.025521 0.043618
0 0.650260 0.695363 0.025000 0.037190
0 0.504557 0.378329 0.033594 0.046832
0 0.687109 0.826905 0.028385 0.044995
0 0.402214 0.837006 0.025260 0.039486
0 0.295052 0.199495 0.022396 0.032599
0 0.474479 0.836088 0.032813 0.047750
0 0.224349 0.744949 0.024219 0.038108
0 0.936198 0.737833 0.026042 0.042241
0 0.117839 0.120753 0.027865 0.044077
0 0.901042 0.870983 0.027604 0.045914
0 0.439063 0.880854 0.027083 0.039027
0 0.400651 0.879247 0.031510 0.045914
0 0.794271 0.872819 0.026562 0.042241
0 0.936458 0.869376 0.029687 0.044536
0 0.474349 0.881084 0.028906 0.039486
0 0.760286 0.876263 0.029948 0.041781
0 0.686458 0.870294 0.033854 0.050046
0 0.366276 0.884527 0.030990 0.040863
0 0.718099 0.873278 0.029948 0.045914
