0 0.799947 0.114159 0.296512 0.206865
0 0.799947 0.297885 0.364165 0.174073
0 0.789641 0.496016 0.358351 0.195832
0 0.811575 0.692461 0.330338 0.197058
0 0.807611 0.887987 0.353066 0.191542
0 0.479123 0.122280 0.270085 0.210236
0 0.470666 0.304934 0.335624 0.183880
0 0.470666 0.495403 0.354651 0.177444
0 0.465645 0.683267 0.334038 0.209317
0 0.476216 0.869752 0.350951 0.194913
0 0.159091 0.116304 0.271670 0.211155
0 0.160148 0.317040 0.307611 0.194606
0 0.159619 0.495556 0.318182 0.194913
0 0.153277 0.689090 0.305497 0.216672
0 0.164376 0.892737 0.327696 0.194913
