0 0.832756 0.164797 0.068661 0.037537
0 0.838425 0.222019 0.068661 0.060426
0 0.839843 0.290684 0.074646 0.064546
0 0.833543 0.351568 0.075906 0.048981
0 0.834173 0.404555 0.065827 0.055161
0 0.833386 0.464981 0.064252 0.067521
0 0.834173 0.525750 0.071496 0.054017
0 0.837638 0.580453 0.070236 0.046693
0 0.841260 0.641337 0.068661 0.068666
0 0.837795 0.706798 0.064252 0.062257
0 0.826929 0.767681 0.060157 0.061341
0 0.835591 0.825475 0.080000 0.056077
0 0.834961 0.873770 0.073071 0.032273
0 0.748346 0.168917 0.083150 0.054017
0 0.749764 0.229229 0.077165 0.058366
0 0.751181 0.290227 0.077480 0.061341
0 0.748976 0.349393 0.081890 0.055161
0 0.747559 0.416571 0.081575 0.075074
0 0.744724 0.483635 0.070236 0.050813
0 0.744724 0.540970 0.067087 0.059281
0 0.747559 0.596017 0.072756 0.042573
0 0.752598 0.641222 0.091654 0.043717
0 0.748189 0.695926 0.085984 0.063401
0 0.743307 0.745823 0.078740 0.040513
0 0.743937 0.793202 0.080000 0.062486
0 0.752598 0.858206 0.077165 0.061570
0 0.665984 0.168345 0.075906 0.055161
0 0.655118 0.235981 0.074331 0.061341
0 0.653071 0.298924 0.075906 0.060426
0 0.658110 0.360838 0.080315 0.069810
0 0.657323 0.421836 0.078740 0.049897
0 0.661575 0.477340 0.081575 0.059281
0 0.659528 0.531472 0.068661 0.044862
0 0.663780 0.584573 0.077165 0.061341
0 0.657480 0.640764 0.075906 0.051041
0 0.664567 0.697986 0.073071 0.061570
0 0.661732 0.758297 0.067402 0.063630
0 0.665197 0.821241 0.068661 0.049897
0 0.664409 0.873770 0.075906 0.055161
0 0.585039 0.166400 0.065827 0.053101
0 0.580787 0.225109 0.074331 0.064317
0 0.580000 0.284962 0.067087 0.048981
0 0.577795 0.340581 0.054488 0.058137
0 0.581575 0.400893 0.075906 0.066606
0 0.576535 0.461318 0.065827 0.056077
0 0.582205 0.519570 0.074646 0.056306
0 0.582835 0.573129 0.075906 0.040742
0 0.575748 0.629320 0.081890 0.051041
0 0.578583 0.689174 0.073071 0.056306
0 0.582205 0.747425 0.071496 0.056077
0 0.582992 0.805104 0.067402 0.055161
0 0.584252 0.867590 0.067402 0.065690
0 0.504094 0.164225 0.081575 0.044633
0 0.498425 0.218929 0.067087 0.058366
0 0.501260 0.278782 0.087244 0.061341
0 0.494173 0.338979 0.064252 0.057221
0 0.494173 0.396773 0.064252 0.056077
0 0.494803 0.454452 0.074331 0.055161
0 0.488189 0.508698 0.078740 0.051041
0 0.500630 0.562028 0.071496 0.043717
0 0.496378 0.621080 0.068661 0.055161
0 0.497008 0.686542 0.067402 0.063401
0 0.494173 0.753605 0.069921 0.054246
0 0.497008 0.816091 0.056063 0.060197
0 0.500630 0.878462 0.071496 0.039368
0 0.409606 0.166400 0.081575 0.048981
0 0.417480 0.217327 0.080315 0.042802
0 0.406142 0.278668 0.074646 0.055161
0 0.410394 0.336919 0.077480 0.046693
0 0.411181 0.395743 0.081575 0.048066
0 0.412441 0.451934 0.070236 0.056077
0 0.408189 0.515450 0.064252 0.060426
0 0.411811 0.578851 0.080315 0.056306
0 0.408976 0.637102 0.071496 0.058366
0 0.411181 0.692721 0.050079 0.040513
0 0.408346 0.747311 0.044409 0.049897
0 0.408346 0.810369 0.075906 0.055161
0 0.416220 0.870680 0.071496 0.050813
