0 0.227714 0.845143 0.300299 0.278254
0 0.198772 0.527102 0.279865 0.321595
0 0.212384 0.188132 0.302927 0.307969
0 0.534209 0.188352 0.273266 0.282560
0 0.517168 0.506085 0.297008 0.311743
0 0.889073 0.130013 0.150505 0.123111
0 0.735857 0.128600 0.131367 0.132033
0 0.873109 0.248094 0.128222 0.110663
0 0.742030 0.461339 0.143360 0.113644
0 0.729619 0.247950 0.128716 0.106311
0 0.875856 0.443700 0.123917 0.108720
0 0.876480 0.343052 0.139535 0.074841
0 0.523429 0.820595 0.253694 0.340464
0 0.732530 0.354857 0.109112 0.086586
