0 0.885150 0.222348 0.114850 0.132619
0 0.630342 0.218679 0.129808 0.133747
0 0.630876 0.370767 0.122863 0.141084
0 0.760951 0.538516 0.111645 0.125564
0 0.756544 0.684819 0.102831 0.112867
0 0.755475 0.847771 0.104968 0.117099
0 0.634348 0.534707 0.125534 0.147291
0 0.617521 0.687923 0.105769 0.139955
0 0.626469 0.838883 0.123665 0.126411
0 0.392895 0.222207 0.127671 0.095090
0 0.401843 0.386992 0.123665 0.137980
0 0.401442 0.534848 0.112714 0.139108
0 0.405849 0.694695 0.123665 0.111738
0 0.395433 0.851157 0.114583 0.123307
0 0.257879 0.229120 0.124733 0.139955
0 0.261886 0.382195 0.122596 0.128386
0 0.272837 0.553047 0.130609 0.146163
0 0.272302 0.692720 0.115652 0.105530
0 0.264957 0.846783 0.120726 0.098194
0 0.126469 0.217128 0.102831 0.101298
0 0.130342 0.383324 0.108974 0.128386
0 0.135817 0.533155 0.103900 0.123307
0 0.133280 0.849323 0.108974 0.128668
