0 0.145052 0.641091 0.038021 0.045586
0 0.143880 0.505778 0.039844 0.043981
0 0.144922 0.412360 0.038802 0.048475
0 0.560286 0.198395 0.039323 0.043660
0 0.601042 0.152809 0.038021 0.049438
0 0.605339 0.282665 0.040365 0.045265
0 0.187500 0.501605 0.040104 0.043981
0 0.604297 0.723756 0.042969 0.051685
0 0.148828 0.322632 0.038802 0.044302
0 0.523307 0.608828 0.035156 0.043981
0 0.145182 0.458748 0.036719 0.046228
0 0.190625 0.363242 0.039062 0.040770
0 0.187630 0.319262 0.036198 0.043339
0 0.186328 0.636437 0.040365 0.044623
0 0.187500 0.544302 0.036979 0.041413
0 0.733203 0.686196 0.035156 0.045907
0 0.144141 0.591974 0.038281 0.046870
0 0.144010 0.270144 0.034375 0.043981
0 0.692187 0.690369 0.034896 0.042697
0 0.651172 0.510112 0.037760 0.043018
0 0.143490 0.368058 0.035937 0.042055
0 0.266276 0.167255 0.036198 0.042376
0 0.692448 0.730658 0.034375 0.037881
0 0.651042 0.607223 0.036458 0.043339
0 0.815365 0.557945 0.036458 0.040449
0 0.267969 0.748315 0.036458 0.052006
0 0.143620 0.548315 0.036198 0.043018
0 0.649349 0.734189 0.036719 0.041734
0 0.479036 0.734029 0.036719 0.043981
0 0.652474 0.692616 0.038281 0.041413
0 0.521875 0.762921 0.032292 0.024719
0 0.606120 0.384591 0.038281 0.044944
0 0.522656 0.668218 0.037500 0.054896
0 0.564063 0.608026 0.037500 0.044302
0 0.391667 0.734992 0.035417 0.044623
0 0.348958 0.112520 0.038542 0.042055
0 0.268880 0.798716 0.038802 0.042376
0 0.562630 0.444302 0.035677 0.044302
0 0.188672 0.680417 0.038802 0.040770
0 0.692839 0.768539 0.029948 0.036597
0 0.560417 0.283949 0.038021 0.043339
0 0.774089 0.656501 0.036198 0.038523
0 0.522396 0.731942 0.039583 0.043660
0 0.560417 0.240770 0.034896 0.035955
0 0.693490 0.603371 0.033854 0.041413
0 0.187760 0.458587 0.035417 0.042697
0 0.479557 0.623435 0.041406 0.039165
0 0.434505 0.715249 0.030469 0.020546
0 0.189323 0.589085 0.043750 0.044944
0 0.144010 0.220225 0.038542 0.044302
0 0.186719 0.211396 0.038021 0.040770
0 0.606901 0.669021 0.039323 0.044944
0 0.559896 0.334350 0.038021 0.043339
0 0.651693 0.555538 0.036198 0.041413
0 0.601693 0.199197 0.037760 0.042055
0 0.604167 0.332905 0.040625 0.045586
0 0.225651 0.165811 0.033073 0.044623
0 0.860807 0.628892 0.034635 0.038523
0 0.860547 0.725682 0.037240 0.049117
0 0.732812 0.732424 0.035417 0.043981
0 0.693880 0.647833 0.035677 0.038523
0 0.648958 0.324077 0.032292 0.039486
0 0.561849 0.389406 0.035677 0.047512
0 0.818099 0.624719 0.037760 0.035313
0 0.348828 0.066774 0.040365 0.043660
0 0.520964 0.277368 0.033594 0.046228
0 0.608594 0.606260 0.036458 0.045907
0 0.563542 0.668379 0.036458 0.050722
0 0.188932 0.168218 0.040365 0.041734
0 0.652083 0.649438 0.037500 0.043018
0 0.184505 0.262600 0.042448 0.046228
0 0.392578 0.773836 0.033073 0.034992
0 0.348307 0.157785 0.032031 0.043339
0 0.478385 0.665971 0.040104 0.047833
0 0.523047 0.445265 0.036198 0.041091
0 0.482292 0.781380 0.029687 0.035313
0 0.437109 0.608186 0.032031 0.027287
0 0.188281 0.722953 0.039062 0.039165
0 0.734635 0.627769 0.031250 0.036918
0 0.142448 0.687480 0.039583 0.041413
0 0.520964 0.388925 0.036198 0.045907
0 0.307422 0.227448 0.033594 0.050401
0 0.861589 0.771108 0.034115 0.044302
0 0.559115 0.152648 0.034896 0.047833
0 0.647526 0.195024 0.034635 0.043339
0 0.564323 0.726324 0.033333 0.043339
0 0.856641 0.444944 0.035677 0.044302
0 0.730078 0.319422 0.034635 0.045586
0 0.897266 0.046549 0.039844 0.048796
0 0.860286 0.676886 0.036719 0.043339
0 0.774349 0.622793 0.036198 0.032103
0 0.856771 0.282504 0.039062 0.041734
0 0.605469 0.240128 0.036979 0.040449
0 0.648177 0.366292 0.031250 0.038523
0 0.817187 0.318138 0.038021 0.041091
0 0.692318 0.515891 0.034635 0.041734
0 0.898177 0.091653 0.032813 0.041413
0 0.816536 0.658266 0.036719 0.040128
0 0.648958 0.278491 0.038021 0.042697
0 0.773047 0.688604 0.032552 0.029535
0 0.693099 0.556822 0.033073 0.042055
0 0.227474 0.120064 0.041406 0.047512
0 0.861068 0.513323 0.039323 0.045586
0 0.477734 0.443820 0.030469 0.035634
0 0.520052 0.331461 0.032813 0.045265
0 0.310677 0.794222 0.032813 0.042376
0 0.477214 0.406742 0.034635 0.042376
0 0.189583 0.408186 0.035417 0.040770
0 0.394010 0.678812 0.036979 0.049117
0 0.435677 0.786196 0.033333 0.043660
0 0.773307 0.728571 0.032031 0.040128
0 0.395052 0.273515 0.036979 0.042376
0 0.394661 0.540449 0.034115 0.049759
0 0.650260 0.779454 0.036979 0.049438
0 0.816016 0.779775 0.032552 0.037239
0 0.860286 0.570305 0.038281 0.046549
0 0.518099 0.196308 0.038802 0.042697
0 0.479297 0.506902 0.036198 0.037881
0 0.308333 0.669663 0.029167 0.045586
0 0.476562 0.263563 0.035937 0.038523
0 0.775521 0.593098 0.036458 0.033066
0 0.392318 0.807384 0.033594 0.033387
0 0.774609 0.560353 0.031510 0.034350
0 0.606771 0.773034 0.034896 0.043660
0 0.437240 0.660674 0.030208 0.030177
0 0.391927 0.194061 0.033333 0.038844
0 0.269531 0.225682 0.029167 0.044944
0 0.519531 0.238684 0.029687 0.038844
0 0.772005 0.353130 0.030469 0.026324
0 0.774870 0.458587 0.035156 0.043981
0 0.725651 0.204013 0.037240 0.048475
0 0.564063 0.774478 0.033854 0.042055
0 0.651693 0.415891 0.038281 0.047833
0 0.774479 0.769984 0.029167 0.037560
0 0.767057 0.148475 0.034635 0.043339
0 0.688281 0.197753 0.040625 0.047512
0 0.308203 0.395506 0.035677 0.037881
0 0.305729 0.447833 0.035937 0.039165
0 0.651432 0.242536 0.040365 0.042697
0 0.140885 0.731140 0.041146 0.042697
0 0.816146 0.593579 0.036458 0.031461
0 0.647526 0.148154 0.033073 0.046549
0 0.733073 0.771589 0.043750 0.039486
0 0.396745 0.837881 0.020573 0.023756
0 0.813021 0.453291 0.037500 0.041734
0 0.142578 0.169502 0.034115 0.043660
0 0.733333 0.381220 0.026042 0.034350
0 0.767448 0.187480 0.034375 0.034671
0 0.477474 0.372713 0.034635 0.029535
0 0.771875 0.421188 0.032813 0.033387
0 0.815885 0.688925 0.035937 0.025682
0 0.477604 0.546228 0.036979 0.036918
0 0.735807 0.446388 0.030990 0.046549
0 0.392057 0.152167 0.034635 0.044302
0 0.773568 0.317978 0.040365 0.042697
0 0.519271 0.496308 0.037500 0.043018
0 0.141927 0.772231 0.042188 0.041413
0 0.857292 0.333547 0.031771 0.036597
0 0.727344 0.258427 0.032813 0.035313
0 0.607812 0.439968 0.044271 0.046549
0 0.436328 0.184912 0.036198 0.039165
0 0.436719 0.473515 0.039062 0.032745
0 0.782682 0.823114 0.023177 0.026324
0 0.478125 0.583146 0.046875 0.037560
0 0.735026 0.564045 0.038281 0.050080
0 0.314583 0.836758 0.023438 0.032424
0 0.311068 0.340931 0.029948 0.039807
0 0.475651 0.149920 0.033073 0.046870
0 0.391016 0.358427 0.035156 0.038202
0 0.478255 0.699037 0.039323 0.026645
0 0.487630 0.830658 0.023698 0.032424
0 0.564583 0.559069 0.038021 0.047833
0 0.394010 0.234189 0.039583 0.040128
0 0.271875 0.576244 0.035937 0.043018
0 0.394792 0.633226 0.034375 0.040770
0 0.691536 0.278812 0.034635 0.044623
0 0.816667 0.721669 0.036979 0.043018
0 0.478255 0.302247 0.033073 0.035634
0 0.814323 0.350722 0.035937 0.029856
0 0.185807 0.782665 0.034115 0.040449
0 0.269271 0.498395 0.030208 0.035634
0 0.435156 0.147994 0.031771 0.037239
0 0.652865 0.466453 0.040625 0.043660
0 0.772005 0.385072 0.032552 0.036276
0 0.562500 0.496469 0.038021 0.042055
0 0.270052 0.306742 0.031771 0.049117
0 0.607422 0.552488 0.034115 0.045586
0 0.310937 0.741734 0.033333 0.044623
0 0.693750 0.435955 0.036458 0.042376
0 0.310417 0.282343 0.041146 0.044623
0 0.436328 0.405457 0.030469 0.033387
0 0.143099 0.900642 0.022135 0.024719
0 0.435937 0.554093 0.031250 0.034029
0 0.477344 0.339165 0.036458 0.035634
0 0.306380 0.170626 0.037240 0.052970
0 0.519271 0.545104 0.032292 0.044944
0 0.435026 0.245104 0.033073 0.029213
0 0.573698 0.875762 0.022917 0.022472
0 0.433594 0.347352 0.034375 0.037239
0 0.814193 0.249759 0.037240 0.031461
0 0.396354 0.587961 0.036979 0.043339
0 0.811068 0.384912 0.037240 0.040449
0 0.269792 0.663724 0.041146 0.039486
0 0.770833 0.244783 0.034896 0.029213
0 0.735026 0.499037 0.039844 0.049759
0 0.857422 0.232584 0.033594 0.041413
0 0.435417 0.526966 0.038542 0.033708
0 0.695573 0.477849 0.038021 0.034350
0 0.188411 0.874960 0.018490 0.030498
0 0.688672 0.245425 0.033073 0.037560
0 0.774609 0.492616 0.032031 0.038202
0 0.811068 0.417175 0.038802 0.034992
0 0.394792 0.318459 0.034375 0.037239
0 0.781641 0.871429 0.023698 0.022793
0 0.442708 0.835474 0.020833 0.022151
0 0.271745 0.405618 0.032031 0.036918
0 0.394922 0.492456 0.030469 0.032745
0 0.273828 0.838042 0.026302 0.031782
0 0.857682 0.385554 0.041406 0.067416
0 0.392969 0.408668 0.034375 0.043660
0 0.275651 0.928732 0.020573 0.019904
0 0.814583 0.185554 0.035937 0.040449
0 0.853646 0.187640 0.030729 0.038202
0 0.145573 0.840931 0.021875 0.026003
0 0.144401 0.871910 0.024219 0.030177
0 0.189714 0.845104 0.021094 0.026003
0 0.275911 0.869984 0.016927 0.030177
0 0.273307 0.901445 0.018490 0.026966
0 0.223828 0.076083 0.035156 0.037239
0 0.313281 0.505778 0.047917 0.049759
0 0.312891 0.568058 0.035156 0.039486
0 0.312760 0.619262 0.036979 0.040449
0 0.268359 0.703692 0.033594 0.033387
0 0.314974 0.868860 0.021094 0.026003
0 0.313281 0.899518 0.020833 0.026966
0 0.314583 0.924880 0.020313 0.023756
0 0.396875 0.859069 0.021875 0.020546
0 0.397266 0.881220 0.022656 0.023756
0 0.400260 0.905136 0.023438 0.021509
0 0.445573 0.880578 0.021875 0.025040
0 0.445573 0.902568 0.020313 0.016372
0 0.445573 0.857464 0.020313 0.021830
0 0.393099 0.455217 0.032552 0.039165
0 0.434635 0.740931 0.030208 0.028892
0 0.435417 0.688604 0.028646 0.032103
0 0.435417 0.633868 0.030208 0.026003
0 0.435937 0.582022 0.032813 0.023756
0 0.437500 0.498074 0.032813 0.027929
0 0.434635 0.438684 0.035417 0.033066
0 0.434245 0.376404 0.027865 0.024719
0 0.434245 0.309149 0.030990 0.035313
0 0.435547 0.273355 0.032031 0.029856
0 0.435026 0.217014 0.027865 0.028892
0 0.478646 0.193579 0.041146 0.040449
0 0.477474 0.227287 0.035156 0.026966
0 0.481771 0.474799 0.028646 0.025040
0 0.487630 0.855859 0.020052 0.018620
0 0.488411 0.881220 0.023698 0.021830
0 0.488411 0.900000 0.021615 0.019583
0 0.522526 0.790209 0.022656 0.026003
0 0.530078 0.829535 0.021094 0.021830
0 0.532943 0.852327 0.020052 0.019904
0 0.531250 0.877047 0.027083 0.023756
0 0.530469 0.899358 0.020313 0.016372
0 0.572917 0.896308 0.019271 0.018620
0 0.575000 0.852327 0.021875 0.023756
0 0.574219 0.830498 0.021875 0.023756
0 0.609505 0.492937 0.033594 0.040128
0 0.618229 0.828411 0.026042 0.026003
0 0.614323 0.850722 0.021875 0.018620
0 0.618229 0.874478 0.027604 0.026966
0 0.617318 0.896308 0.021094 0.016693
0 0.659766 0.826966 0.020052 0.020546
0 0.658984 0.851364 0.020052 0.023756
0 0.660677 0.875602 0.023438 0.024719
0 0.659766 0.895345 0.018490 0.016693
0 0.700911 0.846067 0.013281 0.019583
0 0.742057 0.825361 0.020052 0.025682
0 0.744141 0.848636 0.021094 0.022793
0 0.782552 0.889567 0.021875 0.015409
0 0.784115 0.848154 0.023438 0.023756
0 0.825260 0.824238 0.028646 0.027929
0 0.825651 0.846549 0.021094 0.016693
0 0.869922 0.820064 0.018490 0.017657
0 0.866927 0.844623 0.024479 0.018620
0 0.870964 0.870947 0.022656 0.021830
0 0.872656 0.894222 0.026042 0.024719
0 0.815625 0.751846 0.031250 0.021830
0 0.697266 0.391493 0.029427 0.026003
0 0.693750 0.356822 0.032813 0.033066
0 0.693359 0.318459 0.033594 0.028892
0 0.769010 0.219583 0.035417 0.030177
0 0.813411 0.219583 0.033594 0.030177
0 0.813932 0.281059 0.036198 0.031140
0 0.769792 0.279615 0.030208 0.030177
0 0.816146 0.488283 0.030208 0.028892
0 0.816536 0.519262 0.029427 0.031140
0 0.776172 0.527608 0.036198 0.034992
0 0.516536 0.149599 0.036198 0.043660
0 0.726953 0.147191 0.040365 0.046549
0 0.896615 0.134189 0.036979 0.039165
