0 0.863193 0.184140 0.110477 0.104842
0 0.864113 0.318525 0.105321 0.113283
0 0.855828 0.462794 0.100902 0.120613
0 0.858866 0.589294 0.106978 0.100400
0 0.858405 0.740004 0.100902 0.095291
0 0.859326 0.855842 0.106058 0.096402
0 0.733935 0.186806 0.106058 0.124833
0 0.729608 0.322190 0.111398 0.107730
0 0.727398 0.458574 0.112134 0.112172
0 0.727859 0.579853 0.099061 0.106841
0 0.728227 0.732119 0.105321 0.100400
0 0.721230 0.848956 0.094642 0.097290
0 0.601547 0.187361 0.104217 0.109063
0 0.601178 0.328521 0.087645 0.131053
0 0.604585 0.471790 0.112134 0.094180
0 0.599797 0.591848 0.107715 0.103732
0 0.599797 0.725677 0.102559 0.068858
0 0.601086 0.863838 0.105137 0.088849
0 0.389799 0.186806 0.101639 0.084407
0 0.392009 0.308974 0.104217 0.087961
0 0.391180 0.463905 0.111398 0.114394
0 0.394126 0.610951 0.113975 0.116171
0 0.267446 0.363949 0.109556 0.117503
0 0.270945 0.488783 0.102559 0.083741
0 0.269195 0.604620 0.107899 0.101733
0 0.266710 0.732119 0.104401 0.113283
0 0.268367 0.855842 0.107715 0.100400
0 0.140766 0.170924 0.105137 0.093070
0 0.145185 0.295202 0.096299 0.108841
0 0.140398 0.441137 0.095563 0.108841
0 0.149144 0.571302 0.097220 0.096402
0 0.148683 0.707241 0.101823 0.122612
0 0.150433 0.849400 0.101639 0.127943
