0 0.468284 0.482552 0.155633 0.131407
0 0.904506 0.160374 0.082496 0.076200
0 0.782496 0.545256 0.099480 0.080153
0 0.901473 0.080085 0.069151 0.066930
0 0.703293 0.239027 0.079029 0.075382
0 0.597487 0.099168 0.092028 0.102099
0 0.268284 0.733983 0.094627 0.065294
0 0.796707 0.314204 0.089775 0.075791
0 0.709532 0.070543 0.094974 0.076745
0 0.600607 0.268334 0.098267 0.101281
0 0.801127 0.232688 0.083362 0.062432
0 0.596014 0.181093 0.069324 0.053026
0 0.744801 0.434569 0.183189 0.147219
0 0.699307 0.152195 0.078683 0.063386
0 0.265251 0.620911 0.170711 0.131679
0 0.953640 0.840104 0.046620 0.047983
0 0.366811 0.804185 0.052166 0.048391
0 0.771404 0.876363 0.084575 0.073337
0 0.471057 0.678980 0.136568 0.102236
0 0.694627 0.313113 0.070017 0.050709
0 0.179116 0.455971 0.048700 0.046619
0 0.238908 0.880589 0.178336 0.216467
0 0.957106 0.680344 0.037955 0.037895
0 0.464298 0.807388 0.110919 0.100600
0 0.291248 0.224168 0.093414 0.085196
0 0.175043 0.389586 0.045061 0.042257
0 0.958146 0.521810 0.036568 0.031625
0 0.453813 0.935115 0.196014 0.091603
0 0.117591 0.501568 0.140555 0.147901
0 0.889428 0.441180 0.070364 0.066930
0 0.369757 0.648446 0.037262 0.026445
0 0.375563 0.208629 0.039168 0.036396
0 0.530849 0.201404 0.035009 0.031489
0 0.810572 0.156011 0.076256 0.067748
0 0.537002 0.455085 0.037262 0.034215
0 0.179983 0.123228 0.034835 0.032988
0 0.790728 0.460128 0.096880 0.085742
0 0.535875 0.578040 0.040555 0.038577
0 0.822184 0.855234 0.033969 0.038713
0 0.804246 0.067884 0.075390 0.067067
0 0.781196 0.384065 0.080936 0.048119
0 0.455979 0.351622 0.145234 0.097465
0 0.452686 0.233370 0.120971 0.115322
0 0.954766 0.603053 0.043674 0.029444
0 0.291248 0.304594 0.131542 0.070202
0 0.954679 0.430003 0.048700 0.046756
0 0.277903 0.390403 0.144021 0.086968
0 0.299307 0.492639 0.127903 0.113141
0 0.455893 0.111505 0.153380 0.114231
0 0.898527 0.238890 0.073310 0.071292
0 0.898527 0.296551 0.081282 0.039940
0 0.892548 0.355234 0.080069 0.075518
0 0.891161 0.532443 0.080069 0.117503
0 0.881196 0.615322 0.102773 0.046074
0 0.876516 0.684569 0.093414 0.081788
0 0.883189 0.767380 0.085269 0.071292
0 0.875823 0.849168 0.089255 0.086014
0 0.877816 0.942475 0.096014 0.077699
0 0.764558 0.959242 0.093414 0.067067
0 0.781196 0.786260 0.092028 0.109051
0 0.785875 0.693430 0.101386 0.074427
0 0.777210 0.617912 0.105199 0.070338
0 0.123310 0.100463 0.117331 0.157306
0 0.119237 0.273446 0.149393 0.155125
0 0.083969 0.388291 0.078510 0.078653
0 0.292634 0.092080 0.159965 0.146810
