0 0.859149 0.154974 0.105939 0.101571
0 0.861958 0.329843 0.106742 0.156021
0 0.853130 0.481675 0.098716 0.114136
0 0.857143 0.623037 0.113162 0.124607
0 0.855136 0.741885 0.104334 0.090052
0 0.854735 0.892670 0.116372 0.110995
0 0.740770 0.164398 0.105136 0.141361
0 0.745987 0.308377 0.109149 0.119372
0 0.742777 0.448691 0.105939 0.108901
0 0.735554 0.588482 0.109149 0.105759
0 0.734751 0.743979 0.110754 0.127749
0 0.731541 0.884293 0.121990 0.106806
0 0.615971 0.169634 0.115570 0.124607
0 0.615169 0.300524 0.115570 0.095288
0 0.614366 0.445550 0.113965 0.115183
0 0.612761 0.596335 0.105939 0.136126
0 0.614366 0.743455 0.112360 0.112042
0 0.611156 0.872775 0.107544 0.106806
0 0.374799 0.162827 0.108347 0.119372
0 0.374398 0.301571 0.102729 0.122513
0 0.376003 0.456545 0.104334 0.122513
0 0.368379 0.595812 0.108347 0.089005
0 0.371188 0.723560 0.115570 0.109948
0 0.371188 0.880628 0.109149 0.074346
0 0.252006 0.156021 0.105136 0.124607
0 0.255618 0.310995 0.113965 0.120419
0 0.251204 0.458115 0.113162 0.125654
0 0.245185 0.584817 0.105939 0.121466
0 0.253210 0.736126 0.113965 0.109948
0 0.250000 0.877487 0.118780 0.126702
0 0.132825 0.151832 0.110754 0.105759
0 0.129615 0.308377 0.094703 0.144503
0 0.134831 0.437696 0.097111 0.105759
0 0.134430 0.591623 0.117175 0.130890
0 0.134430 0.730366 0.115570 0.113089
0 0.129213 0.872775 0.109952 0.106806
