0 0.615745 0.062123 0.024367 0.031062
0 0.915745 0.826032 0.022680 0.036857
0 0.714527 0.156699 0.023993 0.030598
0 0.416963 0.974386 0.024930 0.034075
0 0.120900 0.061312 0.024742 0.036857
0 0.715089 0.280250 0.023243 0.027816
0 0.790347 0.125058 0.023055 0.030830
0 0.690815 0.242930 0.024555 0.036625
0 0.614433 0.519703 0.023993 0.028744
0 0.172352 0.278860 0.026054 0.030134
0 0.713871 0.524339 0.026804 0.031989
0 0.641612 0.634214 0.023243 0.034307
0 0.146954 0.065137 0.025117 0.034307
0 0.666354 0.129346 0.023243 0.034771
0 0.315089 0.859643 0.026242 0.035930
0 0.789878 0.217895 0.022868 0.026426
0 0.666354 0.230065 0.022868 0.040102
0 0.466261 0.975777 0.024180 0.031293
0 0.464386 0.374131 0.024555 0.037552
0 0.839644 0.063282 0.024930 0.028744
0 0.765886 0.249536 0.025492 0.028512
0 0.518088 0.153802 0.026992 0.034075
0 0.715464 0.124710 0.024742 0.029671
0 0.171415 0.248725 0.024930 0.027353
0 0.739456 0.184631 0.024367 0.032684
0 0.714714 0.030714 0.022868 0.036857
0 0.190815 0.770051 0.024742 0.033380
0 0.215839 0.373204 0.026054 0.035698
0 0.641612 0.595851 0.024367 0.038711
0 0.713496 0.491771 0.023805 0.033148
0 0.365886 0.977051 0.027366 0.031525
0 0.741143 0.311660 0.022118 0.028975
0 0.146298 0.218243 0.025305 0.030366
0 0.590066 0.643486 0.026617 0.026889
0 0.518932 0.973343 0.027929 0.032452
0 0.641331 0.831015 0.027554 0.032916
0 0.146111 0.279903 0.024930 0.028512
0 0.740862 0.865438 0.023805 0.026657
0 0.441237 0.973343 0.022493 0.030134
0 0.689691 0.089244 0.022680 0.035234
0 0.166823 0.546013 0.024742 0.035002
0 0.916120 0.217084 0.025679 0.029903
0 0.543299 0.062471 0.021556 0.032684
0 0.690909 0.825452 0.024742 0.032452
0 0.289784 0.613004 0.024742 0.031293
0 0.490815 0.278048 0.023430 0.036857
0 0.142830 0.412842 0.022493 0.035698
0 0.567104 0.097821 0.024180 0.033380
0 0.263355 0.797983 0.025867 0.030830
0 0.714339 0.096198 0.025867 0.024108
0 0.716120 0.884446 0.026804 0.028512
0 0.146111 0.310617 0.024930 0.031989
0 0.789972 0.188340 0.024555 0.030366
0 0.366073 0.947149 0.030366 0.028744
0 0.666542 0.732499 0.021743 0.032452
0 0.741050 0.280598 0.023055 0.027121
0 0.865698 0.729833 0.026054 0.032221
0 0.490253 0.892675 0.027929 0.035698
0 0.211528 0.893370 0.021931 0.033843
0 0.617432 0.030482 0.025492 0.029903
0 0.715276 0.914696 0.024742 0.030598
0 0.739456 0.088201 0.023243 0.033611
0 0.313308 0.926287 0.026054 0.032452
0 0.569072 0.183704 0.025492 0.037320
0 0.939738 0.140009 0.025679 0.037089
0 0.215464 0.406004 0.024930 0.031293
0 0.666167 0.578929 0.025117 0.033148
0 0.465792 0.184979 0.025117 0.030598
0 0.839550 0.307024 0.022493 0.031757
0 0.440300 0.883171 0.025492 0.031062
0 0.740956 0.250348 0.021743 0.033380
0 0.666823 0.191701 0.024930 0.032916
0 0.090066 0.434168 0.025679 0.026889
0 0.519963 0.064673 0.023243 0.033380
0 0.764667 0.811428 0.024555 0.035930
0 0.465698 0.735860 0.019306 0.030830
0 0.916495 0.730876 0.025305 0.033843
0 0.195970 0.089824 0.025305 0.032684
0 0.840956 0.367640 0.023805 0.033843
0 0.839644 0.736324 0.024555 0.028512
0 0.665323 0.033611 0.025679 0.033843
0 0.841143 0.636532 0.026804 0.029207
0 0.866354 0.891748 0.023618 0.024571
0 0.170665 0.157163 0.025305 0.030598
0 0.217338 0.591099 0.025305 0.032916
0 0.302812 0.059573 0.035801 0.031989
0 0.095876 0.190658 0.024930 0.035466
0 0.146767 0.032916 0.025492 0.029207
0 0.616963 0.637459 0.025679 0.035234
0 0.543112 0.096662 0.020806 0.034771
0 0.065323 0.860338 0.024555 0.038248
0 0.614058 0.402063 0.023993 0.032221
0 0.513121 0.638155 0.026054 0.042652
0 0.288941 0.405772 0.023805 0.030830
0 0.763543 0.368104 0.024555 0.033380
0 0.616870 0.706189 0.022868 0.036393
0 0.121275 0.097705 0.021743 0.034539
0 0.640581 0.065832 0.025679 0.033380
0 0.788941 0.429300 0.024742 0.030134
0 0.096532 0.031989 0.023618 0.027816
0 0.095783 0.063746 0.023993 0.033380
0 0.190628 0.736671 0.022118 0.033380
0 0.264761 0.548911 0.021181 0.030134
0 0.739831 0.798331 0.025117 0.031062
0 0.811903 0.976356 0.021556 0.031989
0 0.865042 0.247102 0.025117 0.031525
0 0.864480 0.637344 0.022868 0.034075
0 0.303561 0.125174 0.033552 0.037089
0 0.665136 0.094808 0.020431 0.030598
0 0.715276 0.944019 0.026617 0.029439
0 0.166448 0.705262 0.025492 0.028048
0 0.867479 0.968359 0.027366 0.035002
0 0.161949 0.974502 0.026617 0.032916
0 0.790909 0.249768 0.023430 0.029903
0 0.487816 0.497450 0.018557 0.037089
0 0.665698 0.789059 0.024180 0.033843
0 0.714995 0.065369 0.025679 0.031525
0 0.364386 0.587042 0.025117 0.034075
0 0.717526 0.765067 0.024367 0.032221
0 0.265417 0.370190 0.028491 0.031062
0 0.641987 0.863236 0.026992 0.031525
0 0.592315 0.160408 0.024367 0.029207
0 0.890534 0.725313 0.022493 0.030134
0 0.714433 0.188224 0.021931 0.030598
0 0.118182 0.615670 0.024930 0.027353
0 0.813496 0.700510 0.023618 0.030598
0 0.716401 0.702133 0.024367 0.033843
0 0.715651 0.311776 0.025117 0.032452
0 0.511621 0.505100 0.025305 0.037089
0 0.664761 0.974849 0.023055 0.031757
0 0.641237 0.761706 0.022493 0.032452
0 0.617151 0.094808 0.023430 0.031989
0 0.690722 0.737019 0.024742 0.032221
0 0.172446 0.032337 0.020244 0.029903
0 0.167104 0.582058 0.023430 0.035234
0 0.890159 0.524571 0.023993 0.033843
0 0.538519 0.407163 0.023618 0.034075
0 0.668697 0.876333 0.026429 0.034539
0 0.813871 0.159828 0.024742 0.031293
0 0.591846 0.128419 0.021556 0.033843
0 0.467666 0.864163 0.025117 0.034307
0 0.891471 0.611613 0.023618 0.029903
0 0.065604 0.822207 0.022868 0.035234
0 0.364292 0.438688 0.024555 0.030830
0 0.510965 0.540102 0.025867 0.032452
0 0.513496 0.405076 0.022680 0.034075
0 0.367010 0.830436 0.029616 0.032684
0 0.814339 0.192745 0.021556 0.035002
0 0.740019 0.123088 0.022118 0.034307
0 0.641518 0.129115 0.023430 0.032916
0 0.442549 0.062587 0.026992 0.028744
0 0.739925 0.833681 0.024555 0.035466
0 0.567479 0.255795 0.023055 0.034539
0 0.838332 0.765067 0.022680 0.026657
0 0.090722 0.703755 0.023993 0.026426
0 0.394658 0.130158 0.023430 0.038248
0 0.314433 0.489569 0.026054 0.028280
0 0.688754 0.945874 0.024555 0.034539
0 0.139738 0.741076 0.024555 0.029671
0 0.716026 0.253825 0.025117 0.023644
0 0.839831 0.244205 0.021181 0.032221
0 0.641143 0.796824 0.024180 0.035002
0 0.316495 0.519819 0.027929 0.033148
0 0.839456 0.277237 0.023805 0.029671
0 0.563449 0.465461 0.022118 0.031062
0 0.915558 0.699235 0.024180 0.027121
0 0.740019 0.705610 0.022493 0.037089
0 0.765417 0.154961 0.024555 0.028975
0 0.738894 0.217895 0.025117 0.028744
0 0.889597 0.088317 0.024367 0.033843
0 0.137113 0.882707 0.021931 0.030134
0 0.916214 0.636880 0.025492 0.032221
0 0.765979 0.307487 0.023430 0.033611
0 0.543205 0.977399 0.022493 0.029903
0 0.567479 0.064210 0.025679 0.033380
0 0.762605 0.636996 0.023430 0.031989
0 0.938144 0.102573 0.024742 0.034075
0 0.764855 0.218938 0.026054 0.030366
0 0.814620 0.732035 0.026617 0.029207
0 0.165698 0.735860 0.024742 0.030830
0 0.740112 0.155888 0.024180 0.024803
0 0.738425 0.429995 0.020806 0.029207
0 0.667104 0.639777 0.025492 0.033380
0 0.191097 0.373783 0.020431 0.035466
0 0.493627 0.032916 0.024180 0.032452
0 0.691097 0.276426 0.026617 0.029439
0 0.817619 0.861729 0.025867 0.034539
0 0.967291 0.968243 0.029053 0.032452
0 0.588379 0.404845 0.023243 0.031293
0 0.066823 0.739569 0.022680 0.028512
0 0.091753 0.403454 0.025305 0.034539
0 0.095689 0.158785 0.026804 0.029207
0 0.765511 0.776889 0.023618 0.032221
0 0.094002 0.371465 0.024930 0.028512
0 0.867385 0.369031 0.024555 0.036625
0 0.839644 0.185211 0.025305 0.032916
0 0.716026 0.974386 0.022118 0.028975
0 0.762793 0.059110 0.022306 0.030134
0 0.091471 0.613352 0.026242 0.032916
0 0.113402 0.774803 0.022868 0.033148
0 0.263636 0.401715 0.025305 0.031989
0 0.813777 0.124131 0.021931 0.035466
0 0.916776 0.278744 0.021743 0.028048
0 0.237113 0.974849 0.025492 0.029439
0 0.914527 0.063398 0.021368 0.035466
0 0.539644 0.499305 0.025867 0.031525
0 0.814527 0.550185 0.023805 0.034539
0 0.316307 0.643486 0.028304 0.033843
0 0.543112 0.227051 0.021556 0.029903
0 0.368604 0.092605 0.026804 0.031293
0 0.941518 0.785002 0.027741 0.032221
0 0.412559 0.371001 0.020993 0.029439
0 0.890909 0.846778 0.022493 0.033380
0 0.146204 0.249884 0.022868 0.030134
0 0.262699 0.767617 0.027179 0.030366
0 0.737957 0.525151 0.022493 0.030366
0 0.915933 0.368683 0.021181 0.035930
0 0.463636 0.440890 0.021931 0.032452
0 0.492034 0.094344 0.020993 0.027353
0 0.962605 0.219170 0.024930 0.030366
0 0.591190 0.094924 0.024367 0.028512
0 0.089878 0.822323 0.023055 0.026194
0 0.641893 0.194135 0.021181 0.027585
0 0.687723 0.516342 0.023993 0.032221
0 0.840300 0.893834 0.025867 0.038943
0 0.517713 0.187297 0.023993 0.030134
0 0.665886 0.265763 0.021181 0.029903
0 0.815558 0.429416 0.025867 0.030366
0 0.641893 0.096546 0.023430 0.028975
0 0.764667 0.125290 0.025305 0.027121
0 0.236926 0.883982 0.026242 0.033611
0 0.492127 0.971604 0.026054 0.031293
0 0.691565 0.796824 0.023805 0.026657
0 0.892221 0.401599 0.021743 0.032221
0 0.713871 0.403106 0.022306 0.031062
0 0.969728 0.879578 0.026429 0.032684
0 0.164667 0.769240 0.024555 0.032684
0 0.737301 0.492582 0.020806 0.031989
0 0.517526 0.850719 0.026617 0.029207
0 0.691097 0.704567 0.024367 0.032221
0 0.172540 0.309226 0.026804 0.030598
0 0.392784 0.977167 0.026804 0.028975
0 0.367760 0.705841 0.029241 0.032916
0 0.739456 0.460130 0.024367 0.027816
0 0.363636 0.497450 0.023993 0.029207
0 0.593252 0.305169 0.022493 0.033148
0 0.240206 0.495364 0.026054 0.032452
0 0.915651 0.248957 0.023618 0.030134
0 0.442549 0.856398 0.026242 0.021558
0 0.689878 0.914465 0.021931 0.025498
0 0.640019 0.947265 0.023430 0.029439
0 0.838800 0.092026 0.023993 0.026426
0 0.788566 0.091678 0.020244 0.030830
0 0.214902 0.435327 0.024555 0.027353
0 0.264199 0.581479 0.026054 0.029439
0 0.840675 0.502898 0.026242 0.032221
0 0.140112 0.708623 0.024180 0.034771
0 0.365042 0.619031 0.028304 0.030366
0 0.589410 0.460825 0.025305 0.025035
0 0.370103 0.248957 0.028679 0.027353
0 0.714714 0.640125 0.022493 0.032221
0 0.442643 0.032568 0.024930 0.029903
0 0.864011 0.121581 0.026054 0.023412
0 0.303187 0.092490 0.036926 0.033380
0 0.391378 0.642907 0.021743 0.032221
0 0.617619 0.188920 0.022868 0.029207
0 0.813777 0.058878 0.021931 0.029671
0 0.814527 0.258461 0.020806 0.031525
0 0.488941 0.705610 0.022680 0.033380
0 0.442737 0.209550 0.021368 0.036625
0 0.789691 0.157510 0.022118 0.033148
0 0.191471 0.636764 0.021556 0.034771
0 0.315183 0.430459 0.026804 0.034307
0 0.641612 0.226356 0.025117 0.035466
0 0.520337 0.032221 0.025492 0.028744
0 0.940862 0.699119 0.025305 0.026889
0 0.316401 0.584492 0.025867 0.031293
0 0.914620 0.552040 0.024555 0.037320
0 0.112933 0.742814 0.023805 0.029439
0 0.765886 0.847589 0.026992 0.035002
0 0.615933 0.126681 0.022868 0.030830
0 0.264011 0.458855 0.026054 0.033148
0 0.215745 0.496755 0.023243 0.031062
0 0.691846 0.307603 0.024367 0.032452
0 0.569447 0.220329 0.026242 0.034539
0 0.091378 0.645109 0.025679 0.031062
0 0.713871 0.459782 0.024555 0.029903
0 0.463730 0.409365 0.023618 0.031525
0 0.188191 0.833797 0.021743 0.028280
0 0.242081 0.095503 0.022306 0.029671
0 0.763449 0.576147 0.025867 0.028975
0 0.443018 0.096083 0.020431 0.035930
0 0.688941 0.978210 0.024930 0.029671
0 0.788941 0.638734 0.022493 0.031757
0 0.217151 0.212332 0.025305 0.031062
0 0.188379 0.861613 0.023993 0.029207
0 0.538332 0.372740 0.024742 0.035698
0 0.666073 0.910408 0.022680 0.030830
0 0.467385 0.031062 0.024930 0.031062
0 0.891097 0.880737 0.025492 0.034075
0 0.511996 0.472531 0.024930 0.030830
0 0.290534 0.586694 0.025492 0.023180
0 0.288754 0.644066 0.026054 0.032221
0 0.187160 0.921187 0.023430 0.028280
0 0.290066 0.525962 0.025305 0.030598
0 0.941050 0.881896 0.022306 0.027585
0 0.286410 0.974386 0.020619 0.028048
0 0.188379 0.893139 0.022118 0.029207
0 0.121087 0.186949 0.020993 0.028048
0 0.315745 0.461637 0.026429 0.030366
0 0.236926 0.792072 0.021368 0.034771
0 0.237582 0.824061 0.023055 0.027816
0 0.614433 0.433009 0.024367 0.028280
0 0.119963 0.275962 0.023993 0.029903
0 0.716307 0.853964 0.023805 0.031525
0 0.122399 0.216389 0.024367 0.027121
0 0.443299 0.246523 0.021743 0.034075
0 0.763261 0.746291 0.024367 0.029439
0 0.290159 0.783148 0.025117 0.032684
0 0.419494 0.110570 0.023243 0.029207
0 0.840862 0.534771 0.026992 0.029671
0 0.691471 0.768544 0.024367 0.030830
0 0.390159 0.527353 0.022306 0.031062
0 0.417713 0.939963 0.024930 0.031989
0 0.665136 0.064789 0.021181 0.025730
0 0.512933 0.440311 0.021181 0.034539
0 0.765604 0.277353 0.023430 0.023876
0 0.217057 0.556096 0.024742 0.036161
0 0.467385 0.125174 0.021931 0.026889
0 0.517432 0.122160 0.024930 0.027353
0 0.411809 0.465229 0.022868 0.032452
0 0.841143 0.215229 0.023055 0.026194
0 0.841425 0.857441 0.024367 0.033843
0 0.640862 0.918289 0.023993 0.029903
0 0.214433 0.464650 0.021743 0.031293
0 0.464011 0.530482 0.026429 0.031757
0 0.288472 0.846894 0.023618 0.028975
0 0.395689 0.066064 0.023618 0.020399
0 0.639644 0.426287 0.022680 0.025498
0 0.737395 0.369611 0.025117 0.034539
0 0.238519 0.643718 0.023430 0.032916
0 0.236457 0.707116 0.022306 0.031293
0 0.115370 0.709782 0.024555 0.038016
0 0.464574 0.472415 0.026429 0.031062
0 0.588660 0.434284 0.024930 0.027585
0 0.689316 0.122045 0.021556 0.029439
0 0.642455 0.162958 0.019681 0.030134
0 0.512090 0.601066 0.026242 0.032452
0 0.264667 0.492119 0.022118 0.031989
0 0.263261 0.828118 0.026054 0.030830
0 0.838519 0.600719 0.024930 0.035002
0 0.764011 0.545897 0.024367 0.026889
0 0.563261 0.370190 0.025867 0.033380
0 0.587629 0.371001 0.022493 0.037320
0 0.692409 0.635489 0.023243 0.030366
0 0.615464 0.488294 0.026429 0.028512
0 0.510872 0.570816 0.021181 0.030830
0 0.564199 0.499189 0.022868 0.035002
0 0.716120 0.796824 0.020056 0.029439
0 0.416963 0.870538 0.021181 0.034075
0 0.812933 0.091562 0.020244 0.029207
0 0.740487 0.922578 0.021931 0.033843
0 0.365230 0.406815 0.027554 0.030598
0 0.865042 0.093649 0.024742 0.034307
0 0.141987 0.450046 0.021931 0.036857
0 0.590253 0.066412 0.018744 0.025267
0 0.864105 0.793695 0.024742 0.032916
0 0.172259 0.064557 0.020244 0.030366
0 0.365792 0.918173 0.029053 0.030598
0 0.618463 0.157742 0.025679 0.030830
0 0.838894 0.151947 0.022306 0.030830
0 0.419681 0.188804 0.023618 0.036393
0 0.414808 0.640009 0.026617 0.029671
0 0.491940 0.127028 0.023805 0.037089
0 0.209747 0.925823 0.020619 0.030598
0 0.418088 0.907047 0.021556 0.034771
0 0.788285 0.058067 0.021181 0.027585
0 0.316963 0.771674 0.026242 0.026889
0 0.467479 0.242698 0.023243 0.031062
0 0.068697 0.158785 0.024180 0.033843
0 0.288754 0.495596 0.023430 0.031062
0 0.814433 0.515183 0.022868 0.031757
0 0.543486 0.260779 0.021931 0.031525
0 0.214152 0.827075 0.024930 0.029671
0 0.264011 0.431386 0.024930 0.024571
0 0.739831 0.738758 0.022118 0.031062
0 0.314902 0.824525 0.026992 0.031989
0 0.236645 0.916087 0.024180 0.032452
0 0.563355 0.635025 0.026429 0.034075
0 0.491659 0.160408 0.021368 0.027353
0 0.261856 0.708159 0.023618 0.033843
0 0.813215 0.944715 0.022306 0.033148
0 0.916589 0.920260 0.021368 0.030134
0 0.196157 0.120770 0.024930 0.029207
0 0.096157 0.309226 0.023243 0.034307
0 0.763355 0.092721 0.023805 0.031989
0 0.289128 0.557487 0.021556 0.030598
0 0.263543 0.614511 0.025492 0.035234
0 0.716776 0.734237 0.023618 0.029903
0 0.168510 0.409828 0.024742 0.034771
0 0.762980 0.027932 0.023055 0.028512
0 0.164761 0.802156 0.023618 0.031293
0 0.814995 0.903454 0.024742 0.047520
0 0.118276 0.467084 0.026242 0.032916
0 0.691003 0.603848 0.023430 0.030598
0 0.096251 0.097473 0.024180 0.031293
0 0.664105 0.429416 0.024367 0.030366
0 0.867479 0.403917 0.022118 0.032221
0 0.543205 0.756722 0.024367 0.036857
0 0.238425 0.853037 0.024742 0.030598
0 0.589784 0.520746 0.025305 0.031757
0 0.892596 0.274803 0.024742 0.032684
0 0.145642 0.099560 0.024367 0.032684
0 0.569447 0.891748 0.022493 0.032916
0 0.195408 0.031989 0.022680 0.025498
0 0.289128 0.750927 0.025305 0.032221
0 0.664011 0.458971 0.023805 0.029207
0 0.788847 0.397891 0.023805 0.031293
0 0.640675 0.565137 0.025492 0.023180
0 0.313308 0.894298 0.026429 0.032452
0 0.789410 0.777353 0.021556 0.034539
0 0.463918 0.590635 0.023993 0.031989
0 0.568978 0.805285 0.022680 0.034771
0 0.490909 0.311544 0.022118 0.028744
0 0.664667 0.943788 0.021368 0.031293
0 0.839456 0.823829 0.022306 0.032452
0 0.191378 0.704451 0.021743 0.026426
0 0.541799 0.720329 0.024930 0.031293
0 0.492034 0.193904 0.024367 0.036393
0 0.864761 0.152990 0.024930 0.031062
0 0.941331 0.474502 0.023618 0.038943
0 0.864948 0.826147 0.025305 0.031062
0 0.091659 0.551576 0.026617 0.032684
0 0.368697 0.126565 0.026992 0.034307
0 0.763355 0.940079 0.023805 0.030830
0 0.688941 0.431502 0.022680 0.026657
0 0.390534 0.369611 0.023805 0.026657
0 0.890722 0.242582 0.022118 0.027585
0 0.865698 0.606166 0.027179 0.027353
0 0.891190 0.055633 0.023430 0.028280
0 0.790628 0.366829 0.026242 0.031293
0 0.288285 0.372740 0.018744 0.035698
0 0.569541 0.768197 0.021931 0.036625
0 0.195876 0.059458 0.022493 0.028975
0 0.764292 0.515763 0.027929 0.030598
0 0.567104 0.031525 0.024180 0.029671
0 0.464386 0.307140 0.026429 0.031989
0 0.741893 0.892096 0.022118 0.027121
0 0.617338 0.254636 0.022306 0.032684
0 0.640862 0.030946 0.019119 0.030830
0 0.891190 0.581595 0.023055 0.030134
0 0.418276 0.784655 0.025679 0.036161
0 0.465042 0.830320 0.022118 0.028280
0 0.211621 0.858832 0.022118 0.032916
0 0.590722 0.034423 0.021931 0.033611
0 0.266354 0.186602 0.026242 0.031989
0 0.395127 0.092721 0.022868 0.034307
0 0.467479 0.061080 0.021743 0.025267
0 0.518557 0.248030 0.025679 0.026889
0 0.814058 0.578697 0.024367 0.023412
0 0.394189 0.708623 0.020993 0.032452
0 0.120337 0.372508 0.023993 0.029671
0 0.218838 0.089708 0.021931 0.031062
0 0.365698 0.799258 0.026992 0.028280
0 0.595595 0.239105 0.022306 0.020167
0 0.090253 0.765647 0.021181 0.032916
0 0.467198 0.920955 0.024555 0.026426
0 0.091190 0.582754 0.026054 0.029671
0 0.588379 0.489105 0.022118 0.028744
0 0.443768 0.774108 0.025305 0.031757
0 0.593814 0.705146 0.022118 0.032452
0 0.288660 0.815948 0.023618 0.032452
0 0.544330 0.825800 0.025117 0.034075
0 0.568041 0.972647 0.026429 0.034771
0 0.790440 0.459318 0.023993 0.028048
0 0.814714 0.227283 0.023430 0.033148
0 0.171321 0.096430 0.023993 0.030134
0 0.614714 0.547752 0.024555 0.025498
0 0.118932 0.403222 0.024180 0.032684
0 0.517245 0.305633 0.023805 0.032684
0 0.615089 0.603268 0.024180 0.031293
0 0.939831 0.367293 0.023243 0.031757
0 0.837769 0.793347 0.024930 0.029903
0 0.264948 0.521210 0.022306 0.026194
0 0.893158 0.915044 0.026617 0.031757
0 0.889410 0.554010 0.020619 0.023180
0 0.639082 0.371465 0.025305 0.028512
0 0.814339 0.637691 0.024930 0.028744
0 0.714902 0.221720 0.019494 0.032221
0 0.915370 0.790334 0.019306 0.031757
0 0.113964 0.871117 0.023993 0.036625
0 0.863918 0.186949 0.020619 0.029439
0 0.940487 0.402758 0.025305 0.040102
0 0.664105 0.368104 0.024367 0.032452
0 0.546298 0.890705 0.025679 0.036857
0 0.963543 0.249884 0.025305 0.026426
0 0.437301 0.562239 0.023243 0.031293
0 0.889784 0.122508 0.022118 0.030830
0 0.538707 0.437065 0.024367 0.024339
0 0.562980 0.432777 0.022680 0.031525
0 0.517807 0.881433 0.028304 0.032221
0 0.940487 0.564557 0.023055 0.024803
0 0.537207 0.527701 0.023618 0.027121
0 0.117151 0.525151 0.023993 0.034539
0 0.591003 0.615090 0.026617 0.029903
0 0.812559 0.762865 0.020993 0.027816
0 0.568604 0.312935 0.023805 0.031062
0 0.065792 0.768892 0.025492 0.031989
0 0.363543 0.468243 0.023430 0.027353
0 0.117713 0.557835 0.023618 0.029903
0 0.738332 0.400556 0.020619 0.028280
0 0.763636 0.487599 0.023618 0.026657
0 0.172446 0.219054 0.026992 0.029207
0 0.761856 0.605586 0.023055 0.029903
0 0.763355 0.397543 0.024555 0.025498
0 0.838988 0.565137 0.023243 0.030134
0 0.740300 0.975197 0.024555 0.024571
0 0.120900 0.307371 0.023243 0.032916
0 0.563824 0.580552 0.025117 0.023876
0 0.163543 0.834956 0.022680 0.030134
0 0.466167 0.273876 0.022493 0.027121
0 0.413027 0.558646 0.025679 0.026426
0 0.837676 0.702480 0.021368 0.033148
0 0.438800 0.401368 0.026242 0.028975
0 0.367385 0.191354 0.027741 0.027585
0 0.517432 0.756375 0.025679 0.028280
0 0.441237 0.942049 0.024367 0.032452
0 0.940769 0.439268 0.024742 0.030598
0 0.763824 0.186370 0.022868 0.031525
0 0.839831 0.449235 0.025305 0.030598
0 0.713215 0.371581 0.022493 0.032452
0 0.866354 0.306212 0.020619 0.030598
0 0.364199 0.373667 0.025117 0.035234
0 0.286223 0.877724 0.022493 0.033148
0 0.090534 0.848864 0.023243 0.024571
0 0.316026 0.708855 0.027366 0.037089
0 0.936926 0.068150 0.023805 0.034307
0 0.593158 0.267733 0.023430 0.030598
0 0.218838 0.150209 0.022306 0.028280
0 0.891378 0.759272 0.027554 0.029903
0 0.091940 0.522021 0.026429 0.027816
0 0.667854 0.761590 0.024367 0.023876
0 0.365698 0.525151 0.024367 0.023876
0 0.891097 0.367872 0.020619 0.031989
0 0.592784 0.886648 0.024555 0.034771
0 0.967479 0.702596 0.024180 0.031525
0 0.239363 0.464882 0.023243 0.029439
0 0.367948 0.159597 0.026242 0.033148
0 0.663261 0.544390 0.023805 0.031757
0 0.491565 0.855702 0.021931 0.035930
0 0.789597 0.583333 0.025679 0.030830
0 0.412090 0.400556 0.019681 0.028280
0 0.537582 0.467432 0.022118 0.032684
0 0.764574 0.425359 0.024367 0.031989
0 0.303561 0.030482 0.032052 0.028975
0 0.441143 0.912494 0.024930 0.027121
0 0.189878 0.802967 0.023243 0.031989
0 0.090440 0.796013 0.021181 0.025498
0 0.144142 0.133751 0.022868 0.032916
0 0.388285 0.557487 0.024180 0.027353
0 0.170291 0.127144 0.024555 0.031293
0 0.941987 0.850487 0.026804 0.027353
0 0.266261 0.142907 0.027179 0.055401
0 0.864011 0.699235 0.024930 0.027585
0 0.569072 0.285582 0.022868 0.024571
0 0.866073 0.860223 0.023430 0.037089
0 0.313964 0.980644 0.028491 0.025730
0 0.391753 0.491655 0.024742 0.032452
0 0.790440 0.554126 0.022868 0.027585
0 0.216120 0.244553 0.022493 0.030598
0 0.915183 0.407047 0.021931 0.038016
0 0.489597 0.369611 0.023618 0.028048
0 0.714058 0.431386 0.024555 0.025035
0 0.466448 0.796245 0.021181 0.038479
0 0.195783 0.152527 0.021181 0.032916
0 0.137207 0.942745 0.023993 0.034307
0 0.220712 0.032800 0.026054 0.025730
0 0.090628 0.878651 0.024180 0.034075
0 0.363730 0.554010 0.021181 0.031062
0 0.839925 0.031757 0.021743 0.031989
0 0.418182 0.838665 0.023243 0.027353
0 0.542643 0.195063 0.021368 0.035002
0 0.814902 0.397195 0.021181 0.031293
0 0.691753 0.207000 0.023430 0.031989
0 0.941893 0.752086 0.025117 0.026194
0 0.289597 0.464302 0.022118 0.031525
0 0.120150 0.031178 0.024367 0.023876
0 0.070291 0.063514 0.024367 0.029671
0 0.715651 0.554358 0.024742 0.028512
0 0.366542 0.647659 0.027554 0.027353
0 0.688847 0.486671 0.024367 0.028512
0 0.262980 0.738758 0.024742 0.029207
0 0.464292 0.501275 0.023618 0.026657
0 0.288472 0.703755 0.023618 0.026889
0 0.437301 0.528860 0.023243 0.035466
0 0.616682 0.459203 0.025492 0.026426
0 0.788566 0.026657 0.022118 0.033380
0 0.089691 0.462216 0.023805 0.028280
0 0.942455 0.817918 0.025492 0.028975
0 0.240675 0.526194 0.025117 0.030134
0 0.738800 0.056908 0.021181 0.026194
0 0.288472 0.434747 0.022493 0.027121
0 0.436082 0.432893 0.021931 0.033148
0 0.214152 0.711868 0.020806 0.040334
0 0.214058 0.781757 0.021743 0.026194
0 0.713496 0.608832 0.020431 0.029439
0 0.689316 0.456769 0.024555 0.024339
0 0.518088 0.818846 0.023243 0.031757
0 0.790066 0.306908 0.027741 0.025035
0 0.739175 0.028744 0.023055 0.028744
0 0.763355 0.457116 0.021556 0.031062
0 0.940112 0.969981 0.024555 0.029439
0 0.738519 0.555981 0.022493 0.029439
0 0.516401 0.724849 0.020993 0.031062
0 0.817713 0.826959 0.020056 0.034539
0 0.219213 0.181270 0.027179 0.028280
0 0.692221 0.857557 0.022493 0.031757
0 0.137207 0.976936 0.021368 0.028512
0 0.241799 0.211984 0.022118 0.032221
0 0.144986 0.164580 0.025679 0.028280
0 0.262324 0.647195 0.023055 0.025962
0 0.666354 0.700974 0.023993 0.028744
0 0.915745 0.520631 0.024930 0.027353
0 0.038238 0.821975 0.025867 0.033843
0 0.594283 0.852805 0.023430 0.030134
0 0.688847 0.402063 0.023993 0.030830
0 0.065136 0.429184 0.020056 0.030366
0 0.666729 0.161219 0.024367 0.027121
0 0.412933 0.432082 0.023243 0.031989
0 0.438707 0.371813 0.025679 0.028744
0 0.517807 0.217895 0.024555 0.031062
0 0.863074 0.761474 0.023805 0.031062
0 0.191471 0.407974 0.020431 0.030598
0 0.390253 0.399513 0.022868 0.028512
0 0.963730 0.061312 0.027179 0.033611
0 0.237769 0.946685 0.025305 0.025498
0 0.465417 0.704335 0.021743 0.028048
0 0.489128 0.432661 0.023430 0.028975
0 0.543205 0.132012 0.020993 0.033611
0 0.445173 0.740612 0.022118 0.031525
0 0.117807 0.434631 0.023055 0.030134
0 0.111903 0.983310 0.023618 0.028744
0 0.137488 0.911219 0.024180 0.021790
0 0.139175 0.769240 0.023805 0.026657
0 0.263074 0.971140 0.023430 0.040566
0 0.915933 0.890473 0.023805 0.028048
0 0.641612 0.702480 0.024742 0.031293
0 0.513402 0.370654 0.019869 0.032452
0 0.616401 0.893950 0.023055 0.029903
0 0.138144 0.799258 0.022118 0.032452
0 0.638988 0.515183 0.020993 0.027121
0 0.715183 0.824641 0.021181 0.025730
0 0.263355 0.856630 0.023993 0.024339
0 0.315276 0.379578 0.029616 0.046592
0 0.394096 0.869495 0.027554 0.031989
0 0.593533 0.791841 0.026054 0.028744
0 0.638894 0.400788 0.026429 0.024108
0 0.966917 0.514835 0.023805 0.032916
0 0.891284 0.307603 0.023618 0.032916
0 0.111996 0.806560 0.020806 0.029439
0 0.543112 0.163306 0.022306 0.025267
0 0.437957 0.496755 0.023805 0.026426
0 0.117057 0.496291 0.025305 0.024571
0 0.394002 0.744669 0.022868 0.037320
0 0.616963 0.977515 0.024555 0.028744
0 0.593533 0.211289 0.023430 0.026657
0 0.589691 0.585072 0.023993 0.031989
0 0.838425 0.120885 0.023243 0.027585
0 0.892221 0.457000 0.022493 0.034075
0 0.393158 0.927098 0.024180 0.030830
0 0.543674 0.791725 0.021931 0.032221
0 0.740581 0.951553 0.023993 0.024108
0 0.791565 0.522949 0.023618 0.032916
0 0.616120 0.922694 0.023993 0.030366
0 0.120900 0.129346 0.020244 0.028744
0 0.966729 0.549606 0.023430 0.032452
0 0.867010 0.938920 0.024180 0.021558
0 0.095689 0.128999 0.023805 0.030366
0 0.420150 0.730413 0.026804 0.027353
0 0.889784 0.641864 0.021743 0.024571
0 0.219213 0.120074 0.021556 0.025962
0 0.790722 0.489453 0.023430 0.032684
0 0.121556 0.158322 0.021181 0.028280
0 0.490722 0.825104 0.024367 0.026194
0 0.890159 0.697728 0.025117 0.022253
0 0.314808 0.551924 0.022306 0.032916
0 0.463918 0.560964 0.020993 0.031062
0 0.593814 0.738178 0.021368 0.034075
0 0.641987 0.266226 0.024742 0.038711
0 0.437301 0.465809 0.024367 0.031757
0 0.940956 0.588665 0.022118 0.024803
0 0.467573 0.153802 0.024555 0.028512
0 0.219306 0.306908 0.028866 0.039407
0 0.963824 0.186949 0.023993 0.031757
0 0.967104 0.912610 0.021181 0.030598
0 0.890909 0.490844 0.025117 0.029439
0 0.492502 0.064673 0.020806 0.026426
0 0.441799 0.173041 0.019119 0.034075
0 0.442924 0.804242 0.023993 0.030366
0 0.069166 0.126449 0.026242 0.030830
0 0.618276 0.283496 0.025305 0.025035
0 0.039175 0.759968 0.025867 0.029439
0 0.137676 0.828581 0.021931 0.027121
0 0.190722 0.437761 0.019306 0.028512
0 0.489128 0.399281 0.018932 0.030366
0 0.242362 0.069193 0.022118 0.025730
0 0.441706 0.831247 0.020806 0.024108
0 0.365792 0.862888 0.026804 0.033611
0 0.866354 0.277469 0.022868 0.025035
0 0.089503 0.491539 0.025305 0.032221
0 0.963824 0.279091 0.022118 0.026889
0 0.367854 0.737019 0.027929 0.028975
0 0.967948 0.845039 0.023243 0.031757
0 0.517151 0.275382 0.023993 0.025498
0 0.914152 0.097126 0.023243 0.031525
0 0.544049 0.857673 0.021556 0.026889
0 0.235989 0.761474 0.021368 0.020862
0 0.542174 0.030482 0.018932 0.027585
0 0.891378 0.152990 0.028679 0.028280
0 0.640487 0.976936 0.020619 0.022949
0 0.389316 0.612888 0.023618 0.025498
0 0.212840 0.751159 0.019681 0.033611
0 0.418650 0.702596 0.022306 0.027353
0 0.241612 0.144877 0.020993 0.029207
0 0.517619 0.095619 0.027179 0.023876
0 0.118744 0.644414 0.026429 0.030598
0 0.121181 0.245132 0.024930 0.028512
0 0.419119 0.075916 0.020993 0.044738
0 0.765417 0.881896 0.022306 0.032221
0 0.316214 0.611497 0.027741 0.030134
0 0.641612 0.891168 0.023618 0.026657
0 0.791565 0.809573 0.028866 0.029903
0 0.738144 0.610570 0.023993 0.025962
0 0.463168 0.643718 0.023993 0.029207
0 0.594189 0.186486 0.022868 0.021558
0 0.393440 0.777469 0.019119 0.027816
0 0.589316 0.552851 0.023618 0.032452
0 0.492877 0.942860 0.024930 0.026194
0 0.412184 0.529787 0.022868 0.030830
0 0.788566 0.740960 0.022118 0.036393
0 0.235989 0.736903 0.020244 0.028744
0 0.916214 0.582058 0.024742 0.020862
0 0.593627 0.821511 0.023243 0.029671
0 0.490253 0.738526 0.024180 0.033843
0 0.815370 0.030482 0.026992 0.029439
0 0.287067 0.943788 0.023805 0.031293
0 0.564761 0.604543 0.026992 0.026889
0 0.114058 0.906583 0.025679 0.032452
0 0.666542 0.609991 0.024742 0.028048
0 0.789503 0.610802 0.022868 0.024571
0 0.042643 0.286857 0.026804 0.025730
0 0.618276 0.742350 0.023055 0.029903
0 0.316120 0.743394 0.025305 0.027816
0 0.412090 0.586810 0.022680 0.028975
0 0.763824 0.971025 0.021368 0.029207
0 0.071228 0.095851 0.024742 0.030366
0 0.740019 0.768544 0.019494 0.025730
0 0.517245 0.944599 0.023430 0.025962
0 0.192877 0.582754 0.024367 0.028744
0 0.593440 0.920955 0.020244 0.029671
0 0.967854 0.732151 0.025305 0.025267
0 0.614714 0.573598 0.022680 0.024803
0 0.689972 0.180575 0.024742 0.022253
0 0.892315 0.788016 0.026054 0.028048
0 0.689128 0.029787 0.019681 0.030366
0 0.689410 0.151947 0.019119 0.028975
0 0.390347 0.432429 0.022680 0.036393
0 0.387816 0.586231 0.020619 0.027353
0 0.664105 0.514835 0.021743 0.026426
0 0.713964 0.581827 0.021368 0.022253
0 0.367573 0.220213 0.023993 0.026889
0 0.941987 0.642907 0.023805 0.026194
0 0.467479 0.092142 0.022493 0.035466
0 0.442643 0.707000 0.020431 0.036625
0 0.536270 0.585535 0.023243 0.030134
0 0.864855 0.216389 0.021368 0.024803
0 0.088941 0.732615 0.019681 0.030830
0 0.266917 0.099212 0.026242 0.029671
0 0.594752 0.767385 0.023993 0.023876
0 0.065230 0.793811 0.023993 0.019240
0 0.068697 0.193788 0.022680 0.033843
0 0.814620 0.606977 0.020619 0.030830
0 0.616495 0.310964 0.023243 0.029903
0 0.563543 0.401947 0.026054 0.029207
0 0.238613 0.404613 0.019494 0.032221
0 0.465792 0.893486 0.018369 0.025267
0 0.144892 0.189847 0.025492 0.022253
0 0.664199 0.398702 0.020431 0.028280
0 0.965698 0.096314 0.026617 0.032221
0 0.210122 0.980297 0.022493 0.025962
0 0.215464 0.525151 0.022680 0.024803
0 0.916963 0.308646 0.019494 0.030366
0 0.467010 0.764835 0.024180 0.023876
0 0.466354 0.213143 0.024367 0.022021
0 0.814902 0.366829 0.018557 0.028512
0 0.304686 0.181618 0.035426 0.027121
0 0.071228 0.032684 0.024742 0.030134
0 0.940112 0.726008 0.018557 0.023180
0 0.069822 0.251043 0.026429 0.031989
0 0.066073 0.397311 0.023430 0.030134
0 0.569916 0.705030 0.024930 0.028975
0 0.543299 0.312355 0.023055 0.029903
0 0.915089 0.127724 0.022493 0.031989
0 0.616963 0.221140 0.018557 0.029207
0 0.518369 0.914349 0.023805 0.036857
0 0.689691 0.057371 0.022306 0.022949
0 0.962512 0.308183 0.020244 0.027121
0 0.485567 0.533032 0.021931 0.030830
0 0.939550 0.942049 0.022680 0.025498
0 0.517526 0.786393 0.023993 0.029439
0 0.618650 0.779555 0.024180 0.034771
0 0.765417 0.910524 0.023805 0.026889
0 0.395220 0.159944 0.024180 0.019935
0 0.486410 0.619031 0.018744 0.030830
0 0.738051 0.584261 0.023055 0.025267
0 0.914808 0.861497 0.022680 0.025267
0 0.538238 0.640473 0.025305 0.035698
0 0.915276 0.760663 0.019494 0.023876
0 0.866729 0.465229 0.020619 0.026889
0 0.815370 0.456537 0.020244 0.022949
0 0.567854 0.149513 0.023055 0.025962
0 0.940581 0.913653 0.020619 0.030830
0 0.193440 0.554010 0.025492 0.031525
0 0.286692 0.912378 0.022680 0.032916
0 0.664105 0.486903 0.024742 0.023876
0 0.486410 0.564905 0.018744 0.031525
0 0.914527 0.492698 0.020244 0.030830
0 0.186785 0.952017 0.021556 0.032916
0 0.865604 0.916203 0.020619 0.023412
0 0.436551 0.619147 0.021743 0.027816
0 0.813121 0.793347 0.020993 0.028975
0 0.417901 0.813514 0.023805 0.019703
0 0.814527 0.482962 0.020056 0.028512
0 0.866354 0.495480 0.022118 0.031293
0 0.866261 0.524339 0.022680 0.030134
0 0.914995 0.604775 0.021931 0.028280
0 0.443299 0.125174 0.022493 0.023644
0 0.864386 0.581363 0.028304 0.024108
0 0.193533 0.525151 0.024930 0.030366
0 0.368041 0.030250 0.024930 0.026657
0 0.069822 0.223574 0.026429 0.022021
0 0.238425 0.436486 0.021368 0.028280
0 0.940675 0.614627 0.026429 0.028975
0 0.414433 0.499305 0.022118 0.033843
0 0.490534 0.797056 0.022868 0.031757
0 0.564667 0.554937 0.026054 0.029207
0 0.537207 0.556328 0.024742 0.031062
0 0.567385 0.125058 0.024367 0.021094
0 0.537113 0.611266 0.021931 0.023180
0 0.690909 0.575684 0.021743 0.025730
0 0.393814 0.839708 0.023243 0.026657
0 0.968322 0.581015 0.029991 0.029439
0 0.839082 0.974502 0.024555 0.032916
0 0.162793 0.916667 0.023430 0.028048
0 0.966729 0.758924 0.020806 0.027816
0 0.492127 0.224270 0.023430 0.028512
0 0.891940 0.944831 0.025679 0.028280
0 0.667760 0.312239 0.023430 0.027816
0 0.239456 0.585304 0.020056 0.033380
0 0.210684 0.954103 0.023993 0.026426
0 0.192409 0.498030 0.022680 0.027121
0 0.642268 0.731803 0.022680 0.025498
0 0.568697 0.734469 0.022118 0.033611
0 0.466635 0.948076 0.024930 0.028280
0 0.765230 0.703871 0.027929 0.035466
0 0.542830 0.920723 0.020619 0.028280
0 0.262605 0.937529 0.020993 0.022485
0 0.542737 0.948308 0.022306 0.029207
0 0.144049 0.490844 0.024180 0.038711
0 0.889597 0.181850 0.025492 0.030366
0 0.037488 0.854427 0.024367 0.026889
0 0.044330 0.195063 0.025679 0.037320
0 0.941799 0.537784 0.027554 0.026426
0 0.688660 0.369958 0.022493 0.032916
0 0.841706 0.409017 0.024180 0.045202
0 0.038519 0.789754 0.026429 0.031525
0 0.641799 0.317107 0.025492 0.022717
0 0.569634 0.836694 0.021368 0.028048
0 0.437676 0.590751 0.023618 0.028048
0 0.938800 0.226124 0.018182 0.021558
0 0.412090 0.612888 0.020806 0.023180
0 0.939550 0.309110 0.023805 0.033148
0 0.288097 0.725661 0.025492 0.019703
0 0.687629 0.550185 0.025679 0.023412
0 0.368135 0.059226 0.022868 0.029903
0 0.612559 0.370654 0.024367 0.025498
0 0.738238 0.635837 0.024930 0.023644
0 0.463824 0.617293 0.025679 0.023644
0 0.167760 0.519471 0.024367 0.019008
0 0.490347 0.920260 0.020244 0.019471
0 0.914527 0.974849 0.023618 0.034075
0 0.219494 0.060732 0.022493 0.028744
0 0.864199 0.058878 0.019306 0.030134
0 0.867573 0.435443 0.021556 0.027585
0 0.814152 0.290450 0.023430 0.025035
0 0.486036 0.646384 0.021368 0.027121
0 0.891471 0.816296 0.023618 0.026194
0 0.892596 0.428836 0.022868 0.020399
0 0.137676 0.854427 0.022306 0.025962
0 0.393533 0.898122 0.026054 0.027121
0 0.563636 0.530019 0.025492 0.022485
0 0.890347 0.213375 0.023618 0.025267
0 0.917338 0.451785 0.024742 0.050070
0 0.097095 0.228790 0.023618 0.038479
0 0.190722 0.467779 0.022306 0.032452
0 0.238988 0.371929 0.020619 0.034075
0 0.367198 0.766806 0.031115 0.032452
0 0.265886 0.215577 0.021931 0.028280
0 0.266917 0.241771 0.025492 0.022253
0 0.392784 0.952248 0.021931 0.022253
0 0.639363 0.540913 0.022493 0.021558
0 0.940206 0.509156 0.021743 0.027585
0 0.162980 0.864511 0.023430 0.029903
0 0.789691 0.907510 0.024742 0.043579
0 0.864855 0.554126 0.019869 0.028512
0 0.365511 0.891632 0.025492 0.023412
0 0.617057 0.809458 0.020244 0.023644
0 0.617151 0.864163 0.021556 0.029671
0 0.567291 0.941238 0.024930 0.028048
0 0.938707 0.256838 0.019494 0.028280
0 0.113590 0.837506 0.021743 0.031062
0 0.791003 0.278164 0.021368 0.023180
0 0.067291 0.460593 0.019494 0.031989
0 0.789972 0.704567 0.022306 0.038248
0 0.666635 0.822091 0.022680 0.030830
0 0.544142 0.287089 0.023993 0.022485
0 0.791940 0.838897 0.025492 0.027816
0 0.241893 0.120306 0.020056 0.020862
0 0.070478 0.309342 0.022493 0.030366
0 0.393158 0.808762 0.022306 0.034307
0 0.964667 0.126796 0.024180 0.028280
0 0.239175 0.614511 0.020619 0.025035
0 0.966261 0.636648 0.025867 0.032221
0 0.395127 0.182661 0.021743 0.025035
0 0.967291 0.940195 0.024555 0.022717
0 0.916026 0.185211 0.024367 0.030598
0 0.172821 0.188804 0.028866 0.032684
0 0.316495 0.797636 0.026054 0.021326
0 0.592784 0.975081 0.024555 0.033148
0 0.965511 0.156004 0.022493 0.025962
0 0.192784 0.608716 0.020806 0.020862
0 0.314433 0.954914 0.027554 0.027121
0 0.964761 0.368104 0.020244 0.034307
0 0.217245 0.275151 0.027366 0.028744
0 0.167666 0.628303 0.026054 0.054937
0 0.892221 0.026078 0.024742 0.027121
0 0.067010 0.906699 0.022306 0.024339
0 0.118650 0.587506 0.020993 0.027585
0 0.240300 0.554358 0.020244 0.029903
0 0.839363 0.476356 0.020244 0.023180
0 0.690815 0.887228 0.022306 0.029439
0 0.890628 0.973690 0.020431 0.031293
0 0.419588 0.285466 0.031678 0.047520
0 0.790066 0.868799 0.027741 0.031062
0 0.639925 0.453176 0.021368 0.024108
0 0.038613 0.157742 0.027366 0.033148
0 0.419588 0.158785 0.022680 0.022717
0 0.266635 0.055517 0.028304 0.029903
0 0.163168 0.943092 0.024180 0.022485
0 0.215464 0.620538 0.024930 0.025962
0 0.418838 0.136880 0.022680 0.022021
0 0.939082 0.175939 0.024367 0.030598
0 0.167291 0.649513 0.021556 0.020399
0 0.617151 0.835420 0.020806 0.030598
0 0.915933 0.030946 0.021931 0.027585
0 0.070947 0.279439 0.023805 0.029903
0 0.242455 0.264140 0.022680 0.033148
0 0.641893 0.295549 0.022680 0.019935
0 0.515745 0.699815 0.026429 0.021326
0 0.389691 0.464418 0.021743 0.021094
0 0.039269 0.979717 0.032802 0.035002
0 0.640956 0.483194 0.023805 0.031757
0 0.041237 0.512981 0.025492 0.030598
0 0.096064 0.283032 0.020431 0.023180
0 0.787910 0.973806 0.023805 0.026426
0 0.419869 0.756259 0.025117 0.023876
0 0.937957 0.037320 0.021368 0.026426
0 0.241987 0.238294 0.020993 0.022717
0 0.491753 0.247102 0.021556 0.025035
0 0.304592 0.155308 0.033739 0.024108
0 0.042455 0.251739 0.024930 0.038479
0 0.187254 0.979601 0.023243 0.024571
0 0.940019 0.282684 0.023243 0.020631
0 0.968135 0.487019 0.025867 0.023644
0 0.567854 0.917942 0.023055 0.019935
0 0.914620 0.153570 0.020056 0.025267
0 0.488941 0.462100 0.019681 0.029903
0 0.038332 0.882244 0.021556 0.024571
0 0.615933 0.950510 0.021743 0.025730
0 0.491284 0.769356 0.024742 0.024571
0 0.168041 0.609875 0.023805 0.019008
0 0.439644 0.646616 0.021931 0.028048
0 0.263824 0.896268 0.023430 0.051229
0 0.045829 0.482962 0.021931 0.032684
0 0.162699 0.890125 0.024367 0.024108
0 0.967385 0.459550 0.024367 0.028048
0 0.038519 0.717895 0.027929 0.052851
0 0.866635 0.030482 0.026054 0.028512
0 0.593627 0.946917 0.020244 0.022717
0 0.486317 0.590751 0.019306 0.025267
0 0.788004 0.952944 0.023243 0.031062
0 0.095970 0.254636 0.021743 0.026194
0 0.667010 0.291377 0.021931 0.024571
0 0.665979 0.847010 0.023618 0.029671
0 0.542924 0.697033 0.025305 0.015763
0 0.969072 0.607557 0.027366 0.023644
0 0.568885 0.860570 0.020619 0.027585
0 0.067198 0.887691 0.025305 0.016922
0 0.040581 0.906699 0.028304 0.025267
0 0.968416 0.817223 0.023430 0.022949
0 0.962324 0.031409 0.023618 0.026657
0 0.966542 0.789986 0.020431 0.028280
0 0.839550 0.926287 0.023243 0.027353
0 0.039644 0.701205 0.024930 0.023180
0 0.213777 0.804474 0.022306 0.017385
0 0.815276 0.887112 0.020806 0.018081
0 0.419775 0.311196 0.030553 0.032684
0 0.442362 0.146036 0.022868 0.019008
0 0.764855 0.720445 0.026054 0.021790
0 0.939550 0.200510 0.018557 0.027353
0 0.419494 0.218475 0.024367 0.022949
0 0.916214 0.946569 0.022118 0.023876
0 0.267479 0.078465 0.025492 0.020167
0 0.038051 0.129578 0.029241 0.021326
0 0.214902 0.646732 0.024555 0.028744
0 0.262137 0.911683 0.018932 0.024108
0 0.914995 0.431734 0.019681 0.018776
0 0.041331 0.228674 0.027929 0.031293
0 0.841987 0.425591 0.025492 0.022253
0 0.046392 0.416667 0.019306 0.043347
0 0.891284 0.416435 0.020619 0.024339
0 0.789784 0.928141 0.022680 0.025035
0 0.541706 0.706073 0.022118 0.018081
0 0.466542 0.879578 0.022118 0.015067
0 0.914714 0.565716 0.022118 0.014140
0 0.144049 0.477051 0.024180 0.018081
0 0.069260 0.366481 0.020056 0.027816
0 0.618463 0.765415 0.021181 0.023644
0 0.393627 0.760431 0.021368 0.013213
0 0.712840 0.624015 0.019494 0.011590
0 0.046673 0.451669 0.024742 0.037320
0 0.042830 0.311312 0.027179 0.027353
0 0.267385 0.028396 0.026429 0.028512
0 0.042830 0.031641 0.027179 0.032684
0 0.420619 0.243278 0.028116 0.036857
0 0.042830 0.541956 0.030553 0.027353
0 0.041143 0.940311 0.023805 0.035930
0 0.816401 0.312819 0.023805 0.024339
0 0.840300 0.948192 0.022118 0.020167
0 0.111809 0.936602 0.023805 0.028512
0 0.114433 0.958275 0.027179 0.023180
