0 0.821143 0.102276 0.327816 0.192864
0 0.825948 0.289449 0.348105 0.179022
0 0.824079 0.498001 0.351842 0.199323
0 0.815537 0.700400 0.360384 0.190711
0 0.829151 0.890803 0.333155 0.179022
0 0.488788 0.101200 0.285638 0.199323
0 0.495996 0.303291 0.274426 0.200554
0 0.500801 0.505691 0.294714 0.211012
0 0.502670 0.708397 0.305926 0.200554
0 0.500000 0.903261 0.311265 0.193479
0 0.180459 0.097970 0.342766 0.192864
0 0.179658 0.297293 0.329418 0.210089
0 0.172184 0.485697 0.329418 0.172870
0 0.176722 0.705168 0.331020 0.187942
0 0.184196 0.898954 0.338494 0.202092
