0 0.564159 0.742089 0.118656 0.189505
0 0.692650 0.739095 0.106812 0.190664
0 0.426655 0.415169 0.116433 0.192671
0 0.558136 0.238883 0.125083 0.145427
0 0.556726 0.391896 0.116718 0.156679
0 0.690893 0.395833 0.110328 0.174713
0 0.298534 0.598705 0.119866 0.165729
0 0.693222 0.565930 0.103057 0.166061
0 0.688599 0.237084 0.114592 0.142802
0 0.300027 0.419926 0.113733 0.192562
0 0.428678 0.752073 0.112125 0.169865
0 0.431939 0.586492 0.122952 0.161853
0 0.560419 0.559206 0.112799 0.162348
0 0.292681 0.247436 0.102474 0.157186
0 0.424601 0.242786 0.115347 0.155417
0 0.294187 0.758587 0.115878 0.141561
