0 0.673071 0.090328 0.136063 0.095347
0 0.680315 0.198221 0.153071 0.091241
0 0.691654 0.315351 0.124724 0.085082
0 0.691024 0.419024 0.137323 0.088960
0 0.684567 0.541857 0.133228 0.096487
0 0.672283 0.670963 0.134488 0.105611
0 0.678898 0.804288 0.124409 0.106752
0 0.673858 0.921305 0.114331 0.102646
0 0.512756 0.090328 0.130394 0.101734
0 0.508504 0.213732 0.138898 0.109945
0 0.508346 0.328923 0.115906 0.091241
0 0.514803 0.449589 0.123150 0.092153
0 0.513071 0.566264 0.115906 0.072765
0 0.521260 0.818659 0.104567 0.088047
0 0.520630 0.925525 0.117165 0.077783
0 0.338110 0.063412 0.101732 0.053832
0 0.343937 0.183166 0.115906 0.094434
0 0.349606 0.307026 0.121575 0.091241
0 0.353071 0.426323 0.137323 0.091241
0 0.359528 0.572422 0.092913 0.074589
0 0.358740 0.680315 0.131654 0.101505
0 0.341575 0.789690 0.097323 0.090328
0 0.339528 0.916629 0.130394 0.107892
0 0.185669 0.076870 0.106142 0.080748
0 0.184882 0.182026 0.104567 0.098540
0 0.191339 0.309649 0.114331 0.098312
0 0.191339 0.420620 0.111811 0.088047
0 0.187087 0.550639 0.151811 0.095347
0 0.198425 0.675068 0.151811 0.097400
0 0.187717 0.789234 0.127244 0.105839
0 0.171969 0.913663 0.130394 0.085082
