0 0.853858 0.140838 0.111458 0.119372
0 0.850740 0.304188 0.111458 0.152880
0 0.855417 0.446597 0.114575 0.121466
0 0.854248 0.589529 0.104443 0.145550
0 0.858535 0.737173 0.098987 0.114136
0 0.850351 0.892670 0.124708 0.131937
0 0.730320 0.138220 0.104443 0.128796
0 0.735776 0.293717 0.116913 0.138220
0 0.731878 0.429319 0.104443 0.128796
0 0.732268 0.580105 0.113016 0.128796
0 0.722136 0.731937 0.109899 0.135079
0 0.722915 0.881152 0.109899 0.134031
0 0.611847 0.139791 0.106002 0.138220
0 0.609509 0.299476 0.101325 0.151832
0 0.614575 0.429319 0.106781 0.089005
0 0.610678 0.586387 0.116134 0.103665
0 0.610678 0.732984 0.114575 0.107853
0 0.613016 0.875916 0.105222 0.090052
0 0.376072 0.141885 0.106781 0.138220
0 0.380359 0.300000 0.110678 0.138220
0 0.378020 0.448691 0.113796 0.121466
0 0.375682 0.592670 0.112237 0.116230
0 0.368667 0.727225 0.102884 0.071204
0 0.371395 0.885340 0.111458 0.136126
0 0.256041 0.137696 0.102104 0.098429
0 0.256820 0.273298 0.106781 0.107853
0 0.256820 0.432984 0.108340 0.138220
0 0.256430 0.583770 0.101325 0.123560
0 0.253702 0.730890 0.100546 0.147644
0 0.251364 0.874869 0.108340 0.102618
0 0.137568 0.140314 0.098987 0.109948
0 0.134840 0.296859 0.098207 0.131937
0 0.134840 0.443979 0.099766 0.153927
0 0.140686 0.579581 0.098987 0.108901
0 0.133671 0.725131 0.105222 0.131937
0 0.131723 0.884293 0.099766 0.131937
