0 0.621746 0.430037 0.144106 0.182476
0 0.625360 0.616752 0.160097 0.162135
0 0.368277 0.602705 0.156499 0.144406
0 0.795287 0.251117 0.145847 0.161780
0 0.799341 0.796491 0.156335 0.154394
0 0.370838 0.442182 0.151528 0.178947
0 0.804054 0.612580 0.155904 0.174927
0 0.199862 0.249838 0.154889 0.143411
0 0.366007 0.786810 0.154319 0.183255
0 0.193918 0.796775 0.148961 0.175087
0 0.621832 0.792520 0.148346 0.169297
0 0.371743 0.261851 0.152480 0.181132
0 0.624888 0.249787 0.155709 0.167881
0 0.802914 0.423439 0.150423 0.146122
0 0.202844 0.616655 0.127371 0.120835
0 0.200335 0.443036 0.136267 0.145580
