0 0.621457 0.133663 0.022714 0.037532
0 0.455604 0.462353 0.025155 0.031315
0 0.441055 0.133548 0.033602 0.034078
0 0.180871 0.071609 0.027220 0.033157
0 0.677398 0.940364 0.023841 0.028091
0 0.303266 0.492632 0.025343 0.034308
0 0.569364 0.196408 0.026281 0.029012
0 0.816501 0.306125 0.024216 0.032466
0 0.814905 0.033617 0.025530 0.032236
0 0.721982 0.309233 0.027408 0.036380
0 0.182936 0.980198 0.023090 0.028552
0 0.574526 0.407668 0.029472 0.028782
0 0.406514 0.941745 0.018585 0.029473
0 0.595457 0.123187 0.028158 0.032236
0 0.545335 0.072070 0.024029 0.034538
0 0.440867 0.102003 0.038108 0.031775
0 0.919279 0.395579 0.027783 0.033617
0 0.442181 0.069767 0.035104 0.034078
0 0.620143 0.098434 0.024967 0.030163
0 0.429698 0.641032 0.027032 0.027170
0 0.652243 0.603385 0.022339 0.029703
0 0.229773 0.314069 0.024779 0.031775
0 0.354327 0.638384 0.023841 0.032466
0 0.865309 0.064817 0.024967 0.033387
0 0.379388 0.253166 0.025155 0.036611
0 0.502065 0.788741 0.021588 0.026940
0 0.872067 0.726226 0.025343 0.027631
0 0.745823 0.090490 0.024029 0.030854
0 0.766285 0.037301 0.024404 0.036841
0 0.329172 0.044324 0.023465 0.034769
0 0.228553 0.373359 0.021588 0.032006
0 0.895908 0.632052 0.023465 0.032696
0 0.670265 0.159913 0.023465 0.030624
0 0.791440 0.120769 0.026657 0.027861
0 0.304768 0.110638 0.026093 0.035229
0 0.134503 0.948077 0.023465 0.032927
0 0.916088 0.060557 0.027408 0.030394
0 0.625211 0.486415 0.024967 0.032927
0 0.455322 0.493898 0.026844 0.030854
0 0.553970 0.910776 0.022527 0.030163
0 0.720950 0.278379 0.025718 0.024407
0 0.254177 0.405250 0.022151 0.031315
0 0.644453 0.191227 0.024779 0.037071
0 0.870471 0.694911 0.023278 0.030854
0 0.820068 0.819940 0.022339 0.033157
0 0.458419 0.941860 0.026657 0.028321
0 0.622395 0.374511 0.025343 0.031545
0 0.279895 0.638959 0.026281 0.030854
0 0.503191 0.640111 0.024967 0.035920
0 0.306833 0.973981 0.026844 0.032696
0 0.205650 0.374511 0.021964 0.032006
0 0.675052 0.756390 0.021025 0.029473
0 0.725831 0.488948 0.024967 0.032927
0 0.815468 0.211375 0.024779 0.029933
0 0.767693 0.182017 0.022714 0.030624
0 0.572179 0.228529 0.024029 0.030163
0 0.277079 0.219434 0.021776 0.031775
0 0.132157 0.794957 0.024404 0.030624
0 0.502910 0.849298 0.022902 0.027400
0 0.577811 0.786323 0.027408 0.029012
0 0.769101 0.275961 0.024779 0.032927
0 0.603341 0.790352 0.021776 0.031545
0 0.255585 0.107990 0.025343 0.034538
0 0.578656 0.972254 0.023841 0.029242
0 0.253332 0.522565 0.024592 0.031545
0 0.601277 0.699747 0.020274 0.030854
0 0.871879 0.874741 0.025718 0.029473
0 0.697954 0.487221 0.023278 0.030854
0 0.278862 0.462468 0.024216 0.035229
0 0.156655 0.887520 0.024967 0.033387
0 0.156655 0.705964 0.023090 0.032696
0 0.770227 0.512664 0.021776 0.030624
0 0.677867 0.971333 0.023653 0.028782
0 0.547025 0.406401 0.023653 0.031315
0 0.082692 0.977895 0.022339 0.031775
0 0.967148 0.066314 0.022902 0.039604
0 0.594800 0.066659 0.026844 0.025098
0 0.328797 0.314759 0.025718 0.030394
0 0.693824 0.066429 0.024779 0.026479
0 0.357424 0.881303 0.026281 0.026479
0 0.627276 0.972254 0.021588 0.034308
0 0.795288 0.846650 0.020837 0.030394
0 0.551342 0.604536 0.022902 0.032466
0 0.791534 0.090951 0.028346 0.027170
0 0.181997 0.795188 0.024592 0.027400
0 0.303830 0.075984 0.025718 0.033617
0 0.645391 0.311996 0.024779 0.030854
0 0.870940 0.629864 0.025343 0.033848
0 0.840248 0.095441 0.022527 0.035229
0 0.743570 0.034538 0.019899 0.032236
0 0.815750 0.243610 0.020837 0.031775
0 0.403980 0.373590 0.023278 0.030624
0 0.676366 0.817868 0.023278 0.030854
0 0.330862 0.941976 0.023465 0.029012
0 0.645579 0.098780 0.025155 0.029473
0 0.326919 0.375662 0.024592 0.032466
0 0.254365 0.492171 0.025530 0.028321
0 0.455604 0.641147 0.022527 0.031085
0 0.645673 0.129979 0.023841 0.030624
0 0.228083 0.521989 0.024404 0.033157
0 0.404167 0.042482 0.027783 0.034308
0 0.696358 0.218167 0.025718 0.026479
0 0.182561 0.825466 0.025343 0.033617
0 0.644734 0.159797 0.027220 0.028552
0 0.820631 0.634354 0.021964 0.032236
0 0.134785 0.981695 0.024779 0.027861
0 0.599118 0.374511 0.018960 0.031085
0 0.280176 0.107875 0.023090 0.032006
0 0.628496 0.874280 0.025155 0.030394
0 0.650272 0.519341 0.022902 0.029242
0 0.728553 0.973060 0.023653 0.029473
0 0.601558 0.524062 0.022714 0.036380
0 0.748451 0.757886 0.021025 0.031085
0 0.814717 0.064356 0.022902 0.028782
0 0.549371 0.520262 0.025343 0.033848
0 0.817439 0.121920 0.025718 0.026479
0 0.206214 0.704352 0.018960 0.030394
0 0.502347 0.908819 0.020274 0.032236
0 0.870847 0.597859 0.025906 0.027861
0 0.703773 0.969376 0.024779 0.032696
0 0.522902 0.222887 0.025343 0.033157
0 0.157781 0.762606 0.024967 0.028552
0 0.697860 0.247410 0.026844 0.029703
0 0.575746 0.526249 0.023278 0.031545
0 0.180402 0.135275 0.023278 0.029242
0 0.152243 0.404674 0.019899 0.032927
0 0.794350 0.514851 0.024592 0.031775
0 0.620424 0.067810 0.021776 0.027861
0 0.753238 0.881303 0.023841 0.029242
0 0.772668 0.817407 0.019523 0.028552
0 0.627276 0.576330 0.025718 0.033157
0 0.844472 0.752245 0.026844 0.031315
0 0.892059 0.305779 0.023653 0.035459
0 0.720293 0.124338 0.027032 0.029933
0 0.329078 0.108796 0.023653 0.026940
0 0.725925 0.605802 0.025155 0.030394
0 0.403604 0.254893 0.022151 0.035459
0 0.596302 0.158646 0.025718 0.037301
0 0.766848 0.069652 0.021776 0.025098
0 0.869720 0.482846 0.023278 0.026249
0 0.277736 0.075869 0.024216 0.031085
0 0.842688 0.452337 0.022527 0.032006
0 0.667637 0.036726 0.021213 0.032006
0 0.718885 0.063896 0.021588 0.031545
0 0.701051 0.756159 0.024216 0.032236
0 0.329829 0.849758 0.022527 0.029242
0 0.132626 0.827308 0.023465 0.032236
0 0.257368 0.978011 0.019899 0.029703
0 0.672705 0.370136 0.021213 0.023716
0 0.842782 0.484458 0.024216 0.029012
0 0.845410 0.934723 0.022339 0.029703
0 0.644828 0.280566 0.025155 0.026940
0 0.722639 0.248791 0.024216 0.034769
0 0.526187 0.819364 0.022151 0.032466
0 0.798292 0.879116 0.022714 0.031775
0 0.670077 0.190767 0.023465 0.031085
0 0.866623 0.183629 0.023465 0.032927
0 0.792754 0.398342 0.022527 0.030394
0 0.433452 0.973981 0.025906 0.027631
0 0.843815 0.367143 0.024779 0.034308
0 0.381735 0.850794 0.024967 0.032236
0 0.917683 0.152775 0.027595 0.028321
0 0.942275 0.036150 0.024216 0.033157
0 0.281584 0.825121 0.025530 0.028321
0 0.720762 0.096132 0.024967 0.026019
0 0.329172 0.521414 0.024967 0.030163
0 0.790877 0.212986 0.022151 0.032236
0 0.574995 0.375547 0.025155 0.033157
0 0.627464 0.547663 0.025718 0.026479
0 0.700770 0.604651 0.026281 0.031775
0 0.281772 0.975248 0.023653 0.037992
0 0.331706 0.880728 0.021400 0.028091
0 0.841937 0.185356 0.024779 0.029933
0 0.503285 0.818789 0.022902 0.030394
0 0.896189 0.725420 0.022527 0.030163
0 0.598836 0.277688 0.023653 0.033157
0 0.304017 0.042943 0.023090 0.030624
0 0.672893 0.398112 0.021588 0.029012
0 0.499155 0.458784 0.022527 0.029242
0 0.628402 0.906516 0.025343 0.031315
0 0.795664 0.481695 0.026469 0.031775
0 0.595833 0.092332 0.026281 0.025328
0 0.429885 0.758807 0.025530 0.029242
0 0.502065 0.971679 0.021213 0.032696
0 0.454102 0.608566 0.021025 0.030394
0 0.303736 0.550196 0.025906 0.029242
0 0.332082 0.973290 0.024029 0.028091
0 0.747982 0.483652 0.020462 0.033387
0 0.430636 0.943703 0.025155 0.027400
0 0.625587 0.519457 0.023465 0.027170
0 0.255209 0.854594 0.018209 0.030624
0 0.253708 0.463389 0.024967 0.027400
0 0.792191 0.152775 0.025530 0.030624
0 0.255303 0.703776 0.022902 0.029242
0 0.208466 0.612825 0.023465 0.026019
0 0.726018 0.943933 0.021588 0.027861
0 0.455885 0.730946 0.021964 0.031085
0 0.721419 0.155998 0.025155 0.032006
0 0.870377 0.511513 0.024592 0.026479
0 0.407359 0.974902 0.025906 0.030394
0 0.182373 0.735091 0.023090 0.030163
0 0.278299 0.283099 0.023841 0.031085
0 0.770133 0.396845 0.022339 0.026019
0 0.644359 0.036726 0.023465 0.031085
0 0.228740 0.075869 0.022339 0.032927
0 0.748545 0.727032 0.019711 0.029242
0 0.328891 0.079668 0.023653 0.030854
0 0.891872 0.182478 0.021776 0.032927
0 0.254928 0.075639 0.024029 0.029242
0 0.870096 0.428506 0.025906 0.023947
0 0.204806 0.315105 0.024029 0.032006
0 0.154496 0.073912 0.020650 0.030394
0 0.209029 0.921713 0.023090 0.031775
0 0.207246 0.855630 0.022151 0.032696
0 0.082880 0.826272 0.026093 0.029703
0 0.751736 0.909510 0.023090 0.026249
0 0.770415 0.367603 0.019523 0.031085
0 0.157593 0.855054 0.023841 0.031085
0 0.789093 0.034884 0.021213 0.032006
0 0.523090 0.191342 0.027220 0.029933
0 0.822320 0.879231 0.024216 0.026940
0 0.645391 0.250748 0.025906 0.028552
0 0.943965 0.246373 0.025343 0.033157
0 0.207622 0.954064 0.022902 0.028782
0 0.107565 0.769054 0.023653 0.037301
0 0.278769 0.495740 0.022527 0.030854
0 0.131124 0.133548 0.026093 0.029012
0 0.626619 0.607414 0.024779 0.031315
0 0.058476 0.825812 0.021213 0.034308
0 0.232589 0.883376 0.022527 0.028321
0 0.181528 0.613286 0.021776 0.030163
0 0.817439 0.151393 0.024216 0.028321
0 0.602872 0.910431 0.023841 0.033617
0 0.575277 0.465231 0.023465 0.028782
0 0.767787 0.309694 0.021776 0.031315
0 0.647926 0.458899 0.021213 0.030394
0 0.651868 0.820516 0.026844 0.032927
0 0.942275 0.183859 0.021213 0.028321
0 0.603435 0.879346 0.021588 0.026249
0 0.697766 0.370481 0.024029 0.030854
0 0.304674 0.171886 0.025906 0.028782
0 0.576685 0.849413 0.021776 0.033617
0 0.082035 0.375317 0.017271 0.032236
0 0.675615 0.849988 0.022527 0.030163
0 0.180026 0.105112 0.022902 0.029703
0 0.697015 0.309694 0.019523 0.028091
0 0.820631 0.550081 0.023841 0.033157
0 0.352919 0.607644 0.024404 0.027631
0 0.748733 0.367718 0.023090 0.033157
0 0.817439 0.695372 0.023090 0.031775
0 0.915525 0.091066 0.024029 0.026019
0 0.797635 0.638614 0.025155 0.029242
0 0.280740 0.760880 0.024967 0.032466
0 0.380045 0.374396 0.024592 0.029473
0 0.869533 0.541791 0.026281 0.030394
0 0.428665 0.578863 0.023465 0.033157
0 0.701896 0.848607 0.024779 0.031545
0 0.204524 0.432650 0.021964 0.027631
0 0.405575 0.520953 0.024967 0.034308
0 0.179088 0.434953 0.021025 0.031775
0 0.600432 0.407092 0.019335 0.028091
0 0.722452 0.369675 0.020837 0.033387
0 0.156843 0.792194 0.021964 0.030163
0 0.750704 0.851140 0.020650 0.031545
0 0.672424 0.310154 0.026281 0.032696
0 0.527595 0.788395 0.026093 0.027631
0 0.279426 0.730486 0.021964 0.025098
0 0.329266 0.435759 0.025530 0.029242
0 0.353670 0.374396 0.023278 0.029933
0 0.576685 0.816371 0.022151 0.029703
0 0.892716 0.125259 0.025718 0.034538
0 0.083537 0.495740 0.022902 0.027631
0 0.502628 0.940479 0.020462 0.026940
0 0.206683 0.794036 0.022527 0.032006
0 0.839591 0.033387 0.022339 0.031315
0 0.330017 0.820055 0.021776 0.026479
0 0.917026 0.210799 0.026657 0.032006
0 0.277736 0.405135 0.023465 0.027400
0 0.867749 0.367603 0.020462 0.035229
0 0.329266 0.137693 0.024779 0.030854
0 0.893092 0.398457 0.024216 0.034308
0 0.205838 0.733019 0.021213 0.026479
0 0.355172 0.850564 0.020650 0.032236
0 0.131875 0.705618 0.023465 0.032006
0 0.840905 0.244071 0.020837 0.030854
0 0.792378 0.308773 0.024404 0.031775
0 0.354327 0.732443 0.022339 0.028552
0 0.329078 0.284135 0.022527 0.029012
0 0.356298 0.041791 0.024779 0.029703
0 0.251643 0.435068 0.020837 0.028321
0 0.601183 0.577596 0.023465 0.032466
0 0.182842 0.765830 0.021400 0.031775
0 0.845410 0.783099 0.023841 0.023486
0 0.380890 0.219088 0.022902 0.027861
0 0.441712 0.038222 0.035667 0.028552
0 0.110287 0.954064 0.024967 0.030624
0 0.178618 0.288510 0.021213 0.030394
0 0.773418 0.848262 0.020274 0.030394
0 0.767036 0.128252 0.021776 0.027631
0 0.158532 0.979277 0.018960 0.032236
0 0.156185 0.134239 0.022902 0.026249
0 0.280364 0.853788 0.026093 0.028552
0 0.430543 0.912618 0.024592 0.032927
0 0.206965 0.888441 0.021213 0.030624
0 0.301483 0.404214 0.020650 0.027861
0 0.279801 0.139995 0.024967 0.033617
0 0.652149 0.634354 0.023278 0.025789
0 0.821851 0.850564 0.022527 0.028552
0 0.919279 0.541216 0.024404 0.031085
0 0.180214 0.703201 0.018772 0.030854
0 0.770415 0.572646 0.022151 0.025328
0 0.575840 0.578057 0.021588 0.028321
0 0.354233 0.701243 0.019523 0.033387
0 0.841843 0.128713 0.024216 0.034078
0 0.722358 0.214944 0.025155 0.028782
0 0.406420 0.851946 0.024779 0.033617
0 0.405669 0.074833 0.025906 0.031315
0 0.552469 0.790467 0.022902 0.032236
0 0.354139 0.254778 0.027595 0.030624
0 0.130186 0.102349 0.026093 0.030624
0 0.528065 0.972600 0.021400 0.032236
0 0.643233 0.069192 0.023841 0.028321
0 0.520931 0.130785 0.021400 0.031315
0 0.356392 0.101773 0.026469 0.025328
0 0.355923 0.461778 0.026657 0.028782
0 0.845504 0.812687 0.024404 0.030624
0 0.795382 0.814069 0.021025 0.031545
0 0.822414 0.965807 0.025906 0.028782
0 0.724517 0.695948 0.023090 0.030624
0 0.229961 0.135966 0.021776 0.029242
0 0.155810 0.524407 0.024779 0.031545
0 0.919936 0.602924 0.021964 0.027400
0 0.576122 0.728874 0.026281 0.028782
0 0.600432 0.458899 0.023465 0.037301
0 0.767036 0.098895 0.019148 0.031085
0 0.701239 0.909394 0.023090 0.026479
0 0.255960 0.944854 0.021964 0.028782
0 0.304111 0.756159 0.022151 0.027170
0 0.356298 0.072876 0.025906 0.030624
0 0.694763 0.094635 0.022527 0.024868
0 0.724986 0.729219 0.021776 0.031775
0 0.499812 0.521874 0.024967 0.026940
0 0.650084 0.787935 0.022151 0.029012
0 0.255491 0.793346 0.025530 0.028782
0 0.182936 0.892125 0.024967 0.026940
0 0.204243 0.494819 0.022527 0.031315
0 0.725831 0.811075 0.026093 0.030624
0 0.157500 0.611789 0.023653 0.033617
0 0.229773 0.194911 0.018772 0.026479
0 0.405294 0.607760 0.018772 0.032466
0 0.552375 0.880958 0.022339 0.028091
0 0.253614 0.641837 0.020274 0.027861
0 0.751455 0.937486 0.019523 0.026940
0 0.452506 0.374050 0.020837 0.029703
0 0.277548 0.579668 0.020837 0.028321
0 0.331143 0.911467 0.023278 0.028782
0 0.820349 0.788280 0.022527 0.030624
0 0.701427 0.817638 0.024592 0.031775
0 0.547869 0.375201 0.024592 0.032466
0 0.455697 0.880958 0.023090 0.028552
0 0.081378 0.407668 0.020086 0.031085
0 0.525249 0.522335 0.021025 0.032466
0 0.671673 0.252245 0.025155 0.028782
0 0.750047 0.822128 0.019335 0.026019
0 0.277454 0.375201 0.022527 0.032466
0 0.209405 0.983422 0.023841 0.025789
0 0.725831 0.760995 0.020837 0.030854
0 0.793786 0.574948 0.021213 0.034078
0 0.253614 0.580359 0.020274 0.028782
0 0.430355 0.729795 0.024967 0.029242
0 0.547400 0.312227 0.028909 0.029012
0 0.181904 0.580244 0.020650 0.035459
0 0.692322 0.035690 0.024779 0.031775
0 0.817909 0.397882 0.025155 0.028552
0 0.745260 0.246604 0.024029 0.030854
0 0.648677 0.488602 0.022714 0.029473
0 0.181528 0.947502 0.021776 0.034078
0 0.105219 0.734861 0.023841 0.029703
0 0.454946 0.911121 0.020086 0.028552
0 0.305144 0.788395 0.025343 0.030394
0 0.278018 0.550426 0.022527 0.029242
0 0.726488 0.635621 0.024029 0.029703
0 0.550497 0.488372 0.026844 0.026249
0 0.725831 0.844923 0.024967 0.031545
0 0.698986 0.516578 0.025343 0.025558
0 0.330298 0.580474 0.024216 0.030854
0 0.700300 0.725996 0.022714 0.027170
0 0.844284 0.398688 0.024216 0.031085
0 0.696358 0.278494 0.021213 0.028782
0 0.768631 0.212756 0.023465 0.028091
0 0.602027 0.732328 0.021776 0.032006
0 0.551905 0.636426 0.020650 0.023947
0 0.356392 0.975823 0.020462 0.033617
0 0.355266 0.817868 0.023090 0.028091
0 0.943308 0.128713 0.026281 0.028552
0 0.670077 0.069883 0.023841 0.032466
0 0.648020 0.427700 0.021025 0.027400
0 0.305144 0.820401 0.025718 0.029473
0 0.105313 0.134354 0.025906 0.029242
0 0.547025 0.226571 0.023278 0.029012
0 0.328327 0.224960 0.023278 0.035920
0 0.675521 0.785056 0.022339 0.028321
0 0.673925 0.487336 0.022527 0.032927
0 0.382016 0.883721 0.021400 0.024868
0 0.603811 0.941285 0.024592 0.027631
0 0.942463 0.307046 0.021588 0.034308
0 0.129060 0.493668 0.024592 0.027170
0 0.820068 0.606033 0.022714 0.023947
0 0.155153 0.162445 0.022714 0.029242
0 0.699925 0.544324 0.026469 0.028552
0 0.253801 0.252936 0.022151 0.030624
0 0.230618 0.760880 0.024216 0.029242
0 0.796790 0.908934 0.023465 0.029703
0 0.627464 0.819134 0.022714 0.030624
0 0.280833 0.884297 0.023278 0.032006
0 0.772574 0.696408 0.021964 0.028321
0 0.816032 0.275731 0.022527 0.027400
0 0.154590 0.224269 0.021213 0.028091
0 0.697109 0.401796 0.024592 0.029473
0 0.231650 0.638268 0.021776 0.027631
0 0.671485 0.131936 0.026281 0.026249
0 0.519429 0.070458 0.025155 0.029933
0 0.355172 0.311766 0.023278 0.028091
0 0.106533 0.864495 0.019711 0.030163
0 0.253520 0.314069 0.021588 0.030394
0 0.817909 0.725766 0.021025 0.026249
0 0.129153 0.192724 0.027032 0.030854
0 0.577154 0.637693 0.025343 0.034308
0 0.670265 0.102464 0.023841 0.030394
0 0.627933 0.938522 0.024779 0.029473
0 0.670546 0.222197 0.028158 0.031775
0 0.403604 0.404329 0.022902 0.029012
0 0.942932 0.600276 0.024404 0.032236
0 0.770133 0.425397 0.021588 0.024637
0 0.256805 0.884872 0.024029 0.031315
0 0.894969 0.515197 0.023465 0.032466
0 0.454853 0.524522 0.025155 0.026710
0 0.744415 0.062860 0.020462 0.021644
0 0.621457 0.404329 0.020837 0.028552
0 0.256336 0.914115 0.024216 0.027170
0 0.081190 0.762837 0.021588 0.029012
0 0.182561 0.859314 0.022339 0.035920
0 0.405106 0.578632 0.023653 0.027631
0 0.406326 0.882455 0.022339 0.022795
0 0.352262 0.491250 0.022339 0.029242
0 0.700300 0.879576 0.020462 0.029473
0 0.773888 0.605802 0.023465 0.035459
0 0.207809 0.643334 0.027783 0.032696
0 0.603717 0.761685 0.025530 0.027170
0 0.252863 0.221621 0.019523 0.030163
0 0.746199 0.452913 0.019523 0.026249
0 0.724329 0.401451 0.024967 0.028321
0 0.894594 0.483422 0.024967 0.032006
0 0.127933 0.223578 0.024216 0.028552
0 0.551342 0.849988 0.022527 0.032927
0 0.151586 0.465001 0.023465 0.028782
0 0.281772 0.914115 0.022902 0.024407
0 0.252206 0.374165 0.019711 0.030394
0 0.304862 0.639650 0.019899 0.034538
0 0.280458 0.792885 0.022902 0.032006
0 0.452600 0.404444 0.020650 0.028321
0 0.108785 0.982846 0.023841 0.026019
0 0.916839 0.122266 0.024029 0.027170
0 0.942838 0.100046 0.025718 0.032006
0 0.354609 0.550771 0.025530 0.026249
0 0.330768 0.790698 0.023278 0.031315
0 0.648020 0.400414 0.022151 0.029012
0 0.770978 0.451416 0.024029 0.024637
0 0.500939 0.431844 0.024592 0.023716
0 0.673831 0.519687 0.023090 0.030394
0 0.404543 0.730371 0.022527 0.028091
0 0.816876 0.094175 0.024592 0.026249
0 0.353388 0.434147 0.021213 0.025098
0 0.893843 0.246949 0.023465 0.032466
0 0.129717 0.551232 0.024029 0.028552
0 0.204900 0.070343 0.021213 0.031085
0 0.552093 0.820401 0.021776 0.027170
0 0.131031 0.312802 0.023278 0.030624
0 0.204524 0.222657 0.020086 0.030394
0 0.626431 0.698365 0.020650 0.029933
0 0.304580 0.256850 0.024967 0.030624
0 0.378825 0.463044 0.019523 0.028091
0 0.379857 0.583122 0.023841 0.028321
0 0.204055 0.583468 0.020274 0.030854
0 0.180589 0.492402 0.025155 0.025558
0 0.253144 0.192954 0.020837 0.024407
0 0.865403 0.125489 0.021400 0.030394
0 0.429698 0.880497 0.021400 0.025789
0 0.771823 0.544094 0.023465 0.029933
0 0.941337 0.485264 0.020462 0.037071
0 0.501314 0.606954 0.024216 0.028552
0 0.577436 0.879231 0.020650 0.026479
0 0.942557 0.213562 0.022151 0.029242
0 0.942181 0.154962 0.022527 0.030394
0 0.103717 0.434032 0.019711 0.030394
0 0.328327 0.491365 0.021776 0.029012
0 0.795476 0.450610 0.024592 0.023486
0 0.127652 0.462929 0.021776 0.032466
0 0.130186 0.523026 0.025718 0.031085
0 0.553501 0.942666 0.023090 0.031315
0 0.380608 0.551923 0.025343 0.032696
0 0.841186 0.215634 0.024029 0.025098
0 0.354984 0.785632 0.021776 0.028091
0 0.677492 0.910315 0.023653 0.029242
0 0.602309 0.820516 0.024967 0.027861
0 0.230711 0.792885 0.023278 0.028782
0 0.520180 0.161755 0.023653 0.026019
0 0.872255 0.816371 0.026844 0.032006
0 0.381453 0.787589 0.024029 0.026479
0 0.675990 0.636311 0.024029 0.032927
0 0.792191 0.368064 0.023653 0.031085
0 0.624836 0.431269 0.024216 0.028091
0 0.082317 0.163481 0.027595 0.029933
0 0.277924 0.522910 0.023090 0.020723
0 0.207434 0.161870 0.024029 0.030394
0 0.626807 0.786553 0.019148 0.029473
0 0.306458 0.880728 0.027220 0.026710
0 0.745166 0.160258 0.020462 0.027631
0 0.795664 0.969952 0.021213 0.025558
0 0.205932 0.283329 0.024779 0.026479
0 0.157781 0.948077 0.023090 0.027400
0 0.427351 0.790467 0.022339 0.033617
0 0.498780 0.490905 0.023653 0.033157
0 0.792566 0.182708 0.025155 0.026019
0 0.329548 0.194451 0.022714 0.022795
0 0.326826 0.406631 0.021776 0.028091
0 0.744791 0.311536 0.021213 0.026710
0 0.502065 0.730831 0.023465 0.031775
0 0.726112 0.879346 0.023653 0.037301
0 0.079876 0.224614 0.024592 0.031085
0 0.456824 0.971563 0.022339 0.030163
0 0.797165 0.938752 0.023090 0.030394
0 0.600619 0.610292 0.023090 0.032466
0 0.452318 0.432420 0.019711 0.026710
0 0.441430 0.163136 0.035104 0.025558
0 0.380608 0.818904 0.021213 0.029703
0 0.129529 0.282524 0.021776 0.029473
0 0.204806 0.462929 0.020650 0.032006
0 0.699268 0.456942 0.023653 0.031085
0 0.382298 0.943703 0.023465 0.027400
0 0.649991 0.756965 0.021588 0.027400
0 0.254552 0.609947 0.020650 0.025789
0 0.303548 0.460396 0.023278 0.028782
0 0.794819 0.609256 0.022151 0.029012
0 0.918341 0.454294 0.021400 0.027631
0 0.771823 0.787014 0.021964 0.026710
0 0.891590 0.215174 0.024592 0.032927
0 0.871128 0.844693 0.022714 0.031545
0 0.767787 0.242920 0.021025 0.026710
0 0.846255 0.905595 0.021400 0.026249
0 0.968556 0.397306 0.023841 0.034769
0 0.256242 0.760534 0.022527 0.026249
0 0.819598 0.454755 0.022902 0.025789
0 0.675333 0.880267 0.020462 0.028091
0 0.103435 0.221621 0.021400 0.030624
0 0.130374 0.581280 0.021213 0.030624
0 0.278393 0.431959 0.022151 0.023486
0 0.652994 0.941976 0.020462 0.029012
0 0.130937 0.373129 0.022714 0.026940
0 0.253895 0.283560 0.018585 0.028782
0 0.843908 0.602809 0.021213 0.038683
0 0.180402 0.190536 0.021776 0.029703
0 0.305237 0.943012 0.022902 0.027400
0 0.180402 0.521989 0.022527 0.027631
0 0.702084 0.637578 0.024779 0.031315
0 0.524029 0.460972 0.025343 0.031315
0 0.230711 0.164978 0.021776 0.029242
0 0.845973 0.845153 0.020462 0.030163
0 0.724235 0.427124 0.022151 0.026249
0 0.870753 0.787014 0.022714 0.026710
0 0.303079 0.579553 0.022714 0.024868
0 0.548902 0.460511 0.024029 0.027631
0 0.231275 0.915611 0.019899 0.031085
0 0.082035 0.794382 0.024404 0.025328
0 0.790877 0.246489 0.021776 0.031085
0 0.868031 0.154156 0.023278 0.027400
0 0.603529 0.973636 0.022527 0.035229
0 0.302515 0.286323 0.019711 0.029242
0 0.696921 0.189500 0.026844 0.033157
0 0.278675 0.607644 0.023465 0.028091
0 0.353952 0.221621 0.022339 0.033848
0 0.302234 0.374165 0.019148 0.031315
0 0.651680 0.546857 0.021588 0.026249
0 0.619955 0.037301 0.021588 0.027170
0 0.056786 0.948192 0.020462 0.029473
0 0.105594 0.253281 0.023841 0.030854
0 0.354796 0.758462 0.022527 0.023947
0 0.405857 0.911006 0.018772 0.032006
0 0.058663 0.979162 0.018585 0.030624
0 0.774169 0.967649 0.021776 0.029703
0 0.380420 0.613401 0.023841 0.029933
0 0.204900 0.102464 0.024592 0.024407
0 0.725549 0.913769 0.019523 0.031545
0 0.356110 0.162445 0.023653 0.028321
0 0.747607 0.426548 0.018585 0.023716
0 0.767505 0.154501 0.021964 0.023947
0 0.179745 0.319825 0.026093 0.031315
0 0.428947 0.699862 0.024404 0.030163
0 0.841843 0.156344 0.022714 0.027170
0 0.845129 0.967419 0.021025 0.030624
0 0.598742 0.491020 0.021964 0.030163
0 0.379013 0.432190 0.023278 0.031315
0 0.817815 0.756735 0.020462 0.032466
0 0.106814 0.833410 0.021776 0.030163
0 0.080158 0.193069 0.022527 0.029703
0 0.575934 0.436795 0.027032 0.029012
0 0.968369 0.274580 0.023841 0.033387
0 0.918528 0.364725 0.024029 0.029012
0 0.918716 0.511398 0.021400 0.023947
0 0.770884 0.726341 0.019711 0.030624
0 0.694481 0.158876 0.023090 0.026710
0 0.699549 0.573912 0.024592 0.028321
0 0.354515 0.522220 0.023841 0.029012
0 0.701614 0.940018 0.022714 0.024177
0 0.917026 0.241423 0.021400 0.022335
0 0.403698 0.221276 0.021964 0.032236
0 0.895626 0.600046 0.022902 0.031315
0 0.699737 0.787129 0.024592 0.026019
0 0.500094 0.225881 0.021400 0.031775
0 0.867937 0.401105 0.020462 0.028091
0 0.870002 0.905941 0.023090 0.029703
0 0.180871 0.227838 0.021588 0.035690
0 0.821476 0.907322 0.021776 0.028782
0 0.354327 0.191458 0.021588 0.025098
0 0.206683 0.130900 0.019899 0.027861
0 0.456730 0.762031 0.024779 0.031545
0 0.644359 0.223118 0.022339 0.025789
0 0.818847 0.516233 0.020650 0.034538
0 0.917871 0.483537 0.020086 0.025789
0 0.107941 0.802901 0.023653 0.028091
0 0.131218 0.613055 0.026657 0.030163
0 0.427445 0.406171 0.019523 0.025789
0 0.941337 0.453258 0.021213 0.026479
0 0.453820 0.791388 0.021964 0.028552
0 0.550404 0.726341 0.022902 0.030163
0 0.894781 0.571955 0.021964 0.023947
0 0.231181 0.552383 0.026093 0.029933
0 0.577060 0.698595 0.020650 0.030854
0 0.428290 0.491250 0.023090 0.026479
0 0.426600 0.611213 0.018960 0.028782
0 0.132063 0.916187 0.018209 0.028552
0 0.893561 0.428621 0.021776 0.026940
0 0.281584 0.940939 0.021400 0.025098
0 0.894875 0.695602 0.019148 0.029473
0 0.303642 0.141953 0.021213 0.027861
0 0.227145 0.490560 0.021776 0.027861
0 0.356392 0.943012 0.021588 0.029703
0 0.576216 0.757656 0.018960 0.027400
0 0.157030 0.919411 0.018960 0.028552
0 0.769382 0.478586 0.020086 0.027861
0 0.235217 0.974557 0.027032 0.025098
0 0.866154 0.277458 0.022527 0.027631
0 0.867468 0.217246 0.022902 0.030624
0 0.748451 0.399954 0.017646 0.029933
0 0.774732 0.935759 0.022527 0.028091
0 0.651962 0.912733 0.021025 0.027631
0 0.545617 0.039374 0.021964 0.031315
0 0.353482 0.405941 0.019148 0.030854
0 0.627464 0.728298 0.020462 0.026710
0 0.156936 0.555031 0.024779 0.031545
0 0.572461 0.258807 0.021213 0.032696
0 0.301952 0.316832 0.020086 0.028552
0 0.897503 0.815911 0.024029 0.029242
0 0.818472 0.579899 0.024404 0.025558
0 0.079970 0.133663 0.022902 0.030163
0 0.382016 0.642413 0.024779 0.026249
0 0.650742 0.728644 0.023465 0.029242
0 0.428290 0.374511 0.020462 0.032927
0 0.545523 0.196178 0.021025 0.029012
0 0.893561 0.362192 0.024029 0.030394
0 0.748733 0.572991 0.017834 0.025558
0 0.303454 0.523026 0.024216 0.023256
0 0.404074 0.432305 0.022339 0.025558
0 0.503191 0.877044 0.024592 0.027631
0 0.429885 0.821207 0.024029 0.027861
0 0.845973 0.875432 0.020462 0.027631
0 0.889056 0.035344 0.024029 0.026940
0 0.356392 0.910200 0.023090 0.025328
0 0.672893 0.548699 0.018585 0.026249
0 0.254458 0.139074 0.021964 0.028552
0 0.821663 0.936680 0.022902 0.029473
0 0.204993 0.550196 0.018772 0.030163
0 0.844565 0.691918 0.022151 0.030394
0 0.526563 0.852521 0.021776 0.032006
0 0.180308 0.549275 0.019711 0.026019
0 0.228271 0.701243 0.018397 0.027400
0 0.130749 0.643449 0.024967 0.030163
0 0.966585 0.362192 0.021400 0.030854
0 0.155716 0.192033 0.024967 0.027170
0 0.750610 0.629173 0.022339 0.038913
0 0.651117 0.573567 0.018585 0.027631
0 0.106251 0.284941 0.024779 0.028321
0 0.576779 0.605572 0.019711 0.028091
0 0.500657 0.698250 0.019899 0.028321
0 0.775108 0.878770 0.021400 0.022795
0 0.354702 0.577942 0.020462 0.028091
0 0.941618 0.067120 0.023653 0.029242
0 0.230242 0.042943 0.023465 0.034308
0 0.725268 0.518305 0.023841 0.026249
0 0.404074 0.789892 0.020462 0.028321
0 0.205181 0.039604 0.019523 0.024868
0 0.749671 0.696753 0.023465 0.028091
0 0.179651 0.163366 0.021776 0.024637
0 0.108785 0.895924 0.026469 0.028091
0 0.205557 0.255123 0.024029 0.029012
0 0.843721 0.309464 0.025718 0.032696
0 0.179182 0.402947 0.019335 0.030394
0 0.745166 0.280566 0.022339 0.031545
0 0.155622 0.105457 0.025906 0.027170
0 0.547775 0.433686 0.022902 0.021874
0 0.455510 0.578402 0.026844 0.027631
0 0.254834 0.823164 0.019711 0.026249
0 0.943871 0.571840 0.023278 0.023256
0 0.181340 0.643564 0.020274 0.025789
0 0.497841 0.132167 0.020274 0.033157
0 0.380796 0.973290 0.021964 0.029012
0 0.500188 0.578287 0.021964 0.028782
0 0.105219 0.373359 0.020086 0.028782
0 0.328327 0.551232 0.020274 0.028091
0 0.889150 0.062745 0.026093 0.024637
0 0.894406 0.782524 0.023465 0.033387
0 0.230524 0.106954 0.020274 0.026940
0 0.153839 0.284941 0.021213 0.028782
0 0.844565 0.637808 0.023653 0.025328
0 0.694575 0.124568 0.022902 0.029933
0 0.672330 0.279991 0.025343 0.025328
0 0.816125 0.180636 0.023465 0.026019
0 0.379200 0.403178 0.022902 0.028091
0 0.229867 0.579668 0.022339 0.026940
0 0.843627 0.514851 0.025906 0.027631
0 0.919185 0.694911 0.023465 0.029473
0 0.404355 0.134584 0.023653 0.035690
0 0.744697 0.127101 0.022527 0.040064
0 0.673174 0.426433 0.020274 0.021184
0 0.894969 0.544670 0.021588 0.028321
0 0.181528 0.039604 0.024779 0.029012
0 0.327952 0.464195 0.021776 0.027631
0 0.081472 0.105687 0.023653 0.026249
0 0.129810 0.071494 0.024967 0.023716
0 0.526563 0.604191 0.022902 0.030394
0 0.673550 0.456021 0.022151 0.029703
0 0.675896 0.727262 0.022714 0.028321
0 0.128684 0.162676 0.025343 0.028782
0 0.108598 0.924591 0.020462 0.026479
0 0.105219 0.402602 0.021588 0.026479
0 0.229397 0.252015 0.019148 0.029242
0 0.156561 0.824085 0.021400 0.027631
0 0.794162 0.426779 0.023465 0.023256
0 0.179745 0.259613 0.019335 0.024637
0 0.919748 0.573452 0.022714 0.031085
0 0.329735 0.168777 0.025343 0.028091
0 0.129623 0.253051 0.019335 0.024868
0 0.789656 0.063435 0.023841 0.017269
0 0.625023 0.457518 0.021588 0.023947
0 0.327858 0.637463 0.023090 0.029703
0 0.518960 0.038798 0.022714 0.029703
0 0.527314 0.636542 0.021776 0.032006
0 0.772574 0.756965 0.021964 0.028782
0 0.082410 0.436104 0.020274 0.023947
0 0.453069 0.699977 0.021213 0.028091
0 0.206120 0.760995 0.019148 0.026710
0 0.054440 0.162100 0.020274 0.024868
0 0.305613 0.912503 0.021400 0.032696
0 0.231369 0.606033 0.022339 0.027170
0 0.499249 0.102118 0.020086 0.023716
0 0.380984 0.912733 0.022714 0.028552
0 0.329641 0.760995 0.022151 0.028091
0 0.603717 0.849873 0.025155 0.030854
0 0.890276 0.091411 0.021213 0.029473
0 0.454383 0.850104 0.021964 0.026710
0 0.354890 0.131821 0.025343 0.034769
0 0.233152 0.853327 0.025155 0.029012
0 0.301295 0.430923 0.018397 0.025098
0 0.306082 0.851255 0.023465 0.031315
0 0.104656 0.101543 0.018960 0.026249
0 0.868219 0.453028 0.023653 0.027861
0 0.104843 0.492171 0.023090 0.031545
0 0.818003 0.365070 0.026469 0.027861
0 0.500845 0.549390 0.022902 0.026710
0 0.152431 0.494013 0.019899 0.029242
0 0.180026 0.464771 0.021400 0.023256
0 0.653557 0.970988 0.021588 0.029012
0 0.896565 0.751439 0.021025 0.020953
0 0.156279 0.643910 0.019335 0.028321
0 0.153557 0.315450 0.019899 0.028091
0 0.305425 0.701589 0.025155 0.029012
0 0.844565 0.721851 0.022902 0.025328
0 0.131969 0.736818 0.022527 0.025789
0 0.380514 0.758922 0.021400 0.028091
0 0.941806 0.518536 0.021400 0.026249
0 0.404167 0.551692 0.019899 0.025789
0 0.867374 0.247064 0.021964 0.029473
0 0.102872 0.314414 0.020274 0.031545
0 0.744603 0.188349 0.017834 0.028091
0 0.577342 0.911121 0.021213 0.025789
0 0.404543 0.820861 0.019148 0.027170
0 0.818472 0.485033 0.018021 0.029242
0 0.378074 0.520953 0.019148 0.028321
0 0.253801 0.167396 0.019523 0.026249
0 0.302891 0.227723 0.021213 0.024868
0 0.649052 0.698250 0.021588 0.032466
0 0.943214 0.394773 0.018960 0.030624
0 0.254271 0.552498 0.019335 0.028321
0 0.055191 0.134239 0.023653 0.029473
0 0.722264 0.185356 0.024216 0.027170
0 0.128684 0.430808 0.021588 0.024868
0 0.818096 0.427009 0.024029 0.025098
0 0.152525 0.373590 0.018209 0.028321
0 0.844472 0.425743 0.023090 0.021184
0 0.625868 0.635966 0.020274 0.028552
0 0.055754 0.189961 0.022151 0.025328
0 0.151305 0.435528 0.019899 0.028321
0 0.550779 0.573797 0.023278 0.029012
0 0.229491 0.404904 0.023465 0.028321
0 0.919279 0.630555 0.020650 0.025558
0 0.228177 0.461087 0.021588 0.028321
0 0.427539 0.460511 0.022714 0.028552
0 0.404355 0.759959 0.018772 0.028782
0 0.379013 0.492171 0.019148 0.026940
0 0.405012 0.640456 0.017458 0.028782
0 0.752769 0.966958 0.022902 0.027861
0 0.429041 0.520608 0.018960 0.027170
0 0.084006 0.925627 0.024216 0.027170
0 0.942463 0.631015 0.022714 0.030163
0 0.968087 0.098204 0.025155 0.024177
0 0.942463 0.544554 0.019711 0.027170
0 0.380045 0.729680 0.020086 0.028091
0 0.182091 0.918835 0.020650 0.022795
0 0.277642 0.314299 0.019523 0.025789
0 0.155435 0.255929 0.026281 0.028782
0 0.840905 0.278034 0.021213 0.025098
0 0.575089 0.495165 0.021588 0.030624
0 0.381359 0.700783 0.022714 0.030624
0 0.594612 0.039028 0.025718 0.028321
0 0.698423 0.429887 0.022714 0.027631
0 0.772949 0.637117 0.019335 0.022565
0 0.379106 0.189961 0.022339 0.026249
0 0.942932 0.276652 0.022151 0.024637
0 0.278112 0.251784 0.019335 0.024637
0 0.893655 0.455791 0.024967 0.027861
0 0.131500 0.856666 0.023841 0.021874
0 0.526469 0.729450 0.022339 0.032696
0 0.918153 0.275386 0.025906 0.036841
0 0.795007 0.782869 0.023653 0.029933
0 0.871222 0.755699 0.024404 0.031775
0 0.725080 0.576905 0.023465 0.027861
0 0.428665 0.849528 0.020462 0.027861
0 0.404167 0.102694 0.025155 0.024407
0 0.723672 0.456136 0.019899 0.032236
0 0.598930 0.243841 0.024592 0.036841
0 0.791628 0.276767 0.021776 0.031315
0 0.545804 0.253396 0.025343 0.024637
0 0.230430 0.823394 0.022714 0.020723
0 0.060353 0.915726 0.024592 0.031775
0 0.646799 0.371978 0.018960 0.024637
0 0.327013 0.607299 0.019523 0.019572
0 0.866341 0.096362 0.025155 0.031085
0 0.793505 0.724845 0.017271 0.026710
0 0.891684 0.275961 0.019523 0.024637
0 0.794068 0.543979 0.019523 0.021874
0 0.106063 0.705618 0.026281 0.031545
0 0.081190 0.733364 0.018209 0.026710
0 0.179182 0.372093 0.022714 0.026249
0 0.205557 0.191803 0.019523 0.025789
0 0.207622 0.824430 0.017646 0.025558
0 0.967899 0.484343 0.025155 0.028321
0 0.674207 0.604306 0.018960 0.028321
0 0.551248 0.758117 0.020086 0.032006
0 0.156467 0.582431 0.020086 0.022795
0 0.546743 0.281948 0.025343 0.028321
0 0.890370 0.154271 0.020274 0.023947
0 0.699643 0.696293 0.022151 0.026710
0 0.896940 0.846074 0.021400 0.029703
0 0.230242 0.283329 0.017458 0.025098
0 0.402384 0.489293 0.018960 0.027631
0 0.725831 0.548354 0.023090 0.032927
0 0.917120 0.182938 0.025343 0.026479
0 0.749014 0.545015 0.020650 0.030854
0 0.868500 0.570688 0.023090 0.022335
0 0.204336 0.404214 0.018960 0.025558
0 0.277454 0.168432 0.020274 0.022795
0 0.303454 0.199171 0.020086 0.026249
0 0.969683 0.241653 0.024216 0.030163
0 0.597240 0.187889 0.025718 0.021644
0 0.918528 0.426779 0.022527 0.027400
0 0.839121 0.063551 0.019148 0.023026
0 0.527689 0.940018 0.021025 0.032466
0 0.204149 0.522220 0.018960 0.023486
0 0.862493 0.032466 0.021213 0.029473
0 0.744509 0.217476 0.021025 0.027861
0 0.774357 0.905710 0.021400 0.027861
0 0.353764 0.283675 0.018585 0.025789
0 0.941337 0.425743 0.017458 0.026710
0 0.523841 0.490905 0.017834 0.028552
0 0.104092 0.188464 0.020837 0.030624
0 0.254646 0.731867 0.022339 0.020953
0 0.104280 0.522910 0.019335 0.031775
0 0.083349 0.464195 0.017646 0.029012
0 0.626901 0.756274 0.018960 0.026479
0 0.525624 0.551462 0.020274 0.028552
0 0.677774 0.698020 0.021213 0.029242
0 0.866623 0.306240 0.019335 0.023486
0 0.577623 0.939328 0.021400 0.031085
0 0.328609 0.731867 0.020462 0.029703
0 0.057068 0.792540 0.018772 0.025328
0 0.575652 0.553650 0.021964 0.021414
0 0.917214 0.306585 0.022151 0.032927
0 0.229867 0.731752 0.023841 0.019802
0 0.428196 0.548584 0.019148 0.024637
0 0.453914 0.820516 0.023653 0.022795
0 0.402947 0.459130 0.022714 0.021184
0 0.132720 0.885793 0.020274 0.029012
0 0.523935 0.374511 0.021025 0.029242
0 0.650648 0.881303 0.021776 0.033387
0 0.104843 0.462353 0.019335 0.022105
0 0.454571 0.551002 0.022714 0.022565
0 0.915431 0.033157 0.020837 0.020262
0 0.550779 0.549044 0.022902 0.021874
0 0.500845 0.315565 0.022151 0.033387
0 0.329454 0.701128 0.018397 0.030394
0 0.228365 0.223463 0.021588 0.020493
0 0.128684 0.401566 0.017458 0.025328
0 0.650460 0.850910 0.020650 0.027400
0 0.673738 0.572991 0.021025 0.028321
0 0.131875 0.764218 0.020837 0.025328
0 0.277924 0.191803 0.023090 0.023026
0 0.228553 0.432535 0.020462 0.028321
0 0.497090 0.163251 0.016520 0.026710
0 0.523372 0.403868 0.019899 0.026710
0 0.544960 0.168662 0.022151 0.026479
0 0.718697 0.033042 0.022339 0.028782
0 0.405669 0.165208 0.023653 0.021874
0 0.304111 0.728644 0.023653 0.019572
0 0.969120 0.539489 0.023465 0.027170
0 0.545898 0.138614 0.024029 0.031315
0 0.967524 0.033042 0.026657 0.028321
0 0.499718 0.257771 0.019899 0.026940
0 0.967618 0.452107 0.023841 0.032927
0 0.523935 0.430808 0.019523 0.024868
0 0.103248 0.553880 0.020650 0.031545
0 0.944059 0.361616 0.021776 0.027861
0 0.502159 0.758807 0.021400 0.024637
0 0.303360 0.606263 0.020274 0.030854
0 0.156092 0.735436 0.022339 0.020262
0 0.750986 0.597743 0.022339 0.022105
0 0.600526 0.431729 0.021776 0.017499
0 0.965741 0.123878 0.021213 0.028091
0 0.427727 0.432305 0.023841 0.024177
0 0.404074 0.699977 0.020086 0.028552
0 0.156185 0.046512 0.021025 0.023947
0 0.601370 0.553419 0.023090 0.018651
0 0.054909 0.223233 0.023841 0.033387
0 0.032664 0.823970 0.020274 0.025558
0 0.500657 0.403868 0.026657 0.028091
0 0.528158 0.910431 0.022339 0.022565
0 0.749484 0.791504 0.018960 0.034769
0 0.232589 0.944624 0.024029 0.017269
0 0.747888 0.514046 0.019523 0.027861
0 0.499155 0.192609 0.019148 0.030163
0 0.081847 0.526825 0.018021 0.034078
0 0.029942 0.165554 0.023090 0.026710
0 0.967336 0.153005 0.022151 0.024177
0 0.034916 0.980198 0.022902 0.029933
0 0.527689 0.884642 0.021025 0.028091
0 0.604374 0.639650 0.019335 0.022105
0 0.543270 0.104997 0.022902 0.030854
0 0.627839 0.846995 0.020837 0.020032
0 0.968369 0.568731 0.022714 0.029933
0 0.967712 0.512894 0.022902 0.022795
0 0.056317 0.859544 0.025906 0.032236
0 0.525530 0.576330 0.019335 0.024407
0 0.867937 0.935989 0.019335 0.027631
0 0.842876 0.542943 0.020274 0.024868
0 0.083067 0.950035 0.024592 0.015657
0 0.793693 0.695142 0.021025 0.027631
0 0.527877 0.698365 0.023653 0.026249
0 0.056411 0.762491 0.023465 0.021874
0 0.076873 0.260074 0.024967 0.036611
0 0.921344 0.814759 0.020274 0.030163
0 0.104186 0.160028 0.021025 0.023947
0 0.920030 0.783445 0.024029 0.031085
0 0.501314 0.372323 0.025718 0.032696
0 0.279426 0.699862 0.023465 0.022795
0 0.496433 0.071149 0.019711 0.031775
0 0.551624 0.968915 0.023090 0.018881
0 0.497372 0.039719 0.018209 0.030624
0 0.968463 0.181211 0.021776 0.029933
0 0.525624 0.756044 0.023653 0.017269
0 0.967993 0.598549 0.021964 0.028782
0 0.081659 0.864264 0.021776 0.043058
0 0.968838 0.309694 0.024029 0.027170
0 0.968087 0.424016 0.024029 0.017730
0 0.079876 0.319825 0.024216 0.042828
0 0.795100 0.753627 0.021588 0.022105
0 0.551999 0.693300 0.023465 0.032236
0 0.725737 0.785632 0.024779 0.015197
0 0.920030 0.846189 0.022151 0.031775
0 0.057443 0.736357 0.025906 0.027631
0 0.499906 0.285172 0.019523 0.027400
0 0.842031 0.570228 0.020086 0.026479
0 0.103905 0.583007 0.019335 0.021644
0 0.057349 0.108220 0.019335 0.021644
0 0.916839 0.724154 0.018021 0.023486
0 0.082692 0.081626 0.018209 0.020032
0 0.895908 0.874165 0.020462 0.027400
0 0.968744 0.213102 0.020837 0.026019
0 0.080533 0.280682 0.019899 0.031775
0 0.055941 0.464080 0.022902 0.026479
0 0.030974 0.186737 0.016895 0.016578
0 0.057349 0.488833 0.017834 0.025328
0 0.084475 0.897191 0.024404 0.027861
0 0.034916 0.916302 0.019523 0.025098
0 0.033602 0.943472 0.020650 0.020953
0 0.058382 0.376238 0.022151 0.027170
0 0.058288 0.406171 0.020462 0.030394
0 0.059602 0.435413 0.021213 0.032236
0 0.027595 0.465807 0.025530 0.023947
0 0.081002 0.557334 0.017834 0.025098
0 0.034916 0.761916 0.018021 0.026249
0 0.034916 0.789201 0.021400 0.028321
0 0.057068 0.886484 0.022902 0.019802
0 0.870283 0.965462 0.024779 0.031315
0 0.280646 0.048123 0.022902 0.026249
0 0.104843 0.074833 0.023090 0.016578
