0 0.847838 0.119194 0.304325 0.199631
0 0.845168 0.318671 0.309664 0.199323
0 0.847037 0.522301 0.305926 0.207936
0 0.846236 0.704091 0.307528 0.162412
0 0.832088 0.893110 0.301655 0.213780
0 0.508275 0.126576 0.287240 0.186712
0 0.526428 0.313903 0.312867 0.170717
0 0.520021 0.501999 0.322477 0.184559
0 0.514682 0.690403 0.300053 0.187942
0 0.523759 0.890188 0.315003 0.207936
0 0.189802 0.110735 0.316604 0.169794
0 0.190603 0.308520 0.292579 0.196247
0 0.192205 0.512765 0.307528 0.193171
0 0.194341 0.708859 0.325681 0.197170
0 0.200747 0.902492 0.345969 0.190095
