0 0.878190 0.095184 0.133411 0.050992
0 0.875870 0.153399 0.106729 0.063173
0 0.875000 0.205241 0.127030 0.049008
0 0.862529 0.259065 0.138051 0.063173
0 0.864849 0.309348 0.125290 0.041360
0 0.857019 0.361048 0.095708 0.051275
0 0.851218 0.408499 0.107309 0.054391
0 0.862529 0.465581 0.116009 0.059773
0 0.859049 0.523938 0.122970 0.063173
0 0.859049 0.578470 0.113689 0.054391
0 0.853538 0.623088 0.098028 0.045609
0 0.851508 0.671671 0.116009 0.055524
0 0.849188 0.727195 0.147332 0.053258
0 0.853538 0.773938 0.120070 0.053258
0 0.846868 0.829603 0.106729 0.053541
0 0.848028 0.875921 0.096288 0.043626
0 0.845998 0.916714 0.127030 0.053258
0 0.720998 0.098017 0.140371 0.056657
0 0.719548 0.153541 0.102668 0.054391
0 0.709687 0.210623 0.117749 0.053541
0 0.713167 0.259207 0.133991 0.056657
0 0.710847 0.311473 0.138631 0.069972
0 0.708527 0.361615 0.133991 0.058640
0 0.706497 0.418839 0.138051 0.059773
0 0.701856 0.471105 0.133411 0.055524
0 0.700696 0.520680 0.149652 0.056657
0 0.698666 0.568130 0.100348 0.046742
0 0.697506 0.618697 0.138631 0.056657
0 0.696346 0.667139 0.131671 0.042493
0 0.695186 0.714589 0.102668 0.052408
0 0.695766 0.769122 0.131671 0.069688
0 0.694316 0.828470 0.118329 0.064306
0 0.699536 0.882436 0.120650 0.058924
0 0.697216 0.928754 0.116009 0.051275
0 0.560035 0.087535 0.131671 0.044759
0 0.558005 0.139235 0.100928 0.047875
0 0.560325 0.200850 0.118329 0.057790
0 0.562355 0.260198 0.136311 0.063173
0 0.559165 0.309773 0.125290 0.046742
0 0.553654 0.360482 0.109629 0.047875
0 0.551334 0.409490 0.131671 0.060907
0 0.549014 0.469547 0.140951 0.065439
0 0.551334 0.519122 0.117749 0.064306
0 0.531323 0.572946 0.142691 0.069972
0 0.535673 0.633428 0.117749 0.060057
0 0.537993 0.686827 0.109629 0.046742
0 0.537703 0.742351 0.118329 0.062040
0 0.536833 0.795184 0.111949 0.058924
0 0.534513 0.839377 0.120070 0.047025
0 0.541183 0.877054 0.111369 0.043626
0 0.537993 0.919972 0.104988 0.057507
0 0.393852 0.098442 0.111369 0.064306
0 0.396172 0.149150 0.111369 0.045609
0 0.400812 0.200283 0.111369 0.043626
0 0.399652 0.250567 0.118329 0.050142
0 0.390661 0.305949 0.127030 0.058924
0 0.389501 0.371955 0.107309 0.068555
0 0.390661 0.424646 0.127030 0.056657
0 0.383121 0.484136 0.120070 0.060057
0 0.388341 0.538102 0.122390 0.045609
0 0.395012 0.587677 0.122970 0.059773
0 0.383121 0.643768 0.102668 0.041643
0 0.378480 0.681870 0.098028 0.039093
0 0.386021 0.728754 0.131671 0.054674
0 0.386311 0.778895 0.109049 0.045609
0 0.066125 0.488385 0.080046 0.042493
0 0.245940 0.488952 0.087007 0.043626
0 0.050464 0.928045 0.080046 0.041360
0 0.233469 0.928754 0.102668 0.033711
