0 0.686678 0.303123 0.039145 0.024767
0 0.726151 0.594670 0.038487 0.023510
0 0.728454 0.392139 0.040461 0.022254
0 0.604441 0.836953 0.039145 0.024228
0 0.402303 0.164483 0.041447 0.022793
0 0.725329 0.368449 0.042763 0.021895
0 0.765625 0.301508 0.041776 0.025126
0 0.811184 0.793073 0.036842 0.024049
0 0.314967 0.570800 0.037829 0.021357
0 0.398026 0.410086 0.038158 0.022613
0 0.846875 0.280958 0.037829 0.024946
0 0.568586 0.209171 0.036513 0.020639
0 0.604276 0.594670 0.037500 0.023510
0 0.272697 0.432968 0.038816 0.024946
0 0.688651 0.052764 0.038487 0.022972
0 0.683882 0.326184 0.040132 0.024228
0 0.355921 0.566762 0.040789 0.022254
0 0.767763 0.417085 0.038158 0.022613
0 0.400000 0.661163 0.042105 0.022972
0 0.767434 0.395818 0.037500 0.022075
0 0.354770 0.410894 0.040461 0.019203
0 0.157895 0.655779 0.040132 0.022972
0 0.685033 0.415829 0.041118 0.024767
0 0.354112 0.941673 0.034539 0.020459
0 0.766283 0.373026 0.038487 0.025305
0 0.236678 0.766152 0.042434 0.020101
0 0.563158 0.834350 0.038816 0.022613
0 0.398355 0.638550 0.040789 0.021895
0 0.607072 0.147793 0.035855 0.027459
0 0.645724 0.790380 0.038158 0.022254
0 0.441941 0.143396 0.037829 0.022613
0 0.849342 0.927046 0.040132 0.022075
0 0.892763 0.453338 0.038816 0.022613
0 0.399342 0.386935 0.042763 0.026202
0 0.848191 0.616655 0.041118 0.021536
0 0.156250 0.228015 0.039474 0.023869
0 0.398191 0.595747 0.037829 0.020998
0 0.686020 0.572775 0.037171 0.023869
0 0.195559 0.835248 0.039803 0.021895
0 0.487336 0.679200 0.038487 0.023869
0 0.769243 0.770011 0.041118 0.021716
0 0.485526 0.816134 0.038816 0.023510
0 0.765625 0.573223 0.035855 0.021895
0 0.353947 0.590273 0.038158 0.024767
0 0.686349 0.549085 0.038487 0.024228
0 0.808717 0.303033 0.037171 0.025305
0 0.401809 0.683776 0.041118 0.020459
0 0.271711 0.343683 0.037500 0.026561
0 0.398191 0.430994 0.037171 0.020998
0 0.687336 0.615668 0.037829 0.018485
0 0.356250 0.614322 0.039474 0.024049
0 0.729276 0.098618 0.038158 0.022793
0 0.356250 0.452531 0.038816 0.021357
0 0.566118 0.143396 0.041447 0.023331
0 0.767763 0.793073 0.038816 0.024767
0 0.764474 0.945441 0.038816 0.020101
0 0.487336 0.770549 0.037171 0.027100
0 0.602632 0.920675 0.037500 0.022254
0 0.355592 0.430725 0.037500 0.021536
0 0.398355 0.453069 0.037500 0.023510
0 0.646053 0.279343 0.041447 0.025664
0 0.316941 0.120424 0.039145 0.026920
0 0.849178 0.372936 0.043750 0.026920
0 0.524507 0.922469 0.036513 0.024408
0 0.806579 0.578338 0.039474 0.021357
0 0.272862 0.230258 0.035855 0.025126
0 0.686184 0.795675 0.036842 0.023510
0 0.314803 0.229002 0.041447 0.025844
0 0.356579 0.474426 0.039474 0.023869
0 0.806579 0.278177 0.039474 0.022254
0 0.199671 0.053123 0.038816 0.023331
0 0.523520 0.855707 0.035197 0.025485
0 0.316612 0.047021 0.039145 0.022254
0 0.847862 0.591798 0.037829 0.028536
0 0.488158 0.701454 0.038816 0.021716
0 0.605428 0.370154 0.042434 0.022075
0 0.356086 0.367732 0.043750 0.020818
0 0.649178 0.369167 0.040461 0.021895
0 0.487664 0.722452 0.039803 0.019921
0 0.731086 0.188622 0.041118 0.021536
0 0.314967 0.523780 0.037829 0.024587
0 0.647204 0.659099 0.034539 0.022793
0 0.356579 0.811019 0.039474 0.024049
0 0.157401 0.679020 0.043092 0.022434
0 0.199178 0.678212 0.039803 0.020818
0 0.443586 0.792803 0.038487 0.023869
0 0.565625 0.615668 0.035855 0.021357
0 0.197697 0.814250 0.040132 0.021536
0 0.764967 0.879128 0.043092 0.022075
0 0.603125 0.277369 0.033882 0.021357
0 0.232895 0.414483 0.036184 0.020998
0 0.356086 0.345388 0.035855 0.022434
0 0.237664 0.721554 0.035855 0.025305
0 0.686349 0.393934 0.039803 0.017588
0 0.727796 0.323672 0.039803 0.021357
0 0.812007 0.147254 0.042434 0.026023
0 0.275822 0.790022 0.033882 0.019742
0 0.358224 0.787868 0.040132 0.022613
0 0.854605 0.169239 0.040789 0.023690
0 0.688158 0.213388 0.043421 0.026920
0 0.604112 0.414393 0.041118 0.023690
0 0.486020 0.142678 0.042434 0.024767
0 0.440461 0.386127 0.036184 0.022075
0 0.358224 0.680366 0.038158 0.021177
0 0.649507 0.121141 0.035855 0.024767
0 0.565625 0.571698 0.034539 0.022793
0 0.153125 0.321877 0.037171 0.024587
0 0.397862 0.068826 0.037829 0.017408
0 0.157730 0.072236 0.041776 0.018844
0 0.685855 0.349067 0.037500 0.023690
0 0.605099 0.813352 0.035855 0.023690
0 0.485526 0.546752 0.036184 0.023151
0 0.314309 0.591260 0.036513 0.021357
0 0.729605 0.120872 0.038158 0.021357
0 0.523520 0.366655 0.040461 0.024049
0 0.805921 0.921931 0.038816 0.027279
0 0.686678 0.595298 0.032566 0.021895
0 0.566283 0.119706 0.035855 0.024049
0 0.400329 0.920765 0.042105 0.026023
0 0.771053 0.724426 0.046053 0.022793
0 0.726316 0.571518 0.036842 0.023510
0 0.316118 0.857681 0.037500 0.021895
0 0.235197 0.164483 0.034868 0.023869
0 0.356579 0.659009 0.034868 0.022254
0 0.275822 0.680725 0.039803 0.024408
0 0.605592 0.571698 0.035526 0.022793
0 0.274013 0.613424 0.038158 0.024408
0 0.855592 0.052584 0.036842 0.023690
0 0.933059 0.528266 0.039145 0.023510
0 0.398849 0.943378 0.040461 0.020998
0 0.687171 0.771267 0.036184 0.023869
0 0.524342 0.413676 0.036184 0.021895
0 0.725987 0.435571 0.040132 0.022972
0 0.524178 0.900215 0.034539 0.021536
0 0.234046 0.526113 0.035197 0.024228
0 0.273849 0.636307 0.037171 0.023510
0 0.446053 0.680097 0.042105 0.023151
0 0.397862 0.523959 0.039145 0.023869
0 0.812664 0.167983 0.042434 0.017229
0 0.605592 0.457107 0.036842 0.023331
0 0.769243 0.051328 0.040461 0.022254
0 0.805428 0.620693 0.039145 0.022075
0 0.156743 0.635319 0.040461 0.018306
0 0.355921 0.544777 0.042763 0.019203
0 0.726151 0.659189 0.038487 0.022613
0 0.854770 0.076813 0.037829 0.024049
0 0.488322 0.165022 0.043092 0.021357
0 0.396875 0.090721 0.035197 0.025664
0 0.933224 0.322775 0.039474 0.022793
0 0.646711 0.434853 0.043421 0.021895
0 0.644079 0.812365 0.037500 0.020639
0 0.483059 0.096823 0.041776 0.022793
0 0.316612 0.721644 0.038487 0.022972
0 0.726151 0.345747 0.036513 0.021716
0 0.483553 0.458004 0.035526 0.020818
0 0.356908 0.853733 0.040132 0.022972
0 0.724836 0.457556 0.043750 0.023151
0 0.440132 0.454864 0.037500 0.021357
0 0.275164 0.115757 0.039803 0.025485
0 0.153618 0.345388 0.040132 0.022434
0 0.525329 0.456389 0.042763 0.019383
0 0.359868 0.722272 0.035526 0.023151
0 0.441118 0.433597 0.036184 0.021895
0 0.273684 0.274228 0.037500 0.018306
0 0.483553 0.343503 0.040132 0.023331
0 0.317105 0.701095 0.038816 0.019921
0 0.354770 0.390075 0.041776 0.021357
0 0.275329 0.832197 0.038816 0.022613
0 0.564638 0.855169 0.038487 0.016870
0 0.565296 0.900485 0.039803 0.024946
0 0.399342 0.549085 0.038158 0.025305
0 0.062664 0.296931 0.032566 0.023151
0 0.358224 0.636396 0.034868 0.022254
0 0.313651 0.344849 0.039145 0.020639
0 0.931414 0.816673 0.037829 0.025305
0 0.313158 0.323582 0.035526 0.021895
0 0.274671 0.164663 0.034868 0.022793
0 0.897368 0.099605 0.040132 0.024767
0 0.603947 0.392229 0.040132 0.021357
0 0.848355 0.862706 0.037500 0.025485
0 0.313651 0.547828 0.037171 0.024228
0 0.358717 0.701723 0.038487 0.020101
0 0.269408 0.388370 0.036842 0.023690
0 0.729276 0.166816 0.039474 0.022434
0 0.235855 0.833543 0.038158 0.023151
0 0.649507 0.144383 0.034539 0.019203
0 0.440954 0.365309 0.040461 0.018126
0 0.524507 0.297559 0.039803 0.022613
0 0.723191 0.883166 0.034539 0.020818
0 0.441941 0.546034 0.037171 0.024587
0 0.275000 0.570890 0.038816 0.022254
0 0.889967 0.278625 0.044408 0.018844
0 0.440954 0.409907 0.038487 0.024408
0 0.115132 0.092696 0.042105 0.026023
0 0.529112 0.187545 0.043750 0.021536
0 0.766283 0.349246 0.037171 0.024049
0 0.359375 0.227836 0.038487 0.025305
0 0.726151 0.770998 0.035197 0.023331
0 0.442928 0.814878 0.037829 0.022075
0 0.688651 0.101490 0.038487 0.024946
0 0.358717 0.048457 0.039145 0.024767
0 0.767763 0.549533 0.037500 0.025485
0 0.483553 0.589914 0.038816 0.023690
0 0.933882 0.550520 0.036842 0.021357
0 0.358553 0.026202 0.040789 0.021895
0 0.273849 0.141601 0.041776 0.025485
0 0.891447 0.322236 0.038158 0.023510
0 0.887171 0.862078 0.037500 0.025305
0 0.688980 0.124103 0.039803 0.023151
0 0.269737 0.410804 0.034211 0.021177
0 0.357401 0.522254 0.043750 0.021895
0 0.398849 0.573492 0.040461 0.023869
0 0.726316 0.548187 0.035526 0.020998
0 0.399836 0.788227 0.037171 0.021536
0 0.764474 0.922021 0.039474 0.025664
0 0.608882 0.681084 0.038158 0.024767
0 0.686349 0.637922 0.041776 0.023510
0 0.443750 0.898421 0.041447 0.024767
0 0.808553 0.816134 0.037500 0.023510
0 0.485362 0.119257 0.041776 0.020639
0 0.648684 0.051508 0.036842 0.020101
0 0.525164 0.390883 0.040461 0.021895
0 0.889967 0.410445 0.035855 0.019024
0 0.527303 0.141780 0.038158 0.023331
0 0.399342 0.811199 0.038816 0.022972
0 0.605099 0.703428 0.038487 0.021357
0 0.238158 0.856156 0.042105 0.023510
0 0.725822 0.278356 0.034539 0.022613
0 0.273520 0.206569 0.033224 0.021536
0 0.608388 0.191852 0.039145 0.022972
0 0.525000 0.341798 0.040132 0.024587
0 0.846875 0.305366 0.037171 0.024228
0 0.726974 0.413945 0.034868 0.020280
0 0.606579 0.231066 0.038158 0.023869
0 0.523849 0.318557 0.040461 0.021177
0 0.765132 0.966529 0.038158 0.019562
0 0.687664 0.703338 0.040461 0.021536
0 0.196382 0.944095 0.039474 0.021357
0 0.934211 0.771805 0.041447 0.023510
0 0.807401 0.349964 0.038487 0.024408
0 0.605263 0.477746 0.038158 0.020459
0 0.646217 0.411253 0.036513 0.022793
0 0.196546 0.769831 0.035855 0.025664
0 0.892105 0.616296 0.040789 0.020818
0 0.195559 0.346554 0.038487 0.020818
0 0.158388 0.092696 0.045066 0.023510
0 0.807895 0.436019 0.039474 0.024587
0 0.316118 0.657753 0.035526 0.020101
0 0.848849 0.903446 0.035855 0.023331
0 0.849671 0.838029 0.039474 0.021357
0 0.356414 0.920316 0.036513 0.021895
0 0.854112 0.191583 0.040461 0.024946
0 0.483882 0.391780 0.038816 0.021895
0 0.318421 0.679110 0.040132 0.024049
0 0.522862 0.545495 0.037829 0.019203
0 0.608553 0.122128 0.037500 0.023869
0 0.524671 0.435750 0.040789 0.022254
0 0.235855 0.298816 0.038816 0.023331
0 0.485197 0.903894 0.037500 0.023151
0 0.525164 0.071967 0.039145 0.022972
0 0.687500 0.164932 0.037500 0.022972
0 0.805757 0.878769 0.037171 0.020639
0 0.315132 0.613783 0.034868 0.022972
0 0.316283 0.071070 0.039803 0.025126
0 0.769243 0.704235 0.043092 0.018306
0 0.438651 0.298636 0.037171 0.021177
0 0.730263 0.030869 0.036184 0.024408
0 0.644243 0.857233 0.035855 0.018126
0 0.564145 0.390255 0.037500 0.018844
0 0.195888 0.175879 0.038487 0.023690
0 0.482237 0.298098 0.037500 0.020101
0 0.441612 0.120154 0.043750 0.025305
0 0.195066 0.567391 0.038816 0.022793
0 0.399342 0.473708 0.038816 0.020280
0 0.647204 0.768306 0.036513 0.021895
0 0.605921 0.789932 0.038816 0.021716
0 0.108882 0.595657 0.039474 0.021895
0 0.111184 0.319993 0.042105 0.023690
0 0.896875 0.076005 0.039803 0.019562
0 0.398849 0.141421 0.037171 0.021895
0 0.317105 0.880205 0.039474 0.023151
0 0.648684 0.549533 0.034211 0.020459
0 0.158717 0.611540 0.041118 0.022793
0 0.395724 0.276292 0.038158 0.023869
0 0.932566 0.880922 0.041447 0.023510
0 0.153289 0.876884 0.038158 0.021895
0 0.685526 0.372308 0.032237 0.022434
0 0.894572 0.146716 0.045724 0.023510
0 0.682730 0.931084 0.037829 0.019383
0 0.354605 0.297828 0.036184 0.020639
0 0.722204 0.926866 0.037829 0.024228
0 0.484868 0.074121 0.040132 0.023690
0 0.274507 0.092337 0.041776 0.021357
0 0.608553 0.098349 0.042763 0.021536
0 0.109539 0.433955 0.038816 0.023331
0 0.729934 0.144562 0.041447 0.025305
0 0.274671 0.659009 0.040132 0.022254
0 0.730428 0.076454 0.040461 0.022613
0 0.274178 0.548995 0.039145 0.019742
0 0.647204 0.457017 0.037171 0.021357
0 0.439803 0.051866 0.044079 0.022613
0 0.527632 0.679917 0.042105 0.022793
0 0.357730 0.070890 0.037171 0.021536
0 0.234211 0.229451 0.036184 0.022434
0 0.400329 0.833543 0.040789 0.018844
0 0.566941 0.094939 0.037829 0.025126
0 0.195559 0.590363 0.036513 0.023510
0 0.683059 0.863783 0.038487 0.025485
0 0.937500 0.474785 0.044079 0.021716
0 0.155099 0.545944 0.040461 0.022972
0 0.724013 0.949480 0.038816 0.021716
0 0.358882 0.114860 0.040789 0.023690
0 0.934539 0.412060 0.040789 0.022254
0 0.237993 0.940775 0.039145 0.021895
0 0.111349 0.297828 0.047039 0.021716
0 0.315789 0.637114 0.038158 0.022613
0 0.154112 0.920675 0.035855 0.020459
0 0.525164 0.611989 0.040461 0.024767
0 0.890461 0.683686 0.042105 0.022793
0 0.729770 0.053751 0.037171 0.023151
0 0.275658 0.185481 0.037500 0.022434
0 0.443421 0.165829 0.036842 0.022972
0 0.766612 0.660625 0.039803 0.023331
0 0.315954 0.813442 0.041118 0.022793
0 0.316941 0.164214 0.043750 0.025126
0 0.608059 0.171482 0.039145 0.020998
0 0.195559 0.390704 0.036513 0.024408
0 0.770395 0.210517 0.036184 0.024408
0 0.648026 0.571339 0.039474 0.022793
0 0.236513 0.677495 0.034211 0.022254
0 0.604605 0.858848 0.037500 0.018844
0 0.442270 0.568467 0.038487 0.022075
0 0.194079 0.197326 0.040789 0.019921
0 0.154934 0.180366 0.041447 0.024049
0 0.813651 0.057251 0.039803 0.023331
0 0.937171 0.233489 0.040132 0.021536
0 0.196875 0.899228 0.041118 0.019921
0 0.847862 0.395818 0.036513 0.022793
0 0.685691 0.278984 0.037829 0.025664
0 0.274013 0.455133 0.037500 0.024408
0 0.767434 0.681443 0.038158 0.021177
0 0.647862 0.612078 0.039145 0.017050
0 0.647204 0.592606 0.034539 0.018665
0 0.110362 0.680725 0.040461 0.028356
0 0.686349 0.661163 0.033224 0.022613
0 0.647697 0.478105 0.036842 0.020818
0 0.805428 0.946698 0.033224 0.021536
0 0.156579 0.721106 0.036842 0.022254
0 0.808388 0.556353 0.036513 0.023690
0 0.722533 0.860104 0.035855 0.022793
0 0.807401 0.392498 0.039803 0.016870
0 0.355099 0.321339 0.035855 0.021357
0 0.398849 0.365398 0.039803 0.016870
0 0.889638 0.477925 0.045066 0.020101
0 0.317105 0.790650 0.040789 0.022075
0 0.890461 0.660535 0.043421 0.022434
0 0.643257 0.323582 0.035197 0.020459
0 0.806579 0.326633 0.036184 0.021895
0 0.484539 0.858399 0.035526 0.021536
0 0.683059 0.889088 0.039145 0.025844
0 0.684539 0.437365 0.034868 0.022613
0 0.114145 0.117283 0.041447 0.023869
0 0.565132 0.277279 0.035526 0.023690
0 0.726151 0.526382 0.035855 0.020818
0 0.109868 0.573223 0.044079 0.022972
0 0.608882 0.768037 0.034211 0.020639
0 0.842599 0.968593 0.035197 0.016152
0 0.485362 0.208363 0.041776 0.024049
0 0.931086 0.926777 0.043092 0.022972
0 0.237007 0.027279 0.034539 0.021177
0 0.276809 0.719849 0.038487 0.026561
0 0.807072 0.665022 0.033224 0.020998
0 0.483059 0.478464 0.035855 0.022613
0 0.765296 0.615309 0.037829 0.018485
0 0.770395 0.121052 0.034868 0.019562
0 0.770395 0.073403 0.038158 0.021536
0 0.444572 0.837581 0.037829 0.020101
0 0.273684 0.320352 0.038158 0.017947
0 0.484539 0.613604 0.040789 0.019024
0 0.198355 0.699390 0.038158 0.022972
0 0.646875 0.633345 0.033882 0.019383
0 0.566612 0.700467 0.032566 0.022254
0 0.398684 0.208991 0.039474 0.022075
0 0.648849 0.526831 0.032566 0.022434
0 0.273355 0.476938 0.035526 0.021357
0 0.849507 0.814070 0.035855 0.024049
0 0.567105 0.548277 0.037500 0.024767
0 0.198849 0.721464 0.031908 0.022613
0 0.195230 0.414304 0.037171 0.023510
0 0.647862 0.073672 0.039145 0.022075
0 0.524671 0.524408 0.034868 0.021895
0 0.603947 0.900036 0.033553 0.021177
0 0.566776 0.524587 0.039474 0.021536
0 0.604934 0.435302 0.036184 0.019921
0 0.107566 0.549982 0.041447 0.021716
0 0.566283 0.789393 0.035855 0.021716
0 0.195395 0.233848 0.038816 0.019742
0 0.725987 0.684763 0.032895 0.024228
0 0.851645 0.212401 0.040132 0.020280
0 0.885855 0.838837 0.034868 0.019742
0 0.318092 0.902369 0.036842 0.021895
0 0.153783 0.568467 0.037829 0.022075
0 0.933553 0.904074 0.044079 0.021357
0 0.607895 0.073762 0.038158 0.022972
0 0.398849 0.617193 0.036513 0.020818
0 0.933059 0.968683 0.044408 0.024228
0 0.235855 0.185571 0.038158 0.020101
0 0.315296 0.835607 0.040461 0.021895
0 0.442434 0.611271 0.038816 0.022972
0 0.527796 0.165739 0.037829 0.023869
0 0.892599 0.367642 0.037171 0.017408
0 0.724671 0.817749 0.041447 0.019203
0 0.891447 0.430905 0.034868 0.022972
0 0.275493 0.699569 0.037171 0.016152
0 0.523684 0.477207 0.036842 0.021536
0 0.935197 0.616655 0.036842 0.019383
0 0.356579 0.832825 0.040132 0.018485
0 0.526316 0.231963 0.041447 0.024228
0 0.442270 0.476759 0.038487 0.024946
0 0.112171 0.141421 0.042105 0.023690
0 0.647039 0.231694 0.038158 0.023331
0 0.849013 0.349695 0.040789 0.017408
0 0.937664 0.726490 0.037829 0.023690
0 0.397862 0.898510 0.041118 0.018485
0 0.856743 0.121770 0.041776 0.021357
0 0.603618 0.301597 0.040789 0.022434
0 0.770888 0.097721 0.043092 0.025664
0 0.157895 0.051238 0.038158 0.022793
0 0.566776 0.658920 0.038158 0.019203
0 0.154276 0.854810 0.040132 0.022254
0 0.195230 0.793162 0.036513 0.020280
0 0.646217 0.302136 0.034539 0.020639
0 0.646711 0.346106 0.037500 0.023151
0 0.896875 0.123833 0.041776 0.023690
0 0.853289 0.145818 0.036184 0.023151
0 0.648520 0.097362 0.037171 0.022793
0 0.234868 0.275754 0.033553 0.022434
0 0.642270 0.836145 0.037829 0.024049
0 0.567434 0.637204 0.038816 0.021716
0 0.154441 0.298008 0.036513 0.022434
0 0.764309 0.595747 0.031908 0.021357
0 0.723026 0.838388 0.035526 0.020280
0 0.274342 0.591260 0.037500 0.020280
0 0.895066 0.190327 0.037500 0.022434
0 0.484046 0.962312 0.037171 0.019024
0 0.198026 0.028536 0.037500 0.024767
0 0.644243 0.944903 0.035855 0.021536
0 0.484046 0.942121 0.040461 0.020280
0 0.316612 0.095208 0.039145 0.023151
0 0.396875 0.344401 0.040461 0.026561
0 0.685855 0.817301 0.034211 0.021895
0 0.566447 0.474336 0.040132 0.026202
0 0.525987 0.657484 0.038816 0.022793
0 0.565132 0.322326 0.040132 0.019383
0 0.526316 0.209350 0.038816 0.023869
0 0.480921 0.272972 0.040132 0.022972
0 0.525329 0.117373 0.038816 0.023331
0 0.354770 0.963209 0.036513 0.021177
0 0.067434 0.632807 0.039474 0.025485
0 0.236020 0.071967 0.040461 0.022613
0 0.770066 0.234476 0.035526 0.024946
0 0.566447 0.453159 0.038816 0.020459
0 0.605263 0.723349 0.035526 0.021357
0 0.528289 0.721554 0.033553 0.019921
0 0.679934 0.840093 0.035526 0.022613
0 0.443421 0.768306 0.041447 0.023690
0 0.933224 0.594670 0.034868 0.023869
0 0.688651 0.144652 0.038487 0.016870
0 0.764803 0.837401 0.033553 0.021177
0 0.316941 0.943557 0.035197 0.019921
0 0.155099 0.275305 0.040461 0.023331
0 0.683553 0.969311 0.035526 0.019383
0 0.115296 0.069185 0.033882 0.019203
0 0.563816 0.875808 0.034868 0.022972
0 0.728289 0.477925 0.036842 0.020101
0 0.068257 0.656407 0.040461 0.022793
0 0.763980 0.857861 0.035855 0.017947
0 0.399671 0.722900 0.035526 0.019383
0 0.441612 0.962670 0.041118 0.024408
0 0.488158 0.186199 0.042763 0.020998
0 0.197368 0.078248 0.037500 0.027279
0 0.724671 0.796123 0.034211 0.024767
0 0.566447 0.165291 0.037500 0.022254
0 0.765461 0.815596 0.036184 0.020998
0 0.524178 0.830940 0.034539 0.018665
0 0.932895 0.346195 0.038816 0.023690
0 0.109375 0.202261 0.045724 0.027279
0 0.444079 0.632089 0.039474 0.017947
0 0.565132 0.433417 0.040789 0.018665
0 0.602138 0.943647 0.035855 0.023690
0 0.402467 0.875000 0.042434 0.025305
0 0.856579 0.099515 0.041447 0.020998
0 0.399671 0.766062 0.038158 0.020639
0 0.196711 0.546393 0.036842 0.018485
0 0.314145 0.300162 0.034211 0.020998
0 0.528125 0.701095 0.038487 0.019203
0 0.107566 0.410445 0.035526 0.022613
0 0.767105 0.325018 0.035526 0.022613
0 0.195066 0.300072 0.036842 0.024049
0 0.524342 0.878769 0.032237 0.018485
0 0.648026 0.390075 0.036842 0.018485
0 0.808224 0.458363 0.036842 0.019024
0 0.441118 0.206030 0.038816 0.025844
0 0.934539 0.434225 0.043421 0.018844
0 0.934046 0.369616 0.042434 0.021357
0 0.237007 0.811019 0.038487 0.019024
0 0.438487 0.320083 0.040132 0.022075
0 0.643914 0.922739 0.037171 0.021716
0 0.604605 0.615398 0.031579 0.017947
0 0.731250 0.211504 0.038158 0.024946
0 0.524836 0.589017 0.040461 0.020818
0 0.160197 0.027638 0.036842 0.022613
0 0.565625 0.593952 0.031250 0.022075
0 0.727632 0.722900 0.036842 0.021536
0 0.851645 0.233399 0.042763 0.022075
0 0.524836 0.808597 0.033882 0.022434
0 0.767434 0.277279 0.033553 0.021177
0 0.849178 0.527369 0.038487 0.018844
0 0.766283 0.637922 0.039803 0.019921
0 0.484211 0.051238 0.036842 0.023151
0 0.445559 0.722182 0.036513 0.020101
0 0.936678 0.703159 0.038487 0.024408
0 0.886184 0.818557 0.038158 0.020459
0 0.726809 0.301777 0.032566 0.020280
0 0.643586 0.901382 0.033224 0.020280
0 0.608224 0.658830 0.040789 0.021177
0 0.442270 0.073762 0.043750 0.020818
0 0.889638 0.796393 0.039145 0.021357
0 0.359211 0.876615 0.035526 0.020280
0 0.155099 0.473618 0.040461 0.021895
0 0.154770 0.450467 0.039803 0.020818
0 0.235033 0.457286 0.037171 0.018665
0 0.485855 0.635230 0.037500 0.022793
0 0.681250 0.911971 0.037500 0.021357
0 0.808553 0.839017 0.032895 0.021177
0 0.568257 0.187276 0.034539 0.022434
0 0.232401 0.369975 0.033882 0.021716
0 0.936020 0.278894 0.039803 0.018306
0 0.234211 0.550790 0.037500 0.022972
0 0.237829 0.919239 0.039474 0.022254
0 0.525493 0.635589 0.037171 0.020280
0 0.887500 0.887204 0.035526 0.020280
0 0.237993 0.963747 0.035855 0.024049
0 0.276974 0.874462 0.039474 0.022434
0 0.359539 0.202441 0.038816 0.021536
0 0.196382 0.921482 0.038158 0.023510
0 0.196217 0.524497 0.038487 0.026023
0 0.563651 0.300790 0.038487 0.022613
0 0.685033 0.457556 0.029934 0.018126
0 0.485526 0.523331 0.038158 0.021177
0 0.689803 0.029612 0.035526 0.023690
0 0.195230 0.275215 0.038487 0.020998
0 0.444572 0.702172 0.037171 0.019921
0 0.481579 0.319006 0.036184 0.020280
0 0.606579 0.347182 0.039474 0.021357
0 0.442599 0.920136 0.035855 0.018665
0 0.726316 0.637922 0.035526 0.018485
0 0.892270 0.389627 0.041776 0.021177
0 0.317434 0.922828 0.033553 0.021536
0 0.109375 0.342785 0.042434 0.020101
0 0.275164 0.070441 0.036513 0.023151
0 0.770395 0.142678 0.038158 0.022613
0 0.609211 0.051597 0.034868 0.021357
0 0.235526 0.141242 0.036842 0.021895
0 0.896382 0.052674 0.038816 0.022434
0 0.153125 0.409099 0.035197 0.022793
0 0.568421 0.766511 0.038816 0.021177
0 0.275164 0.525305 0.037171 0.025844
0 0.524342 0.275574 0.038816 0.022793
0 0.809704 0.479271 0.040461 0.022793
0 0.272533 0.297559 0.031250 0.023331
0 0.526809 0.766780 0.037171 0.021357
0 0.484375 0.837581 0.037171 0.021895
0 0.237500 0.697864 0.034211 0.020280
0 0.157237 0.700377 0.037500 0.019921
0 0.812500 0.079235 0.038816 0.019921
0 0.232401 0.347721 0.034539 0.026741
0 0.847204 0.661881 0.035855 0.023690
0 0.153125 0.366565 0.041118 0.019203
0 0.849013 0.434225 0.034868 0.023869
0 0.810855 0.033471 0.039474 0.024587
0 0.277632 0.766511 0.034868 0.026202
0 0.484704 0.879756 0.036513 0.022972
0 0.811513 0.187724 0.038816 0.020818
0 0.399178 0.048367 0.032566 0.022434
0 0.195230 0.324121 0.035855 0.020818
0 0.153947 0.898421 0.037500 0.018665
0 0.198520 0.475413 0.039803 0.025485
0 0.564145 0.411971 0.038158 0.023869
0 0.276645 0.940506 0.037500 0.020280
0 0.767599 0.458274 0.038487 0.018844
0 0.486678 0.794239 0.033882 0.020280
0 0.237993 0.878410 0.038487 0.020998
0 0.890132 0.638011 0.036842 0.023690
0 0.525493 0.049174 0.041118 0.021177
0 0.607401 0.524946 0.035855 0.019742
0 0.936513 0.193198 0.044737 0.022075
0 0.686513 0.479002 0.030921 0.024408
0 0.647039 0.208453 0.035526 0.018844
0 0.892105 0.300790 0.036842 0.019742
0 0.232566 0.392678 0.034211 0.023690
0 0.563322 0.926777 0.035855 0.025485
0 0.645230 0.879128 0.041118 0.022434
0 0.068257 0.679379 0.042434 0.024228
0 0.525822 0.787958 0.037171 0.017408
0 0.724013 0.970836 0.038158 0.022793
0 0.235691 0.206748 0.037171 0.023331
0 0.888651 0.771536 0.031908 0.025126
0 0.153947 0.203159 0.035526 0.024049
0 0.442270 0.028177 0.039145 0.024049
0 0.849013 0.790919 0.039474 0.020459
0 0.772039 0.165201 0.036842 0.020280
0 0.686020 0.722990 0.035197 0.019562
0 0.686513 0.682161 0.034868 0.019024
0 0.888980 0.933058 0.034539 0.023331
0 0.481250 0.413586 0.035526 0.020280
0 0.235855 0.118270 0.042763 0.025485
0 0.396546 0.299444 0.037171 0.020639
0 0.847533 0.548008 0.035855 0.020639
0 0.604276 0.969401 0.038158 0.020639
0 0.891941 0.233040 0.035197 0.022793
0 0.274178 0.810840 0.034539 0.021177
0 0.846711 0.948313 0.036842 0.022254
0 0.933388 0.793701 0.033882 0.017767
0 0.439309 0.344131 0.037829 0.023510
0 0.765789 0.900395 0.034211 0.019383
0 0.442763 0.858130 0.032237 0.018485
0 0.889638 0.593862 0.035197 0.021536
0 0.806908 0.642588 0.040132 0.023510
0 0.401645 0.186558 0.037500 0.023151
0 0.687829 0.076902 0.036842 0.023151
0 0.847697 0.638011 0.036842 0.021895
0 0.566941 0.678302 0.035855 0.019203
0 0.567763 0.070083 0.039474 0.019562
0 0.604934 0.635768 0.034211 0.020998
0 0.278289 0.027279 0.039474 0.020818
0 0.400329 0.025574 0.036842 0.018126
0 0.849507 0.725413 0.031908 0.023331
0 0.847533 0.683058 0.031908 0.019742
0 0.890296 0.725323 0.033224 0.020280
0 0.440789 0.095208 0.040132 0.022075
0 0.438816 0.275215 0.033553 0.022793
0 0.442763 0.589286 0.038816 0.020280
0 0.937829 0.212132 0.044737 0.018665
0 0.568092 0.047828 0.038158 0.020639
0 0.768092 0.478195 0.043421 0.021716
0 0.358388 0.091260 0.037171 0.020998
0 0.158882 0.114591 0.039474 0.020280
0 0.525658 0.964286 0.034868 0.021536
0 0.068914 0.047828 0.037829 0.021357
0 0.233388 0.435212 0.037829 0.021536
0 0.397368 0.229989 0.033553 0.022075
0 0.564309 0.811558 0.038487 0.021895
0 0.277303 0.917265 0.034868 0.022972
0 0.930921 0.839645 0.036184 0.019562
0 0.933388 0.572236 0.032566 0.020280
0 0.770230 0.186468 0.038487 0.023331
0 0.526151 0.094490 0.037829 0.019921
0 0.395395 0.320172 0.035526 0.019024
0 0.153947 0.431084 0.041447 0.016152
0 0.688158 0.526113 0.032237 0.020639
0 0.564803 0.343772 0.036842 0.022793
0 0.235855 0.591888 0.039474 0.025844
0 0.110855 0.229899 0.048684 0.025126
0 0.361678 0.139088 0.035855 0.022613
0 0.648191 0.187365 0.038487 0.023690
0 0.110526 0.476579 0.034868 0.018485
0 0.566447 0.230887 0.035526 0.022075
0 0.107072 0.386217 0.035855 0.024767
0 0.314638 0.207645 0.037171 0.019742
0 0.722039 0.903087 0.036184 0.020818
0 0.765625 0.526651 0.041118 0.021357
0 0.235855 0.094221 0.039474 0.019024
0 0.360855 0.179738 0.038158 0.017050
0 0.483717 0.924174 0.037171 0.017767
0 0.481414 0.368180 0.037829 0.024228
0 0.319079 0.767229 0.040789 0.021177
0 0.812829 0.126346 0.040132 0.015075
0 0.688651 0.235284 0.039145 0.018665
0 0.688158 0.187904 0.038158 0.023690
0 0.932895 0.391332 0.034868 0.020280
0 0.158059 0.157663 0.041118 0.022075
0 0.891283 0.548995 0.035197 0.023690
0 0.766776 0.437814 0.031579 0.019921
0 0.887664 0.704774 0.040461 0.021895
0 0.316447 0.965721 0.036184 0.021177
0 0.806250 0.599067 0.034868 0.020101
0 0.604934 0.878679 0.033553 0.019383
0 0.643421 0.966978 0.032895 0.023331
0 0.235691 0.571339 0.038487 0.018126
0 0.892763 0.211773 0.034868 0.020459
0 0.108224 0.363335 0.033553 0.018126
0 0.234868 0.475861 0.034868 0.016691
0 0.683388 0.948672 0.036513 0.018306
0 0.153454 0.962042 0.037171 0.026023
0 0.809211 0.530151 0.033553 0.027997
0 0.726316 0.616924 0.032237 0.022075
0 0.484211 0.567391 0.035526 0.017050
0 0.650000 0.029792 0.040132 0.023331
0 0.848849 0.568108 0.038487 0.016332
0 0.848026 0.703877 0.031579 0.020459
0 0.109704 0.965093 0.037171 0.020639
0 0.806414 0.371590 0.033224 0.020639
0 0.312336 0.277100 0.035197 0.023690
0 0.481250 0.434763 0.036184 0.024228
0 0.648191 0.165022 0.037171 0.021716
0 0.805921 0.858938 0.037500 0.019024
0 0.108553 0.525933 0.040789 0.025305
0 0.196875 0.965542 0.034539 0.021536
0 0.400164 0.703877 0.036513 0.018665
0 0.155099 0.589196 0.035197 0.019024
0 0.238322 0.048905 0.039803 0.022434
0 0.270724 0.366475 0.030263 0.018665
0 0.234539 0.321698 0.035526 0.022434
0 0.194079 0.216260 0.037500 0.020459
0 0.523684 0.565955 0.032895 0.019921
0 0.890954 0.344580 0.032566 0.020459
0 0.936678 0.681892 0.043092 0.018485
0 0.194572 0.435391 0.033882 0.016511
0 0.770395 0.028625 0.034211 0.023510
0 0.316776 0.188173 0.038816 0.021716
0 0.485691 0.656766 0.034539 0.019203
0 0.813158 0.103823 0.040789 0.028894
0 0.359375 0.898421 0.035197 0.022254
0 0.802632 0.967516 0.034211 0.016870
0 0.606743 0.547739 0.033224 0.024049
0 0.161842 0.136037 0.040132 0.020101
0 0.563651 0.367552 0.033224 0.022972
0 0.359704 0.765973 0.032566 0.019383
0 0.236349 0.788855 0.035197 0.020998
0 0.360033 0.161432 0.039145 0.019562
0 0.278618 0.961863 0.037500 0.023151
0 0.893257 0.169060 0.035855 0.020459
0 0.890954 0.571159 0.035197 0.019921
0 0.278618 0.048726 0.040789 0.022075
0 0.156743 0.523780 0.040461 0.017050
0 0.110526 0.274946 0.042105 0.026202
0 0.398684 0.964734 0.038816 0.018126
0 0.807237 0.413855 0.032895 0.019024
0 0.400164 0.852656 0.031250 0.017229
0 0.523191 0.944006 0.032566 0.019024
0 0.112336 0.703966 0.038487 0.016332
0 0.111842 0.455940 0.037500 0.023151
0 0.397533 0.116475 0.032566 0.020101
0 0.849013 0.414842 0.034211 0.018485
0 0.936020 0.638460 0.035855 0.023151
0 0.194243 0.367911 0.034539 0.021536
0 0.604112 0.322775 0.034539 0.020639
0 0.111678 0.162150 0.043750 0.018126
0 0.887664 0.909009 0.033224 0.021536
0 0.846053 0.327620 0.032237 0.021716
0 0.443092 0.655330 0.042105 0.023510
0 0.109704 0.637024 0.037171 0.019921
0 0.939803 0.052674 0.044079 0.022793
0 0.194737 0.855617 0.033553 0.019921
0 0.934539 0.300879 0.031579 0.018844
0 0.115625 0.048457 0.032566 0.020818
0 0.484211 0.231604 0.034211 0.018844
0 0.200493 0.611809 0.041118 0.022613
0 0.276809 0.895729 0.038487 0.017947
0 0.891612 0.526472 0.036513 0.021357
0 0.809868 0.685302 0.038158 0.018844
0 0.726645 0.704325 0.032237 0.017767
0 0.276151 0.853105 0.032566 0.017408
0 0.356086 0.272972 0.035855 0.017229
0 0.607401 0.210248 0.035197 0.015973
0 0.932072 0.859835 0.033882 0.018665
0 0.442105 0.940865 0.032237 0.018126
0 0.237500 0.897613 0.037500 0.018126
0 0.197533 0.153894 0.035197 0.019921
0 0.118092 0.026023 0.040132 0.020459
0 0.812664 0.722541 0.032566 0.020818
0 0.441118 0.185212 0.038158 0.015434
0 0.153783 0.386845 0.032566 0.018485
0 0.887993 0.953966 0.033882 0.019203
0 0.236349 0.613335 0.033882 0.016332
0 0.805592 0.898510 0.037500 0.015973
0 0.195724 0.453518 0.028947 0.016511
0 0.443750 0.876615 0.035526 0.018485
0 0.195066 0.876884 0.038158 0.016511
0 0.812829 0.768665 0.038158 0.024767
0 0.107566 0.179648 0.042105 0.017588
0 0.729605 0.233848 0.039474 0.022613
0 0.111020 0.943288 0.037171 0.019742
0 0.931086 0.947146 0.037829 0.017050
0 0.933553 0.453787 0.032895 0.017408
0 0.850329 0.456748 0.038816 0.025126
0 0.566447 0.721644 0.034211 0.019383
0 0.849178 0.478195 0.033882 0.020998
0 0.812336 0.704325 0.034539 0.018844
0 0.848026 0.884422 0.037500 0.015793
0 0.441447 0.521267 0.032237 0.018126
0 0.065625 0.608848 0.041118 0.018126
0 0.198191 0.131820 0.035197 0.025305
0 0.154112 0.940506 0.037829 0.016332
0 0.194901 0.631910 0.029934 0.016511
0 0.112664 0.655958 0.037829 0.018306
0 0.070724 0.025574 0.036842 0.022793
0 0.317928 0.025215 0.029276 0.019562
0 0.062336 0.273151 0.035197 0.022254
0 0.070559 0.318467 0.032566 0.020280
0 0.315954 0.142767 0.034539 0.017767
0 0.937829 0.660535 0.042105 0.019203
0 0.888816 0.971375 0.036184 0.018844
0 0.198191 0.655061 0.038487 0.024408
0 0.849178 0.769113 0.038487 0.019921
0 0.111678 0.615847 0.040461 0.021716
0 0.109211 0.877423 0.037500 0.022254
0 0.234868 0.654792 0.036842 0.019921
0 0.064474 0.230348 0.034211 0.019921
0 0.067599 0.341529 0.030592 0.020101
0 0.112829 0.722093 0.037500 0.016332
0 0.935033 0.074121 0.033224 0.018306
0 0.151151 0.769742 0.040461 0.027638
0 0.109539 0.855707 0.032237 0.018665
0 0.609375 0.031945 0.035197 0.017588
0 0.237500 0.633345 0.029605 0.020101
0 0.936513 0.172021 0.042105 0.023869
0 0.066447 0.592337 0.030263 0.013460
0 0.067270 0.524318 0.038487 0.018844
0 0.070559 0.364322 0.025987 0.019742
0 0.198026 0.105079 0.036842 0.028536
0 0.938980 0.096644 0.040461 0.026382
0 0.068421 0.208004 0.032895 0.019024
0 0.484211 0.029612 0.036842 0.019024
0 0.068421 0.383256 0.032895 0.014896
0 0.156250 0.834530 0.038816 0.020101
