0 0.892314 0.058580 0.188345 0.102577
0 0.894215 0.181697 0.180321 0.108167
0 0.865498 0.307122 0.199747 0.122752
0 0.896959 0.437530 0.190034 0.138065
0 0.894215 0.559067 0.184544 0.111813
0 0.893370 0.692149 0.186233 0.134905
0 0.899916 0.823651 0.168919 0.119349
0 0.896326 0.942270 0.207348 0.115459
0 0.684966 0.071342 0.206926 0.119349
0 0.680954 0.193972 0.214949 0.097229
0 0.683910 0.308824 0.193834 0.108167
0 0.689611 0.435343 0.182432 0.122509
0 0.679054 0.567331 0.191723 0.114730
0 0.692990 0.693243 0.191723 0.125912
0 0.704181 0.814900 0.199747 0.103792
0 0.697424 0.950535 0.201436 0.098930
0 0.488176 0.067939 0.201858 0.119349
0 0.479519 0.194944 0.234375 0.121536
0 0.480574 0.312105 0.201858 0.117161
0 0.483319 0.439110 0.249578 0.114973
0 0.487331 0.578877 0.211149 0.127127
0 0.470861 0.704910 0.209459 0.118133
0 0.483530 0.834711 0.195946 0.105980
0 0.498733 0.946646 0.195946 0.106709
0 0.285684 0.071949 0.199747 0.129315
0 0.288640 0.214390 0.174409 0.120564
0 0.267525 0.328634 0.228463 0.114730
0 0.283784 0.449684 0.215372 0.098201
0 0.291385 0.575596 0.191723 0.109383
0 0.274704 0.712081 0.165118 0.141225
0 0.285684 0.830822 0.172720 0.100632
0 0.286529 0.943850 0.193834 0.112299
0 0.093750 0.065751 0.184122 0.116918
0 0.088894 0.183520 0.171030 0.113758
0 0.103252 0.312713 0.180321 0.098444
0 0.178209 0.496111 0.000000 0.000972
0 0.093328 0.438624 0.185811 0.115946
0 0.103674 0.561862 0.206503 0.110598
0 0.094172 0.701142 0.187500 0.132474
0 0.104307 0.827054 0.182432 0.095041
0 0.092272 0.952115 0.183699 0.095771
