0 0.733374 0.174551 0.133011 0.099431
0 0.736397 0.269601 0.126965 0.095050
0 0.740931 0.360272 0.117896 0.084538
0 0.742140 0.451161 0.138452 0.103373
0 0.744559 0.545116 0.131197 0.093298
0 0.737001 0.634910 0.122128 0.103811
0 0.743047 0.743320 0.122128 0.106877
0 0.607316 0.173894 0.149335 0.093736
0 0.607920 0.263688 0.150544 0.087604
0 0.598247 0.355672 0.143289 0.102497
0 0.599154 0.457074 0.153567 0.109067
0 0.591596 0.545116 0.138452 0.081910
0 0.474305 0.178712 0.151753 0.088480
0 0.470979 0.273763 0.153567 0.101621
0 0.472491 0.375164 0.138452 0.095050
0 0.467956 0.473062 0.139057 0.108629
0 0.474002 0.597459 0.141475 0.120894
