0 0.794792 0.324153 0.102083 0.165254
0 0.601042 0.385593 0.089583 0.144068
0 0.405208 0.355932 0.085417 0.152542
0 0.232292 0.258475 0.081250 0.169492
0 0.923958 0.516949 0.027083 0.050847
0 0.928125 0.559322 0.031250 0.042373
0 0.940625 0.608051 0.027083 0.046610
0 0.943750 0.654661 0.025000 0.063559
0 0.716667 0.614407 0.029167 0.059322
0 0.718750 0.667373 0.029167 0.046610
0 0.720833 0.711864 0.025000 0.042373
0 0.726042 0.760593 0.027083 0.055085
0 0.500000 0.622881 0.025000 0.050847
0 0.497917 0.675847 0.020833 0.055085
0 0.494792 0.730932 0.022917 0.046610
0 0.493750 0.777542 0.025000 0.038136
0 0.281250 0.559322 0.029167 0.050847
0 0.278125 0.610169 0.027083 0.050847
0 0.271875 0.658898 0.027083 0.046610
0 0.265625 0.707627 0.027083 0.042373
