0 0.703933 0.444904 0.132921 0.092573
0 0.563026 0.324410 0.099777 0.100976
0 0.689421 0.325834 0.125537 0.108159
0 0.684613 0.216319 0.098059 0.088100
0 0.847072 0.105720 0.147175 0.168338
0 0.848274 0.389401 0.102524 0.060992
0 0.568779 0.219572 0.132234 0.072919
0 0.861412 0.475874 0.118839 0.101654
0 0.849047 0.273787 0.129830 0.152345
0 0.563284 0.417999 0.088271 0.058281
0 0.950369 0.923828 0.061480 0.065600
0 0.700584 0.555842 0.160227 0.110057
0 0.570496 0.491597 0.084493 0.081323
0 0.864417 0.594335 0.133436 0.130388
