0 0.762696 0.164696 0.230351 0.176084
0 0.760580 0.336180 0.214027 0.173018
0 0.753930 0.508322 0.203144 0.187911
0 0.765115 0.681340 0.225514 0.173018
0 0.764813 0.833990 0.234583 0.155935
0 0.539903 0.157468 0.200726 0.157249
0 0.543229 0.323916 0.232769 0.176522
0 0.528416 0.494306 0.209190 0.183530
0 0.533555 0.655059 0.233978 0.148489
0 0.532648 0.818441 0.229746 0.182654
0 0.312273 0.162505 0.219468 0.165572
0 0.312273 0.325668 0.225514 0.166886
0 0.316808 0.479413 0.201935 0.147613
0 0.315296 0.644985 0.204958 0.173018
0 0.314692 0.816470 0.218259 0.186597
