0 0.279124 0.088511 0.111024 0.090270
0 0.575841 0.081184 0.118061 0.084994
0 0.428069 0.081184 0.108679 0.080305
0 0.727912 0.426729 0.079750 0.055100
0 0.803753 0.229191 0.079750 0.058617
0 0.315872 0.488277 0.078186 0.056272
0 0.629007 0.757620 0.078968 0.049824
0 0.218530 0.270809 0.100860 0.073857
0 0.220094 0.371923 0.099296 0.062720
0 0.525410 0.645076 0.082877 0.058030
0 0.729867 0.534291 0.086787 0.059203
0 0.314699 0.543669 0.086787 0.054513
0 0.628616 0.705451 0.086005 0.061547
0 0.405004 0.871630 0.075059 0.060961
0 0.630962 0.644783 0.079750 0.057444
0 0.220485 0.185229 0.100078 0.063306
0 0.629789 0.813599 0.085223 0.055100
0 0.417123 0.753517 0.082095 0.058030
0 0.840891 0.868406 0.091478 0.061547
0 0.311181 0.820047 0.089132 0.059789
0 0.631744 0.589977 0.086005 0.053341
0 0.803362 0.279894 0.066458 0.040445
0 0.424159 0.327960 0.083659 0.053341
0 0.722439 0.478312 0.086005 0.045721
0 0.714230 0.085580 0.075841 0.064478
0 0.836591 0.696659 0.084441 0.061547
0 0.731040 0.758206 0.086005 0.060375
0 0.202502 0.620457 0.079750 0.060375
0 0.738077 0.815944 0.082877 0.051583
0 0.738077 0.642438 0.095387 0.055100
0 0.421814 0.439332 0.088350 0.067409
0 0.194683 0.733587 0.106333 0.075615
0 0.713057 0.334408 0.078186 0.058030
0 0.320172 0.272860 0.075841 0.045135
0 0.526192 0.232122 0.075059 0.053927
0 0.308444 0.882474 0.083659 0.059203
0 0.209930 0.487104 0.108679 0.092614
0 0.319390 0.434936 0.091478 0.052755
0 0.631744 0.874560 0.089132 0.057444
0 0.422596 0.223036 0.085223 0.055686
0 0.817826 0.481536 0.076622 0.045135
0 0.426114 0.274326 0.079750 0.045721
0 0.319781 0.379543 0.084441 0.048652
0 0.727522 0.587632 0.085223 0.045135
0 0.825254 0.534584 0.085223 0.057444
0 0.418686 0.542204 0.086787 0.053927
0 0.834246 0.758206 0.100078 0.062720
0 0.713057 0.228019 0.090696 0.069168
0 0.814699 0.429367 0.084441 0.053341
0 0.518765 0.482122 0.097733 0.055686
0 0.517592 0.427022 0.084441 0.058030
0 0.403831 0.812427 0.072713 0.053927
0 0.616106 0.326202 0.076622 0.047479
0 0.422987 0.382181 0.082877 0.044549
0 0.318999 0.221571 0.086005 0.043376
0 0.611415 0.178781 0.073495 0.028136
0 0.708757 0.180246 0.071149 0.020516
0 0.797107 0.182298 0.077404 0.021102
0 0.426505 0.179953 0.086787 0.029308
0 0.608679 0.220985 0.088350 0.064478
0 0.618452 0.275498 0.090696 0.035170
0 0.711884 0.283118 0.085223 0.041032
0 0.801798 0.328839 0.083659 0.056272
0 0.811962 0.377491 0.072713 0.043376
0 0.721658 0.383646 0.087568 0.042790
0 0.825645 0.585287 0.086005 0.052169
0 0.835418 0.636577 0.080532 0.048066
0 0.833855 0.813599 0.097733 0.050410
0 0.743550 0.872509 0.103206 0.061547
0 0.734558 0.698710 0.110242 0.059789
0 0.621579 0.485346 0.078186 0.049238
0 0.631744 0.537515 0.103206 0.049238
0 0.619625 0.432298 0.074277 0.052169
0 0.614152 0.381301 0.093041 0.054513
0 0.518374 0.282239 0.081314 0.045135
0 0.519156 0.323564 0.079750 0.042204
0 0.518374 0.372802 0.078186 0.042204
0 0.526974 0.538394 0.086005 0.054513
0 0.525801 0.590563 0.083659 0.046307
0 0.304144 0.711020 0.082877 0.050410
0 0.306099 0.762603 0.083659 0.049238
0 0.417514 0.596131 0.079750 0.051583
0 0.419468 0.645662 0.089914 0.042790
0 0.414777 0.696952 0.085223 0.049238
0 0.311962 0.599355 0.086005 0.058030
0 0.316263 0.655920 0.086787 0.046893
0 0.327991 0.327667 0.078968 0.058617
