0 0.696875 0.203995 0.041667 0.042769
0 0.642057 0.205543 0.040365 0.046427
0 0.356901 0.788548 0.027865 0.029544
0 0.358854 0.463140 0.031250 0.030388
0 0.696224 0.243106 0.047656 0.042206
0 0.393229 0.515476 0.029167 0.029826
0 0.280859 0.650535 0.030990 0.027575
0 0.826823 0.490152 0.029687 0.027575
0 0.897396 0.487338 0.028125 0.025886
0 0.529036 0.279122 0.041927 0.037704
0 0.415625 0.278419 0.034375 0.041925
0 0.528385 0.205543 0.031771 0.037985
0 0.860807 0.462859 0.029948 0.029826
0 0.898047 0.460608 0.026823 0.029263
0 0.361849 0.165869 0.041927 0.044176
0 0.529297 0.241840 0.039323 0.040236
0 0.414323 0.313590 0.039062 0.032921
0 0.392708 0.647299 0.031250 0.027856
0 0.641927 0.243106 0.041146 0.033765
0 0.308073 0.163478 0.046354 0.042206
0 0.134505 0.165307 0.041406 0.044738
0 0.806250 0.349043 0.038542 0.033483
0 0.824870 0.518571 0.030990 0.032639
0 0.393490 0.789392 0.027604 0.028981
0 0.530469 0.348059 0.044271 0.041643
0 0.472917 0.205965 0.038021 0.045582
0 0.611458 0.918683 0.028125 0.029826
0 0.305990 0.202448 0.042188 0.039674
0 0.428385 0.762099 0.026042 0.030670
0 0.694141 0.348481 0.038281 0.046427
0 0.135026 0.349043 0.039323 0.046427
0 0.697135 0.279122 0.040104 0.037141
0 0.394271 0.816545 0.030208 0.028137
0 0.176563 0.788829 0.028646 0.028419
0 0.102474 0.464547 0.029427 0.028137
0 0.584375 0.276730 0.046354 0.033483
0 0.357812 0.516460 0.026042 0.026168
0 0.393620 0.489026 0.029427 0.030388
0 0.102083 0.517304 0.026562 0.026730
0 0.681120 0.838914 0.027865 0.027293
0 0.138281 0.518430 0.028646 0.028419
0 0.897005 0.646877 0.029948 0.025886
0 0.864062 0.128306 0.039583 0.043331
0 0.750391 0.203995 0.039844 0.045020
0 0.808594 0.130698 0.040104 0.043050
0 0.360156 0.276027 0.039062 0.032077
0 0.139193 0.464406 0.029427 0.029544
0 0.395833 0.761818 0.028125 0.031232
0 0.135026 0.241137 0.037760 0.033202
0 0.575651 0.813450 0.028385 0.027575
0 0.361328 0.241559 0.042448 0.040799
0 0.647396 0.893078 0.024479 0.026449
0 0.897266 0.514350 0.029427 0.028700
0 0.932292 0.780107 0.027083 0.027856
0 0.304427 0.240293 0.041146 0.041080
0 0.866276 0.052898 0.041406 0.038829
0 0.575391 0.786860 0.026823 0.030670
0 0.645964 0.786016 0.027344 0.030107
0 0.357292 0.490855 0.030729 0.028981
0 0.210417 0.464969 0.029167 0.030670
0 0.806771 0.170934 0.040625 0.041362
0 0.319922 0.597214 0.027865 0.027856
0 0.678385 0.487901 0.027604 0.025886
0 0.360677 0.309229 0.032292 0.034890
0 0.680469 0.890827 0.026042 0.024761
0 0.361719 0.206669 0.035937 0.035734
0 0.430859 0.920231 0.026302 0.027856
0 0.694141 0.312746 0.036198 0.030107
0 0.860677 0.648987 0.028646 0.027856
0 0.320182 0.649690 0.032552 0.027575
0 0.582943 0.240996 0.040365 0.036860
0 0.175000 0.546708 0.026562 0.027012
0 0.079557 0.164603 0.036198 0.032077
0 0.679948 0.785172 0.029687 0.030107
0 0.922526 0.164463 0.045573 0.049803
0 0.645833 0.620709 0.027083 0.027575
0 0.931641 0.807259 0.026302 0.028700
0 0.395833 0.923889 0.028646 0.027293
0 0.138411 0.491559 0.027865 0.029263
0 0.431641 0.461874 0.029948 0.030670
0 0.207943 0.517727 0.026823 0.029263
0 0.680599 0.811480 0.030469 0.028700
0 0.897526 0.886747 0.028385 0.029544
0 0.612109 0.945836 0.032552 0.027856
0 0.281120 0.469471 0.026823 0.034046
0 0.245312 0.597074 0.024479 0.027012
0 0.415885 0.201182 0.035417 0.036016
0 0.174870 0.519555 0.028906 0.030107
0 0.503255 0.946820 0.029948 0.024198
0 0.428646 0.489589 0.029167 0.029263
0 0.680339 0.646314 0.028906 0.027012
0 0.860677 0.622397 0.026562 0.029263
0 0.106510 0.789392 0.027083 0.031232
0 0.430078 0.647580 0.028906 0.026168
0 0.640104 0.313872 0.041146 0.046989
0 0.079297 0.241418 0.038802 0.032077
0 0.136979 0.206387 0.036979 0.036297
0 0.208984 0.492122 0.030469 0.026449
0 0.102474 0.490996 0.028385 0.028700
0 0.647526 0.945836 0.027865 0.023917
0 0.859766 0.518711 0.030469 0.032358
0 0.576042 0.758019 0.030729 0.030951
0 0.069401 0.624367 0.026302 0.028700
0 0.077344 0.276168 0.037500 0.035734
0 0.356771 0.814434 0.024479 0.027293
0 0.392578 0.593275 0.026823 0.027856
0 0.319531 0.623804 0.024479 0.025324
0 0.246224 0.623945 0.027344 0.026730
0 0.641276 0.274902 0.042969 0.034890
0 0.643229 0.593416 0.028646 0.028700
0 0.679167 0.619443 0.024479 0.025042
0 0.611328 0.785594 0.030469 0.029826
0 0.860938 0.489730 0.027604 0.027293
0 0.572656 0.516320 0.027604 0.030951
0 0.429167 0.515616 0.026562 0.027293
0 0.393490 0.460889 0.026042 0.028137
0 0.896615 0.832442 0.027083 0.027293
0 0.177734 0.814716 0.027344 0.026168
0 0.357161 0.623101 0.025260 0.026730
0 0.415755 0.238182 0.034115 0.043050
0 0.429557 0.620709 0.025260 0.027012
0 0.647526 0.812465 0.027865 0.026168
0 0.753516 0.755909 0.028385 0.030670
0 0.537370 0.838914 0.025260 0.026168
0 0.102865 0.570484 0.026042 0.026730
0 0.896875 0.753799 0.030729 0.033202
0 0.610417 0.812606 0.028646 0.027012
0 0.392839 0.619584 0.028385 0.026449
0 0.576042 0.909820 0.027083 0.027856
0 0.319661 0.570484 0.027344 0.028981
0 0.717708 0.943022 0.031771 0.026730
0 0.212240 0.623945 0.025521 0.027293
0 0.466406 0.921075 0.026562 0.028981
0 0.069661 0.492966 0.029948 0.027575
0 0.583854 0.169668 0.038021 0.039392
0 0.640495 0.166714 0.039323 0.033483
0 0.138151 0.545160 0.026302 0.027293
0 0.176432 0.598199 0.025781 0.028137
0 0.714583 0.567952 0.025000 0.029544
0 0.572786 0.568514 0.025260 0.026730
0 0.582422 0.310917 0.037760 0.035453
0 0.467187 0.593697 0.029167 0.029263
0 0.716927 0.889280 0.031250 0.028419
0 0.393620 0.895751 0.025260 0.029544
0 0.932813 0.833005 0.025000 0.025605
0 0.749349 0.348481 0.038281 0.035172
0 0.303776 0.276730 0.039844 0.035172
0 0.281510 0.518008 0.028646 0.029826
0 0.535286 0.517586 0.024740 0.030670
0 0.321354 0.815982 0.027604 0.027575
0 0.068620 0.518430 0.028385 0.025605
0 0.280078 0.625070 0.025260 0.029544
0 0.464844 0.867755 0.025000 0.028137
0 0.679167 0.592994 0.025521 0.029544
0 0.825521 0.464125 0.027604 0.029544
0 0.319271 0.464125 0.029167 0.031232
0 0.825911 0.808104 0.028385 0.029263
0 0.751432 0.810917 0.026302 0.029826
0 0.861328 0.887451 0.024219 0.029263
0 0.208984 0.543050 0.025781 0.024198
0 0.069401 0.816967 0.030469 0.031795
0 0.463802 0.759567 0.025000 0.024479
0 0.466797 0.461311 0.027344 0.030107
0 0.752214 0.514772 0.028906 0.026168
0 0.319792 0.518149 0.030729 0.030670
0 0.897396 0.620146 0.027083 0.027575
0 0.857943 0.780529 0.026302 0.025886
0 0.647005 0.865785 0.024740 0.026449
0 0.608333 0.649409 0.030208 0.027012
0 0.430599 0.947243 0.030469 0.027856
0 0.466146 0.947524 0.032292 0.026168
0 0.608333 0.517586 0.029687 0.031232
0 0.897005 0.806415 0.028906 0.030388
0 0.106380 0.760833 0.025781 0.028700
0 0.643880 0.513084 0.029948 0.025605
0 0.415365 0.348481 0.033333 0.040799
0 0.175260 0.571891 0.025521 0.026168
0 0.174479 0.465250 0.027604 0.030670
0 0.357422 0.596230 0.026302 0.029826
0 0.472786 0.164744 0.034635 0.040236
0 0.865625 0.087788 0.040625 0.035453
0 0.320964 0.762380 0.025781 0.028419
0 0.750260 0.241559 0.040104 0.032921
0 0.415365 0.160805 0.039062 0.037985
0 0.584375 0.206528 0.037500 0.030388
0 0.357031 0.761114 0.028646 0.029263
0 0.358594 0.649128 0.028646 0.025324
0 0.933203 0.886747 0.025260 0.027293
0 0.286979 0.869302 0.028646 0.029544
0 0.247266 0.649831 0.031510 0.026730
0 0.788411 0.436832 0.024219 0.031795
0 0.716146 0.810636 0.030208 0.032077
0 0.790885 0.890546 0.025000 0.028137
0 0.472526 0.240855 0.036198 0.027575
0 0.714844 0.838351 0.028125 0.026168
0 0.678906 0.566826 0.025000 0.024479
0 0.859896 0.753939 0.029167 0.032921
0 0.677474 0.513928 0.026823 0.030107
0 0.466406 0.784750 0.032292 0.029826
0 0.607161 0.543894 0.025781 0.025886
0 0.141406 0.869724 0.026562 0.027575
0 0.469271 0.621131 0.030729 0.029544
0 0.322005 0.841587 0.026302 0.025886
0 0.538542 0.944851 0.030208 0.028137
0 0.716146 0.540940 0.025521 0.023354
0 0.646354 0.919809 0.024479 0.024198
0 0.716016 0.646877 0.026823 0.024761
0 0.431120 0.567670 0.024740 0.027856
0 0.248047 0.869443 0.028385 0.027012
0 0.537760 0.588070 0.026562 0.024761
0 0.717839 0.514069 0.033073 0.032639
0 0.465755 0.839758 0.025260 0.023917
0 0.246094 0.517445 0.029167 0.030388
0 0.101823 0.542487 0.025000 0.025886
0 0.607682 0.623101 0.026823 0.024479
0 0.807943 0.282780 0.039323 0.036579
0 0.211849 0.597214 0.026302 0.030670
0 0.931380 0.753095 0.026302 0.030107
0 0.573177 0.624367 0.025521 0.029263
0 0.608333 0.466235 0.026042 0.030951
0 0.527344 0.312746 0.036458 0.030670
0 0.069792 0.569921 0.024479 0.026730
0 0.536198 0.760692 0.023958 0.030670
0 0.102995 0.596370 0.025260 0.026730
0 0.858724 0.807963 0.028385 0.027293
0 0.279427 0.598199 0.027083 0.025886
0 0.678125 0.461593 0.023958 0.028419
0 0.079557 0.204418 0.034115 0.041925
0 0.825911 0.836100 0.026302 0.028981
0 0.178516 0.623804 0.025781 0.027575
0 0.827604 0.942037 0.029687 0.025886
0 0.103255 0.648706 0.027344 0.023917
0 0.751432 0.277997 0.034115 0.040518
0 0.717057 0.916714 0.026823 0.025886
0 0.682292 0.943585 0.030729 0.026730
0 0.140625 0.841868 0.025521 0.024761
0 0.808724 0.316967 0.040365 0.031232
0 0.572396 0.463140 0.027083 0.027012
0 0.249219 0.842431 0.024479 0.023635
0 0.174870 0.492966 0.028906 0.027012
0 0.141276 0.763506 0.026823 0.031232
0 0.932943 0.916010 0.025260 0.030670
0 0.106250 0.816967 0.029687 0.027856
0 0.788672 0.809932 0.031510 0.027856
0 0.178385 0.841165 0.028125 0.027293
0 0.280859 0.571328 0.024740 0.027856
0 0.502604 0.761958 0.027604 0.032077
0 0.573698 0.650253 0.029167 0.026449
0 0.502083 0.515335 0.030208 0.028419
0 0.139453 0.596370 0.024740 0.028419
0 0.934635 0.434159 0.026562 0.034890
0 0.715625 0.863393 0.026562 0.025605
0 0.826823 0.889842 0.028125 0.028981
0 0.610286 0.864378 0.024740 0.026449
0 0.285286 0.815701 0.027344 0.027575
0 0.750391 0.313309 0.037240 0.026730
0 0.323828 0.948509 0.028906 0.025886
0 0.429818 0.894766 0.022135 0.025324
0 0.751563 0.539252 0.027083 0.026168
0 0.573307 0.596230 0.025260 0.030951
0 0.106250 0.895892 0.027083 0.029826
0 0.608464 0.595948 0.027865 0.027575
0 0.752995 0.836663 0.025260 0.023917
0 0.716146 0.620990 0.025000 0.026449
0 0.069661 0.596652 0.025260 0.026730
0 0.750651 0.593275 0.024740 0.027293
0 0.142578 0.896595 0.027865 0.027293
0 0.695182 0.167417 0.029427 0.032077
0 0.472786 0.274479 0.032031 0.037423
0 0.860938 0.915869 0.025521 0.027012
0 0.535547 0.463140 0.025781 0.029826
0 0.608203 0.569781 0.026823 0.025886
0 0.321094 0.788548 0.028125 0.029544
0 0.280729 0.544879 0.025521 0.025042
0 0.429688 0.595104 0.022917 0.024761
0 0.286979 0.788126 0.031771 0.028700
0 0.141797 0.814575 0.026302 0.028137
0 0.068620 0.464266 0.026302 0.030388
0 0.102995 0.621272 0.026823 0.029263
0 0.680990 0.918261 0.026042 0.022791
0 0.139583 0.623945 0.026042 0.027293
0 0.644010 0.539955 0.029167 0.028137
0 0.465885 0.812746 0.025521 0.025042
0 0.825781 0.623804 0.025000 0.030388
0 0.644531 0.567248 0.025000 0.025324
0 0.475000 0.312465 0.038542 0.038548
0 0.677865 0.539674 0.026042 0.027012
0 0.539714 0.918824 0.024740 0.023917
0 0.069531 0.649972 0.029167 0.025886
0 0.069401 0.763365 0.027865 0.028700
0 0.539714 0.893922 0.028906 0.028137
0 0.645312 0.489308 0.030208 0.024761
0 0.825781 0.754361 0.032292 0.031514
0 0.466667 0.514772 0.025000 0.026730
0 0.138542 0.650535 0.030729 0.027012
0 0.392839 0.567107 0.024740 0.025042
0 0.393750 0.541643 0.026042 0.024761
0 0.679427 0.757175 0.025000 0.029826
0 0.896224 0.859454 0.025781 0.025042
0 0.754427 0.942881 0.030729 0.027012
0 0.138411 0.570484 0.024219 0.024479
0 0.178516 0.650535 0.030469 0.026449
0 0.134505 0.275464 0.038281 0.033202
0 0.142969 0.923467 0.027083 0.028137
0 0.790365 0.861986 0.026042 0.027856
0 0.932031 0.859454 0.024479 0.025605
0 0.430469 0.814575 0.026562 0.029826
0 0.178516 0.869162 0.024740 0.027012
0 0.577083 0.945132 0.031250 0.028137
0 0.250651 0.895751 0.024740 0.026730
0 0.429818 0.867614 0.025781 0.030107
0 0.069010 0.544035 0.025521 0.025042
0 0.501563 0.839617 0.025000 0.023635
0 0.321484 0.867614 0.024740 0.024479
0 0.715104 0.594260 0.024479 0.022510
0 0.069792 0.842572 0.025521 0.021666
0 0.358203 0.917136 0.025260 0.027293
0 0.646615 0.838492 0.024479 0.025886
0 0.755078 0.915588 0.025781 0.025324
0 0.751172 0.566967 0.025260 0.026449
0 0.069661 0.895329 0.024219 0.028137
0 0.080208 0.350169 0.030729 0.032358
0 0.078906 0.312606 0.037500 0.036016
0 0.611198 0.754924 0.029167 0.036016
0 0.536328 0.566123 0.026302 0.024198
0 0.319922 0.543331 0.025781 0.024761
0 0.070052 0.868458 0.024479 0.025605
0 0.862760 0.942037 0.030729 0.027012
0 0.474870 0.350450 0.042448 0.041925
0 0.538411 0.866629 0.026823 0.027575
0 0.356901 0.540518 0.023698 0.024198
0 0.286979 0.949353 0.028646 0.024198
0 0.646354 0.463562 0.027083 0.029544
0 0.825000 0.546005 0.027604 0.028419
0 0.860026 0.834131 0.025260 0.026730
0 0.752474 0.783483 0.027344 0.026730
0 0.789323 0.835256 0.025000 0.025042
0 0.430729 0.539955 0.026562 0.025886
0 0.933073 0.489167 0.023958 0.028419
0 0.933854 0.942178 0.029167 0.025042
0 0.501823 0.813590 0.025000 0.028981
0 0.573177 0.543191 0.025521 0.023917
0 0.143099 0.950056 0.029948 0.026730
0 0.575130 0.838914 0.025260 0.025042
0 0.610026 0.837788 0.026302 0.024479
0 0.245573 0.542769 0.023958 0.021947
0 0.610807 0.891953 0.025781 0.028137
0 0.360807 0.349606 0.035156 0.047552
0 0.536328 0.631964 0.023177 0.023073
0 0.860156 0.545020 0.024479 0.023073
0 0.860547 0.860017 0.023698 0.026730
0 0.133724 0.309229 0.040365 0.035453
0 0.898047 0.541362 0.027344 0.024761
0 0.751432 0.166573 0.036198 0.031514
0 0.286328 0.895329 0.024219 0.023635
0 0.394141 0.843979 0.028385 0.028419
0 0.787891 0.463984 0.025781 0.022510
0 0.825911 0.862268 0.024740 0.022791
0 0.805599 0.203855 0.038802 0.031232
0 0.536849 0.812606 0.027865 0.027575
0 0.244661 0.569218 0.024219 0.026449
0 0.827734 0.917698 0.026302 0.026168
0 0.754818 0.888858 0.025260 0.024198
0 0.431250 0.841024 0.026042 0.026449
0 0.107422 0.924170 0.029427 0.027856
0 0.465104 0.566685 0.023438 0.024198
0 0.862240 0.597214 0.023438 0.021666
0 0.322135 0.894626 0.023958 0.023917
0 0.105859 0.869021 0.024740 0.026730
0 0.286068 0.841868 0.026823 0.025886
0 0.576172 0.869724 0.023698 0.026449
0 0.356771 0.568092 0.022917 0.026449
0 0.250391 0.922060 0.024219 0.023073
0 0.178906 0.761396 0.027604 0.030951
0 0.788802 0.490433 0.022917 0.029263
0 0.528385 0.168261 0.038021 0.029263
0 0.178646 0.895329 0.025521 0.024198
0 0.212109 0.789252 0.023177 0.028137
0 0.897526 0.913759 0.024740 0.024479
0 0.501172 0.489730 0.029948 0.027293
0 0.396224 0.948649 0.026302 0.022791
0 0.465104 0.893360 0.026042 0.028137
0 0.358724 0.877743 0.021094 0.022791
0 0.898568 0.940912 0.030990 0.027575
0 0.584245 0.349465 0.035156 0.045020
0 0.897266 0.566685 0.025781 0.025886
0 0.286589 0.923607 0.026823 0.030670
0 0.245703 0.467501 0.026302 0.031795
0 0.646615 0.755909 0.023438 0.026730
0 0.754167 0.862831 0.026562 0.025605
0 0.680599 0.864519 0.025781 0.027293
0 0.502344 0.867051 0.025000 0.026168
0 0.537240 0.650957 0.025521 0.020540
0 0.069141 0.950619 0.028385 0.022791
0 0.536068 0.544176 0.024219 0.023635
0 0.500911 0.462015 0.029427 0.027012
0 0.250260 0.815841 0.028646 0.031232
0 0.788932 0.783483 0.027344 0.027293
0 0.806901 0.240011 0.044531 0.046708
0 0.500521 0.620850 0.025521 0.025605
0 0.210417 0.569077 0.023958 0.025042
0 0.178125 0.923748 0.022917 0.026449
0 0.069010 0.923185 0.026562 0.025886
0 0.714974 0.757034 0.024740 0.028981
0 0.640234 0.351435 0.044010 0.033765
0 0.105339 0.842431 0.027344 0.026449
0 0.500260 0.595104 0.030208 0.029263
0 0.751823 0.620428 0.025000 0.025324
0 0.465885 0.540096 0.023958 0.023354
0 0.467708 0.646595 0.030729 0.024198
0 0.251432 0.947524 0.026302 0.022791
0 0.394141 0.868880 0.025781 0.024198
0 0.503255 0.893782 0.025260 0.025042
0 0.536458 0.610580 0.025521 0.026449
0 0.791276 0.915869 0.026302 0.021947
0 0.861719 0.571187 0.028125 0.031514
0 0.107031 0.949212 0.030208 0.026730
0 0.933854 0.462296 0.027083 0.020259
0 0.213281 0.650113 0.027083 0.026168
0 0.323177 0.923044 0.026562 0.025605
0 0.752214 0.647580 0.029427 0.025042
0 0.715885 0.462718 0.025000 0.025605
0 0.753125 0.461171 0.026042 0.026449
0 0.897396 0.592994 0.023438 0.022791
0 0.826953 0.649831 0.026823 0.023354
0 0.646094 0.645892 0.030729 0.022791
0 0.504818 0.920934 0.033594 0.030951
0 0.179818 0.950056 0.028906 0.025042
0 0.212109 0.763084 0.024740 0.023073
0 0.359505 0.948227 0.029948 0.026449
0 0.787500 0.753939 0.029687 0.028419
0 0.248438 0.760833 0.024479 0.025324
0 0.284375 0.761958 0.024479 0.025324
0 0.792188 0.940912 0.031250 0.028137
0 0.357031 0.842290 0.026562 0.026730
0 0.823568 0.596652 0.025781 0.025605
0 0.502344 0.541643 0.028125 0.028137
0 0.502604 0.644485 0.028125 0.026730
0 0.823307 0.572172 0.025781 0.026730
0 0.211458 0.736494 0.023438 0.028419
0 0.499609 0.567530 0.026302 0.026449
0 0.803516 0.091306 0.043490 0.043613
