0 0.904693 0.062470 0.190615 0.091525
0 0.910299 0.190436 0.179402 0.126150
0 0.921927 0.315738 0.156146 0.090557
0 0.910299 0.428814 0.179402 0.095884
0 0.889950 0.546731 0.207641 0.104116
0 0.897633 0.687288 0.204734 0.119855
0 0.901163 0.812591 0.197674 0.115738
0 0.896179 0.923608 0.155316 0.106295
0 0.712002 0.059927 0.180648 0.117918
0 0.712002 0.184625 0.183970 0.114528
0 0.718439 0.300969 0.207641 0.098789
0 0.694352 0.419128 0.195183 0.096852
0 0.699543 0.554600 0.159053 0.100969
0 0.698505 0.679419 0.182724 0.114770
0 0.705772 0.811501 0.214701 0.107264
0 0.690199 0.941041 0.166113 0.115981
0 0.502699 0.057869 0.173173 0.103148
0 0.490033 0.186199 0.166113 0.103148
0 0.501869 0.324092 0.174834 0.111622
0 0.495432 0.435230 0.176910 0.100000
0 0.510797 0.554722 0.189369 0.103148
0 0.512666 0.676150 0.182309 0.100000
0 0.502699 0.811501 0.180648 0.119855
0 0.511628 0.933172 0.158638 0.072639
0 0.302118 0.059322 0.169850 0.104116
0 0.307517 0.185109 0.162375 0.092736
0 0.318314 0.316707 0.144103 0.109443
0 0.306686 0.453511 0.160714 0.109443
0 0.311254 0.572034 0.162375 0.083051
0 0.321013 0.680024 0.196844 0.094673
0 0.307517 0.814770 0.223837 0.109443
0 0.317691 0.944189 0.196844 0.107264
0 0.120640 0.054116 0.171512 0.100000
0 0.106312 0.189346 0.175249 0.071671
0 0.107143 0.318402 0.158638 0.097821
0 0.108181 0.467312 0.178987 0.105085
0 0.107143 0.576271 0.184385 0.108475
0 0.089078 0.702663 0.173173 0.091525
0 0.091777 0.823729 0.167774 0.102179
0 0.101744 0.954722 0.187708 0.088620
