0 0.804538 0.197911 0.076499 0.106527
0 0.545300 0.470670 0.080551 0.102002
0 0.356483 0.217058 0.077958 0.094343
0 0.887601 0.382419 0.083793 0.113142
0 0.716856 0.638729 0.077796 0.091036
0 0.545705 0.903307 0.073258 0.104265
0 0.638331 0.744648 0.083468 0.091558
0 0.447083 0.111053 0.081524 0.077981
0 0.265478 0.121671 0.073582 0.088425
0 0.634927 0.114621 0.080875 0.075370
0 0.885818 0.106789 0.061750 0.075022
0 0.887520 0.513229 0.076499 0.092428
0 0.802107 0.310792 0.076823 0.092428
0 0.449595 0.423673 0.079741 0.103394
0 0.358833 0.567450 0.064830 0.103742
0 0.355267 0.105396 0.072934 0.068755
0 0.804700 0.631158 0.070665 0.092950
0 0.544003 0.666406 0.073096 0.095909
0 0.546353 0.379721 0.083306 0.069104
0 0.632496 0.643777 0.075365 0.083377
0 0.453647 0.666928 0.089789 0.119582
0 0.543112 0.781723 0.076175 0.111749
0 0.717261 0.214186 0.078930 0.091384
0 0.715640 0.530722 0.072123 0.102698
0 0.452107 0.215840 0.083468 0.112446
0 0.455186 0.543429 0.080875 0.111749
0 0.547731 0.220714 0.077310 0.070322
0 0.637601 0.538903 0.073582 0.111053
0 0.270583 0.299217 0.071475 0.082855
0 0.889951 0.594082 0.084927 0.067885
0 0.544408 0.565535 0.072609 0.077981
0 0.269692 0.213142 0.069368 0.064926
0 0.096921 0.536031 0.065478 0.091384
0 0.542382 0.127502 0.071799 0.107398
0 0.639303 0.357006 0.074716 0.072411
0 0.358428 0.326719 0.068882 0.105483
0 0.717585 0.422019 0.068558 0.082681
0 0.805916 0.915840 0.076013 0.072237
0 0.639708 0.922802 0.076499 0.061793
0 0.361426 0.445083 0.074554 0.106876
0 0.360778 0.682158 0.069368 0.085292
0 0.799838 0.413055 0.069692 0.087728
0 0.543193 0.300609 0.067585 0.078329
0 0.175527 0.115666 0.076823 0.087554
0 0.182253 0.294343 0.078930 0.074151
0 0.445786 0.316710 0.073420 0.080940
0 0.719125 0.916275 0.080713 0.059182
0 0.806078 0.821149 0.076661 0.072237
0 0.888574 0.232811 0.082496 0.158573
0 0.800486 0.516014 0.068395 0.102524
0 0.639384 0.270931 0.066775 0.067363
0 0.717180 0.315492 0.070665 0.090688
0 0.806321 0.734030 0.075851 0.082158
0 0.272690 0.549086 0.078282 0.085117
0 0.635737 0.191297 0.070827 0.061619
0 0.710859 0.111749 0.063857 0.086336
0 0.639627 0.436031 0.063695 0.062315
0 0.716532 0.742733 0.065154 0.083203
0 0.363533 0.918886 0.072934 0.075196
0 0.802431 0.096954 0.066451 0.051175
0 0.180146 0.212272 0.066288 0.076762
0 0.714425 0.834726 0.056402 0.063185
0 0.102350 0.624108 0.070178 0.079896
0 0.451945 0.914621 0.067909 0.076762
0 0.107455 0.716188 0.082658 0.108094
0 0.454781 0.770757 0.080713 0.067537
0 0.023177 0.908877 0.034684 0.052045
0 0.287844 0.388425 0.048622 0.055527
0 0.637763 0.848042 0.047650 0.078329
0 0.453890 0.842124 0.066937 0.072759
0 0.355186 0.776327 0.051702 0.084943
0 0.360211 0.848042 0.055592 0.060923
0 0.104457 0.833943 0.078930 0.123934
