0 0.827694 0.251253 0.105310 0.106896
0 0.823773 0.361847 0.107327 0.099499
0 0.819852 0.473395 0.099485 0.113099
0 0.827246 0.588046 0.094555 0.099499
0 0.827582 0.704247 0.109119 0.097590
0 0.822317 0.814245 0.106207 0.116201
0 0.719023 0.252446 0.107999 0.102601
0 0.714654 0.367573 0.101501 0.109043
0 0.713197 0.476974 0.100381 0.097351
0 0.718015 0.583870 0.110016 0.112145
0 0.711741 0.696492 0.107327 0.106896
0 0.711181 0.811978 0.100381 0.095443
0 0.612368 0.247674 0.107103 0.095443
0 0.603630 0.366022 0.099485 0.114054
0 0.607439 0.477452 0.101277 0.108805
0 0.606095 0.587449 0.100381 0.117394
0 0.603518 0.701026 0.109119 0.112145
0 0.605983 0.811978 0.110016 0.107850
0 0.408358 0.245168 0.092539 0.102839
0 0.415528 0.353973 0.087609 0.098545
0 0.402420 0.698401 0.084696 0.119303
0 0.399507 0.807922 0.107999 0.095443
0 0.301591 0.239322 0.101277 0.107850
0 0.298678 0.355643 0.105310 0.111906
0 0.294757 0.467072 0.099261 0.104748
0 0.292292 0.591028 0.096572 0.107850
0 0.291844 0.694822 0.101501 0.101646
0 0.292292 0.804343 0.108223 0.113099
0 0.190567 0.241470 0.109119 0.105941
0 0.187654 0.352541 0.114945 0.097590
0 0.182725 0.470771 0.093435 0.103555
0 0.188662 0.579217 0.107103 0.092341
0 0.185637 0.694822 0.114945 0.089239
0 0.185637 0.802195 0.113153 0.096397
