0 0.079033 0.627164 0.026185 0.025701
0 0.334289 0.690701 0.023318 0.023559
0 0.256690 0.067732 0.024465 0.017312
0 0.132359 0.692218 0.028096 0.021596
0 0.643157 0.865162 0.025994 0.022666
0 0.233276 0.871230 0.025803 0.024094
0 0.308391 0.628503 0.021980 0.027664
0 0.107703 0.846957 0.026567 0.020882
0 0.158926 0.735767 0.025803 0.025522
0 0.615730 0.821703 0.024656 0.023916
0 0.923356 0.954042 0.025229 0.021596
0 0.489966 0.915670 0.025803 0.022309
0 0.797878 0.643227 0.028861 0.018918
0 0.846330 0.664109 0.027523 0.027485
0 0.132550 0.916741 0.023509 0.023023
0 0.207091 0.558362 0.023891 0.021953
0 0.308391 0.065679 0.024274 0.025701
0 0.281919 0.132072 0.022171 0.024630
0 0.541284 0.916652 0.022936 0.024273
0 0.182339 0.871587 0.024083 0.026593
0 0.462252 0.622345 0.023891 0.023202
0 0.643062 0.910316 0.023891 0.026950
0 0.535933 0.176156 0.022936 0.025344
0 0.207951 0.827414 0.025229 0.023202
0 0.311258 0.978851 0.026185 0.029092
0 0.079033 0.601731 0.025420 0.023737
0 0.487481 0.328039 0.026567 0.027128
0 0.385321 0.934678 0.025612 0.021060
0 0.284595 0.196948 0.026376 0.023380
0 0.669151 0.891665 0.025229 0.024630
0 0.718177 0.063002 0.026567 0.020346
0 0.080562 0.714796 0.028861 0.021417
0 0.107225 0.870694 0.027523 0.022666
0 0.309346 0.601196 0.025038 0.026236
0 0.310971 0.891665 0.025994 0.026771
0 0.079702 0.692129 0.027905 0.022845
0 0.409881 0.109138 0.021980 0.020525
0 0.131881 0.872836 0.019878 0.024808
0 0.157779 0.537480 0.022362 0.025879
0 0.333620 0.665983 0.023127 0.025522
0 0.743597 0.821613 0.022362 0.021239
0 0.870891 0.888988 0.023127 0.024630
0 0.566514 0.421738 0.029434 0.024630
0 0.565558 0.891576 0.024083 0.027307
0 0.208907 0.736302 0.025229 0.021239
0 0.515959 0.822595 0.024656 0.025344
0 0.437213 0.130198 0.024656 0.023737
0 0.410837 0.085311 0.026950 0.024630
0 0.438073 0.935749 0.024083 0.022488
0 0.236812 0.197751 0.030963 0.019989
0 0.796923 0.326522 0.025803 0.024094
0 0.512137 0.577191 0.023127 0.021417
0 0.155581 0.623684 0.021407 0.026236
0 0.693138 0.383991 0.023891 0.028378
0 0.180810 0.603516 0.026376 0.022666
0 0.106843 0.895502 0.024847 0.024094
0 0.847381 0.349634 0.025038 0.026771
0 0.770642 0.284490 0.025612 0.023202
0 0.259939 0.914064 0.024465 0.026593
0 0.209002 0.960646 0.024274 0.019811
0 0.207760 0.690255 0.025612 0.023737
0 0.541380 0.892290 0.021980 0.024808
0 0.670489 0.914778 0.024465 0.022309
0 0.692756 0.688114 0.025420 0.026593
0 0.233372 0.914510 0.023318 0.027485
0 0.235187 0.154025 0.026185 0.023559
0 0.588112 0.108513 0.022554 0.022488
0 0.565367 0.642959 0.024847 0.024451
0 0.155581 0.647510 0.023700 0.021417
0 0.643826 0.976887 0.025420 0.025165
0 0.183008 0.957523 0.025038 0.022488
0 0.565463 0.666161 0.025803 0.023380
0 0.439125 0.687400 0.026567 0.023380
0 0.284213 0.173122 0.027905 0.019989
0 0.259174 0.849902 0.024083 0.019989
0 0.210436 0.487774 0.027905 0.019275
0 0.743979 0.977066 0.025420 0.024451
0 0.489106 0.892290 0.027141 0.024808
0 0.694667 0.956095 0.026567 0.023559
0 0.768731 0.728717 0.032110 0.026771
0 0.156919 0.670087 0.027905 0.021596
0 0.490826 0.868374 0.027523 0.026236
0 0.131212 0.604051 0.026185 0.024451
0 0.181862 0.580046 0.028479 0.024987
0 0.310589 0.868196 0.025612 0.019811
0 0.717221 0.531679 0.025420 0.026057
0 0.744457 0.085847 0.023318 0.027485
0 0.106269 0.826343 0.024847 0.020346
0 0.208047 0.622256 0.025803 0.021596
0 0.845757 0.893271 0.025994 0.027485
0 0.257645 0.399250 0.025612 0.023916
0 0.462634 0.131804 0.024274 0.024451
0 0.132741 0.626986 0.026185 0.022488
0 0.745700 0.888899 0.024274 0.019097
0 0.919629 0.664109 0.025420 0.026771
0 0.769113 0.172765 0.023318 0.023559
0 0.719228 0.847939 0.025612 0.023202
0 0.356938 0.086025 0.023891 0.025344
0 0.691418 0.041763 0.022745 0.026771
0 0.134079 0.715331 0.023891 0.022845
0 0.434633 0.064430 0.021024 0.023916
0 0.357607 0.552561 0.023700 0.021060
0 0.257645 0.044440 0.023318 0.028913
0 0.282683 0.624219 0.022936 0.024808
0 0.591934 0.217384 0.026758 0.022131
0 0.207664 0.535427 0.023127 0.024987
0 0.332856 0.064073 0.023891 0.023202
0 0.464354 0.912279 0.025420 0.021953
0 0.184060 0.668035 0.025612 0.020346
0 0.719132 0.893807 0.026185 0.024987
0 0.306193 0.532661 0.022171 0.021953
0 0.310398 0.847046 0.024083 0.022131
0 0.744457 0.151347 0.025229 0.025344
0 0.767775 0.531590 0.023700 0.026950
0 0.669820 0.866679 0.025038 0.025344
0 0.845566 0.688292 0.026758 0.017669
0 0.105218 0.555952 0.026567 0.018918
0 0.716934 0.038997 0.027523 0.025879
0 0.106747 0.737373 0.029243 0.022666
0 0.516342 0.912011 0.024656 0.023202
0 0.462729 0.644565 0.025994 0.019811
0 0.283830 0.560057 0.023700 0.022845
0 0.872229 0.685526 0.023509 0.019989
0 0.284404 0.825629 0.023700 0.020703
0 0.744266 0.911744 0.022554 0.026236
0 0.333907 0.604319 0.022554 0.021417
0 0.615826 0.665358 0.029817 0.024273
0 0.258601 0.825451 0.025994 0.028556
0 0.744648 0.127432 0.025994 0.018918
0 0.897649 0.283509 0.023127 0.023737
0 0.284404 0.692754 0.023700 0.021239
0 0.463494 0.977512 0.022554 0.021060
0 0.181670 0.377298 0.023127 0.024273
0 0.385512 0.889077 0.025994 0.024094
0 0.921254 0.867839 0.021407 0.022309
0 0.591552 0.891754 0.022936 0.025165
0 0.536984 0.532126 0.024274 0.026236
0 0.616112 0.916384 0.023127 0.022666
0 0.591552 0.867928 0.023700 0.022488
0 0.183008 0.711226 0.026567 0.021060
0 0.694190 0.844815 0.022554 0.023023
0 0.770833 0.820900 0.025612 0.023023
0 0.360665 0.914689 0.021789 0.027485
0 0.516437 0.867214 0.023318 0.024273
0 0.206900 0.803052 0.023891 0.024094
0 0.717125 0.385597 0.021789 0.024808
0 0.310493 0.425933 0.025420 0.020168
0 0.310206 0.370873 0.025994 0.021060
0 0.386372 0.913350 0.028096 0.023737
0 0.510608 0.223273 0.022745 0.024630
0 0.413226 0.823220 0.026376 0.022666
0 0.310015 0.823844 0.022936 0.024630
0 0.719992 0.825094 0.024465 0.022845
0 0.209098 0.131626 0.024465 0.018383
0 0.642393 0.533553 0.024083 0.026236
0 0.566036 0.917455 0.025803 0.024094
0 0.233754 0.938069 0.024847 0.018918
0 0.079702 0.984026 0.021024 0.022666
0 0.717699 0.128949 0.024465 0.017312
0 0.821961 0.915135 0.022745 0.020525
0 0.283066 0.353471 0.024465 0.019811
0 0.307913 0.576834 0.024465 0.021774
0 0.182244 0.937980 0.023891 0.014100
0 0.589354 0.061663 0.025038 0.023737
0 0.872229 0.932358 0.024274 0.021060
0 0.617068 0.867392 0.025420 0.023559
0 0.643731 0.398269 0.028670 0.020525
0 0.230505 0.088613 0.023318 0.023380
0 0.281823 0.536231 0.020069 0.024808
0 0.795680 0.888899 0.025994 0.024094
0 0.820719 0.892736 0.023700 0.024273
0 0.156250 0.939586 0.021980 0.021596
0 0.617164 0.799750 0.024083 0.020346
0 0.564794 0.802606 0.021407 0.022845
0 0.410359 0.132340 0.022171 0.023737
0 0.359996 0.939497 0.023891 0.022131
0 0.231938 0.847135 0.025803 0.022309
0 0.871082 0.911387 0.025420 0.019454
0 0.719706 0.580850 0.026950 0.018383
0 0.644687 0.687400 0.027523 0.018383
0 0.233276 0.579689 0.024656 0.027128
0 0.436353 0.329020 0.025229 0.024808
0 0.462825 0.824737 0.023891 0.017134
0 0.920680 0.819650 0.025229 0.023737
0 0.641533 0.780296 0.021980 0.022845
0 0.259365 0.870962 0.024847 0.023916
0 0.079224 0.669641 0.023127 0.021417
0 0.718559 0.557023 0.022745 0.023559
0 0.614966 0.891665 0.022362 0.024273
0 0.642393 0.559343 0.024083 0.023916
0 0.411984 0.872925 0.025038 0.022131
0 0.797114 0.150634 0.025420 0.024630
0 0.669629 0.956898 0.023509 0.022666
0 0.182531 0.894878 0.024083 0.019275
0 0.461009 0.220061 0.021789 0.019275
0 0.818712 0.866322 0.024274 0.024630
0 0.847095 0.413796 0.025229 0.026593
0 0.489488 0.733803 0.026376 0.020525
0 0.233945 0.174639 0.023318 0.016241
0 0.645356 0.935838 0.025803 0.021239
0 0.921923 0.175263 0.025803 0.028556
0 0.591552 0.915670 0.022936 0.021239
0 0.130543 0.580225 0.024465 0.024273
0 0.207282 0.849902 0.024656 0.020346
0 0.331995 0.536498 0.026376 0.026057
0 0.157875 0.354542 0.023700 0.024451
0 0.183295 0.734874 0.024847 0.024451
0 0.131021 0.356059 0.022362 0.019989
0 0.282588 0.419864 0.023127 0.023737
0 0.208524 0.447974 0.024847 0.018918
0 0.258314 0.087096 0.028479 0.018918
0 0.485187 0.199625 0.021598 0.025879
0 0.922974 0.239604 0.030963 0.026593
0 0.564602 0.218008 0.023318 0.016955
0 0.132359 0.827860 0.025420 0.025879
0 0.131021 0.669641 0.022362 0.023916
0 0.207282 0.287971 0.024274 0.025522
0 0.718081 0.085758 0.021789 0.023737
0 0.183295 0.981974 0.026376 0.022845
0 0.691800 0.711851 0.024274 0.016955
0 0.155772 0.873639 0.026376 0.021060
0 0.509843 0.174817 0.021598 0.024451
0 0.157015 0.916920 0.023891 0.024094
0 0.488914 0.822417 0.022936 0.019989
0 0.360474 0.866679 0.021407 0.021774
0 0.130638 0.424415 0.026567 0.025344
0 0.383314 0.042210 0.027332 0.028021
0 0.615730 0.396395 0.023891 0.026414
0 0.461105 0.329466 0.021980 0.023559
0 0.283639 0.958147 0.023700 0.025165
0 0.872706 0.954310 0.023318 0.023559
0 0.946770 0.865965 0.026185 0.022845
0 0.358085 0.602713 0.025420 0.022488
0 0.439125 0.733446 0.024656 0.025165
0 0.231460 0.064965 0.020642 0.021060
0 0.105409 0.579689 0.021980 0.023559
0 0.771216 0.706675 0.028287 0.018383
0 0.614010 0.062288 0.024274 0.025344
0 0.207760 0.919240 0.022936 0.025879
0 0.844706 0.867482 0.026567 0.025522
0 0.696196 0.934053 0.024274 0.020882
0 0.769782 0.912101 0.021598 0.019454
0 0.692661 0.174371 0.023700 0.026771
0 0.538609 0.596823 0.026758 0.019632
0 0.232129 0.534803 0.021216 0.022666
0 0.795776 0.555060 0.023891 0.027842
0 0.078077 0.785740 0.023891 0.025879
0 0.285455 0.915670 0.024656 0.023380
0 0.209671 0.941817 0.024847 0.018918
0 0.106843 0.329020 0.023700 0.024451
0 0.694476 0.868106 0.024656 0.019989
0 0.643253 0.887025 0.024274 0.017491
0 0.107225 0.919597 0.026376 0.022666
0 0.847477 0.638497 0.027905 0.019454
0 0.614488 0.704979 0.027905 0.022488
0 0.283352 0.646261 0.028096 0.020346
0 0.104740 0.354542 0.025612 0.019097
0 0.693998 0.888720 0.022936 0.020525
0 0.079320 0.649830 0.022171 0.018205
0 0.078842 0.832857 0.025803 0.024094
0 0.206995 0.378369 0.025229 0.020703
0 0.437882 0.827771 0.022936 0.022488
0 0.719323 0.800375 0.024656 0.027307
0 0.541284 0.822506 0.024465 0.020168
0 0.283448 0.219525 0.023700 0.016777
0 0.540138 0.640907 0.025229 0.018561
0 0.615157 0.618776 0.023127 0.024273
0 0.795967 0.621988 0.026185 0.017848
0 0.359423 0.731751 0.026185 0.026771
0 0.048834 0.579689 0.025038 0.025701
0 0.769878 0.844815 0.027905 0.021953
0 0.411315 0.848296 0.023318 0.026057
0 0.105696 0.624576 0.025612 0.023380
0 0.488628 0.709352 0.024656 0.024094
0 0.463016 0.708906 0.020069 0.022131
0 0.132550 0.981439 0.026185 0.025344
0 0.438551 0.849099 0.025038 0.020168
0 0.158830 0.066036 0.024083 0.025701
0 0.539086 0.664376 0.024274 0.024451
0 0.132167 0.536766 0.025803 0.025879
0 0.872611 0.172229 0.023891 0.022845
0 0.845948 0.616991 0.025994 0.017491
0 0.257741 0.328752 0.022745 0.024630
0 0.309729 0.174192 0.020833 0.023202
0 0.769495 0.889077 0.021024 0.021953
0 0.463207 0.399786 0.030390 0.018918
0 0.050650 0.604587 0.025612 0.025522
0 0.106747 0.713814 0.026567 0.026950
0 0.233180 0.825272 0.022554 0.021774
0 0.512424 0.711672 0.024083 0.021239
0 0.819763 0.800999 0.020642 0.019989
0 0.233276 0.557112 0.024274 0.017312
0 0.847955 0.127789 0.025038 0.018205
0 0.562213 0.172854 0.024656 0.020168
0 0.258696 0.891308 0.024656 0.018918
0 0.794056 0.864626 0.024656 0.022309
0 0.436640 0.577102 0.026185 0.023023
0 0.871655 0.282973 0.025420 0.024094
0 0.516437 0.890684 0.024847 0.017669
0 0.232703 0.330626 0.023127 0.018740
0 0.693903 0.283866 0.024274 0.021596
0 0.770738 0.150723 0.025420 0.019454
0 0.129683 0.068981 0.024274 0.028378
0 0.233180 0.980368 0.025994 0.022488
0 0.896980 0.910494 0.026758 0.023023
0 0.818616 0.822952 0.023700 0.023916
0 0.259079 0.108692 0.028479 0.024630
0 0.335818 0.957790 0.024847 0.022666
0 0.385799 0.644119 0.024656 0.023559
0 0.589545 0.576031 0.021980 0.026950
0 0.385034 0.955738 0.023127 0.022131
0 0.387232 0.733179 0.025229 0.026057
0 0.485378 0.225683 0.021980 0.023380
0 0.489106 0.844280 0.025994 0.020168
0 0.285455 0.891754 0.021980 0.023023
0 0.362194 0.980546 0.024083 0.019989
0 0.562022 0.107353 0.021980 0.019811
0 0.642584 0.085044 0.023700 0.022666
0 0.796063 0.977601 0.023700 0.020882
0 0.541858 0.846065 0.027141 0.024094
0 0.642393 0.842317 0.022936 0.020168
0 0.565463 0.576566 0.021980 0.019097
0 0.309346 0.654739 0.025803 0.022666
0 0.465119 0.732197 0.023891 0.023737
0 0.232511 0.039086 0.024656 0.025344
0 0.795585 0.580939 0.023891 0.021774
0 0.385226 0.554703 0.026185 0.026057
0 0.615635 0.844905 0.023318 0.021060
0 0.385512 0.130912 0.023700 0.020168
0 0.462538 0.803855 0.021789 0.024987
0 0.106460 0.646886 0.025612 0.020882
0 0.795776 0.087007 0.025038 0.029092
0 0.183200 0.444048 0.027714 0.023916
0 0.848146 0.728895 0.028096 0.025701
0 0.207091 0.872122 0.021598 0.023737
0 0.796254 0.912993 0.027523 0.020882
0 0.615061 0.323398 0.024847 0.019632
0 0.516055 0.934856 0.023700 0.021774
0 0.233467 0.285918 0.025038 0.017848
0 0.489583 0.779315 0.024274 0.019811
0 0.336583 0.891130 0.022171 0.021417
0 0.566323 0.486347 0.030963 0.026414
0 0.209289 0.400678 0.027523 0.018918
0 0.845088 0.594681 0.030772 0.023559
0 0.512137 0.689898 0.023127 0.022666
0 0.232225 0.112261 0.019878 0.020703
0 0.182339 0.916920 0.022554 0.025522
0 0.180715 0.536409 0.023509 0.026236
0 0.820623 0.328128 0.020833 0.021239
0 0.490348 0.956809 0.022362 0.018918
0 0.823872 0.238622 0.029243 0.024987
0 0.464354 0.933429 0.025803 0.021060
0 0.309633 0.467071 0.025994 0.018205
0 0.051701 0.958861 0.026567 0.022309
0 0.563647 0.281992 0.024083 0.025701
0 0.796636 0.933072 0.025994 0.019989
0 0.692183 0.554078 0.022745 0.023737
0 0.208716 0.895324 0.024465 0.023023
0 0.489583 0.978404 0.025038 0.023559
0 0.897267 0.952525 0.024656 0.020346
0 0.643540 0.821970 0.026376 0.021239
0 0.259174 0.175888 0.024847 0.019811
0 0.257263 0.422185 0.025612 0.018383
0 0.281919 0.581385 0.021407 0.018383
0 0.258983 0.466803 0.026376 0.027307
0 0.769400 0.129306 0.023509 0.017669
0 0.105027 0.979565 0.026185 0.024094
0 0.209576 0.713636 0.023891 0.022666
0 0.183200 0.422898 0.025038 0.018026
0 0.925076 0.976441 0.024847 0.019989
0 0.507741 0.128056 0.023509 0.020882
0 0.385894 0.598072 0.027523 0.026057
0 0.283352 0.488042 0.021598 0.025522
0 0.282397 0.443334 0.021598 0.019632
0 0.132836 0.959754 0.024083 0.019454
0 0.796063 0.602534 0.024847 0.018205
0 0.590883 0.801178 0.021216 0.022488
0 0.590501 0.173122 0.027332 0.017491
0 0.491399 0.937177 0.024847 0.019632
0 0.307817 0.307425 0.022745 0.020168
0 0.590787 0.845797 0.021407 0.021417
0 0.259270 0.374978 0.025803 0.019275
0 0.437500 0.599411 0.026758 0.020525
0 0.384652 0.242906 0.024274 0.020346
0 0.516342 0.844548 0.023509 0.016777
0 0.258601 0.689006 0.024083 0.024808
0 0.438742 0.891219 0.024274 0.020525
0 0.357320 0.576834 0.023127 0.028199
0 0.641342 0.040782 0.023509 0.025165
0 0.335627 0.822060 0.024465 0.021774
0 0.132454 0.937980 0.024465 0.023023
0 0.670107 0.978047 0.021024 0.020346
0 0.512041 0.556041 0.024465 0.020525
0 0.053039 0.783420 0.025038 0.019811
0 0.848050 0.284312 0.022936 0.025344
0 0.437978 0.912993 0.024274 0.022309
0 0.331995 0.087275 0.024083 0.016063
0 0.770069 0.932447 0.024465 0.020882
0 0.566896 0.866768 0.024847 0.023737
0 0.484041 0.128592 0.023509 0.022666
0 0.896885 0.974299 0.022745 0.022488
0 0.462252 0.664822 0.019687 0.018561
0 0.435780 0.241478 0.021407 0.024273
0 0.796158 0.686240 0.025803 0.020703
0 0.616399 0.532304 0.025994 0.020882
0 0.385799 0.822506 0.022745 0.019097
0 0.487290 0.686775 0.025420 0.021417
0 0.615443 0.106639 0.025229 0.020525
0 0.796827 0.128770 0.026758 0.019097
0 0.283926 0.935749 0.024274 0.017848
0 0.643540 0.063716 0.027141 0.019989
0 0.079702 0.536766 0.024083 0.025165
0 0.848528 0.149830 0.024274 0.024808
0 0.540329 0.800821 0.020642 0.019632
0 0.563456 0.196680 0.021789 0.022488
0 0.771789 0.380421 0.023700 0.027307
0 0.510417 0.105568 0.020451 0.019811
0 0.875096 0.640639 0.028096 0.020525
0 0.898127 0.931376 0.025612 0.019097
0 0.694381 0.240407 0.027141 0.024987
0 0.412366 0.918972 0.023127 0.023202
0 0.540042 0.574603 0.026185 0.022666
0 0.436927 0.804569 0.024465 0.023202
0 0.130447 0.784401 0.019687 0.023916
0 0.565558 0.555684 0.023318 0.022666
0 0.694763 0.910673 0.022554 0.020882
0 0.079893 0.877209 0.022936 0.022488
0 0.159021 0.130912 0.024083 0.023380
0 0.873853 0.707567 0.025229 0.016598
0 0.542909 0.938069 0.024656 0.017848
0 0.460340 0.154649 0.023509 0.015527
0 0.078651 0.961360 0.025038 0.023023
0 0.615061 0.038551 0.026758 0.019275
0 0.232225 0.622970 0.023700 0.024094
0 0.078555 0.855613 0.024083 0.022131
0 0.486430 0.576388 0.023700 0.022309
0 0.310684 0.489202 0.027332 0.019632
0 0.359423 0.688292 0.025038 0.019811
0 0.920394 0.707300 0.028479 0.019275
0 0.642393 0.326700 0.023700 0.024808
0 0.821388 0.085401 0.020069 0.023023
0 0.052943 0.981439 0.026758 0.025701
0 0.948012 0.818847 0.026758 0.019989
0 0.182913 0.491076 0.026758 0.019811
0 0.105122 0.601196 0.020260 0.018026
0 0.258314 0.735320 0.024274 0.021417
0 0.461487 0.554078 0.023891 0.025879
0 0.332187 0.624576 0.022936 0.018026
0 0.156346 0.894610 0.025229 0.020882
0 0.463112 0.486971 0.029817 0.025522
0 0.106651 0.378904 0.025229 0.021060
0 0.642202 0.420489 0.024083 0.023916
0 0.644209 0.465197 0.028479 0.020168
0 0.818425 0.777262 0.022171 0.023559
0 0.920776 0.729698 0.028861 0.025879
0 0.357607 0.151080 0.025229 0.021953
0 0.616686 0.369980 0.028479 0.021417
0 0.566418 0.688203 0.028096 0.023202
0 0.259270 0.713189 0.024656 0.023559
0 0.438933 0.869266 0.024274 0.018026
0 0.769400 0.665983 0.024656 0.028378
0 0.769973 0.954132 0.023509 0.021060
0 0.258505 0.602891 0.023127 0.021417
0 0.743406 0.285829 0.021980 0.019811
0 0.615443 0.957434 0.023318 0.021596
0 0.260034 0.937980 0.023509 0.018740
0 0.233372 0.690880 0.022171 0.019632
0 0.588494 0.281010 0.023318 0.024451
0 0.231938 0.646261 0.024274 0.021774
0 0.873567 0.976530 0.023127 0.020168
0 0.820910 0.282527 0.022554 0.024273
0 0.335531 0.869356 0.023509 0.021060
0 0.078268 0.810369 0.021598 0.021596
0 0.331518 0.109049 0.021598 0.021774
0 0.233754 0.668927 0.024083 0.022845
0 0.821196 0.106818 0.021598 0.017669
0 0.717890 0.438247 0.027141 0.018383
0 0.875765 0.239961 0.029052 0.024094
0 0.184251 0.086739 0.020642 0.022845
0 0.310684 0.711226 0.028861 0.025701
0 0.308677 0.040514 0.024083 0.022488
0 0.797687 0.728895 0.027714 0.020703
0 0.388379 0.687489 0.028670 0.024630
0 0.460627 0.040782 0.023700 0.024808
0 0.284595 0.847760 0.024083 0.021774
0 0.821865 0.126361 0.025612 0.017491
0 0.541380 0.868910 0.022362 0.021596
0 0.435875 0.621096 0.021216 0.019989
0 0.590883 0.643405 0.023891 0.025344
0 0.156823 0.690969 0.023127 0.020168
0 0.310875 0.936463 0.026950 0.023202
0 0.311353 0.915402 0.024847 0.018205
0 0.510226 0.150098 0.024274 0.018561
0 0.182435 0.829109 0.022745 0.022309
0 0.667240 0.574157 0.024083 0.019989
0 0.156154 0.850705 0.022171 0.021953
0 0.181862 0.625736 0.025803 0.023202
0 0.744648 0.059254 0.025612 0.018918
0 0.642680 0.620471 0.028096 0.024451
0 0.234709 0.219436 0.025612 0.022666
0 0.357894 0.129216 0.026950 0.019275
0 0.744266 0.845172 0.025229 0.025522
0 0.462252 0.686953 0.020069 0.022845
0 0.515577 0.799393 0.025038 0.016420
0 0.310015 0.349813 0.027141 0.021417
0 0.770069 0.327414 0.022171 0.022309
0 0.745031 0.867928 0.027523 0.022488
0 0.769973 0.085758 0.021216 0.023023
0 0.107989 0.670177 0.024083 0.023202
0 0.051032 0.628503 0.023700 0.023023
0 0.232511 0.891130 0.023509 0.017848
0 0.387901 0.193735 0.027332 0.018383
0 0.461009 0.197127 0.019495 0.023380
0 0.489488 0.800196 0.022936 0.018026
0 0.644973 0.708995 0.028861 0.025165
0 0.771216 0.061842 0.024847 0.022666
0 0.743884 0.435392 0.022171 0.024094
0 0.487385 0.641621 0.024083 0.022845
0 0.614201 0.979297 0.027332 0.022131
0 0.847381 0.707567 0.026185 0.017669
0 0.436831 0.665358 0.020833 0.020703
0 0.770356 0.195788 0.024656 0.018561
0 0.257072 0.801624 0.025612 0.020525
0 0.718941 0.684633 0.022362 0.023916
0 0.307339 0.130555 0.025994 0.015884
0 0.385608 0.802070 0.025420 0.021060
0 0.641055 0.351062 0.023318 0.019632
0 0.770260 0.977691 0.026376 0.025344
0 0.538895 0.730591 0.022362 0.021596
0 0.844897 0.845440 0.025038 0.021417
0 0.462538 0.889167 0.022554 0.024273
0 0.535742 0.106996 0.024083 0.017312
0 0.845375 0.823666 0.022936 0.022845
0 0.591170 0.621631 0.024083 0.018561
0 0.359136 0.708103 0.024083 0.015884
0 0.183200 0.352936 0.025420 0.019454
0 0.337156 0.913885 0.023318 0.020168
0 0.207856 0.665269 0.021216 0.022666
0 0.131403 0.850348 0.021980 0.018740
0 0.945145 0.842138 0.022554 0.020882
0 0.514622 0.779493 0.023127 0.020882
0 0.209576 0.580582 0.023509 0.023916
0 0.896120 0.820453 0.025420 0.022845
0 0.207664 0.063716 0.020451 0.019989
0 0.821388 0.148670 0.025420 0.019632
0 0.155199 0.782795 0.023700 0.020346
0 0.487194 0.665179 0.025612 0.021774
0 0.284690 0.869534 0.022745 0.021774
0 0.794820 0.954935 0.025420 0.023380
0 0.104836 0.805015 0.021980 0.022666
0 0.259365 0.443155 0.027523 0.019632
0 0.615157 0.573889 0.025420 0.022666
0 0.486525 0.104765 0.024656 0.019989
0 0.566514 0.618954 0.026376 0.023916
0 0.309920 0.150455 0.028096 0.019632
0 0.590119 0.554881 0.022745 0.016420
0 0.460245 0.062734 0.022936 0.016598
0 0.284786 0.981349 0.024083 0.019811
0 0.769018 0.596645 0.027714 0.025701
0 0.771789 0.350437 0.023318 0.019811
0 0.537940 0.618419 0.023509 0.021417
0 0.438360 0.709263 0.028479 0.022131
0 0.257550 0.151704 0.021598 0.020346
0 0.616495 0.730323 0.028861 0.028556
0 0.692661 0.065501 0.022554 0.017134
0 0.233849 0.376941 0.025038 0.021060
0 0.207378 0.602177 0.023318 0.016063
0 0.875382 0.148224 0.026376 0.019454
0 0.566705 0.939586 0.021407 0.020882
0 0.155103 0.290023 0.024274 0.027485
0 0.335722 0.979832 0.023891 0.019989
0 0.412748 0.421203 0.029243 0.023202
0 0.183391 0.219704 0.023127 0.022131
0 0.821101 0.934321 0.021024 0.018205
0 0.257359 0.623327 0.021980 0.018740
0 0.079415 0.579243 0.022745 0.022309
0 0.463112 0.175085 0.022936 0.017491
0 0.694859 0.107085 0.025803 0.023559
0 0.257741 0.578886 0.022362 0.027307
0 0.412271 0.979208 0.024083 0.025522
0 0.257072 0.354721 0.023700 0.018383
0 0.872611 0.329020 0.021980 0.021239
0 0.359041 0.195609 0.028479 0.018561
0 0.562022 0.084062 0.021980 0.022845
0 0.511659 0.598429 0.022171 0.021060
0 0.358467 0.666250 0.022745 0.019989
0 0.208047 0.980903 0.020069 0.022845
0 0.384843 0.173568 0.026185 0.016241
0 0.360283 0.888631 0.020260 0.020346
0 0.820336 0.350259 0.022171 0.019097
0 0.385799 0.152061 0.025420 0.021417
0 0.895833 0.798055 0.023318 0.019097
0 0.823777 0.215331 0.030199 0.019454
0 0.437691 0.107799 0.025229 0.017134
0 0.386086 0.218454 0.021407 0.023916
0 0.462347 0.954935 0.025612 0.023023
0 0.768444 0.108246 0.022362 0.019454
0 0.718463 0.107353 0.021789 0.019097
0 0.566514 0.239425 0.026376 0.019454
0 0.742546 0.550955 0.022936 0.019275
0 0.131116 0.557826 0.021789 0.016598
0 0.642966 0.581117 0.027905 0.018918
0 0.535455 0.130109 0.023127 0.025701
0 0.385703 0.980368 0.022554 0.024630
0 0.720088 0.870427 0.026185 0.022488
0 0.538704 0.554257 0.025420 0.017669
0 0.589832 0.532840 0.020260 0.024094
0 0.207473 0.312333 0.026185 0.020703
0 0.845470 0.801267 0.022745 0.022309
0 0.308104 0.801356 0.021024 0.017134
0 0.081422 0.488667 0.032492 0.024630
0 0.594706 0.241656 0.029625 0.023916
0 0.437882 0.957523 0.021024 0.022845
0 0.079511 0.899161 0.022936 0.021774
0 0.670011 0.935303 0.021598 0.019454
0 0.639239 0.148938 0.026567 0.019811
0 0.923070 0.909602 0.026185 0.024094
0 0.590405 0.600571 0.022936 0.021060
0 0.358849 0.060146 0.025420 0.021774
0 0.771502 0.479475 0.025038 0.025522
0 0.133314 0.489648 0.029243 0.024808
0 0.357416 0.643584 0.021789 0.019632
0 0.384079 0.306978 0.025420 0.019275
0 0.565940 0.305461 0.023318 0.019811
0 0.233180 0.307335 0.024847 0.022131
0 0.155581 0.827057 0.022936 0.024987
0 0.358180 0.623327 0.023700 0.016241
0 0.437118 0.374175 0.027905 0.021596
0 0.383505 0.108603 0.023127 0.020882
0 0.208333 0.424505 0.022936 0.026236
0 0.512997 0.733089 0.022554 0.023023
0 0.696196 0.978583 0.023891 0.022845
0 0.232416 0.958058 0.023318 0.021060
0 0.105409 0.535963 0.026185 0.023916
0 0.566036 0.597805 0.024656 0.018383
0 0.334002 0.040157 0.025803 0.019275
0 0.157397 0.981349 0.023509 0.019811
0 0.181862 0.402909 0.025038 0.018740
0 0.180428 0.805461 0.024083 0.023916
0 0.820719 0.955113 0.022554 0.018383
0 0.516820 0.957255 0.026376 0.018026
0 0.358945 0.825004 0.024083 0.022309
0 0.820050 0.844458 0.023891 0.018383
0 0.540233 0.779582 0.020451 0.018561
0 0.233754 0.133143 0.024465 0.020346
0 0.820623 0.173478 0.025038 0.025344
0 0.357511 0.221845 0.025038 0.028199
0 0.207378 0.642870 0.024083 0.015706
0 0.282779 0.330894 0.021598 0.024630
0 0.358180 0.309031 0.024083 0.022309
0 0.207378 0.353828 0.023318 0.019097
0 0.383505 0.531769 0.025420 0.018740
0 0.744457 0.334553 0.025229 0.019097
0 0.486812 0.553454 0.023318 0.021060
0 0.181766 0.468410 0.025612 0.017312
0 0.207282 0.333571 0.023509 0.020346
0 0.078173 0.940925 0.024465 0.020703
0 0.694859 0.085133 0.024656 0.018918
0 0.335818 0.846243 0.025229 0.024808
0 0.050076 0.827592 0.027905 0.025344
0 0.536124 0.152865 0.022171 0.018026
0 0.282588 0.154203 0.023891 0.014635
0 0.259843 0.980368 0.025038 0.021417
0 0.643062 0.645101 0.026950 0.024808
0 0.208047 0.174192 0.020833 0.017848
0 0.617450 0.936463 0.024274 0.018561
0 0.411315 0.575406 0.022171 0.017491
0 0.282683 0.669017 0.021024 0.025165
0 0.282970 0.601553 0.023509 0.016598
0 0.435589 0.151437 0.023700 0.015527
0 0.156823 0.560325 0.023509 0.020882
0 0.695528 0.353561 0.025994 0.018918
0 0.207951 0.086739 0.020642 0.023202
0 0.155963 0.378904 0.025229 0.018205
0 0.640099 0.196770 0.026758 0.022309
0 0.568616 0.733446 0.028287 0.020168
0 0.822439 0.975995 0.024847 0.020882
0 0.565845 0.529984 0.025803 0.026593
0 0.384748 0.086382 0.022936 0.021060
0 0.079320 0.425397 0.025612 0.024451
0 0.720852 0.937623 0.024274 0.019811
0 0.156728 0.960735 0.021407 0.019989
0 0.744935 0.936016 0.023891 0.023380
0 0.644209 0.954221 0.024274 0.015170
0 0.258219 0.957969 0.021024 0.021953
0 0.718177 0.708638 0.024656 0.019811
0 0.846521 0.528645 0.023318 0.031412
0 0.873471 0.126986 0.023318 0.016955
0 0.794056 0.529716 0.020451 0.022488
0 0.717317 0.309120 0.022171 0.019275
0 0.436544 0.087007 0.024083 0.019097
0 0.667909 0.531412 0.025803 0.025522
0 0.587347 0.086382 0.022936 0.021060
0 0.283161 0.242013 0.028096 0.020346
0 0.180524 0.308852 0.021980 0.019097
0 0.257645 0.490719 0.024465 0.016241
0 0.869553 0.799929 0.020833 0.025344
0 0.184633 0.152775 0.020642 0.022488
0 0.435684 0.220239 0.021598 0.016420
0 0.589641 0.824291 0.025612 0.023737
0 0.767775 0.619490 0.027523 0.018918
0 0.182531 0.848920 0.023700 0.017312
0 0.794151 0.779672 0.022171 0.024808
0 0.232511 0.801535 0.024274 0.024273
0 0.539755 0.707300 0.024083 0.020703
0 0.667718 0.060503 0.020451 0.018205
0 0.157015 0.581117 0.024274 0.022488
0 0.158161 0.330805 0.024274 0.017312
0 0.105982 0.957969 0.020069 0.016955
0 0.385226 0.844726 0.021980 0.019989
0 0.078937 0.558183 0.021024 0.017312
0 0.412175 0.060860 0.023509 0.018918
0 0.309251 0.445922 0.025229 0.019454
0 0.133123 0.736748 0.020069 0.017491
0 0.486334 0.599500 0.022745 0.020346
0 0.130734 0.310905 0.022554 0.019632
0 0.132836 0.402017 0.028670 0.019454
0 0.694572 0.820364 0.022936 0.024808
0 0.537462 0.198465 0.024847 0.017491
0 0.209576 0.467785 0.026185 0.016063
0 0.180715 0.782260 0.024274 0.021417
0 0.130543 0.333393 0.021407 0.020346
0 0.591934 0.939051 0.021024 0.024094
0 0.566609 0.463680 0.031537 0.019275
0 0.310589 0.735588 0.025229 0.024094
0 0.459958 0.087007 0.021216 0.021596
0 0.769591 0.866589 0.020451 0.018383
0 0.131403 0.380867 0.023509 0.019275
0 0.849484 0.322952 0.026567 0.019811
0 0.795872 0.664376 0.025612 0.021239
0 0.184442 0.061663 0.019495 0.018383
0 0.795585 0.349634 0.023127 0.017491
0 0.717985 0.335267 0.021598 0.019811
0 0.284117 0.463769 0.020833 0.019097
0 0.104167 0.782795 0.025994 0.019275
0 0.872706 0.556666 0.023318 0.024273
0 0.408926 0.375513 0.026185 0.022131
0 0.717699 0.412011 0.021407 0.018383
0 0.308104 0.089416 0.021024 0.019632
0 0.590119 0.778601 0.024274 0.021596
0 0.668674 0.842138 0.020833 0.018740
0 0.716934 0.172943 0.021024 0.020703
0 0.079320 0.380510 0.025229 0.018561
0 0.744935 0.410494 0.026567 0.021774
0 0.461678 0.421560 0.027714 0.024987
0 0.744839 0.308763 0.022554 0.019275
0 0.870891 0.864001 0.020069 0.019275
0 0.412366 0.173746 0.026185 0.019811
0 0.718750 0.639479 0.027332 0.018561
0 0.155963 0.400232 0.023318 0.021239
0 0.918865 0.687310 0.026567 0.016420
0 0.536506 0.061485 0.021789 0.022309
0 0.744553 0.458772 0.024656 0.018740
0 0.308008 0.327592 0.021216 0.020168
0 0.283257 0.064430 0.021024 0.020703
0 0.510512 0.199536 0.021789 0.023559
0 0.821674 0.305908 0.021024 0.019275
0 0.667144 0.776548 0.022745 0.023202
0 0.360378 0.845797 0.023891 0.020346
0 0.386181 0.621185 0.024656 0.020882
0 0.307817 0.675442 0.021980 0.016955
0 0.053421 0.901124 0.023891 0.022845
0 0.412557 0.895324 0.024274 0.023380
0 0.257263 0.129484 0.023318 0.016241
0 0.077982 0.356862 0.022936 0.018740
0 0.796827 0.371051 0.024465 0.019632
0 0.513093 0.665893 0.025038 0.025701
0 0.336965 0.933964 0.023700 0.019632
0 0.720088 0.660717 0.026950 0.018918
0 0.460914 0.109406 0.021980 0.019275
0 0.106078 0.690523 0.020642 0.017491
0 0.873184 0.618954 0.024656 0.017848
0 0.158161 0.424683 0.026567 0.021596
0 0.946483 0.889077 0.024083 0.018740
0 0.411888 0.554792 0.022554 0.021953
0 0.743693 0.799125 0.022936 0.024451
0 0.643349 0.285204 0.027141 0.026771
0 0.769591 0.573264 0.027332 0.020346
0 0.461487 0.596912 0.021980 0.026593
0 0.586774 0.036766 0.024847 0.019989
0 0.410646 0.781010 0.023891 0.019275
0 0.693616 0.732019 0.026376 0.019097
0 0.257550 0.664644 0.023509 0.018205
0 0.769591 0.688649 0.024656 0.015527
0 0.718941 0.916206 0.021598 0.020168
0 0.459767 0.779225 0.022745 0.021774
0 0.461200 0.352847 0.022936 0.018918
0 0.745031 0.358736 0.024465 0.019275
0 0.436067 0.553186 0.024656 0.022309
0 0.131690 0.647064 0.020642 0.017312
0 0.564507 0.149741 0.024656 0.018918
0 0.919916 0.843477 0.023318 0.024273
0 0.694763 0.411922 0.024847 0.018918
0 0.412175 0.955024 0.024274 0.023916
0 0.052083 0.937533 0.025420 0.020346
0 0.768922 0.554078 0.024847 0.016955
0 0.643062 0.125379 0.027714 0.017669
0 0.694859 0.217740 0.026185 0.017491
0 0.413895 0.489291 0.030008 0.028735
0 0.130638 0.805729 0.021598 0.019097
0 0.615061 0.777976 0.021024 0.019989
0 0.307148 0.554881 0.023318 0.016063
0 0.516628 0.978137 0.025612 0.019454
0 0.208047 0.152954 0.022362 0.018205
0 0.232511 0.711583 0.018922 0.017848
0 0.742928 0.529359 0.024083 0.018918
0 0.414660 0.733000 0.026567 0.021774
0 0.078459 0.736034 0.021216 0.018918
0 0.589354 0.131983 0.023891 0.021596
0 0.539373 0.219258 0.026758 0.022666
0 0.870986 0.821703 0.021789 0.017848
0 0.387519 0.709798 0.026185 0.019275
0 0.845566 0.916295 0.021789 0.018205
0 0.485570 0.152686 0.023891 0.019811
0 0.508888 0.531858 0.025803 0.025344
0 0.542144 0.955827 0.023127 0.017312
0 0.283639 0.713636 0.022171 0.018026
0 0.846139 0.960111 0.025994 0.021596
0 0.411602 0.597626 0.023127 0.018026
0 0.310398 0.955560 0.024465 0.016420
0 0.180333 0.646975 0.023891 0.019632
0 0.129205 0.112975 0.022936 0.017848
0 0.718941 0.149384 0.025420 0.020346
0 0.259079 0.553989 0.023127 0.018205
0 0.052561 0.332233 0.025229 0.025165
0 0.848050 0.979297 0.024465 0.019632
0 0.693903 0.779136 0.025803 0.022666
0 0.919247 0.778601 0.023509 0.022309
0 0.720375 0.956720 0.022171 0.021239
0 0.155581 0.311440 0.022171 0.015349
0 0.769687 0.638765 0.027141 0.019275
0 0.334671 0.561396 0.026376 0.023380
0 0.769687 0.776994 0.023318 0.019811
0 0.463494 0.867571 0.023700 0.016777
0 0.872133 0.306889 0.022171 0.023737
0 0.131881 0.894967 0.022554 0.016955
0 0.435684 0.039175 0.023509 0.017312
0 0.821101 0.552026 0.025229 0.020703
0 0.361334 0.959664 0.024274 0.018205
0 0.283257 0.802070 0.023318 0.022845
0 0.358180 0.421292 0.029434 0.024451
0 0.412080 0.399161 0.030581 0.018383
0 0.797401 0.709352 0.024083 0.018026
0 0.771216 0.435481 0.024465 0.018561
0 0.463398 0.844726 0.023891 0.023202
0 0.258314 0.533553 0.023509 0.020525
0 0.510894 0.085401 0.019878 0.017312
0 0.643349 0.801713 0.022554 0.017848
0 0.614010 0.084330 0.023127 0.016598
0 0.436449 0.640460 0.021980 0.019454
0 0.387424 0.665804 0.026758 0.017669
0 0.717794 0.284758 0.023127 0.021239
0 0.107320 0.224701 0.023891 0.023559
0 0.356651 0.376495 0.026758 0.017669
0 0.106651 0.939764 0.024847 0.018026
0 0.641533 0.173657 0.030008 0.022131
0 0.615157 0.685615 0.026185 0.015527
0 0.719610 0.218008 0.024465 0.018026
0 0.157683 0.711583 0.020642 0.021774
0 0.694285 0.151258 0.027332 0.018026
0 0.692947 0.332411 0.022362 0.016955
0 0.615348 0.346689 0.025038 0.018383
0 0.873184 0.599411 0.023127 0.019811
0 0.565654 0.397019 0.030008 0.019097
0 0.641246 0.599857 0.029434 0.016420
0 0.257454 0.642959 0.022554 0.016241
0 0.896789 0.867928 0.024083 0.021417
0 0.207091 0.041317 0.020069 0.020882
0 0.437118 0.170177 0.025994 0.019454
0 0.332856 0.643405 0.023509 0.015349
0 0.563169 0.060146 0.025038 0.018205
0 0.180428 0.285651 0.021789 0.020882
0 0.719132 0.731483 0.024656 0.018740
0 0.509270 0.035070 0.022362 0.023380
0 0.256594 0.781456 0.025038 0.017312
0 0.718463 0.357933 0.020260 0.017312
0 0.771502 0.230055 0.035359 0.044976
0 0.132454 0.466803 0.030581 0.018026
0 0.312118 0.406746 0.027141 0.017491
0 0.615157 0.463859 0.026185 0.024987
0 0.485092 0.173389 0.022171 0.023023
0 0.770738 0.798501 0.023509 0.017848
0 0.694381 0.307960 0.022936 0.022666
0 0.334289 0.781189 0.024847 0.020346
0 0.923070 0.282973 0.026567 0.024451
0 0.357129 0.172408 0.026567 0.017134
0 0.384652 0.779939 0.023891 0.018561
0 0.048834 0.066036 0.026950 0.021774
0 0.819381 0.527128 0.024083 0.025165
0 0.666667 0.038640 0.023700 0.018383
0 0.693234 0.577012 0.024847 0.018205
0 0.410646 0.332679 0.022362 0.024273
0 0.308391 0.284937 0.022745 0.021239
0 0.743024 0.173478 0.021216 0.017848
0 0.081613 0.467160 0.029052 0.017312
0 0.511946 0.329823 0.021598 0.020703
0 0.795011 0.282438 0.022362 0.018026
0 0.616686 0.440925 0.026185 0.019454
0 0.872802 0.578886 0.022362 0.022309
0 0.538226 0.686864 0.024083 0.016598
0 0.693521 0.661253 0.027714 0.022131
0 0.181288 0.558094 0.024656 0.014992
0 0.669247 0.821346 0.024274 0.018561
0 0.717508 0.460914 0.021789 0.022666
0 0.385130 0.065858 0.024083 0.019275
0 0.081231 0.402731 0.029052 0.019811
0 0.920394 0.639300 0.029243 0.019632
0 0.922401 0.149741 0.027523 0.020346
0 0.310015 0.197751 0.023318 0.020346
0 0.130447 0.288328 0.021598 0.021953
0 0.614966 0.281813 0.023891 0.018561
0 0.615921 0.642334 0.025803 0.020703
0 0.745222 0.480635 0.025994 0.018205
0 0.946579 0.776994 0.026567 0.018383
0 0.667336 0.554524 0.024274 0.018205
0 0.667813 0.084419 0.026758 0.022845
0 0.232034 0.353561 0.023318 0.020703
0 0.356843 0.108870 0.025229 0.017491
0 0.436735 0.780653 0.021789 0.023916
0 0.155677 0.803052 0.023891 0.018383
0 0.309251 0.109673 0.021024 0.021953
0 0.159404 0.040246 0.022936 0.018383
0 0.769687 0.411922 0.022171 0.018561
0 0.897840 0.350527 0.022362 0.026057
0 0.052657 0.651347 0.023891 0.023380
0 0.235378 0.244155 0.023509 0.022845
0 0.542527 0.977601 0.021980 0.024451
0 0.691800 0.530162 0.023891 0.021239
0 0.460436 0.242727 0.022554 0.018918
0 0.130447 0.199357 0.023127 0.026771
0 0.409213 0.285472 0.017966 0.020882
0 0.183773 0.039175 0.019687 0.018740
0 0.208238 0.111012 0.023127 0.016063
0 0.872706 0.105747 0.021789 0.018740
0 0.644687 0.486079 0.026758 0.023380
0 0.871082 0.530966 0.021216 0.027128
0 0.692565 0.488042 0.024656 0.016241
0 0.356078 0.353650 0.025994 0.019097
0 0.358849 0.398983 0.030772 0.018026
0 0.563742 0.326878 0.024274 0.020168
0 0.411124 0.800196 0.023318 0.017669
0 0.460722 0.530341 0.023127 0.020525
0 0.668865 0.799839 0.026567 0.018383
0 0.384652 0.576923 0.025038 0.016955
0 0.384461 0.865697 0.023891 0.017669
0 0.487672 0.084954 0.023509 0.017848
0 0.308391 0.780742 0.020451 0.020882
0 0.846808 0.085936 0.024274 0.025522
0 0.334289 0.130466 0.024083 0.019632
0 0.283448 0.309031 0.024847 0.020168
0 0.411028 0.531679 0.023127 0.022488
0 0.876625 0.481885 0.028096 0.018918
0 0.719419 0.777530 0.021789 0.018026
0 0.182339 0.688649 0.023700 0.015884
0 0.924216 0.217116 0.028096 0.017312
0 0.642106 0.373907 0.025038 0.017848
0 0.233085 0.602088 0.023509 0.015884
0 0.511755 0.486614 0.031154 0.024451
0 0.870508 0.774228 0.026185 0.026057
0 0.208429 0.219793 0.021598 0.016955
0 0.821770 0.473764 0.031919 0.040157
0 0.947917 0.974835 0.020833 0.021060
0 0.413513 0.688203 0.022745 0.021060
0 0.646216 0.667232 0.029434 0.018383
0 0.794534 0.803230 0.021024 0.018383
0 0.106651 0.306086 0.022554 0.017491
0 0.436067 0.351954 0.024274 0.016420
0 0.717603 0.617616 0.023891 0.019454
0 0.563647 0.351330 0.029052 0.019454
0 0.669247 0.283420 0.019304 0.020346
0 0.872898 0.662324 0.021789 0.020346
0 0.185302 0.175174 0.023127 0.018026
0 0.641533 0.221042 0.027714 0.026236
0 0.693903 0.619222 0.025420 0.022309
0 0.795107 0.172675 0.022554 0.019097
0 0.357225 0.331162 0.023700 0.021596
0 0.947343 0.950651 0.022745 0.026950
0 0.719897 0.977601 0.022745 0.018740
0 0.356938 0.530609 0.024274 0.018918
0 0.312882 0.243976 0.024847 0.017848
0 0.438073 0.980189 0.024465 0.018918
0 0.561067 0.036588 0.023509 0.018205
0 0.643731 0.442620 0.025229 0.017134
0 0.511277 0.285472 0.019878 0.020525
0 0.589641 0.194717 0.025994 0.021417
0 0.356843 0.245226 0.023700 0.018205
0 0.412940 0.709798 0.024274 0.017848
0 0.183104 0.243173 0.025612 0.018026
0 0.510130 0.062467 0.021789 0.022131
0 0.821961 0.193914 0.023891 0.016955
0 0.184824 0.130912 0.023318 0.016955
0 0.743884 0.955560 0.022554 0.017491
0 0.051032 0.537569 0.028287 0.024987
0 0.771120 0.456095 0.020451 0.019454
0 0.130065 0.092540 0.023127 0.021953
0 0.876338 0.216313 0.029052 0.017491
0 0.411219 0.444672 0.029243 0.016241
0 0.743406 0.778065 0.020069 0.018026
0 0.409499 0.307335 0.020833 0.021417
0 0.616877 0.302873 0.026185 0.018205
0 0.847286 0.304747 0.025229 0.014457
0 0.567852 0.710780 0.027523 0.019811
0 0.412271 0.938158 0.023318 0.015884
0 0.513857 0.422988 0.034213 0.026771
0 0.511946 0.351865 0.022745 0.019097
0 0.847381 0.173032 0.020833 0.018383
0 0.513284 0.640550 0.023891 0.024630
0 0.565654 0.824291 0.021980 0.019454
0 0.409595 0.038551 0.022171 0.017491
0 0.155485 0.601553 0.023509 0.015884
0 0.920011 0.618329 0.027332 0.017669
0 0.897554 0.552026 0.024465 0.018918
0 0.357703 0.284401 0.024656 0.021596
0 0.898509 0.888096 0.028287 0.023202
0 0.922114 0.932358 0.021598 0.019632
0 0.846999 0.573532 0.026567 0.018026
0 0.051032 0.307335 0.024465 0.018918
0 0.283926 0.041228 0.022362 0.021060
0 0.894973 0.844815 0.022362 0.024094
0 0.797592 0.195342 0.027141 0.020168
0 0.669343 0.598519 0.023700 0.018383
0 0.872706 0.397733 0.022936 0.016955
0 0.285073 0.395592 0.027332 0.020168
0 0.693330 0.640193 0.023891 0.017134
0 0.717508 0.485633 0.021789 0.017491
0 0.616686 0.421024 0.024656 0.018205
0 0.512041 0.464573 0.033257 0.020346
0 0.333716 0.306443 0.024465 0.019989
0 0.463494 0.374888 0.026758 0.021953
0 0.184920 0.197662 0.023509 0.018026
0 0.615635 0.552293 0.025612 0.018740
0 0.052657 0.215510 0.025803 0.023023
0 0.847190 0.554524 0.024656 0.016777
0 0.872324 0.374353 0.021407 0.020168
0 0.130830 0.153578 0.025420 0.017312
0 0.412366 0.464930 0.033830 0.020346
0 0.691896 0.130734 0.025229 0.016955
0 0.077504 0.921560 0.021980 0.017669
0 0.383505 0.284847 0.023891 0.017848
0 0.183869 0.109673 0.022554 0.017312
0 0.948394 0.916920 0.027141 0.034803
0 0.333811 0.582188 0.022362 0.023202
0 0.159117 0.109138 0.024274 0.016241
0 0.563647 0.373728 0.027141 0.019989
0 0.743310 0.383009 0.019878 0.019989
0 0.048356 0.042299 0.027905 0.023559
0 0.567374 0.845440 0.024274 0.019275
0 0.534308 0.085401 0.025803 0.019811
0 0.436449 0.199714 0.021216 0.024273
0 0.568043 0.977066 0.025229 0.023380
0 0.410933 0.153221 0.021789 0.016241
0 0.486716 0.619311 0.023127 0.017134
0 0.077982 0.332054 0.022171 0.018026
0 0.718941 0.599233 0.024656 0.016955
0 0.870795 0.841335 0.018349 0.018205
0 0.310589 0.219704 0.023318 0.017491
0 0.309729 0.389167 0.025038 0.015170
0 0.078555 0.310369 0.021789 0.019275
0 0.898509 0.326254 0.024465 0.021774
0 0.514526 0.308674 0.024465 0.018026
0 0.052370 0.177940 0.030199 0.022131
0 0.080371 0.446100 0.029243 0.014100
0 0.486143 0.284669 0.024274 0.017491
0 0.692183 0.463234 0.025803 0.027307
0 0.872229 0.351240 0.020069 0.021774
0 0.616304 0.485276 0.023891 0.017848
0 0.461678 0.287257 0.023891 0.024451
0 0.592125 0.304747 0.025229 0.019097
0 0.282779 0.781724 0.024274 0.018205
0 0.512901 0.618240 0.023509 0.016420
0 0.947057 0.705693 0.024083 0.020346
0 0.921063 0.593789 0.027905 0.024273
0 0.514622 0.397019 0.028096 0.021239
0 0.743502 0.037034 0.024465 0.014100
0 0.846808 0.938247 0.024656 0.024987
0 0.844419 0.776816 0.020642 0.019811
0 0.794534 0.109406 0.024847 0.013207
0 0.358945 0.486614 0.032492 0.028735
0 0.332951 0.283777 0.022554 0.017491
0 0.487385 0.305104 0.025229 0.017669
0 0.257741 0.285561 0.022362 0.017134
0 0.133123 0.446368 0.030008 0.016063
0 0.413131 0.665001 0.022362 0.020703
0 0.533735 0.037748 0.019687 0.020525
0 0.049599 0.694092 0.030008 0.022131
0 0.743310 0.106996 0.024465 0.014100
0 0.129492 0.133411 0.025420 0.019811
0 0.641533 0.244155 0.025803 0.015706
0 0.820336 0.441014 0.027905 0.017491
0 0.283448 0.732911 0.022554 0.016241
0 0.797401 0.303855 0.024465 0.016598
0 0.692756 0.197662 0.023509 0.016598
0 0.209193 0.242192 0.022362 0.021774
0 0.921827 0.348296 0.022554 0.022309
0 0.052274 0.672854 0.021216 0.019632
0 0.461774 0.577012 0.023318 0.016777
0 0.157970 0.090933 0.025803 0.016241
0 0.107034 0.247367 0.023700 0.018918
0 0.615061 0.594414 0.021024 0.016955
0 0.565176 0.776548 0.021789 0.022131
0 0.258696 0.302517 0.023891 0.023559
0 0.794820 0.831876 0.023509 0.037837
0 0.846617 0.107710 0.025038 0.014100
0 0.359709 0.781992 0.021789 0.023023
0 0.870700 0.417098 0.019304 0.017491
0 0.183486 0.332322 0.024083 0.016063
0 0.052179 0.242995 0.025994 0.029449
0 0.077982 0.288149 0.024083 0.020168
0 0.208620 0.196770 0.022362 0.016241
0 0.281823 0.286186 0.023127 0.019811
0 0.745126 0.575585 0.023509 0.018918
0 0.874713 0.728717 0.025803 0.021774
0 0.642202 0.105390 0.024847 0.014813
0 0.692278 0.439407 0.026758 0.019632
0 0.719610 0.240675 0.025612 0.022309
0 0.335436 0.734785 0.022554 0.022131
0 0.132454 0.248795 0.020642 0.023202
0 0.819763 0.418615 0.023700 0.025879
0 0.948681 0.728895 0.025038 0.022131
0 0.486239 0.530073 0.020260 0.022488
0 0.921923 0.199001 0.025420 0.014992
0 0.437118 0.306443 0.025994 0.016063
0 0.850153 0.484205 0.026758 0.021774
0 0.821483 0.461717 0.026758 0.016777
0 0.053135 0.919864 0.024465 0.015349
0 0.717412 0.194360 0.022745 0.019275
0 0.159881 0.164733 0.025038 0.033910
0 0.356651 0.442442 0.031346 0.017491
0 0.539851 0.302606 0.025038 0.019811
0 0.435589 0.529984 0.022171 0.018383
0 0.232607 0.734250 0.020260 0.016777
0 0.052466 0.357755 0.024656 0.019454
0 0.895547 0.528645 0.025038 0.019989
0 0.537557 0.277976 0.028096 0.023023
0 0.564125 0.128235 0.025038 0.014813
0 0.745317 0.193646 0.026185 0.019632
0 0.669438 0.307157 0.021598 0.018205
0 0.567852 0.958504 0.023318 0.016955
0 0.130925 0.174103 0.021789 0.016241
0 0.920776 0.888006 0.022362 0.018026
0 0.107225 0.201142 0.024847 0.019632
0 0.896693 0.373818 0.021980 0.016955
0 0.948681 0.085222 0.023127 0.021239
0 0.896216 0.777976 0.022171 0.018561
0 0.359518 0.463056 0.028287 0.018026
0 0.159308 0.198287 0.023127 0.021774
0 0.435206 0.284490 0.024847 0.018561
0 0.693712 0.594949 0.025038 0.016955
0 0.770547 0.304123 0.020833 0.016063
0 0.772362 0.216937 0.028670 0.021239
0 0.822057 0.374621 0.021789 0.018918
0 0.922114 0.304837 0.023127 0.020346
0 0.412175 0.621721 0.023509 0.024451
0 0.104931 0.134035 0.024465 0.017134
0 0.052561 0.556934 0.021407 0.015170
0 0.922305 0.327235 0.023509 0.020882
0 0.105600 0.285383 0.024274 0.014278
0 0.897936 0.303587 0.022171 0.010709
0 0.078746 0.062734 0.022936 0.016598
0 0.921063 0.574067 0.027523 0.017669
0 0.283735 0.373282 0.023891 0.016598
0 0.051892 0.196145 0.026185 0.015349
0 0.922783 0.061217 0.022554 0.017134
0 0.053899 0.378190 0.025229 0.018918
0 0.642011 0.306265 0.024847 0.016063
0 0.874618 0.458326 0.030199 0.021060
0 0.565176 0.441728 0.031728 0.016420
0 0.358180 0.805551 0.022554 0.018383
0 0.286984 0.088613 0.026567 0.019454
0 0.874044 0.193200 0.025612 0.017669
0 0.206995 0.779582 0.024083 0.019989
0 0.589163 0.153400 0.025420 0.018383
0 0.847764 0.436730 0.024274 0.015706
0 0.334289 0.801267 0.024465 0.017312
0 0.487099 0.352311 0.023127 0.015349
0 0.334576 0.713636 0.020833 0.018740
0 0.948490 0.597537 0.023891 0.021774
0 0.946770 0.637962 0.023891 0.020525
0 0.946674 0.796002 0.029052 0.020346
0 0.922592 0.105925 0.028670 0.024094
0 0.918769 0.798322 0.023700 0.015706
0 0.356938 0.039265 0.021980 0.016063
0 0.128249 0.041317 0.029052 0.024808
0 0.103020 0.111637 0.023700 0.017669
0 0.412940 0.642424 0.022745 0.019811
0 0.947534 0.171515 0.020069 0.021060
0 0.052657 0.874175 0.022745 0.026414
0 0.100822 0.167500 0.033066 0.038372
0 0.462060 0.308495 0.023509 0.015884
0 0.847286 0.462074 0.021789 0.019989
0 0.848911 0.195520 0.024274 0.020168
0 0.921636 0.128949 0.028287 0.017312
0 0.949637 0.572997 0.024274 0.024451
0 0.487385 0.042299 0.020642 0.028556
0 0.945719 0.685883 0.022554 0.016420
0 0.897267 0.392201 0.022362 0.018740
0 0.409499 0.356327 0.025420 0.018383
0 0.102542 0.085311 0.020451 0.023559
0 0.309155 0.691326 0.023127 0.014813
0 0.821388 0.396663 0.023891 0.021953
0 0.948108 0.063091 0.024274 0.022309
0 0.232607 0.779225 0.024083 0.015349
0 0.921445 0.371587 0.023700 0.018205
0 0.945814 0.148313 0.018922 0.018918
0 0.051128 0.849277 0.026185 0.018383
0 0.922496 0.084241 0.022362 0.017848
0 0.487672 0.066304 0.021980 0.016241
0 0.131021 0.224433 0.020833 0.018026
0 0.873853 0.435570 0.028670 0.026236
0 0.049216 0.156791 0.025803 0.016241
0 0.105027 0.155542 0.025038 0.024094
0 0.448968 0.295021 0.052370 0.041763
0 0.946196 0.661699 0.023509 0.025879
0 0.050172 0.135552 0.025803 0.024094
0 0.050172 0.110833 0.023509 0.014635
0 0.106365 0.061039 0.025803 0.019989
0 0.285646 0.108781 0.024656 0.023023
0 0.796732 0.061039 0.025803 0.022131
0 0.872611 0.085133 0.024656 0.022131
0 0.923165 0.041049 0.020260 0.024273
0 0.948490 0.041585 0.028096 0.025344
0 0.949063 0.104051 0.022362 0.024273
0 0.947917 0.128146 0.022362 0.022131
0 0.946770 0.196413 0.024656 0.019811
0 0.948968 0.217919 0.020260 0.018918
0 0.946865 0.239515 0.017966 0.022131
0 0.947917 0.281992 0.024656 0.025344
0 0.049599 0.285651 0.026950 0.015884
0 0.463398 0.442085 0.029243 0.013564
0 0.463398 0.465643 0.031537 0.016777
0 0.511181 0.445297 0.030390 0.017848
0 0.846713 0.372301 0.024847 0.016777
0 0.846713 0.389077 0.024847 0.016777
0 0.922592 0.553454 0.021407 0.017848
0 0.947917 0.618508 0.022362 0.024094
0 0.051797 0.803230 0.022554 0.021953
