0 0.664801 0.214324 0.087687 0.118860
0 0.237951 0.199175 0.068563 0.081391
0 0.326803 0.409914 0.065920 0.094120
0 0.412080 0.198638 0.075715 0.090355
0 0.323228 0.200430 0.080224 0.103621
0 0.579602 0.640463 0.076803 0.102008
0 0.667910 0.523395 0.073072 0.105593
0 0.665889 0.317049 0.083022 0.093403
0 0.327270 0.300645 0.079913 0.097885
0 0.411070 0.619935 0.077425 0.117246
0 0.413013 0.410990 0.078514 0.094478
0 0.332634 0.514342 0.079136 0.091072
0 0.413013 0.306830 0.080379 0.107028
0 0.238184 0.294012 0.080846 0.104697
0 0.665656 0.419416 0.079447 0.099139
0 0.666900 0.622535 0.079757 0.085156
0 0.579213 0.533345 0.081623 0.110792
0 0.580379 0.743815 0.070274 0.093223
0 0.413635 0.820814 0.077270 0.113840
0 0.331856 0.723557 0.075093 0.087487
0 0.583800 0.841251 0.088308 0.077626
0 0.331701 0.826371 0.070118 0.090534
0 0.330613 0.616081 0.079757 0.099498
0 0.576959 0.425063 0.066853 0.069918
0 0.578669 0.329867 0.065609 0.076013
0 0.667444 0.729563 0.072761 0.099139
0 0.411614 0.510577 0.062655 0.089279
0 0.235386 0.409197 0.071828 0.099498
0 0.412080 0.720599 0.064832 0.055755
0 0.240905 0.611151 0.075715 0.096450
0 0.153218 0.297418 0.076026 0.086769
0 0.238184 0.713607 0.070274 0.085873
0 0.241915 0.513177 0.082090 0.086949
0 0.153218 0.398530 0.075715 0.100036
0 0.150886 0.196576 0.072295 0.086590
0 0.241993 0.821172 0.078203 0.097705
0 0.843750 0.725439 0.079291 0.087307
0 0.150575 0.506723 0.077892 0.090893
0 0.845149 0.621639 0.072139 0.080136
0 0.845616 0.524740 0.077736 0.091789
0 0.846004 0.405611 0.075093 0.072607
0 0.844683 0.304858 0.077736 0.094837
0 0.845149 0.206257 0.080535 0.083363
0 0.755053 0.209484 0.085044 0.083363
0 0.757774 0.303335 0.074005 0.087487
0 0.751866 0.401936 0.074938 0.086411
0 0.151430 0.603890 0.074005 0.079061
0 0.156483 0.710918 0.067631 0.092686
0 0.158738 0.820007 0.083333 0.085335
0 0.846004 0.831122 0.063899 0.078164
