0 0.224642 0.585698 0.139076 0.166438
0 0.750791 0.232887 0.116301 0.167282
0 0.400253 0.409978 0.149515 0.167282
0 0.396932 0.753507 0.151518 0.155469
0 0.565690 0.240797 0.125685 0.163274
0 0.223271 0.241114 0.132539 0.170024
0 0.226012 0.412826 0.128321 0.171501
0 0.218895 0.750976 0.143189 0.156102
0 0.755747 0.745596 0.139498 0.160110
0 0.399199 0.240956 0.156263 0.145449
0 0.750105 0.577523 0.131168 0.162114
0 0.755799 0.414566 0.145930 0.146082
0 0.582033 0.579738 0.161746 0.147136
0 0.575970 0.415884 0.140763 0.159477
0 0.576181 0.747390 0.150042 0.163274
0 0.397512 0.588546 0.119992 0.158211
