0 0.607357 0.541581 0.026067 0.030075
0 0.246766 0.900775 0.020853 0.034860
0 0.271674 0.750854 0.025101 0.030759
0 0.403167 0.426521 0.025874 0.030987
0 0.888106 0.100820 0.027225 0.031214
0 0.914462 0.453862 0.027418 0.031442
0 0.888975 0.546366 0.025101 0.032809
0 0.478181 0.759854 0.024522 0.029164
0 0.914559 0.694577 0.022977 0.031670
0 0.836262 0.067100 0.027418 0.028025
0 0.671075 0.065049 0.038811 0.031670
0 0.481367 0.275461 0.028191 0.028708
0 0.558119 0.094555 0.024522 0.033721
0 0.809036 0.161540 0.023943 0.029164
0 0.297451 0.090795 0.024136 0.030303
0 0.917359 0.815562 0.025101 0.027569
0 0.403553 0.273866 0.027418 0.030075
0 0.915235 0.932900 0.023170 0.030759
0 0.916200 0.575302 0.025488 0.028252
0 0.657752 0.422306 0.026453 0.029392
0 0.685074 0.599567 0.026260 0.035771
0 0.481560 0.305878 0.027805 0.029847
0 0.296389 0.747209 0.024329 0.029392
0 0.785190 0.127820 0.028384 0.027341
0 0.671655 0.095808 0.041128 0.033037
0 0.839834 0.496355 0.026453 0.030303
0 0.606777 0.105149 0.025681 0.028025
0 0.764240 0.853725 0.024329 0.033265
0 0.297934 0.453862 0.025874 0.033721
0 0.246766 0.931875 0.022784 0.028252
0 0.270709 0.062429 0.025101 0.029620
0 0.377003 0.155161 0.026453 0.032809
0 0.784321 0.094896 0.023170 0.032126
0 0.401043 0.365687 0.028577 0.032354
0 0.670110 0.128959 0.034949 0.035088
0 0.735663 0.483709 0.026646 0.031442
0 0.376617 0.095124 0.024522 0.029392
0 0.889071 0.605035 0.024136 0.029847
0 0.835779 0.405332 0.026067 0.028252
0 0.918131 0.544771 0.026260 0.031898
0 0.403553 0.093985 0.025874 0.031214
0 0.582352 0.934381 0.025101 0.030075
0 0.482815 0.064024 0.027612 0.030531
0 0.581483 0.696172 0.026067 0.033037
0 0.374976 0.571542 0.026260 0.032126
0 0.456555 0.128161 0.022205 0.028480
0 0.378162 0.184780 0.026067 0.025063
0 0.195018 0.625997 0.023170 0.034404
0 0.582641 0.724880 0.026067 0.028480
0 0.610736 0.808840 0.027805 0.034632
0 0.223016 0.541923 0.023943 0.032581
0 0.838869 0.525746 0.026067 0.031214
0 0.477602 0.517430 0.025681 0.031898
0 0.530218 0.187856 0.022784 0.033493
0 0.373914 0.367965 0.023364 0.031898
0 0.322070 0.596947 0.024715 0.030075
0 0.942363 0.454432 0.024522 0.030303
0 0.456073 0.157667 0.027418 0.030075
0 0.555802 0.188426 0.024136 0.030987
0 0.456266 0.190021 0.027032 0.034632
0 0.658332 0.366940 0.024522 0.031214
0 0.111508 0.041353 0.023364 0.032126
0 0.221664 0.631009 0.023557 0.028936
0 0.660166 0.806220 0.025488 0.036227
0 0.296872 0.421508 0.024908 0.030987
0 0.089496 0.069264 0.021433 0.030531
0 0.223692 0.571998 0.022977 0.029392
0 0.737787 0.450786 0.027418 0.034860
0 0.583221 0.872978 0.025681 0.029847
0 0.607936 0.399749 0.024908 0.028936
0 0.322939 0.629984 0.024522 0.030531
0 0.374397 0.626566 0.025488 0.032354
0 0.322649 0.459102 0.024715 0.033265
0 0.833752 0.035429 0.025874 0.031214
0 0.375555 0.397927 0.027032 0.030303
0 0.428075 0.456368 0.024715 0.032809
0 0.172331 0.276828 0.024908 0.035999
0 0.220506 0.718273 0.020081 0.030759
0 0.786735 0.452837 0.022977 0.030303
0 0.479243 0.728754 0.025874 0.031214
0 0.270709 0.722260 0.022398 0.026430
0 0.347171 0.696286 0.025874 0.033721
0 0.608515 0.775006 0.022591 0.030303
0 0.376327 0.488152 0.026646 0.029392
0 0.403746 0.124516 0.023170 0.029847
0 0.404229 0.156072 0.027998 0.033265
0 0.270129 0.157097 0.021626 0.027569
0 0.809616 0.095238 0.027032 0.034632
0 0.298899 0.778537 0.026646 0.032809
0 0.583510 0.844156 0.024715 0.030075
0 0.296100 0.898838 0.025681 0.031442
0 0.609481 0.454318 0.026453 0.033265
0 0.245511 0.516291 0.022977 0.029620
0 0.478857 0.817612 0.023557 0.033037
0 0.297934 0.516519 0.023557 0.030531
0 0.403070 0.062429 0.025294 0.028252
0 0.888106 0.395762 0.023364 0.027341
0 0.836069 0.131123 0.027805 0.037138
0 0.245125 0.782638 0.022977 0.030075
0 0.918131 0.845523 0.023943 0.033265
0 0.861363 0.038961 0.026646 0.038278
0 0.506468 0.098428 0.023557 0.031898
0 0.813284 0.807245 0.024715 0.028252
0 0.427882 0.393028 0.025101 0.026885
0 0.321394 0.397927 0.024522 0.031670
0 0.942363 0.933356 0.024908 0.028936
0 0.609094 0.508886 0.023750 0.034860
0 0.860398 0.101959 0.022012 0.032126
0 0.271771 0.780702 0.025681 0.025746
0 0.940819 0.200046 0.027225 0.030531
0 0.403360 0.187059 0.023943 0.028252
0 0.582545 0.064821 0.023170 0.029847
0 0.737304 0.603668 0.027998 0.032581
0 0.581579 0.570973 0.025101 0.030531
0 0.786252 0.218159 0.025488 0.029392
0 0.943425 0.578833 0.022012 0.029392
0 0.556768 0.730349 0.023750 0.031670
0 0.271384 0.926521 0.023750 0.030303
0 0.916103 0.605605 0.024522 0.030075
0 0.807106 0.034632 0.022398 0.032354
0 0.347557 0.572796 0.025488 0.030987
0 0.861170 0.134313 0.024715 0.031214
0 0.916103 0.785259 0.022591 0.032126
0 0.788376 0.752221 0.026260 0.029847
0 0.760958 0.185919 0.026260 0.031898
0 0.763757 0.818979 0.026067 0.036227
0 0.164221 0.066872 0.027225 0.029392
0 0.914462 0.483368 0.022784 0.030303
0 0.271191 0.093757 0.026453 0.029847
0 0.785576 0.276601 0.022591 0.030531
0 0.172910 0.491570 0.024522 0.029392
0 0.915138 0.724880 0.023750 0.028025
0 0.096447 0.877307 0.023364 0.033037
0 0.812319 0.720893 0.024329 0.027797
0 0.296100 0.928002 0.024908 0.024151
0 0.143561 0.870813 0.025294 0.031442
0 0.811933 0.693438 0.023557 0.027569
0 0.760282 0.218045 0.024136 0.031898
0 0.172331 0.521759 0.022977 0.029164
0 0.270612 0.507177 0.024908 0.033265
0 0.270516 0.420825 0.024329 0.031898
0 0.557637 0.910116 0.025874 0.034404
0 0.608419 0.236159 0.026260 0.028025
0 0.402394 0.215767 0.023557 0.027797
0 0.836358 0.435065 0.023364 0.030303
0 0.943329 0.394167 0.021433 0.029620
0 0.659587 0.719640 0.025874 0.027569
0 0.402491 0.456026 0.025681 0.028480
0 0.220409 0.365687 0.025681 0.031898
0 0.813381 0.902370 0.026067 0.032126
0 0.456073 0.061290 0.025488 0.030531
0 0.735374 0.071087 0.026067 0.031442
0 0.582352 0.752677 0.025101 0.029847
0 0.375265 0.775575 0.027225 0.035088
0 0.914366 0.514582 0.025294 0.029392
0 0.453562 0.599909 0.025101 0.027797
0 0.297548 0.870586 0.027032 0.028708
0 0.170786 0.369105 0.021433 0.034176
0 0.454335 0.483937 0.023170 0.032354
0 0.943329 0.753589 0.024522 0.028025
0 0.660359 0.907268 0.024329 0.035999
0 0.557830 0.128275 0.025101 0.026885
0 0.582255 0.095010 0.022977 0.027341
0 0.734312 0.035202 0.023557 0.038961
0 0.888589 0.845067 0.024715 0.032354
0 0.531859 0.907040 0.022591 0.032809
0 0.296582 0.717817 0.027418 0.031214
0 0.607357 0.078036 0.024136 0.028480
0 0.684495 0.537936 0.024329 0.031442
0 0.529639 0.464571 0.023943 0.030531
0 0.347364 0.806790 0.025101 0.028252
0 0.245800 0.751196 0.022784 0.028252
0 0.374397 0.806106 0.025101 0.025518
0 0.297548 0.485874 0.024329 0.032581
0 0.808264 0.064138 0.020853 0.023012
0 0.430489 0.061973 0.026453 0.027797
0 0.863101 0.754272 0.020081 0.030759
0 0.047596 0.454545 0.022977 0.033721
0 0.271095 0.958191 0.020853 0.030303
0 0.170496 0.752108 0.025874 0.031442
0 0.685461 0.567100 0.026646 0.026430
0 0.632651 0.510595 0.021819 0.034176
0 0.837517 0.465710 0.021819 0.029620
0 0.375555 0.429369 0.025488 0.032581
0 0.884630 0.162907 0.024522 0.029164
0 0.373624 0.835384 0.026260 0.032581
0 0.377003 0.720893 0.030315 0.031442
0 0.837131 0.213830 0.025294 0.035771
0 0.659394 0.452267 0.025101 0.027797
0 0.377293 0.459672 0.026646 0.030303
0 0.480788 0.938483 0.027805 0.027341
0 0.581676 0.539189 0.024136 0.030759
0 0.762599 0.751082 0.024136 0.033493
0 0.402974 0.244475 0.025874 0.030075
0 0.349102 0.184552 0.027032 0.035543
0 0.428558 0.214400 0.024908 0.030075
0 0.915235 0.753019 0.023943 0.030075
0 0.196756 0.818638 0.024329 0.026885
0 0.146167 0.901230 0.024329 0.026658
0 0.739911 0.633630 0.027418 0.030075
0 0.761923 0.582251 0.022398 0.032581
0 0.558795 0.504215 0.026260 0.023696
0 0.941591 0.265322 0.025681 0.030759
0 0.270226 0.623491 0.026067 0.031670
0 0.888202 0.367851 0.027418 0.031670
0 0.197625 0.456824 0.024136 0.031442
0 0.404036 0.033607 0.026453 0.031214
0 0.943908 0.694577 0.024908 0.030759
0 0.197432 0.423103 0.022977 0.032354
0 0.297837 0.032012 0.027612 0.031214
0 0.347171 0.543974 0.026260 0.029392
0 0.507723 0.065846 0.022591 0.030075
0 0.530218 0.494418 0.024715 0.030531
0 0.245414 0.364548 0.023557 0.033721
0 0.429040 0.423445 0.024329 0.032581
0 0.582352 0.904306 0.023943 0.031898
0 0.738366 0.573137 0.025874 0.031670
0 0.324580 0.428571 0.027418 0.033721
0 0.088241 0.038391 0.020081 0.028025
0 0.583993 0.962862 0.026067 0.030987
0 0.863004 0.515152 0.024522 0.026885
0 0.583897 0.813853 0.024715 0.033265
0 0.862329 0.580998 0.020467 0.033265
0 0.347654 0.601390 0.024522 0.027569
0 0.583317 0.781613 0.025488 0.031214
0 0.660166 0.842105 0.027805 0.033265
0 0.171944 0.552062 0.021433 0.030987
0 0.838096 0.554910 0.025294 0.032126
0 0.763951 0.912622 0.023364 0.030303
0 0.581869 0.129187 0.022977 0.033265
0 0.861942 0.072454 0.023170 0.028252
0 0.557926 0.848029 0.025681 0.030987
0 0.323035 0.067441 0.022784 0.026885
0 0.785480 0.188084 0.024329 0.029847
0 0.737401 0.695603 0.023170 0.032809
0 0.481174 0.124972 0.023943 0.029847
0 0.737594 0.544087 0.024329 0.030531
0 0.863487 0.273411 0.025874 0.030075
0 0.810388 0.246639 0.025101 0.029392
0 0.911566 0.037252 0.025874 0.033037
0 0.480015 0.908863 0.023557 0.031442
0 0.348909 0.516291 0.026260 0.030075
0 0.887333 0.693552 0.023750 0.031442
0 0.321877 0.719868 0.021626 0.030303
0 0.196370 0.930736 0.027805 0.033721
0 0.685943 0.727728 0.022977 0.025518
0 0.272446 0.836865 0.023943 0.025974
0 0.196949 0.395079 0.025488 0.023240
0 0.223981 0.887788 0.023943 0.024379
0 0.787604 0.422989 0.023943 0.030303
0 0.940819 0.161312 0.025294 0.033265
0 0.246862 0.630098 0.025681 0.030303
0 0.349006 0.837776 0.025681 0.033265
0 0.530508 0.063796 0.023750 0.033721
0 0.556768 0.217589 0.022205 0.028708
0 0.376424 0.031670 0.026067 0.030531
0 0.841475 0.809410 0.027805 0.028025
0 0.297162 0.603440 0.026646 0.025746
0 0.941205 0.097630 0.026453 0.031670
0 0.375941 0.064024 0.023170 0.033265
0 0.762309 0.784005 0.021626 0.032809
0 0.094806 0.453520 0.023557 0.033949
0 0.888492 0.754842 0.024136 0.029620
0 0.377776 0.124516 0.027225 0.031670
0 0.836069 0.275234 0.023170 0.029164
0 0.119425 0.783664 0.019502 0.024835
0 0.170303 0.899522 0.021240 0.025974
0 0.453466 0.366940 0.025681 0.032126
0 0.787797 0.934723 0.024715 0.031670
0 0.072118 0.900889 0.025681 0.034632
0 0.657270 0.564138 0.023943 0.028252
0 0.164124 0.038391 0.026646 0.025746
0 0.787411 0.721577 0.023943 0.029620
0 0.298513 0.814308 0.026260 0.036910
0 0.531473 0.096036 0.023364 0.026658
0 0.764626 0.636364 0.023943 0.025063
0 0.610543 0.267145 0.026260 0.038050
0 0.427978 0.720893 0.024136 0.026885
0 0.784611 0.158123 0.024908 0.029164
0 0.145395 0.812258 0.024715 0.031898
0 0.608612 0.157667 0.027418 0.029620
0 0.888202 0.191046 0.028191 0.028936
0 0.609770 0.927432 0.027418 0.034860
0 0.684978 0.430052 0.027998 0.029847
0 0.349778 0.061631 0.026839 0.028025
0 0.736532 0.394965 0.026839 0.026658
0 0.839448 0.839257 0.027998 0.034404
0 0.453852 0.398610 0.021433 0.030759
0 0.246283 0.395193 0.022591 0.029392
0 0.270419 0.125997 0.022977 0.030531
0 0.530701 0.156414 0.026453 0.028025
0 0.479533 0.625769 0.023750 0.029392
0 0.170303 0.582935 0.023557 0.028936
0 0.583028 0.302347 0.022977 0.031442
0 0.890519 0.962064 0.027418 0.032581
0 0.943618 0.299613 0.030894 0.036910
0 0.296969 0.061517 0.021240 0.028708
0 0.610156 0.633288 0.024715 0.032126
0 0.764240 0.414901 0.024715 0.028708
0 0.482429 0.187514 0.026067 0.030531
0 0.556575 0.061859 0.023364 0.025290
0 0.270419 0.896218 0.023364 0.029392
0 0.864163 0.612098 0.024908 0.031214
0 0.346302 0.750740 0.023750 0.030075
0 0.347751 0.392231 0.023943 0.028025
0 0.657463 0.509911 0.023557 0.031442
0 0.222051 0.396674 0.024329 0.029620
0 0.452790 0.452381 0.022784 0.026658
0 0.811547 0.425837 0.017764 0.025974
0 0.195887 0.721805 0.024522 0.023240
0 0.971133 0.751196 0.023364 0.033265
0 0.634292 0.902597 0.022398 0.029847
0 0.764337 0.443381 0.023364 0.028708
0 0.221858 0.509911 0.022398 0.030075
0 0.070477 0.869446 0.024329 0.027341
0 0.480498 0.094327 0.023750 0.028708
0 0.170979 0.846093 0.022977 0.036683
0 0.554644 0.696286 0.024136 0.034632
0 0.788376 0.848941 0.023943 0.029164
0 0.431357 0.124630 0.025874 0.026430
0 0.609674 0.898952 0.025294 0.024379
0 0.195984 0.693780 0.021240 0.030987
0 0.221471 0.601732 0.023943 0.030987
0 0.480015 0.156186 0.022784 0.029392
0 0.428558 0.748348 0.025294 0.026202
0 0.687102 0.795625 0.024136 0.035543
0 0.839737 0.781271 0.023943 0.030531
0 0.507627 0.965140 0.025488 0.035999
0 0.269936 0.188767 0.026646 0.030303
0 0.837420 0.610731 0.029735 0.031214
0 0.887333 0.725336 0.021433 0.031670
0 0.885692 0.035999 0.023170 0.031442
0 0.671075 0.034176 0.031859 0.030075
0 0.916876 0.392914 0.027998 0.024379
0 0.454818 0.272727 0.023364 0.025974
0 0.836262 0.371383 0.023943 0.036455
0 0.136609 0.072340 0.022205 0.033493
0 0.452983 0.574163 0.023557 0.022784
0 0.064202 0.065733 0.024136 0.029392
0 0.788087 0.551606 0.024136 0.027797
0 0.245704 0.543062 0.019888 0.027113
0 0.683047 0.366143 0.021819 0.025518
0 0.762020 0.611529 0.019116 0.022784
0 0.812416 0.749487 0.024908 0.026658
0 0.530218 0.032468 0.025488 0.026658
0 0.296775 0.545910 0.025101 0.030531
0 0.607839 0.743791 0.022012 0.028025
0 0.198397 0.535088 0.024908 0.022101
0 0.888975 0.809524 0.026646 0.036455
0 0.427592 0.489291 0.024908 0.033493
0 0.296003 0.121896 0.026260 0.033265
0 0.119135 0.690362 0.019695 0.025974
0 0.761537 0.098542 0.021240 0.029847
0 0.173296 0.462178 0.027225 0.033493
0 0.222147 0.429369 0.024522 0.030759
0 0.197432 0.791866 0.024908 0.028025
0 0.838965 0.929483 0.027032 0.033949
0 0.658718 0.395534 0.024908 0.023696
0 0.453852 0.629187 0.022205 0.028936
0 0.427689 0.363864 0.023557 0.026430
0 0.095578 0.843358 0.022784 0.030303
0 0.478664 0.459330 0.024329 0.032354
0 0.348619 0.030873 0.029156 0.031214
0 0.376038 0.515379 0.026067 0.025974
0 0.453949 0.777740 0.024715 0.028480
0 0.298996 0.845637 0.027225 0.025746
0 0.555995 0.158350 0.023364 0.030075
0 0.453949 0.694577 0.021626 0.031214
0 0.270902 0.808726 0.024715 0.028936
0 0.269840 0.367168 0.023364 0.029847
0 0.196756 0.301891 0.022012 0.031442
0 0.453273 0.516632 0.022591 0.028480
0 0.349102 0.455343 0.025874 0.032581
0 0.063236 0.096377 0.023364 0.027341
0 0.321104 0.690362 0.021626 0.025063
0 0.270516 0.693096 0.019309 0.030531
0 0.738463 0.960811 0.027225 0.028708
0 0.762599 0.884256 0.023750 0.027341
0 0.809519 0.218843 0.023750 0.026202
0 0.270033 0.476418 0.023364 0.027341
0 0.245125 0.127478 0.025294 0.034860
0 0.582352 0.246070 0.023557 0.031442
0 0.295713 0.206995 0.025681 0.032581
0 0.737208 0.514240 0.025874 0.030531
0 0.430392 0.183869 0.023557 0.029164
0 0.787700 0.963203 0.024136 0.027569
0 0.350357 0.092960 0.024908 0.028252
0 0.944584 0.546366 0.023943 0.034176
0 0.196466 0.589314 0.022977 0.034404
0 0.787990 0.818182 0.023557 0.027797
0 0.245993 0.568125 0.019695 0.022556
0 0.172620 0.403281 0.023557 0.029620
0 0.195694 0.206539 0.022591 0.030759
0 0.944101 0.905218 0.024908 0.027797
0 0.736243 0.102301 0.025874 0.034176
0 0.606198 0.205058 0.026839 0.035088
0 0.348716 0.486216 0.024715 0.030075
0 0.557250 0.592162 0.025101 0.023696
0 0.221085 0.775120 0.023557 0.024607
0 0.814057 0.778423 0.025488 0.028936
0 0.350068 0.423103 0.024329 0.032354
0 0.786252 0.520506 0.024329 0.033493
0 0.688164 0.919116 0.024715 0.030531
0 0.659683 0.538278 0.024908 0.023468
0 0.554161 0.369560 0.024329 0.032354
0 0.296486 0.957507 0.021433 0.032126
0 0.121066 0.902825 0.023170 0.026202
0 0.813188 0.931078 0.021047 0.027569
0 0.554933 0.564707 0.023170 0.027569
0 0.375265 0.269310 0.026067 0.034632
0 0.970168 0.482912 0.022205 0.028480
0 0.812319 0.508202 0.022398 0.036227
0 0.684012 0.398268 0.022977 0.035088
0 0.195984 0.898838 0.025874 0.023696
0 0.247442 0.960469 0.026067 0.029847
0 0.145105 0.274322 0.023750 0.028252
0 0.889554 0.422761 0.024715 0.025746
0 0.861460 0.215083 0.022591 0.027341
0 0.164414 0.097289 0.026067 0.024607
0 0.736436 0.901230 0.023170 0.029847
0 0.188936 0.040100 0.022977 0.027797
0 0.119618 0.810093 0.022205 0.025290
0 0.631589 0.567897 0.023943 0.030759
0 0.453466 0.426521 0.023364 0.022784
0 0.634485 0.871953 0.024329 0.032809
0 0.119714 0.931306 0.023557 0.027569
0 0.633810 0.697311 0.024136 0.031670
0 0.271191 0.591023 0.023750 0.029164
0 0.583993 0.632376 0.027612 0.028025
0 0.119618 0.961609 0.028770 0.031670
0 0.556382 0.479380 0.027612 0.025518
0 0.321008 0.538733 0.023364 0.025290
0 0.969878 0.453748 0.023557 0.030303
0 0.426530 0.549328 0.023943 0.027797
0 0.762985 0.693780 0.023364 0.028708
0 0.270709 0.277512 0.025874 0.031898
0 0.582159 0.451697 0.021626 0.029847
0 0.505696 0.035885 0.018536 0.027113
0 0.429330 0.632604 0.027225 0.028025
0 0.759896 0.129984 0.022205 0.030303
0 0.812512 0.872978 0.024715 0.027113
0 0.197239 0.871611 0.022591 0.024835
0 0.608032 0.603896 0.024715 0.028025
0 0.530411 0.125997 0.027805 0.030531
0 0.636416 0.935065 0.027032 0.032354
0 0.480402 0.694805 0.025488 0.030303
0 0.784611 0.065846 0.022591 0.026885
0 0.530797 0.519822 0.023943 0.022101
0 0.349199 0.630895 0.024522 0.030987
0 0.836551 0.694008 0.026453 0.032354
0 0.244642 0.488266 0.021626 0.028252
0 0.247249 0.426179 0.022977 0.031670
0 0.581676 0.158920 0.020274 0.026202
0 0.322360 0.748348 0.022977 0.025746
0 0.454045 0.749032 0.022977 0.028480
0 0.787604 0.577011 0.025488 0.024379
0 0.245897 0.813853 0.021433 0.026885
0 0.171075 0.778765 0.024715 0.022784
0 0.555899 0.032809 0.024715 0.029620
0 0.480305 0.788904 0.025681 0.025290
0 0.455880 0.219070 0.025488 0.024835
0 0.348909 0.898496 0.024715 0.028936
0 0.787121 0.691729 0.025681 0.028252
0 0.943425 0.783550 0.021240 0.030531
0 0.506372 0.156756 0.024136 0.030075
0 0.633230 0.452495 0.021819 0.031442
0 0.402587 0.484279 0.022398 0.024379
0 0.633134 0.421736 0.022398 0.026430
0 0.811740 0.840396 0.022398 0.038050
0 0.426434 0.521189 0.026453 0.029847
0 0.271384 0.865687 0.022205 0.033949
0 0.322456 0.168831 0.023170 0.035543
0 0.111508 0.157667 0.025681 0.030531
0 0.557154 0.813967 0.025681 0.034860
0 0.556575 0.422875 0.024908 0.030987
0 0.609384 0.962064 0.024715 0.034404
0 0.426916 0.575188 0.024715 0.024835
0 0.504248 0.695830 0.020274 0.030987
0 0.531473 0.965254 0.022591 0.026658
0 0.454721 0.868535 0.024715 0.036455
0 0.374783 0.541012 0.023170 0.027569
0 0.686909 0.458191 0.027612 0.025974
0 0.453273 0.547733 0.021433 0.028252
0 0.346495 0.723513 0.025294 0.023468
0 0.245414 0.841536 0.023557 0.023468
0 0.429233 0.781385 0.023943 0.029847
0 0.244159 0.030189 0.023364 0.027113
0 0.860012 0.162224 0.023170 0.028708
0 0.657946 0.627706 0.023364 0.026885
0 0.762599 0.470950 0.022977 0.028252
0 0.347751 0.364548 0.025488 0.024607
0 0.527901 0.274778 0.023943 0.030987
0 0.737401 0.726361 0.021240 0.027341
0 0.862329 0.189109 0.022398 0.023696
0 0.403746 0.892344 0.025101 0.035771
0 0.479050 0.544885 0.026260 0.025746
0 0.456555 0.095124 0.022977 0.035316
0 0.582352 0.033949 0.024715 0.030075
0 0.530701 0.215995 0.022977 0.023696
0 0.507917 0.932217 0.026453 0.031670
0 0.763757 0.722830 0.023750 0.021645
0 0.916586 0.634655 0.022398 0.028936
0 0.093551 0.517088 0.025294 0.033037
0 0.147133 0.546822 0.024329 0.025063
0 0.737980 0.931647 0.025874 0.028708
0 0.837903 0.246525 0.023750 0.029620
0 0.736822 0.367054 0.025874 0.027341
0 0.787025 0.486102 0.023170 0.035316
0 0.147422 0.486785 0.022591 0.030303
0 0.402587 0.304170 0.024329 0.027797
0 0.915524 0.902483 0.022591 0.031442
0 0.456555 0.031784 0.024136 0.025746
0 0.064588 0.180223 0.021433 0.028252
0 0.762792 0.498975 0.023364 0.030987
0 0.270902 0.450216 0.025874 0.025518
0 0.348716 0.151971 0.024715 0.026430
0 0.431647 0.093643 0.027225 0.031898
0 0.145974 0.247095 0.025101 0.023923
0 0.454624 0.304056 0.021047 0.032581
0 0.889940 0.252791 0.027032 0.037138
0 0.942267 0.607314 0.019695 0.028025
0 0.322263 0.565846 0.025101 0.031214
0 0.145009 0.602757 0.023557 0.031214
0 0.633906 0.777626 0.020467 0.028708
0 0.221954 0.919002 0.025681 0.028480
0 0.112184 0.070403 0.023943 0.027797
0 0.195887 0.175211 0.022205 0.027341
0 0.402008 0.543860 0.022784 0.025974
0 0.862232 0.306334 0.021433 0.032126
0 0.220699 0.831966 0.025874 0.027569
0 0.505503 0.540100 0.023943 0.038505
0 0.244063 0.092048 0.022784 0.030531
0 0.633423 0.061745 0.024136 0.023240
0 0.087276 0.158578 0.021240 0.034632
0 0.136802 0.131579 0.022205 0.028936
0 0.784418 0.035202 0.022591 0.033493
0 0.633037 0.631693 0.022591 0.033493
0 0.583317 0.509228 0.022398 0.029164
0 0.144623 0.781157 0.024329 0.030303
0 0.221568 0.689223 0.023364 0.025974
0 0.196370 0.240488 0.025488 0.031670
0 0.529446 0.724539 0.022784 0.020506
0 0.172137 0.307245 0.026453 0.024379
0 0.245125 0.159831 0.025294 0.028480
0 0.222823 0.747209 0.023943 0.025290
0 0.480402 0.367282 0.024715 0.034632
0 0.196853 0.765436 0.022591 0.023468
0 0.556961 0.249829 0.025294 0.034860
0 0.143464 0.749601 0.023557 0.029620
0 0.245704 0.719526 0.021047 0.032809
0 0.887430 0.454659 0.022398 0.031670
0 0.837517 0.723285 0.024908 0.026658
0 0.686040 0.759626 0.023943 0.039189
0 0.632748 0.107314 0.023557 0.024607
0 0.656497 0.597403 0.023557 0.031898
0 0.377003 0.236614 0.024136 0.027569
0 0.684592 0.697539 0.020660 0.035771
0 0.297162 0.364092 0.026646 0.025518
0 0.169820 0.240829 0.021433 0.030075
0 0.785383 0.247095 0.021433 0.028936
0 0.555030 0.781157 0.022977 0.029392
0 0.404036 0.858168 0.024908 0.033493
0 0.222919 0.458191 0.026067 0.025063
0 0.119811 0.873320 0.021819 0.029620
0 0.632555 0.034632 0.025488 0.031442
0 0.610060 0.426521 0.026067 0.023696
0 0.634872 0.723513 0.023943 0.022556
0 0.581773 0.189679 0.022784 0.034860
0 0.172717 0.432217 0.024908 0.027341
0 0.430682 0.241399 0.026839 0.025290
0 0.581193 0.397585 0.024715 0.030531
0 0.401139 0.395990 0.022205 0.027797
0 0.633230 0.539531 0.024136 0.024151
0 0.862039 0.723969 0.022591 0.028936
0 0.529446 0.696400 0.022398 0.036683
0 0.787604 0.604010 0.026646 0.030531
0 0.529542 0.748690 0.024136 0.027797
0 0.429137 0.691388 0.026067 0.030759
0 0.762116 0.552290 0.020853 0.026430
0 0.738463 0.843814 0.026453 0.029392
0 0.943908 0.424356 0.020660 0.027113
0 0.660842 0.480975 0.027225 0.027341
0 0.885306 0.132832 0.021240 0.032809
0 0.111411 0.129870 0.026260 0.025063
0 0.529446 0.406699 0.020853 0.029164
0 0.195694 0.365573 0.022591 0.031214
0 0.093068 0.578150 0.026260 0.032126
0 0.834814 0.095466 0.022977 0.030987
0 0.062464 0.125883 0.023750 0.030759
0 0.633327 0.131579 0.025101 0.024835
0 0.912435 0.070062 0.027612 0.029392
0 0.863777 0.448622 0.022977 0.025518
0 0.244256 0.059353 0.022012 0.026658
0 0.094420 0.365687 0.025488 0.033265
0 0.119232 0.586124 0.021819 0.027569
0 0.862039 0.367510 0.021819 0.029620
0 0.322360 0.197995 0.024136 0.022329
0 0.633906 0.810549 0.022012 0.033037
0 0.685654 0.510936 0.025488 0.023923
0 0.144816 0.720096 0.025101 0.030303
0 0.087469 0.125655 0.020467 0.029392
0 0.483491 0.034860 0.025488 0.027341
0 0.557154 0.534062 0.022591 0.031442
0 0.658718 0.691274 0.025681 0.028708
0 0.530411 0.435065 0.022012 0.027113
0 0.430489 0.032012 0.021819 0.027569
0 0.736532 0.752335 0.023364 0.023240
0 0.189322 0.068011 0.021433 0.023468
0 0.506275 0.901003 0.021240 0.025746
0 0.479629 0.489519 0.024715 0.023923
0 0.071732 0.961153 0.024136 0.026658
0 0.941784 0.126452 0.027612 0.025063
0 0.221858 0.952837 0.022398 0.034632
0 0.531184 0.809979 0.025874 0.030531
0 0.506372 0.755753 0.026067 0.026430
0 0.505793 0.835612 0.026067 0.033037
0 0.347461 0.779676 0.022977 0.026430
0 0.810002 0.276031 0.022398 0.028480
0 0.813960 0.961722 0.022591 0.030075
0 0.581966 0.273866 0.022784 0.024151
0 0.137575 0.103213 0.025294 0.025063
0 0.221278 0.482798 0.022012 0.022784
0 0.170689 0.609592 0.024715 0.027113
0 0.889651 0.575758 0.020660 0.026885
0 0.479147 0.595694 0.021819 0.030303
0 0.428461 0.603554 0.027805 0.032809
0 0.376038 0.927318 0.023750 0.033721
0 0.606681 0.571315 0.023943 0.029847
0 0.834621 0.306676 0.024908 0.032354
0 0.270998 0.031784 0.020274 0.030303
0 0.376907 0.692185 0.027418 0.027797
0 0.456169 0.244589 0.025294 0.026202
0 0.246573 0.596719 0.020853 0.032809
0 0.888782 0.514240 0.019695 0.023240
0 0.943039 0.962748 0.023170 0.025746
0 0.863294 0.479950 0.020467 0.032581
0 0.943618 0.813055 0.023170 0.024379
0 0.480498 0.965938 0.022977 0.028936
0 0.889844 0.306562 0.026067 0.027113
0 0.555513 0.936774 0.025101 0.023012
0 0.145491 0.840396 0.025294 0.024835
0 0.787121 0.788676 0.024136 0.030303
0 0.296582 0.573365 0.024329 0.027569
0 0.136030 0.038847 0.019116 0.028480
0 0.093068 0.629642 0.025488 0.031214
0 0.271867 0.563112 0.024715 0.028480
0 0.096158 0.812030 0.022012 0.028252
0 0.270998 0.248120 0.025294 0.025063
0 0.890519 0.633971 0.024329 0.029847
0 0.145491 0.364434 0.022591 0.026202
0 0.119521 0.838688 0.022784 0.029620
0 0.837613 0.583276 0.023943 0.025518
0 0.373624 0.746981 0.023943 0.024379
0 0.943329 0.724766 0.023364 0.026885
0 0.246380 0.868763 0.020467 0.028708
0 0.531377 0.843472 0.025101 0.033721
0 0.886658 0.217703 0.023557 0.028025
0 0.634485 0.748576 0.022398 0.028936
0 0.634003 0.156869 0.025294 0.030303
0 0.581676 0.368763 0.025294 0.028936
0 0.479919 0.399408 0.021819 0.029164
0 0.093454 0.691957 0.025488 0.032809
0 0.323035 0.134427 0.022784 0.033265
0 0.555995 0.453748 0.027612 0.025290
0 0.531184 0.937913 0.020081 0.026658
0 0.688260 0.862383 0.025294 0.030987
0 0.221471 0.207450 0.025488 0.024379
0 0.839641 0.868307 0.027612 0.035088
0 0.556864 0.306676 0.024715 0.027341
0 0.170689 0.876054 0.022784 0.018227
0 0.170593 0.210868 0.022591 0.024379
0 0.581869 0.601048 0.023364 0.027797
0 0.736725 0.813511 0.024908 0.027113
0 0.608708 0.841194 0.023364 0.031442
0 0.889168 0.932787 0.024715 0.027341
0 0.685557 0.485190 0.022591 0.026202
0 0.787218 0.904306 0.022398 0.030531
0 0.737787 0.782183 0.025874 0.025518
0 0.120004 0.529506 0.021819 0.036455
0 0.147326 0.455457 0.023557 0.031442
0 0.685847 0.635224 0.025874 0.028252
0 0.453756 0.722032 0.021240 0.022784
0 0.144912 0.572568 0.021819 0.024607
0 0.245221 0.690021 0.020467 0.024835
0 0.221471 0.303144 0.024715 0.026658
0 0.915910 0.421280 0.022591 0.030987
0 0.888395 0.483823 0.022784 0.033037
0 0.609094 0.870927 0.024522 0.028480
0 0.296293 0.238893 0.022977 0.026658
0 0.403167 0.832308 0.023557 0.022329
0 0.374204 0.598884 0.023943 0.024379
0 0.942460 0.483140 0.022398 0.028025
0 0.837227 0.751196 0.020467 0.027341
0 0.633134 0.365117 0.022784 0.026202
0 0.350647 0.870016 0.026260 0.028025
0 0.349681 0.963431 0.028963 0.026658
0 0.659973 0.745500 0.024715 0.025518
0 0.944198 0.843586 0.022398 0.031214
0 0.863101 0.546480 0.019309 0.033493
0 0.504248 0.727728 0.020274 0.030531
0 0.633327 0.840169 0.020081 0.026658
0 0.452790 0.902256 0.026260 0.024607
0 0.453756 0.934951 0.026260 0.034404
0 0.094806 0.419116 0.025488 0.031670
0 0.403456 0.808954 0.021819 0.026202
0 0.111025 0.100934 0.021626 0.031442
0 0.671558 0.161882 0.038231 0.030759
0 0.582545 0.218159 0.023943 0.022101
0 0.220602 0.177261 0.023750 0.029164
0 0.245511 0.458305 0.019502 0.030303
0 0.196853 0.844839 0.023750 0.021873
0 0.917359 0.366029 0.026646 0.026202
0 0.555899 0.755411 0.024329 0.020278
0 0.528384 0.307929 0.026067 0.029847
0 0.809809 0.189679 0.021240 0.031670
0 0.888202 0.780246 0.024329 0.020278
0 0.607164 0.130895 0.022591 0.025290
0 0.888492 0.876282 0.026067 0.028252
0 0.687584 0.891775 0.025488 0.030075
0 0.119232 0.561062 0.024908 0.023468
0 0.556961 0.278423 0.024136 0.023696
0 0.074821 0.931761 0.028384 0.026202
0 0.376327 0.865687 0.023557 0.028025
0 0.505117 0.408180 0.023170 0.033949
0 0.094034 0.546366 0.023170 0.032809
0 0.686522 0.946229 0.024522 0.029620
0 0.197625 0.270905 0.024908 0.025974
0 0.505889 0.468786 0.022784 0.021645
0 0.087855 0.098770 0.023557 0.023468
0 0.320236 0.365801 0.019116 0.030759
0 0.322360 0.486102 0.021819 0.022101
0 0.296100 0.688653 0.026453 0.026202
0 0.297065 0.149692 0.026067 0.024151
0 0.861942 0.694008 0.021240 0.029620
0 0.631686 0.598542 0.020274 0.029620
0 0.295713 0.175439 0.025681 0.031898
0 0.736725 0.872180 0.024136 0.030987
0 0.402201 0.919116 0.024329 0.022784
0 0.296582 0.627478 0.024329 0.022784
0 0.761537 0.249715 0.024715 0.030987
0 0.071539 0.838460 0.022977 0.026430
0 0.377872 0.209501 0.025874 0.026202
0 0.088917 0.189337 0.022205 0.021873
0 0.969009 0.694463 0.022591 0.029620
0 0.349006 0.932217 0.024522 0.030759
0 0.430006 0.151857 0.023557 0.026202
0 0.531087 0.549442 0.024136 0.039417
0 0.862329 0.243677 0.019695 0.028025
0 0.452597 0.834586 0.028963 0.026885
0 0.809423 0.130326 0.020081 0.033265
0 0.505889 0.595466 0.022784 0.028025
0 0.196853 0.508088 0.023364 0.030987
0 0.430006 0.270449 0.022398 0.027797
0 0.065553 0.209843 0.023750 0.025518
0 0.762020 0.306220 0.027225 0.026430
0 0.295907 0.390522 0.024522 0.026430
0 0.556961 0.963317 0.022977 0.032354
0 0.760572 0.277740 0.022012 0.027797
0 0.268971 0.217589 0.023943 0.027341
0 0.762502 0.526999 0.021626 0.023240
0 0.143850 0.690476 0.022012 0.027113
0 0.121162 0.492595 0.023364 0.035543
0 0.634099 0.084302 0.023170 0.024151
0 0.321684 0.510709 0.020081 0.027569
0 0.402587 0.736728 0.023943 0.030759
0 0.171365 0.633971 0.023364 0.025746
0 0.787990 0.631465 0.023943 0.025746
0 0.789342 0.392231 0.024715 0.026658
0 0.453562 0.965482 0.023943 0.026202
0 0.862522 0.394281 0.017378 0.024379
0 0.220023 0.802916 0.020660 0.031442
0 0.223306 0.860902 0.024908 0.025746
0 0.376907 0.302802 0.025874 0.032354
0 0.120293 0.718159 0.019695 0.029164
0 0.045955 0.488038 0.024329 0.029164
0 0.171655 0.808612 0.024715 0.037822
0 0.197722 0.743222 0.023943 0.020050
0 0.505117 0.442014 0.022784 0.032809
0 0.063622 0.037822 0.025681 0.023696
0 0.787121 0.876737 0.022205 0.027341
0 0.634196 0.480861 0.024136 0.025290
0 0.635451 0.964229 0.024715 0.025063
0 0.505117 0.492823 0.020081 0.025063
0 0.942750 0.513898 0.019502 0.028025
0 0.480884 0.218615 0.021819 0.029392
0 0.530315 0.778993 0.021047 0.030075
0 0.610736 0.481317 0.023557 0.021189
0 0.197239 0.482342 0.021819 0.022329
0 0.401332 0.943951 0.022205 0.027341
0 0.197432 0.557075 0.024136 0.025974
0 0.555899 0.395420 0.026260 0.022101
0 0.351226 0.215653 0.026646 0.023923
0 0.556671 0.879130 0.023557 0.029392
0 0.557250 0.639326 0.025488 0.023240
0 0.065939 0.240602 0.023364 0.034176
0 0.764337 0.939052 0.022977 0.023012
0 0.097123 0.908521 0.023943 0.024379
0 0.323422 0.094441 0.022784 0.029392
0 0.145009 0.304739 0.023170 0.031214
0 0.298320 0.269879 0.023943 0.025746
0 0.093068 0.486899 0.023170 0.028252
0 0.039197 0.216678 0.023170 0.033265
0 0.760282 0.036455 0.025294 0.029620
0 0.507241 0.188084 0.023557 0.024835
0 0.736725 0.420369 0.024908 0.023696
0 0.786542 0.308157 0.019888 0.032126
0 0.163642 0.125427 0.024908 0.028936
0 0.481464 0.248234 0.025294 0.027113
0 0.969106 0.722146 0.021626 0.025746
0 0.349971 0.122579 0.024908 0.029620
0 0.968720 0.421850 0.022398 0.027113
0 0.583993 0.480747 0.026453 0.025518
0 0.915524 0.962976 0.023364 0.031214
0 0.835007 0.159604 0.025294 0.019367
0 0.146071 0.520278 0.022205 0.032126
0 0.220989 0.270107 0.020660 0.033037
0 0.478953 0.426863 0.024136 0.031214
0 0.506179 0.569720 0.025294 0.021645
0 0.093744 0.603099 0.026067 0.020506
0 0.454142 0.805764 0.024715 0.025746
0 0.269936 0.392800 0.021626 0.022329
0 0.632265 0.392117 0.023750 0.023696
0 0.940143 0.066872 0.025101 0.029392
0 0.145491 0.961381 0.025294 0.034860
0 0.889264 0.281727 0.025294 0.020734
0 0.763371 0.367738 0.022205 0.028708
0 0.837420 0.183185 0.025874 0.026430
0 0.606391 0.368763 0.019888 0.030759
0 0.401332 0.514696 0.022977 0.029164
0 0.431550 0.301208 0.025874 0.028252
0 0.811450 0.402711 0.016026 0.021189
0 0.970651 0.872978 0.025488 0.030759
0 0.482236 0.878560 0.028384 0.030531
0 0.505696 0.868421 0.022012 0.034860
0 0.504634 0.782980 0.022977 0.026202
0 0.863584 0.421736 0.023750 0.028252
0 0.811740 0.471975 0.022784 0.034860
0 0.271964 0.305878 0.025294 0.027569
0 0.943618 0.636705 0.026260 0.026202
0 0.660166 0.771246 0.022784 0.030531
0 0.505986 0.808612 0.022977 0.025063
0 0.195984 0.963203 0.025874 0.028025
0 0.733829 0.133060 0.026067 0.023696
0 0.760089 0.067783 0.018729 0.030303
0 0.375652 0.894281 0.020660 0.025974
0 0.170496 0.724766 0.024329 0.025063
0 0.145009 0.928230 0.022398 0.023240
0 0.120873 0.440191 0.020467 0.029620
0 0.884823 0.068467 0.019888 0.033037
0 0.221375 0.235019 0.021433 0.029392
0 0.505117 0.128275 0.020853 0.022329
0 0.219927 0.147186 0.020853 0.027341
0 0.812319 0.447141 0.022784 0.017544
0 0.608032 0.717931 0.018923 0.021873
0 0.812512 0.557530 0.021240 0.027341
0 0.095385 0.392458 0.026260 0.024379
0 0.864260 0.637731 0.021626 0.022784
0 0.121259 0.464571 0.025101 0.024151
0 0.634196 0.185578 0.022205 0.029392
0 0.944777 0.875256 0.024329 0.027569
0 0.688164 0.830485 0.022784 0.032354
0 0.943136 0.363750 0.018343 0.025290
0 0.047596 0.416951 0.022977 0.026430
0 0.530508 0.637845 0.022205 0.020734
0 0.478664 0.568125 0.022398 0.022556
0 0.046920 0.899863 0.021626 0.032126
0 0.970651 0.514012 0.023557 0.027341
0 0.968334 0.392458 0.023557 0.025290
0 0.530797 0.581226 0.023943 0.016405
0 0.270998 0.536910 0.023750 0.027569
0 0.970361 0.784347 0.024522 0.031670
0 0.581386 0.424015 0.022012 0.020506
0 0.069801 0.462406 0.020274 0.028480
0 0.349102 0.242538 0.023943 0.027569
0 0.094034 0.300524 0.024329 0.036910
0 0.530604 0.241513 0.022398 0.029620
0 0.063912 0.153338 0.023943 0.022784
0 0.812126 0.536113 0.022784 0.019594
0 0.967175 0.363636 0.022012 0.028708
0 0.404036 0.761677 0.026453 0.022784
0 0.121259 0.406812 0.023557 0.035771
0 0.069511 0.492595 0.022784 0.028252
0 0.147229 0.427318 0.022977 0.027569
0 0.969299 0.901800 0.021240 0.022329
0 0.658814 0.872522 0.024329 0.033037
0 0.810388 0.308385 0.020081 0.036227
0 0.045376 0.960242 0.023557 0.027569
0 0.069125 0.407040 0.018923 0.024835
0 0.377100 0.959330 0.022784 0.023923
0 0.070670 0.518227 0.018923 0.026658
0 0.505406 0.514582 0.022205 0.017088
0 0.120197 0.752449 0.019502 0.034860
0 0.967851 0.633971 0.018343 0.028025
0 0.529832 0.609592 0.022398 0.037138
0 0.188743 0.094896 0.021819 0.022556
0 0.219830 0.118934 0.020660 0.025518
0 0.037942 0.188995 0.023364 0.023468
0 0.146843 0.395420 0.020660 0.031214
0 0.916779 0.873775 0.023557 0.022784
0 0.888492 0.903167 0.025294 0.024151
0 0.763854 0.390864 0.022398 0.019367
0 0.555802 0.615630 0.026453 0.025518
0 0.119521 0.293347 0.021240 0.026658
0 0.789245 0.365117 0.025294 0.025746
0 0.607936 0.693210 0.022591 0.023923
0 0.942074 0.234450 0.023943 0.024151
0 0.506468 0.213374 0.024715 0.025746
0 0.196660 0.148895 0.022977 0.022556
0 0.762889 0.964115 0.020467 0.024379
0 0.404132 0.783664 0.022784 0.028480
0 0.120100 0.266006 0.022398 0.030759
0 0.531280 0.874459 0.021047 0.027797
0 0.068739 0.362611 0.023170 0.023012
0 0.070960 0.545455 0.022205 0.023240
0 0.840317 0.961609 0.022784 0.024835
0 0.478760 0.845751 0.022591 0.025518
0 0.045376 0.931761 0.022784 0.030303
0 0.070091 0.434154 0.019309 0.027569
0 0.046438 0.392003 0.023364 0.022556
0 0.970940 0.842903 0.023750 0.027569
0 0.633327 0.211324 0.022784 0.020734
0 0.321973 0.223399 0.022977 0.027569
0 0.971906 0.814764 0.025294 0.028708
0 0.965727 0.096491 0.022205 0.035771
0 0.136320 0.160743 0.023557 0.026202
0 0.686136 0.971520 0.018729 0.027797
0 0.840606 0.897585 0.026453 0.026202
0 0.171558 0.182046 0.022591 0.028252
0 0.068739 0.571201 0.020853 0.025063
0 0.220409 0.093415 0.021047 0.023696
0 0.068160 0.386421 0.021626 0.020050
0 0.966403 0.929938 0.017764 0.028025
0 0.759606 0.155047 0.024329 0.023923
0 0.965341 0.607769 0.020274 0.026202
0 0.039873 0.243563 0.025681 0.017316
0 0.146457 0.216564 0.019888 0.028480
0 0.046341 0.868535 0.020853 0.029164
0 0.299189 0.304739 0.024908 0.028936
0 0.030604 0.046708 0.025294 0.038733
0 0.323325 0.112326 0.022977 0.014582
0 0.088627 0.211210 0.021240 0.023696
0 0.504634 0.768057 0.021433 0.011392
0 0.969975 0.542607 0.021047 0.030303
0 0.969782 0.303486 0.023750 0.035999
0 0.065264 0.272044 0.022398 0.023696
0 0.965727 0.579631 0.019502 0.026885
0 0.505310 0.420141 0.022012 0.011392
0 0.966789 0.170426 0.022012 0.035088
0 0.969106 0.203008 0.022784 0.030075
0 0.970940 0.275461 0.026453 0.027797
0 0.039969 0.264753 0.022012 0.026885
0 0.212010 0.039986 0.022012 0.031214
0 0.068546 0.597061 0.017378 0.028936
0 0.069029 0.627136 0.020274 0.028936
0 0.042286 0.363522 0.022784 0.028025
0 0.047500 0.842105 0.022784 0.030075
0 0.047886 0.812600 0.022012 0.024835
0 0.071635 0.811574 0.025488 0.026885
0 0.967368 0.962748 0.019309 0.033037
