0 0.618746 0.567949 0.153753 0.166053
0 0.611015 0.233661 0.145240 0.146132
0 0.773454 0.579615 0.143155 0.174103
0 0.300208 0.093055 0.146977 0.144631
0 0.311588 0.430686 0.151668 0.158958
0 0.616487 0.079615 0.140896 0.134943
0 0.896890 0.060513 0.114489 0.105744
0 0.146195 0.097148 0.150278 0.135898
0 0.616574 0.409606 0.141418 0.139719
0 0.774149 0.411857 0.142460 0.142311
0 0.773019 0.085005 0.123523 0.160458
0 0.132905 0.253991 0.150452 0.123482
0 0.303683 0.263406 0.127867 0.152408
0 0.466557 0.582208 0.126650 0.140810
0 0.449792 0.093191 0.140723 0.162642
0 0.462735 0.423114 0.134990 0.130986
0 0.313760 0.582139 0.136553 0.124574
0 0.898106 0.158548 0.106498 0.086506
0 0.791696 0.739596 0.143155 0.132214
0 0.459781 0.265998 0.132557 0.176695
0 0.777189 0.250307 0.139159 0.170419
0 0.134816 0.404353 0.137596 0.143949
0 0.897585 0.255765 0.102328 0.092100
0 0.135858 0.585619 0.148019 0.168099
0 0.615097 0.721585 0.122481 0.100559
0 0.472464 0.696684 0.117616 0.082958
0 0.701789 0.749215 0.038742 0.034657
0 0.228631 0.606427 0.038916 0.070269
