0 0.845780 0.103026 0.308439 0.139049
0 0.845780 0.276117 0.308439 0.161023
0 0.845780 0.457493 0.308439 0.146254
0 0.844660 0.640130 0.247946 0.151297
0 0.855863 0.781700 0.288275 0.135447
0 0.861464 0.942183 0.277072 0.115634
0 0.498506 0.095101 0.311426 0.146254
0 0.497386 0.273595 0.270351 0.153818
0 0.514937 0.453710 0.314414 0.134366
0 0.526886 0.629683 0.333831 0.157781
0 0.507468 0.784402 0.315907 0.140850
0 0.520538 0.940022 0.321135 0.119957
0 0.141150 0.088256 0.280807 0.126081
0 0.149365 0.271974 0.285288 0.175793
0 0.165049 0.447947 0.328603 0.171830
0 0.143764 0.615274 0.248693 0.146254
0 0.163555 0.793948 0.309186 0.159942
0 0.145258 0.943264 0.289022 0.109150
