0 0.286347 0.217353 0.027801 0.019872
0 0.265239 0.621895 0.028418 0.021647
0 0.170717 0.128549 0.028418 0.025727
0 0.928851 0.411196 0.027801 0.027502
0 0.810441 0.430270 0.027801 0.026260
0 0.525535 0.529720 0.025947 0.024663
0 0.842257 0.605128 0.026771 0.025727
0 0.351009 0.534510 0.026565 0.026437
0 0.583299 0.348297 0.027389 0.022356
0 0.379839 0.690295 0.028624 0.024663
0 0.734555 0.944464 0.028418 0.024485
0 0.901771 0.038502 0.027183 0.023066
0 0.644255 0.683286 0.028213 0.023066
0 0.186161 0.895227 0.030066 0.022179
0 0.343699 0.233943 0.027595 0.023953
0 0.207269 0.419535 0.027389 0.022534
0 0.408773 0.532825 0.026359 0.025550
0 0.698105 0.405696 0.025947 0.022179
0 0.210667 0.627040 0.026771 0.025905
0 0.352965 0.806068 0.025535 0.018808
0 0.759885 0.859918 0.024712 0.023953
0 0.314456 0.125444 0.027595 0.018098
0 0.788200 0.948101 0.025741 0.024663
0 0.604098 0.212828 0.028624 0.025018
0 0.141783 0.077715 0.026977 0.024840
0 0.662994 0.115330 0.027801 0.022001
0 0.407022 0.371008 0.029448 0.024840
0 0.147961 0.395050 0.027389 0.022889
0 0.517607 0.165454 0.026977 0.025727
0 0.258134 0.102289 0.027801 0.023953
0 0.439456 0.574521 0.026359 0.025550
0 0.526668 0.656405 0.024506 0.025018
0 0.351318 0.784688 0.026359 0.024663
0 0.664539 0.138662 0.029242 0.024663
0 0.350494 0.597676 0.026771 0.023598
0 0.644872 0.613201 0.029448 0.026615
0 0.839271 0.349805 0.026977 0.029631
0 0.842566 0.065827 0.026977 0.024131
0 0.235482 0.607700 0.025741 0.023421
0 0.757414 0.540099 0.024300 0.023066
0 0.208917 0.536817 0.026565 0.023953
0 0.761532 0.167317 0.024712 0.024485
0 0.380354 0.532115 0.027183 0.025905
0 0.732496 0.797551 0.026771 0.025550
0 0.408876 0.576473 0.027801 0.024485
0 0.581446 0.460788 0.025741 0.021292
0 0.733423 0.861160 0.025329 0.025727
0 0.611409 0.346522 0.025947 0.023421
0 0.553027 0.370032 0.026153 0.023243
0 0.352142 0.660930 0.027183 0.021647
0 0.170408 0.064053 0.024918 0.025550
0 0.285626 0.103176 0.026771 0.024308
0 0.286347 0.237402 0.027801 0.023066
0 0.500515 0.863822 0.026153 0.024663
0 0.611409 0.435149 0.025535 0.024663
0 0.547776 0.208925 0.028007 0.023243
0 0.931425 0.016945 0.028007 0.018985
0 0.670923 0.439674 0.026771 0.022356
0 0.285626 0.173793 0.028830 0.026082
0 0.584843 0.591554 0.026771 0.024840
0 0.844419 0.793382 0.026153 0.025373
0 0.230951 0.183730 0.026977 0.021469
0 0.525432 0.551810 0.026565 0.022001
0 0.183175 0.852378 0.027801 0.027324
0 0.236100 0.377661 0.026977 0.022889
0 0.756796 0.024752 0.025124 0.025018
0 0.380148 0.557133 0.025124 0.023066
0 0.415465 0.956086 0.029448 0.024308
0 0.787068 0.856281 0.028007 0.027324
0 0.604201 0.189496 0.029654 0.023066
0 0.294996 0.713006 0.025329 0.021824
0 0.380560 0.601757 0.029242 0.024308
0 0.444502 0.959723 0.026153 0.022356
0 0.814456 0.022090 0.026359 0.024663
0 0.527286 0.680270 0.026565 0.024131
0 0.315280 0.103974 0.028418 0.025905
0 0.663818 0.093506 0.028624 0.025195
0 0.322179 0.532559 0.026565 0.024663
0 0.319090 0.372427 0.027389 0.024131
0 0.789951 0.197037 0.027183 0.025373
0 0.932558 0.632807 0.029036 0.024663
0 0.614086 0.683197 0.026771 0.026792
0 0.384061 0.895582 0.023064 0.022889
0 0.729304 0.584546 0.029036 0.023953
0 0.408670 0.554560 0.025329 0.018630
0 0.291701 0.352910 0.024506 0.023066
0 0.902801 0.587207 0.026771 0.023243
0 0.585358 0.684351 0.027801 0.023776
0 0.414951 0.911285 0.029654 0.022711
0 0.112644 0.147179 0.026359 0.024308
0 0.350288 0.416785 0.028418 0.023066
0 0.198929 0.063254 0.029242 0.021824
0 0.815074 0.606547 0.028007 0.017211
0 0.236717 0.584457 0.024506 0.023066
0 0.343904 0.172640 0.025947 0.024485
0 0.697694 0.470458 0.028007 0.026792
0 0.761223 0.801011 0.024918 0.026437
0 0.842978 0.222055 0.026977 0.026082
0 0.411862 0.845990 0.026771 0.024485
0 0.873147 0.120298 0.025947 0.021647
0 0.177924 0.376952 0.025535 0.020405
0 0.897446 0.473208 0.026359 0.023776
0 0.644357 0.589603 0.025947 0.023776
0 0.729922 0.678762 0.025329 0.027147
0 0.495058 0.397268 0.024712 0.022356
0 0.589477 0.888485 0.026565 0.023953
0 0.789745 0.221611 0.025947 0.024485
0 0.613262 0.525373 0.027183 0.022711
0 0.466227 0.416608 0.023064 0.023066
0 0.380045 0.805004 0.023682 0.019163
0 0.613880 0.659776 0.027183 0.021824
0 0.371808 0.055181 0.024506 0.023776
0 0.374794 0.123226 0.030478 0.027857
0 0.585873 0.706352 0.030066 0.020937
0 0.583505 0.527502 0.028213 0.026260
0 0.320634 0.463893 0.025535 0.023243
0 0.815074 0.651703 0.028418 0.026260
0 0.845449 0.923616 0.029036 0.026082
0 0.169069 0.040188 0.022652 0.023953
0 0.440074 0.377307 0.024300 0.023953
0 0.314971 0.169979 0.026565 0.022356
0 0.296231 0.785397 0.029860 0.023598
0 0.439456 0.442158 0.026771 0.026615
0 0.490115 0.232612 0.028418 0.019163
0 0.816619 0.967974 0.026153 0.017921
0 0.554572 0.575586 0.027183 0.027324
0 0.760914 0.116572 0.023476 0.024131
0 0.552409 0.456086 0.026977 0.025727
0 0.575371 0.184173 0.024300 0.022356
0 0.526256 0.631388 0.022858 0.025018
0 0.441104 0.549060 0.029242 0.025018
0 0.470964 0.871984 0.027183 0.024663
0 0.814765 0.722942 0.023270 0.023953
0 0.618822 0.908712 0.027183 0.022179
0 0.263180 0.389461 0.026771 0.022001
0 0.285935 0.196593 0.026153 0.020937
0 0.868719 0.471611 0.028213 0.023066
0 0.262665 0.369056 0.026977 0.019517
0 0.526668 0.703957 0.026565 0.023598
0 0.498558 0.637864 0.027183 0.020937
0 0.293348 0.486072 0.026977 0.027147
0 0.815074 0.153833 0.022652 0.023776
0 0.526668 0.608233 0.026565 0.022001
0 0.381899 0.823900 0.025329 0.018275
0 0.729613 0.538414 0.026771 0.020405
0 0.614806 0.636888 0.029036 0.023598
0 0.783258 0.401437 0.026565 0.022179
0 0.467669 0.462828 0.026359 0.024308
0 0.299114 0.954223 0.024918 0.027679
0 0.285420 0.148687 0.029242 0.025195
0 0.407743 0.460433 0.024712 0.021647
0 0.233834 0.468240 0.024506 0.020937
0 0.559411 0.889461 0.027801 0.024840
0 0.605951 0.115419 0.029036 0.021469
0 0.154242 0.854507 0.030890 0.027324
0 0.433793 0.072392 0.028624 0.024485
0 0.645284 0.639017 0.027389 0.024663
0 0.605951 0.093240 0.027389 0.024663
0 0.170408 0.191182 0.030272 0.023953
0 0.556837 0.684883 0.023888 0.024131
0 0.439662 0.622339 0.027183 0.026082
0 0.730745 0.613378 0.027801 0.028034
0 0.208917 0.653833 0.026565 0.023776
0 0.726215 0.425834 0.026565 0.023066
0 0.209843 0.675124 0.025947 0.021647
0 0.783670 0.546753 0.026153 0.022889
0 0.439147 0.419890 0.024918 0.017921
0 0.552924 0.413680 0.028007 0.023953
0 0.782743 0.423527 0.026359 0.023776
0 0.583402 0.370476 0.027183 0.020937
0 0.342669 0.147977 0.026771 0.024485
0 0.873044 0.093240 0.025741 0.028566
0 0.782537 0.447924 0.024300 0.025373
0 0.378192 0.391501 0.025741 0.024663
0 0.604922 0.164922 0.026565 0.026437
0 0.264724 0.558109 0.022446 0.021469
0 0.177409 0.442512 0.029036 0.024485
0 0.671129 0.415454 0.028418 0.022534
0 0.576400 0.135557 0.025947 0.025195
0 0.265754 0.600958 0.024918 0.019872
0 0.234864 0.444819 0.025741 0.023421
0 0.582063 0.439319 0.026565 0.023776
0 0.235894 0.560415 0.026153 0.023953
0 0.120572 0.331175 0.027801 0.022179
0 0.758134 0.567512 0.024094 0.024663
0 0.344007 0.193311 0.028624 0.017566
0 0.327430 0.918737 0.024300 0.022001
0 0.531404 0.954755 0.027389 0.024840
0 0.356775 0.936746 0.025741 0.024663
0 0.445737 0.980660 0.026153 0.020937
0 0.472920 0.933818 0.026977 0.022711
0 0.490424 0.139461 0.025329 0.024131
0 0.816001 0.222055 0.025741 0.024663
0 0.213344 0.830642 0.025535 0.020050
0 0.408052 0.418737 0.026153 0.019517
0 0.613056 0.591377 0.028007 0.025195
0 0.783773 0.048172 0.026359 0.024663
0 0.843390 0.108322 0.025741 0.025727
0 0.583093 0.393542 0.028624 0.025550
0 0.469625 0.576561 0.026565 0.024663
0 0.547158 0.165543 0.025947 0.025550
0 0.264003 0.427697 0.025535 0.021114
0 0.237644 0.696771 0.025124 0.022711
0 0.439456 0.646824 0.025947 0.023243
0 0.324753 0.805092 0.023476 0.024308
0 0.295099 0.833038 0.027183 0.022356
0 0.618101 0.951916 0.026565 0.022356
0 0.928851 0.473918 0.025329 0.022356
0 0.699959 0.521735 0.026359 0.022534
0 0.904551 0.898066 0.026565 0.025373
0 0.323002 0.621540 0.026977 0.023421
0 0.319296 0.331529 0.026565 0.021824
0 0.581960 0.417140 0.026771 0.023421
0 0.816413 0.835877 0.026565 0.017743
0 0.157022 0.927076 0.026977 0.021647
0 0.122323 0.539212 0.024712 0.023776
0 0.872735 0.665454 0.024300 0.022534
0 0.141063 0.167140 0.029242 0.023066
0 0.528933 0.866128 0.027389 0.022534
0 0.873867 0.190472 0.029036 0.023953
0 0.351009 0.557576 0.025741 0.018630
0 0.321149 0.486338 0.026565 0.022711
0 0.322694 0.595635 0.024300 0.024485
0 0.868307 0.383960 0.027389 0.021292
0 0.376030 0.366838 0.026771 0.023953
0 0.441825 0.782204 0.029036 0.024308
0 0.230848 0.137420 0.027183 0.023598
0 0.809205 0.345103 0.024918 0.023776
0 0.470758 0.848652 0.027595 0.023066
0 0.675144 0.862402 0.027801 0.022534
0 0.559926 0.952360 0.023888 0.025018
0 0.904448 0.772800 0.027183 0.025373
0 0.212006 0.811568 0.029036 0.020582
0 0.170717 0.105394 0.028830 0.022711
0 0.525741 0.726757 0.026359 0.024840
0 0.785111 0.569021 0.024918 0.022356
0 0.873044 0.689851 0.024918 0.024840
0 0.439456 0.400284 0.027183 0.023066
0 0.403110 0.031849 0.029448 0.026437
0 0.787685 0.795067 0.026359 0.022711
0 0.343596 0.035397 0.026977 0.024663
0 0.177409 0.488378 0.023270 0.019695
0 0.123353 0.607612 0.025947 0.023953
0 0.141269 0.144517 0.025535 0.024663
0 0.643328 0.566182 0.026359 0.023421
0 0.347817 0.349894 0.025947 0.024840
0 0.404036 0.056246 0.027595 0.023066
0 0.695737 0.426987 0.026565 0.021824
0 0.498558 0.727289 0.026359 0.025550
0 0.256693 0.211143 0.028624 0.021292
0 0.468904 0.650816 0.027595 0.027324
0 0.379016 0.625976 0.028213 0.023421
0 0.350082 0.485273 0.027595 0.023421
0 0.691928 0.113644 0.028418 0.026082
0 0.665877 0.162260 0.028213 0.024308
0 0.645284 0.821859 0.024918 0.022356
0 0.441722 0.870209 0.025947 0.023243
0 0.615630 0.706175 0.025741 0.020582
0 0.704283 0.799414 0.024712 0.021824
0 0.205416 0.311391 0.024918 0.022356
0 0.177100 0.467175 0.024300 0.023776
0 0.726627 0.448989 0.026977 0.025727
0 0.815074 0.897534 0.030478 0.021824
0 0.385708 0.916874 0.026359 0.019695
0 0.700988 0.592796 0.025535 0.023421
0 0.530993 0.930358 0.029036 0.025373
0 0.644975 0.707505 0.028007 0.024308
0 0.787891 0.726047 0.025124 0.022356
0 0.320531 0.441182 0.024918 0.023243
0 0.444090 0.935326 0.022858 0.024308
0 0.410729 0.804737 0.023682 0.018985
0 0.759061 0.679294 0.025947 0.023953
0 0.432455 0.143985 0.025947 0.023953
0 0.844110 0.630589 0.027183 0.023776
0 0.230951 0.115064 0.024918 0.021114
0 0.587109 0.864798 0.025535 0.025550
0 0.547982 0.094748 0.026359 0.024131
0 0.200680 0.107168 0.029036 0.025905
0 0.407846 0.395937 0.025741 0.024308
0 0.519357 0.117370 0.027595 0.023598
0 0.409082 0.625000 0.024094 0.024308
0 0.935132 0.849627 0.028007 0.021114
0 0.693266 0.138307 0.025741 0.023598
0 0.525947 0.587562 0.026359 0.019695
0 0.265548 0.580199 0.025741 0.023776
0 0.639518 0.369766 0.025741 0.022001
0 0.584432 0.615153 0.026359 0.019163
0 0.636223 0.199876 0.026565 0.026082
0 0.150638 0.605394 0.026153 0.024840
0 0.234246 0.488023 0.025329 0.019695
0 0.672364 0.604152 0.024712 0.024485
0 0.932043 0.607789 0.025124 0.022889
0 0.470655 0.552165 0.028213 0.026260
0 0.616454 0.728531 0.028213 0.023776
0 0.439868 0.332771 0.026771 0.021469
0 0.408361 0.601136 0.023476 0.022711
0 0.903213 0.717441 0.027595 0.024308
0 0.357702 0.959901 0.025947 0.021292
0 0.488159 0.030163 0.028624 0.023066
0 0.094831 0.541785 0.028624 0.028211
0 0.932249 0.657470 0.026771 0.022534
0 0.237129 0.650816 0.025329 0.025550
0 0.842463 0.174592 0.023476 0.021292
0 0.558175 0.801011 0.025741 0.021114
0 0.587212 0.796487 0.028213 0.023776
0 0.294790 0.622072 0.024506 0.022356
0 0.869852 0.447658 0.029242 0.025905
0 0.648579 0.954755 0.027389 0.020937
0 0.676792 0.886001 0.026565 0.023953
0 0.140857 0.099716 0.027595 0.019163
0 0.518637 0.028921 0.027801 0.023066
0 0.552924 0.392566 0.028830 0.020050
0 0.531096 0.976934 0.024300 0.021292
0 0.645490 0.729152 0.027801 0.020405
0 0.761326 0.967796 0.024712 0.025373
0 0.495675 0.462651 0.024300 0.017921
0 0.815486 0.625976 0.027595 0.022356
0 0.258649 0.187988 0.028007 0.025727
0 0.518534 0.093329 0.024712 0.024840
0 0.498970 0.702182 0.025124 0.024663
0 0.932249 0.061923 0.029242 0.025195
0 0.230437 0.160397 0.027183 0.025195
0 0.093493 0.402590 0.028418 0.026260
0 0.150432 0.629347 0.025329 0.023066
0 0.905066 0.944375 0.026771 0.022889
0 0.523476 0.345635 0.024712 0.023066
0 0.677100 0.950497 0.025124 0.019872
0 0.258237 0.059084 0.026359 0.020227
0 0.350494 0.394340 0.027595 0.021824
0 0.646211 0.861604 0.025124 0.025550
0 0.558175 0.865774 0.026977 0.021824
0 0.461182 0.101402 0.026977 0.026437
0 0.605334 0.138041 0.027389 0.025550
0 0.555292 0.620742 0.028213 0.019695
0 0.784596 0.022445 0.025535 0.026437
0 0.470964 0.528921 0.023064 0.021292
0 0.380560 0.784067 0.028007 0.024131
0 0.291907 0.332949 0.024918 0.017211
0 0.872529 0.601224 0.028418 0.022534
0 0.233320 0.336054 0.024300 0.025905
0 0.928645 0.385291 0.026153 0.024308
0 0.460873 0.054649 0.025124 0.019163
0 0.552409 0.434439 0.029036 0.018985
0 0.439147 0.355128 0.025741 0.022179
0 0.211388 0.788325 0.028624 0.026615
0 0.843904 0.724894 0.028007 0.023953
0 0.902698 0.631210 0.027801 0.027502
0 0.548188 0.116395 0.026771 0.021292
0 0.760194 0.702271 0.025741 0.023066
0 0.873558 0.216820 0.024712 0.028744
0 0.556837 0.778478 0.024300 0.022889
0 0.932661 0.219304 0.025124 0.026615
0 0.494646 0.444021 0.024712 0.021469
0 0.344419 0.126597 0.028213 0.020405
0 0.205416 0.333215 0.022858 0.020582
0 0.442442 0.806955 0.029860 0.026260
0 0.210976 0.601668 0.023270 0.023421
0 0.171231 0.217087 0.028624 0.028566
0 0.583814 0.549237 0.025535 0.017211
0 0.344213 0.103797 0.026977 0.025550
0 0.411553 0.824255 0.024094 0.020759
0 0.258134 0.123669 0.025329 0.018453
0 0.840815 0.581352 0.025947 0.022179
0 0.415671 0.932665 0.026565 0.020050
0 0.438736 0.597498 0.026153 0.023243
0 0.901359 0.522001 0.028418 0.025195
0 0.558587 0.845280 0.026565 0.021292
0 0.786141 0.611160 0.023682 0.025727
0 0.639106 0.391945 0.025741 0.023421
0 0.266063 0.806068 0.024712 0.025195
0 0.900638 0.544535 0.027389 0.023066
0 0.378810 0.415011 0.024094 0.022001
0 0.498558 0.547995 0.025947 0.021469
0 0.151565 0.653211 0.026359 0.025373
0 0.673188 0.683552 0.026771 0.026082
0 0.703151 0.615241 0.026153 0.020050
0 0.754839 0.370564 0.022858 0.025373
0 0.842154 0.700408 0.028213 0.023953
0 0.760400 0.774929 0.026977 0.026437
0 0.676277 0.819287 0.027595 0.022534
0 0.901668 0.565561 0.028213 0.019695
0 0.762253 0.142122 0.026153 0.026260
0 0.381796 0.844659 0.024300 0.022534
0 0.213550 0.881565 0.026771 0.027857
0 0.869852 0.540809 0.025947 0.021292
0 0.933896 0.129879 0.026359 0.019517
0 0.668348 0.460167 0.024918 0.019695
0 0.293863 0.575674 0.024300 0.023243
0 0.584329 0.568754 0.025741 0.019695
0 0.230437 0.231813 0.025535 0.026437
0 0.663509 0.048616 0.025535 0.018453
0 0.677306 0.910664 0.027595 0.025373
0 0.291598 0.437899 0.025124 0.023776
0 0.785729 0.115330 0.024506 0.025195
0 0.787685 0.882718 0.024300 0.025195
0 0.205313 0.375621 0.026771 0.021647
0 0.497323 0.590312 0.024712 0.020937
0 0.256899 0.036462 0.027801 0.024663
0 0.352759 0.826473 0.025535 0.022356
0 0.814250 0.561125 0.025535 0.017921
0 0.872632 0.579400 0.026153 0.019340
0 0.700062 0.544092 0.027389 0.021114
0 0.702224 0.683197 0.024712 0.025018
0 0.902492 0.059617 0.026565 0.019517
0 0.296849 0.809084 0.027389 0.024840
0 0.472508 0.913236 0.024506 0.020227
0 0.613777 0.614620 0.024506 0.022711
0 0.816413 0.813786 0.026977 0.024308
0 0.265445 0.664478 0.027183 0.023066
0 0.470758 0.804205 0.021829 0.023243
0 0.840095 0.401969 0.026153 0.025018
0 0.934205 0.107257 0.026153 0.026792
0 0.518946 0.231104 0.026771 0.020759
0 0.315383 0.190916 0.023682 0.023066
0 0.467875 0.390703 0.024712 0.023421
0 0.695943 0.446150 0.022446 0.020759
0 0.181219 0.534688 0.028830 0.022534
0 0.558072 0.727111 0.025535 0.024485
0 0.183484 0.830554 0.026359 0.018098
0 0.585461 0.661018 0.024712 0.023598
0 0.412891 0.867548 0.026771 0.021469
0 0.524712 0.483144 0.022241 0.022711
0 0.844316 0.815561 0.024300 0.021824
0 0.760708 0.724805 0.025124 0.023421
0 0.291701 0.462296 0.025741 0.020405
0 0.762150 0.883339 0.024712 0.020759
0 0.206549 0.463449 0.025947 0.024840
0 0.411347 0.671309 0.025329 0.022534
0 0.205416 0.488023 0.025329 0.023953
0 0.575680 0.160841 0.023682 0.025018
0 0.816104 0.940561 0.029654 0.027679
0 0.646417 0.841377 0.025947 0.017743
0 0.705828 0.973031 0.028213 0.025195
0 0.874073 0.899840 0.025329 0.025018
0 0.786141 0.070440 0.026565 0.020227
0 0.501236 0.887420 0.027183 0.021824
0 0.439456 0.669358 0.023888 0.021824
0 0.261635 0.347676 0.024094 0.022179
0 0.730231 0.559173 0.028418 0.022889
0 0.787376 0.703158 0.025741 0.025195
0 0.257414 0.165011 0.023888 0.020582
0 0.874794 0.167583 0.025535 0.023598
0 0.547982 0.074344 0.025124 0.017388
0 0.697385 0.383960 0.025741 0.022356
0 0.406816 0.346877 0.025329 0.022001
0 0.146211 0.484830 0.026771 0.025727
0 0.298188 0.872516 0.024712 0.021469
0 0.381899 0.869056 0.024094 0.029099
0 0.458505 0.032470 0.024918 0.024840
0 0.460873 0.124202 0.026359 0.022001
0 0.783052 0.473563 0.026977 0.025195
0 0.203151 0.182842 0.025329 0.020759
0 0.577018 0.029365 0.028007 0.024663
0 0.413097 0.889194 0.025124 0.023243
0 0.437809 0.463627 0.024712 0.017388
0 0.461079 0.190738 0.028830 0.019872
0 0.501030 0.909333 0.023888 0.022711
0 0.640548 0.415099 0.027801 0.021114
0 0.814559 0.584368 0.025329 0.027857
0 0.350082 0.619766 0.024300 0.021647
0 0.494955 0.373935 0.026565 0.025727
0 0.645696 0.800390 0.025329 0.021292
0 0.547261 0.029897 0.024506 0.024308
0 0.904036 0.080731 0.028830 0.024131
0 0.385297 0.956086 0.026359 0.019695
0 0.410626 0.782115 0.025947 0.024840
0 0.094110 0.584280 0.025124 0.022356
0 0.149815 0.371008 0.026153 0.025195
0 0.209946 0.697835 0.025741 0.023421
0 0.495778 0.483322 0.024918 0.024485
0 0.328563 0.940561 0.022446 0.019517
0 0.706240 0.887598 0.025329 0.025018
0 0.547673 0.139549 0.024506 0.025018
0 0.269666 0.915188 0.028624 0.022711
0 0.706652 0.863201 0.025329 0.026260
0 0.873456 0.874556 0.024918 0.025905
0 0.639621 0.437367 0.027183 0.022711
0 0.762459 0.191537 0.025329 0.024308
0 0.905478 0.103797 0.030066 0.023066
0 0.575783 0.207594 0.023476 0.022356
0 0.705519 0.822480 0.027183 0.024308
0 0.896623 0.344571 0.025535 0.025550
0 0.787685 0.907559 0.023064 0.024131
0 0.471067 0.827449 0.025329 0.022179
0 0.285317 0.125887 0.026153 0.022179
0 0.523064 0.437811 0.022652 0.021469
0 0.637253 0.227023 0.029036 0.025373
0 0.257414 0.233055 0.026771 0.022889
0 0.727657 0.474450 0.030684 0.023066
0 0.235482 0.397977 0.024918 0.018098
0 0.385605 0.978797 0.024918 0.025018
0 0.700886 0.637952 0.026565 0.023953
0 0.124794 0.807576 0.025124 0.023243
0 0.263386 0.485185 0.026771 0.022534
0 0.151359 0.580554 0.026359 0.025550
0 0.498661 0.658268 0.024918 0.020937
0 0.841639 0.020138 0.027183 0.024308
0 0.930189 0.542938 0.025124 0.022711
0 0.261223 0.326029 0.024918 0.019695
0 0.352245 0.729595 0.024918 0.023066
0 0.872735 0.794092 0.027183 0.023243
0 0.295305 0.599273 0.025947 0.022889
0 0.490733 0.163059 0.023888 0.019872
0 0.614703 0.817424 0.023064 0.022356
0 0.932043 0.038414 0.029242 0.022179
0 0.319811 0.418559 0.026771 0.022711
0 0.844625 0.876597 0.026565 0.020405
0 0.520181 0.140703 0.028830 0.023066
0 0.140548 0.191537 0.028213 0.028566
0 0.838550 0.377928 0.028830 0.025195
0 0.548394 0.230483 0.029242 0.022711
0 0.257825 0.079578 0.025947 0.021469
0 0.093801 0.428318 0.026565 0.023421
0 0.786244 0.681778 0.024300 0.018630
0 0.093493 0.377839 0.028418 0.024663
0 0.319399 0.396380 0.027183 0.022356
0 0.378604 0.579755 0.029448 0.018630
0 0.181940 0.789567 0.024506 0.024131
0 0.198723 0.039656 0.027595 0.025727
0 0.502162 0.932576 0.026153 0.022711
0 0.326091 0.872871 0.026565 0.024308
0 0.295820 0.735007 0.026153 0.022179
0 0.151153 0.536196 0.027183 0.020937
0 0.557867 0.822747 0.022652 0.023421
0 0.229922 0.052608 0.026977 0.021824
0 0.816722 0.791164 0.023064 0.020582
0 0.348435 0.372072 0.025535 0.019517
0 0.441722 0.732346 0.024712 0.022889
0 0.183690 0.875532 0.026771 0.018630
0 0.672673 0.630412 0.026153 0.024840
0 0.349362 0.438964 0.024094 0.021647
0 0.112129 0.122960 0.026153 0.021647
0 0.295408 0.672285 0.024506 0.025195
0 0.758752 0.591820 0.026977 0.022179
0 0.666495 0.227999 0.028213 0.024485
0 0.675659 0.796398 0.023888 0.021824
0 0.730231 0.636356 0.026359 0.019340
0 0.841227 0.540366 0.023888 0.022889
0 0.379428 0.482346 0.025741 0.028211
0 0.673600 0.658623 0.026771 0.020227
0 0.323105 0.644163 0.024712 0.020759
0 0.604613 0.233499 0.028007 0.018453
0 0.404654 0.120209 0.026359 0.028211
0 0.379222 0.647534 0.024918 0.022179
0 0.229613 0.206441 0.024712 0.023953
0 0.612026 0.412527 0.025535 0.020227
0 0.519563 0.207239 0.028830 0.020937
0 0.519152 0.069553 0.026771 0.025195
0 0.727142 0.362225 0.027595 0.024663
0 0.844934 0.834989 0.025124 0.017033
0 0.557661 0.705908 0.021417 0.017921
0 0.466742 0.350958 0.025329 0.019517
0 0.845552 0.968595 0.025947 0.018453
0 0.153933 0.829578 0.028624 0.024663
0 0.343699 0.211498 0.026771 0.021647
0 0.209432 0.559084 0.025124 0.019872
0 0.644769 0.778123 0.023064 0.025018
0 0.586285 0.726934 0.025535 0.022711
0 0.703357 0.775639 0.024918 0.024308
0 0.494955 0.419979 0.024094 0.023066
0 0.265857 0.712296 0.027183 0.019695
0 0.560647 0.929560 0.026565 0.020582
0 0.529345 0.822037 0.026565 0.021292
0 0.670202 0.390348 0.023682 0.023066
0 0.872426 0.560060 0.024094 0.016856
0 0.669172 0.351668 0.030272 0.020582
0 0.872735 0.622161 0.026771 0.019695
0 0.813839 0.542051 0.026359 0.019517
0 0.586285 0.819287 0.028418 0.018630
0 0.556013 0.642477 0.025124 0.023776
0 0.180704 0.812278 0.027801 0.019872
0 0.379016 0.435326 0.025329 0.018985
0 0.603892 0.048616 0.024918 0.025905
0 0.200268 0.084723 0.028624 0.022889
0 0.487026 0.051544 0.022652 0.020405
0 0.904448 0.922108 0.026771 0.021292
0 0.554366 0.551899 0.022652 0.018985
0 0.315589 0.213449 0.025329 0.023421
0 0.153007 0.676544 0.026359 0.022001
0 0.122117 0.585699 0.025535 0.019872
0 0.379119 0.456086 0.030066 0.022534
0 0.785523 0.660397 0.023682 0.023421
0 0.553233 0.346256 0.022858 0.022179
0 0.814353 0.178052 0.024506 0.023953
0 0.497941 0.614177 0.024300 0.026792
0 0.322282 0.689053 0.024300 0.022534
0 0.264621 0.687633 0.025124 0.025018
0 0.873250 0.643630 0.026153 0.022534
0 0.351009 0.683375 0.022035 0.023598
0 0.409699 0.648776 0.024506 0.022534
0 0.755354 0.394340 0.023064 0.019340
0 0.844522 0.676100 0.027595 0.023598
0 0.262356 0.447747 0.024300 0.021114
0 0.230540 0.094482 0.024918 0.018630
0 0.385502 0.936391 0.030066 0.020759
0 0.553851 0.528921 0.021623 0.024131
0 0.210873 0.578513 0.025535 0.019695
0 0.095655 0.606458 0.026977 0.022356
0 0.671129 0.542938 0.024712 0.021647
0 0.547570 0.188786 0.028418 0.018453
0 0.096376 0.629258 0.024712 0.022179
0 0.634885 0.278034 0.025124 0.025905
0 0.705313 0.949432 0.025535 0.021647
0 0.613365 0.570706 0.027389 0.018275
0 0.842669 0.197037 0.022241 0.025018
0 0.324341 0.735717 0.025947 0.020759
0 0.547055 0.053495 0.024918 0.023243
0 0.639209 0.461054 0.025535 0.023243
0 0.875412 0.923350 0.025124 0.023421
0 0.266886 0.642477 0.029242 0.020582
0 0.615939 0.862225 0.027595 0.024663
0 0.644152 0.544535 0.023476 0.019163
0 0.323414 0.712207 0.023682 0.023421
0 0.407743 0.324432 0.025124 0.019695
0 0.874176 0.143187 0.023888 0.024840
0 0.904963 0.149929 0.027389 0.018808
0 0.186161 0.941891 0.028830 0.025373
0 0.787171 0.589425 0.025741 0.017033
0 0.313221 0.059439 0.025947 0.020582
0 0.734040 0.885202 0.026977 0.020937
0 0.269769 0.893808 0.026771 0.020405
0 0.843699 0.086054 0.025947 0.017388
0 0.728583 0.024308 0.022652 0.024485
0 0.298806 0.894340 0.026771 0.020050
0 0.934308 0.084901 0.026771 0.020759
0 0.758855 0.614443 0.024712 0.022001
0 0.576503 0.050124 0.027801 0.018630
0 0.810338 0.385025 0.026771 0.020937
0 0.631899 0.045067 0.023682 0.023421
0 0.461903 0.076295 0.027183 0.024131
0 0.730025 0.096522 0.025947 0.025550
0 0.155581 0.901703 0.024918 0.026615
0 0.873456 0.815916 0.027389 0.021469
0 0.460667 0.168382 0.025947 0.023066
0 0.234555 0.535752 0.021417 0.025018
0 0.374588 0.212119 0.026359 0.023243
0 0.615733 0.839780 0.025947 0.020227
0 0.618204 0.886356 0.028830 0.022889
0 0.357393 0.981015 0.025741 0.022711
0 0.874073 0.771469 0.025741 0.022001
0 0.095449 0.564762 0.029448 0.018098
0 0.300762 0.981015 0.029448 0.026260
0 0.814971 0.088272 0.028213 0.021824
0 0.499279 0.679028 0.024506 0.021292
0 0.734658 0.922551 0.024918 0.020405
0 0.634988 0.158801 0.029036 0.025195
0 0.318781 0.351224 0.022652 0.017566
0 0.141166 0.056157 0.025329 0.019340
0 0.871602 0.066537 0.023270 0.023066
0 0.315589 0.236249 0.025329 0.022534
0 0.523373 0.414922 0.026977 0.020759
0 0.152801 0.739886 0.025947 0.026969
0 0.697282 0.343240 0.023888 0.024308
0 0.238983 0.736781 0.025329 0.023598
0 0.240733 0.875621 0.023888 0.024485
0 0.177306 0.420156 0.025535 0.020937
0 0.903315 0.220546 0.024918 0.022001
0 0.467978 0.484031 0.020799 0.018453
0 0.611100 0.456973 0.027389 0.018630
0 0.355231 0.891146 0.025535 0.022534
0 0.269049 0.871718 0.027801 0.023066
0 0.243204 0.923971 0.025535 0.022889
0 0.470552 0.709634 0.025124 0.020050
0 0.675762 0.841022 0.027801 0.020937
0 0.585667 0.839869 0.024300 0.024663
0 0.727348 0.403300 0.027595 0.023421
0 0.467257 0.369411 0.024300 0.018453
0 0.587727 0.952537 0.026359 0.019695
0 0.141783 0.036373 0.025329 0.019163
0 0.904448 0.797108 0.024300 0.023598
0 0.526565 0.780075 0.028830 0.027147
0 0.434926 0.095369 0.027183 0.021824
0 0.409082 0.438698 0.027389 0.018985
0 0.845346 0.653833 0.025535 0.022356
0 0.730025 0.048882 0.025947 0.023243
0 0.645181 0.661373 0.025124 0.021114
0 0.374073 0.095724 0.026153 0.025018
0 0.676174 0.774485 0.024918 0.022356
0 0.374176 0.074965 0.028007 0.016146
0 0.202842 0.130500 0.026359 0.024663
0 0.634988 0.134847 0.026977 0.024485
0 0.123250 0.563343 0.025329 0.024485
0 0.313633 0.080908 0.026771 0.021647
0 0.460873 0.145050 0.025124 0.021824
0 0.588035 0.910131 0.023682 0.022179
0 0.179984 0.558641 0.028830 0.021824
0 0.677409 0.931955 0.024506 0.017211
0 0.266063 0.783623 0.025124 0.021114
0 0.266989 0.827892 0.025329 0.019517
0 0.664848 0.202537 0.027801 0.025727
0 0.063839 0.447658 0.025535 0.020937
0 0.230848 0.073900 0.025947 0.021824
0 0.091330 0.352910 0.026153 0.022711
0 0.235276 0.419535 0.024506 0.023598
0 0.529654 0.886622 0.026359 0.018808
0 0.757722 0.047906 0.024094 0.023066
0 0.633958 0.111604 0.024918 0.022711
0 0.177409 0.398243 0.024918 0.021824
0 0.897241 0.450674 0.025124 0.023776
0 0.814971 0.129347 0.022858 0.025195
0 0.324959 0.828247 0.026771 0.020937
0 0.905169 0.127839 0.027801 0.024663
0 0.758958 0.657292 0.024918 0.021469
0 0.843081 0.130500 0.025947 0.017566
0 0.292525 0.553762 0.021623 0.020937
0 0.523373 0.369766 0.023270 0.020227
0 0.695016 0.181867 0.031301 0.024485
0 0.612129 0.369855 0.023682 0.020759
0 0.732599 0.773155 0.024918 0.022179
0 0.522961 0.460433 0.022858 0.024131
0 0.322488 0.665543 0.023476 0.021647
0 0.416186 0.977555 0.027183 0.020050
0 0.761429 0.944287 0.019563 0.019163
0 0.460564 0.211498 0.022035 0.023776
0 0.811779 0.471877 0.028007 0.021824
0 0.528418 0.802431 0.028418 0.020405
0 0.815280 0.917938 0.027183 0.017566
0 0.355025 0.868169 0.023064 0.022711
0 0.556734 0.663591 0.022035 0.017388
0 0.139930 0.121097 0.023270 0.024663
0 0.754325 0.341732 0.025947 0.025905
0 0.352039 0.705731 0.024506 0.024663
0 0.842360 0.151792 0.023682 0.025018
0 0.182249 0.737314 0.028007 0.024663
0 0.348538 0.461586 0.024506 0.024308
0 0.613262 0.548882 0.025947 0.026437
0 0.935132 0.872516 0.028418 0.021114
0 0.929675 0.518896 0.027389 0.022179
0 0.559514 0.976668 0.024300 0.020759
0 0.292628 0.531583 0.025124 0.022356
0 0.432249 0.050390 0.020593 0.018808
0 0.329077 0.980305 0.024300 0.021647
0 0.703151 0.725781 0.027801 0.021824
0 0.700268 0.568133 0.024918 0.026969
0 0.705931 0.911728 0.027595 0.022179
0 0.468081 0.328957 0.025535 0.022711
0 0.905787 0.875000 0.021623 0.020759
0 0.530272 0.906938 0.025124 0.022179
0 0.346993 0.327094 0.023888 0.021469
0 0.148682 0.416696 0.025947 0.020050
0 0.663097 0.069730 0.025124 0.024485
0 0.294996 0.647179 0.022858 0.025018
0 0.842566 0.560593 0.025329 0.018630
0 0.648991 0.936125 0.027389 0.020582
0 0.501647 0.974539 0.025947 0.022889
0 0.490630 0.186835 0.027801 0.021292
0 0.063324 0.426366 0.026565 0.023066
0 0.285832 0.079489 0.024712 0.022356
0 0.903727 0.966909 0.023682 0.022534
0 0.236614 0.674237 0.025947 0.022711
0 0.703254 0.705642 0.025124 0.020937
0 0.933381 0.701384 0.027389 0.020227
0 0.734864 0.967530 0.024918 0.025550
0 0.381178 0.732789 0.028007 0.022711
0 0.432352 0.029454 0.022446 0.023066
0 0.206343 0.354063 0.024712 0.021114
0 0.732290 0.723031 0.026771 0.021292
0 0.354098 0.847587 0.024094 0.021292
0 0.148991 0.459989 0.024918 0.021114
0 0.560441 0.910664 0.026977 0.017921
0 0.810544 0.406139 0.025947 0.023066
0 0.207578 0.397445 0.024712 0.019163
0 0.903418 0.695972 0.028830 0.020050
0 0.498970 0.527236 0.023476 0.021114
0 0.500309 0.840401 0.024094 0.022889
0 0.262974 0.534510 0.022652 0.023243
0 0.616660 0.774042 0.024506 0.019340
0 0.873250 0.717974 0.026977 0.025373
0 0.706652 0.842264 0.026153 0.018098
0 0.258237 0.143719 0.025124 0.022356
0 0.233526 0.312189 0.025124 0.024308
0 0.473126 0.957683 0.020387 0.022179
0 0.524094 0.393985 0.025124 0.021114
0 0.555395 0.598829 0.023888 0.020582
0 0.931528 0.584634 0.025741 0.020937
0 0.700783 0.659865 0.023064 0.022356
0 0.781919 0.341732 0.022652 0.025550
0 0.526874 0.569464 0.026977 0.017211
0 0.588241 0.932842 0.026153 0.022179
0 0.211182 0.739177 0.024506 0.021292
0 0.667834 0.479595 0.025535 0.021292
0 0.213550 0.852466 0.024300 0.026437
0 0.812088 0.521647 0.024506 0.024131
0 0.661656 0.027768 0.025947 0.024308
0 0.439868 0.482079 0.025124 0.022356
0 0.064250 0.404542 0.025124 0.019517
0 0.502265 0.953691 0.026359 0.020227
0 0.376853 0.343861 0.028007 0.021647
0 0.242586 0.899663 0.025535 0.023953
0 0.312500 0.035664 0.023682 0.027324
0 0.694914 0.203779 0.029036 0.019340
0 0.149197 0.437189 0.023270 0.019872
0 0.841330 0.519695 0.024918 0.019163
0 0.325371 0.782026 0.023064 0.018275
0 0.676895 0.972232 0.023476 0.022889
0 0.816104 0.674503 0.026359 0.018985
0 0.408155 0.483410 0.022241 0.022179
0 0.242072 0.945174 0.022858 0.020227
0 0.286862 0.057310 0.025124 0.024840
0 0.784185 0.523332 0.023476 0.023243
0 0.471273 0.893630 0.024094 0.018275
0 0.121911 0.631299 0.023064 0.022356
0 0.210667 0.719127 0.026771 0.021292
0 0.618719 0.929915 0.024506 0.022001
0 0.730951 0.657026 0.027389 0.018808
0 0.433278 0.118967 0.026359 0.023598
0 0.616557 0.795688 0.023476 0.021469
0 0.788200 0.928318 0.024506 0.017743
0 0.263386 0.466554 0.023888 0.016856
0 0.495675 0.350515 0.025947 0.018275
0 0.432352 0.163857 0.025741 0.018275
0 0.124897 0.786285 0.027389 0.017211
0 0.180498 0.693754 0.026977 0.025195
0 0.239806 0.788502 0.026153 0.023066
0 0.292216 0.413236 0.024300 0.022356
0 0.631487 0.022534 0.027801 0.020582
0 0.846479 0.947126 0.026565 0.019163
0 0.758031 0.519074 0.024300 0.017566
0 0.664745 0.182488 0.027183 0.017921
0 0.120572 0.351668 0.026153 0.019163
0 0.932558 0.680358 0.026153 0.022889
0 0.903727 0.169180 0.026977 0.018630
0 0.671643 0.563077 0.026153 0.018275
0 0.927718 0.346079 0.025947 0.019340
0 0.170305 0.150905 0.024300 0.020050
0 0.491248 0.119056 0.024918 0.018453
0 0.202327 0.157913 0.026565 0.031228
0 0.215713 0.906938 0.026565 0.020405
0 0.734658 0.818222 0.025329 0.018630
0 0.466845 0.440383 0.021829 0.020227
0 0.619028 0.974627 0.026359 0.023066
0 0.243616 0.966554 0.024712 0.023243
0 0.375103 0.146380 0.025329 0.018453
0 0.434720 0.209102 0.024300 0.018275
0 0.235585 0.628992 0.021005 0.020227
0 0.065177 0.468950 0.024918 0.022711
0 0.816207 0.854507 0.026153 0.018453
0 0.730334 0.072126 0.025741 0.021824
0 0.066516 0.584989 0.024712 0.025905
0 0.325062 0.849627 0.027801 0.022889
0 0.379736 0.712562 0.026771 0.020937
0 0.842875 0.043471 0.028830 0.020227
0 0.903933 0.655607 0.026977 0.019163
0 0.870367 0.520138 0.026153 0.020050
0 0.497838 0.569198 0.022035 0.021647
0 0.933484 0.721789 0.025947 0.022356
0 0.671849 0.520316 0.025329 0.019340
0 0.313530 0.146292 0.023682 0.023598
0 0.903315 0.192779 0.022446 0.025373
0 0.180807 0.669446 0.025124 0.023066
0 0.442030 0.849006 0.025741 0.020582
0 0.152080 0.698190 0.024506 0.022356
0 0.207063 0.440383 0.025741 0.020227
0 0.239292 0.810149 0.023064 0.019517
0 0.093596 0.448811 0.025741 0.019695
0 0.551895 0.480571 0.026771 0.028211
0 0.694296 0.225781 0.027801 0.025373
0 0.093801 0.466909 0.024918 0.020405
0 0.760194 0.091466 0.024918 0.023598
0 0.096685 0.650018 0.022035 0.019340
0 0.372529 0.031494 0.025535 0.023243
0 0.468904 0.600692 0.025124 0.021824
0 0.126956 0.873314 0.029448 0.026969
0 0.262871 0.408801 0.023270 0.017033
0 0.576709 0.228265 0.026153 0.018985
0 0.874485 0.945617 0.024918 0.023598
0 0.441310 0.828513 0.025947 0.018275
0 0.490733 0.209457 0.027183 0.023953
0 0.147961 0.332062 0.022446 0.018630
0 0.202636 0.201384 0.025124 0.018808
0 0.633752 0.091199 0.024506 0.019163
0 0.643534 0.521913 0.023064 0.022534
0 0.578563 0.088361 0.023682 0.022356
0 0.433484 0.230305 0.025947 0.024131
0 0.180189 0.625532 0.026359 0.025018
0 0.153521 0.805536 0.021211 0.022711
0 0.967154 0.857257 0.026153 0.023243
0 0.153727 0.785575 0.023682 0.016146
0 0.785111 0.637598 0.024918 0.022534
0 0.731260 0.119766 0.024712 0.019872
0 0.215198 0.927874 0.026359 0.021114
0 0.327739 0.959368 0.025329 0.020582
0 0.186779 0.918471 0.026359 0.025727
0 0.469110 0.781405 0.022241 0.021647
0 0.578048 0.112136 0.027183 0.022001
0 0.868925 0.020227 0.021623 0.026260
0 0.730745 0.702892 0.025741 0.020050
0 0.518122 0.187811 0.023064 0.018275
0 0.091330 0.332771 0.026565 0.017921
0 0.962624 0.218950 0.026977 0.022711
0 0.934720 0.771380 0.025535 0.025018
0 0.343699 0.080110 0.025947 0.020759
0 0.961285 0.537083 0.024300 0.018808
0 0.928542 0.434439 0.027595 0.018630
0 0.584226 0.636089 0.023888 0.024131
0 0.529242 0.842885 0.025124 0.022889
0 0.355951 0.912260 0.024918 0.019695
0 0.062191 0.317335 0.021417 0.022534
0 0.674423 0.723918 0.023064 0.024485
0 0.761223 0.821859 0.023682 0.018453
0 0.934411 0.915720 0.023270 0.022711
0 0.813324 0.045067 0.027389 0.019872
0 0.786347 0.090933 0.024094 0.020759
0 0.126030 0.847055 0.025535 0.024840
0 0.171849 0.169890 0.026565 0.019340
0 0.928851 0.364354 0.027389 0.017211
0 0.377780 0.324077 0.027801 0.017566
0 0.675041 0.704489 0.028418 0.016146
0 0.705416 0.930979 0.026153 0.016324
0 0.327224 0.895937 0.025535 0.022889
0 0.202327 0.222143 0.025741 0.022711
0 0.432352 0.186036 0.023270 0.025018
0 0.843596 0.272800 0.025741 0.023598
0 0.633546 0.069375 0.024094 0.024131
0 0.487644 0.071416 0.021417 0.019695
0 0.691722 0.089159 0.027595 0.024663
0 0.298188 0.915188 0.026771 0.020937
0 0.499897 0.820263 0.024918 0.019163
0 0.610688 0.477111 0.029860 0.023421
0 0.810750 0.365507 0.025124 0.018453
0 0.589168 0.973918 0.027183 0.023776
0 0.866557 0.360273 0.023476 0.023243
0 0.639106 0.346966 0.022035 0.022179
0 0.062294 0.338627 0.024094 0.017921
0 0.728892 0.518808 0.027389 0.018098
0 0.171231 0.084812 0.026153 0.018808
0 0.811573 0.452803 0.027595 0.018808
0 0.473641 0.979595 0.021829 0.023066
0 0.758958 0.636444 0.024918 0.019163
0 0.295717 0.693222 0.025535 0.019872
0 0.403521 0.076828 0.026565 0.019517
0 0.444914 0.912438 0.023270 0.020759
0 0.440795 0.709634 0.026153 0.025727
0 0.404448 0.095103 0.021417 0.017743
0 0.180292 0.601313 0.029036 0.022711
0 0.410832 0.693400 0.024300 0.021292
0 0.146829 0.314053 0.025535 0.017033
0 0.469110 0.689141 0.022652 0.022001
0 0.838550 0.475071 0.021829 0.020405
0 0.180910 0.647889 0.025741 0.020050
0 0.873970 0.837917 0.026771 0.024308
0 0.635811 0.178850 0.027389 0.017743
0 0.587315 0.774485 0.025947 0.020582
0 0.489703 0.096877 0.023888 0.027679
0 0.265651 0.733144 0.025947 0.019517
0 0.343801 0.059173 0.024506 0.024308
0 0.317854 0.310415 0.022446 0.019695
0 0.670099 0.370032 0.028418 0.015791
0 0.372941 0.188343 0.023476 0.024308
0 0.149918 0.558020 0.024300 0.018098
0 0.176380 0.310593 0.023682 0.018630
0 0.179263 0.579134 0.027389 0.019872
0 0.814765 0.695617 0.022446 0.024308
0 0.350391 0.641235 0.022035 0.018098
0 0.296231 0.853708 0.026153 0.017211
0 0.934205 0.151171 0.028624 0.021647
0 0.154963 0.877395 0.025329 0.021647
0 0.470037 0.732168 0.025329 0.021824
0 0.649094 0.899840 0.026771 0.020405
0 0.936264 0.830554 0.024094 0.016678
0 0.061676 0.359564 0.024506 0.022179
0 0.175762 0.333747 0.025329 0.028389
0 0.285317 0.034599 0.024918 0.020582
0 0.932455 0.564230 0.026359 0.018453
0 0.735688 0.838094 0.024094 0.019695
0 0.897549 0.430536 0.022035 0.018275
0 0.125412 0.826916 0.024712 0.016146
0 0.866454 0.340490 0.024506 0.015614
0 0.901565 0.607967 0.024300 0.017211
0 0.733114 0.141146 0.022241 0.021469
0 0.788612 0.154631 0.020387 0.022179
0 0.904551 0.834368 0.023270 0.023243
0 0.443369 0.891945 0.023476 0.017743
0 0.788406 0.174769 0.022035 0.017743
0 0.897343 0.410131 0.024506 0.022534
0 0.845449 0.897711 0.022858 0.021824
0 0.874279 0.967175 0.025741 0.020227
0 0.905066 0.855660 0.027595 0.017921
0 0.845037 0.852555 0.022858 0.020582
0 0.649094 0.975248 0.023888 0.021114
0 0.270490 0.956263 0.022858 0.023598
0 0.962418 0.559972 0.025741 0.024485
0 0.581755 0.482434 0.022241 0.018453
0 0.086285 0.152058 0.027183 0.020937
0 0.694296 0.158534 0.027389 0.017921
0 0.787994 0.832771 0.023270 0.018985
0 0.648682 0.918116 0.024712 0.016501
0 0.066001 0.491395 0.026977 0.021114
0 0.605128 0.070972 0.026565 0.018808
0 0.269460 0.935504 0.025329 0.016856
0 0.933587 0.968772 0.028213 0.019163
0 0.410214 0.715224 0.025124 0.022711
0 0.814971 0.107168 0.026977 0.018808
0 0.959741 0.039301 0.024918 0.018985
0 0.177306 0.357434 0.023888 0.018275
0 0.148682 0.350692 0.025535 0.016856
0 0.093596 0.488644 0.024506 0.023776
0 0.844316 0.769784 0.021005 0.021114
0 0.781919 0.382452 0.023888 0.017566
0 0.271314 0.980128 0.027801 0.020227
0 0.928439 0.452892 0.024094 0.021469
0 0.602965 0.025284 0.023888 0.017921
0 0.761635 0.922463 0.019975 0.021292
0 0.498250 0.776881 0.020387 0.017921
0 0.373970 0.165632 0.023064 0.018985
0 0.958814 0.018275 0.023476 0.023776
0 0.782434 0.364532 0.026153 0.018275
0 0.813530 0.065383 0.025329 0.021469
0 0.787582 0.136356 0.021211 0.014727
0 0.648167 0.882452 0.025329 0.017921
0 0.121602 0.370387 0.026153 0.018985
0 0.321458 0.571859 0.027595 0.018808
0 0.062397 0.382097 0.025124 0.022889
0 0.902389 0.675745 0.026359 0.022179
0 0.410523 0.734297 0.024506 0.018985
0 0.215918 0.947569 0.024094 0.020405
0 0.966433 0.833481 0.028418 0.024663
0 0.290877 0.311214 0.025329 0.025195
0 0.606672 0.277236 0.021417 0.023953
0 0.930807 0.193577 0.021829 0.023776
0 0.377677 0.668559 0.024712 0.018808
0 0.934514 0.942690 0.028007 0.026615
0 0.498044 0.798527 0.022858 0.024308
0 0.901153 0.016146 0.023064 0.019517
0 0.966948 0.880500 0.027389 0.022889
0 0.904860 0.815383 0.025535 0.014727
0 0.238468 0.716022 0.021417 0.018985
0 0.577018 0.067424 0.023888 0.018098
0 0.090918 0.310326 0.024094 0.025195
0 0.292628 0.392743 0.021417 0.016856
0 0.868616 0.404808 0.024712 0.018275
0 0.469728 0.623758 0.028418 0.026437
0 0.127059 0.895405 0.022652 0.017566
0 0.127368 0.913857 0.022858 0.019340
0 0.111512 0.169713 0.022035 0.018630
0 0.321355 0.554383 0.024094 0.016501
0 0.066619 0.559617 0.026153 0.019517
0 0.664642 0.276881 0.022446 0.021824
0 0.760091 0.226579 0.023888 0.019163
0 0.180189 0.716643 0.027183 0.018098
0 0.814971 0.874823 0.022035 0.020050
0 0.468699 0.671487 0.026359 0.016146
0 0.215713 0.986249 0.028213 0.021824
0 0.350185 0.576384 0.024918 0.017566
0 0.726524 0.337296 0.024712 0.024485
0 0.815898 0.200319 0.023476 0.018808
0 0.788612 0.970635 0.024506 0.018275
0 0.962006 0.389727 0.025329 0.022534
0 0.964683 0.927342 0.027389 0.024663
0 0.961491 0.058463 0.025535 0.020050
0 0.096787 0.670777 0.025535 0.020759
0 0.518431 0.049592 0.025741 0.016501
0 0.761429 0.839780 0.019975 0.017033
0 0.241042 0.832949 0.025329 0.025727
0 0.267092 0.849273 0.022241 0.021469
0 0.233834 0.357700 0.023270 0.017743
0 0.758340 0.069996 0.022858 0.018985
0 0.838962 0.457417 0.027595 0.014194
0 0.639930 0.481636 0.025329 0.016146
0 0.934411 0.794890 0.026153 0.020582
0 0.459946 0.233410 0.023682 0.018630
0 0.725906 0.383605 0.025124 0.017388
0 0.962829 0.471789 0.027389 0.023066
0 0.896314 0.369056 0.024094 0.023421
0 0.839168 0.423616 0.025124 0.016856
0 0.964374 0.701207 0.025947 0.019872
0 0.035935 0.315649 0.018740 0.022711
0 0.936367 0.812722 0.025535 0.018630
0 0.151050 0.717619 0.023270 0.017211
0 0.241351 0.852555 0.025124 0.023421
0 0.788509 0.773243 0.019357 0.021647
0 0.964580 0.680625 0.025535 0.018453
0 0.202945 0.241395 0.020799 0.019340
0 0.126647 0.937367 0.023476 0.024840
0 0.761429 0.210344 0.023682 0.015436
0 0.291598 0.373758 0.021829 0.018630
0 0.066310 0.538857 0.024712 0.024131
0 0.612129 0.392921 0.023270 0.017921
0 0.691104 0.065561 0.024712 0.021469
0 0.839786 0.440117 0.027183 0.020405
0 0.214889 0.966643 0.026565 0.020227
0 0.868822 0.424326 0.024712 0.018275
0 0.170408 0.239443 0.025741 0.016501
0 0.737129 0.164478 0.017916 0.020937
0 0.439662 0.688786 0.023064 0.017388
0 0.696870 0.365064 0.022241 0.016146
0 0.440280 0.310947 0.026359 0.023953
0 0.959123 0.412793 0.023270 0.023953
0 0.787582 0.816182 0.024506 0.016324
0 0.934514 0.893719 0.025947 0.019872
0 0.372941 0.234031 0.023888 0.018453
0 0.964786 0.077626 0.030066 0.017921
0 0.673085 0.581707 0.026153 0.013662
0 0.962109 0.516590 0.028007 0.021114
0 0.111409 0.191537 0.022652 0.023598
0 0.816104 0.770937 0.018122 0.020227
0 0.869543 0.044890 0.023270 0.018453
0 0.228686 0.033712 0.021623 0.017388
0 0.262253 0.305802 0.025741 0.018275
0 0.122632 0.655518 0.023270 0.026082
0 0.206137 0.289478 0.026771 0.021114
0 0.140651 0.216111 0.024300 0.019872
0 0.440589 0.526348 0.025329 0.019695
0 0.243513 0.987669 0.022035 0.019695
0 0.734349 0.904631 0.026771 0.016501
0 0.694090 0.274663 0.022858 0.023066
0 0.186367 0.962828 0.023888 0.017211
0 0.497323 0.328513 0.024712 0.025018
0 0.897343 0.390348 0.024918 0.018098
0 0.961800 0.584280 0.025329 0.020227
0 0.963138 0.452360 0.028007 0.020050
0 0.120572 0.312189 0.024506 0.015436
0 0.964992 0.902502 0.025535 0.021824
0 0.762665 0.902857 0.024506 0.017211
0 0.874073 0.272179 0.024506 0.018453
0 0.964889 0.720014 0.024918 0.018808
0 0.111614 0.103797 0.022652 0.015614
0 0.096685 0.790898 0.020799 0.024308
0 0.094419 0.813077 0.030272 0.021114
0 0.963138 0.632097 0.022241 0.019695
0 0.959638 0.367016 0.022241 0.017921
0 0.959535 0.102555 0.019563 0.022356
0 0.519563 0.279720 0.028830 0.025373
0 0.069708 0.628903 0.022858 0.023243
0 0.929057 0.173084 0.019563 0.016856
0 0.962006 0.659155 0.024506 0.022711
0 0.873558 0.854329 0.023476 0.016324
0 0.406404 0.304116 0.025741 0.018453
0 0.113468 0.084634 0.022241 0.017033
0 0.032228 0.445706 0.027801 0.022711
0 0.577739 0.277945 0.022858 0.021824
0 0.965095 0.610539 0.031507 0.023066
0 0.086388 0.127750 0.023682 0.029808
0 0.498250 0.689940 0.026565 0.023953
0 0.962109 0.434173 0.027183 0.019517
0 0.524403 0.325408 0.023682 0.015969
0 0.549526 0.281583 0.024918 0.028389
0 0.346479 0.307842 0.021211 0.013840
0 0.182661 0.760291 0.024712 0.022001
0 0.140136 0.235894 0.026977 0.020759
0 0.087418 0.170955 0.021623 0.017566
0 0.071664 0.650106 0.018122 0.017388
0 0.125309 0.743967 0.017504 0.017743
0 0.319708 0.429116 0.024918 0.015082
0 0.815280 0.273598 0.025947 0.024840
0 0.298291 0.933818 0.025741 0.015259
0 0.958299 0.349450 0.021211 0.022179
0 0.969110 0.771735 0.028830 0.027857
0 0.061367 0.140348 0.018122 0.018808
0 0.723435 0.293293 0.021829 0.022001
0 0.762150 0.271292 0.024300 0.017743
0 0.788715 0.269251 0.019357 0.015791
0 0.960873 0.124734 0.019357 0.018808
0 0.903830 0.269340 0.026771 0.017743
0 0.720346 0.273421 0.025535 0.015614
0 0.177615 0.290099 0.025329 0.015614
0 0.037068 0.410220 0.018122 0.019872
0 0.035935 0.469659 0.022858 0.026260
0 0.377574 0.305270 0.032743 0.018630
0 0.585255 0.325586 0.019357 0.017743
0 0.609452 0.323989 0.031507 0.018808
0 0.636738 0.325586 0.025535 0.022001
0 0.667010 0.329844 0.028007 0.015614
0 0.067957 0.670600 0.021829 0.025018
0 0.123147 0.677874 0.025535 0.020759
0 0.097096 0.833392 0.029036 0.020937
0 0.069811 0.790632 0.028007 0.020937
0 0.098229 0.904365 0.021829 0.016678
0 0.097096 0.925745 0.019563 0.026082
0 0.186161 0.983144 0.020593 0.022001
0 0.965610 0.952892 0.026771 0.026082
