0 0.650866 0.146325 0.108661 0.068423
0 0.662992 0.214632 0.090079 0.062182
0 0.662362 0.282940 0.105827 0.045307
0 0.663780 0.345932 0.074646 0.070504
0 0.658740 0.427416 0.098583 0.073509
0 0.662362 0.497804 0.114646 0.064956
0 0.656535 0.579750 0.102992 0.075821
0 0.661732 0.656958 0.104567 0.049468
0 0.658110 0.730005 0.106142 0.069348
0 0.664567 0.808368 0.093228 0.085067
0 0.667402 0.881299 0.078740 0.050624
0 0.507717 0.139968 0.103307 0.070504
0 0.501260 0.210356 0.087244 0.066112
0 0.499843 0.281438 0.104567 0.071429
0 0.506299 0.361188 0.117480 0.083911
0 0.489764 0.442672 0.090079 0.072584
0 0.493386 0.515025 0.108661 0.080906
0 0.496378 0.599746 0.105827 0.079750
0 0.492756 0.675335 0.092913 0.060795
0 0.502047 0.751503 0.094488 0.070273
0 0.485669 0.824549 0.098898 0.065187
0 0.492756 0.878756 0.098583 0.040915
0 0.359528 0.135807 0.098583 0.066343
0 0.361732 0.214055 0.111811 0.081831
0 0.348189 0.299237 0.107402 0.083911
0 0.346614 0.360610 0.070236 0.038835
0 0.346772 0.430536 0.104567 0.064956
0 0.340945 0.500462 0.075906 0.068423
0 0.352441 0.579172 0.098898 0.068192
0 0.341102 0.637540 0.110236 0.039760
0 0.342992 0.700532 0.088819 0.056634
0 0.344567 0.775196 0.103307 0.079750
0 0.339528 0.856565 0.110236 0.078826
0 0.208504 0.118470 0.100157 0.035830
0 0.210709 0.179496 0.110236 0.075589
0 0.202677 0.254623 0.097323 0.051549
0 0.208504 0.309755 0.103307 0.056865
0 0.207087 0.365927 0.106142 0.053629
0 0.204252 0.431577 0.102992 0.069348
0 0.203622 0.523578 0.107402 0.068423
0 0.213543 0.590153 0.104567 0.046232
0 0.212756 0.654877 0.097323 0.051318
0 0.208504 0.702150 0.114646 0.030282
0 0.207874 0.745724 0.095748 0.042071
0 0.211496 0.804669 0.085984 0.054554
0 0.217795 0.874942 0.118740 0.065187
