0 0.810518 0.115078 0.320825 0.228930
0 0.810254 0.313209 0.343552 0.209010
0 0.794662 0.509347 0.315539 0.204720
0 0.817918 0.696598 0.358879 0.183880
0 0.823732 0.891817 0.346195 0.199203
0 0.470930 0.114618 0.343552 0.223108
0 0.476216 0.298498 0.343552 0.148943
0 0.482030 0.483451 0.321353 0.223414
0 0.492600 0.694913 0.311839 0.206865
0 0.495243 0.889519 0.331924 0.188477
0 0.149841 0.101440 0.286998 0.201655
0 0.149049 0.296813 0.273784 0.189090
0 0.155391 0.501992 0.309725 0.203494
0 0.161998 0.702881 0.322939 0.206865
0 0.169662 0.901471 0.334038 0.186025
