0 0.283946 0.679883 0.026385 0.047031
0 0.709560 0.132338 0.022732 0.043598
0 0.680434 0.046001 0.026588 0.048060
0 0.415364 0.094233 0.026182 0.041538
0 0.311244 0.726056 0.024153 0.046687
0 0.545768 0.046172 0.022326 0.043598
0 0.143597 0.099039 0.026182 0.043598
0 0.117414 0.203399 0.027400 0.049777
0 0.735640 0.549777 0.023747 0.055269
0 0.523341 0.674219 0.024153 0.051493
0 0.683783 0.584792 0.029633 0.044284
0 0.228232 0.781153 0.025370 0.051837
0 0.416176 0.864229 0.024964 0.044284
0 0.226608 0.549605 0.024153 0.052180
0 0.548914 0.227429 0.024964 0.047031
0 0.307286 0.135256 0.028415 0.039135
0 0.285366 0.813079 0.026385 0.038105
0 0.281307 0.590285 0.025167 0.053210
0 0.119139 0.407999 0.025979 0.049090
0 0.444794 0.274288 0.026182 0.048060
0 0.257357 0.767765 0.025573 0.050463
0 0.471382 0.719533 0.026182 0.043254
0 0.335701 0.677137 0.025167 0.050463
0 0.734727 0.135771 0.023544 0.040165
0 0.146235 0.361998 0.026182 0.051837
0 0.416379 0.724511 0.027806 0.048404
0 0.522427 0.228802 0.026385 0.042911
0 0.872133 0.087539 0.025573 0.043941
0 0.711995 0.224854 0.026385 0.046001
0 0.548610 0.092516 0.027603 0.045657
0 0.091029 0.098352 0.021311 0.048404
0 0.845951 0.137315 0.026385 0.046001
0 0.735133 0.092516 0.026791 0.035359
0 0.443475 0.184689 0.026385 0.046001
0 0.498173 0.762273 0.023341 0.049777
0 0.733509 0.047374 0.024762 0.046001
0 0.900142 0.084621 0.024356 0.040851
0 0.146337 0.751974 0.025573 0.044971
0 0.601786 0.219361 0.025167 0.051493
0 0.252689 0.627875 0.025167 0.041881
0 0.818754 0.355647 0.020296 0.042568
0 0.254110 0.175421 0.022732 0.047374
0 0.334686 0.109681 0.023950 0.044971
0 0.470469 0.098696 0.025167 0.044284
0 0.845951 0.269825 0.026385 0.041195
0 0.119545 0.544799 0.025979 0.039821
0 0.064948 0.095263 0.025573 0.038105
0 0.495941 0.139547 0.024964 0.047717
0 0.684189 0.226399 0.025573 0.041538
0 0.521717 0.183145 0.023341 0.043598
0 0.762939 0.049777 0.024762 0.046687
0 0.145017 0.195160 0.026182 0.054583
0 0.416887 0.819945 0.028415 0.043598
0 0.441750 0.052008 0.024153 0.044284
0 0.577836 0.944731 0.026385 0.044628
0 0.444287 0.096636 0.028415 0.042225
0 0.603917 0.316684 0.031459 0.046344
0 0.306373 0.544628 0.021717 0.040165
0 0.446925 0.857878 0.028009 0.046687
0 0.308504 0.406625 0.024356 0.047031
0 0.226913 0.175249 0.029227 0.047031
0 0.120865 0.456574 0.027400 0.042568
0 0.928861 0.178682 0.027400 0.040165
0 0.523544 0.317714 0.025776 0.043598
0 0.572965 0.049434 0.025573 0.046687
0 0.414147 0.546172 0.020905 0.048747
0 0.846661 0.444216 0.027400 0.050120
0 0.872235 0.043598 0.027806 0.044628
0 0.283946 0.721936 0.027603 0.034329
0 0.389284 0.313079 0.021514 0.048747
0 0.928252 0.046859 0.024153 0.051150
0 0.415872 0.678338 0.025573 0.044628
0 0.601279 0.270340 0.028212 0.045657
0 0.387254 0.589083 0.023138 0.052180
0 0.685407 0.270340 0.028009 0.046344
0 0.791455 0.642808 0.025370 0.044971
0 0.958494 0.176622 0.029024 0.049090
0 0.654759 0.317199 0.026791 0.043941
0 0.685001 0.675592 0.025573 0.050120
0 0.820276 0.622382 0.021311 0.038448
0 0.414451 0.138517 0.024762 0.043598
0 0.443373 0.624442 0.022123 0.041195
0 0.551350 0.673018 0.026994 0.045657
0 0.282626 0.766049 0.024153 0.047717
0 0.818754 0.670614 0.025167 0.052523
0 0.496550 0.227944 0.023747 0.043941
0 0.388979 0.134398 0.024559 0.037418
0 0.550741 0.410402 0.027400 0.038792
0 0.873148 0.580844 0.025167 0.039135
0 0.846966 0.398558 0.027197 0.041881
0 0.365638 0.783213 0.024964 0.056643
0 0.929064 0.224339 0.026182 0.047031
0 0.498275 0.407827 0.026791 0.043254
0 0.845849 0.584792 0.024559 0.040851
0 0.228131 0.726742 0.021920 0.050807
0 0.286280 0.855475 0.025776 0.045314
0 0.255734 0.369894 0.022326 0.040851
0 0.279988 0.230518 0.025776 0.040851
0 0.684697 0.317885 0.027806 0.046687
0 0.444084 0.138517 0.028415 0.042225
0 0.119444 0.661861 0.023341 0.041881
0 0.497361 0.670100 0.024964 0.043941
0 0.605845 0.814109 0.028415 0.047031
0 0.361985 0.118950 0.024559 0.040851
0 0.090623 0.054068 0.024559 0.036732
0 0.336513 0.284415 0.024356 0.061449
0 0.605439 0.451425 0.028415 0.047374
0 0.522833 0.363886 0.024356 0.043254
0 0.902476 0.588568 0.023747 0.043598
0 0.523138 0.273086 0.026588 0.042911
0 0.254110 0.275832 0.023138 0.048404
0 0.118023 0.147957 0.025776 0.052180
0 0.443272 0.228115 0.026385 0.040165
0 0.444084 0.768967 0.025573 0.041881
0 0.686219 0.627703 0.032068 0.044971
0 0.682362 0.179540 0.023950 0.037762
0 0.928151 0.094919 0.023138 0.044284
0 0.119139 0.622039 0.021514 0.037075
0 0.547696 0.583248 0.023341 0.044628
0 0.901461 0.224168 0.024153 0.038448
0 0.845748 0.540336 0.024356 0.045314
0 0.932413 0.729145 0.023544 0.043941
0 0.521920 0.094748 0.022123 0.044628
0 0.195961 0.104875 0.022123 0.043598
0 0.605236 0.945932 0.025979 0.040851
0 0.472296 0.584277 0.025573 0.039135
0 0.495941 0.097494 0.025370 0.041195
0 0.872945 0.134054 0.024762 0.046344
0 0.764969 0.445074 0.025167 0.047717
0 0.604425 0.587195 0.025573 0.048404
0 0.363000 0.241504 0.026994 0.045657
0 0.311041 0.951081 0.024559 0.044971
0 0.470976 0.627532 0.022935 0.043941
0 0.091131 0.790594 0.024762 0.044628
0 0.495129 0.184346 0.023747 0.041195
0 0.846966 0.667525 0.026385 0.044284
0 0.116602 0.867147 0.024153 0.042568
0 0.307185 0.180055 0.026182 0.050463
0 0.339558 0.949537 0.024356 0.044628
0 0.903592 0.763474 0.023950 0.041881
0 0.604526 0.768280 0.024559 0.039135
0 0.339050 0.853244 0.028212 0.037418
0 0.474021 0.812221 0.023341 0.046687
0 0.417090 0.906111 0.022326 0.038792
0 0.762736 0.711466 0.028009 0.058016
0 0.603714 0.402849 0.026588 0.044284
0 0.873960 0.442327 0.022326 0.042911
0 0.549320 0.812564 0.025370 0.045314
0 0.547798 0.766564 0.025167 0.043941
0 0.498478 0.857878 0.021514 0.040508
0 0.844835 0.357535 0.022123 0.039478
0 0.143191 0.054583 0.024153 0.042568
0 0.309925 0.811535 0.021514 0.043941
0 0.117008 0.094576 0.022935 0.034672
0 0.227014 0.631308 0.023341 0.044628
0 0.873858 0.625815 0.027400 0.047374
0 0.229957 0.399760 0.026791 0.046344
0 0.605236 0.899588 0.027603 0.045657
0 0.388675 0.362856 0.023950 0.046001
0 0.338644 0.725197 0.027806 0.039478
0 0.736249 0.798146 0.022529 0.041881
0 0.256140 0.133883 0.028821 0.037762
0 0.415161 0.185891 0.023341 0.047717
0 0.310838 0.902678 0.026182 0.046344
0 0.494520 0.049777 0.025370 0.052180
0 0.499797 0.946790 0.022935 0.049434
0 0.443881 0.358050 0.025573 0.043941
0 0.363406 0.365602 0.024964 0.045314
0 0.711386 0.179197 0.025979 0.043941
0 0.577430 0.718675 0.026385 0.051150
0 0.279886 0.275661 0.022732 0.044628
0 0.764563 0.092516 0.025979 0.036732
0 0.845139 0.762444 0.025979 0.042568
0 0.415669 0.592173 0.025573 0.041881
0 0.901258 0.310676 0.025370 0.046001
0 0.651918 0.049090 0.021108 0.048747
0 0.066673 0.190182 0.026588 0.047374
0 0.793282 0.778750 0.027806 0.055956
0 0.066775 0.296945 0.024762 0.067971
0 0.604222 0.673361 0.023138 0.043598
0 0.311346 0.858737 0.021920 0.038105
0 0.470266 0.143323 0.021514 0.043598
0 0.844835 0.715585 0.028618 0.037418
0 0.843312 0.809646 0.025979 0.046344
0 0.119951 0.584277 0.023138 0.041195
0 0.145829 0.707175 0.021311 0.046687
0 0.065151 0.139890 0.025573 0.048404
0 0.959103 0.226056 0.023341 0.047031
0 0.524051 0.812908 0.026385 0.041881
0 0.521717 0.136972 0.021311 0.041881
0 0.550741 0.904051 0.025776 0.042911
0 0.737163 0.220220 0.019079 0.038105
0 0.739091 0.270855 0.024153 0.048060
0 0.145220 0.410573 0.025370 0.042568
0 0.931500 0.678853 0.024153 0.048404
0 0.413030 0.049949 0.024762 0.043598
0 0.361782 0.640748 0.026182 0.045657
0 0.307083 0.589255 0.022326 0.044284
0 0.653440 0.271370 0.028618 0.047717
0 0.550030 0.949365 0.022326 0.042911
0 0.390197 0.411775 0.026182 0.041538
0 0.843008 0.900618 0.026182 0.044284
0 0.930384 0.317199 0.027603 0.048747
0 0.443576 0.720391 0.023747 0.040851
0 0.573879 0.092516 0.025776 0.033299
0 0.444388 0.448850 0.026588 0.047031
0 0.819160 0.226742 0.025573 0.047031
0 0.415973 0.275832 0.028212 0.042225
0 0.445910 0.945932 0.026791 0.045657
0 0.362492 0.159801 0.023544 0.033299
0 0.256647 0.091658 0.025776 0.041195
0 0.474325 0.902163 0.021514 0.043254
0 0.604120 0.088397 0.027400 0.034672
0 0.525675 0.723309 0.024356 0.045314
0 0.657094 0.358908 0.029430 0.034672
0 0.336412 0.809475 0.023341 0.043254
0 0.117617 0.256780 0.023341 0.045314
0 0.874975 0.852386 0.024356 0.041881
0 0.280495 0.543941 0.026385 0.036732
0 0.363000 0.284758 0.025370 0.043598
0 0.472296 0.764161 0.022732 0.035702
0 0.256546 0.671644 0.026791 0.046344
0 0.063832 0.054240 0.026182 0.037762
0 0.655064 0.399931 0.029836 0.039821
0 0.309417 0.768623 0.023341 0.036389
0 0.899736 0.041881 0.024356 0.041195
0 0.789020 0.144525 0.024153 0.037762
0 0.602902 0.358393 0.024964 0.035702
0 0.790136 0.318572 0.023544 0.026777
0 0.200731 0.709578 0.025979 0.046687
0 0.497666 0.811706 0.019079 0.042225
0 0.198498 0.411603 0.026385 0.045314
0 0.902578 0.630278 0.026385 0.038448
0 0.389588 0.642636 0.026588 0.048060
0 0.279886 0.185891 0.024762 0.042911
0 0.414350 0.232750 0.022935 0.042568
0 0.307083 0.277721 0.027197 0.046687
0 0.602293 0.125472 0.027400 0.039478
0 0.708748 0.086852 0.023138 0.034329
0 0.874061 0.399073 0.022935 0.040165
0 0.845241 0.625472 0.022935 0.033642
0 0.929775 0.271713 0.025573 0.043598
0 0.197991 0.151047 0.025776 0.045314
0 0.930485 0.809990 0.026994 0.044284
0 0.364218 0.725026 0.023747 0.054240
0 0.844632 0.093031 0.023341 0.036389
0 0.258169 0.862513 0.025573 0.051150
0 0.495535 0.358737 0.022935 0.043941
0 0.874467 0.671816 0.024559 0.043941
0 0.900345 0.127875 0.022326 0.040851
0 0.470875 0.358222 0.024356 0.044971
0 0.117719 0.309475 0.023138 0.045657
0 0.844226 0.047717 0.023747 0.050807
0 0.874569 0.179368 0.027603 0.048404
0 0.844226 0.949365 0.026588 0.046344
0 0.816014 0.178682 0.023747 0.036045
0 0.360869 0.412805 0.025167 0.042225
0 0.873554 0.223824 0.025979 0.040508
0 0.576619 0.899931 0.022326 0.036732
0 0.445098 0.812908 0.023138 0.036389
0 0.471484 0.405424 0.021108 0.043254
0 0.227116 0.590972 0.026385 0.033986
0 0.474122 0.857364 0.021920 0.040851
0 0.928963 0.630793 0.024762 0.046344
0 0.062716 0.717817 0.021108 0.041195
0 0.737670 0.443529 0.027806 0.042568
0 0.468845 0.052523 0.019484 0.047374
0 0.549929 0.720220 0.020905 0.046001
0 0.199005 0.588054 0.024964 0.039821
0 0.495941 0.274116 0.024964 0.043598
0 0.146134 0.622726 0.021920 0.042568
0 0.735742 0.180227 0.021514 0.040508
0 0.170895 0.105046 0.021514 0.037075
0 0.257256 0.815654 0.024559 0.043254
0 0.389385 0.262444 0.022529 0.044971
0 0.115994 0.054926 0.022529 0.038448
0 0.256241 0.412118 0.021311 0.040165
0 0.415161 0.405939 0.022935 0.043598
0 0.761011 0.224339 0.024153 0.038792
0 0.253501 0.048919 0.022732 0.037418
0 0.118734 0.356677 0.022732 0.038448
0 0.392125 0.456231 0.025979 0.043941
0 0.036635 0.760728 0.021717 0.040508
0 0.762127 0.317199 0.026385 0.037762
0 0.521717 0.048575 0.024559 0.048404
0 0.817435 0.404222 0.022123 0.049090
0 0.305866 0.231377 0.024356 0.045314
0 0.901969 0.540336 0.025573 0.046687
0 0.252689 0.546172 0.023544 0.038448
0 0.548508 0.363199 0.021717 0.044628
0 0.415567 0.773429 0.021717 0.043941
0 0.227217 0.676107 0.024559 0.044971
0 0.170997 0.210951 0.023341 0.040851
0 0.144713 0.547202 0.022326 0.045314
0 0.416582 0.633711 0.021311 0.041195
0 0.363000 0.198593 0.024559 0.043598
0 0.601786 0.047545 0.025167 0.042911
0 0.762127 0.361140 0.021920 0.043254
0 0.547189 0.540851 0.024762 0.039478
0 0.653948 0.223138 0.026791 0.037762
0 0.144611 0.585136 0.023341 0.029180
0 0.229551 0.353416 0.027603 0.037418
0 0.255937 0.720048 0.023950 0.042911
0 0.872945 0.945760 0.023544 0.038448
0 0.332454 0.545486 0.023544 0.037762
0 0.523544 0.855132 0.025776 0.038448
0 0.363000 0.454171 0.025776 0.039135
0 0.389588 0.213869 0.024964 0.046001
0 0.281409 0.636629 0.023747 0.033986
0 0.337629 0.764161 0.026588 0.036389
0 0.090725 0.829729 0.020702 0.035702
0 0.039882 0.106763 0.023341 0.040508
0 0.524356 0.407312 0.021311 0.034672
0 0.903085 0.945760 0.024964 0.039821
0 0.280800 0.140577 0.019687 0.040165
0 0.900954 0.175935 0.024762 0.050463
0 0.604526 0.720906 0.026588 0.048747
0 0.064745 0.757295 0.026791 0.037075
0 0.361478 0.048232 0.026791 0.043598
0 0.708037 0.043426 0.019687 0.033986
0 0.307591 0.631308 0.024964 0.036389
0 0.874975 0.721421 0.024356 0.044971
0 0.225898 0.092688 0.025573 0.037075
0 0.792470 0.593375 0.027400 0.049090
0 0.387863 0.051837 0.022326 0.039135
0 0.470469 0.273773 0.023544 0.040851
0 0.524356 0.452111 0.022529 0.038448
0 0.361985 0.324923 0.023341 0.034672
0 0.041506 0.194645 0.022935 0.050807
0 0.902273 0.359080 0.023341 0.047374
0 0.845342 0.181256 0.028009 0.041881
0 0.334179 0.584277 0.023341 0.041195
0 0.495941 0.316169 0.023747 0.038448
0 0.469353 0.185204 0.023747 0.036732
0 0.229450 0.869722 0.024153 0.040165
0 0.713010 0.271370 0.024356 0.036732
0 0.499290 0.714555 0.026791 0.036045
0 0.197991 0.324065 0.023747 0.039821
0 0.333875 0.627188 0.023544 0.043941
0 0.762431 0.542911 0.025776 0.047717
0 0.042013 0.147614 0.026791 0.039135
0 0.789324 0.180913 0.025167 0.030896
0 0.789527 0.274974 0.025573 0.056299
0 0.172011 0.158256 0.024559 0.059046
0 0.873554 0.899931 0.027197 0.045657
0 0.873351 0.537418 0.023950 0.040165
0 0.576619 0.671816 0.021108 0.039821
0 0.444287 0.317027 0.024356 0.034672
0 0.144002 0.317714 0.023341 0.033986
0 0.762229 0.177137 0.023747 0.047374
0 0.761823 0.268795 0.022935 0.044628
0 0.171200 0.286818 0.023341 0.055956
0 0.873351 0.314281 0.025979 0.046344
0 0.817739 0.539135 0.028821 0.039478
0 0.548711 0.627188 0.020499 0.041881
0 0.736757 0.595778 0.025573 0.028493
0 0.522123 0.541710 0.020905 0.042568
0 0.306982 0.093203 0.027400 0.038105
0 0.575908 0.854617 0.025370 0.042911
0 0.172417 0.738929 0.023747 0.042225
0 0.387254 0.092688 0.019890 0.041195
0 0.335194 0.149159 0.026182 0.037418
0 0.903998 0.716272 0.028009 0.049090
0 0.414552 0.314452 0.020905 0.039135
0 0.843718 0.854789 0.027197 0.040508
0 0.228131 0.308960 0.025167 0.041881
0 0.654455 0.181256 0.026994 0.041881
0 0.285265 0.900618 0.023341 0.034672
0 0.442764 0.403021 0.027400 0.041195
0 0.148163 0.455887 0.024762 0.043254
0 0.143191 0.142808 0.024559 0.043254
0 0.763345 0.132509 0.024356 0.037762
0 0.577025 0.586852 0.023544 0.040165
0 0.254516 0.224168 0.020702 0.047374
0 0.174142 0.694473 0.024356 0.041195
0 0.068094 0.411775 0.026588 0.036045
0 0.762533 0.402849 0.023544 0.039478
0 0.444693 0.901991 0.024762 0.042225
0 0.789223 0.105046 0.020093 0.039821
0 0.497869 0.453999 0.026791 0.036045
0 0.603714 0.630621 0.025776 0.037762
0 0.605033 0.540165 0.025573 0.038105
0 0.734727 0.360281 0.030444 0.044284
0 0.471788 0.671988 0.020905 0.042911
0 0.654759 0.447648 0.025979 0.050120
0 0.499899 0.898387 0.023950 0.037075
0 0.199005 0.283556 0.023747 0.041881
0 0.090826 0.950910 0.023341 0.048060
0 0.198701 0.630450 0.023950 0.043598
0 0.928151 0.137144 0.022732 0.040851
0 0.683276 0.542568 0.029430 0.039478
0 0.259996 0.947820 0.027603 0.047374
0 0.226406 0.054411 0.024559 0.044284
0 0.815303 0.046001 0.023950 0.047374
0 0.198194 0.545829 0.023747 0.041881
0 0.064035 0.796601 0.023747 0.038792
0 0.523950 0.768108 0.019687 0.043598
0 0.735945 0.707346 0.023138 0.038105
0 0.063426 0.838826 0.022935 0.038792
0 0.443373 0.671301 0.022123 0.047717
0 0.789933 0.352214 0.022326 0.037762
0 0.066166 0.915208 0.026791 0.042568
0 0.874366 0.269138 0.028415 0.043941
0 0.928760 0.584964 0.023138 0.042568
0 0.365638 0.861998 0.023341 0.039821
0 0.146844 0.664779 0.023747 0.040165
0 0.524457 0.899416 0.024356 0.043254
0 0.443170 0.581188 0.021717 0.037075
0 0.362898 0.596807 0.022326 0.039478
0 0.144814 0.239616 0.025370 0.032956
0 0.442967 0.539993 0.026182 0.037075
0 0.254211 0.327154 0.022123 0.043941
0 0.686422 0.448335 0.025573 0.039821
0 0.789629 0.221765 0.024559 0.049434
0 0.144713 0.278064 0.022732 0.041195
0 0.066166 0.956059 0.027197 0.036389
0 0.255734 0.585307 0.026385 0.043254
0 0.038259 0.060076 0.018470 0.043941
0 0.090928 0.904051 0.022326 0.041538
0 0.549625 0.858222 0.021108 0.043254
0 0.228232 0.828699 0.025370 0.037075
0 0.308200 0.454171 0.023341 0.044628
0 0.791658 0.723481 0.025370 0.055269
0 0.470570 0.541710 0.022123 0.036389
0 0.041202 0.240817 0.024356 0.036732
0 0.306475 0.357707 0.024762 0.046687
0 0.653846 0.095606 0.023747 0.044284
0 0.170489 0.544628 0.024762 0.039478
0 0.228537 0.451768 0.022732 0.048747
0 0.874467 0.357192 0.022123 0.033986
0 0.335397 0.183316 0.025776 0.032269
0 0.255835 0.455201 0.021311 0.043941
0 0.843820 0.312564 0.024153 0.044971
0 0.201340 0.786989 0.022732 0.043598
0 0.198295 0.363199 0.021514 0.039135
0 0.526487 0.947820 0.023950 0.039821
0 0.498478 0.629763 0.024762 0.033299
0 0.469860 0.226571 0.019890 0.044628
0 0.093262 0.580673 0.022935 0.041538
0 0.817739 0.268795 0.026791 0.032269
0 0.794906 0.825438 0.026182 0.036045
0 0.037650 0.713354 0.021717 0.041195
0 0.762634 0.588225 0.023341 0.038792
0 0.195860 0.057158 0.024356 0.047717
0 0.682565 0.131136 0.028821 0.043254
0 0.524051 0.625644 0.020296 0.037418
0 0.876395 0.806900 0.028821 0.040165
0 0.522630 0.584621 0.019890 0.039821
0 0.308707 0.676279 0.023544 0.050807
0 0.198904 0.193786 0.024356 0.042911
0 0.416379 0.455887 0.020499 0.048060
0 0.576822 0.542568 0.023950 0.039478
0 0.171402 0.341744 0.022529 0.051837
0 0.735843 0.402334 0.026182 0.033642
0 0.338543 0.900446 0.024356 0.045314
0 0.067485 0.365602 0.023747 0.042568
0 0.335904 0.356849 0.021514 0.041538
0 0.817942 0.311878 0.025979 0.037418
0 0.117617 0.909028 0.023747 0.039135
0 0.335803 0.226227 0.023341 0.052866
0 0.605845 0.857535 0.026385 0.037075
0 0.874975 0.764847 0.027197 0.035702
0 0.040796 0.285273 0.025573 0.044628
0 0.414958 0.357535 0.020093 0.043598
0 0.930587 0.445932 0.025573 0.048060
0 0.496347 0.540165 0.020499 0.047031
0 0.903288 0.805527 0.021717 0.035359
0 0.736452 0.632681 0.023341 0.039135
0 0.472600 0.449708 0.020093 0.043254
0 0.387254 0.541366 0.021514 0.036389
0 0.171808 0.403708 0.023341 0.044628
0 0.931703 0.770683 0.024153 0.031583
0 0.171910 0.655853 0.023950 0.038105
0 0.363203 0.680913 0.025370 0.034672
0 0.037650 0.809131 0.023747 0.046687
0 0.815709 0.087195 0.025979 0.026777
0 0.902781 0.673018 0.021920 0.036045
0 0.171402 0.244250 0.023747 0.025060
0 0.686320 0.404566 0.027400 0.044971
0 0.901157 0.263817 0.024356 0.040165
0 0.367161 0.826639 0.025167 0.027463
0 0.174548 0.783385 0.024356 0.045314
0 0.576416 0.768623 0.021108 0.043941
0 0.734727 0.316341 0.023138 0.034672
0 0.547290 0.137144 0.026994 0.042225
0 0.304851 0.049262 0.025573 0.037418
0 0.682565 0.089942 0.026791 0.037762
0 0.576010 0.812049 0.021920 0.038792
0 0.225492 0.130793 0.023544 0.038448
0 0.575299 0.628733 0.025776 0.035359
0 0.902172 0.449193 0.021514 0.038105
0 0.202862 0.912461 0.025370 0.043254
0 0.734321 0.755064 0.023138 0.034672
0 0.091232 0.621696 0.022935 0.037075
0 0.230059 0.912461 0.022123 0.041195
0 0.416481 0.950051 0.022326 0.043598
0 0.118531 0.704085 0.021108 0.038448
0 0.386341 0.170271 0.020093 0.031583
0 0.198397 0.238414 0.022935 0.045657
0 0.199107 0.668898 0.021514 0.032612
0 0.279886 0.323550 0.020702 0.042911
0 0.601380 0.169928 0.023544 0.041881
0 0.361985 0.082561 0.025776 0.028493
0 0.902984 0.405424 0.023544 0.045314
0 0.549827 0.275661 0.023544 0.046001
0 0.764360 0.660831 0.026385 0.038448
0 0.226203 0.220391 0.021717 0.040508
0 0.091435 0.866976 0.023341 0.031926
0 0.550639 0.320803 0.025573 0.038105
0 0.226406 0.263302 0.022529 0.038448
0 0.200832 0.750257 0.022935 0.028493
0 0.653846 0.138689 0.023341 0.041881
0 0.548914 0.451940 0.021717 0.033986
0 0.931195 0.852386 0.024762 0.035015
0 0.816318 0.132681 0.019890 0.039478
0 0.144307 0.908857 0.020296 0.029866
0 0.763649 0.628218 0.025776 0.035015
0 0.844429 0.225369 0.021717 0.044971
0 0.792064 0.679025 0.025776 0.029523
0 0.929572 0.539993 0.022732 0.043254
0 0.931094 0.401819 0.027806 0.043598
0 0.389385 0.693786 0.019687 0.050807
0 0.203877 0.867834 0.025776 0.047374
0 0.469556 0.314452 0.019687 0.035015
0 0.036838 0.953141 0.026182 0.051150
0 0.818855 0.580158 0.025370 0.035015
0 0.902679 0.854102 0.021311 0.036389
0 0.198397 0.457432 0.020499 0.044971
0 0.065557 0.236869 0.019890 0.044628
0 0.954130 0.044284 0.022732 0.050807
0 0.148468 0.793855 0.024559 0.039478
0 0.475441 0.948678 0.021717 0.038792
0 0.169373 0.579815 0.023341 0.032269
0 0.064847 0.875901 0.025370 0.034672
0 0.230972 0.957261 0.022732 0.032612
0 0.067282 0.455029 0.019282 0.040851
0 0.172011 0.616375 0.023341 0.038792
0 0.793180 0.890319 0.023950 0.038105
0 0.306880 0.319087 0.024762 0.031926
0 0.115791 0.823550 0.020499 0.041195
0 0.763345 0.809475 0.025573 0.037762
0 0.090826 0.543769 0.023747 0.033642
0 0.686625 0.360796 0.028415 0.038448
0 0.955754 0.133024 0.024356 0.038105
0 0.929267 0.358393 0.024153 0.026777
0 0.498376 0.589770 0.022935 0.047374
0 0.142683 0.868692 0.018673 0.040851
0 0.762634 0.856334 0.028618 0.042225
0 0.018368 0.239101 0.018470 0.032612
0 0.903085 0.902506 0.025776 0.041195
0 0.547493 0.180227 0.023341 0.046001
0 0.955754 0.093546 0.027603 0.041538
0 0.117922 0.947134 0.020296 0.035702
0 0.015933 0.716787 0.016846 0.042568
0 0.278466 0.053725 0.022326 0.045657
0 0.684189 0.717302 0.025979 0.029866
0 0.736554 0.668898 0.025979 0.026433
0 0.929572 0.898901 0.021920 0.040165
0 0.336006 0.323721 0.024153 0.024717
0 0.763345 0.767250 0.029227 0.037075
0 0.089507 0.746996 0.018267 0.037075
0 0.121372 0.739616 0.017861 0.033299
0 0.096509 0.661174 0.021311 0.040508
0 0.279582 0.094748 0.021717 0.035702
0 0.040085 0.901133 0.020499 0.045314
0 0.040187 0.325094 0.024356 0.037762
0 0.066673 0.320632 0.022123 0.029523
0 0.960321 0.808273 0.021311 0.036732
0 0.021210 0.191727 0.018470 0.042225
0 0.258778 0.907140 0.024356 0.031239
0 0.041202 0.857535 0.017861 0.030896
0 0.201441 0.840714 0.022935 0.056986
0 0.958900 0.850669 0.022935 0.040508
0 0.793992 0.858050 0.026791 0.027120
0 0.068500 0.543083 0.014004 0.026777
0 0.017252 0.283728 0.019890 0.047717
0 0.038259 0.363371 0.024153 0.042911
0 0.174853 0.830930 0.022935 0.042225
0 0.172823 0.876759 0.025776 0.035702
0 0.013802 0.762959 0.016237 0.038792
0 0.144510 0.946104 0.024356 0.041195
0 0.927847 0.943701 0.021717 0.041195
