0 0.809696 0.238197 0.081998 0.079399
0 0.807692 0.350188 0.077991 0.064109
0 0.811699 0.415773 0.053419 0.050429
0 0.812233 0.637071 0.083333 0.084764
0 0.808627 0.723176 0.086271 0.081545
0 0.805021 0.805258 0.083333 0.080472
0 0.710069 0.235783 0.090545 0.065987
0 0.704861 0.804587 0.090278 0.100054
0 0.602564 0.239807 0.079060 0.082618
0 0.610443 0.331143 0.086271 0.079667
0 0.611912 0.432806 0.095620 0.084496
0 0.609909 0.530848 0.087340 0.082618
0 0.612447 0.621111 0.094551 0.073230
0 0.611912 0.718079 0.081197 0.083691
0 0.608841 0.815585 0.079327 0.076448
0 0.409054 0.235247 0.088408 0.077253
0 0.403312 0.328594 0.079060 0.076180
0 0.405983 0.417248 0.077991 0.072157
0 0.397035 0.524142 0.072917 0.077253
0 0.312901 0.232162 0.085203 0.077521
0 0.221020 0.227065 0.088408 0.073230
0 0.315972 0.410676 0.079060 0.081545
0 0.214744 0.414431 0.092415 0.079399
0 0.209135 0.509120 0.066774 0.078326
0 0.210337 0.621513 0.085203 0.092811
0 0.305823 0.717945 0.083333 0.087715
0 0.209802 0.809818 0.071848 0.091738
0 0.210337 0.705740 0.075053 0.069206
