0 0.965877 0.128346 0.068247 0.052103
0 0.963016 0.180688 0.058439 0.053059
0 0.966285 0.227294 0.064978 0.041587
0 0.965877 0.271152 0.068247 0.048518
0 0.962403 0.318953 0.075194 0.047084
0 0.960564 0.374761 0.078872 0.054015
0 0.959542 0.431286 0.080915 0.058078
0 0.960564 0.482553 0.078872 0.047801
0 0.959542 0.531788 0.080915 0.051625
0 0.957908 0.578991 0.081733 0.039436
0 0.959134 0.626195 0.081733 0.050669
0 0.958521 0.678657 0.082959 0.052820
0 0.957703 0.727533 0.084593 0.048279
0 0.962403 0.779876 0.075194 0.057361
0 0.963425 0.823972 0.073151 0.043260
0 0.964446 0.872371 0.071107 0.054493
0 0.964446 0.918141 0.071107 0.046128
0 0.812423 0.131214 0.061300 0.041587
0 0.807724 0.190249 0.073151 0.068834
0 0.807315 0.239603 0.068247 0.031788
0 0.805680 0.282744 0.059256 0.053537
0 0.809154 0.333652 0.076011 0.050669
0 0.812219 0.383485 0.073968 0.048996
0 0.817532 0.433317 0.080507 0.053059
0 0.802820 0.484226 0.094401 0.050191
0 0.803841 0.540033 0.096445 0.060468
0 0.815488 0.596678 0.105844 0.055210
0 0.819779 0.644120 0.097262 0.050191
0 0.805272 0.688456 0.087863 0.043260
0 0.814467 0.737213 0.098079 0.051864
0 0.809563 0.786209 0.086637 0.051864
0 0.808745 0.837118 0.072742 0.035134
0 0.815897 0.895196 0.054352 0.067161
0 0.648549 0.132051 0.085819 0.049952
0 0.650593 0.178657 0.067838 0.040870
0 0.651206 0.218810 0.074785 0.030354
0 0.650593 0.261472 0.095627 0.056405
0 0.656314 0.307959 0.091541 0.034178
0 0.653453 0.346080 0.097262 0.053537
0 0.650593 0.387309 0.081733 0.040392
0 0.658562 0.427940 0.089497 0.054732
0 0.651206 0.484823 0.094401 0.061424
0 0.656927 0.539794 0.108296 0.047084
0 0.644871 0.593810 0.112791 0.060946
0 0.648754 0.647586 0.099305 0.045650
0 0.656927 0.705067 0.086228 0.060229
0 0.655905 0.758007 0.092358 0.045650
0 0.656927 0.805808 0.086228 0.052342
0 0.656927 0.862213 0.080507 0.052342
0 0.659379 0.907983 0.079689 0.035851
0 0.501226 0.140296 0.088680 0.065488
0 0.494279 0.194073 0.078872 0.039675
0 0.490601 0.239006 0.104209 0.054493
0 0.499796 0.290989 0.071925 0.040392
0 0.489988 0.339747 0.093175 0.052342
0 0.495913 0.397467 0.083776 0.071224
0 0.493870 0.462954 0.099305 0.059751
0 0.487536 0.517925 0.080915 0.047801
0 0.489170 0.573016 0.101349 0.059034
0 0.493461 0.619622 0.086228 0.037524
0 0.490601 0.665750 0.105844 0.049952
0 0.492848 0.714986 0.081733 0.052820
0 0.494892 0.761114 0.102983 0.047084
0 0.500409 0.812978 0.109931 0.058556
0 0.491622 0.863050 0.080915 0.054015
0 0.494892 0.912404 0.071925 0.055210
0 0.344095 0.128227 0.093175 0.046128
0 0.333878 0.179254 0.078463 0.057839
0 0.335717 0.227055 0.094401 0.037763
0 0.339804 0.260875 0.069064 0.034656
0 0.343686 0.293141 0.071107 0.034178
0 0.342051 0.334369 0.085819 0.047323
0 0.335922 0.384202 0.086637 0.058078
0 0.328566 0.438815 0.070290 0.060229
0 0.334491 0.487452 0.079689 0.037046
0 0.331426 0.523542 0.060482 0.038480
0 0.331018 0.560827 0.071107 0.031310
0 0.333878 0.603250 0.078463 0.051147
0 0.333878 0.647347 0.088271 0.042782
0 0.342664 0.689771 0.098488 0.044455
0 0.338374 0.738169 0.076011 0.052342
0 0.337761 0.791228 0.077237 0.055210
0 0.337352 0.853848 0.083776 0.063337
0 0.340213 0.907983 0.100940 0.048279
0 0.162035 0.133963 0.093584 0.049474
0 0.165100 0.185827 0.091541 0.046128
0 0.170413 0.239006 0.093993 0.055927
0 0.177360 0.291587 0.086637 0.048279
0 0.169391 0.338910 0.074785 0.041587
0 0.170004 0.394001 0.076011 0.073375
0 0.175317 0.458413 0.121782 0.056405
0 0.163465 0.502390 0.067021 0.042065
0 0.156314 0.552581 0.099305 0.054493
0 0.170413 0.610301 0.090723 0.057600
0 0.170413 0.670411 0.113609 0.062620
0 0.159174 0.722992 0.069881 0.048279
0 0.154679 0.790750 0.078872 0.047084
0 0.160605 0.849068 0.082550 0.069551
0 0.160605 0.908222 0.090723 0.056883
