0 0.569295 0.392028 0.039298 0.069207
0 0.141079 0.918309 0.022793 0.034604
0 0.813597 0.113009 0.042180 0.060447
0 0.266964 0.392247 0.031962 0.060009
0 0.333508 0.667543 0.023579 0.034166
0 0.764475 0.239816 0.041394 0.063513
0 0.927299 0.935173 0.024365 0.037670
0 0.476552 0.304424 0.039822 0.049058
0 0.266964 0.293473 0.035630 0.051686
0 0.812811 0.176741 0.039560 0.063513
0 0.652345 0.791064 0.023055 0.033290
0 0.387608 0.333114 0.034320 0.057381
0 0.241027 0.515988 0.024627 0.036794
0 0.272465 0.191196 0.035106 0.057381
0 0.522531 0.334866 0.035892 0.055629
0 0.119073 0.881297 0.022269 0.038546
0 0.330233 0.963206 0.021745 0.037670
0 0.520304 0.392247 0.037202 0.069645
0 0.525413 0.275077 0.038512 0.064827
0 0.935028 0.536137 0.023055 0.036794
0 0.630076 0.792378 0.023055 0.030661
0 0.117108 0.918747 0.021483 0.033728
0 0.560519 0.930355 0.022793 0.037670
0 0.765523 0.175427 0.037202 0.068769
0 0.473932 0.521025 0.023579 0.038108
0 0.257532 0.924880 0.024103 0.031975
0 0.334818 0.518835 0.024103 0.036356
0 0.766309 0.408016 0.039822 0.060885
0 0.697799 0.792159 0.024365 0.031975
0 0.697275 0.930574 0.022793 0.032852
0 0.725308 0.526281 0.022793 0.035480
0 0.653000 0.895313 0.022269 0.035918
0 0.585276 0.892028 0.020435 0.036356
0 0.720985 0.896627 0.021483 0.035918
0 0.540608 0.728428 0.021745 0.032413
0 0.840844 0.494087 0.022269 0.035042
0 0.763296 0.344284 0.041132 0.063951
0 0.678019 0.640166 0.023055 0.037232
0 0.565889 0.523434 0.024103 0.035918
0 0.571915 0.333990 0.037726 0.048620
0 0.810584 0.971091 0.023055 0.036794
0 0.857218 0.968682 0.022007 0.036356
0 0.308095 0.758213 0.022007 0.034166
0 0.651821 0.930793 0.020959 0.035042
0 0.394682 0.198642 0.039036 0.059133
0 0.433456 0.263250 0.034320 0.066579
0 0.607807 0.640166 0.022531 0.037232
0 0.860493 0.700175 0.020697 0.030223
0 0.789625 0.758651 0.020959 0.035042
0 0.211554 0.958607 0.023841 0.036356
0 0.744957 0.731494 0.022269 0.030661
0 0.810846 0.792597 0.024103 0.032852
0 0.926513 0.970434 0.022269 0.034604
0 0.719806 0.792159 0.023317 0.031099
0 0.333115 0.698642 0.021745 0.029785
0 0.696489 0.965834 0.021745 0.039422
0 0.606759 0.746386 0.021483 0.038546
0 0.607152 0.928822 0.019649 0.035480
0 0.377260 0.725142 0.020959 0.031099
0 0.194263 0.548182 0.022269 0.039860
0 0.401493 0.636443 0.022793 0.037670
0 0.238800 0.664039 0.020173 0.031537
0 0.744957 0.641042 0.021745 0.035480
0 0.171994 0.474376 0.021221 0.042050
0 0.215221 0.664039 0.021745 0.031537
0 0.346476 0.344284 0.037988 0.055191
0 0.651428 0.966272 0.021221 0.040298
0 0.519387 0.557819 0.023841 0.035480
0 0.386167 0.391152 0.033534 0.063075
0 0.098376 0.749014 0.021221 0.034166
0 0.711685 0.344284 0.038512 0.071835
0 0.652738 0.756899 0.021745 0.034166
0 0.698192 0.760841 0.022007 0.034166
0 0.794865 0.529785 0.024103 0.037232
0 0.422190 0.960797 0.021745 0.038984
0 0.813466 0.053657 0.041394 0.058257
0 0.375426 0.961016 0.021483 0.039422
0 0.281504 0.924223 0.023317 0.037670
0 0.473015 0.556724 0.023317 0.037670
0 0.743647 0.761717 0.022793 0.032413
0 0.562615 0.892028 0.022269 0.037232
0 0.229762 0.243320 0.037202 0.048620
0 0.539167 0.761060 0.021483 0.033728
0 0.566020 0.485764 0.024365 0.040298
0 0.193346 0.663382 0.020435 0.031099
0 0.634399 0.559133 0.021745 0.033728
0 0.304035 0.299387 0.032224 0.059133
0 0.950878 0.936268 0.021221 0.040736
0 0.378308 0.664039 0.021483 0.035042
0 0.674221 0.791064 0.023317 0.034166
0 0.495546 0.636224 0.020697 0.034604
0 0.793686 0.567455 0.024889 0.039860
0 0.675793 0.755804 0.021221 0.034604
0 0.334163 0.554095 0.022793 0.036794
0 0.908436 0.703460 0.021745 0.035918
0 0.259104 0.888524 0.021483 0.041612
0 0.145402 0.747262 0.022007 0.031537
0 0.427692 0.523653 0.020697 0.035480
0 0.766440 0.897503 0.021745 0.036794
0 0.226487 0.339466 0.034844 0.055191
0 0.191774 0.750548 0.020959 0.031975
0 0.629552 0.892466 0.024103 0.041612
0 0.771024 0.530661 0.023055 0.034604
0 0.310060 0.516207 0.024365 0.036356
0 0.285041 0.667981 0.020435 0.036794
0 0.467776 0.963863 0.021745 0.038108
0 0.608331 0.706965 0.020959 0.032413
0 0.880665 0.969339 0.023317 0.039422
0 0.377129 0.890276 0.023317 0.037232
0 0.931360 0.742225 0.023055 0.035480
0 0.514540 0.965834 0.023579 0.037670
0 0.742861 0.791283 0.023317 0.029347
0 0.398742 0.962111 0.020435 0.035480
0 0.723343 0.701927 0.020959 0.035480
0 0.308226 0.193386 0.033796 0.056505
0 0.902148 0.968463 0.022793 0.037670
0 0.789494 0.892466 0.020697 0.031975
0 0.604925 0.964739 0.022531 0.038108
0 0.121561 0.749014 0.020435 0.030661
0 0.344773 0.392685 0.032486 0.047744
0 0.282421 0.958388 0.023055 0.033290
0 0.564841 0.558038 0.022531 0.036794
0 0.424548 0.892247 0.023317 0.040298
0 0.679460 0.558038 0.023317 0.042050
0 0.584490 0.750548 0.020959 0.036356
0 0.235918 0.886115 0.021745 0.039422
0 0.347917 0.291940 0.035106 0.053876
0 0.574535 0.282085 0.041394 0.057819
0 0.633875 0.525624 0.020173 0.036794
0 0.812549 0.756461 0.021745 0.036794
0 0.171601 0.512265 0.020435 0.033728
0 0.445769 0.721638 0.021221 0.031975
0 0.428347 0.392904 0.034058 0.055191
0 0.403589 0.557381 0.023317 0.038108
0 0.167278 0.779238 0.022793 0.029785
0 0.212340 0.887648 0.022269 0.040736
0 0.542966 0.523434 0.018601 0.036794
0 0.515457 0.892028 0.024889 0.038108
0 0.585931 0.713973 0.020173 0.037670
0 0.787660 0.791283 0.023317 0.031975
0 0.213649 0.749452 0.021221 0.035042
0 0.123133 0.630092 0.021483 0.034604
0 0.769452 0.673237 0.020959 0.033290
0 0.215614 0.547963 0.021483 0.037670
0 0.950485 0.973719 0.022531 0.035918
0 0.435289 0.203241 0.036416 0.056943
0 0.697799 0.896627 0.023317 0.035918
0 0.588551 0.485983 0.021745 0.040736
0 0.375295 0.926194 0.020697 0.035480
0 0.329971 0.889181 0.023317 0.037670
0 0.837176 0.729742 0.022269 0.031537
0 0.575190 0.219667 0.047419 0.068769
0 0.352502 0.925318 0.020173 0.033728
0 0.145402 0.663382 0.020435 0.031099
0 0.607807 0.893780 0.019911 0.036356
0 0.216400 0.476347 0.022531 0.039860
0 0.096673 0.880859 0.020959 0.037670
0 0.377129 0.696671 0.020697 0.030223
0 0.145795 0.632282 0.022269 0.036356
0 0.450354 0.521025 0.022007 0.033728
0 0.815693 0.720762 0.022269 0.034604
0 0.282552 0.888743 0.021221 0.036794
0 0.305606 0.246605 0.032224 0.053438
0 0.838748 0.644766 0.021745 0.037670
0 0.910139 0.533947 0.022531 0.035042
0 0.146319 0.547525 0.023317 0.040298
0 0.746267 0.671704 0.020173 0.033728
0 0.655096 0.669952 0.021221 0.038984
0 0.352240 0.960359 0.020697 0.036356
0 0.171470 0.547087 0.021745 0.035918
0 0.257532 0.960797 0.020959 0.040736
0 0.835473 0.897065 0.022007 0.041174
0 0.168457 0.749671 0.022531 0.032852
0 0.885512 0.567893 0.022531 0.044240
0 0.468562 0.721419 0.022269 0.030661
0 0.765261 0.935392 0.022531 0.037232
0 0.931360 0.706527 0.021483 0.035918
0 0.720854 0.761936 0.020697 0.031099
0 0.713256 0.410206 0.040608 0.062637
0 0.540608 0.698861 0.020697 0.027595
0 0.654703 0.703679 0.020435 0.030223
0 0.906471 0.738283 0.024103 0.038108
0 0.656275 0.560009 0.022007 0.036356
0 0.469479 0.891809 0.022531 0.038546
0 0.955855 0.646956 0.021221 0.029785
0 0.561436 0.791721 0.022531 0.030223
0 0.330233 0.925537 0.024365 0.036794
0 0.860493 0.731494 0.021745 0.035042
0 0.621430 0.401226 0.037726 0.077968
0 0.215221 0.631187 0.022793 0.035042
0 0.240896 0.551686 0.023317 0.034604
0 0.588158 0.524310 0.021483 0.035042
0 0.859707 0.222295 0.045324 0.084538
0 0.743516 0.897284 0.023579 0.038108
0 0.862195 0.645423 0.022007 0.033728
0 0.861409 0.673018 0.018863 0.025843
0 0.333639 0.632939 0.020697 0.035042
0 0.744957 0.702146 0.021221 0.030661
0 0.663872 0.321069 0.040870 0.078844
0 0.711947 0.229742 0.039560 0.054753
0 0.909877 0.568988 0.021483 0.038546
0 0.284517 0.700832 0.019911 0.031537
0 0.719806 0.963425 0.022793 0.037232
0 0.700812 0.673456 0.022007 0.034604
0 0.148153 0.475909 0.024365 0.041612
0 0.770500 0.565265 0.021483 0.037232
0 0.261331 0.698642 0.022793 0.035042
0 0.722557 0.732808 0.020959 0.032413
0 0.834294 0.966710 0.022793 0.038546
0 0.353288 0.890495 0.021745 0.037670
0 0.470789 0.693824 0.021483 0.029785
0 0.190857 0.779238 0.023317 0.028033
0 0.933194 0.646299 0.020435 0.029347
0 0.143568 0.881735 0.021483 0.037670
0 0.398873 0.926194 0.019649 0.034604
0 0.929133 0.898379 0.022793 0.037670
0 0.211685 0.924223 0.023579 0.033290
0 0.835735 0.762812 0.022531 0.033728
0 0.145271 0.692072 0.018601 0.032413
0 0.188237 0.924661 0.021745 0.035042
0 0.765523 0.107315 0.040346 0.075339
0 0.262248 0.664915 0.020959 0.032413
0 0.903589 0.899255 0.024103 0.038546
0 0.765261 0.970653 0.021483 0.035918
0 0.912890 0.496277 0.026461 0.040298
0 0.309274 0.552124 0.022269 0.038108
0 0.309274 0.725580 0.020173 0.034604
0 0.471444 0.667324 0.021745 0.029347
0 0.711292 0.284932 0.036678 0.052124
0 0.479696 0.254271 0.038774 0.053000
0 0.865732 0.495182 0.024365 0.041612
0 0.169898 0.631844 0.021745 0.035480
0 0.769452 0.703241 0.022531 0.031975
0 0.629290 0.965177 0.023579 0.037232
0 0.423762 0.747700 0.020697 0.034166
0 0.858135 0.897941 0.019125 0.039422
0 0.375557 0.756023 0.021745 0.035042
0 0.516243 0.760841 0.021221 0.035042
0 0.662562 0.406264 0.036678 0.065265
0 0.629552 0.759527 0.022007 0.036794
0 0.612523 0.525624 0.023055 0.036794
0 0.391145 0.287560 0.039298 0.045116
0 0.494236 0.691853 0.020697 0.032852
0 0.496332 0.554972 0.020173 0.035918
0 0.269583 0.244634 0.030914 0.048620
0 0.391931 0.245948 0.035106 0.043364
0 0.331936 0.729961 0.023055 0.034604
0 0.515195 0.929260 0.020697 0.033728
0 0.812287 0.934297 0.022793 0.039422
0 0.228583 0.192072 0.034844 0.060885
0 0.539036 0.891371 0.020173 0.035918
0 0.188368 0.958826 0.020959 0.032413
0 0.423369 0.782961 0.023579 0.031975
0 0.189940 0.886115 0.022007 0.040298
0 0.563401 0.641481 0.021745 0.034604
0 0.585538 0.676960 0.020435 0.034604
0 0.742468 0.967806 0.022007 0.037232
0 0.472360 0.636662 0.022007 0.037232
0 0.880141 0.897503 0.020173 0.042050
0 0.935289 0.496058 0.019387 0.040736
0 0.812418 0.895751 0.022531 0.036794
0 0.444459 0.962111 0.020697 0.038108
0 0.525937 0.211564 0.034320 0.057819
0 0.631517 0.638414 0.021745 0.038108
0 0.100079 0.662724 0.020435 0.034166
0 0.674745 0.930793 0.020173 0.035042
0 0.075190 0.664477 0.020959 0.030661
0 0.518077 0.669295 0.020697 0.033290
0 0.237490 0.696671 0.021221 0.034604
0 0.703432 0.490364 0.022531 0.045992
0 0.860100 0.765221 0.023579 0.035918
0 0.467907 0.753395 0.023055 0.036794
0 0.120906 0.776829 0.023317 0.027595
0 0.543097 0.558257 0.020959 0.037232
0 0.817789 0.493211 0.021221 0.038546
0 0.519780 0.523653 0.022007 0.035480
0 0.676578 0.724704 0.020697 0.030223
0 0.169767 0.692729 0.019387 0.035480
0 0.816479 0.644547 0.021745 0.032852
0 0.425072 0.710907 0.021745 0.039422
0 0.121561 0.720105 0.019387 0.030661
0 0.227928 0.288436 0.032486 0.048620
0 0.306130 0.890057 0.020697 0.037670
0 0.425334 0.637976 0.021221 0.038108
0 0.166885 0.884582 0.022007 0.038108
0 0.541656 0.637319 0.021745 0.035918
0 0.588158 0.558914 0.020435 0.039422
0 0.793162 0.644109 0.023317 0.037232
0 0.518732 0.636443 0.019911 0.031537
0 0.585014 0.930574 0.020435 0.037232
0 0.475504 0.352606 0.034582 0.049058
0 0.561829 0.761279 0.020697 0.031537
0 0.538250 0.929479 0.021221 0.037670
0 0.429395 0.343408 0.028818 0.044678
0 0.816479 0.681997 0.023317 0.040298
0 0.305476 0.926194 0.022007 0.033728
0 0.677626 0.670390 0.019649 0.026719
0 0.309536 0.695357 0.021221 0.031975
0 0.608855 0.671923 0.020959 0.029785
0 0.214828 0.692291 0.018863 0.031099
0 0.933325 0.572273 0.022793 0.038984
0 0.662038 0.236969 0.039298 0.077092
0 0.701467 0.559352 0.022269 0.038546
0 0.444721 0.753614 0.020697 0.034604
0 0.101127 0.470872 0.023055 0.042050
0 0.768405 0.732151 0.021483 0.031099
0 0.954807 0.704774 0.022793 0.035042
0 0.284517 0.632501 0.022007 0.036794
0 0.582002 0.967148 0.020173 0.035918
0 0.348179 0.192291 0.034582 0.043802
0 0.817396 0.565484 0.020959 0.038546
0 0.742206 0.933421 0.021483 0.032413
0 0.905554 0.770915 0.023841 0.032413
0 0.654572 0.635567 0.021745 0.031537
0 0.857480 0.935611 0.018339 0.035042
0 0.357087 0.551467 0.024103 0.038546
0 0.607414 0.789750 0.022793 0.032413
0 0.192560 0.721638 0.020959 0.031099
0 0.265785 0.339466 0.029604 0.044678
0 0.656668 0.525624 0.022269 0.033290
0 0.699764 0.732370 0.022007 0.030661
0 0.542311 0.669952 0.020959 0.031975
0 0.263165 0.547744 0.020697 0.042488
0 0.145533 0.719667 0.019125 0.028033
0 0.818575 0.529347 0.020173 0.035480
0 0.399135 0.757337 0.022269 0.034166
0 0.170553 0.661191 0.019387 0.027595
0 0.053445 0.509636 0.020959 0.034604
0 0.076107 0.509198 0.022793 0.037232
0 0.192822 0.693167 0.022007 0.029347
0 0.355122 0.730837 0.019649 0.035480
0 0.236966 0.758213 0.021745 0.032413
0 0.838617 0.675865 0.019911 0.027157
0 0.050039 0.755804 0.020435 0.034604
0 0.193870 0.512484 0.021483 0.030661
0 0.955593 0.675865 0.020173 0.028033
0 0.400707 0.725142 0.020173 0.031975
0 0.495022 0.663601 0.019125 0.024529
0 0.515850 0.795226 0.023055 0.031099
0 0.611606 0.488392 0.024365 0.038546
0 0.584097 0.789312 0.023317 0.031537
0 0.673828 0.966929 0.019911 0.041612
0 0.283993 0.727770 0.019387 0.027595
0 0.770107 0.642357 0.021221 0.033728
0 0.791721 0.726675 0.021483 0.034166
0 0.329840 0.761279 0.022007 0.031537
0 0.122609 0.663820 0.020959 0.032852
0 0.450747 0.484231 0.020697 0.037232
0 0.237359 0.728866 0.020435 0.033290
0 0.217186 0.511827 0.019911 0.033728
0 0.727142 0.489488 0.023841 0.039860
0 0.674876 0.894218 0.021483 0.038108
0 0.538512 0.793693 0.023841 0.030661
0 0.789101 0.921375 0.019387 0.030223
0 0.677233 0.696671 0.019387 0.025843
0 0.766047 0.789750 0.022007 0.029785
0 0.226618 0.391152 0.033010 0.054314
0 0.657061 0.487516 0.024103 0.043802
0 0.239717 0.476566 0.023579 0.039422
0 0.100210 0.512046 0.021745 0.035042
0 0.932539 0.674551 0.020173 0.028909
0 0.073749 0.752519 0.019649 0.032413
0 0.517684 0.726018 0.020959 0.033728
0 0.284386 0.754271 0.019649 0.029785
0 0.491616 0.929479 0.021745 0.032413
0 0.542966 0.486421 0.020173 0.038108
0 0.285827 0.547306 0.022531 0.038108
0 0.428347 0.486202 0.024627 0.041174
0 0.099948 0.549496 0.021221 0.039860
0 0.073487 0.880859 0.022269 0.039422
0 0.145009 0.775515 0.023317 0.028471
0 0.402672 0.520587 0.020435 0.032852
0 0.493712 0.756680 0.022269 0.037232
0 0.261593 0.633158 0.021745 0.031099
0 0.116584 0.951818 0.023579 0.035918
0 0.170160 0.721638 0.020697 0.026719
0 0.263820 0.478318 0.023055 0.042050
0 0.238407 0.632939 0.022007 0.035042
0 0.354205 0.697985 0.018863 0.031975
0 0.493974 0.722295 0.022269 0.030661
0 0.862850 0.565484 0.020697 0.043802
0 0.700550 0.640604 0.021483 0.034604
0 0.194394 0.478537 0.018863 0.037232
0 0.097983 0.779019 0.022007 0.028471
0 0.467645 0.789969 0.025675 0.032852
0 0.840320 0.567017 0.022269 0.036356
0 0.723343 0.640385 0.020959 0.031537
0 0.425727 0.674332 0.019911 0.031975
0 0.792900 0.673894 0.019649 0.026719
0 0.611344 0.561761 0.021745 0.035480
0 0.302332 0.347350 0.033534 0.041174
0 0.347524 0.240254 0.032224 0.053000
0 0.447341 0.893342 0.020173 0.038108
0 0.725177 0.561761 0.021483 0.037232
0 0.771941 0.492116 0.021745 0.040736
0 0.165444 0.957731 0.023841 0.037232
0 0.261986 0.728428 0.022007 0.026281
0 0.301677 0.393342 0.031176 0.057819
0 0.357349 0.483355 0.023579 0.040736
0 0.354991 0.666229 0.018863 0.028033
0 0.354598 0.634253 0.020697 0.031537
0 0.123002 0.549277 0.021221 0.034166
0 0.444328 0.785589 0.022531 0.031099
0 0.310453 0.631625 0.021483 0.035042
0 0.447341 0.693167 0.020173 0.026719
0 0.909222 0.671704 0.021221 0.030223
0 0.905685 0.802015 0.026723 0.030661
0 0.834032 0.794350 0.024365 0.030223
0 0.838224 0.700832 0.020173 0.026281
0 0.957296 0.497810 0.021483 0.038108
0 0.052528 0.690539 0.021221 0.036356
0 0.213911 0.780114 0.022269 0.028033
0 0.310584 0.664039 0.020173 0.028909
0 0.283600 0.782742 0.022269 0.029785
0 0.261200 0.754052 0.021483 0.031099
0 0.214697 0.719229 0.019649 0.025405
0 0.952581 0.774858 0.022531 0.034166
0 0.050956 0.721857 0.020173 0.031537
0 0.700157 0.703460 0.021745 0.028909
0 0.560257 0.966710 0.021745 0.034166
0 0.585407 0.639947 0.021221 0.030661
0 0.767488 0.761279 0.019649 0.028033
0 0.563663 0.702365 0.020173 0.032852
0 0.399921 0.695357 0.019649 0.031975
0 0.954152 0.741349 0.021483 0.038108
0 0.073880 0.724047 0.019911 0.027157
0 0.074404 0.694919 0.019911 0.031099
0 0.099424 0.694043 0.019125 0.031099
0 0.951140 0.897941 0.021221 0.033290
0 0.234346 0.958826 0.020697 0.042050
0 0.474325 0.484669 0.024365 0.038984
0 0.399266 0.786246 0.022007 0.027157
0 0.100603 0.628340 0.018339 0.032852
0 0.841237 0.529566 0.020435 0.037670
0 0.475373 0.398817 0.036416 0.042488
0 0.747708 0.562856 0.022531 0.038546
0 0.449699 0.636662 0.021745 0.037232
0 0.930836 0.804205 0.023579 0.028909
0 0.723605 0.669733 0.020435 0.028909
0 0.563532 0.672142 0.019387 0.029347
0 0.749018 0.528252 0.020435 0.031537
0 0.450092 0.556943 0.021483 0.035480
0 0.236442 0.784494 0.022269 0.025405
0 0.448389 0.667543 0.019649 0.026281
0 0.122085 0.693167 0.020435 0.029347
0 0.049253 0.880201 0.022531 0.031975
0 0.381058 0.554753 0.023841 0.037232
0 0.792376 0.698204 0.019649 0.025405
0 0.306261 0.959921 0.023055 0.037232
0 0.654048 0.729961 0.020697 0.025843
0 0.309929 0.479413 0.022531 0.038984
0 0.399790 0.891590 0.019387 0.036356
0 0.334556 0.479851 0.022007 0.041612
0 0.490961 0.965177 0.019387 0.039860
0 0.375688 0.785370 0.023055 0.027157
0 0.401362 0.667324 0.019387 0.027595
0 0.192429 0.632063 0.020697 0.029785
0 0.930312 0.775296 0.022007 0.035042
0 0.307964 0.786465 0.023841 0.027595
0 0.562746 0.733465 0.019911 0.029347
0 0.121954 0.468025 0.021745 0.027595
0 0.634661 0.487954 0.021745 0.039422
0 0.973015 0.934078 0.023055 0.036356
0 0.764475 0.291064 0.035630 0.044240
0 0.749673 0.490364 0.021745 0.042488
0 0.492271 0.895532 0.020959 0.036356
0 0.377391 0.633377 0.021221 0.028033
0 0.632041 0.670390 0.019649 0.025843
0 0.496594 0.487735 0.020173 0.043364
0 0.427954 0.556724 0.021221 0.031537
0 0.631124 0.724923 0.020959 0.034166
0 0.537595 0.964520 0.020435 0.034166
0 0.680639 0.490583 0.023055 0.043802
0 0.049122 0.917652 0.022793 0.035042
0 0.075059 0.632939 0.020697 0.035918
0 0.099424 0.720324 0.019125 0.028471
0 0.517553 0.697985 0.020173 0.025843
0 0.481137 0.202365 0.038512 0.048182
0 0.859052 0.795883 0.027247 0.030661
0 0.261200 0.782523 0.023055 0.028471
0 0.621299 0.319755 0.029604 0.053438
0 0.072701 0.919185 0.021745 0.031975
0 0.077024 0.472843 0.021483 0.038984
0 0.287922 0.480070 0.022007 0.042926
0 0.886298 0.616294 0.022531 0.052562
0 0.788315 0.948971 0.020435 0.030223
0 0.076369 0.546649 0.021745 0.036794
0 0.909484 0.640385 0.020697 0.027157
0 0.050825 0.784713 0.020435 0.027595
0 0.073094 0.782961 0.020959 0.027595
0 0.952057 0.803548 0.023055 0.029347
0 0.632303 0.696671 0.021745 0.029347
0 0.141472 0.953570 0.021483 0.023653
0 0.352764 0.785589 0.023317 0.026719
0 0.403196 0.483793 0.022007 0.042488
0 0.122740 0.516864 0.020173 0.035042
0 0.381844 0.483793 0.022793 0.040736
0 0.054362 0.545773 0.022793 0.039422
0 0.353026 0.760403 0.018077 0.028033
0 0.519780 0.485983 0.023579 0.039860
0 0.095232 0.954008 0.020697 0.035918
0 0.973408 0.969777 0.022793 0.038546
0 0.786220 0.965834 0.020959 0.044678
0 0.793686 0.491021 0.022269 0.040298
0 0.956117 0.568988 0.022793 0.036794
0 0.329709 0.787779 0.021221 0.024967
0 0.973670 0.898598 0.021221 0.035480
0 0.979303 0.628559 0.019387 0.036794
0 0.492795 0.791502 0.024627 0.036794
0 0.053707 0.470215 0.021483 0.041612
0 0.053183 0.629435 0.019911 0.036794
0 0.073094 0.953570 0.021483 0.036794
0 0.049253 0.952694 0.023579 0.035042
0 0.981006 0.570083 0.019649 0.039860
0 0.052004 0.662067 0.019125 0.023215
0 0.122347 0.495620 0.020959 0.029347
0 0.979565 0.601621 0.019387 0.018835
0 0.430443 0.310337 0.036154 0.018835
