0 0.552600 0.165353 0.160822 0.128340
0 0.558646 0.317565 0.160822 0.137538
0 0.557739 0.457731 0.171100 0.131406
0 0.556227 0.600088 0.162031 0.098117
0 0.555623 0.734341 0.187424 0.139728
0 0.554414 0.862900 0.160822 0.111257
0 0.375756 0.167981 0.190447 0.118703
0 0.367594 0.296759 0.176542 0.132720
0 0.360943 0.444590 0.166868 0.150679
0 0.363362 0.591108 0.162031 0.124836
0 0.366989 0.733684 0.195889 0.130530
0 0.364571 0.868813 0.180169 0.135348
0 0.190145 0.155716 0.157799 0.110819
0 0.195586 0.293035 0.178356 0.116513
0 0.189238 0.432764 0.159613 0.131406
0 0.186215 0.581472 0.147521 0.129216
0 0.188634 0.722952 0.154776 0.115199
0 0.199516 0.859834 0.174123 0.134910
