0 0.804429 0.160216 0.084437 0.079900
0 0.816743 0.297899 0.069329 0.089301
0 0.815190 0.441941 0.050083 0.073265
0 0.809603 0.596765 0.086921 0.074371
0 0.817156 0.756843 0.095406 0.092618
0 0.819536 0.893973 0.084437 0.073265
0 0.711300 0.162980 0.069950 0.076583
0 0.707368 0.305364 0.081126 0.074371
0 0.317260 0.313934 0.090646 0.076583
0 0.320364 0.602018 0.062086 0.084877
0 0.419081 0.728643 0.082781 0.076583
0 0.421151 0.874758 0.085265 0.084048
0 0.316122 0.865773 0.086714 0.093724
0 0.326469 0.760990 0.085058 0.075477
0 0.209437 0.155930 0.085265 0.081836
0 0.205401 0.293752 0.099545 0.102018
0 0.202297 0.442494 0.090025 0.076583
0 0.196296 0.749793 0.079677 0.093448
0 0.202194 0.600359 0.083609 0.090406
0 0.195571 0.891899 0.082781 0.081836
