0 0.816063 0.076842 0.186415 0.119356
0 0.824988 0.190916 0.204264 0.096118
0 0.836886 0.305519 0.224095 0.130974
0 0.840853 0.428043 0.220129 0.114074
0 0.845811 0.546871 0.218146 0.125693
0 0.825979 0.668339 0.182449 0.125693
0 0.836886 0.790863 0.224095 0.104568
0 0.836886 0.916029 0.176500 0.107737
0 0.595935 0.076314 0.190382 0.101400
0 0.611800 0.197254 0.214179 0.096118
0 0.605850 0.327172 0.210213 0.117243
0 0.621715 0.445999 0.237977 0.109849
0 0.604859 0.572749 0.212196 0.107737
0 0.599901 0.689464 0.198314 0.110906
0 0.607833 0.808820 0.226078 0.106681
0 0.595935 0.930288 0.206247 0.117243
0 0.389688 0.069448 0.237977 0.110906
0 0.376797 0.189860 0.208230 0.125693
0 0.373823 0.313441 0.230045 0.113018
0 0.383738 0.437550 0.222112 0.118299
0 0.371839 0.561130 0.198314 0.101400
0 0.363907 0.681542 0.198314 0.114074
0 0.353000 0.797729 0.188399 0.101400
0 0.359941 0.921310 0.206247 0.128862
0 0.167576 0.078954 0.226078 0.104568
0 0.150719 0.200422 0.196331 0.100343
0 0.157660 0.332981 0.206247 0.109849
0 0.151710 0.444943 0.210213 0.103512
0 0.159643 0.581199 0.218146 0.116187
0 0.153694 0.695801 0.206247 0.115131
0 0.136837 0.819382 0.208230 0.108793
0 0.137828 0.941378 0.222112 0.092950
