0 0.243552 0.815068 0.024008 0.022831
0 0.761111 0.176895 0.025794 0.023562
0 0.271329 0.860365 0.027183 0.020639
0 0.541766 0.221553 0.025992 0.025571
0 0.322718 0.859087 0.023214 0.021005
0 0.144345 0.567306 0.020833 0.024840
0 0.568056 0.341644 0.026587 0.025023
0 0.462798 0.020183 0.024405 0.027215
0 0.565377 0.132603 0.024008 0.021553
0 0.069147 0.789498 0.025198 0.023927
0 0.169147 0.021370 0.024405 0.027032
0 0.542262 0.085114 0.023810 0.025205
0 0.938294 0.471324 0.025397 0.023562
0 0.195933 0.158539 0.024008 0.021553
0 0.464980 0.405479 0.023214 0.025571
0 0.320734 0.564201 0.025595 0.023379
0 0.393353 0.633699 0.024405 0.022831
0 0.170833 0.114795 0.026190 0.021735
0 0.149405 0.950685 0.024603 0.029589
0 0.393750 0.547489 0.021627 0.024658
0 0.192560 0.520639 0.023214 0.027580
0 0.169246 0.294064 0.023413 0.022283
0 0.365575 0.132968 0.024802 0.023744
0 0.096230 0.470868 0.028175 0.024110
0 0.094742 0.113059 0.026786 0.025571
0 0.764286 0.797534 0.020635 0.026484
0 0.294345 0.293699 0.023611 0.021553
0 0.639286 0.202192 0.023810 0.022283
0 0.486706 0.196895 0.023413 0.021918
0 0.567262 0.222100 0.026984 0.024110
0 0.519841 0.858447 0.026190 0.019361
0 0.395337 0.836073 0.024405 0.020274
0 0.269048 0.541553 0.025397 0.022283
0 0.518750 0.835708 0.025992 0.018813
0 0.393651 0.570320 0.023413 0.021370
0 0.298115 0.881644 0.022817 0.023014
0 0.291071 0.177443 0.023413 0.023196
0 0.786111 0.298539 0.022619 0.025753
0 0.321131 0.541461 0.022817 0.021370
0 0.540873 0.317169 0.023016 0.025753
0 0.692659 0.564749 0.024206 0.024110
0 0.619345 0.810137 0.025595 0.025388
0 0.193254 0.221644 0.023413 0.022831
0 0.841468 0.615160 0.027381 0.023744
0 0.068651 0.472968 0.023016 0.020639
0 0.519643 0.544018 0.024206 0.023927
0 0.590873 0.104201 0.024603 0.026119
0 0.495238 0.908858 0.023810 0.024840
0 0.520734 0.813790 0.025198 0.022466
0 0.544940 0.815982 0.024405 0.023562
0 0.520536 0.680731 0.024008 0.024110
0 0.834028 0.117626 0.022817 0.025936
0 0.520635 0.568219 0.022222 0.026301
0 0.690278 0.389041 0.021032 0.020091
0 0.913194 0.846119 0.021627 0.022100
0 0.909524 0.114338 0.026190 0.024475
0 0.094147 0.065662 0.024405 0.021735
0 0.864385 0.407854 0.024405 0.024110
0 0.520040 0.636256 0.025000 0.025388
0 0.121925 0.865479 0.025198 0.023927
0 0.787897 0.564840 0.023413 0.024658
0 0.616964 0.294795 0.023611 0.023014
0 0.267659 0.290137 0.026190 0.025753
0 0.865278 0.520091 0.025000 0.026119
0 0.444643 0.816530 0.023810 0.025753
0 0.813690 0.521461 0.026984 0.022283
0 0.413294 0.110685 0.024603 0.021553
0 0.787004 0.272511 0.027976 0.025936
0 0.912202 0.297534 0.021627 0.025205
0 0.694345 0.855708 0.025992 0.025205
0 0.487004 0.110868 0.025992 0.026301
0 0.644643 0.583562 0.025397 0.022648
0 0.643552 0.657352 0.022421 0.026667
0 0.835813 0.177078 0.022817 0.022466
0 0.175397 0.945114 0.023016 0.025388
0 0.245337 0.839817 0.025595 0.026667
0 0.294940 0.610137 0.022024 0.024292
0 0.316667 0.270502 0.022619 0.022283
0 0.814286 0.545297 0.023810 0.022466
0 0.394048 0.470228 0.025397 0.022831
0 0.808631 0.045753 0.023214 0.023196
0 0.168452 0.384201 0.022222 0.023196
0 0.195635 0.136347 0.024603 0.021370
0 0.762500 0.380639 0.021825 0.026301
0 0.365476 0.019452 0.025397 0.025023
0 0.910913 0.182283 0.023016 0.021553
0 0.318353 0.086301 0.025992 0.017717
0 0.413988 0.221826 0.024802 0.022831
0 0.862599 0.295982 0.024802 0.022466
0 0.318452 0.155616 0.023810 0.026301
0 0.270833 0.767671 0.026587 0.018265
0 0.443849 0.791233 0.021825 0.024110
0 0.194048 0.200457 0.026587 0.016986
0 0.346726 0.792329 0.024802 0.022648
0 0.371925 0.793516 0.022024 0.025388
0 0.688889 0.066941 0.025794 0.023196
0 0.374206 0.933425 0.026587 0.027215
0 0.270238 0.811142 0.025794 0.025205
0 0.488095 0.021461 0.023016 0.029772
0 0.888889 0.542648 0.023413 0.019726
0 0.299008 0.856986 0.024603 0.025571
0 0.567163 0.268311 0.024802 0.023744
0 0.642063 0.365571 0.023810 0.023562
0 0.493948 0.815982 0.023611 0.026849
0 0.889782 0.381918 0.025595 0.022648
0 0.542956 0.018174 0.024802 0.025753
0 0.419444 0.817808 0.022619 0.026849
0 0.670139 0.791507 0.021627 0.022831
0 0.438393 0.064110 0.024405 0.025571
0 0.835714 0.222557 0.025794 0.025023
0 0.267361 0.471416 0.025198 0.026301
0 0.346329 0.835251 0.023214 0.024110
0 0.366468 0.198904 0.028175 0.019361
0 0.617956 0.858995 0.022024 0.025571
0 0.394246 0.610594 0.025397 0.023014
0 0.293651 0.317991 0.021429 0.027397
0 0.592163 0.413333 0.024008 0.023379
0 0.096429 0.225845 0.023016 0.023562
0 0.143056 0.222648 0.021825 0.024840
0 0.839187 0.519726 0.023611 0.025023
0 0.595337 0.858539 0.021230 0.023927
0 0.787996 0.543836 0.024802 0.017717
0 0.413194 0.177260 0.024008 0.019909
0 0.541567 0.366393 0.024008 0.023379
0 0.440179 0.429406 0.022024 0.024475
0 0.122917 0.676347 0.025198 0.023744
0 0.171528 0.812146 0.024405 0.023927
0 0.120437 0.134977 0.022619 0.025936
0 0.292560 0.154703 0.025992 0.021187
0 0.321825 0.834795 0.023016 0.023562
0 0.413492 0.197626 0.022619 0.021918
0 0.763591 0.821826 0.020833 0.022100
0 0.886111 0.042374 0.024603 0.024475
0 0.389782 0.015982 0.024405 0.024292
0 0.395040 0.791507 0.021825 0.023196
0 0.169048 0.158721 0.023810 0.020822
0 0.641171 0.341187 0.022421 0.026301
0 0.195734 0.859543 0.027183 0.020457
0 0.590476 0.294612 0.023016 0.017169
0 0.420437 0.792694 0.024206 0.023379
0 0.365972 0.382283 0.021627 0.021187
0 0.692163 0.339635 0.022817 0.026849
0 0.864087 0.342009 0.023016 0.020274
0 0.566270 0.365936 0.022619 0.023562
0 0.541468 0.153242 0.026587 0.024110
0 0.267361 0.202557 0.022024 0.021553
0 0.694345 0.770868 0.024405 0.026484
0 0.890278 0.270594 0.025794 0.021735
0 0.439980 0.471324 0.024802 0.022100
0 0.617460 0.317717 0.023016 0.023927
0 0.195536 0.657352 0.024802 0.021918
0 0.516468 0.314521 0.023413 0.024110
0 0.294940 0.541735 0.025198 0.019726
0 0.271925 0.881005 0.027183 0.018813
0 0.394544 0.702557 0.025992 0.024292
0 0.390278 0.403836 0.024206 0.024840
0 0.541964 0.109132 0.020040 0.022466
0 0.295238 0.586301 0.025397 0.023014
0 0.914980 0.822283 0.022421 0.023744
0 0.598115 0.883927 0.024008 0.023562
0 0.347123 0.769406 0.022817 0.025023
0 0.240774 0.222648 0.022024 0.024475
0 0.937302 0.870046 0.025397 0.022100
0 0.643452 0.632237 0.023810 0.021735
0 0.169643 0.137900 0.024603 0.023744
0 0.416071 0.382466 0.021429 0.021187
0 0.394147 0.677717 0.024405 0.023927
0 0.516071 0.118539 0.026587 0.025936
0 0.194940 0.111324 0.022024 0.027945
0 0.120337 0.020913 0.024405 0.028676
0 0.464583 0.431324 0.025198 0.024292
0 0.121925 0.273425 0.021230 0.026667
0 0.437004 0.178813 0.022024 0.024475
0 0.617361 0.410046 0.024008 0.022283
0 0.912401 0.321370 0.023611 0.022831
0 0.242063 0.563470 0.023810 0.023379
0 0.341964 0.064475 0.024802 0.024110
0 0.590972 0.271963 0.020040 0.025205
0 0.345337 0.604384 0.024008 0.025205
0 0.936607 0.338265 0.023611 0.024475
0 0.168651 0.453973 0.022222 0.020274
0 0.665972 0.317900 0.022817 0.025388
0 0.318056 0.428493 0.023016 0.023379
0 0.669246 0.612420 0.021825 0.025571
0 0.392063 0.357078 0.023413 0.024475
0 0.318452 0.294521 0.022619 0.022466
0 0.148512 0.860457 0.022421 0.022648
0 0.192758 0.269772 0.022421 0.023014
0 0.960119 0.131963 0.025794 0.017352
0 0.861012 0.043196 0.023611 0.021735
0 0.166171 0.586301 0.023611 0.025205
0 0.341468 0.131324 0.023016 0.025571
0 0.638988 0.223927 0.027183 0.022648
0 0.669048 0.814703 0.021429 0.021370
0 0.786607 0.474155 0.025198 0.021553
0 0.396429 0.814886 0.023016 0.023562
0 0.569544 0.701187 0.025198 0.021918
0 0.120437 0.223470 0.022619 0.025023
0 0.721726 0.897443 0.026786 0.024658
0 0.317560 0.105753 0.023214 0.023014
0 0.273611 0.948128 0.025000 0.024110
0 0.864087 0.319269 0.025000 0.025571
0 0.271528 0.836256 0.025595 0.025388
0 0.389286 0.266484 0.027381 0.018630
0 0.638690 0.044475 0.025397 0.021005
0 0.144940 0.020913 0.022024 0.027215
0 0.169345 0.071324 0.024802 0.024658
0 0.472024 0.929041 0.025000 0.023927
0 0.169246 0.612055 0.023810 0.024840
0 0.341567 0.153425 0.024405 0.020091
0 0.368552 0.610411 0.024008 0.021918
0 0.689683 0.089406 0.021032 0.021370
0 0.721329 0.922466 0.025198 0.024658
0 0.345437 0.580091 0.022222 0.020822
0 0.245635 0.928584 0.027381 0.024840
0 0.416270 0.404018 0.023413 0.023014
0 0.243849 0.791963 0.023016 0.022648
0 0.316964 0.179361 0.025198 0.023014
0 0.834623 0.200000 0.024405 0.018995
0 0.835813 0.314977 0.021627 0.023562
0 0.912103 0.411781 0.024206 0.022831
0 0.343948 0.657534 0.022024 0.024840
0 0.913095 0.520822 0.021032 0.024658
0 0.462202 0.158174 0.022817 0.022648
0 0.389782 0.039726 0.024008 0.021005
0 0.217857 0.521644 0.024603 0.025936
0 0.665873 0.451142 0.022619 0.018995
0 0.320635 0.678265 0.025000 0.022466
0 0.812004 0.436986 0.024405 0.023196
0 0.689980 0.224932 0.024405 0.022100
0 0.567460 0.316986 0.025794 0.023927
0 0.689782 0.293790 0.021230 0.025388
0 0.145833 0.432420 0.022222 0.022466
0 0.546230 0.590959 0.025000 0.022466
0 0.395437 0.858813 0.024603 0.022283
0 0.243552 0.862922 0.022817 0.019178
0 0.514782 0.019726 0.027183 0.025571
0 0.785615 0.177717 0.022817 0.023014
0 0.367063 0.043836 0.024603 0.024840
0 0.443750 0.700731 0.022817 0.022466
0 0.398810 0.908037 0.023810 0.021735
0 0.787401 0.520639 0.020833 0.024658
0 0.461607 0.064475 0.024405 0.022648
0 0.321528 0.518995 0.026786 0.025023
0 0.643849 0.681461 0.025794 0.022283
0 0.192460 0.424932 0.024603 0.018813
0 0.614583 0.204018 0.021627 0.023014
0 0.642758 0.928219 0.019246 0.020457
0 0.742460 0.470776 0.023810 0.024658
0 0.692063 0.410502 0.023413 0.025753
0 0.419345 0.632877 0.023214 0.024475
0 0.915476 0.898356 0.023413 0.024292
0 0.860913 0.202192 0.023413 0.021553
0 0.595635 0.542009 0.024603 0.022100
0 0.242460 0.588493 0.022619 0.024840
0 0.193651 0.315160 0.021825 0.022100
0 0.935218 0.086667 0.023214 0.025023
0 0.665675 0.431689 0.024206 0.018447
0 0.266964 0.378995 0.025595 0.024475
0 0.868651 0.972968 0.025794 0.022283
0 0.217560 0.317534 0.021627 0.025023
0 0.519643 0.659817 0.025397 0.019178
0 0.371528 0.769589 0.024405 0.023196
0 0.195139 0.040548 0.024802 0.022283
0 0.439683 0.405479 0.023810 0.024475
0 0.365079 0.157260 0.021429 0.025571
0 0.910913 0.089132 0.024206 0.024475
0 0.788591 0.587763 0.021627 0.021918
0 0.242163 0.295434 0.020437 0.021735
0 0.669643 0.838082 0.022222 0.025023
0 0.788889 0.658356 0.024206 0.021735
0 0.663294 0.066667 0.023810 0.023014
0 0.639187 0.019269 0.021627 0.026849
0 0.619147 0.584292 0.023214 0.023379
0 0.669544 0.909315 0.022817 0.023196
0 0.095337 0.088311 0.025992 0.023196
0 0.070536 0.520274 0.024008 0.022100
0 0.437401 0.040822 0.022421 0.023562
0 0.412599 0.065114 0.025992 0.023196
0 0.201488 0.952603 0.028373 0.023196
0 0.620734 0.767580 0.025198 0.018813
0 0.198710 0.928311 0.025992 0.025388
0 0.618750 0.654521 0.024405 0.026119
0 0.645337 0.792603 0.020040 0.019178
0 0.666369 0.294703 0.024405 0.022466
0 0.298115 0.904840 0.026786 0.021187
0 0.713393 0.130228 0.023611 0.024110
0 0.596329 0.907671 0.021230 0.024658
0 0.595833 0.518721 0.023810 0.023744
0 0.591071 0.152329 0.022222 0.022648
0 0.416667 0.427489 0.024206 0.020274
0 0.694345 0.927397 0.023214 0.026119
0 0.440278 0.381735 0.023413 0.021553
0 0.442560 0.657169 0.020833 0.023014
0 0.094940 0.042557 0.024405 0.025205
0 0.270437 0.564292 0.025794 0.022466
0 0.541468 0.040913 0.021429 0.021918
0 0.544345 0.791416 0.024405 0.025205
0 0.693651 0.656895 0.024603 0.020639
0 0.468750 0.816712 0.022024 0.025388
0 0.069742 0.449954 0.023611 0.020639
0 0.817560 0.793333 0.024405 0.023562
0 0.419048 0.586393 0.024206 0.020639
0 0.592560 0.317078 0.024405 0.022648
0 0.299206 0.927306 0.024603 0.023379
0 0.788492 0.813151 0.026587 0.020822
0 0.344048 0.631781 0.024206 0.024840
0 0.566369 0.153425 0.026786 0.022283
0 0.295734 0.680639 0.025595 0.022466
0 0.295437 0.657169 0.022222 0.025205
0 0.097222 0.629315 0.025000 0.023562
0 0.292659 0.428493 0.023810 0.023014
0 0.590575 0.017443 0.024008 0.024658
0 0.341468 0.174977 0.023016 0.022283
0 0.365179 0.108858 0.024405 0.025571
0 0.297817 0.791233 0.022222 0.019361
0 0.838690 0.408767 0.025794 0.023379
0 0.545437 0.838447 0.022619 0.021735
0 0.840079 0.567123 0.026587 0.023014
0 0.493254 0.565388 0.025794 0.024658
0 0.664484 0.129224 0.025000 0.022466
0 0.388790 0.180091 0.022817 0.021187
0 0.672024 0.974977 0.023413 0.017169
0 0.594048 0.770046 0.020635 0.022283
0 0.592262 0.389589 0.022619 0.025205
0 0.367758 0.586758 0.024008 0.025388
0 0.641270 0.452329 0.023810 0.020274
0 0.145139 0.135251 0.024405 0.022831
0 0.297421 0.769954 0.019841 0.022100
0 0.195337 0.881826 0.026389 0.022648
0 0.570139 0.655525 0.025198 0.023744
0 0.912798 0.042831 0.024405 0.027215
0 0.570238 0.679543 0.025000 0.021370
0 0.810417 0.174247 0.025595 0.022283
0 0.120635 0.588311 0.018651 0.018995
0 0.070437 0.408493 0.023016 0.021370
0 0.167956 0.432420 0.022421 0.022100
0 0.170238 0.180639 0.025000 0.020457
0 0.888690 0.293059 0.022619 0.020274
0 0.323413 0.881005 0.023016 0.019909
0 0.717460 0.683288 0.022222 0.020822
0 0.321825 0.725388 0.023810 0.028676
0 0.193353 0.292329 0.023214 0.021370
0 0.540873 0.342466 0.022619 0.024840
0 0.437004 0.154429 0.022817 0.025023
0 0.810417 0.091142 0.022817 0.023744
0 0.319246 0.613059 0.021825 0.020274
0 0.570040 0.770868 0.021032 0.025023
0 0.688988 0.132603 0.027183 0.023379
0 0.617857 0.340365 0.023016 0.021735
0 0.864385 0.383562 0.024802 0.024475
0 0.145139 0.070502 0.021627 0.021553
0 0.294345 0.109498 0.024405 0.024658
0 0.717262 0.543379 0.025794 0.023744
0 0.935020 0.225662 0.022024 0.021735
0 0.294940 0.633699 0.022421 0.021005
0 0.542262 0.061096 0.025000 0.022831
0 0.193452 0.583288 0.021825 0.022100
0 0.934821 0.155342 0.025198 0.023927
0 0.267361 0.404110 0.024802 0.025023
0 0.815774 0.893333 0.025595 0.018995
0 0.416171 0.292785 0.022817 0.025571
0 0.816270 0.873151 0.022619 0.019909
0 0.123611 0.892420 0.024603 0.028493
0 0.462698 0.223105 0.026587 0.018447
0 0.566964 0.408493 0.023611 0.018082
0 0.317361 0.473699 0.024008 0.018813
0 0.936409 0.269132 0.024802 0.024292
0 0.692956 0.610228 0.024802 0.020091
0 0.167758 0.222922 0.024802 0.021735
0 0.570337 0.543744 0.025198 0.020822
0 0.168056 0.408676 0.019444 0.025388
0 0.145833 0.113242 0.024206 0.022648
0 0.787798 0.435160 0.024008 0.023927
0 0.399504 0.933425 0.022817 0.026849
0 0.193948 0.470776 0.023214 0.023927
0 0.668849 0.934155 0.022619 0.024658
0 0.299107 0.975160 0.023611 0.023379
0 0.514980 0.094429 0.024802 0.024475
0 0.615774 0.131142 0.026389 0.026301
0 0.444544 0.865753 0.022024 0.021918
0 0.339980 0.223014 0.020833 0.026301
0 0.392361 0.521826 0.022817 0.027763
0 0.147817 0.790046 0.021825 0.021735
0 0.442163 0.564658 0.022024 0.024292
0 0.835119 0.041553 0.023016 0.023927
0 0.265774 0.224749 0.022421 0.025753
0 0.195536 0.767580 0.022817 0.019909
0 0.096726 0.449041 0.024008 0.018082
0 0.863889 0.271142 0.022222 0.023562
0 0.521528 0.952055 0.023611 0.021735
0 0.170437 0.835616 0.021429 0.021918
0 0.493452 0.864475 0.022222 0.022648
0 0.716270 0.410868 0.023413 0.023196
0 0.739683 0.040731 0.022619 0.020822
0 0.669147 0.636347 0.024008 0.024840
0 0.368948 0.541461 0.023611 0.021370
0 0.666369 0.346027 0.023611 0.029772
0 0.670833 0.682466 0.024603 0.026119
0 0.763889 0.655251 0.023016 0.019543
0 0.316766 0.222740 0.023214 0.025388
0 0.241468 0.448037 0.023810 0.024110
0 0.438393 0.131781 0.026786 0.024292
0 0.669048 0.540457 0.022222 0.021187
0 0.465079 0.268950 0.022619 0.024658
0 0.094841 0.179087 0.025397 0.023562
0 0.692262 0.451872 0.025000 0.018265
0 0.838095 0.452420 0.024603 0.021187
0 0.762202 0.310046 0.021627 0.019909
0 0.193552 0.633516 0.020833 0.025753
0 0.719345 0.787854 0.022421 0.020639
0 0.519147 0.882192 0.022817 0.024110
0 0.785317 0.041735 0.021032 0.022831
0 0.719246 0.766667 0.021032 0.019543
0 0.389583 0.085479 0.023611 0.018265
0 0.665179 0.223836 0.024405 0.023562
0 0.722222 0.973973 0.022619 0.026849
0 0.120238 0.044566 0.020635 0.019361
0 0.149405 0.901370 0.025794 0.023014
0 0.615377 0.180183 0.024008 0.025023
0 0.442063 0.590137 0.021032 0.024840
0 0.121429 0.841005 0.024206 0.023927
0 0.317163 0.064110 0.023611 0.022283
0 0.716270 0.338082 0.022619 0.023379
0 0.693353 0.882374 0.024405 0.027763
0 0.545139 0.655616 0.024008 0.020639
0 0.371528 0.840731 0.020833 0.022648
0 0.462500 0.043470 0.024206 0.019726
0 0.470040 0.793151 0.020635 0.022100
0 0.860615 0.157717 0.022024 0.024658
0 0.439484 0.294064 0.025000 0.020822
0 0.495734 0.932785 0.024405 0.022283
0 0.591171 0.062648 0.025198 0.022283
0 0.413393 0.041644 0.023611 0.022648
0 0.123313 0.796256 0.024405 0.028311
0 0.717758 0.722922 0.022024 0.022648
0 0.669841 0.887032 0.022222 0.020639
0 0.042460 0.315160 0.025000 0.022831
0 0.841865 0.865023 0.022222 0.026301
0 0.664087 0.177900 0.023810 0.024475
0 0.792659 0.927397 0.023016 0.026484
0 0.493353 0.589132 0.026786 0.021735
0 0.291964 0.224201 0.024405 0.025023
0 0.095337 0.563105 0.020040 0.016438
0 0.862004 0.181735 0.025198 0.020822
0 0.593056 0.340822 0.023016 0.022283
0 0.815476 0.914703 0.025000 0.023744
0 0.689980 0.365662 0.020833 0.025936
0 0.866270 0.860183 0.023016 0.022100
0 0.487798 0.221553 0.022421 0.025936
0 0.269345 0.130228 0.023611 0.024840
0 0.467758 0.701279 0.023214 0.018082
0 0.345833 0.703379 0.023016 0.021918
0 0.643452 0.608493 0.021825 0.025023
0 0.144643 0.156164 0.023413 0.020091
0 0.148016 0.701187 0.020635 0.023379
0 0.910714 0.203105 0.023016 0.019361
0 0.493353 0.790411 0.023611 0.021735
0 0.191270 0.404201 0.025000 0.019726
0 0.374206 0.906027 0.024206 0.022466
0 0.195139 0.017260 0.023214 0.023196
0 0.411905 0.154521 0.023413 0.024110
0 0.466567 0.311233 0.024405 0.023379
0 0.836806 0.288584 0.024405 0.024110
0 0.169147 0.270868 0.019643 0.022283
0 0.841766 0.910776 0.023611 0.020639
0 0.343750 0.293242 0.023214 0.021735
0 0.761210 0.065753 0.022817 0.022648
0 0.815079 0.612329 0.025000 0.024292
0 0.542063 0.456530 0.024206 0.019178
0 0.885417 0.153516 0.025595 0.022466
0 0.695933 0.952237 0.024405 0.021735
0 0.763393 0.566301 0.022817 0.023562
0 0.717659 0.565753 0.023413 0.021735
0 0.763988 0.424749 0.022024 0.023562
0 0.737798 0.066758 0.022421 0.027945
0 0.935119 0.178447 0.023016 0.023014
0 0.619147 0.678356 0.023611 0.021553
0 0.467262 0.883288 0.023016 0.018995
0 0.864187 0.471142 0.023214 0.023927
0 0.714087 0.292055 0.023810 0.022283
0 0.145437 0.289315 0.021032 0.023744
0 0.712103 0.105114 0.021429 0.025388
0 0.440278 0.271781 0.023016 0.023379
0 0.617956 0.456530 0.021230 0.023196
0 0.889583 0.519361 0.023611 0.024292
0 0.389087 0.157534 0.023016 0.025753
0 0.811905 0.320913 0.022619 0.024475
0 0.345933 0.680913 0.022421 0.021553
0 0.640179 0.179817 0.022421 0.023927
0 0.592857 0.364384 0.024206 0.024840
0 0.440377 0.540731 0.021230 0.022466
0 0.713690 0.200913 0.021825 0.025205
0 0.070933 0.270228 0.021230 0.020274
0 0.364385 0.271050 0.021627 0.023379
0 0.491964 0.290228 0.023611 0.020822
0 0.664583 0.201005 0.024802 0.022100
0 0.913690 0.545023 0.022222 0.020091
0 0.121131 0.405753 0.023611 0.024292
0 0.518849 0.722922 0.021825 0.024840
0 0.786310 0.066758 0.024206 0.023927
0 0.437897 0.107489 0.024603 0.024658
0 0.220238 0.293790 0.024206 0.024658
0 0.096726 0.341187 0.024008 0.022283
0 0.567659 0.428402 0.026190 0.019909
0 0.614683 0.270137 0.022222 0.022648
0 0.664187 0.089041 0.026786 0.022466
0 0.838988 0.431050 0.024405 0.024110
0 0.350794 0.948128 0.025794 0.019361
0 0.547123 0.860731 0.025595 0.018447
0 0.762798 0.356347 0.022024 0.023014
0 0.266567 0.448402 0.024008 0.020091
0 0.716865 0.452420 0.022619 0.020822
0 0.620337 0.904018 0.024405 0.022100
0 0.415575 0.339543 0.024405 0.021187
0 0.317262 0.452329 0.022222 0.023927
0 0.268353 0.633059 0.022421 0.019361
0 0.640972 0.314795 0.022024 0.026119
0 0.218254 0.428402 0.022619 0.020639
0 0.316071 0.041553 0.023810 0.021370
0 0.513889 0.144658 0.024603 0.026667
0 0.494345 0.542100 0.024008 0.022283
0 0.664881 0.018174 0.026587 0.024292
0 0.412897 0.131781 0.022619 0.021370
0 0.687996 0.174155 0.025198 0.022466
0 0.840675 0.543744 0.025397 0.023014
0 0.668254 0.862831 0.021825 0.025205
0 0.713790 0.176986 0.024802 0.022283
0 0.396032 0.883379 0.025397 0.022100
0 0.571131 0.972785 0.021230 0.023014
0 0.470734 0.860731 0.020437 0.024292
0 0.470734 0.838995 0.020833 0.018813
0 0.368948 0.474521 0.023214 0.019361
0 0.540476 0.292694 0.023810 0.023196
0 0.885615 0.224201 0.022421 0.025023
0 0.667560 0.471872 0.024802 0.023927
0 0.149107 0.881187 0.022421 0.016621
0 0.785615 0.135982 0.023611 0.021005
0 0.270536 0.653059 0.025595 0.020274
0 0.913988 0.609954 0.024802 0.024658
0 0.341369 0.089772 0.021230 0.025388
0 0.616964 0.386210 0.024405 0.023562
0 0.491369 0.378813 0.022817 0.022648
0 0.787103 0.394338 0.021825 0.016438
0 0.716071 0.363105 0.023413 0.026667
0 0.268452 0.611689 0.024206 0.023379
0 0.176587 0.972785 0.022619 0.024110
0 0.388889 0.107032 0.022619 0.023379
0 0.241667 0.317352 0.022619 0.021735
0 0.241567 0.471324 0.022817 0.022466
0 0.097619 0.926758 0.023016 0.022283
0 0.292659 0.405936 0.021825 0.022466
0 0.689881 0.270685 0.023413 0.020457
0 0.389385 0.132420 0.021627 0.025936
0 0.571825 0.949498 0.023810 0.020639
0 0.712698 0.018904 0.022619 0.026484
0 0.566171 0.200731 0.024008 0.018265
0 0.461508 0.179909 0.021825 0.024110
0 0.784524 0.225479 0.024206 0.026119
0 0.242758 0.883653 0.022421 0.021918
0 0.566071 0.389315 0.023413 0.021005
0 0.566171 0.036712 0.022421 0.023744
0 0.290972 0.200274 0.024008 0.021370
0 0.217956 0.405753 0.021627 0.023927
0 0.813690 0.588311 0.024206 0.021918
0 0.143948 0.090959 0.020833 0.023379
0 0.835913 0.066667 0.024603 0.021553
0 0.815278 0.941553 0.023413 0.024475
0 0.145833 0.407671 0.022222 0.027032
0 0.860417 0.088128 0.024802 0.025753
0 0.168155 0.474155 0.024008 0.017900
0 0.785020 0.091050 0.023611 0.023562
0 0.348115 0.859087 0.023214 0.022466
0 0.170734 0.857260 0.019246 0.019543
0 0.718849 0.660091 0.023810 0.024475
0 0.369643 0.722648 0.025397 0.021370
0 0.540873 0.129863 0.021825 0.020091
0 0.192857 0.447397 0.024603 0.022466
0 0.294742 0.518904 0.023214 0.024110
0 0.218750 0.586119 0.023214 0.023379
0 0.720833 0.830959 0.025000 0.025753
0 0.838294 0.472694 0.024206 0.019726
0 0.812698 0.295799 0.023016 0.023562
0 0.812698 0.270228 0.024206 0.026119
0 0.325099 0.927123 0.023611 0.022283
0 0.297024 0.833516 0.022222 0.018447
0 0.068254 0.087580 0.023413 0.021370
0 0.614980 0.156164 0.025595 0.023379
0 0.519345 0.791142 0.020040 0.024292
0 0.341865 0.270685 0.021429 0.022648
0 0.545833 0.568037 0.026984 0.022283
0 0.740873 0.378630 0.023016 0.023014
0 0.937202 0.845388 0.024008 0.022100
0 0.119643 0.157717 0.019841 0.020274
0 0.122421 0.650776 0.026190 0.018995
0 0.269544 0.587671 0.023214 0.022466
0 0.785119 0.156256 0.019048 0.018813
0 0.721032 0.854521 0.023810 0.020639
0 0.936409 0.522009 0.023214 0.028493
0 0.595734 0.723744 0.024405 0.021370
0 0.839980 0.637534 0.022817 0.019909
0 0.168750 0.047306 0.024405 0.024110
0 0.815675 0.723927 0.024206 0.025023
0 0.146825 0.267032 0.023810 0.017900
0 0.492659 0.702100 0.026190 0.022648
0 0.717560 0.519817 0.022024 0.024110
0 0.640972 0.289772 0.022817 0.021370
0 0.792460 0.951872 0.021032 0.020274
0 0.574206 0.927489 0.025397 0.022648
0 0.886409 0.200457 0.023611 0.022466
0 0.914187 0.566484 0.022024 0.022466
0 0.266171 0.427763 0.021627 0.021187
0 0.097024 0.606484 0.022619 0.019909
0 0.913294 0.635068 0.025000 0.023379
0 0.242956 0.698630 0.022024 0.025571
0 0.196230 0.678721 0.023016 0.020457
0 0.762004 0.041461 0.022817 0.023014
0 0.145536 0.382557 0.024405 0.022100
0 0.816270 0.834703 0.026984 0.021187
0 0.071032 0.387489 0.023413 0.021735
0 0.120635 0.543836 0.025397 0.020274
0 0.120337 0.110228 0.025198 0.025388
0 0.369147 0.678265 0.020833 0.024292
0 0.521726 0.927215 0.022024 0.023562
0 0.195734 0.788676 0.022024 0.021187
0 0.319940 0.636347 0.022421 0.024475
0 0.915873 0.974612 0.023413 0.027032
0 0.741171 0.771142 0.018849 0.025571
0 0.413690 0.087945 0.023413 0.024292
0 0.366667 0.406575 0.021429 0.021918
0 0.171329 0.787854 0.022421 0.020274
0 0.885913 0.177260 0.022619 0.024658
0 0.096032 0.202283 0.023016 0.024292
0 0.365476 0.223470 0.025000 0.022831
0 0.764683 0.634064 0.021429 0.020274
0 0.396528 0.769132 0.022421 0.018995
0 0.368849 0.631598 0.022222 0.020457
0 0.390972 0.428584 0.025198 0.022466
0 0.642857 0.857260 0.023810 0.021735
0 0.316369 0.017717 0.024802 0.024475
0 0.695139 0.831598 0.024802 0.024475
0 0.547817 0.902648 0.026190 0.023014
0 0.513591 0.167763 0.024802 0.020274
0 0.590476 0.130502 0.021032 0.018813
0 0.321429 0.767671 0.023413 0.017900
0 0.096528 0.676895 0.021627 0.025571
0 0.486310 0.134338 0.021825 0.021005
0 0.564583 0.107123 0.022421 0.028676
0 0.741369 0.425753 0.020833 0.020822
0 0.764286 0.588311 0.020635 0.019361
0 0.218651 0.813425 0.023016 0.023927
0 0.146726 0.629498 0.025198 0.021370
0 0.297718 0.811872 0.022024 0.022283
0 0.068155 0.767580 0.025992 0.016256
0 0.068948 0.063744 0.023214 0.023744
0 0.120437 0.567032 0.021429 0.022466
0 0.067758 0.199361 0.022024 0.021735
0 0.912401 0.433607 0.021627 0.021918
0 0.268353 0.156530 0.020833 0.026301
0 0.566071 0.292968 0.020238 0.024475
0 0.271825 0.926301 0.026587 0.018813
0 0.767857 0.917900 0.020238 0.027945
0 0.739286 0.017900 0.023810 0.022648
0 0.342857 0.431416 0.024603 0.020822
0 0.842163 0.931598 0.023611 0.020639
0 0.123710 0.722283 0.022421 0.019543
0 0.567956 0.633151 0.019643 0.021370
0 0.515079 0.043653 0.025000 0.022648
0 0.566468 0.177534 0.024206 0.027032
0 0.317460 0.318539 0.025000 0.024110
0 0.569444 0.724018 0.026190 0.024110
0 0.148512 0.835890 0.022421 0.025388
0 0.889286 0.565023 0.022222 0.023927
0 0.419048 0.562009 0.023016 0.024475
0 0.216865 0.269589 0.021429 0.021553
0 0.070139 0.833790 0.026389 0.023744
0 0.194940 0.179635 0.022421 0.019909
0 0.885119 0.090046 0.023413 0.022648
0 0.890972 0.847489 0.023611 0.023744
0 0.597421 0.952511 0.024603 0.021187
0 0.095437 0.135342 0.026984 0.020091
0 0.641567 0.388676 0.022817 0.023014
0 0.146627 0.311963 0.025000 0.019361
0 0.596726 0.810502 0.022817 0.017717
0 0.694742 0.792146 0.022421 0.019726
0 0.887302 0.338356 0.021429 0.020639
0 0.340675 0.197352 0.022619 0.022100
0 0.863690 0.361279 0.023016 0.019726
0 0.613492 0.226484 0.019048 0.022283
0 0.689087 0.111050 0.022619 0.021187
0 0.440278 0.317626 0.022222 0.021553
0 0.121230 0.451598 0.021429 0.023196
0 0.565476 0.015708 0.021429 0.020457
0 0.516270 0.424749 0.025397 0.022466
0 0.266766 0.314886 0.024405 0.023379
0 0.615377 0.108676 0.027579 0.020091
0 0.243651 0.654247 0.023413 0.017534
0 0.713194 0.223744 0.020437 0.021187
0 0.468651 0.904475 0.021429 0.023744
0 0.144444 0.453242 0.022619 0.019909
0 0.591766 0.174886 0.022817 0.022466
0 0.760317 0.200183 0.025000 0.020822
0 0.295635 0.725479 0.021825 0.021918
0 0.465972 0.607123 0.026389 0.021553
0 0.887698 0.430320 0.022222 0.025936
0 0.320040 0.658174 0.021032 0.016986
0 0.296131 0.702100 0.027183 0.022283
0 0.811210 0.068584 0.023214 0.023562
0 0.219940 0.158265 0.024802 0.024292
0 0.885020 0.112511 0.022817 0.022283
0 0.461806 0.110502 0.022421 0.026667
0 0.369544 0.654338 0.022421 0.022831
0 0.494246 0.841005 0.020635 0.024292
0 0.786310 0.325845 0.025397 0.023379
0 0.096627 0.652785 0.024206 0.020822
0 0.908730 0.139361 0.021032 0.025571
0 0.345437 0.812329 0.021825 0.019543
0 0.419742 0.862557 0.022421 0.025753
0 0.516270 0.291050 0.022222 0.023196
0 0.837202 0.385388 0.025992 0.023744
0 0.669444 0.587123 0.022222 0.022466
0 0.696726 0.976073 0.022421 0.024110
0 0.345933 0.539361 0.021627 0.016073
0 0.292857 0.132055 0.023413 0.022648
0 0.462103 0.203288 0.021429 0.023744
0 0.842163 0.888676 0.024008 0.019909
0 0.790476 0.902831 0.022619 0.020822
0 0.315972 0.199817 0.027579 0.021553
0 0.320833 0.588493 0.022222 0.027032
0 0.144841 0.542283 0.022619 0.023744
0 0.763591 0.769863 0.021627 0.024840
0 0.070437 0.809863 0.025000 0.018265
0 0.194048 0.608402 0.022222 0.022283
0 0.544643 0.724658 0.021825 0.025023
0 0.243849 0.768950 0.021825 0.023744
0 0.191865 0.382283 0.025000 0.021187
0 0.365675 0.179087 0.022222 0.018447
0 0.367460 0.450959 0.024603 0.023744
0 0.421230 0.770502 0.025397 0.021735
0 0.617659 0.433699 0.023016 0.023927
0 0.520635 0.769224 0.019048 0.021735
0 0.242857 0.613516 0.021825 0.024475
0 0.840873 0.676895 0.023016 0.021553
0 0.694444 0.723014 0.023016 0.023196
0 0.325099 0.901826 0.022421 0.021370
0 0.465774 0.561370 0.024008 0.022831
0 0.639683 0.066667 0.021032 0.024110
0 0.810218 0.113973 0.022024 0.023744
0 0.389782 0.222192 0.022024 0.025388
0 0.342956 0.409772 0.023214 0.020639
0 0.462004 0.086758 0.025198 0.021187
0 0.890774 0.469954 0.026389 0.024840
0 0.595833 0.589041 0.024206 0.024840
0 0.068452 0.222922 0.021825 0.025023
0 0.668651 0.518813 0.024206 0.023562
0 0.810020 0.197534 0.023214 0.023196
0 0.693849 0.698539 0.021429 0.022831
0 0.542262 0.175708 0.025000 0.021187
0 0.860317 0.113425 0.022222 0.023744
0 0.348611 0.882557 0.023810 0.025571
0 0.914286 0.389772 0.023413 0.021553
0 0.739385 0.288676 0.022024 0.023562
0 0.321032 0.811142 0.022222 0.022648
0 0.737698 0.132785 0.023413 0.025205
0 0.841766 0.838539 0.022421 0.023744
0 0.126290 0.975799 0.025992 0.021370
0 0.547421 0.925205 0.023016 0.019543
0 0.246329 0.135068 0.022421 0.020639
0 0.867857 0.909406 0.026190 0.022648
0 0.097024 0.837808 0.022619 0.024110
0 0.169940 0.360822 0.021627 0.022100
0 0.547917 0.972329 0.023214 0.021735
0 0.097222 0.903196 0.022222 0.022648
0 0.566667 0.473333 0.020635 0.023927
0 0.740972 0.402466 0.021627 0.022831
0 0.388988 0.063470 0.021230 0.026484
0 0.913095 0.271872 0.018254 0.024292
0 0.865575 0.678082 0.020833 0.021005
0 0.517758 0.612785 0.025992 0.021918
0 0.217460 0.182466 0.022222 0.024475
0 0.891468 0.822648 0.023016 0.023744
0 0.268353 0.180913 0.020437 0.023927
0 0.195437 0.085023 0.023810 0.020639
0 0.664484 0.108676 0.024206 0.017900
0 0.865675 0.607671 0.023810 0.023014
0 0.667956 0.563653 0.022024 0.022648
0 0.097024 0.770228 0.023016 0.023379
0 0.270536 0.903014 0.022024 0.022648
0 0.321329 0.700913 0.022421 0.021005
0 0.958730 0.111507 0.023413 0.020639
0 0.936409 0.314977 0.021627 0.021735
0 0.545635 0.544110 0.024603 0.024475
0 0.123909 0.700183 0.022817 0.023927
0 0.388988 0.286301 0.021230 0.019543
0 0.669742 0.768676 0.022024 0.021370
0 0.888988 0.314886 0.024802 0.019726
0 0.540972 0.414612 0.024008 0.023744
0 0.813690 0.566758 0.023413 0.017900
0 0.241468 0.270868 0.020635 0.025571
0 0.809623 0.221918 0.024405 0.022648
0 0.371131 0.818265 0.025992 0.024110
0 0.590972 0.198813 0.022024 0.023927
0 0.566270 0.058174 0.021429 0.018813
0 0.071230 0.879087 0.024206 0.022283
0 0.418849 0.607671 0.023413 0.022648
0 0.096925 0.814703 0.021230 0.021735
0 0.591865 0.223653 0.022222 0.023562
0 0.148313 0.922466 0.022024 0.020639
0 0.325000 0.949863 0.020635 0.021735
0 0.341369 0.110776 0.021230 0.017717
0 0.146230 0.335890 0.025000 0.022648
0 0.374702 0.957078 0.025595 0.018995
0 0.121329 0.178174 0.021627 0.022831
0 0.196825 0.904018 0.022619 0.019909
0 0.643948 0.723562 0.024405 0.019909
0 0.491964 0.472694 0.023611 0.020091
0 0.095337 0.316347 0.020833 0.024840
0 0.486409 0.176986 0.022421 0.018995
0 0.787798 0.455251 0.020833 0.016256
0 0.418651 0.539817 0.022619 0.018813
0 0.170536 0.317443 0.021627 0.024110
0 0.267361 0.067671 0.023214 0.026119
0 0.670933 0.956621 0.020437 0.018082
0 0.741964 0.569954 0.019643 0.023562
0 0.667857 0.659361 0.021825 0.020822
0 0.068452 0.544292 0.022619 0.024110
0 0.348810 0.925753 0.022222 0.021370
0 0.268452 0.675525 0.022222 0.023196
0 0.220139 0.019269 0.022421 0.022466
0 0.217758 0.383379 0.024008 0.020091
0 0.789187 0.636256 0.024008 0.022831
0 0.272421 0.973151 0.023413 0.021918
0 0.618552 0.520000 0.020833 0.024475
0 0.595536 0.611324 0.020437 0.020091
0 0.167262 0.092511 0.022619 0.023196
0 0.069246 0.366941 0.021825 0.020822
0 0.892163 0.919178 0.023214 0.024658
0 0.663492 0.152877 0.021429 0.021187
0 0.760119 0.225297 0.022222 0.024292
0 0.173313 0.901461 0.022421 0.019543
0 0.268552 0.699269 0.023214 0.024292
0 0.939484 0.890502 0.026587 0.022466
0 0.269841 0.722283 0.025397 0.021370
0 0.097222 0.881918 0.022619 0.019543
0 0.490774 0.427671 0.024802 0.021735
0 0.619246 0.787397 0.022222 0.017900
0 0.415575 0.317260 0.023611 0.021918
0 0.690873 0.432055 0.019841 0.016621
0 0.544345 0.678174 0.022421 0.025571
0 0.618452 0.834064 0.020635 0.021735
0 0.615774 0.020639 0.023611 0.030320
0 0.072024 0.316438 0.026190 0.025023
0 0.639980 0.156073 0.024008 0.024292
0 0.720238 0.808676 0.021429 0.019543
0 0.688889 0.152785 0.023016 0.018447
0 0.545833 0.613881 0.025397 0.023014
0 0.721925 0.947945 0.022817 0.024475
0 0.934425 0.040365 0.019643 0.022648
0 0.119742 0.340457 0.020040 0.020822
0 0.416964 0.470868 0.020833 0.020457
0 0.788194 0.836073 0.021627 0.025753
0 0.934226 0.202100 0.021230 0.024292
0 0.070437 0.292055 0.022619 0.021187
0 0.366369 0.065023 0.024405 0.018630
0 0.072917 0.927580 0.018452 0.024658
0 0.392560 0.590776 0.020437 0.018447
0 0.644841 0.770868 0.021032 0.023562
0 0.761508 0.332511 0.021825 0.023196
0 0.646329 0.975616 0.022421 0.021005
0 0.689683 0.197443 0.022222 0.025205
0 0.374306 0.976712 0.026389 0.020274
0 0.246925 0.951416 0.023611 0.019361
0 0.343155 0.314977 0.022421 0.020274
0 0.148313 0.677443 0.020437 0.021187
0 0.910714 0.224384 0.022619 0.020274
0 0.642659 0.518356 0.024206 0.021553
0 0.717063 0.472694 0.023016 0.021187
0 0.096528 0.584018 0.022421 0.019909
0 0.292659 0.269954 0.022619 0.024475
0 0.692659 0.540183 0.021032 0.020274
0 0.464980 0.452694 0.023214 0.018813
0 0.808730 0.021279 0.021032 0.026849
0 0.241567 0.423744 0.023611 0.018995
0 0.644048 0.702648 0.025397 0.020091
0 0.521627 0.974429 0.023810 0.022648
0 0.121230 0.084840 0.024206 0.024292
0 0.067361 0.177808 0.022024 0.019909
0 0.295635 0.562283 0.022619 0.022466
0 0.596925 0.832877 0.021627 0.023744
0 0.217758 0.563836 0.021627 0.020457
0 0.865179 0.838904 0.021230 0.019361
0 0.913194 0.872511 0.018849 0.023744
0 0.545734 0.634521 0.023611 0.017900
0 0.367857 0.563927 0.024603 0.017717
0 0.147619 0.812329 0.019048 0.019909
0 0.217956 0.471142 0.024405 0.020274
0 0.619147 0.701279 0.020040 0.021370
0 0.617659 0.363014 0.023016 0.022466
0 0.389980 0.330411 0.023214 0.023744
0 0.834524 0.091781 0.026190 0.025753
0 0.365079 0.086210 0.020238 0.021918
0 0.194544 0.062466 0.025198 0.020457
0 0.343353 0.452511 0.022024 0.023562
0 0.121131 0.608402 0.024008 0.017534
0 0.815873 0.972694 0.021429 0.023927
0 0.544544 0.700639 0.023214 0.018265
0 0.718353 0.615434 0.022024 0.022466
0 0.193750 0.337443 0.024405 0.018813
0 0.861508 0.224384 0.021032 0.023196
0 0.465278 0.380000 0.022619 0.024658
0 0.791071 0.681644 0.026190 0.025205
0 0.570635 0.589041 0.023016 0.023014
0 0.096329 0.426849 0.021230 0.024110
0 0.192460 0.358630 0.024206 0.022831
0 0.492262 0.313333 0.022222 0.021735
0 0.598710 0.930959 0.022817 0.021187
0 0.784226 0.201005 0.023214 0.022466
0 0.098313 0.974429 0.022024 0.020091
0 0.242560 0.402648 0.024802 0.018447
0 0.148214 0.724658 0.019841 0.023196
0 0.742956 0.818721 0.020437 0.025753
0 0.761210 0.132511 0.020040 0.021370
0 0.316171 0.130594 0.022817 0.024840
0 0.299306 0.951598 0.022817 0.022648
0 0.171528 0.721918 0.022817 0.021005
0 0.693254 0.518174 0.022222 0.023014
0 0.369742 0.701553 0.022817 0.019726
0 0.068155 0.110868 0.023214 0.026667
0 0.614484 0.064749 0.023810 0.020274
0 0.367163 0.428676 0.021627 0.018630
0 0.122321 0.769041 0.020833 0.023196
0 0.093849 0.156530 0.023413 0.024110
0 0.094841 0.364384 0.023810 0.020091
0 0.595040 0.682466 0.021032 0.017717
0 0.145040 0.176895 0.025794 0.018082
0 0.546726 0.880183 0.024802 0.019726
0 0.570635 0.519817 0.023810 0.024110
0 0.120337 0.363744 0.022421 0.023196
0 0.644048 0.951963 0.023810 0.020822
0 0.445139 0.842009 0.026389 0.024110
0 0.122421 0.296621 0.020635 0.019361
0 0.367163 0.311781 0.022817 0.017900
0 0.317163 0.404749 0.023611 0.023379
0 0.221329 0.929315 0.021627 0.023379
0 0.269940 0.788493 0.020437 0.017534
0 0.519444 0.520822 0.023810 0.023196
0 0.345635 0.518082 0.019048 0.021005
0 0.395635 0.724658 0.025794 0.019909
0 0.715972 0.387580 0.022421 0.024840
0 0.743651 0.634703 0.023016 0.021187
0 0.692857 0.471689 0.024603 0.021370
0 0.618552 0.882557 0.022817 0.021918
0 0.888988 0.358265 0.023214 0.018813
0 0.219643 0.134521 0.023016 0.021370
0 0.466567 0.472055 0.027183 0.019178
0 0.885516 0.017991 0.021825 0.023562
0 0.837202 0.017991 0.025992 0.024292
0 0.572619 0.863379 0.022619 0.021553
0 0.643552 0.560913 0.022421 0.021918
0 0.070337 0.342283 0.024008 0.024840
0 0.370337 0.882557 0.018056 0.018265
0 0.721230 0.875251 0.026984 0.017169
0 0.321329 0.788858 0.023611 0.023014
0 0.571230 0.793790 0.023810 0.020822
0 0.121925 0.429406 0.022421 0.022283
0 0.419444 0.723836 0.022222 0.024475
0 0.937996 0.362831 0.022817 0.022466
0 0.861210 0.064384 0.024802 0.017717
0 0.292262 0.450685 0.021429 0.022831
0 0.888492 0.405753 0.020635 0.024292
0 0.866766 0.815525 0.022421 0.025205
0 0.620536 0.927945 0.021230 0.022831
0 0.670238 0.725845 0.022619 0.018995
0 0.784325 0.113607 0.022619 0.022648
0 0.812004 0.348950 0.022024 0.029406
0 0.939583 0.932877 0.022421 0.019543
0 0.940377 0.912146 0.024405 0.018630
0 0.487401 0.155251 0.025992 0.023379
0 0.642560 0.540457 0.022421 0.019361
0 0.817956 0.813425 0.024802 0.018813
0 0.488095 0.086119 0.024206 0.024292
0 0.370238 0.862557 0.017857 0.018813
0 0.491567 0.681187 0.023611 0.019909
0 0.763591 0.518630 0.021627 0.022100
0 0.893155 0.972237 0.021230 0.024840
0 0.692460 0.587671 0.021032 0.018447
0 0.541766 0.478265 0.023611 0.024292
0 0.416369 0.361279 0.021230 0.021553
0 0.571032 0.816895 0.024603 0.025753
0 0.248710 0.973699 0.023611 0.024110
0 0.614583 0.087032 0.022421 0.020274
0 0.173413 0.921644 0.020635 0.018995
0 0.095635 0.017900 0.023016 0.021918
0 0.422222 0.886027 0.022222 0.021553
0 0.619345 0.723379 0.022421 0.020639
0 0.071627 0.428767 0.025794 0.021005
0 0.743254 0.447032 0.023413 0.022466
0 0.045734 0.429132 0.020040 0.021735
0 0.440873 0.339543 0.023810 0.021553
0 0.043452 0.338082 0.025000 0.020822
0 0.340873 0.015708 0.023016 0.023379
0 0.540675 0.390411 0.024603 0.021735
0 0.440476 0.451324 0.020635 0.017900
0 0.122619 0.628584 0.021429 0.019909
0 0.170635 0.676621 0.021032 0.018082
0 0.835317 0.157717 0.021429 0.016621
0 0.912302 0.588584 0.026190 0.018082
0 0.194444 0.700457 0.020635 0.022648
0 0.268849 0.518265 0.022222 0.020639
0 0.837302 0.340457 0.026984 0.020091
0 0.266865 0.020822 0.021032 0.027032
0 0.744643 0.844292 0.022619 0.022466
0 0.342361 0.363014 0.022817 0.026119
0 0.616865 0.476438 0.023810 0.018447
0 0.815278 0.636256 0.022619 0.022831
0 0.461706 0.135525 0.021429 0.023379
0 0.888988 0.610594 0.022024 0.026301
0 0.665179 0.271872 0.023214 0.021370
0 0.466667 0.290959 0.024206 0.017169
0 0.069544 0.855525 0.022024 0.018995
0 0.146032 0.359817 0.023016 0.020822
0 0.761905 0.288767 0.020238 0.020091
0 0.244345 0.179452 0.024008 0.023927
0 0.245337 0.156073 0.024405 0.021735
0 0.096627 0.271963 0.021032 0.023744
0 0.195139 0.723836 0.026389 0.024110
0 0.071825 0.635890 0.026587 0.019543
0 0.841468 0.952968 0.023016 0.020639
0 0.343353 0.387123 0.022421 0.025388
0 0.122718 0.918539 0.020437 0.023014
0 0.885714 0.133425 0.025794 0.017352
0 0.341567 0.039817 0.022817 0.023014
0 0.812698 0.373516 0.021429 0.023014
0 0.219544 0.724566 0.020833 0.025205
0 0.936310 0.293059 0.020238 0.020274
0 0.465476 0.356621 0.021032 0.021005
0 0.465377 0.584749 0.023214 0.021735
0 0.219643 0.881279 0.021429 0.024110
0 0.591667 0.453516 0.023413 0.021553
0 0.861012 0.134795 0.023214 0.021187
0 0.421032 0.914064 0.019841 0.027945
0 0.042956 0.383105 0.024008 0.020274
0 0.097222 0.700822 0.020635 0.018995
0 0.764881 0.610959 0.023413 0.024475
0 0.914286 0.659269 0.023810 0.024658
0 0.736806 0.174064 0.019246 0.025571
0 0.541667 0.268402 0.021429 0.022831
0 0.840774 0.700091 0.024008 0.022283
0 0.121627 0.318265 0.025000 0.023927
0 0.788889 0.791689 0.022619 0.021370
0 0.513294 0.205936 0.027381 0.019909
0 0.594345 0.658174 0.021230 0.028311
0 0.242262 0.634703 0.021825 0.018995
0 0.812798 0.411872 0.024802 0.024110
0 0.812996 0.458265 0.023611 0.021187
0 0.323909 0.974338 0.021627 0.021005
0 0.516369 0.448128 0.024405 0.023196
0 0.442361 0.726119 0.023611 0.024292
0 0.664881 0.410959 0.023016 0.021553
0 0.242659 0.724932 0.023810 0.020822
0 0.437599 0.200731 0.024405 0.020091
0 0.689484 0.017900 0.024206 0.025205
0 0.933036 0.064018 0.024802 0.017352
0 0.741667 0.795251 0.021429 0.020822
0 0.120139 0.199909 0.023214 0.021370
0 0.746032 0.913699 0.019444 0.022466
0 0.416964 0.450046 0.024008 0.020091
0 0.267758 0.357626 0.025992 0.018630
0 0.122619 0.819452 0.026587 0.018813
0 0.217163 0.223927 0.021230 0.018265
0 0.152480 0.975890 0.024008 0.018995
0 0.866567 0.884201 0.024802 0.025936
0 0.195635 0.835342 0.020635 0.022466
0 0.317460 0.362009 0.024206 0.023379
0 0.643750 0.835068 0.020437 0.022283
0 0.864484 0.429680 0.019841 0.019909
0 0.437103 0.223653 0.023016 0.026119
0 0.760813 0.154064 0.022421 0.021005
0 0.892956 0.946301 0.022421 0.024110
0 0.596131 0.632877 0.022024 0.020091
0 0.169742 0.635616 0.020437 0.023379
0 0.041766 0.449954 0.026786 0.019909
0 0.217956 0.608584 0.022024 0.020457
0 0.622718 0.973516 0.021230 0.020822
0 0.591964 0.474155 0.023611 0.022648
0 0.786310 0.372877 0.023413 0.023562
0 0.123710 0.955525 0.020437 0.020274
0 0.594940 0.564658 0.022024 0.021370
0 0.865079 0.449589 0.021032 0.018447
0 0.070040 0.589406 0.026190 0.021918
0 0.491270 0.269315 0.024603 0.021370
0 0.693452 0.633790 0.021825 0.024475
0 0.746429 0.935982 0.020635 0.021005
0 0.866766 0.768767 0.021627 0.020822
0 0.718452 0.589498 0.022619 0.025388
0 0.144544 0.199178 0.023611 0.021735
0 0.367857 0.518447 0.021825 0.024658
0 0.842758 0.724018 0.027183 0.025205
0 0.098214 0.950046 0.023810 0.022831
0 0.493651 0.885936 0.026984 0.018813
0 0.069742 0.613516 0.022421 0.025571
0 0.595933 0.790320 0.019246 0.018265
0 0.718155 0.638174 0.024405 0.020822
0 0.518651 0.701826 0.022222 0.018082
0 0.840774 0.975799 0.023611 0.021735
0 0.512599 0.187580 0.022817 0.020091
0 0.513492 0.224840 0.023016 0.024475
0 0.933532 0.110502 0.023413 0.024110
0 0.839683 0.591050 0.024206 0.023744
0 0.145833 0.609680 0.021032 0.018995
0 0.792361 0.974795 0.020437 0.020091
0 0.817758 0.768584 0.025595 0.023014
0 0.620734 0.951050 0.021230 0.023379
0 0.268254 0.106575 0.024206 0.020274
0 0.641369 0.268402 0.022421 0.019909
0 0.933829 0.132055 0.022421 0.020091
0 0.644841 0.904840 0.021429 0.022283
0 0.170337 0.698447 0.021627 0.021553
0 0.491171 0.449863 0.023214 0.021187
0 0.891468 0.871507 0.021032 0.021005
0 0.789583 0.769406 0.025992 0.022831
0 0.243155 0.201187 0.022024 0.016986
0 0.695040 0.676895 0.023413 0.018265
0 0.640675 0.412694 0.021032 0.023927
0 0.217560 0.544840 0.020040 0.016438
0 0.544643 0.519178 0.019841 0.023196
0 0.789385 0.613425 0.024405 0.023562
0 0.195437 0.812511 0.021429 0.024292
0 0.266567 0.337534 0.024008 0.020822
0 0.737698 0.093516 0.024206 0.023379
0 0.866071 0.791142 0.025000 0.022100
0 0.421825 0.977717 0.019048 0.020822
0 0.070833 0.901826 0.023413 0.024292
0 0.470536 0.952511 0.024008 0.020457
0 0.241667 0.542374 0.021429 0.019178
0 0.546528 0.947763 0.020437 0.020822
0 0.784921 0.016895 0.021429 0.023927
0 0.414683 0.270685 0.023016 0.020091
0 0.565278 0.080000 0.022222 0.023744
0 0.167758 0.202192 0.024008 0.023014
0 0.219841 0.109589 0.023016 0.025571
0 0.345734 0.557717 0.022421 0.017717
0 0.842659 0.787763 0.022619 0.019361
0 0.815377 0.658539 0.025198 0.019909
0 0.514683 0.268037 0.021032 0.022466
0 0.764881 0.702922 0.023016 0.019909
0 0.961012 0.152420 0.022817 0.022100
0 0.418155 0.518174 0.022421 0.020822
0 0.516369 0.471598 0.024802 0.018995
0 0.740972 0.544292 0.020437 0.023014
0 0.393750 0.655160 0.020437 0.018265
0 0.717460 0.702648 0.023413 0.020091
0 0.541171 0.196438 0.024802 0.019178
0 0.217758 0.204384 0.019246 0.019726
0 0.765079 0.449224 0.022222 0.022831
0 0.122123 0.519726 0.022421 0.021735
0 0.742361 0.592511 0.022024 0.021553
0 0.519444 0.591233 0.020635 0.019726
0 0.666667 0.368037 0.021429 0.018995
0 0.763889 0.471598 0.019841 0.020822
0 0.571726 0.565479 0.023214 0.022648
0 0.244444 0.112603 0.020635 0.023927
0 0.144048 0.590868 0.020635 0.018630
0 0.938988 0.820274 0.022024 0.025205
0 0.887401 0.449954 0.019246 0.015160
0 0.761111 0.268676 0.020635 0.017900
0 0.789484 0.857991 0.024603 0.018447
0 0.664385 0.043379 0.024405 0.023927
0 0.761508 0.110320 0.020635 0.018995
0 0.619345 0.544110 0.022421 0.021918
0 0.885218 0.066027 0.022817 0.023927
0 0.097917 0.792603 0.022024 0.021370
0 0.218056 0.449954 0.023413 0.019543
0 0.834127 0.139909 0.021032 0.020822
0 0.243552 0.674886 0.022421 0.021918
0 0.166964 0.517717 0.018849 0.022100
0 0.244345 0.017991 0.022817 0.025023
0 0.912599 0.454155 0.022817 0.022466
0 0.491667 0.638356 0.021825 0.023379
0 0.444048 0.767763 0.021825 0.022831
0 0.144940 0.473607 0.021230 0.022648
0 0.444742 0.927671 0.023611 0.025936
0 0.349405 0.904749 0.024206 0.016986
0 0.219048 0.789863 0.021825 0.022100
0 0.714286 0.314338 0.023810 0.021553
0 0.695536 0.811050 0.025198 0.015890
0 0.590774 0.039909 0.023214 0.021370
0 0.741865 0.700913 0.020635 0.021005
0 0.665873 0.390228 0.024603 0.022831
0 0.149306 0.653699 0.023611 0.022648
0 0.044246 0.271781 0.025000 0.023014
0 0.937500 0.385845 0.021825 0.022100
0 0.688690 0.043105 0.023413 0.022648
0 0.144643 0.047580 0.020635 0.026119
0 0.864484 0.543105 0.019841 0.019178
0 0.640377 0.432785 0.024008 0.016621
0 0.120437 0.384475 0.022222 0.020822
0 0.741468 0.725571 0.024206 0.023562
0 0.836607 0.361553 0.021627 0.020274
0 0.042857 0.109954 0.023016 0.020457
0 0.225298 0.951598 0.021627 0.020091
0 0.439980 0.359817 0.023611 0.018995
0 0.596528 0.973790 0.020833 0.022466
0 0.122024 0.471963 0.023413 0.019361
0 0.842659 0.767123 0.020635 0.017534
0 0.418948 0.700365 0.024405 0.018447
0 0.961210 0.222648 0.023611 0.021553
0 0.914683 0.924384 0.020238 0.026667
0 0.440377 0.518082 0.021230 0.021735
0 0.268155 0.265753 0.025198 0.018995
0 0.391071 0.307945 0.025397 0.018265
0 0.096726 0.403744 0.023214 0.020274
0 0.366567 0.359178 0.022024 0.021005
0 0.816567 0.854064 0.023611 0.015342
0 0.218750 0.698995 0.022421 0.020457
0 0.217361 0.632420 0.024802 0.017352
0 0.644841 0.880822 0.021825 0.025023
0 0.867659 0.930502 0.023016 0.018447
0 0.961607 0.176164 0.027579 0.022831
0 0.468750 0.767671 0.021230 0.030320
0 0.842361 0.812694 0.024405 0.028311
0 0.520040 0.906484 0.024206 0.017169
0 0.887401 0.587397 0.020437 0.020091
0 0.892262 0.893607 0.022619 0.023927
0 0.746925 0.890868 0.022024 0.021735
0 0.193651 0.560822 0.025794 0.018447
0 0.346528 0.724932 0.021627 0.023379
0 0.787302 0.412785 0.021429 0.018995
0 0.888194 0.635068 0.020040 0.020091
0 0.389980 0.380639 0.020437 0.020091
0 0.316865 0.340913 0.021825 0.017717
0 0.221230 0.040183 0.024603 0.017169
0 0.515774 0.359269 0.021230 0.019361
0 0.913690 0.365936 0.025000 0.025388
0 0.645040 0.811050 0.019841 0.018813
0 0.618353 0.606849 0.020833 0.019909
0 0.121627 0.063744 0.025794 0.018995
0 0.619345 0.563288 0.024008 0.016438
0 0.096825 0.721370 0.021032 0.022466
0 0.670238 0.705936 0.022222 0.019726
0 0.544643 0.768402 0.026190 0.018265
0 0.389087 0.200639 0.021429 0.021735
0 0.097421 0.861096 0.021429 0.023196
0 0.097520 0.294521 0.020040 0.018813
0 0.489683 0.404566 0.025000 0.022283
0 0.419246 0.841005 0.022222 0.015525
0 0.866865 0.722740 0.023413 0.025205
0 0.617361 0.629224 0.020040 0.020457
0 0.712103 0.061370 0.023016 0.030685
0 0.769940 0.941279 0.021627 0.022831
0 0.760714 0.087397 0.020635 0.021370
0 0.736706 0.221644 0.022619 0.020274
0 0.963194 0.366393 0.024405 0.023744
0 0.488492 0.723562 0.021429 0.021735
0 0.172222 0.767945 0.021032 0.018813
0 0.218452 0.836073 0.019444 0.020274
0 0.165179 0.541553 0.018452 0.018630
0 0.041667 0.789224 0.023016 0.024475
0 0.241667 0.381370 0.019444 0.020091
0 0.437004 0.085479 0.024405 0.017900
0 0.595238 0.701553 0.019444 0.022283
0 0.572917 0.841187 0.023611 0.024292
0 0.639782 0.473607 0.018849 0.019726
0 0.044345 0.224749 0.025595 0.026484
0 0.292956 0.471872 0.020833 0.019178
0 0.864286 0.584658 0.023413 0.018630
0 0.095933 0.383379 0.024802 0.016438
0 0.291766 0.039909 0.024802 0.021005
0 0.217857 0.655342 0.023413 0.025571
0 0.542163 0.436438 0.020833 0.021005
0 0.491865 0.613425 0.021032 0.026119
0 0.515675 0.402557 0.023016 0.021553
0 0.762897 0.541735 0.023413 0.017900
0 0.961508 0.198721 0.023016 0.023014
0 0.148611 0.767763 0.021825 0.021005
0 0.123115 0.937626 0.018452 0.016256
0 0.291865 0.063014 0.021429 0.026667
0 0.463889 0.539178 0.022619 0.015708
0 0.070635 0.566941 0.022222 0.019361
0 0.714286 0.269041 0.021032 0.019726
0 0.095734 0.542100 0.019643 0.021187
0 0.436706 0.016895 0.023016 0.022831
0 0.866071 0.700457 0.023810 0.017534
0 0.472421 0.976164 0.026190 0.019543
0 0.442857 0.678813 0.020635 0.020274
0 0.762103 0.017900 0.023413 0.024110
0 0.761310 0.403196 0.019048 0.018447
0 0.045437 0.292694 0.017857 0.018082
0 0.916567 0.948767 0.023611 0.021005
0 0.071329 0.657626 0.022817 0.022100
0 0.293651 0.385297 0.023413 0.018082
0 0.344147 0.473790 0.024008 0.019361
0 0.910119 0.161553 0.020635 0.022466
0 0.067560 0.157626 0.019643 0.017169
0 0.466270 0.334977 0.021825 0.018630
0 0.164980 0.562648 0.019246 0.019178
0 0.863988 0.564201 0.020040 0.020457
0 0.937103 0.425571 0.025000 0.017534
0 0.714980 0.433242 0.021627 0.020457
0 0.813294 0.476895 0.023016 0.016804
0 0.962798 0.297900 0.024802 0.023744
0 0.267063 0.044749 0.023810 0.021553
0 0.790476 0.878995 0.023016 0.023927
0 0.347222 0.973699 0.021825 0.023014
0 0.937798 0.406301 0.022817 0.012603
0 0.742659 0.613425 0.021032 0.019543
0 0.067560 0.136347 0.023214 0.025753
0 0.494841 0.767945 0.023413 0.019178
0 0.693651 0.904566 0.023810 0.015525
0 0.640377 0.130776 0.022817 0.023379
0 0.810714 0.154338 0.025397 0.017169
0 0.764484 0.724384 0.021429 0.023379
0 0.769544 0.982740 0.022024 0.023927
0 0.390278 0.449224 0.020635 0.019543
0 0.043056 0.360183 0.021825 0.022648
0 0.145833 0.518721 0.021032 0.023379
0 0.365774 0.291416 0.019246 0.017352
0 0.840972 0.657717 0.024405 0.016438
0 0.191865 0.543014 0.025000 0.016073
0 0.963095 0.342922 0.025794 0.023562
0 0.517262 0.335799 0.021032 0.018813
0 0.959921 0.272785 0.021032 0.027215
0 0.343353 0.337717 0.022817 0.021918
0 0.746429 0.955708 0.022222 0.015525
0 0.741270 0.518995 0.018254 0.025753
0 0.789087 0.703196 0.022619 0.018995
0 0.292262 0.342648 0.020635 0.018630
0 0.570040 0.610868 0.019841 0.018813
0 0.767758 0.869315 0.020437 0.020274
0 0.294246 0.086393 0.025794 0.023744
0 0.043750 0.546210 0.019643 0.026849
0 0.493948 0.660000 0.024405 0.022100
0 0.809325 0.134795 0.021032 0.019361
0 0.294048 0.363288 0.022619 0.023744
0 0.514286 0.069315 0.024206 0.028676
0 0.497123 0.956986 0.023214 0.023562
0 0.200893 0.974338 0.020040 0.019178
0 0.959623 0.020457 0.027183 0.028493
0 0.590476 0.081735 0.024603 0.015890
0 0.914385 0.473881 0.021230 0.017717
0 0.220933 0.905753 0.020833 0.024110
0 0.461806 0.518813 0.018452 0.021735
0 0.911210 0.017808 0.020833 0.024292
0 0.960020 0.405205 0.021230 0.026119
0 0.786012 0.348037 0.022421 0.017717
0 0.941667 0.976073 0.023016 0.027032
0 0.591667 0.434247 0.021429 0.018447
0 0.810417 0.394338 0.020437 0.018995
0 0.170238 0.339909 0.022222 0.021553
0 0.713095 0.037991 0.022222 0.013151
0 0.959722 0.088858 0.024603 0.022831
0 0.574206 0.903562 0.021825 0.022648
0 0.961409 0.319817 0.021230 0.021553
0 0.422321 0.937169 0.018056 0.017169
0 0.640377 0.108676 0.022421 0.020457
0 0.889683 0.656164 0.021825 0.023196
0 0.169544 0.879635 0.018452 0.019361
0 0.768155 0.891781 0.020040 0.022100
0 0.218849 0.767854 0.017857 0.018630
0 0.764782 0.678904 0.024802 0.027032
0 0.565774 0.449954 0.018849 0.019543
0 0.487996 0.056530 0.026786 0.033790
0 0.712698 0.153516 0.022619 0.024292
0 0.640179 0.087945 0.020833 0.018082
0 0.244246 0.040457 0.022222 0.019909
0 0.745337 0.868402 0.022024 0.022466
0 0.739484 0.309863 0.018651 0.016621
0 0.816071 0.701187 0.021825 0.021553
0 0.097024 0.518995 0.026190 0.022831
0 0.910218 0.066575 0.022421 0.019543
0 0.423810 0.956256 0.020635 0.021735
0 0.816270 0.679178 0.021429 0.022466
0 0.241667 0.905114 0.019048 0.018813
0 0.268651 0.088584 0.021429 0.016438
0 0.514782 0.381187 0.018849 0.019726
0 0.221230 0.343562 0.027778 0.025205
0 0.962302 0.471416 0.020238 0.020457
0 0.935119 0.014247 0.022222 0.021187
0 0.226587 0.974521 0.023413 0.024658
0 0.492956 0.336712 0.020437 0.019909
0 0.219345 0.678265 0.020833 0.017717
0 0.420238 0.682466 0.022619 0.024292
0 0.243452 0.520000 0.024603 0.020091
0 0.467262 0.722557 0.021032 0.020091
0 0.442758 0.634612 0.022024 0.021005
0 0.398611 0.977443 0.020635 0.019178
0 0.836706 0.265297 0.024206 0.015525
0 0.042560 0.653151 0.020040 0.020091
0 0.690377 0.316621 0.020833 0.016256
0 0.412599 0.017991 0.021230 0.021735
0 0.072718 0.954338 0.018056 0.022283
0 0.861905 0.019726 0.021429 0.025205
0 0.445833 0.978539 0.023413 0.018447
0 0.745437 0.974429 0.019048 0.021918
0 0.400198 0.957443 0.022619 0.022283
0 0.887401 0.703470 0.021230 0.021370
0 0.317460 0.383014 0.021429 0.017900
0 0.912599 0.341918 0.023214 0.018995
0 0.713492 0.084018 0.023413 0.014247
0 0.765377 0.845662 0.018056 0.023744
0 0.489980 0.518447 0.021230 0.023562
0 0.868353 0.950594 0.024405 0.020274
0 0.419544 0.658630 0.022024 0.022648
0 0.170238 0.656895 0.018254 0.020639
0 0.935317 0.447854 0.019444 0.021553
0 0.496825 0.977717 0.018651 0.018630
0 0.866369 0.633607 0.022421 0.023744
0 0.737500 0.150868 0.023810 0.016073
0 0.043948 0.088493 0.020437 0.021005
0 0.964484 0.974977 0.021825 0.021553
0 0.366667 0.334429 0.022222 0.016804
0 0.788095 0.722831 0.020635 0.019178
0 0.492758 0.357626 0.020437 0.018995
0 0.043651 0.128767 0.023810 0.017534
0 0.865873 0.655068 0.023016 0.020274
0 0.574107 0.885023 0.022817 0.018447
0 0.220437 0.084566 0.023016 0.019361
0 0.737897 0.112511 0.024206 0.012420
0 0.446032 0.957900 0.024603 0.021370
0 0.961508 0.429315 0.020635 0.020274
0 0.043452 0.067032 0.023413 0.025571
0 0.467361 0.631963 0.020437 0.024110
0 0.735020 0.199269 0.020040 0.015708
0 0.219345 0.857443 0.020040 0.022831
0 0.217857 0.363196 0.023016 0.019543
0 0.743651 0.675342 0.022619 0.032694
0 0.046329 0.406210 0.018849 0.020091
0 0.914087 0.799817 0.021032 0.018630
0 0.467163 0.680548 0.019246 0.018630
0 0.241964 0.358539 0.022817 0.017900
0 0.962599 0.450685 0.022024 0.019909
0 0.487004 0.045205 0.022024 0.018082
0 0.615079 0.043105 0.021429 0.017169
0 0.961508 0.955160 0.019444 0.017352
0 0.962202 0.383562 0.020437 0.013881
0 0.743155 0.653333 0.020040 0.016438
0 0.963790 0.839817 0.020833 0.019726
0 0.442956 0.884932 0.017659 0.015342
0 0.738889 0.351507 0.022222 0.025388
0 0.043849 0.633973 0.021429 0.017169
0 0.891468 0.800639 0.023016 0.014795
0 0.739187 0.330411 0.020437 0.018630
0 0.956349 0.066027 0.018254 0.020639
0 0.889385 0.678539 0.024008 0.019361
0 0.440774 0.611507 0.018452 0.017169
0 0.940079 0.952877 0.021429 0.020822
0 0.468155 0.658904 0.024405 0.022831
0 0.735714 0.266575 0.019841 0.017717
0 0.245238 0.090411 0.023413 0.020457
0 0.936508 0.549772 0.020238 0.025571
0 0.243353 0.337443 0.021230 0.016621
0 0.939980 0.633151 0.022421 0.019543
0 0.045734 0.570959 0.017659 0.021553
0 0.072619 0.975616 0.017857 0.018447
0 0.286706 0.018356 0.015873 0.017717
0 0.939583 0.659452 0.027579 0.025388
0 0.042460 0.522100 0.019048 0.018813
0 0.462401 0.166484 0.020833 0.011507
0 0.961508 0.935342 0.017857 0.020457
0 0.771032 0.961187 0.021429 0.021735
0 0.244345 0.067123 0.022024 0.026849
0 0.442758 0.903014 0.019643 0.017534
0 0.963194 0.514977 0.019643 0.015890
0 0.042857 0.673881 0.018651 0.022466
0 0.069246 0.678174 0.024603 0.020457
0 0.042361 0.766849 0.022024 0.015160
0 0.961508 0.912968 0.018651 0.023562
