0 0.904840 0.060652 0.180418 0.103199
0 0.906766 0.178183 0.186469 0.107121
0 0.907316 0.290133 0.185369 0.095655
0 0.903465 0.384882 0.193069 0.104104
0 0.907316 0.501811 0.185369 0.113458
0 0.913091 0.610591 0.173817 0.101690
0 0.913091 0.717260 0.173817 0.103199
0 0.910341 0.828606 0.179318 0.084490
0 0.899890 0.943120 0.200220 0.096862
0 0.718372 0.057031 0.185919 0.085094
0 0.706546 0.175166 0.182068 0.084188
0 0.706821 0.593543 0.178218 0.132167
0 0.711496 0.714092 0.210671 0.096862
0 0.715897 0.813066 0.182068 0.092637
0 0.701045 0.944025 0.193069 0.102897
0 0.501925 0.062764 0.166667 0.092336
0 0.501925 0.197043 0.182068 0.117683
0 0.521727 0.306729 0.218372 0.099879
0 0.511276 0.413549 0.197470 0.088413
0 0.509626 0.506035 0.182068 0.094750
0 0.515127 0.617833 0.208471 0.128847
0 0.514301 0.732348 0.206821 0.103802
0 0.515127 0.843693 0.171067 0.093543
0 0.513201 0.941460 0.193619 0.074834
0 0.326733 0.065932 0.183718 0.102897
0 0.312431 0.178334 0.178218 0.105009
0 0.319582 0.290585 0.185919 0.117683
0 0.311331 0.411738 0.183718 0.099879
0 0.300880 0.533042 0.185919 0.115570
0 0.307206 0.729330 0.161166 0.101992
0 0.311056 0.828002 0.168867 0.091732
0 0.297030 0.940404 0.201320 0.093844
0 0.113861 0.060652 0.180418 0.109234
0 0.115787 0.168829 0.168867 0.101086
0 0.111111 0.278063 0.159516 0.125830
0 0.120737 0.393180 0.189769 0.106216
