0 0.702079 0.136728 0.103314 0.101828
0 0.574318 0.204439 0.095029 0.090688
0 0.139620 0.622541 0.089506 0.100783
0 0.848359 0.131506 0.111923 0.113664
0 0.731806 0.902959 0.102014 0.104265
0 0.408626 0.407746 0.108350 0.104613
0 0.715562 0.711488 0.114360 0.131419
0 0.720192 0.600783 0.091131 0.095909
0 0.856075 0.314970 0.091618 0.105309
0 0.584552 0.903394 0.100227 0.104787
0 0.146767 0.518103 0.097953 0.111227
0 0.576511 0.365013 0.097141 0.098520
0 0.584227 0.624891 0.094379 0.094343
0 0.584308 0.718190 0.097141 0.102698
0 0.405864 0.318016 0.084308 0.070322
0 0.850715 0.505309 0.111436 0.130200
0 0.274935 0.364491 0.080084 0.083551
0 0.273635 0.288077 0.081384 0.070322
0 0.403509 0.230722 0.095841 0.098695
0 0.144412 0.129156 0.089669 0.093995
0 0.578947 0.454569 0.087394 0.096258
0 0.410737 0.753699 0.093730 0.104439
0 0.281352 0.618799 0.091943 0.094691
0 0.721816 0.304874 0.087882 0.085466
0 0.398717 0.132724 0.092430 0.100783
0 0.581384 0.281549 0.077323 0.066667
0 0.272092 0.122367 0.089344 0.087032
0 0.270062 0.207572 0.077810 0.088947
0 0.853476 0.618799 0.095192 0.104787
0 0.578947 0.118451 0.087394 0.082332
0 0.721248 0.385553 0.074724 0.086684
0 0.582034 0.538816 0.090643 0.080940
0 0.138889 0.323673 0.096491 0.125152
0 0.270305 0.546649 0.090968 0.071192
0 0.274448 0.458921 0.083333 0.101828
0 0.279159 0.699391 0.079435 0.066841
0 0.144737 0.423238 0.087394 0.078503
0 0.849903 0.226284 0.094867 0.079373
0 0.401072 0.502611 0.089019 0.080244
0 0.141488 0.217406 0.090643 0.087032
0 0.854207 0.882681 0.103476 0.147258
0 0.418616 0.849173 0.087070 0.079896
0 0.710689 0.222019 0.094542 0.074674
0 0.429012 0.918625 0.075049 0.063534
0 0.140351 0.785553 0.067251 0.058834
0 0.285250 0.864404 0.091293 0.171976
0 0.140188 0.914708 0.074724 0.079373
0 0.854532 0.710618 0.085932 0.079896
0 0.583658 0.812794 0.091618 0.084073
0 0.719379 0.520017 0.077485 0.071540
0 0.143681 0.819582 0.111598 0.265100
0 0.137671 0.723151 0.072937 0.069800
0 0.720273 0.454917 0.082196 0.054134
0 0.721248 0.813055 0.086745 0.080070
0 0.021930 0.847694 0.043535 0.053264
0 0.139701 0.843777 0.075049 0.068755
0 0.407083 0.568494 0.048733 0.052219
0 0.404565 0.643603 0.098603 0.110879
0 0.282164 0.756136 0.048733 0.044560
0 0.858431 0.780157 0.051819 0.059878
0 0.859974 0.401044 0.048733 0.069626
0 0.606075 0.022367 0.030539 0.039164
0 0.579678 0.016971 0.026478 0.030461
0 0.577648 0.045257 0.024366 0.028198
0 0.554337 0.014795 0.026478 0.026110
0 0.551251 0.043081 0.028428 0.032550
