0 0.737372 0.151932 0.166867 0.103948
0 0.732111 0.257980 0.159351 0.110248
0 0.721587 0.372953 0.138304 0.125997
0 0.731359 0.487925 0.154841 0.103948
0 0.739627 0.596073 0.174384 0.112348
0 0.730607 0.714196 0.156344 0.119698
0 0.728352 0.840193 0.145821 0.130197
0 0.568250 0.146682 0.162357 0.093448
0 0.564492 0.250630 0.130788 0.091348
0 0.568250 0.369803 0.117258 0.111298
0 0.563740 0.483200 0.150331 0.130197
0 0.570505 0.611298 0.148827 0.094498
0 0.568250 0.730995 0.141311 0.113398
0 0.582532 0.845968 0.142814 0.106048
0 0.403638 0.149307 0.163860 0.107098
0 0.405893 0.260080 0.150331 0.110248
0 0.405141 0.386077 0.145821 0.131247
0 0.410403 0.500525 0.162357 0.091348
0 0.414161 0.621273 0.160854 0.120748
0 0.251804 0.144582 0.151834 0.103948
0 0.251804 0.261130 0.142814 0.120748
0 0.251804 0.381352 0.154841 0.104998
0 0.250301 0.501575 0.151834 0.110248
0 0.251052 0.624948 0.147324 0.111298
0 0.248046 0.738345 0.123271 0.086098
0 0.246542 0.852793 0.141311 0.104998
