0 0.802835 0.075443 0.130394 0.098825
0 0.792283 0.168049 0.118740 0.082239
0 0.791496 0.261460 0.105197 0.086616
0 0.799685 0.359479 0.145512 0.076710
0 0.804252 0.463142 0.124409 0.099747
0 0.795906 0.541120 0.125984 0.080166
0 0.792283 0.634416 0.124409 0.088920
0 0.796693 0.736351 0.136378 0.102050
0 0.791496 0.836789 0.129134 0.096522
0 0.793701 0.933886 0.145512 0.095370
0 0.661890 0.071642 0.136378 0.095370
0 0.662520 0.175766 0.143937 0.106427
0 0.659528 0.267911 0.114016 0.077862
0 0.663937 0.351877 0.125984 0.090071
0 0.665512 0.451163 0.134803 0.099747
0 0.658110 0.548837 0.120000 0.090993
0 0.651339 0.637641 0.109606 0.082469
0 0.664094 0.731974 0.131969 0.088689
0 0.656535 0.823543 0.104882 0.070030
0 0.661890 0.920065 0.124409 0.083391
0 0.534331 0.067726 0.118740 0.074637
0 0.530551 0.160447 0.116850 0.082239
0 0.537323 0.254780 0.124724 0.062658
0 0.534173 0.347270 0.118425 0.085464
0 0.528976 0.446786 0.116850 0.082239
0 0.538898 0.542732 0.106457 0.078784
0 0.533701 0.634877 0.120000 0.076941
0 0.539528 0.733587 0.117165 0.081318
0 0.529134 0.834485 0.098898 0.087768
0 0.531181 0.928358 0.112441 0.080166
0 0.414331 0.068878 0.106772 0.083391
0 0.408976 0.163787 0.120000 0.080166
0 0.413543 0.264110 0.125984 0.085464
0 0.411339 0.362244 0.127244 0.090993
0 0.412913 0.452776 0.118425 0.079014
0 0.411339 0.547109 0.130394 0.089841
0 0.415748 0.644206 0.133543 0.086846
0 0.412126 0.737964 0.120000 0.090071
0 0.409921 0.836213 0.127559 0.088920
0 0.405354 0.927206 0.109606 0.077862
0 0.292913 0.071642 0.130394 0.075559
0 0.299528 0.168625 0.122835 0.074637
0 0.289134 0.263649 0.122835 0.082239
0 0.295118 0.351877 0.129134 0.083161
0 0.286142 0.451739 0.116850 0.085695
0 0.293543 0.545496 0.110866 0.091223
0 0.289921 0.647431 0.127559 0.082239
0 0.291969 0.739691 0.125984 0.080166
0 0.288976 0.836674 0.108031 0.081087
0 0.289134 0.929394 0.122835 0.075789
0 0.172913 0.069454 0.109606 0.084543
0 0.170551 0.166551 0.116850 0.100898
0 0.170551 0.263534 0.108031 0.086616
0 0.175906 0.360631 0.124409 0.098825
0 0.175118 0.453928 0.125984 0.085464
0 0.169764 0.544921 0.106457 0.085464
0 0.165984 0.633840 0.102047 0.087768
0 0.172126 0.733011 0.123150 0.095370
0 0.172756 0.826883 0.112441 0.085464
0 0.168346 0.925478 0.106772 0.096522
