0 0.595114 0.040590 0.025156 0.022540
0 0.651975 0.296133 0.025780 0.027488
0 0.678690 0.109584 0.026819 0.023456
0 0.424324 0.778083 0.024948 0.024922
0 0.738150 0.979201 0.026819 0.026571
0 0.427859 0.724024 0.028690 0.025655
0 0.510915 0.223749 0.028898 0.028221
0 0.538254 0.389316 0.028274 0.028770
0 0.788150 0.086220 0.024948 0.026571
0 0.707277 0.846344 0.026611 0.022173
0 0.070894 0.802089 0.025364 0.024189
0 0.259148 0.612791 0.025988 0.026022
0 0.813514 0.386018 0.025780 0.024739
0 0.566632 0.826553 0.025572 0.022906
0 0.369854 0.611875 0.024948 0.024556
0 0.100936 0.478376 0.025572 0.022906
0 0.397297 0.640004 0.027443 0.026938
0 0.425988 0.911765 0.030769 0.024006
0 0.155821 0.614898 0.027235 0.025838
0 0.456445 0.866227 0.026819 0.021257
0 0.787422 0.846253 0.025988 0.021624
0 0.679626 0.271578 0.023285 0.027854
0 0.370998 0.568536 0.027651 0.022540
0 0.839605 0.385560 0.025156 0.025289
0 0.733888 0.041690 0.023285 0.024372
0 0.842723 0.615265 0.027651 0.026571
0 0.622869 0.318582 0.026611 0.025838
0 0.154990 0.889958 0.027651 0.021807
0 0.568087 0.658695 0.026403 0.022906
0 0.398960 0.612150 0.032432 0.027671
0 0.788150 0.822613 0.026195 0.026388
0 0.454470 0.595290 0.026195 0.025472
0 0.369647 0.387392 0.028274 0.019425
0 0.815281 0.065512 0.025156 0.025105
0 0.454262 0.799615 0.025780 0.021440
0 0.207173 0.778541 0.024324 0.024006
0 0.343659 0.296042 0.024532 0.023273
0 0.813929 0.409657 0.027859 0.022540
0 0.539917 0.865952 0.027443 0.020707
0 0.233264 0.638263 0.025780 0.023090
0 0.708316 0.065787 0.024948 0.027488
0 0.623493 0.658879 0.027859 0.022540
0 0.651040 0.155213 0.028067 0.019058
0 0.734407 0.065329 0.025572 0.022173
0 0.047297 0.615448 0.027235 0.020341
0 0.370582 0.636247 0.025988 0.025289
0 0.233160 0.293110 0.023909 0.021074
0 0.152703 0.822338 0.026403 0.024006
0 0.509979 0.477918 0.026611 0.022723
0 0.652079 0.225307 0.025572 0.029870
0 0.453846 0.821056 0.023285 0.021074
0 0.425676 0.820506 0.026819 0.019608
0 0.369335 0.454645 0.027651 0.024556
0 0.071310 0.122045 0.026195 0.023456
0 0.652703 0.041690 0.025988 0.025472
0 0.481809 0.981767 0.026819 0.026571
0 0.344075 0.913322 0.026195 0.023090
0 0.897193 0.225765 0.028482 0.020891
0 0.677443 0.611875 0.026819 0.026388
0 0.650312 0.090343 0.024532 0.026388
0 0.761227 0.065329 0.025572 0.022906
0 0.182225 0.321422 0.025572 0.024922
0 0.129626 0.729155 0.027651 0.023823
0 0.153119 0.343229 0.027235 0.024556
0 0.314553 0.865769 0.029938 0.022173
0 0.706757 0.228056 0.025572 0.024006
0 0.181809 0.567070 0.025572 0.020707
0 0.842516 0.933022 0.025572 0.021807
0 0.653638 0.065512 0.027443 0.022540
0 0.511642 0.112424 0.023701 0.019974
0 0.182952 0.821330 0.026195 0.024189
0 0.261331 0.726956 0.027443 0.021624
0 0.815489 0.155213 0.026819 0.024922
0 0.842100 0.866318 0.025988 0.022173
0 0.923805 0.317116 0.028482 0.022906
0 0.426715 0.658787 0.027235 0.024189
0 0.073493 0.704416 0.024324 0.024189
0 0.318191 0.042423 0.026403 0.025105
0 0.897089 0.203225 0.026611 0.023090
0 0.678794 0.177937 0.026195 0.022723
0 0.481185 0.478193 0.026403 0.023639
0 0.705925 0.296317 0.023909 0.022723
0 0.182328 0.159520 0.024116 0.024372
0 0.315489 0.392248 0.025156 0.026571
0 0.652287 0.866593 0.026403 0.022723
0 0.511850 0.822155 0.028274 0.021807
0 0.181081 0.296500 0.023701 0.023090
0 0.126403 0.415979 0.026195 0.026755
0 0.345322 0.980759 0.028690 0.023456
0 0.734304 0.129100 0.027859 0.026938
0 0.342100 0.588968 0.024740 0.024189
0 0.233368 0.183617 0.027235 0.024556
0 0.073181 0.478193 0.024116 0.023639
0 0.126715 0.549478 0.027651 0.022173
0 0.182121 0.911215 0.030353 0.024372
0 0.368607 0.846894 0.026195 0.024372
0 0.788669 0.889133 0.024324 0.021624
0 0.679002 0.086036 0.028274 0.023273
0 0.206653 0.298241 0.023285 0.020707
0 0.154366 0.157779 0.025988 0.021990
0 0.453015 0.366868 0.024948 0.026022
0 0.207069 0.391149 0.025364 0.024372
0 0.234719 0.391241 0.024116 0.019425
0 0.313929 0.544438 0.024532 0.017959
0 0.569439 0.613249 0.025364 0.023273
0 0.369958 0.589335 0.025572 0.021990
0 0.623909 0.868609 0.024948 0.024189
0 0.127443 0.866044 0.026195 0.021257
0 0.623077 0.775701 0.025780 0.024189
0 0.126611 0.159062 0.027443 0.021990
0 0.127443 0.275334 0.026611 0.024372
0 0.127963 0.572659 0.028898 0.024922
0 0.764033 0.915430 0.025364 0.024006
0 0.398857 0.433480 0.026403 0.023273
0 0.234200 0.272311 0.028898 0.019791
0 0.566840 0.850284 0.025988 0.024922
0 0.098337 0.366502 0.027443 0.023456
0 0.841788 0.703592 0.024116 0.022173
0 0.567256 0.061847 0.026819 0.023639
0 0.511435 0.089152 0.023285 0.026571
0 0.233680 0.799249 0.024116 0.020707
0 0.567048 0.201759 0.026403 0.023090
0 0.816216 0.202584 0.028274 0.027304
0 0.125468 0.299340 0.025156 0.025105
0 0.763617 0.938153 0.025780 0.023273
0 0.207900 0.870442 0.024116 0.026022
0 0.482121 0.636522 0.025780 0.025838
0 0.182640 0.935129 0.028898 0.023823
0 0.760811 0.848452 0.024740 0.022357
0 0.678898 0.823255 0.028067 0.019974
0 0.285863 0.588327 0.028274 0.021440
0 0.705821 0.271853 0.024532 0.025105
0 0.341788 0.827744 0.025780 0.022357
0 0.154782 0.294576 0.027235 0.016676
0 0.652703 0.726406 0.027235 0.022723
0 0.650416 0.113799 0.025156 0.021624
0 0.127339 0.368426 0.028067 0.021074
0 0.788254 0.202126 0.027235 0.023456
0 0.623909 0.183526 0.024532 0.027671
0 0.706653 0.913139 0.024532 0.024922
0 0.652599 0.888950 0.026195 0.022723
0 0.235343 0.479934 0.025780 0.026755
0 0.761435 0.800165 0.025572 0.023639
0 0.679626 0.705882 0.026195 0.022357
0 0.154990 0.913139 0.027235 0.023823
0 0.313825 0.565512 0.026403 0.022723
0 0.397505 0.846253 0.028274 0.025289
0 0.233056 0.159886 0.029522 0.023639
0 0.595530 0.635148 0.025156 0.022723
0 0.154574 0.135148 0.029730 0.023273
0 0.537214 0.109218 0.028274 0.028587
0 0.152599 0.845703 0.027443 0.023090
0 0.788150 0.226315 0.026611 0.023823
0 0.257484 0.565695 0.024324 0.022357
0 0.156029 0.637347 0.027235 0.018692
0 0.511331 0.615723 0.028482 0.020158
0 0.594283 0.271486 0.030561 0.026571
0 0.568503 0.902511 0.027651 0.024922
0 0.760291 0.384918 0.024532 0.022173
0 0.480665 0.454279 0.025780 0.024556
0 0.287526 0.658512 0.024116 0.022540
0 0.453846 0.547828 0.024116 0.019608
0 0.512370 0.846711 0.027235 0.023639
0 0.073389 0.207623 0.024948 0.027121
0 0.626091 0.912406 0.026819 0.020524
0 0.261019 0.231079 0.025156 0.027488
0 0.179626 0.412406 0.023285 0.018508
0 0.734719 0.891241 0.025364 0.024372
0 0.595946 0.774327 0.029314 0.020341
0 0.315593 0.659886 0.026611 0.024189
0 0.595842 0.865585 0.025780 0.023639
0 0.762266 0.724207 0.026819 0.027488
0 0.153430 0.386934 0.022869 0.027304
0 0.341372 0.388492 0.023285 0.027121
0 0.343035 0.802822 0.027027 0.026755
0 0.453430 0.637530 0.027027 0.019791
0 0.154782 0.433480 0.026403 0.021074
0 0.101143 0.960235 0.025156 0.023090
0 0.259563 0.682335 0.025572 0.026205
0 0.369231 0.408466 0.026611 0.023823
0 0.651143 0.176562 0.024532 0.021440
0 0.180249 0.183617 0.022037 0.021990
0 0.125364 0.822888 0.026195 0.021807
0 0.787318 0.112333 0.025780 0.026022
0 0.815073 0.432655 0.028067 0.026388
0 0.400832 0.065146 0.024532 0.024372
0 0.871518 0.982133 0.027027 0.025838
0 0.677547 0.801539 0.025364 0.023823
0 0.207484 0.477002 0.025780 0.023456
0 0.594491 0.086220 0.024740 0.026205
0 0.567360 0.316474 0.023285 0.026022
0 0.071726 0.575041 0.024116 0.026022
0 0.540125 0.775976 0.026611 0.024006
0 0.509771 0.871633 0.028274 0.026571
0 0.397713 0.868334 0.025364 0.018508
0 0.625260 0.611875 0.029314 0.023090
0 0.677755 0.154572 0.025364 0.022173
0 0.539293 0.154480 0.025364 0.024189
0 0.126091 0.390782 0.025572 0.024006
0 0.126403 0.346161 0.023701 0.023456
0 0.651871 0.587136 0.029730 0.024189
0 0.814033 0.818948 0.023909 0.027121
0 0.868919 0.341671 0.025572 0.025105
0 0.232744 0.567986 0.023909 0.024372
0 0.182225 0.273410 0.023493 0.022723
0 0.454158 0.843779 0.025156 0.023639
0 0.706653 0.799340 0.027027 0.023823
0 0.098441 0.116181 0.024324 0.026022
0 0.370582 0.707073 0.027235 0.026205
0 0.705198 0.522906 0.024948 0.024372
0 0.233472 0.822522 0.026195 0.025472
0 0.539189 0.064138 0.023077 0.022357
0 0.127131 0.113157 0.026403 0.020707
0 0.706341 0.384735 0.028482 0.023639
0 0.208108 0.229155 0.029106 0.023273
0 0.258108 0.588510 0.025572 0.022906
0 0.071102 0.548195 0.024948 0.023639
0 0.234615 0.868976 0.026403 0.024556
0 0.073805 0.981400 0.023701 0.026938
0 0.315177 0.888492 0.028274 0.021074
0 0.789293 0.934671 0.025572 0.019608
0 0.043555 0.912589 0.027235 0.021624
0 0.815073 0.844603 0.025156 0.024189
0 0.048129 0.729430 0.027235 0.024739
0 0.651351 0.199285 0.026611 0.022173
0 0.814657 0.566520 0.027651 0.027671
0 0.510811 0.546912 0.027443 0.023639
0 0.624324 0.891424 0.024948 0.024006
0 0.127651 0.681693 0.022869 0.027854
0 0.398545 0.410299 0.024532 0.023456
0 0.625156 0.823438 0.025364 0.026205
0 0.624740 0.704874 0.027443 0.021440
0 0.814241 0.476086 0.024324 0.021624
0 0.650520 0.549386 0.024948 0.020891
0 0.815696 0.887759 0.026819 0.024006
0 0.129522 0.706524 0.025780 0.023273
0 0.347297 0.084479 0.027235 0.025289
0 0.679314 0.682335 0.025988 0.024006
0 0.099376 0.867418 0.024116 0.022540
0 0.072245 0.184534 0.028482 0.023090
0 0.652183 0.844145 0.026195 0.022540
0 0.070166 0.321605 0.026403 0.024922
0 0.538877 0.844878 0.024532 0.022540
0 0.341788 0.727231 0.022869 0.021807
0 0.896258 0.867601 0.023701 0.023639
0 0.510811 0.776526 0.024532 0.022173
0 0.260291 0.410024 0.024948 0.021807
0 0.787526 0.590434 0.030769 0.023823
0 0.347089 0.060656 0.025156 0.021990
0 0.678690 0.867968 0.026403 0.024372
0 0.070686 0.826461 0.025780 0.024189
0 0.260395 0.388950 0.026403 0.021440
0 0.127547 0.638813 0.026819 0.021257
0 0.680561 0.062855 0.025572 0.023090
0 0.100416 0.341763 0.027443 0.027854
0 0.044179 0.414422 0.025156 0.023273
0 0.098753 0.777350 0.023285 0.023456
0 0.652703 0.658420 0.028067 0.022357
0 0.341372 0.478285 0.025364 0.024189
0 0.652599 0.776159 0.025364 0.021440
0 0.155821 0.565604 0.024324 0.021074
0 0.540229 0.476544 0.029314 0.021074
0 0.511746 0.133223 0.024324 0.021990
0 0.597921 0.913506 0.027859 0.024189
0 0.623285 0.155946 0.026195 0.027121
0 0.789501 0.913047 0.024740 0.025105
0 0.235031 0.345061 0.023909 0.027488
0 0.760395 0.777442 0.026403 0.023273
0 0.233992 0.729430 0.023909 0.024372
0 0.788462 0.727506 0.026403 0.023090
0 0.427443 0.700018 0.028274 0.021257
0 0.099584 0.140737 0.025780 0.023090
0 0.706237 0.823529 0.024532 0.024922
0 0.072037 0.849826 0.027235 0.021807
0 0.424636 0.800440 0.025156 0.020891
0 0.596154 0.203225 0.027651 0.026755
0 0.344179 0.678395 0.028482 0.020891
0 0.568503 0.800257 0.024740 0.026022
0 0.183056 0.588785 0.027235 0.022723
0 0.597297 0.703683 0.025364 0.021624
0 0.652495 0.819406 0.025156 0.026938
0 0.679418 0.658604 0.022869 0.022357
0 0.099480 0.572659 0.026403 0.023823
0 0.896258 0.179586 0.026195 0.024189
0 0.895634 0.410299 0.024532 0.021624
0 0.370166 0.546454 0.025156 0.022723
0 0.262578 0.206707 0.027443 0.022723
0 0.154262 0.677204 0.026195 0.021440
0 0.260395 0.658787 0.025988 0.021257
0 0.624532 0.957852 0.025780 0.026755
0 0.426507 0.935587 0.026403 0.023639
0 0.344802 0.135881 0.024324 0.025105
0 0.566632 0.087777 0.027235 0.026755
0 0.290748 0.111050 0.026403 0.018692
0 0.233888 0.206707 0.027443 0.020524
0 0.813410 0.660161 0.024324 0.024006
0 0.841268 0.778266 0.026819 0.026022
0 0.151143 0.778266 0.026195 0.024189
0 0.070582 0.345703 0.025156 0.021440
0 0.813825 0.339289 0.024740 0.024372
0 0.234407 0.412040 0.025988 0.022173
0 0.511538 0.569269 0.028067 0.022906
0 0.761019 0.409291 0.024740 0.024372
0 0.536590 0.432380 0.025364 0.023273
0 0.870166 0.933388 0.025988 0.025838
0 0.623181 0.041964 0.030146 0.025655
0 0.426507 0.843321 0.026403 0.022357
0 0.125676 0.135239 0.024740 0.022723
0 0.073597 0.431189 0.027859 0.017226
0 0.316216 0.726406 0.026611 0.024922
0 0.622973 0.294942 0.024324 0.020707
0 0.844595 0.955104 0.028482 0.025655
0 0.179314 0.433205 0.021830 0.021257
0 0.539605 0.132857 0.027651 0.020891
0 0.126507 0.800257 0.023909 0.024189
0 0.428378 0.228239 0.025988 0.026571
0 0.567879 0.451622 0.028482 0.023639
0 0.842827 0.845428 0.026195 0.021440
0 0.179938 0.345153 0.024740 0.021440
0 0.099792 0.615906 0.026611 0.023090
0 0.870374 0.885193 0.029730 0.019608
0 0.596154 0.062214 0.027651 0.021074
0 0.154054 0.411673 0.024948 0.022173
0 0.482952 0.225490 0.023701 0.026205
0 0.706549 0.705333 0.026403 0.024556
0 0.343347 0.319315 0.026403 0.024739
0 0.706653 0.680960 0.024948 0.024189
0 0.102911 0.664743 0.027027 0.022540
0 0.284304 0.566428 0.025156 0.021990
0 0.425884 0.370717 0.024324 0.023456
0 0.541164 0.682884 0.027027 0.022906
0 0.787214 0.315008 0.025572 0.023823
0 0.315073 0.635881 0.025988 0.021990
0 0.924532 0.844512 0.024948 0.022540
0 0.651871 0.703134 0.027651 0.024922
0 0.234927 0.369342 0.022869 0.022906
0 0.259148 0.368334 0.023909 0.022357
0 0.733680 0.294667 0.026195 0.020891
0 0.569023 0.474803 0.027443 0.021624
0 0.786383 0.614257 0.023909 0.024189
0 0.182640 0.866685 0.028482 0.024739
0 0.707796 0.866868 0.027651 0.020707
0 0.651871 0.796683 0.025156 0.019608
0 0.597089 0.842313 0.028274 0.024006
0 0.369231 0.477827 0.026195 0.025105
0 0.568399 0.773868 0.024116 0.020891
0 0.072453 0.409199 0.030146 0.021257
0 0.896466 0.892707 0.023285 0.027304
0 0.234304 0.982683 0.024948 0.023273
0 0.731185 0.203592 0.024948 0.021990
0 0.156341 0.956661 0.024948 0.021807
0 0.707692 0.177204 0.026611 0.024922
0 0.706029 0.588235 0.023701 0.019058
0 0.623909 0.635972 0.027443 0.023639
0 0.682432 0.980026 0.029314 0.025655
0 0.287422 0.895547 0.026403 0.028954
0 0.452807 0.390233 0.024948 0.022173
0 0.597089 0.889500 0.026195 0.024189
0 0.625364 0.980942 0.025780 0.023090
0 0.398545 0.479109 0.026611 0.025105
0 0.651455 0.679769 0.027651 0.022906
0 0.129834 0.956570 0.027235 0.023823
0 0.072557 0.232362 0.028690 0.022357
0 0.455717 0.704600 0.025780 0.023456
0 0.540541 0.659886 0.023285 0.022723
0 0.430146 0.066612 0.025780 0.022906
0 0.204574 0.414422 0.026195 0.021440
0 0.624532 0.588877 0.025780 0.021074
0 0.733264 0.610684 0.024116 0.023639
0 0.842620 0.910299 0.025364 0.023639
0 0.099896 0.186275 0.026403 0.025838
0 0.566320 0.112608 0.024116 0.023639
0 0.314553 0.588968 0.025780 0.024922
0 0.285863 0.479018 0.026611 0.024922
0 0.261435 0.295767 0.026819 0.021257
0 0.454782 0.682426 0.025572 0.021624
0 0.258940 0.524372 0.027235 0.021074
0 0.733368 0.866960 0.026403 0.023823
0 0.707484 0.090343 0.022453 0.023456
0 0.456549 0.889042 0.025364 0.021807
0 0.733784 0.821789 0.028067 0.021074
0 0.101351 0.705607 0.025988 0.022906
0 0.345530 0.110775 0.024532 0.026205
0 0.679938 0.294851 0.025572 0.019791
0 0.043763 0.801081 0.021830 0.023273
0 0.704990 0.203042 0.025364 0.026388
0 0.760083 0.824904 0.024948 0.025838
0 0.316216 0.131391 0.027859 0.024189
0 0.127963 0.912223 0.025572 0.023823
0 0.181185 0.479659 0.023493 0.021807
0 0.624532 0.682335 0.023701 0.023639
0 0.511227 0.040773 0.022869 0.026205
0 0.398753 0.385193 0.027443 0.023823
0 0.043451 0.391332 0.027859 0.022540
0 0.071310 0.097948 0.023701 0.025838
0 0.761850 0.890966 0.025156 0.023090
0 0.342516 0.849001 0.024740 0.020891
0 0.314969 0.613524 0.027027 0.023456
0 0.259875 0.344787 0.023285 0.025838
0 0.455405 0.227323 0.028067 0.027304
0 0.594075 0.110775 0.026403 0.022173
0 0.369439 0.431739 0.024948 0.022723
0 0.207588 0.319773 0.023909 0.022357
0 0.314657 0.365677 0.025156 0.027304
0 0.129834 0.980575 0.026819 0.023456
0 0.426611 0.524739 0.024948 0.025105
0 0.594075 0.658237 0.023493 0.022723
0 0.045738 0.478926 0.028690 0.023273
0 0.709148 0.041048 0.025780 0.021624
0 0.153430 0.317757 0.027027 0.027121
0 0.259563 0.818857 0.028067 0.026938
0 0.209771 0.592817 0.024116 0.023823
0 0.072037 0.870717 0.026403 0.020341
0 0.315489 0.913139 0.028898 0.028587
0 0.373181 0.086861 0.023285 0.026022
0 0.537942 0.411581 0.026819 0.017226
0 0.814553 0.088785 0.024116 0.023273
0 0.651143 0.611875 0.026611 0.023090
0 0.624116 0.064413 0.029522 0.021440
0 0.127339 0.887759 0.024324 0.021440
0 0.758732 0.181693 0.025156 0.026938
0 0.541372 0.226406 0.027859 0.026938
0 0.540748 0.799707 0.027027 0.021257
0 0.100000 0.413322 0.026195 0.024739
0 0.182121 0.660894 0.028690 0.024739
0 0.708212 0.888950 0.026403 0.022723
0 0.785135 0.385285 0.025572 0.025105
0 0.180873 0.390599 0.025780 0.024739
0 0.482121 0.411215 0.029106 0.022723
0 0.099376 0.273594 0.024532 0.023456
0 0.154262 0.476452 0.028690 0.023823
0 0.786590 0.565787 0.025988 0.022906
0 0.512786 0.064779 0.023909 0.022173
0 0.098233 0.525563 0.023909 0.025289
0 0.099688 0.937145 0.026403 0.022723
0 0.924324 0.908283 0.027027 0.024372
0 0.452495 0.476636 0.025156 0.021257
0 0.543243 0.590159 0.027859 0.023273
0 0.596466 0.681418 0.028274 0.021440
0 0.127859 0.229522 0.023701 0.026571
0 0.153638 0.206249 0.026195 0.025472
0 0.234511 0.891974 0.023701 0.024006
0 0.785967 0.544530 0.022661 0.018508
0 0.844283 0.978926 0.025364 0.023823
0 0.400104 0.981767 0.029314 0.025472
0 0.397401 0.778266 0.025988 0.028587
0 0.286071 0.546088 0.023285 0.019058
0 0.542827 0.704050 0.028274 0.022723
0 0.428067 0.866044 0.026195 0.023090
0 0.841372 0.360454 0.026195 0.025655
0 0.760603 0.041048 0.024324 0.025289
0 0.260603 0.319040 0.024324 0.025655
0 0.260291 0.479751 0.022869 0.027121
0 0.206965 0.454554 0.029730 0.023273
0 0.072973 0.893623 0.027027 0.025105
0 0.399688 0.201668 0.026819 0.022173
0 0.046778 0.659245 0.026611 0.021440
0 0.041684 0.319681 0.024324 0.024372
0 0.208836 0.916438 0.023909 0.024189
0 0.209563 0.893348 0.024116 0.022723
0 0.152183 0.868518 0.022453 0.021074
0 0.507588 0.391149 0.024324 0.024372
0 0.480873 0.611233 0.022037 0.023273
0 0.733576 0.635514 0.024740 0.021257
0 0.678898 0.636064 0.025572 0.024556
0 0.595842 0.796408 0.028690 0.023090
0 0.482744 0.913506 0.025780 0.025289
0 0.046570 0.981950 0.026195 0.027304
0 0.759979 0.130291 0.024324 0.024922
0 0.676819 0.340938 0.025988 0.022540
0 0.760083 0.155672 0.024948 0.025472
0 0.841164 0.269745 0.022037 0.021990
0 0.870582 0.728697 0.027651 0.025105
0 0.622973 0.799157 0.021830 0.022357
0 0.650000 0.524006 0.026403 0.028404
0 0.895322 0.153656 0.024324 0.028037
0 0.261019 0.705974 0.027235 0.020707
0 0.100104 0.843412 0.027651 0.024372
0 0.510291 0.175005 0.027235 0.020158
0 0.653846 0.912498 0.027443 0.019241
0 0.099064 0.821147 0.025988 0.019425
0 0.099376 0.297233 0.025780 0.020158
0 0.866944 0.431556 0.023285 0.023823
0 0.758524 0.205241 0.025572 0.020158
0 0.784719 0.361096 0.022661 0.023273
0 0.179626 0.207348 0.022869 0.025838
0 0.482121 0.866135 0.024948 0.025838
0 0.733576 0.407367 0.027651 0.025655
0 0.153742 0.525838 0.024324 0.024006
0 0.651559 0.634964 0.025780 0.024922
0 0.453950 0.659153 0.025988 0.021624
0 0.098857 0.092633 0.027235 0.021440
0 0.761331 0.105094 0.023701 0.021074
0 0.208732 0.639546 0.020790 0.023823
0 0.510811 0.196445 0.025364 0.021257
0 0.481393 0.547645 0.023493 0.023639
0 0.398960 0.934488 0.025780 0.021440
0 0.425676 0.477277 0.026403 0.021807
0 0.705821 0.610500 0.023701 0.022173
0 0.154574 0.180319 0.025572 0.022723
0 0.046570 0.593275 0.025364 0.024006
0 0.678378 0.132490 0.024532 0.019791
0 0.397297 0.889683 0.024948 0.021990
0 0.735447 0.934305 0.026819 0.020341
0 0.048337 0.705149 0.025988 0.024922
0 0.678898 0.843779 0.024324 0.023639
0 0.623597 0.131666 0.025156 0.021074
0 0.072453 0.453638 0.024324 0.024372
0 0.595946 0.611875 0.028482 0.023090
0 0.452391 0.412956 0.022869 0.021074
0 0.761538 0.085028 0.023285 0.017592
0 0.072245 0.601246 0.023909 0.021257
0 0.869231 0.315650 0.026611 0.025838
0 0.429106 0.132674 0.026195 0.027488
0 0.788358 0.796592 0.025780 0.025289
0 0.784511 0.409108 0.023493 0.022540
0 0.370478 0.523456 0.024532 0.023639
0 0.922453 0.340938 0.025364 0.024739
0 0.401767 0.018783 0.028482 0.026205
0 0.539605 0.179311 0.025988 0.025105
0 0.593867 0.317024 0.025988 0.023090
0 0.098025 0.549661 0.025156 0.022906
0 0.342516 0.703042 0.025572 0.025838
0 0.261019 0.869067 0.026403 0.025105
0 0.043971 0.823346 0.023077 0.018692
0 0.623909 0.110592 0.024116 0.020341
0 0.399480 0.957028 0.025988 0.024372
0 0.208108 0.569269 0.025780 0.023639
0 0.234096 0.846069 0.025364 0.021257
0 0.370166 0.659978 0.024324 0.023639
0 0.180249 0.456844 0.022037 0.024556
0 0.679106 0.543064 0.025572 0.022540
0 0.869854 0.658146 0.029106 0.025472
0 0.207484 0.845153 0.024948 0.022723
0 0.869751 0.200202 0.025988 0.026938
0 0.043659 0.865494 0.025780 0.020891
0 0.706757 0.633132 0.025988 0.021624
0 0.101040 0.914880 0.024948 0.021074
0 0.287006 0.611417 0.027651 0.024739
0 0.316320 0.319040 0.022661 0.023090
0 0.841476 0.639362 0.025156 0.021990
0 0.260499 0.272494 0.023285 0.022357
0 0.155717 0.588510 0.024948 0.024739
0 0.180665 0.231263 0.022869 0.020891
0 0.099792 0.594741 0.026611 0.021807
0 0.396881 0.912223 0.025780 0.023090
0 0.155717 0.454004 0.026611 0.022906
0 0.867983 0.454004 0.024532 0.024372
0 0.261227 0.979384 0.027651 0.023639
0 0.759771 0.633315 0.025572 0.019058
0 0.179210 0.525472 0.023285 0.023273
0 0.400208 0.131391 0.024948 0.025289
0 0.313929 0.842221 0.027443 0.024189
0 0.510291 0.271028 0.026819 0.025289
0 0.538773 0.821239 0.023493 0.021440
0 0.426715 0.889408 0.030146 0.022540
0 0.866944 0.387392 0.024532 0.026755
0 0.453430 0.570552 0.024948 0.025838
0 0.456653 0.065787 0.023909 0.024189
0 0.735239 0.913780 0.024324 0.020341
0 0.261642 0.455012 0.025156 0.023823
0 0.898753 0.664101 0.027027 0.026388
0 0.625260 0.846527 0.023909 0.020341
0 0.733264 0.179769 0.023701 0.024189
0 0.207173 0.274785 0.021830 0.025472
0 0.071830 0.387026 0.024324 0.017592
0 0.341372 0.435129 0.025780 0.022540
0 0.624220 0.017684 0.028067 0.023639
0 0.232017 0.591442 0.022453 0.022540
0 0.813825 0.315741 0.025572 0.020891
0 0.841788 0.334983 0.025780 0.024556
0 0.735135 0.104911 0.022869 0.020707
0 0.733368 0.588235 0.023909 0.020891
0 0.513098 0.685358 0.027027 0.026388
0 0.208108 0.366593 0.028690 0.024739
0 0.680042 0.228514 0.023701 0.026388
0 0.126507 0.597764 0.024740 0.023456
0 0.315696 0.703592 0.027235 0.021440
0 0.098337 0.800623 0.027443 0.019791
0 0.625156 0.933297 0.024948 0.020158
0 0.071206 0.779091 0.023077 0.022173
0 0.258732 0.636247 0.024740 0.023456
0 0.125468 0.526205 0.024324 0.023273
0 0.538773 0.454004 0.023493 0.020707
0 0.341164 0.414147 0.022037 0.021990
0 0.102599 0.982408 0.027651 0.020524
0 0.289085 0.045538 0.025156 0.026205
0 0.182640 0.135881 0.025572 0.024006
0 0.263202 0.091442 0.024948 0.025289
0 0.814865 0.615815 0.025572 0.022540
0 0.182121 0.980850 0.023701 0.022540
0 0.260499 0.893073 0.028274 0.022173
0 0.233888 0.317757 0.024532 0.026388
0 0.897817 0.639271 0.029730 0.024372
0 0.155301 0.702492 0.024532 0.021440
0 0.343139 0.566245 0.023493 0.021624
0 0.840644 0.408741 0.023909 0.021074
0 0.207900 0.343046 0.026195 0.022357
0 0.814241 0.774876 0.027651 0.022906
0 0.400000 0.178120 0.029522 0.023090
0 0.815489 0.227689 0.024324 0.022173
0 0.568087 0.410299 0.029314 0.020524
0 0.342723 0.612791 0.024324 0.023090
0 0.342827 0.869617 0.024948 0.020341
0 0.398129 0.663093 0.027859 0.021807
0 0.651767 0.320048 0.026195 0.022173
0 0.260083 0.845061 0.029106 0.024006
0 0.566944 0.177387 0.029522 0.026755
0 0.153430 0.546912 0.022869 0.018142
0 0.454262 0.979842 0.026195 0.023456
0 0.538981 0.085212 0.027651 0.019058
0 0.542516 0.634140 0.030561 0.025472
0 0.568191 0.430090 0.028690 0.021624
0 0.761019 0.315650 0.026819 0.019974
0 0.046985 0.637988 0.027443 0.020341
0 0.813825 0.293934 0.023909 0.023823
0 0.512058 0.894539 0.029938 0.022540
0 0.098960 0.162910 0.023701 0.020524
0 0.312890 0.478193 0.024948 0.019974
0 0.429730 0.044072 0.023701 0.024372
0 0.595842 0.956295 0.027443 0.023273
0 0.539709 0.203317 0.024116 0.023639
0 0.869127 0.682151 0.027651 0.025105
0 0.485551 0.063405 0.029730 0.020158
0 0.425572 0.455104 0.026611 0.025838
0 0.101247 0.640645 0.022453 0.026022
0 0.205925 0.184900 0.024740 0.022723
0 0.073909 0.626443 0.024740 0.024006
0 0.540852 0.934579 0.027651 0.022357
0 0.596258 0.228239 0.028690 0.024006
0 0.126299 0.322796 0.023077 0.022173
0 0.734511 0.271303 0.026195 0.025105
0 0.733784 0.382170 0.023909 0.025105
0 0.427235 0.548745 0.026611 0.024372
0 0.346570 0.039399 0.025364 0.019058
0 0.652391 0.270295 0.024948 0.023090
0 0.045114 0.548745 0.024532 0.022173
0 0.288877 0.273868 0.023493 0.023639
0 0.815800 0.956020 0.024948 0.020524
0 0.427651 0.680319 0.027859 0.019974
0 0.426507 0.958036 0.026819 0.020524
0 0.813617 0.361829 0.021830 0.022173
0 0.425884 0.570826 0.023493 0.020524
0 0.481913 0.199743 0.026195 0.025655
0 0.711227 0.981217 0.023285 0.022173
0 0.206757 0.545446 0.025156 0.022173
0 0.042516 0.344512 0.024324 0.024556
0 0.234927 0.434396 0.023701 0.023639
0 0.482225 0.956753 0.025572 0.021257
0 0.318087 0.086861 0.029938 0.020524
0 0.370790 0.799798 0.023909 0.022906
0 0.074012 0.651732 0.023285 0.021074
0 0.896985 0.342313 0.024740 0.030786
0 0.373181 0.040957 0.024532 0.022906
0 0.706133 0.112333 0.024324 0.019058
0 0.368295 0.871541 0.023077 0.023823
0 0.680561 0.040590 0.027651 0.020707
0 0.125884 0.182426 0.022661 0.024372
0 0.788046 0.867051 0.023909 0.021440
0 0.045114 0.570643 0.022037 0.020891
0 0.343867 0.889866 0.023701 0.022357
0 0.127963 0.437145 0.024324 0.015576
0 0.315489 0.982225 0.025572 0.023090
0 0.453119 0.617922 0.025572 0.020891
0 0.182432 0.112058 0.027235 0.023639
0 0.369958 0.776709 0.022661 0.023639
0 0.374220 0.017317 0.026195 0.020707
0 0.370686 0.682884 0.025780 0.023639
0 0.100104 0.436412 0.026819 0.024739
0 0.127027 0.205882 0.028274 0.021074
0 0.758732 0.566245 0.022245 0.024922
0 0.734511 0.358530 0.027443 0.019241
0 0.758212 0.612424 0.024532 0.023456
0 0.869854 0.907550 0.028274 0.022906
0 0.623701 0.087502 0.025364 0.024372
0 0.568295 0.680410 0.024324 0.024189
0 0.705509 0.409932 0.025572 0.024922
0 0.705717 0.774968 0.026403 0.025289
0 0.071206 0.366502 0.025156 0.017959
0 0.401455 0.042148 0.025364 0.021990
0 0.454678 0.776251 0.027443 0.024189
0 0.286902 0.983599 0.027443 0.022173
0 0.205925 0.206615 0.024324 0.022173
0 0.100208 0.891607 0.026611 0.024372
0 0.567360 0.340847 0.024532 0.020891
0 0.869335 0.862287 0.024740 0.021440
0 0.539397 0.292377 0.024324 0.022906
0 0.623493 0.271486 0.024116 0.024372
0 0.677651 0.318124 0.023909 0.023090
0 0.678378 0.520524 0.025780 0.020707
0 0.897609 0.611142 0.023493 0.024556
0 0.341892 0.545721 0.027235 0.021624
0 0.597193 0.820231 0.028067 0.024189
0 0.233160 0.614715 0.026403 0.022540
0 0.101767 0.728697 0.022661 0.021807
0 0.787006 0.157412 0.022661 0.021990
0 0.786175 0.433022 0.025572 0.021990
0 0.480873 0.389683 0.026195 0.019974
0 0.429106 0.088144 0.023701 0.020524
0 0.074220 0.955104 0.026611 0.024922
0 0.623805 0.228789 0.023909 0.024006
0 0.594906 0.477918 0.023909 0.023456
0 0.262162 0.432380 0.028274 0.023273
0 0.314137 0.819315 0.026611 0.024189
0 0.286486 0.635056 0.027027 0.021074
0 0.372349 0.155122 0.023701 0.026571
0 0.732744 0.155763 0.024740 0.024189
0 0.650208 0.134323 0.023493 0.020524
0 0.734927 0.084845 0.025364 0.018325
0 0.895634 0.431281 0.026611 0.023273
0 0.071206 0.274143 0.025988 0.020524
0 0.342931 0.634140 0.022661 0.020707
0 0.594802 0.155763 0.027443 0.018692
0 0.676923 0.385102 0.023285 0.020707
0 0.398753 0.705882 0.024948 0.021624
0 0.097921 0.389866 0.024116 0.020707
0 0.569543 0.702675 0.025988 0.021074
0 0.786486 0.270662 0.025780 0.023456
0 0.924844 0.203500 0.025572 0.022173
0 0.870062 0.611233 0.023285 0.023639
0 0.841788 0.312443 0.026195 0.022357
0 0.814761 0.637072 0.023285 0.021440
0 0.651975 0.934396 0.026195 0.022723
0 0.816424 0.178486 0.026611 0.020891
0 0.623285 0.523731 0.027027 0.025655
0 0.735239 0.682976 0.026819 0.027488
0 0.182017 0.797050 0.023909 0.020341
0 0.233472 0.958677 0.024116 0.024372
0 0.374012 0.063222 0.024948 0.021624
0 0.567256 0.225490 0.024324 0.026938
0 0.208420 0.614898 0.021414 0.022173
0 0.733368 0.565695 0.024324 0.022723
0 0.594075 0.340022 0.026403 0.024006
0 0.100936 0.457394 0.025988 0.019791
0 0.482432 0.842404 0.025156 0.020524
0 0.483160 0.084662 0.025780 0.022723
0 0.867775 0.364578 0.021206 0.021440
0 0.345738 0.159245 0.024948 0.019791
0 0.814345 0.795217 0.024532 0.019241
0 0.925468 0.225765 0.027235 0.023823
0 0.787734 0.040682 0.025364 0.027121
0 0.288046 0.393623 0.025572 0.023823
0 0.681705 0.727139 0.025780 0.021624
0 0.287214 0.705149 0.025156 0.023456
0 0.208316 0.731721 0.029106 0.026388
0 0.342723 0.364119 0.028898 0.019058
0 0.814449 0.685175 0.026403 0.025289
0 0.126195 0.844328 0.023701 0.018875
0 0.453846 0.089518 0.021206 0.022906
0 0.485031 0.040224 0.024532 0.020341
0 0.785135 0.338648 0.022661 0.021990
0 0.258212 0.544988 0.023285 0.019791
0 0.455821 0.911581 0.024324 0.018875
0 0.180977 0.546179 0.023909 0.020341
0 0.400208 0.455745 0.026195 0.022357
0 0.734719 0.708814 0.024532 0.021990
0 0.593347 0.589518 0.022453 0.022357
0 0.396570 0.823071 0.023077 0.022173
0 0.400000 0.109218 0.023285 0.020158
0 0.843035 0.202584 0.027027 0.020341
0 0.897713 0.291552 0.024532 0.019425
0 0.842308 0.680319 0.024324 0.021440
0 0.343035 0.342862 0.025364 0.022357
0 0.318295 0.230530 0.026195 0.030420
0 0.426611 0.613341 0.021206 0.024922
0 0.316424 0.342588 0.029106 0.019608
0 0.454262 0.524372 0.027027 0.026938
0 0.151040 0.800806 0.025988 0.020158
0 0.567256 0.876214 0.026819 0.025472
0 0.400312 0.087411 0.024740 0.020891
0 0.679730 0.017959 0.023493 0.023090
0 0.425884 0.346894 0.023909 0.024922
0 0.426091 0.589976 0.023493 0.019241
0 0.597193 0.725765 0.025156 0.020707
0 0.313617 0.524006 0.025572 0.023273
0 0.870270 0.634140 0.026195 0.019608
0 0.841892 0.888125 0.025988 0.022540
0 0.815904 0.707715 0.025156 0.020158
0 0.842204 0.726223 0.024116 0.021990
0 0.154678 0.655672 0.025780 0.016493
0 0.455821 0.933572 0.025988 0.021807
0 0.181913 0.844512 0.025780 0.019608
0 0.207173 0.801539 0.021830 0.024189
0 0.733264 0.729338 0.024116 0.021257
0 0.731809 0.799249 0.024948 0.022906
0 0.841372 0.112424 0.026611 0.027671
0 0.483784 0.108485 0.026195 0.023823
0 0.480665 0.524189 0.027027 0.025105
0 0.432017 0.019333 0.026195 0.024739
0 0.759252 0.360638 0.024116 0.023090
0 0.788877 0.703225 0.026403 0.025105
0 0.287526 0.345520 0.026195 0.025472
0 0.733056 0.545080 0.022453 0.019608
0 0.842100 0.430548 0.024324 0.022540
0 0.816008 0.912040 0.024948 0.024189
0 0.539397 0.041231 0.025988 0.021990
0 0.286486 0.524006 0.025780 0.023273
0 0.233888 0.915521 0.022869 0.022723
0 0.425884 0.636064 0.025572 0.021990
0 0.896050 0.843137 0.025364 0.025289
0 0.285655 0.919919 0.022037 0.021257
0 0.232848 0.546912 0.022453 0.018875
0 0.595634 0.133682 0.027859 0.026571
0 0.786694 0.637347 0.022453 0.020158
0 0.541788 0.979751 0.027859 0.024006
0 0.481497 0.799890 0.024532 0.021990
0 0.759356 0.656313 0.028898 0.022173
0 0.342412 0.524464 0.025780 0.022357
0 0.679730 0.564504 0.025988 0.019241
0 0.624532 0.546912 0.024948 0.020707
0 0.234719 0.777075 0.026195 0.021807
0 0.733472 0.843412 0.023701 0.022906
0 0.073077 0.915979 0.029730 0.019608
0 0.705717 0.154480 0.025572 0.016859
0 0.155198 0.229430 0.026403 0.024556
0 0.706861 0.655488 0.026195 0.023823
0 0.868295 0.704966 0.025156 0.023090
0 0.316736 0.064688 0.023077 0.021257
0 0.512058 0.659612 0.025364 0.025105
0 0.043243 0.843687 0.023285 0.020158
0 0.951767 0.315925 0.027027 0.023456
0 0.372869 0.112424 0.023909 0.025472
0 0.234719 0.705974 0.023285 0.024006
0 0.314449 0.156954 0.026819 0.026571
0 0.595010 0.935679 0.023701 0.019791
0 0.897713 0.313909 0.024948 0.023823
0 0.568503 0.523181 0.023493 0.024189
0 0.813617 0.592725 0.023077 0.024739
0 0.398857 0.725948 0.027651 0.019241
0 0.595010 0.017592 0.024948 0.021990
0 0.369335 0.730346 0.025156 0.021440
0 0.317048 0.274693 0.027027 0.024189
0 0.455198 0.726681 0.022245 0.021074
0 0.429730 0.202584 0.025364 0.025472
0 0.733160 0.316016 0.026403 0.019608
0 0.346466 0.017959 0.024740 0.021257
0 0.706861 0.727872 0.024948 0.019791
0 0.343347 0.656588 0.027651 0.023823
0 0.510083 0.455653 0.023909 0.021807
0 0.815177 0.934854 0.020790 0.022540
0 0.425884 0.320689 0.025572 0.028954
0 0.073493 0.728697 0.023493 0.020341
0 0.814241 0.271211 0.027651 0.022357
0 0.789293 0.977735 0.024324 0.022540
0 0.207380 0.137621 0.023077 0.018692
0 0.540748 0.889316 0.027027 0.021990
0 0.288046 0.433755 0.027235 0.021624
0 0.369854 0.822430 0.022453 0.023090
0 0.814761 0.132399 0.027027 0.019608
0 0.923701 0.293110 0.024948 0.023273
0 0.156549 0.978102 0.024116 0.022173
0 0.398960 0.566703 0.029106 0.024739
0 0.480873 0.775884 0.024116 0.023823
0 0.924532 0.976910 0.027859 0.023090
0 0.290852 0.132032 0.022869 0.021440
0 0.787422 0.135422 0.025156 0.021257
0 0.289917 0.069544 0.025988 0.022173
0 0.867879 0.270570 0.025156 0.021807
0 0.841268 0.156221 0.029314 0.025105
0 0.897817 0.691680 0.027651 0.025105
0 0.154262 0.273594 0.022037 0.019791
0 0.369023 0.365402 0.021622 0.021624
0 0.510395 0.522906 0.023701 0.025472
0 0.653119 0.018325 0.027651 0.023090
0 0.098960 0.070735 0.024948 0.022723
0 0.313929 0.681785 0.023701 0.021074
0 0.313202 0.775518 0.025156 0.021624
0 0.924532 0.363203 0.027027 0.021990
0 0.481809 0.821514 0.028067 0.019058
0 0.895322 0.387759 0.023493 0.023823
0 0.761123 0.869525 0.022453 0.020158
0 0.542723 0.726132 0.029314 0.021807
0 0.923909 0.884827 0.027859 0.022906
0 0.511227 0.799065 0.022869 0.022906
0 0.102183 0.684625 0.025572 0.018692
0 0.570686 0.980575 0.028274 0.023823
0 0.734096 0.227231 0.029938 0.022357
0 0.287630 0.295859 0.023493 0.019608
0 0.567879 0.636155 0.027235 0.021807
0 0.072037 0.524830 0.023493 0.023823
0 0.042308 0.890049 0.024740 0.022723
0 0.287318 0.318765 0.023701 0.024372
0 0.540956 0.567345 0.025780 0.021257
0 0.428378 0.109676 0.027235 0.018508
0 0.127027 0.480117 0.023285 0.021624
0 0.482121 0.680777 0.024532 0.020891
0 0.759252 0.544163 0.023285 0.019608
0 0.625780 0.727231 0.027443 0.023273
0 0.259148 0.776800 0.025156 0.023456
0 0.041476 0.368243 0.025156 0.022173
0 0.898753 0.721367 0.027443 0.032435
0 0.896362 0.367326 0.023493 0.019241
0 0.816216 0.456111 0.027443 0.022723
0 0.155405 0.934854 0.024324 0.022173
0 0.343035 0.778358 0.027859 0.023639
0 0.679002 0.586494 0.021206 0.024006
0 0.344179 0.936595 0.030561 0.021257
0 0.071726 0.073209 0.025780 0.025838
0 0.760499 0.227598 0.024948 0.024922
0 0.182848 0.632674 0.028067 0.027304
0 0.287630 0.369892 0.023909 0.027304
0 0.508108 0.416621 0.023701 0.024372
0 0.182121 0.958952 0.023701 0.023090
0 0.234304 0.229247 0.023701 0.021624
0 0.125676 0.776800 0.023909 0.021624
0 0.677755 0.776159 0.022453 0.023639
0 0.677859 0.363295 0.025156 0.024006
0 0.841476 0.822613 0.024324 0.024556
0 0.734823 0.657321 0.026403 0.020158
0 0.287942 0.413964 0.026611 0.020524
0 0.154574 0.112150 0.027235 0.021990
0 0.070894 0.296317 0.022869 0.022723
0 0.235759 0.456020 0.024532 0.021440
0 0.259875 0.915338 0.028690 0.021257
0 0.481185 0.725765 0.024740 0.026571
0 0.317256 0.296500 0.025780 0.019791
0 0.709563 0.936962 0.024116 0.022723
0 0.711954 0.959502 0.025156 0.023823
0 0.155198 0.726956 0.021414 0.023823
0 0.842827 0.064321 0.025780 0.019058
0 0.867048 0.410390 0.024324 0.020707
0 0.541684 0.956295 0.028898 0.023273
0 0.017983 0.777808 0.023493 0.023273
0 0.595114 0.179311 0.025572 0.021807
0 0.953119 0.341488 0.028482 0.025838
0 0.424948 0.392340 0.024116 0.020891
0 0.369335 0.893348 0.020166 0.020891
0 0.897089 0.981583 0.024532 0.020707
0 0.313721 0.433113 0.023701 0.020707
0 0.288669 0.227781 0.024740 0.021257
0 0.565281 0.134323 0.022037 0.019791
0 0.732432 0.775060 0.023285 0.023639
0 0.043555 0.778450 0.020998 0.022723
0 0.813929 0.111417 0.024532 0.021257
0 0.842308 0.085578 0.024740 0.021257
0 0.260187 0.955928 0.025572 0.024006
0 0.480249 0.432839 0.028690 0.017959
0 0.731705 0.522906 0.019751 0.022173
0 0.679730 0.203408 0.026403 0.027488
0 0.706133 0.133040 0.023077 0.023456
0 0.369231 0.914880 0.021206 0.022906
0 0.397817 0.684717 0.023493 0.022540
0 0.231913 0.524922 0.019335 0.024006
0 0.455198 0.956295 0.024324 0.023639
0 0.286279 0.801814 0.025780 0.022540
0 0.842931 0.566428 0.024740 0.023456
0 0.179002 0.366135 0.024948 0.023090
0 0.045322 0.526480 0.024948 0.023090
0 0.046362 0.455928 0.027443 0.022357
0 0.288150 0.455012 0.028690 0.024189
0 0.206029 0.434579 0.029938 0.018875
0 0.340956 0.455928 0.027443 0.022357
0 0.512266 0.636155 0.026195 0.020707
0 0.207900 0.664101 0.024116 0.022723
0 0.180249 0.775243 0.026195 0.019608
0 0.787006 0.659153 0.022661 0.026755
0 0.567983 0.293568 0.024116 0.020891
0 0.206029 0.524006 0.026611 0.019974
0 0.021102 0.728605 0.022245 0.021257
0 0.070374 0.162269 0.025572 0.022173
0 0.842723 0.589243 0.023909 0.022906
0 0.019127 0.615448 0.025364 0.021807
0 0.319023 0.017684 0.023909 0.022173
0 0.453742 0.342129 0.023909 0.021257
0 0.924740 0.865219 0.028274 0.017409
0 0.372973 0.957577 0.027443 0.025838
0 0.456549 0.020066 0.024116 0.024006
0 0.398025 0.362928 0.028898 0.020707
0 0.129314 0.934396 0.027027 0.020524
0 0.897089 0.917629 0.023701 0.022173
0 0.481705 0.175646 0.025364 0.022906
0 0.399168 0.225582 0.026195 0.022723
0 0.044802 0.933480 0.029314 0.018692
0 0.128067 0.657412 0.024532 0.016676
0 0.208628 0.979384 0.026403 0.024739
0 0.789501 0.954737 0.026819 0.019058
0 0.537630 0.315191 0.025364 0.023823
0 0.287630 0.681602 0.022661 0.023273
0 0.816840 0.729797 0.023701 0.023273
0 0.898337 0.959593 0.025364 0.022173
0 0.706653 0.361829 0.027027 0.022173
0 0.291164 0.018875 0.022661 0.025289
0 0.481913 0.153564 0.024948 0.019425
0 0.428794 0.156313 0.026403 0.022357
0 0.044906 0.435862 0.023285 0.019241
0 0.842100 0.658604 0.023077 0.019058
0 0.426507 0.411032 0.028482 0.018325
0 0.815385 0.866318 0.024532 0.018508
0 0.510811 0.152648 0.024116 0.018692
0 0.569751 0.590892 0.023909 0.021807
0 0.508420 0.365036 0.023493 0.026022
0 0.481705 0.272036 0.024116 0.025105
0 0.787214 0.473795 0.027651 0.025105
0 0.924012 0.385743 0.025988 0.023090
0 0.482225 0.890141 0.022245 0.022173
0 0.074844 0.676837 0.023285 0.024006
0 0.287110 0.845336 0.023701 0.024922
0 0.397817 0.523273 0.024324 0.022173
0 0.481705 0.369159 0.026611 0.021807
0 0.286071 0.959960 0.020790 0.024372
0 0.482225 0.703134 0.025156 0.020158
0 0.760707 0.338464 0.025364 0.022357
0 0.483264 0.936229 0.024324 0.020158
0 0.593971 0.569086 0.021206 0.020707
0 0.894802 0.799065 0.023701 0.022906
0 0.313098 0.455653 0.020374 0.022540
0 0.760083 0.681235 0.028274 0.025472
0 0.206029 0.160803 0.023285 0.026205
0 0.816632 0.977460 0.025780 0.023090
0 0.596362 0.980301 0.025572 0.024372
0 0.234200 0.683709 0.023909 0.021990
0 0.787734 0.773319 0.022037 0.019425
0 0.286071 0.938336 0.020374 0.018142
0 0.870374 0.225032 0.024324 0.023090
0 0.398441 0.155672 0.024740 0.019974
0 0.427131 0.980575 0.025572 0.024189
0 0.786902 0.178120 0.024116 0.018325
0 0.733472 0.337273 0.022453 0.020341
0 0.456965 0.202859 0.027027 0.020158
0 0.128274 0.456936 0.022037 0.024006
0 0.870582 0.587869 0.022245 0.020891
0 0.868399 0.291186 0.023285 0.020158
0 0.287942 0.728331 0.022453 0.020707
0 0.706965 0.565054 0.025572 0.028037
0 0.763098 0.979109 0.021414 0.021990
0 0.761642 0.293934 0.024324 0.020158
0 0.869439 0.841030 0.029522 0.018508
0 0.429730 0.178578 0.025364 0.023639
0 0.315073 0.958127 0.027651 0.023273
0 0.207380 0.958036 0.022245 0.018692
0 0.895738 0.774693 0.024324 0.025472
0 0.180146 0.729338 0.027235 0.024556
0 0.568191 0.955928 0.025364 0.024372
0 0.511331 0.709181 0.026403 0.023090
0 0.314865 0.937237 0.025572 0.020341
0 0.047297 0.681693 0.028482 0.023823
0 0.623181 0.479384 0.023077 0.021624
0 0.896154 0.453271 0.025988 0.021440
0 0.371414 0.935954 0.023077 0.019241
0 0.758940 0.589976 0.023493 0.022173
0 0.623701 0.567436 0.020790 0.022540
0 0.452495 0.455470 0.024324 0.021807
0 0.650832 0.341213 0.027235 0.019425
0 0.344179 0.957669 0.028482 0.022723
0 0.652079 0.480209 0.023909 0.022540
0 0.426299 0.431464 0.025988 0.023273
0 0.567152 0.928899 0.023701 0.020524
0 0.541892 0.523914 0.028067 0.024556
0 0.593867 0.294851 0.023909 0.019791
0 0.072141 0.050119 0.024532 0.020341
0 0.040125 0.159978 0.032017 0.024922
0 0.925988 0.407642 0.027859 0.025838
0 0.841476 0.290544 0.023493 0.017042
0 0.651040 0.362562 0.022245 0.024006
0 0.816424 0.042331 0.025364 0.020524
0 0.019543 0.641286 0.024948 0.024006
0 0.867983 0.476452 0.024948 0.023823
0 0.509459 0.940443 0.027235 0.022723
0 0.313202 0.797325 0.023909 0.021624
0 0.541164 0.546729 0.024532 0.019608
0 0.566840 0.271303 0.023909 0.022906
0 0.898441 0.585945 0.021414 0.023273
0 0.127131 0.618380 0.025156 0.019608
0 0.512058 0.592267 0.023701 0.025655
0 0.486486 0.018783 0.028274 0.022540
0 0.868815 0.774601 0.025780 0.025655
0 0.922557 0.822522 0.023909 0.024006
0 0.126403 0.088235 0.022453 0.024006
0 0.048025 0.956020 0.025780 0.023090
0 0.570894 0.724849 0.020790 0.024006
0 0.868295 0.821147 0.024324 0.021624
0 0.679522 0.892707 0.025988 0.024372
0 0.872141 0.957486 0.024948 0.023823
0 0.842204 0.473795 0.024948 0.024006
0 0.762994 0.701942 0.028274 0.015576
0 0.651143 0.981217 0.022869 0.023273
0 0.396985 0.802089 0.024740 0.019425
0 0.842308 0.180502 0.024740 0.022723
0 0.019958 0.801997 0.026195 0.021440
0 0.235655 0.089701 0.024740 0.019974
0 0.788254 0.062030 0.025572 0.015210
0 0.481809 0.659520 0.027651 0.020891
0 0.509563 0.293751 0.023701 0.017959
0 0.042931 0.208539 0.026403 0.022357
0 0.152807 0.363753 0.024116 0.016126
0 0.259667 0.185083 0.021622 0.020891
0 0.898337 0.269379 0.026611 0.020891
0 0.841164 0.800073 0.025364 0.021624
0 0.206237 0.823346 0.022453 0.019791
0 0.071102 0.141561 0.024948 0.020341
0 0.737006 0.955287 0.024948 0.019058
0 0.097609 0.317574 0.025572 0.021257
0 0.183472 0.887759 0.027651 0.014110
0 0.759979 0.270753 0.023077 0.023273
0 0.344179 0.271486 0.023077 0.023639
0 0.481497 0.570735 0.028274 0.023273
0 0.316736 0.108210 0.024324 0.021807
0 0.233472 0.661719 0.023285 0.023823
0 0.843451 0.044896 0.024948 0.021257
0 0.704678 0.319956 0.023909 0.024189
0 0.568295 0.040132 0.028898 0.019791
0 0.623181 0.341763 0.026403 0.021257
0 0.511746 0.730071 0.026819 0.020524
0 0.314865 0.414330 0.026403 0.017592
0 0.263617 0.112974 0.022453 0.018508
0 0.509875 0.959868 0.025572 0.019425
0 0.956237 0.981858 0.027651 0.026022
0 0.652495 0.957669 0.024740 0.024556
0 0.679626 0.914422 0.024532 0.021257
0 0.369335 0.295217 0.025988 0.021624
0 0.453742 0.319315 0.025156 0.025105
0 0.286694 0.868701 0.022037 0.023273
0 0.841996 0.451805 0.022869 0.019608
0 0.208108 0.938703 0.021622 0.021074
0 0.260395 0.935038 0.025156 0.017775
0 0.954678 0.363936 0.026611 0.022357
0 0.787734 0.452446 0.029938 0.016859
0 0.233992 0.936320 0.026403 0.021074
0 0.622037 0.362470 0.022453 0.019425
0 0.923909 0.270662 0.026195 0.020891
0 0.181081 0.089610 0.026195 0.021624
0 0.017983 0.665567 0.025572 0.027121
0 0.373285 0.179586 0.021414 0.023823
0 0.538565 0.363845 0.026819 0.022906
0 0.396985 0.342129 0.023909 0.020158
0 0.398337 0.545904 0.025780 0.019425
0 0.398960 0.587227 0.028274 0.014477
0 0.788254 0.681693 0.023909 0.016493
0 0.894387 0.472879 0.024116 0.022906
0 0.398025 0.321789 0.028898 0.022723
0 0.368919 0.319406 0.022245 0.027854
0 0.786902 0.293568 0.023701 0.019791
0 0.869335 0.158329 0.024324 0.023823
0 0.372661 0.978926 0.025156 0.015027
0 0.456861 0.042881 0.025156 0.021257
0 0.456237 0.112883 0.025988 0.022357
0 0.100208 0.210280 0.024116 0.021807
0 0.924012 0.158512 0.027651 0.027121
0 0.539293 0.269562 0.022869 0.023456
0 0.759252 0.523273 0.020374 0.023273
0 0.451663 0.434671 0.023909 0.020891
0 0.290852 0.154389 0.026611 0.019974
0 0.593971 0.548012 0.022453 0.022173
0 0.540541 0.912223 0.026195 0.021990
0 0.235239 0.067620 0.018503 0.022357
0 0.622245 0.206615 0.023285 0.022906
0 0.039709 0.274876 0.032848 0.026022
0 0.153742 0.089426 0.023493 0.022357
0 0.760083 0.433572 0.022037 0.023090
0 0.370062 0.343595 0.023701 0.021990
0 0.925364 0.429815 0.028274 0.019608
0 0.567879 0.546271 0.020582 0.021990
0 0.706861 0.018325 0.024116 0.023823
0 0.872141 0.114074 0.023701 0.024006
0 0.208940 0.707715 0.024116 0.022723
0 0.455613 0.179769 0.023077 0.020891
0 0.924844 0.952721 0.024740 0.023090
0 0.259044 0.796592 0.023701 0.012461
0 0.509563 0.436595 0.022453 0.018142
0 0.262682 0.067803 0.023909 0.024189
0 0.482225 0.133040 0.025156 0.019791
0 0.019127 0.593275 0.022869 0.022173
0 0.651975 0.457944 0.024948 0.023090
0 0.454990 0.134689 0.023493 0.022357
0 0.679002 0.406450 0.023285 0.018325
0 0.042516 0.297508 0.024324 0.019608
0 0.480561 0.589335 0.026403 0.018325
0 0.042100 0.183892 0.026819 0.024006
0 0.841268 0.134048 0.023493 0.018142
0 0.923805 0.472970 0.025156 0.026755
0 0.043555 0.230804 0.028067 0.023639
0 0.373597 0.133132 0.026195 0.019974
0 0.509667 0.980850 0.022245 0.023639
0 0.923285 0.931098 0.026195 0.021257
0 0.209148 0.686000 0.026611 0.019974
0 0.594491 0.361920 0.023909 0.020158
0 0.870374 0.136797 0.023493 0.024006
0 0.924116 0.656588 0.018711 0.019791
0 0.264657 0.132307 0.022453 0.021624
0 0.019854 0.823988 0.025156 0.023273
0 0.543451 0.609859 0.027443 0.014660
0 0.286694 0.823804 0.024532 0.024006
0 0.183160 0.609767 0.026611 0.014843
0 0.180873 0.695437 0.027443 0.040315
0 0.568087 0.387117 0.024324 0.022906
0 0.925676 0.182243 0.026403 0.021074
0 0.072141 0.026205 0.023285 0.026388
0 0.124532 0.064413 0.022037 0.019241
0 0.651351 0.566520 0.025364 0.013744
0 0.480977 0.348818 0.026403 0.019974
0 0.286590 0.775976 0.023909 0.028404
0 0.455613 0.270020 0.021830 0.019974
0 0.898025 0.518966 0.026819 0.026388
0 0.537214 0.339655 0.024948 0.022540
0 0.568191 0.569269 0.024948 0.022906
0 0.040852 0.112150 0.027235 0.023456
0 0.099168 0.047828 0.025780 0.020891
0 0.424948 0.296866 0.022453 0.017226
0 0.289917 0.090709 0.026403 0.020891
0 0.898857 0.938061 0.022661 0.020891
0 0.704990 0.341121 0.026195 0.022906
0 0.951247 0.292835 0.025156 0.022357
0 0.455509 0.158420 0.024116 0.021807
0 0.705925 0.546729 0.023493 0.019974
0 0.896050 0.127726 0.023701 0.017959
0 0.041372 0.134964 0.030769 0.022906
0 0.566632 0.155213 0.023493 0.023456
0 0.955094 0.939069 0.029938 0.025105
0 0.073389 0.932930 0.025780 0.015760
0 0.594387 0.526663 0.027027 0.025289
0 0.102703 0.231263 0.027027 0.023456
0 0.594387 0.412498 0.023285 0.020891
0 0.017152 0.914239 0.025156 0.020524
0 0.868191 0.518692 0.023285 0.024006
0 0.869335 0.566612 0.023909 0.020524
0 0.921102 0.800440 0.024740 0.021257
0 0.020478 0.571468 0.022245 0.020341
0 0.841684 0.225673 0.023493 0.019608
0 0.895218 0.821789 0.027027 0.022540
0 0.954886 0.893256 0.025364 0.025838
0 0.394595 0.298241 0.027859 0.024006
0 0.428482 0.270478 0.025780 0.025289
0 0.508316 0.339106 0.024532 0.024006
0 0.951559 0.386568 0.025364 0.021440
0 0.208004 0.115815 0.022245 0.021624
0 0.764137 0.957944 0.023493 0.019974
0 0.346362 0.177112 0.024532 0.017409
0 0.510603 0.916804 0.021622 0.024556
0 0.024116 0.707165 0.018295 0.017959
0 0.367672 0.272128 0.021830 0.021257
0 0.867152 0.797691 0.024948 0.018692
0 0.019854 0.687374 0.024324 0.023456
0 0.261123 0.045080 0.026195 0.020524
0 0.567568 0.018508 0.022869 0.021624
0 0.681393 0.939436 0.029314 0.026571
0 0.917672 0.133956 0.019543 0.021990
0 0.260083 0.164468 0.022037 0.019608
0 0.044906 0.065421 0.022869 0.023456
0 0.098233 0.024830 0.026819 0.024006
0 0.315800 0.181785 0.028274 0.024189
0 0.620790 0.436962 0.023701 0.022906
0 0.677339 0.480117 0.022869 0.023823
0 0.679002 0.958219 0.029106 0.019791
0 0.954782 0.917079 0.028067 0.017409
0 0.509459 0.313542 0.023493 0.020158
0 0.950000 0.272219 0.023493 0.017775
0 0.622245 0.458402 0.024116 0.019241
0 0.844283 0.026296 0.024116 0.017042
0 0.481289 0.296683 0.023701 0.023090
0 0.868711 0.177845 0.026403 0.017775
0 0.043347 0.090251 0.025572 0.020707
0 0.951871 0.220634 0.019751 0.020524
0 0.954886 0.405443 0.026611 0.020341
0 0.621414 0.384460 0.022453 0.020158
0 0.018295 0.894447 0.023701 0.020524
0 0.840333 0.518783 0.026195 0.023823
0 0.759252 0.814367 0.024532 0.009529
0 0.951247 0.201942 0.021830 0.019791
0 0.950832 0.655763 0.031393 0.031702
0 0.595218 0.451988 0.022869 0.027304
0 0.812370 0.545446 0.024740 0.015576
0 0.214033 0.063588 0.018919 0.021257
0 0.016632 0.933113 0.022453 0.016126
0 0.288358 0.207990 0.024532 0.017959
0 0.956653 0.997709 0.030977 0.004581
0 0.261331 0.020249 0.023285 0.025838
0 0.043035 0.043980 0.029522 0.019425
0 0.126819 0.044530 0.028274 0.016126
0 0.151871 0.065970 0.024324 0.018325
0 0.232017 0.133956 0.028274 0.020524
0 0.510187 0.016951 0.022037 0.021440
0 0.543243 0.018600 0.024532 0.020341
0 0.870998 0.017500 0.024324 0.024739
0 0.870894 0.088693 0.019543 0.022723
0 0.897921 0.010995 0.024532 0.018325
0 0.648960 0.434671 0.028067 0.020524
0 0.620270 0.412589 0.021830 0.025838
0 0.704574 0.431922 0.019543 0.017226
0 0.679626 0.426608 0.020790 0.019425
0 0.759667 0.453546 0.024532 0.021624
0 0.759771 0.477277 0.029314 0.025838
0 0.924740 0.451347 0.022037 0.021624
0 0.921206 0.515027 0.022037 0.025838
0 0.869751 0.543614 0.024324 0.024739
0 0.841684 0.543614 0.029314 0.024739
0 0.016216 0.845336 0.022037 0.022723
0 0.017879 0.870717 0.020790 0.023639
0 0.017360 0.955837 0.024324 0.023823
0 0.954158 0.961334 0.029314 0.017226
0 0.921726 0.774235 0.025572 0.027121
0 0.924116 0.678853 0.018295 0.028037
0 0.952391 0.867510 0.020790 0.023823
