0 0.489819 0.845499 0.031175 0.028720
0 0.589664 0.590679 0.030052 0.026991
0 0.060946 0.485042 0.031737 0.028720
0 0.717385 0.087821 0.028507 0.030714
0 0.098231 0.313123 0.030754 0.028454
0 0.806558 0.330940 0.029350 0.029783
0 0.864556 0.616740 0.028226 0.028587
0 0.250105 0.651974 0.031175 0.029916
0 0.868909 0.358396 0.032158 0.029384
0 0.717315 0.146789 0.028929 0.027390
0 0.598160 0.147321 0.029631 0.031911
0 0.738731 0.762266 0.029069 0.028986
0 0.806979 0.147387 0.028788 0.028587
0 0.712400 0.501529 0.030333 0.026858
0 0.618242 0.702633 0.029350 0.026193
0 0.533914 0.213602 0.028929 0.033107
0 0.714436 0.531778 0.030754 0.029650
0 0.439334 0.334929 0.033844 0.029251
0 0.088611 0.824292 0.032018 0.026991
0 0.250737 0.508111 0.029912 0.027789
0 0.627931 0.116806 0.030192 0.030714
0 0.459065 0.818375 0.029209 0.026326
0 0.252142 0.337655 0.030754 0.027789
0 0.832538 0.646457 0.030192 0.026858
0 0.628634 0.148252 0.031316 0.028454
0 0.567757 0.117538 0.030333 0.032442
0 0.368839 0.846231 0.028507 0.027523
0 0.161775 0.252825 0.030333 0.029916
0 0.592964 0.473142 0.028507 0.030182
0 0.248912 0.624119 0.028788 0.027922
0 0.680312 0.674112 0.028507 0.026592
0 0.652647 0.501529 0.029631 0.028454
0 0.525769 0.561893 0.029490 0.030847
0 0.194074 0.185547 0.028929 0.029916
0 0.437509 0.364579 0.031316 0.028720
0 0.121823 0.710012 0.029631 0.028720
0 0.896714 0.616540 0.033844 0.030581
0 0.428943 0.845832 0.029350 0.027523
0 0.283457 0.394030 0.031597 0.027257
0 0.134532 0.119133 0.030614 0.029517
0 0.461592 0.789456 0.030895 0.028587
0 0.594790 0.302553 0.030192 0.028587
0 0.742382 0.616740 0.028226 0.028587
0 0.557927 0.590546 0.029209 0.026991
0 0.687123 0.147720 0.028086 0.029783
0 0.903384 0.298498 0.034546 0.027390
0 0.442424 0.213801 0.031878 0.033772
0 0.283598 0.366042 0.030473 0.026858
0 0.618312 0.618867 0.026120 0.029916
0 0.585241 0.817179 0.027665 0.030049
0 0.528929 0.473674 0.031597 0.028055
0 0.518888 0.845167 0.030052 0.026991
0 0.338085 0.762997 0.027946 0.026459
0 0.708538 0.761601 0.029069 0.028188
0 0.378669 0.183021 0.029350 0.030980
0 0.285283 0.152506 0.029912 0.033240
0 0.588752 0.702899 0.028507 0.029650
0 0.124772 0.568076 0.027665 0.028853
0 0.774681 0.470350 0.028507 0.028321
0 0.433436 0.620197 0.031597 0.029118
0 0.251369 0.366840 0.028929 0.028188
0 0.550555 0.874219 0.034686 0.029783
0 0.217736 0.567278 0.030473 0.029916
0 0.713383 0.442361 0.030895 0.027922
0 0.806839 0.117471 0.028226 0.030182
0 0.527805 0.531778 0.030473 0.026991
0 0.595913 0.272969 0.029912 0.030315
0 0.220966 0.282143 0.028226 0.029517
0 0.219000 0.596197 0.032720 0.029783
0 0.219632 0.422949 0.028929 0.027922
0 0.339348 0.874817 0.030754 0.032044
0 0.282825 0.422417 0.030052 0.028986
0 0.765904 0.846962 0.026963 0.027922
0 0.747507 0.211607 0.028929 0.029118
0 0.832889 0.590746 0.030895 0.030847
0 0.679048 0.733945 0.031878 0.028188
0 0.529841 0.416833 0.032299 0.027656
0 0.806769 0.211607 0.029771 0.033639
0 0.250035 0.394628 0.027946 0.027390
0 0.222370 0.251230 0.027665 0.033639
0 0.536933 0.087289 0.030473 0.030182
0 0.429574 0.818109 0.030895 0.026592
0 0.652928 0.471413 0.026822 0.027789
0 0.250737 0.420955 0.027665 0.027922
0 0.558419 0.562824 0.032158 0.026592
0 0.806698 0.242853 0.027946 0.028321
0 0.094369 0.511302 0.029209 0.029916
0 0.190352 0.283539 0.031597 0.027257
0 0.402050 0.474206 0.029771 0.026991
0 0.099354 0.254620 0.030473 0.032974
0 0.713313 0.472344 0.031316 0.028587
0 0.223705 0.087089 0.031175 0.032708
0 0.284300 0.088153 0.031316 0.026592
0 0.806839 0.271241 0.028226 0.027922
0 0.564457 0.362119 0.029631 0.027789
0 0.398048 0.846297 0.031035 0.027656
0 0.647100 0.761135 0.028086 0.026459
0 0.248912 0.595400 0.027946 0.027390
0 0.835206 0.330408 0.031597 0.029517
0 0.342789 0.477862 0.027805 0.029517
0 0.505196 0.180096 0.031316 0.030182
0 0.902542 0.270443 0.032580 0.029517
0 0.400857 0.762864 0.026822 0.028587
0 0.744277 0.469020 0.029771 0.029118
0 0.496770 0.532376 0.029631 0.030581
0 0.682418 0.470416 0.028226 0.029251
0 0.154964 0.764991 0.031597 0.029118
0 0.524505 0.592541 0.028648 0.029118
0 0.527665 0.503856 0.027103 0.028853
0 0.532790 0.332469 0.031175 0.028587
0 0.369400 0.817843 0.031035 0.025263
0 0.870875 0.148185 0.034686 0.031512
0 0.618312 0.674910 0.031175 0.027124
0 0.868347 0.328746 0.031035 0.029118
0 0.708117 0.789722 0.027946 0.027523
0 0.339699 0.846098 0.030052 0.025130
0 0.564317 0.304813 0.027665 0.028321
0 0.564457 0.332801 0.029069 0.028188
0 0.674343 0.845366 0.027805 0.025263
0 0.739854 0.732549 0.031035 0.026725
0 0.465384 0.589616 0.027805 0.025396
0 0.592192 0.502859 0.029490 0.027656
0 0.901489 0.386518 0.031035 0.029517
0 0.439054 0.180162 0.033001 0.027922
0 0.129757 0.312591 0.030895 0.029251
0 0.134953 0.087821 0.030895 0.029384
0 0.090086 0.794974 0.031316 0.028454
0 0.554908 0.675110 0.032439 0.026991
0 0.432594 0.675841 0.028788 0.023667
0 0.339770 0.789456 0.029631 0.027523
0 0.586715 0.761933 0.031737 0.028321
0 0.599143 0.117272 0.028507 0.028188
0 0.314352 0.338785 0.030192 0.030049
0 0.806067 0.180295 0.027805 0.026858
0 0.805294 0.360059 0.028507 0.027922
0 0.738871 0.790254 0.026822 0.025661
0 0.156860 0.508111 0.030895 0.029916
0 0.831625 0.675309 0.032861 0.030581
0 0.862309 0.674644 0.026822 0.032442
0 0.280087 0.651642 0.029912 0.031113
0 0.626878 0.274365 0.029209 0.023800
0 0.648715 0.646390 0.029631 0.027257
0 0.712751 0.587621 0.030473 0.028321
0 0.744348 0.440899 0.029069 0.027124
0 0.533001 0.245978 0.029350 0.027124
0 0.770959 0.618269 0.029490 0.029251
0 0.189369 0.369033 0.026822 0.027523
0 0.552942 0.734477 0.029069 0.027656
0 0.716402 0.118668 0.028507 0.029118
0 0.747016 0.086890 0.030192 0.034171
0 0.715911 0.386917 0.030614 0.026326
0 0.278261 0.705425 0.030192 0.028587
0 0.187403 0.736072 0.029350 0.028454
0 0.686561 0.301356 0.026120 0.032575
0 0.473529 0.151376 0.033141 0.031512
0 0.555119 0.703829 0.032580 0.027789
0 0.493189 0.619333 0.027524 0.030315
0 0.655385 0.330940 0.026963 0.026592
0 0.059823 0.571666 0.030333 0.029650
0 0.564457 0.273966 0.028788 0.029650
0 0.776647 0.118801 0.028507 0.029650
0 0.684806 0.359859 0.027384 0.026193
0 0.505828 0.119266 0.026963 0.031911
0 0.566002 0.213934 0.031878 0.033772
0 0.318424 0.119731 0.032439 0.028321
0 0.220053 0.395426 0.028367 0.023933
0 0.285353 0.280814 0.027524 0.028188
0 0.283668 0.338984 0.027524 0.027523
0 0.475776 0.087023 0.032299 0.032044
0 0.894678 0.645792 0.032861 0.026326
0 0.677924 0.761069 0.030754 0.026592
0 0.707485 0.817577 0.025839 0.025794
0 0.776576 0.271772 0.030895 0.027390
0 0.187614 0.480056 0.030895 0.030714
0 0.681646 0.531977 0.027805 0.028188
0 0.346861 0.183885 0.031175 0.027922
0 0.157211 0.425941 0.026822 0.025130
0 0.101109 0.121726 0.033703 0.028853
0 0.893624 0.704494 0.030192 0.030448
0 0.681154 0.501728 0.025979 0.029384
0 0.567757 0.149049 0.030614 0.029517
0 0.520292 0.815583 0.029490 0.029517
0 0.744277 0.561295 0.029490 0.027789
0 0.126246 0.480056 0.028367 0.027257
0 0.593456 0.389177 0.030052 0.027124
0 0.868839 0.086358 0.031456 0.029916
0 0.837242 0.300492 0.030333 0.026060
0 0.216613 0.653238 0.031035 0.027922
0 0.220545 0.507778 0.028788 0.023667
0 0.375509 0.336192 0.027524 0.023800
0 0.772995 0.676838 0.034124 0.029118
0 0.471493 0.246377 0.029350 0.028986
0 0.497332 0.417897 0.029631 0.023401
0 0.460890 0.760936 0.031456 0.028986
0 0.589735 0.560497 0.029069 0.029384
0 0.458082 0.847427 0.029490 0.030182
0 0.768782 0.791185 0.029350 0.025927
0 0.220124 0.368236 0.031035 0.027523
0 0.340472 0.650379 0.029350 0.030714
0 0.311192 0.565217 0.028367 0.029783
0 0.221879 0.311262 0.030895 0.028454
0 0.372771 0.505318 0.029069 0.029916
0 0.155526 0.708749 0.033282 0.026725
0 0.473248 0.215197 0.029771 0.027257
0 0.376632 0.248903 0.032299 0.026858
0 0.868417 0.387116 0.030614 0.023534
0 0.160090 0.369698 0.032018 0.025927
0 0.622595 0.532243 0.029069 0.025263
0 0.158615 0.397554 0.027103 0.029517
0 0.597037 0.213004 0.028507 0.029783
0 0.344193 0.364313 0.029209 0.027656
0 0.505758 0.149714 0.027946 0.026858
0 0.559753 0.531778 0.029209 0.031246
0 0.314843 0.308470 0.030895 0.031113
0 0.644572 0.816713 0.028648 0.030448
0 0.711979 0.618668 0.030052 0.030315
0 0.091139 0.599122 0.029209 0.027922
0 0.219632 0.450671 0.026120 0.026459
0 0.318144 0.214799 0.032439 0.032575
0 0.678205 0.789523 0.029912 0.027656
0 0.282615 0.505451 0.031316 0.031512
0 0.491293 0.760338 0.027103 0.028587
0 0.489187 0.873621 0.027384 0.026725
0 0.223564 0.122524 0.028086 0.031512
0 0.903103 0.239330 0.033984 0.028454
0 0.217385 0.738133 0.030895 0.026725
0 0.836329 0.149781 0.031878 0.029384
0 0.587558 0.675110 0.028086 0.023800
0 0.591911 0.531645 0.031737 0.029650
0 0.400716 0.705890 0.028788 0.026858
0 0.318635 0.151642 0.031737 0.031246
0 0.683542 0.416567 0.026822 0.026326
0 0.310279 0.677902 0.026822 0.027789
0 0.687684 0.180162 0.030614 0.032442
0 0.189721 0.397753 0.026682 0.027523
0 0.686140 0.211607 0.027243 0.026991
0 0.559051 0.473807 0.029209 0.031512
0 0.125404 0.509573 0.028367 0.025396
0 0.865679 0.470682 0.029631 0.029517
0 0.440809 0.147321 0.030333 0.029517
0 0.402191 0.648318 0.029490 0.024731
0 0.828746 0.790520 0.029912 0.025396
0 0.194425 0.217990 0.031316 0.030714
0 0.440107 0.305212 0.032580 0.026991
0 0.715840 0.209813 0.028507 0.029783
0 0.648083 0.618202 0.028929 0.027523
0 0.622525 0.416966 0.028929 0.025263
0 0.220756 0.340181 0.032018 0.029118
0 0.218438 0.681425 0.031316 0.025263
0 0.367856 0.788393 0.031316 0.028587
0 0.655034 0.389177 0.027384 0.023933
0 0.596686 0.180428 0.028929 0.030315
0 0.375088 0.309001 0.028929 0.028986
0 0.374456 0.393964 0.028507 0.028454
0 0.100337 0.152373 0.028507 0.027922
0 0.870454 0.119067 0.033001 0.029384
0 0.121753 0.627244 0.028648 0.024864
0 0.398750 0.817910 0.025137 0.026459
0 0.497683 0.502327 0.030333 0.028454
0 0.558910 0.502593 0.031175 0.024997
0 0.904578 0.119067 0.033001 0.030448
0 0.528086 0.444622 0.027946 0.028188
0 0.626808 0.179564 0.029631 0.030714
0 0.655245 0.361388 0.027243 0.028986
0 0.278121 0.792182 0.029631 0.029251
0 0.829308 0.763196 0.029912 0.030049
0 0.164303 0.122391 0.029490 0.027789
0 0.249263 0.566015 0.028086 0.028986
0 0.469808 0.363117 0.029912 0.027656
0 0.835627 0.471214 0.032439 0.026326
0 0.716262 0.329743 0.029069 0.027656
0 0.775593 0.414440 0.030333 0.023933
0 0.378247 0.216992 0.029350 0.030315
0 0.129827 0.218189 0.028226 0.034836
0 0.507021 0.087156 0.031316 0.027257
0 0.436877 0.502992 0.030895 0.024465
0 0.461312 0.705957 0.033422 0.028321
0 0.312105 0.594136 0.029069 0.023800
0 0.772012 0.647587 0.031878 0.029916
0 0.835627 0.359460 0.029350 0.026725
0 0.591981 0.443159 0.029631 0.030581
0 0.186912 0.564885 0.028929 0.028055
0 0.252563 0.309932 0.027665 0.024997
0 0.503792 0.212937 0.031035 0.030714
0 0.556031 0.646191 0.029069 0.025794
0 0.537284 0.118468 0.028086 0.028986
0 0.400365 0.735474 0.027243 0.026991
0 0.097950 0.285068 0.027946 0.024731
0 0.188106 0.596995 0.028507 0.030049
0 0.188948 0.426340 0.032158 0.026991
0 0.216472 0.790520 0.030192 0.026193
0 0.653771 0.415237 0.026260 0.026060
0 0.366802 0.874285 0.025277 0.029118
0 0.905140 0.208416 0.033282 0.031512
0 0.402472 0.676838 0.029771 0.029118
0 0.775734 0.386584 0.029771 0.023534
0 0.623227 0.503125 0.026401 0.028986
0 0.649909 0.588619 0.030333 0.027390
0 0.092052 0.570403 0.031316 0.027124
0 0.552591 0.761534 0.030052 0.026459
0 0.094018 0.480787 0.031035 0.029517
0 0.658335 0.147454 0.030052 0.030315
0 0.347564 0.119200 0.027805 0.027789
0 0.657211 0.212605 0.029771 0.030049
0 0.438492 0.275495 0.031035 0.027390
0 0.189369 0.341245 0.027665 0.026725
0 0.777208 0.148650 0.027946 0.032177
0 0.768853 0.762465 0.031456 0.026991
0 0.404157 0.445885 0.031175 0.026725
0 0.059963 0.513562 0.031175 0.028055
0 0.835767 0.441564 0.033844 0.031911
0 0.164654 0.150246 0.028226 0.029251
0 0.625685 0.301423 0.028788 0.029783
0 0.807050 0.086691 0.029771 0.030581
0 0.187614 0.536365 0.029771 0.024731
0 0.614591 0.817444 0.028788 0.026592
0 0.518115 0.874884 0.028788 0.028188
0 0.065510 0.256016 0.032439 0.029916
0 0.771942 0.705159 0.030614 0.028055
0 0.493821 0.590746 0.027384 0.026858
0 0.804803 0.386518 0.027805 0.023401
0 0.372560 0.475070 0.028648 0.026858
0 0.863221 0.733280 0.027524 0.029251
0 0.747086 0.147321 0.029209 0.030315
0 0.193653 0.120463 0.028086 0.031911
0 0.870173 0.180229 0.031035 0.029118
0 0.433858 0.532575 0.030192 0.026725
0 0.776647 0.211475 0.027665 0.028853
0 0.194074 0.152041 0.028648 0.029118
0 0.403876 0.504388 0.032861 0.028321
0 0.776295 0.300492 0.028086 0.027656
0 0.253405 0.088087 0.028788 0.028853
0 0.189580 0.452666 0.031175 0.025927
0 0.769063 0.819638 0.029912 0.025396
0 0.155175 0.537296 0.027524 0.027390
0 0.400365 0.620330 0.026120 0.028055
0 0.617610 0.647055 0.029771 0.024598
0 0.430136 0.704561 0.026401 0.026592
0 0.680382 0.646855 0.028086 0.027922
0 0.551467 0.846098 0.033141 0.028853
0 0.433928 0.591145 0.033422 0.028720
0 0.520643 0.786598 0.029069 0.024465
0 0.905280 0.086491 0.036090 0.031246
0 0.089664 0.711408 0.031597 0.030714
0 0.595773 0.242986 0.027946 0.027523
0 0.277840 0.848092 0.029350 0.026459
0 0.104199 0.089217 0.030052 0.034304
0 0.397205 0.875349 0.031316 0.027523
0 0.805294 0.300492 0.028226 0.028720
0 0.868909 0.269579 0.032439 0.030448
0 0.278964 0.677902 0.033001 0.023534
0 0.681856 0.589017 0.029631 0.030581
0 0.648153 0.674844 0.027665 0.027523
0 0.679820 0.619598 0.031456 0.024731
0 0.744207 0.529118 0.029631 0.025661
0 0.804101 0.501596 0.029209 0.026725
0 0.567687 0.084430 0.027103 0.030847
0 0.373824 0.446018 0.027805 0.028587
0 0.644081 0.844702 0.028507 0.024465
0 0.552731 0.790187 0.030333 0.028986
0 0.222932 0.215596 0.024856 0.032044
0 0.465525 0.503457 0.028086 0.024598
0 0.252422 0.218787 0.029912 0.029916
0 0.775032 0.500465 0.027243 0.027656
0 0.491293 0.788858 0.027665 0.027656
0 0.313439 0.365909 0.028086 0.025263
0 0.216543 0.709813 0.031175 0.027257
0 0.317301 0.251629 0.031878 0.030448
0 0.831063 0.733746 0.034265 0.027789
0 0.524294 0.620662 0.029350 0.025529
0 0.406053 0.363648 0.029350 0.031113
0 0.902542 0.356402 0.034546 0.027523
0 0.744909 0.414838 0.028226 0.024997
0 0.802907 0.589283 0.026260 0.026592
0 0.499789 0.362186 0.026963 0.031911
0 0.902682 0.326286 0.028929 0.027390
0 0.650822 0.560497 0.027946 0.025927
0 0.472897 0.184284 0.031597 0.033506
0 0.055821 0.739463 0.030473 0.029118
0 0.775383 0.360457 0.028226 0.026060
0 0.835136 0.500199 0.031175 0.028986
0 0.836470 0.117139 0.032720 0.027390
0 0.121963 0.680561 0.029069 0.022736
0 0.429574 0.762066 0.030333 0.028853
0 0.253897 0.250964 0.031737 0.028055
0 0.429013 0.790254 0.027805 0.022736
0 0.746384 0.300824 0.028086 0.027257
0 0.164162 0.088951 0.032299 0.032177
0 0.864696 0.558968 0.031597 0.027656
0 0.254178 0.120330 0.030895 0.030847
0 0.189510 0.312458 0.030754 0.030847
0 0.497051 0.473408 0.031035 0.030714
0 0.502879 0.304015 0.029490 0.031778
0 0.371507 0.676240 0.029912 0.028454
0 0.898820 0.469352 0.035248 0.027390
0 0.524365 0.648119 0.030895 0.026725
0 0.339419 0.818176 0.025839 0.029384
0 0.370103 0.760338 0.033282 0.024598
0 0.863292 0.645925 0.025979 0.022072
0 0.705659 0.845366 0.029209 0.027124
0 0.458854 0.876679 0.028507 0.026725
0 0.773276 0.588818 0.027665 0.026193
0 0.777208 0.241723 0.030754 0.028454
0 0.804311 0.442893 0.028788 0.030847
0 0.503300 0.332868 0.029771 0.024598
0 0.863573 0.588020 0.027103 0.025661
0 0.254459 0.151509 0.028648 0.032575
0 0.684665 0.388313 0.026541 0.029118
0 0.096265 0.398351 0.030473 0.027124
0 0.436245 0.446084 0.033001 0.029251
0 0.131864 0.151775 0.028086 0.033373
0 0.372069 0.534703 0.026822 0.026991
0 0.308735 0.876147 0.026541 0.028587
0 0.747367 0.117737 0.028367 0.022470
0 0.058208 0.654301 0.032720 0.028188
0 0.627440 0.086292 0.028086 0.031645
0 0.859500 0.874352 0.029912 0.031113
0 0.587488 0.647254 0.028507 0.029251
0 0.254669 0.184683 0.030192 0.030315
0 0.218649 0.536830 0.026401 0.026991
0 0.655034 0.245247 0.026822 0.028853
0 0.620770 0.588751 0.027665 0.027390
0 0.625263 0.331339 0.028788 0.027922
0 0.374526 0.364313 0.026682 0.026592
0 0.283949 0.309999 0.028929 0.029118
0 0.867505 0.299495 0.028788 0.026991
0 0.708819 0.646855 0.028788 0.024199
0 0.494664 0.561627 0.026822 0.024731
0 0.247648 0.680162 0.025137 0.024332
0 0.832257 0.559965 0.030754 0.026459
0 0.089945 0.654501 0.029069 0.030980
0 0.060946 0.426606 0.029771 0.026459
0 0.436736 0.475336 0.028929 0.029251
0 0.777489 0.180362 0.027103 0.028321
0 0.278753 0.622922 0.030052 0.025794
0 0.892501 0.735009 0.028788 0.030315
0 0.738941 0.817511 0.027524 0.025130
0 0.125053 0.538758 0.029350 0.029517
0 0.407106 0.335195 0.027243 0.023933
0 0.444179 0.084763 0.031456 0.026991
0 0.741188 0.646922 0.026682 0.028055
0 0.344334 0.393498 0.028086 0.024598
0 0.342368 0.563422 0.028086 0.024066
0 0.339348 0.735075 0.028788 0.026991
0 0.583485 0.874352 0.028367 0.032177
0 0.439054 0.247042 0.030473 0.026858
0 0.587417 0.732549 0.028086 0.028853
0 0.185297 0.791384 0.026822 0.025263
0 0.536652 0.147919 0.028788 0.027523
0 0.532861 0.303151 0.031035 0.024731
0 0.405491 0.418162 0.031878 0.028454
0 0.278261 0.734477 0.028507 0.026326
0 0.746735 0.243252 0.026822 0.029650
0 0.766816 0.877742 0.031597 0.033905
0 0.737677 0.845832 0.024996 0.027523
0 0.187684 0.509573 0.026822 0.027257
0 0.592473 0.416368 0.028086 0.026459
0 0.346370 0.336923 0.028226 0.026326
0 0.248420 0.707685 0.027243 0.028321
0 0.682278 0.442162 0.027103 0.023002
0 0.625614 0.358995 0.029490 0.026858
0 0.157281 0.480455 0.028929 0.024332
0 0.465665 0.560564 0.026963 0.024465
0 0.308454 0.735607 0.029631 0.030980
0 0.379090 0.088353 0.031035 0.026459
0 0.658335 0.114878 0.028086 0.026326
0 0.281070 0.535567 0.031035 0.026326
0 0.717034 0.179431 0.027805 0.027523
0 0.185929 0.624784 0.028367 0.022869
0 0.155456 0.567278 0.028086 0.028321
0 0.646819 0.788260 0.030614 0.024332
0 0.250386 0.449741 0.028086 0.028587
0 0.588330 0.617870 0.027946 0.027656
0 0.461312 0.732948 0.029209 0.022736
0 0.895310 0.586092 0.029631 0.026592
0 0.801643 0.619598 0.025979 0.028454
0 0.746244 0.388047 0.027243 0.024864
0 0.281632 0.594003 0.030754 0.031778
0 0.593947 0.360391 0.027665 0.030182
0 0.773206 0.558769 0.026963 0.027257
0 0.221387 0.480322 0.029069 0.029384
0 0.565370 0.179165 0.028367 0.024864
0 0.159318 0.312458 0.027665 0.029517
0 0.775664 0.329943 0.028226 0.024332
0 0.400084 0.591544 0.027243 0.025263
0 0.865539 0.442095 0.029069 0.024731
0 0.907176 0.148119 0.034546 0.028188
0 0.193512 0.251695 0.032018 0.029517
0 0.185297 0.846762 0.027103 0.025927
0 0.499228 0.393033 0.029209 0.024731
0 0.523030 0.702899 0.032158 0.028853
0 0.744909 0.499069 0.027946 0.028055
0 0.835838 0.179896 0.029490 0.029251
0 0.778261 0.086358 0.030333 0.026193
0 0.472827 0.306010 0.027805 0.025927
0 0.836680 0.242122 0.028929 0.024997
0 0.127159 0.452799 0.028788 0.027789
0 0.192950 0.088419 0.026401 0.030049
0 0.127791 0.423747 0.028929 0.028720
0 0.614099 0.872557 0.029490 0.029384
0 0.828816 0.846098 0.029209 0.026725
0 0.341595 0.621061 0.031316 0.026060
0 0.131934 0.182290 0.028507 0.027922
0 0.739784 0.705159 0.028929 0.025396
0 0.586154 0.788658 0.029209 0.025661
0 0.157983 0.451802 0.026963 0.027922
0 0.284932 0.215729 0.028648 0.029916
0 0.406684 0.306342 0.028648 0.029517
0 0.248771 0.536365 0.026822 0.025263
0 0.154122 0.681359 0.030473 0.026725
0 0.342578 0.506980 0.027103 0.023135
0 0.437719 0.419027 0.030614 0.026725
0 0.160441 0.282808 0.030754 0.027922
0 0.465173 0.619000 0.027384 0.024066
0 0.250527 0.478859 0.028086 0.026991
0 0.709170 0.731352 0.029771 0.025130
0 0.277630 0.820303 0.031175 0.024864
0 0.410968 0.119067 0.031878 0.026725
0 0.470229 0.278022 0.025418 0.027656
0 0.400365 0.790121 0.025839 0.026991
0 0.060876 0.455392 0.031316 0.028188
0 0.403103 0.533440 0.031597 0.027656
0 0.370103 0.648252 0.026541 0.028587
0 0.375369 0.280215 0.028086 0.028055
0 0.313509 0.420689 0.026822 0.028454
0 0.433226 0.561428 0.027805 0.028321
0 0.340823 0.593073 0.028086 0.029118
0 0.490170 0.817179 0.029912 0.027390
0 0.833731 0.620463 0.033141 0.026193
0 0.647943 0.733945 0.030052 0.026060
0 0.476338 0.118934 0.030614 0.027523
0 0.247578 0.735740 0.028648 0.025927
0 0.464612 0.474737 0.028788 0.030448
0 0.099494 0.216328 0.028788 0.030315
0 0.160862 0.217524 0.030192 0.033240
0 0.803820 0.471613 0.028648 0.026326
0 0.347353 0.248371 0.025418 0.028986
0 0.161986 0.181957 0.031035 0.029118
0 0.404929 0.391770 0.028788 0.024598
0 0.152717 0.737136 0.031316 0.026858
0 0.286477 0.116806 0.033422 0.026193
0 0.098511 0.341776 0.027103 0.026991
0 0.686140 0.331272 0.030052 0.025130
0 0.870524 0.209081 0.032018 0.023800
0 0.862449 0.705425 0.025137 0.025661
0 0.492136 0.732083 0.029912 0.026592
0 0.683120 0.560032 0.029350 0.022603
0 0.401629 0.562957 0.030614 0.024731
0 0.897697 0.527789 0.031597 0.025661
0 0.308594 0.791783 0.026541 0.027390
0 0.770819 0.732815 0.030333 0.025927
0 0.709591 0.675043 0.026401 0.028720
0 0.347844 0.216527 0.028086 0.030714
0 0.281632 0.450937 0.028788 0.024864
0 0.433296 0.648052 0.029350 0.023933
0 0.313720 0.447281 0.026401 0.021806
0 0.556453 0.619000 0.031035 0.025661
0 0.411389 0.086491 0.030754 0.033639
0 0.431400 0.731818 0.028367 0.025794
0 0.344404 0.420024 0.029912 0.026326
0 0.686491 0.118535 0.027384 0.025661
0 0.558910 0.443957 0.028929 0.023135
0 0.774189 0.529118 0.028929 0.024332
0 0.687965 0.242189 0.028367 0.031246
0 0.531316 0.388579 0.030473 0.027523
0 0.503651 0.244715 0.031316 0.030182
0 0.059893 0.542082 0.031035 0.026592
0 0.093877 0.540287 0.031316 0.025396
0 0.492838 0.675309 0.027946 0.027656
0 0.217175 0.624850 0.031316 0.024864
0 0.127931 0.397487 0.028648 0.025661
0 0.065932 0.183686 0.029350 0.029118
0 0.864907 0.529783 0.028648 0.027789
0 0.100267 0.183087 0.028929 0.030581
0 0.552731 0.817577 0.031456 0.024199
0 0.522188 0.731951 0.030192 0.025263
0 0.867715 0.239263 0.031456 0.026459
0 0.861045 0.818043 0.030473 0.030448
0 0.744909 0.330674 0.024856 0.025263
0 0.866030 0.415237 0.030614 0.024997
0 0.309577 0.847028 0.030473 0.025130
0 0.805294 0.412578 0.027665 0.026858
0 0.370103 0.707951 0.028788 0.024864
0 0.627721 0.213270 0.029209 0.026060
0 0.252071 0.281412 0.030333 0.024864
0 0.536863 0.178633 0.027524 0.028587
0 0.318424 0.088286 0.033563 0.028986
0 0.716683 0.244515 0.028226 0.026326
0 0.349670 0.088619 0.028648 0.031778
0 0.159458 0.341311 0.026541 0.024997
0 0.088611 0.766520 0.037073 0.026060
0 0.618663 0.732482 0.027103 0.026858
0 0.835557 0.413642 0.026401 0.022337
0 0.308805 0.764061 0.029209 0.024066
0 0.312737 0.393299 0.024716 0.024199
0 0.465454 0.532044 0.027103 0.029650
0 0.893273 0.673182 0.032861 0.027124
0 0.377826 0.120263 0.026260 0.027789
0 0.312807 0.506781 0.027946 0.023002
0 0.714155 0.301888 0.024294 0.025130
0 0.836329 0.386917 0.031035 0.029783
0 0.097107 0.370695 0.029069 0.026326
0 0.503089 0.275296 0.032720 0.023534
0 0.623648 0.388845 0.028929 0.026991
0 0.285002 0.183486 0.029350 0.025794
0 0.532439 0.360524 0.031597 0.025661
0 0.186350 0.818974 0.032299 0.027789
0 0.746595 0.358729 0.024013 0.023933
0 0.095422 0.425209 0.027384 0.024731
0 0.344615 0.447680 0.029209 0.026060
0 0.087558 0.851150 0.029069 0.023268
0 0.898118 0.499601 0.031878 0.025927
0 0.436385 0.391504 0.029631 0.024066
0 0.533352 0.274897 0.026401 0.028853
0 0.740416 0.677104 0.029350 0.024864
0 0.153911 0.598192 0.030052 0.026060
0 0.745471 0.272903 0.025979 0.028055
0 0.744137 0.589616 0.028929 0.024598
0 0.128212 0.342973 0.028367 0.027257
0 0.860483 0.788525 0.028507 0.025927
0 0.467912 0.444422 0.028648 0.023800
0 0.089735 0.625116 0.027524 0.023002
0 0.277559 0.763861 0.026260 0.024997
0 0.494102 0.649249 0.027665 0.030049
0 0.834784 0.532177 0.030754 0.027523
0 0.497332 0.443691 0.028226 0.023135
0 0.371156 0.563422 0.027524 0.026991
0 0.280508 0.564287 0.029912 0.025529
0 0.804030 0.529783 0.027665 0.024864
0 0.216332 0.847228 0.030754 0.029517
0 0.836189 0.210012 0.029069 0.025661
0 0.687614 0.271839 0.028788 0.022470
0 0.310701 0.621726 0.026541 0.025529
0 0.373824 0.420489 0.027243 0.020875
0 0.467139 0.417764 0.025418 0.024199
0 0.122876 0.598591 0.023592 0.029783
0 0.836048 0.271241 0.028507 0.029517
0 0.712470 0.414838 0.027946 0.026592
0 0.648364 0.703763 0.028086 0.027656
0 0.370594 0.735075 0.028929 0.024598
0 0.564598 0.244050 0.028507 0.024864
0 0.339489 0.678168 0.028226 0.022204
0 0.523452 0.674179 0.025699 0.025396
0 0.347704 0.152373 0.024996 0.026326
0 0.615925 0.789523 0.024716 0.025263
0 0.560946 0.417764 0.030192 0.027922
0 0.584117 0.844702 0.025699 0.021806
0 0.185508 0.706156 0.024996 0.024731
0 0.471071 0.334198 0.027665 0.028321
0 0.069794 0.151908 0.031175 0.028587
0 0.443266 0.118468 0.032158 0.024199
0 0.657562 0.302087 0.031597 0.026592
0 0.346159 0.305478 0.026401 0.027523
0 0.903735 0.176572 0.032439 0.024465
0 0.657632 0.178899 0.026963 0.028055
0 0.186982 0.651443 0.025979 0.027257
0 0.128774 0.283539 0.028648 0.024864
0 0.223985 0.183353 0.026682 0.027922
0 0.285143 0.249967 0.027103 0.025263
0 0.653139 0.529650 0.027243 0.026991
0 0.057576 0.681691 0.031456 0.025529
0 0.898820 0.441098 0.034686 0.028321
0 0.056944 0.625848 0.027946 0.026592
0 0.622946 0.444156 0.029490 0.028853
0 0.372139 0.617803 0.028367 0.028055
0 0.313369 0.478793 0.024294 0.029783
0 0.492908 0.701968 0.026682 0.025396
0 0.563755 0.389509 0.029069 0.024864
0 0.120489 0.739396 0.029490 0.025794
0 0.623719 0.473075 0.029631 0.025263
0 0.280789 0.477131 0.027665 0.023002
0 0.462575 0.675907 0.030052 0.025396
0 0.626036 0.243851 0.026401 0.028454
0 0.774821 0.442361 0.029631 0.022603
0 0.341736 0.535168 0.028226 0.024465
0 0.861255 0.760936 0.026963 0.022869
0 0.090998 0.681292 0.028929 0.026592
0 0.155947 0.850419 0.032439 0.030049
0 0.123438 0.654368 0.029771 0.027523
0 0.345387 0.277889 0.024294 0.026326
0 0.054978 0.707486 0.029069 0.024997
0 0.311824 0.533772 0.027665 0.022736
0 0.377756 0.151376 0.024716 0.025661
0 0.715068 0.361189 0.028648 0.026193
0 0.594369 0.331538 0.030754 0.025661
0 0.463839 0.647853 0.026120 0.028853
0 0.468684 0.391371 0.025137 0.026991
0 0.222862 0.153636 0.025839 0.024332
0 0.317231 0.181625 0.028367 0.024465
0 0.736133 0.876546 0.029771 0.029118
0 0.408299 0.151509 0.024575 0.029916
0 0.899523 0.412379 0.025699 0.019279
0 0.189159 0.763595 0.030614 0.026060
0 0.858938 0.845832 0.027665 0.021673
0 0.652998 0.442095 0.024435 0.021274
0 0.407597 0.249967 0.028226 0.024731
0 0.678556 0.703364 0.026682 0.027656
0 0.277630 0.876612 0.032018 0.024997
0 0.687263 0.089350 0.030614 0.028720
0 0.598511 0.083832 0.028648 0.029384
0 0.185929 0.680362 0.024996 0.025263
0 0.716121 0.273833 0.029069 0.026459
0 0.709521 0.702633 0.023452 0.024332
0 0.865749 0.500066 0.028929 0.022603
0 0.072462 0.088286 0.031175 0.033506
0 0.053293 0.848757 0.029350 0.029650
0 0.128985 0.369632 0.026260 0.022072
0 0.217034 0.877942 0.031878 0.029783
0 0.521064 0.760205 0.029912 0.022736
0 0.154122 0.625715 0.028226 0.026060
0 0.052872 0.821433 0.032720 0.024199
0 0.704325 0.878939 0.029350 0.032310
0 0.217596 0.764260 0.025418 0.022603
0 0.836329 0.085162 0.026541 0.024598
0 0.065581 0.215530 0.028367 0.024997
0 0.428030 0.875349 0.026120 0.022736
0 0.407246 0.215330 0.023592 0.026193
0 0.616978 0.759473 0.023452 0.024731
0 0.614240 0.845566 0.028648 0.023800
0 0.746875 0.179165 0.023452 0.025130
0 0.315546 0.279085 0.029490 0.021540
0 0.802275 0.558968 0.023311 0.023933
0 0.712821 0.559301 0.026682 0.026991
0 0.657632 0.086558 0.028086 0.026326
0 0.130389 0.252161 0.027384 0.027523
0 0.832467 0.703497 0.028367 0.026858
0 0.408299 0.182290 0.024856 0.022603
0 0.248420 0.765390 0.029209 0.024598
0 0.830080 0.818708 0.027524 0.024332
0 0.310771 0.705757 0.024996 0.023135
0 0.655034 0.274698 0.024575 0.021806
0 0.896644 0.559035 0.028648 0.026725
0 0.828465 0.874418 0.029912 0.028587
0 0.123297 0.768049 0.026963 0.026725
0 0.217104 0.816780 0.028086 0.026326
0 0.310209 0.650977 0.023873 0.021008
0 0.184665 0.878540 0.024435 0.032310
0 0.053504 0.793113 0.034827 0.024465
0 0.086154 0.878075 0.026822 0.025263
0 0.370032 0.591145 0.027524 0.026060
0 0.308033 0.818109 0.024856 0.019678
0 0.094228 0.452533 0.028929 0.024332
0 0.676029 0.818109 0.031175 0.023135
0 0.155105 0.652107 0.029350 0.024332
0 0.620348 0.559633 0.024575 0.025263
0 0.061157 0.399083 0.031878 0.024864
0 0.065932 0.285733 0.030754 0.026858
0 0.088120 0.738798 0.027665 0.021673
0 0.154122 0.821766 0.028507 0.025661
0 0.069794 0.121061 0.030052 0.029118
0 0.119646 0.879737 0.030052 0.033639
0 0.339770 0.705358 0.024013 0.020742
0 0.407457 0.277290 0.023171 0.019545
0 0.643168 0.872025 0.026963 0.026725
0 0.054838 0.767850 0.027384 0.025794
0 0.058559 0.600120 0.024716 0.019279
0 0.122595 0.794442 0.028648 0.021008
0 0.121893 0.847427 0.033141 0.025130
0 0.052591 0.879271 0.031316 0.027922
0 0.120559 0.821766 0.027946 0.022736
0 0.154543 0.793312 0.028226 0.023268
0 0.064949 0.314852 0.031316 0.028188
0 0.673501 0.874684 0.025839 0.029384
0 0.154543 0.882529 0.034124 0.031778
0 0.061017 0.372224 0.033563 0.030182
0 0.061508 0.338319 0.036512 0.030980
