0 0.463618 0.214753 0.022863 0.022551
0 0.147795 0.057841 0.029577 0.025822
0 0.147160 0.080306 0.035202 0.019453
0 0.534386 0.191255 0.021049 0.024445
0 0.106061 0.396368 0.026311 0.023928
0 0.812194 0.170167 0.031936 0.024617
0 0.910361 0.052677 0.022863 0.023068
0 0.365995 0.688501 0.022500 0.025650
0 0.627835 0.122310 0.022500 0.022896
0 0.416168 0.394646 0.022319 0.018420
0 0.412085 0.863918 0.025767 0.022896
0 0.653693 0.102255 0.023045 0.023412
0 0.391036 0.344724 0.020686 0.023928
0 0.317910 0.982613 0.025041 0.022723
0 0.199782 0.639525 0.021775 0.025133
0 0.414353 0.346445 0.020504 0.024961
0 0.366358 0.864693 0.023589 0.022723
0 0.629559 0.190997 0.022319 0.023928
0 0.415442 0.191857 0.025948 0.024273
0 0.105879 0.669823 0.022319 0.018248
0 0.812012 0.055087 0.028670 0.023756
0 0.653058 0.055345 0.022863 0.021863
0 0.464707 0.190825 0.022138 0.024617
0 0.317093 0.459632 0.024496 0.021690
0 0.884232 0.933379 0.023952 0.024445
0 0.932589 0.796781 0.021956 0.022207
0 0.934404 0.367017 0.020504 0.024101
0 0.154509 0.310036 0.024859 0.024445
0 0.959717 0.100964 0.021775 0.023584
0 0.200417 0.457996 0.022319 0.021174
0 0.390764 0.372267 0.022682 0.021174
0 0.486935 0.236357 0.020504 0.022035
0 0.146253 0.193579 0.032299 0.028404
0 0.131101 0.282751 0.021230 0.027716
0 0.581383 0.433465 0.023952 0.021690
0 0.653058 0.598898 0.023226 0.024445
0 0.106696 0.646927 0.023589 0.026166
0 0.935946 0.053796 0.022863 0.022207
0 0.435311 0.887933 0.024315 0.023068
0 0.106786 0.327337 0.025585 0.021174
0 0.775631 0.190050 0.032480 0.024101
0 0.415533 0.373128 0.024315 0.023240
0 0.414444 0.459804 0.022138 0.021346
0 0.149882 0.123429 0.034839 0.023412
0 0.463346 0.459029 0.022682 0.020485
0 0.105788 0.370718 0.026492 0.024617
0 0.935130 0.126184 0.025222 0.022723
0 0.650789 0.936650 0.023408 0.023412
0 0.533478 0.578585 0.019597 0.023412
0 0.533660 0.122568 0.021775 0.024789
0 0.581020 0.077982 0.023226 0.023412
0 0.109599 0.190739 0.031210 0.023412
0 0.366721 0.370115 0.022500 0.024789
0 0.245509 0.528490 0.020686 0.023068
0 0.129741 0.373558 0.020323 0.026511
0 0.415986 0.981064 0.021230 0.018248
0 0.726275 0.662076 0.022682 0.017903
0 0.487117 0.460578 0.020504 0.025994
0 0.391127 0.215183 0.021230 0.020658
0 0.606605 0.144603 0.023226 0.021346
0 0.436400 0.912980 0.026130 0.025306
0 0.908819 0.797728 0.020504 0.023068
0 0.058610 0.102685 0.019234 0.022896
0 0.776810 0.165691 0.031210 0.021174
0 0.413174 0.841367 0.024678 0.023240
0 0.602976 0.978310 0.024678 0.023756
0 0.388405 0.843088 0.020867 0.022551
0 0.604972 0.685832 0.024315 0.021346
0 0.772183 0.729213 0.020867 0.024445
0 0.791145 0.952574 0.022500 0.027371
0 0.391853 0.320021 0.025948 0.021346
0 0.154056 0.618781 0.025767 0.022896
0 0.532753 0.554054 0.021775 0.025306
0 0.127654 0.828542 0.020504 0.020313
0 0.653783 0.622913 0.022500 0.022551
0 0.534114 0.145550 0.023045 0.020830
0 0.558973 0.845929 0.024496 0.023756
0 0.581292 0.190480 0.023045 0.023240
0 0.129015 0.445688 0.021049 0.021346
0 0.533478 0.393183 0.022500 0.023756
0 0.413537 0.551902 0.021412 0.022379
0 0.368082 0.396023 0.022319 0.024961
0 0.818000 0.302203 0.021412 0.020485
0 0.534658 0.235497 0.024134 0.022379
0 0.153874 0.593906 0.025041 0.024789
0 0.127835 0.804097 0.021593 0.024789
0 0.531936 0.935445 0.020867 0.024789
0 0.081111 0.421243 0.021412 0.024101
0 0.653420 0.893011 0.023226 0.026683
0 0.244783 0.641591 0.022138 0.024101
0 0.934313 0.527716 0.018871 0.022896
0 0.056433 0.623515 0.024315 0.023412
0 0.388496 0.820709 0.023589 0.021518
0 0.248957 0.034860 0.018508 0.022551
0 0.463165 0.279136 0.023771 0.020141
0 0.247233 0.938974 0.024134 0.024273
0 0.342950 0.982269 0.026492 0.023412
0 0.935220 0.078843 0.021049 0.024789
0 0.151787 0.914357 0.022319 0.023584
0 0.318908 0.714323 0.024496 0.022896
0 0.130285 0.398003 0.021049 0.021690
0 0.863999 0.121708 0.027037 0.024445
0 0.104155 0.852815 0.020686 0.020313
0 0.888133 0.301859 0.019416 0.022896
0 0.582109 0.864693 0.023226 0.021690
0 0.864453 0.389138 0.019960 0.021518
0 0.130376 0.307282 0.020142 0.017903
0 0.390129 0.887846 0.023589 0.019453
0 0.103520 0.924255 0.022682 0.026166
0 0.439757 0.436908 0.023045 0.020313
0 0.935765 0.321054 0.022138 0.020658
0 0.153239 0.282923 0.023045 0.028060
0 0.148884 0.145722 0.032480 0.023240
0 0.864181 0.365812 0.023771 0.023756
0 0.698694 0.843088 0.022319 0.021863
0 0.581564 0.889654 0.022500 0.026511
0 0.293322 0.847220 0.019779 0.025306
0 0.628289 0.572216 0.021230 0.024445
0 0.199147 0.529007 0.021956 0.020313
0 0.056160 0.377432 0.023045 0.026338
0 0.675739 0.844638 0.022500 0.024617
0 0.557158 0.596660 0.022682 0.023412
0 0.486572 0.640472 0.019779 0.021518
0 0.677645 0.799363 0.022319 0.021174
0 0.342588 0.191255 0.021412 0.024101
0 0.367628 0.479170 0.022138 0.019108
0 0.203502 0.056292 0.020867 0.020658
0 0.271366 0.913927 0.022319 0.023068
0 0.152060 0.958341 0.023952 0.022379
0 0.651606 0.210191 0.019597 0.021346
0 0.367719 0.191771 0.025948 0.024101
0 0.222646 0.915820 0.025767 0.025133
0 0.911994 0.567481 0.022138 0.024961
0 0.057340 0.349974 0.021049 0.024445
0 0.368354 0.456619 0.023589 0.017387
0 0.815006 0.959718 0.023045 0.024101
0 0.488115 0.347478 0.023952 0.020485
0 0.271911 0.213290 0.023045 0.021346
0 0.343404 0.891548 0.025222 0.023756
0 0.106968 0.304355 0.023771 0.023756
0 0.155870 0.437769 0.026855 0.024789
0 0.224007 0.388621 0.020504 0.019797
0 0.603520 0.954639 0.022500 0.020485
0 0.531755 0.840334 0.024496 0.020830
0 0.110416 0.166380 0.031755 0.020485
0 0.887588 0.208814 0.022319 0.018936
0 0.701960 0.707265 0.021593 0.021174
0 0.438305 0.283439 0.020504 0.023584
0 0.416168 0.238423 0.023771 0.020658
0 0.812738 0.123429 0.034477 0.025133
0 0.389947 0.479687 0.020686 0.023240
0 0.223190 0.685660 0.022863 0.021002
0 0.534930 0.456361 0.025041 0.019280
0 0.701778 0.076261 0.024134 0.021690
0 0.702686 0.684886 0.022682 0.021863
0 0.081111 0.443450 0.020686 0.017215
0 0.223371 0.303409 0.020323 0.021863
0 0.533388 0.370718 0.018327 0.021518
0 0.416712 0.414873 0.024859 0.021346
0 0.559971 0.824410 0.023589 0.020313
0 0.677010 0.302203 0.019597 0.021518
0 0.509889 0.057669 0.018146 0.018592
0 0.889222 0.409279 0.020867 0.020830
0 0.293050 0.690652 0.022500 0.023068
0 0.863273 0.234206 0.023045 0.025306
0 0.582925 0.548459 0.023771 0.023756
0 0.224279 0.279997 0.019597 0.023584
0 0.392397 0.032794 0.023408 0.022551
0 0.863455 0.145378 0.027400 0.024273
0 0.678098 0.369857 0.022863 0.023584
0 0.556795 0.572474 0.021593 0.023240
0 0.295318 0.213892 0.023045 0.023584
0 0.722827 0.916509 0.021956 0.025133
0 0.392669 0.552505 0.021412 0.023584
0 0.557794 0.213806 0.022863 0.018936
0 0.246326 0.820881 0.022319 0.023584
0 0.081746 0.873472 0.024134 0.025822
0 0.791326 0.979170 0.023952 0.025133
0 0.055888 0.577294 0.025041 0.024961
0 0.343313 0.458427 0.021412 0.022723
0 0.270459 0.388191 0.024134 0.024101
0 0.081383 0.375108 0.024134 0.020313
0 0.933497 0.932174 0.024134 0.019969
0 0.511432 0.323378 0.022682 0.020830
0 0.911178 0.075314 0.023408 0.019453
0 0.106242 0.420382 0.027037 0.021690
0 0.318182 0.867619 0.023771 0.021346
0 0.629468 0.663539 0.023589 0.021863
0 0.440664 0.081339 0.020867 0.021863
0 0.652695 0.572990 0.022138 0.023240
0 0.126747 0.939404 0.020867 0.021002
0 0.769733 0.346101 0.022138 0.021174
0 0.862094 0.210449 0.021775 0.021518
0 0.911813 0.303064 0.020686 0.023240
0 0.533297 0.301945 0.024315 0.021002
0 0.700962 0.101653 0.022863 0.022896
0 0.436763 0.956017 0.024678 0.022551
0 0.724460 0.573248 0.022682 0.019280
0 0.629650 0.345757 0.023952 0.023240
0 0.221648 0.779136 0.019416 0.023412
0 0.725640 0.367791 0.026130 0.019453
0 0.223734 0.365898 0.019597 0.023240
0 0.861550 0.867017 0.019234 0.024273
0 0.678371 0.278878 0.021956 0.019969
0 0.531845 0.909795 0.021775 0.022379
0 0.439394 0.369943 0.020142 0.024445
0 0.487480 0.596144 0.019053 0.021002
0 0.439757 0.394991 0.022319 0.021174
0 0.744420 0.865381 0.019416 0.025133
0 0.703321 0.416423 0.022500 0.021690
0 0.462983 0.840506 0.026311 0.018764
0 0.557703 0.168101 0.019779 0.022896
0 0.268917 0.640644 0.022500 0.022207
0 0.389222 0.865467 0.019597 0.021174
0 0.391580 0.958599 0.020686 0.025650
0 0.814099 0.145980 0.031029 0.023756
0 0.461713 0.886125 0.022682 0.025306
0 0.294502 0.666035 0.022863 0.023412
0 0.199329 0.665863 0.023408 0.019969
0 0.486119 0.883457 0.020323 0.023068
0 0.628470 0.055259 0.021956 0.019969
0 0.629559 0.706576 0.024859 0.025994
0 0.438396 0.981580 0.022500 0.025133
0 0.320994 0.214667 0.020686 0.022379
0 0.082290 0.326907 0.024134 0.023412
0 0.154418 0.460664 0.024315 0.021690
0 0.722646 0.850405 0.020504 0.021690
0 0.582290 0.282407 0.021775 0.023584
0 0.342950 0.347478 0.022138 0.027371
0 0.439938 0.145464 0.023045 0.020658
0 0.629287 0.595886 0.021412 0.021518
0 0.887316 0.713892 0.021412 0.025133
0 0.247051 0.843433 0.023771 0.018764
0 0.487026 0.145120 0.022138 0.020313
0 0.583651 0.822861 0.023408 0.022379
0 0.392216 0.169564 0.022682 0.023756
0 0.199329 0.778964 0.020867 0.022379
0 0.581927 0.393527 0.022500 0.026166
0 0.390855 0.299879 0.024315 0.017215
0 0.129287 0.600620 0.021593 0.030642
0 0.558701 0.453090 0.018508 0.024445
0 0.813373 0.077036 0.031392 0.020141
0 0.888042 0.122568 0.021412 0.023412
0 0.932589 0.888707 0.023408 0.024273
0 0.654237 0.729041 0.025585 0.023756
0 0.487026 0.549923 0.021049 0.021863
0 0.910815 0.326993 0.021956 0.020485
0 0.652604 0.143226 0.024134 0.020313
0 0.557794 0.661474 0.022138 0.024961
0 0.935402 0.550267 0.022138 0.019453
0 0.152785 0.824238 0.023952 0.023756
0 0.465342 0.342228 0.020142 0.025133
0 0.747324 0.594853 0.021593 0.021863
0 0.935674 0.029609 0.023045 0.025133
0 0.392034 0.236960 0.021230 0.025306
0 0.416077 0.124634 0.022138 0.019969
0 0.413537 0.527543 0.021049 0.023240
0 0.223099 0.640213 0.019416 0.024445
0 0.863636 0.053021 0.021230 0.022723
0 0.246053 0.910570 0.022138 0.028404
0 0.606696 0.369685 0.022319 0.022551
0 0.197242 0.956275 0.026130 0.024101
0 0.906913 0.868652 0.021412 0.022723
0 0.932045 0.843002 0.023408 0.019625
0 0.391399 0.193665 0.020323 0.022035
0 0.441118 0.034171 0.019597 0.022896
0 0.676465 0.640558 0.020323 0.022035
0 0.487117 0.436220 0.020867 0.021690
0 0.792597 0.594681 0.021412 0.018764
0 0.055888 0.301085 0.025404 0.024445
0 0.934767 0.433207 0.019053 0.021518
0 0.676465 0.477621 0.021049 0.025306
0 0.415351 0.167843 0.023226 0.024101
0 0.227091 0.122482 0.021956 0.021174
0 0.081292 0.351351 0.023226 0.026511
0 0.558156 0.234464 0.023226 0.021002
0 0.887679 0.051730 0.021049 0.021174
0 0.466159 0.124290 0.020686 0.024101
0 0.391127 0.455844 0.018690 0.017215
0 0.154872 0.369599 0.023771 0.021690
0 0.366449 0.888793 0.021956 0.024101
0 0.725640 0.527716 0.023589 0.022207
0 0.888314 0.098812 0.024859 0.019969
0 0.579750 0.954639 0.020686 0.023240
0 0.343767 0.482269 0.024859 0.023928
0 0.557975 0.389912 0.023226 0.026855
0 0.677100 0.100189 0.021956 0.023756
0 0.580929 0.594767 0.022682 0.021690
0 0.081655 0.620761 0.025404 0.026855
0 0.557884 0.032794 0.023045 0.019108
0 0.534749 0.528662 0.024315 0.026855
0 0.958175 0.638234 0.024134 0.020830
0 0.269007 0.709675 0.023771 0.021518
0 0.865360 0.433121 0.019234 0.021002
0 0.580566 0.055517 0.022319 0.022896
0 0.557431 0.191685 0.022138 0.022207
0 0.106696 0.279738 0.024678 0.024445
0 0.605698 0.595283 0.025041 0.022723
0 0.293685 0.800740 0.020867 0.023240
0 0.147614 0.101050 0.034295 0.021346
0 0.532118 0.034085 0.020142 0.025133
0 0.653420 0.478912 0.019597 0.024445
0 0.607694 0.191599 0.022138 0.023412
0 0.532934 0.684197 0.021775 0.021174
0 0.534204 0.167671 0.020323 0.022379
0 0.462892 0.549836 0.023589 0.019625
0 0.791508 0.885953 0.022863 0.021518
0 0.885139 0.822000 0.023226 0.023756
0 0.700780 0.371320 0.019597 0.019969
0 0.463074 0.705887 0.021412 0.021174
0 0.247686 0.212773 0.018871 0.021002
0 0.559336 0.478482 0.019779 0.024617
0 0.128924 0.556206 0.023771 0.024101
0 0.725367 0.165175 0.020867 0.024961
0 0.652332 0.187984 0.018508 0.019280
0 0.702141 0.526941 0.021593 0.021690
0 0.724279 0.597091 0.021956 0.020830
0 0.580748 0.728266 0.024496 0.025306
0 0.440029 0.237390 0.023589 0.022035
0 0.581927 0.479170 0.023226 0.019108
0 0.628924 0.618695 0.021049 0.023756
0 0.510071 0.527716 0.021049 0.021518
0 0.888042 0.593217 0.022500 0.030642
0 0.862729 0.029265 0.021593 0.022379
0 0.465251 0.371406 0.021412 0.025306
0 0.884322 0.845584 0.021230 0.022379
0 0.462529 0.435875 0.021049 0.023412
0 0.058338 0.238079 0.023045 0.025133
0 0.884232 0.957394 0.025404 0.022207
0 0.674651 0.932174 0.022500 0.017559
0 0.557068 0.550095 0.023226 0.022207
0 0.343223 0.235755 0.022319 0.022551
0 0.907549 0.845757 0.022682 0.022379
0 0.678643 0.055517 0.022863 0.024273
0 0.748049 0.100792 0.024134 0.025306
0 0.129559 0.688845 0.022863 0.017731
0 0.865632 0.302806 0.024134 0.021690
0 0.418164 0.304958 0.021593 0.025306
0 0.437670 0.458943 0.024315 0.023412
0 0.414081 0.958082 0.018871 0.022896
0 0.462167 0.911947 0.022138 0.024617
0 0.202776 0.079704 0.020867 0.022723
0 0.200054 0.572732 0.021230 0.024445
0 0.628924 0.144345 0.019960 0.021863
0 0.747686 0.165691 0.021230 0.020485
0 0.269915 0.437769 0.020867 0.026166
0 0.956088 0.865381 0.021775 0.024101
0 0.488205 0.033483 0.018327 0.021863
0 0.342406 0.867619 0.022500 0.023412
0 0.201415 0.213978 0.023226 0.021346
0 0.507530 0.864607 0.021775 0.022551
0 0.244965 0.667413 0.021412 0.025133
0 0.366177 0.913324 0.018508 0.021863
0 0.058519 0.077982 0.020504 0.023412
0 0.081020 0.463333 0.024496 0.021174
0 0.244330 0.368738 0.019416 0.021346
0 0.724914 0.076089 0.019960 0.024101
0 0.294411 0.528835 0.022682 0.022723
0 0.462711 0.957222 0.024315 0.023240
0 0.606424 0.214064 0.022138 0.021174
0 0.414716 0.481408 0.023045 0.019108
0 0.054890 0.552763 0.026311 0.024445
0 0.485756 0.682820 0.022863 0.022551
0 0.438396 0.639008 0.023952 0.018592
0 0.769189 0.390687 0.021775 0.023928
0 0.081655 0.214581 0.024678 0.020830
0 0.652695 0.165777 0.023952 0.021346
0 0.652422 0.233947 0.019416 0.023068
0 0.463890 0.595541 0.023771 0.024273
0 0.534749 0.435617 0.021049 0.019797
0 0.292506 0.822775 0.020686 0.021174
0 0.725005 0.345584 0.023408 0.021518
0 0.677917 0.435015 0.021049 0.022379
0 0.934767 0.103804 0.021956 0.023412
0 0.606968 0.345671 0.021049 0.021002
0 0.342588 0.846273 0.022863 0.019969
0 0.652513 0.453693 0.021412 0.023240
0 0.126656 0.917025 0.019960 0.021346
0 0.865451 0.278792 0.023408 0.025650
0 0.200327 0.729988 0.022863 0.022551
0 0.152785 0.891462 0.022500 0.023240
0 0.934404 0.410053 0.020504 0.020313
0 0.932589 0.640988 0.022319 0.026683
0 0.249773 0.144603 0.020142 0.024101
0 0.437398 0.573507 0.022319 0.025306
0 0.581836 0.101480 0.023771 0.021518
0 0.959989 0.124376 0.022682 0.019108
0 0.605879 0.100017 0.021775 0.025478
0 0.462076 0.861164 0.024859 0.022896
0 0.341045 0.533655 0.018690 0.023756
0 0.317728 0.691771 0.023226 0.021863
0 0.293595 0.551730 0.023589 0.020658
0 0.863818 0.187726 0.022319 0.022896
0 0.222101 0.888449 0.022138 0.028576
0 0.629650 0.526166 0.022138 0.024617
0 0.055435 0.940868 0.024496 0.023240
0 0.860552 0.800568 0.020142 0.021863
0 0.200145 0.549578 0.022863 0.020141
0 0.198331 0.881649 0.024678 0.021518
0 0.556523 0.704424 0.023589 0.023412
0 0.888586 0.388793 0.021775 0.019108
0 0.367901 0.146583 0.023771 0.020830
0 0.653965 0.547254 0.025041 0.019625
0 0.509345 0.102083 0.018146 0.021346
0 0.105244 0.709589 0.023226 0.021690
0 0.768554 0.619556 0.020867 0.021346
0 0.534477 0.980375 0.024859 0.024789
0 0.129922 0.669134 0.020686 0.021002
0 0.652150 0.077724 0.020686 0.021174
0 0.198966 0.982957 0.025222 0.024101
0 0.818454 0.370287 0.024496 0.022379
0 0.270187 0.463935 0.022138 0.022379
0 0.415079 0.144775 0.023045 0.019280
0 0.768372 0.824066 0.025948 0.022035
0 0.080657 0.396712 0.023408 0.023584
0 0.223644 0.458168 0.021956 0.023584
0 0.936581 0.474781 0.022682 0.024445
0 0.558792 0.869771 0.023408 0.019108
0 0.701052 0.392408 0.019779 0.020830
0 0.343132 0.434842 0.022138 0.021690
0 0.055888 0.647185 0.023589 0.023928
0 0.510615 0.369082 0.023952 0.017903
0 0.223825 0.434498 0.020504 0.021002
0 0.200145 0.707523 0.021775 0.019625
0 0.532662 0.661474 0.019779 0.022207
0 0.768554 0.596660 0.019053 0.021002
0 0.271729 0.937683 0.024134 0.023412
0 0.199510 0.594422 0.020142 0.016870
0 0.629015 0.888449 0.023408 0.018248
0 0.677191 0.235755 0.022138 0.019108
0 0.533388 0.323808 0.020504 0.024445
0 0.792324 0.819504 0.021230 0.019797
0 0.582199 0.303495 0.020867 0.019625
0 0.487298 0.370804 0.020504 0.021690
0 0.056251 0.326304 0.023589 0.024961
0 0.701688 0.211396 0.024315 0.019280
0 0.295500 0.626270 0.023771 0.020313
0 0.391762 0.527802 0.019597 0.023756
0 0.510343 0.415218 0.023408 0.021346
0 0.557703 0.281202 0.023771 0.020830
0 0.532027 0.056808 0.022863 0.019969
0 0.128017 0.851610 0.023045 0.022723
0 0.148884 0.168015 0.030303 0.023412
0 0.367810 0.124118 0.022138 0.022035
0 0.082834 0.687468 0.023045 0.020830
0 0.725730 0.413324 0.022319 0.022035
0 0.152967 0.799621 0.023589 0.024789
0 0.318545 0.667413 0.023771 0.024445
0 0.320994 0.416423 0.026130 0.019280
0 0.367719 0.436048 0.023045 0.021690
0 0.150880 0.981839 0.023771 0.021174
0 0.703956 0.729299 0.023771 0.020485
0 0.081201 0.281890 0.024496 0.026683
0 0.655779 0.280771 0.021049 0.020658
0 0.056160 0.401704 0.024859 0.019108
0 0.581655 0.323119 0.022319 0.020658
0 0.318273 0.533483 0.020323 0.026511
0 0.910361 0.366242 0.019960 0.019797
0 0.700417 0.188587 0.023226 0.023584
0 0.581927 0.346101 0.022500 0.019797
0 0.270278 0.346015 0.021956 0.021690
0 0.817728 0.983474 0.025948 0.021002
0 0.200327 0.800826 0.023952 0.020658
0 0.607149 0.478568 0.023226 0.022379
0 0.154781 0.710105 0.022138 0.024101
0 0.342860 0.394044 0.022319 0.020658
0 0.746961 0.143915 0.022319 0.021002
0 0.080203 0.844293 0.021775 0.022896
0 0.392397 0.078241 0.022319 0.019453
0 0.701778 0.550095 0.020867 0.024961
0 0.440573 0.057325 0.019960 0.022379
0 0.414897 0.438458 0.021956 0.022379
0 0.440210 0.167240 0.023952 0.018764
0 0.725277 0.640041 0.020686 0.020658
0 0.702141 0.054312 0.022319 0.020485
0 0.244965 0.344552 0.018871 0.022207
0 0.510071 0.167413 0.021412 0.018764
0 0.465523 0.033483 0.021230 0.021863
0 0.104972 0.442159 0.025222 0.019797
0 0.816004 0.931744 0.027218 0.030814
0 0.605607 0.411603 0.020504 0.020658
0 0.956360 0.931486 0.021956 0.021346
0 0.908274 0.888879 0.024134 0.018764
0 0.081473 0.191685 0.021049 0.023240
0 0.246961 0.419091 0.021412 0.025306
0 0.485937 0.860561 0.019960 0.016870
0 0.462892 0.818299 0.026492 0.023240
0 0.368626 0.956447 0.021956 0.024101
0 0.104337 0.899552 0.022863 0.020830
0 0.508982 0.477879 0.018508 0.027543
0 0.317547 0.843605 0.024315 0.024961
0 0.792052 0.843519 0.020323 0.026166
0 0.055435 0.601308 0.023408 0.019280
0 0.059064 0.124806 0.020867 0.017903
0 0.269643 0.800482 0.023952 0.022035
0 0.934585 0.299535 0.020142 0.018592
0 0.882780 0.908934 0.019960 0.020313
0 0.909545 0.776554 0.019779 0.018592
0 0.223190 0.411258 0.021412 0.023756
0 0.557612 0.324841 0.022138 0.021346
0 0.203502 0.170425 0.021230 0.023412
0 0.268826 0.617662 0.024859 0.024789
0 0.606786 0.166208 0.025767 0.019108
0 0.271457 0.867791 0.022500 0.025822
0 0.581655 0.618265 0.022319 0.023240
0 0.628017 0.369771 0.020686 0.022035
0 0.367901 0.167413 0.026674 0.020141
0 0.533206 0.348683 0.018327 0.022551
0 0.105335 0.828112 0.021593 0.026338
0 0.864725 0.323550 0.023045 0.022551
0 0.198331 0.838182 0.023952 0.017903
0 0.863273 0.661904 0.020504 0.024101
0 0.677100 0.344810 0.019779 0.019280
0 0.935856 0.574626 0.021230 0.025822
0 0.204228 0.148304 0.021230 0.020141
0 0.297768 0.101222 0.022500 0.024445
0 0.629650 0.212945 0.020686 0.018936
0 0.508347 0.706920 0.021593 0.023584
0 0.724007 0.032278 0.017783 0.023240
0 0.532843 0.212859 0.018327 0.016354
0 0.270641 0.412549 0.027037 0.023240
0 0.390401 0.413496 0.019779 0.022035
0 0.932045 0.820365 0.023045 0.024961
0 0.768554 0.414099 0.020142 0.022896
0 0.320631 0.236702 0.020686 0.021690
0 0.154691 0.414013 0.026674 0.021346
0 0.199419 0.820193 0.025767 0.016354
0 0.487117 0.213032 0.018690 0.016698
0 0.533751 0.957652 0.025948 0.018936
0 0.815369 0.884145 0.022682 0.027543
0 0.272637 0.077294 0.022319 0.025478
0 0.632009 0.301945 0.023226 0.019280
0 0.726365 0.618523 0.022863 0.017215
0 0.224823 0.342572 0.021775 0.023412
0 0.677645 0.664917 0.022319 0.022551
0 0.416531 0.080392 0.023771 0.023756
0 0.416077 0.058100 0.020323 0.019108
0 0.700145 0.345671 0.021593 0.019625
0 0.889040 0.276812 0.021593 0.019280
0 0.861096 0.845068 0.019416 0.017559
0 0.886590 0.661646 0.022863 0.020830
0 0.508891 0.033999 0.016875 0.025306
0 0.416531 0.034946 0.020504 0.023412
0 0.222555 0.554226 0.024496 0.022896
0 0.701597 0.122827 0.021593 0.018420
0 0.436309 0.798674 0.024134 0.021518
0 0.887861 0.565071 0.022500 0.023240
0 0.463437 0.980720 0.027581 0.024101
0 0.531301 0.886039 0.022863 0.023068
0 0.487570 0.527027 0.021412 0.021174
0 0.816821 0.280341 0.020142 0.022896
0 0.268917 0.575400 0.021412 0.024617
0 0.533932 0.415476 0.021593 0.020830
0 0.888859 0.184886 0.021593 0.018592
0 0.533025 0.728439 0.021593 0.019108
0 0.769280 0.324238 0.019053 0.017731
0 0.932499 0.864004 0.022138 0.021690
0 0.366993 0.214323 0.024496 0.018936
0 0.655054 0.302462 0.021775 0.021002
0 0.319906 0.395679 0.020686 0.021518
0 0.438305 0.481580 0.023408 0.021518
0 0.269643 0.664142 0.023226 0.022379
0 0.364997 0.617920 0.020504 0.023928
0 0.367901 0.033569 0.019053 0.018248
0 0.888224 0.074540 0.022138 0.022035
0 0.081746 0.645636 0.025948 0.021174
0 0.676375 0.213118 0.023408 0.024445
0 0.437670 0.866758 0.021775 0.018592
0 0.105516 0.689275 0.020142 0.017559
0 0.245600 0.691169 0.021593 0.021346
0 0.793595 0.369599 0.023045 0.021346
0 0.701052 0.142968 0.020867 0.022207
0 0.653330 0.432260 0.021956 0.020658
0 0.931864 0.911517 0.020142 0.018592
0 0.605879 0.526252 0.021412 0.020658
0 0.295409 0.914615 0.023952 0.023068
0 0.486844 0.841195 0.019960 0.020141
0 0.556886 0.365037 0.022863 0.022207
0 0.889312 0.364951 0.022138 0.023756
0 0.462983 0.934412 0.022319 0.018248
0 0.342315 0.915046 0.024496 0.022207
0 0.294411 0.575917 0.024134 0.024961
0 0.369080 0.056034 0.022138 0.019797
0 0.201960 0.237132 0.022863 0.024617
0 0.653239 0.390601 0.025041 0.019280
0 0.910361 0.636857 0.018871 0.027027
0 0.935311 0.277931 0.019779 0.019453
0 0.812375 0.191944 0.034477 0.019625
0 0.103611 0.533569 0.021412 0.025994
0 0.413264 0.660010 0.020504 0.020658
0 0.390401 0.435617 0.020867 0.021518
0 0.677917 0.078069 0.022500 0.019108
0 0.607240 0.302892 0.023045 0.020141
0 0.883234 0.980892 0.025222 0.023756
0 0.487570 0.167499 0.022863 0.024101
0 0.439303 0.618007 0.021775 0.022379
0 0.908002 0.932002 0.023952 0.018592
0 0.581383 0.166035 0.022863 0.022896
0 0.814643 0.858668 0.022319 0.021690
0 0.487389 0.572302 0.020323 0.022207
0 0.747324 0.345843 0.019416 0.021002
0 0.203593 0.104063 0.023589 0.022551
0 0.295500 0.645034 0.022319 0.017559
0 0.198694 0.858237 0.023952 0.017043
0 0.676102 0.187640 0.021049 0.021690
0 0.582109 0.456275 0.023952 0.021174
0 0.866267 0.593906 0.021412 0.021346
0 0.110506 0.213978 0.030847 0.021002
0 0.440210 0.416165 0.022863 0.019108
0 0.933497 0.727148 0.022319 0.023756
0 0.862638 0.729472 0.023226 0.019108
0 0.605063 0.729988 0.023771 0.020141
0 0.722736 0.828714 0.022500 0.021346
0 0.154237 0.332932 0.022500 0.021346
0 0.912720 0.279136 0.022500 0.022896
0 0.912539 0.189189 0.023589 0.025478
0 0.344221 0.055862 0.025041 0.022896
0 0.909000 0.029954 0.023408 0.023068
0 0.652422 0.344724 0.018690 0.019797
0 0.935039 0.233689 0.022138 0.022551
0 0.888677 0.232226 0.019779 0.016870
0 0.365995 0.842486 0.021049 0.017215
0 0.343858 0.371923 0.023589 0.019453
0 0.907639 0.909451 0.023589 0.019280
0 0.911087 0.123946 0.019597 0.025478
0 0.602976 0.707437 0.021775 0.021174
0 0.223916 0.843519 0.019960 0.024445
0 0.129287 0.646927 0.021956 0.022723
0 0.081655 0.598468 0.024315 0.016698
0 0.558247 0.526597 0.020142 0.022723
0 0.245600 0.441556 0.019416 0.018248
0 0.272999 0.055173 0.022319 0.017387
0 0.908184 0.979859 0.023226 0.019280
0 0.487752 0.191083 0.021049 0.023412
0 0.057249 0.277500 0.023045 0.021002
0 0.911903 0.099501 0.023771 0.022035
0 0.199692 0.686349 0.020867 0.016526
0 0.485393 0.957049 0.021049 0.023584
0 0.701506 0.618093 0.019960 0.021174
0 0.582834 0.798847 0.018871 0.022551
0 0.270096 0.822861 0.019416 0.022379
0 0.957902 0.616802 0.022138 0.022379
0 0.556705 0.144431 0.019960 0.019625
0 0.342225 0.213634 0.019234 0.018592
0 0.485574 0.908676 0.018508 0.019797
0 0.129650 0.421329 0.020867 0.025994
0 0.557249 0.055862 0.021775 0.020141
0 0.606696 0.801859 0.020867 0.019625
0 0.344584 0.124978 0.020323 0.023412
0 0.702050 0.661818 0.021412 0.017043
0 0.487026 0.394818 0.021412 0.022896
0 0.081564 0.305044 0.024496 0.019625
0 0.294139 0.867361 0.021775 0.015665
0 0.605970 0.390515 0.019053 0.019797
0 0.910180 0.614736 0.018871 0.017903
0 0.555797 0.726975 0.021775 0.021346
0 0.342678 0.302720 0.022682 0.019453
0 0.557612 0.303064 0.020686 0.023240
0 0.889584 0.454209 0.021593 0.021863
0 0.106242 0.605009 0.023045 0.025650
0 0.437489 0.549234 0.024315 0.022207
0 0.365269 0.820193 0.020323 0.024617
0 0.769007 0.846273 0.024678 0.018936
0 0.412901 0.819935 0.022682 0.019969
0 0.318726 0.620417 0.019779 0.022723
0 0.461622 0.639955 0.019597 0.021174
0 0.106786 0.348253 0.024859 0.021002
0 0.274633 0.145894 0.025222 0.023928
0 0.769824 0.660613 0.021230 0.021174
0 0.627926 0.548890 0.019053 0.021174
0 0.888133 0.637889 0.023045 0.020830
0 0.414172 0.216733 0.020142 0.024445
0 0.701506 0.032794 0.020323 0.022207
0 0.509617 0.123171 0.019779 0.020830
0 0.580929 0.213118 0.021230 0.018936
0 0.463255 0.238681 0.022500 0.023584
0 0.080748 0.900155 0.021775 0.019969
0 0.411268 0.779652 0.021230 0.023068
0 0.911903 0.475383 0.021230 0.024273
0 0.437216 0.777500 0.023045 0.021518
0 0.200054 0.482785 0.019779 0.027716
0 0.958810 0.430969 0.023952 0.017043
0 0.437852 0.660182 0.021775 0.019969
0 0.154237 0.687726 0.022138 0.017215
0 0.700599 0.279910 0.021049 0.021002
0 0.699147 0.890773 0.020323 0.025650
0 0.439212 0.682906 0.023045 0.019280
0 0.724188 0.122310 0.020323 0.020485
0 0.699329 0.302548 0.020686 0.021518
0 0.153783 0.483990 0.023045 0.021863
0 0.343495 0.958168 0.027218 0.024445
0 0.343223 0.166724 0.021956 0.022896
0 0.509436 0.550181 0.020504 0.021346
0 0.792415 0.434326 0.022500 0.019280
0 0.577935 0.979859 0.021775 0.018248
0 0.200236 0.434756 0.020504 0.021518
0 0.699329 0.798072 0.021049 0.022379
0 0.197696 0.905750 0.023045 0.018764
0 0.818363 0.345757 0.025767 0.024617
0 0.816367 0.322861 0.022500 0.020485
0 0.678733 0.708297 0.020867 0.022896
0 0.746326 0.571957 0.020323 0.020830
0 0.414444 0.574453 0.021049 0.019969
0 0.438940 0.343949 0.023589 0.017559
0 0.223009 0.528232 0.022138 0.024961
0 0.883415 0.866070 0.021956 0.018592
0 0.887588 0.685402 0.024496 0.025994
0 0.605063 0.572043 0.018690 0.016870
0 0.390945 0.056808 0.022682 0.021346
0 0.606605 0.549234 0.019597 0.024617
0 0.226910 0.032880 0.023408 0.019280
0 0.415805 0.324927 0.018327 0.014288
0 0.269915 0.843949 0.018327 0.021174
0 0.676828 0.524273 0.024315 0.023584
0 0.270187 0.890601 0.019960 0.018420
0 0.508982 0.079532 0.019597 0.023756
0 0.725367 0.550697 0.023771 0.023756
0 0.342950 0.825529 0.025041 0.021518
0 0.222283 0.939146 0.021775 0.021863
0 0.700236 0.234980 0.021775 0.019969
0 0.319089 0.938544 0.021593 0.027199
0 0.102885 0.983818 0.023952 0.022379
0 0.054890 0.983990 0.024859 0.022723
0 0.297224 0.076950 0.021412 0.020658
0 0.365542 0.595455 0.022682 0.020658
0 0.056523 0.844379 0.023771 0.021002
0 0.677463 0.778619 0.022319 0.019969
0 0.607059 0.821742 0.021593 0.018764
0 0.533388 0.601394 0.023771 0.021518
0 0.320813 0.190308 0.022138 0.025650
0 0.934222 0.148390 0.022682 0.023756
0 0.366812 0.325529 0.020142 0.019625
0 0.632372 0.280255 0.022500 0.018592
0 0.488387 0.285333 0.018690 0.024961
0 0.792234 0.618179 0.022138 0.023068
0 0.225005 0.237735 0.021412 0.021346
0 0.627109 0.932777 0.023226 0.019453
0 0.775903 0.212601 0.031573 0.020313
0 0.724369 0.235583 0.019960 0.020141
0 0.559699 0.803409 0.016512 0.019280
0 0.059608 0.214581 0.019053 0.021174
0 0.202595 0.126700 0.019416 0.022035
0 0.320631 0.078241 0.019960 0.024617
0 0.224732 0.190997 0.019416 0.021174
0 0.081111 0.484765 0.022138 0.022723
0 0.630194 0.322947 0.020686 0.021002
0 0.767647 0.954639 0.019053 0.027371
0 0.725005 0.142624 0.020142 0.017731
0 0.606061 0.841711 0.020686 0.021174
0 0.605426 0.618695 0.021956 0.024101
0 0.581201 0.572216 0.021775 0.019969
0 0.748412 0.684283 0.017601 0.021346
0 0.320813 0.167240 0.020686 0.017731
0 0.487752 0.124462 0.019234 0.019625
0 0.318000 0.778619 0.020504 0.022035
0 0.196698 0.929936 0.024678 0.025822
0 0.104790 0.876054 0.020142 0.024101
0 0.676737 0.324324 0.022319 0.017215
0 0.439666 0.189706 0.023589 0.019280
0 0.081201 0.819504 0.021230 0.020141
0 0.368173 0.079618 0.020686 0.020830
0 0.887588 0.617490 0.022682 0.018936
0 0.746053 0.921845 0.019779 0.027888
0 0.628924 0.641332 0.021775 0.023240
0 0.534114 0.621708 0.022682 0.017731
0 0.628470 0.730246 0.021230 0.019280
0 0.866721 0.452574 0.023045 0.018248
0 0.224369 0.800482 0.022682 0.019280
0 0.678098 0.617748 0.023952 0.019108
0 0.582199 0.368566 0.022319 0.021002
0 0.391853 0.391978 0.024496 0.016526
0 0.863818 0.683508 0.023045 0.018764
0 0.629922 0.101222 0.023045 0.018248
0 0.932408 0.685402 0.018690 0.023928
0 0.863818 0.639697 0.019779 0.018248
0 0.653693 0.707781 0.022682 0.017731
0 0.295137 0.713978 0.023771 0.022896
0 0.054981 0.962730 0.022138 0.020830
0 0.464344 0.103116 0.019960 0.018936
0 0.296407 0.035807 0.019779 0.025133
0 0.295954 0.937253 0.024315 0.018764
0 0.625839 0.977879 0.021412 0.024273
0 0.629650 0.477191 0.021049 0.026166
0 0.201325 0.413927 0.023045 0.018420
0 0.318726 0.644001 0.020504 0.023412
0 0.956904 0.888965 0.020142 0.022035
0 0.222464 0.865209 0.019234 0.016870
0 0.318454 0.482269 0.023952 0.022207
0 0.932136 0.977449 0.021775 0.027888
0 0.726003 0.684972 0.020686 0.023412
0 0.723734 0.391203 0.020504 0.019797
0 0.909091 0.819590 0.022863 0.019280
0 0.081927 0.666896 0.022682 0.018592
0 0.154872 0.351093 0.023408 0.015321
0 0.865542 0.411431 0.021775 0.023068
0 0.413355 0.729644 0.023226 0.024273
0 0.863092 0.707265 0.023771 0.018764
0 0.486391 0.931572 0.022319 0.024273
0 0.321267 0.123601 0.023408 0.022035
0 0.607422 0.864004 0.023408 0.019280
0 0.250590 0.122827 0.021049 0.018075
0 0.412901 0.888793 0.020867 0.025478
0 0.081292 0.168015 0.022500 0.020658
0 0.677554 0.121880 0.021049 0.021690
0 0.271094 0.189447 0.023589 0.021174
0 0.533660 0.477535 0.023952 0.018936
0 0.439575 0.305388 0.024496 0.017559
0 0.815369 0.837149 0.023408 0.016870
0 0.605698 0.235927 0.021775 0.023240
0 0.416440 0.103030 0.020686 0.018764
0 0.271548 0.235324 0.020867 0.023068
0 0.488568 0.325529 0.021230 0.021002
0 0.888496 0.544070 0.021956 0.015321
0 0.532480 0.706920 0.020142 0.020830
0 0.857648 0.935015 0.020504 0.022551
0 0.486209 0.707265 0.020504 0.025306
0 0.342315 0.322861 0.019779 0.017731
0 0.199419 0.614736 0.022138 0.021002
0 0.675195 0.870632 0.022863 0.024961
0 0.509436 0.935531 0.021593 0.019453
0 0.464616 0.145292 0.017964 0.015837
0 0.605516 0.122741 0.018871 0.019625
0 0.958900 0.301515 0.020867 0.022551
0 0.154146 0.662679 0.023045 0.030470
0 0.767374 0.801171 0.021412 0.019280
0 0.273997 0.123860 0.021049 0.020141
0 0.579568 0.705285 0.021049 0.016870
0 0.391580 0.101308 0.020686 0.022207
0 0.793050 0.640213 0.019416 0.021002
0 0.958084 0.412463 0.021775 0.018936
0 0.321176 0.100878 0.018871 0.017903
0 0.748049 0.369082 0.018690 0.022723
0 0.793958 0.412894 0.024859 0.017731
0 0.701506 0.165261 0.022138 0.019969
0 0.654146 0.781116 0.021412 0.022551
0 0.911631 0.410139 0.022138 0.020485
0 0.246053 0.884920 0.023226 0.020141
0 0.317728 0.912722 0.019960 0.023068
0 0.508528 0.391117 0.021230 0.024101
0 0.510978 0.189878 0.021775 0.021690
0 0.747233 0.189533 0.021775 0.024789
0 0.510071 0.300310 0.020686 0.025306
0 0.652332 0.368222 0.021775 0.019280
0 0.368173 0.103288 0.021049 0.018248
0 0.461804 0.661990 0.020323 0.021174
0 0.890038 0.431227 0.019597 0.021002
0 0.606242 0.436392 0.019234 0.023068
0 0.466068 0.056120 0.020867 0.022723
0 0.791780 0.573507 0.020504 0.021863
0 0.247414 0.236530 0.020867 0.024445
0 0.701506 0.640041 0.019234 0.020313
0 0.652967 0.409795 0.021593 0.017731
0 0.724551 0.099329 0.019597 0.019280
0 0.413899 0.705543 0.021049 0.022896
0 0.748049 0.323033 0.020142 0.020830
0 0.412176 0.800224 0.020142 0.017387
0 0.415260 0.619212 0.019779 0.026166
0 0.955634 0.909795 0.022319 0.019969
0 0.935130 0.389224 0.022682 0.018936
0 0.129650 0.470046 0.021593 0.024961
0 0.245963 0.711740 0.020142 0.018420
0 0.859191 0.889654 0.019960 0.019969
0 0.652604 0.323722 0.020867 0.019797
0 0.960715 0.145722 0.022682 0.022551
0 0.604790 0.884834 0.022138 0.019625
0 0.508891 0.619642 0.020867 0.020141
0 0.224188 0.213634 0.020504 0.023068
0 0.749229 0.302290 0.022500 0.018936
0 0.912176 0.431658 0.023226 0.021863
0 0.130557 0.326734 0.021593 0.018592
0 0.653058 0.122827 0.021412 0.017731
0 0.791508 0.865726 0.018508 0.016182
0 0.882417 0.887244 0.023952 0.019625
0 0.147342 0.216561 0.032662 0.018592
0 0.961169 0.075572 0.023589 0.026511
0 0.581292 0.641074 0.021230 0.021690
0 0.036926 0.146841 0.021593 0.023068
0 0.223281 0.820881 0.019779 0.021518
0 0.582653 0.122224 0.023952 0.018592
0 0.793413 0.662679 0.019779 0.021174
0 0.318091 0.436822 0.021412 0.020830
0 0.151697 0.936048 0.021412 0.021174
0 0.747142 0.435015 0.020142 0.019625
0 0.676556 0.548631 0.023408 0.018248
0 0.889584 0.475813 0.021593 0.021002
0 0.268282 0.731795 0.020504 0.021690
0 0.811831 0.030900 0.028670 0.024273
0 0.746779 0.391117 0.018690 0.021002
0 0.604428 0.034429 0.022138 0.023068
0 0.244057 0.322603 0.019960 0.019280
0 0.628652 0.033483 0.020867 0.019108
0 0.581836 0.682906 0.023408 0.017559
0 0.271820 0.366070 0.026130 0.016010
0 0.699510 0.478223 0.019960 0.020658
0 0.155779 0.530986 0.023771 0.020485
0 0.156324 0.572818 0.024496 0.017043
0 0.747414 0.661301 0.018871 0.021863
0 0.677826 0.166552 0.022682 0.018420
0 0.700145 0.591926 0.019053 0.021863
0 0.698512 0.913152 0.017601 0.017043
0 0.201506 0.343433 0.023408 0.016526
0 0.392216 0.145894 0.020142 0.020485
0 0.651969 0.865553 0.019960 0.027543
0 0.223825 0.322431 0.019779 0.016870
0 0.342950 0.690825 0.020323 0.019280
0 0.154509 0.551214 0.024859 0.018248
0 0.630376 0.167757 0.021049 0.022896
0 0.582018 0.662506 0.021956 0.019453
0 0.727726 0.729902 0.021956 0.021002
0 0.628380 0.413841 0.021775 0.021002
0 0.556705 0.344724 0.021775 0.016354
0 0.700690 0.324410 0.022319 0.018420
0 0.105516 0.558960 0.019779 0.022723
0 0.414444 0.596144 0.021775 0.020313
0 0.227091 0.167671 0.021230 0.023756
0 0.678552 0.401360 0.022682 0.035634
0 0.725277 0.323291 0.024315 0.022723
0 0.653693 0.645206 0.024134 0.023068
0 0.295318 0.167585 0.020504 0.022896
0 0.367719 0.345326 0.021593 0.024445
0 0.465070 0.165691 0.021412 0.024617
0 0.439938 0.324324 0.025585 0.016182
0 0.296589 0.236185 0.023408 0.018248
0 0.960080 0.477621 0.022500 0.022207
0 0.630920 0.799621 0.018871 0.022379
0 0.604518 0.641246 0.019416 0.021002
0 0.532662 0.098984 0.022319 0.022035
0 0.103520 0.481408 0.022319 0.026683
0 0.793595 0.685230 0.019416 0.019797
0 0.934404 0.169478 0.024134 0.017387
0 0.606061 0.907385 0.023952 0.017215
0 0.414444 0.682045 0.023952 0.018936
0 0.792960 0.455758 0.023589 0.022896
0 0.226547 0.101480 0.021230 0.020485
0 0.319452 0.281976 0.020142 0.023068
0 0.341590 0.281546 0.020142 0.023240
0 0.812738 0.099759 0.032299 0.022551
0 0.105879 0.461181 0.024134 0.016526
0 0.246235 0.731537 0.022138 0.020485
0 0.244783 0.591926 0.023589 0.023584
0 0.866540 0.473403 0.021593 0.022723
0 0.437489 0.525736 0.023952 0.021346
0 0.745418 0.800568 0.019597 0.021174
0 0.725640 0.435187 0.020323 0.018248
0 0.438214 0.214237 0.024315 0.018764
0 0.268917 0.596402 0.020323 0.016354
0 0.056160 0.866414 0.023045 0.022035
0 0.487842 0.482441 0.021230 0.017387
0 0.582834 0.843949 0.021412 0.018075
0 0.509708 0.682906 0.022500 0.023068
0 0.677373 0.143742 0.019960 0.020658
0 0.769643 0.368394 0.021593 0.017559
0 0.627926 0.434240 0.020867 0.020830
0 0.628833 0.684197 0.023408 0.018764
0 0.129378 0.706490 0.022500 0.015837
0 0.675014 0.912377 0.022138 0.017559
0 0.269370 0.529093 0.023408 0.021518
0 0.268826 0.686091 0.023408 0.021863
0 0.246053 0.393441 0.017420 0.024617
0 0.509799 0.981580 0.021956 0.023068
0 0.343223 0.079790 0.023408 0.022207
0 0.749138 0.729127 0.019779 0.023928
0 0.816912 0.614994 0.022500 0.024617
0 0.628561 0.910656 0.022863 0.023412
0 0.674923 0.955500 0.023045 0.021863
0 0.317637 0.889740 0.021593 0.022207
0 0.367265 0.235066 0.022500 0.017387
0 0.437852 0.596919 0.021412 0.018764
0 0.933950 0.616715 0.023589 0.020830
0 0.627563 0.954295 0.022682 0.018764
0 0.509889 0.660269 0.021412 0.016354
0 0.886137 0.029265 0.020867 0.022379
0 0.911450 0.146755 0.019597 0.017043
0 0.104065 0.946118 0.019053 0.015493
0 0.082834 0.236960 0.021956 0.022551
0 0.388133 0.798674 0.022138 0.019797
0 0.462802 0.527113 0.020142 0.021346
0 0.390582 0.983818 0.020867 0.018248
0 0.958175 0.796609 0.023045 0.025650
0 0.745146 0.844121 0.020867 0.015321
0 0.858465 0.912377 0.022138 0.021690
0 0.436581 0.822000 0.022138 0.024101
0 0.651697 0.032450 0.023408 0.021518
0 0.581020 0.414271 0.022500 0.014977
0 0.463527 0.796264 0.023408 0.021863
0 0.365905 0.416337 0.021593 0.016010
0 0.247414 0.864262 0.024496 0.017731
0 0.860915 0.823894 0.017964 0.024101
0 0.510071 0.572388 0.021412 0.019625
0 0.958447 0.391031 0.021775 0.021518
0 0.250136 0.102341 0.022682 0.020830
0 0.463074 0.682475 0.022863 0.018075
0 0.961078 0.169651 0.022682 0.026683
0 0.628017 0.866758 0.020323 0.022723
0 0.270913 0.980720 0.018508 0.019280
0 0.463255 0.480547 0.021412 0.021863
0 0.344130 0.103202 0.019416 0.018075
0 0.652604 0.821914 0.024859 0.025994
0 0.768463 0.865984 0.023589 0.018075
0 0.030847 0.279652 0.021775 0.024961
0 0.127472 0.531503 0.022319 0.024961
0 0.485574 0.660785 0.021049 0.018764
0 0.912720 0.529523 0.023589 0.029265
0 0.129650 0.778447 0.025585 0.021690
0 0.508801 0.640300 0.018508 0.019797
0 0.677010 0.032450 0.021412 0.021174
0 0.106968 0.732226 0.023408 0.023928
0 0.792778 0.549234 0.018508 0.020485
0 0.317728 0.820451 0.020323 0.019625
0 0.130557 0.727578 0.021956 0.021174
0 0.437126 0.934929 0.026855 0.017903
0 0.488205 0.103374 0.019416 0.020141
0 0.605335 0.280599 0.020323 0.018248
0 0.556886 0.637889 0.021049 0.023584
0 0.913355 0.212687 0.023045 0.021863
0 0.583107 0.143570 0.022319 0.019969
0 0.200690 0.391289 0.021412 0.023068
0 0.030666 0.303064 0.023226 0.021863
0 0.222827 0.664572 0.018508 0.018420
0 0.127019 0.893355 0.021049 0.025650
0 0.319815 0.373989 0.019416 0.018075
0 0.510252 0.144173 0.022500 0.019797
0 0.271548 0.485798 0.020867 0.021346
0 0.510161 0.451971 0.020142 0.020830
0 0.723009 0.939577 0.022319 0.017903
0 0.320994 0.146066 0.023589 0.021174
0 0.223644 0.482355 0.018690 0.018592
0 0.294230 0.959459 0.023408 0.017731
0 0.558247 0.413410 0.020142 0.021863
0 0.222646 0.709158 0.022863 0.022551
0 0.486844 0.618953 0.019597 0.018764
0 0.486754 0.414185 0.019416 0.019969
0 0.769824 0.548115 0.017601 0.022035
0 0.200599 0.322000 0.020867 0.020485
0 0.889494 0.524187 0.020323 0.018936
0 0.606151 0.057239 0.017601 0.021518
0 0.226638 0.144775 0.019234 0.019969
0 0.863727 0.617834 0.022863 0.023756
0 0.343313 0.033569 0.021049 0.016526
0 0.747324 0.638750 0.023408 0.018420
0 0.533206 0.640213 0.022682 0.020658
0 0.508982 0.841969 0.021412 0.022035
0 0.274723 0.102599 0.020323 0.019969
0 0.678915 0.686779 0.020504 0.019797
0 0.390855 0.911344 0.026130 0.022379
0 0.225730 0.056378 0.019597 0.018764
0 0.959717 0.452918 0.022863 0.023756
0 0.792143 0.345240 0.020142 0.021518
0 0.956632 0.819246 0.022500 0.019280
0 0.342678 0.583491 0.017964 0.021863
0 0.105426 0.803667 0.022138 0.019453
0 0.223190 0.982097 0.021775 0.026511
0 0.933224 0.775090 0.018871 0.016354
0 0.509980 0.233689 0.021230 0.027371
0 0.606151 0.077122 0.021593 0.017215
0 0.864271 0.342744 0.022500 0.015493
0 0.058519 0.191771 0.022682 0.023068
0 0.270913 0.960234 0.018508 0.021346
0 0.345491 0.414701 0.022500 0.016526
0 0.367084 0.300310 0.021412 0.029093
0 0.767465 0.982699 0.021956 0.023584
0 0.465705 0.080479 0.020504 0.023584
0 0.343132 0.647702 0.021049 0.019453
0 0.393576 0.123860 0.021049 0.022896
0 0.911903 0.592701 0.021593 0.022379
0 0.816549 0.640300 0.021412 0.023584
0 0.933769 0.342400 0.020686 0.017559
0 0.294411 0.889051 0.018327 0.021518
0 0.675377 0.820967 0.021412 0.020658
0 0.818273 0.524014 0.023045 0.028921
0 0.366540 0.729902 0.022500 0.021002
0 0.795137 0.706920 0.023589 0.018764
0 0.557158 0.121708 0.020504 0.019969
0 0.582562 0.234808 0.021593 0.024101
0 0.864362 0.075314 0.024859 0.021174
0 0.293958 0.980375 0.022138 0.019280
0 0.747686 0.073593 0.024859 0.025650
0 0.439938 0.122741 0.022682 0.022379
0 0.390945 0.933379 0.024496 0.019969
0 0.768191 0.573248 0.019053 0.023068
0 0.699782 0.777759 0.019053 0.017903
0 0.415623 0.283353 0.021593 0.018936
0 0.793322 0.526597 0.021775 0.022723
0 0.556795 0.683336 0.018690 0.016010
0 0.701869 0.455328 0.024315 0.022035
0 0.744965 0.824410 0.019053 0.017903
0 0.769915 0.640300 0.022500 0.018420
0 0.912992 0.451541 0.023408 0.017903
0 0.557249 0.080048 0.021049 0.021002
0 0.084014 0.101997 0.023952 0.022551
0 0.341136 0.608022 0.020323 0.022379
0 0.767193 0.887674 0.021775 0.020485
0 0.343223 0.936478 0.023408 0.019969
0 0.244692 0.280427 0.018327 0.022379
0 0.342678 0.667240 0.019779 0.020313
0 0.769915 0.683336 0.023952 0.020830
0 0.366086 0.571441 0.026311 0.025650
0 0.342043 0.628938 0.021049 0.016698
0 0.201688 0.302720 0.023045 0.017387
0 0.791780 0.798588 0.019053 0.018936
0 0.202958 0.033138 0.017601 0.018420
0 0.488750 0.056378 0.017964 0.020830
0 0.079931 0.798072 0.020867 0.017559
0 0.701052 0.571011 0.017964 0.015837
0 0.607331 0.322689 0.023952 0.018075
0 0.298222 0.310553 0.024134 0.026855
0 0.248594 0.166896 0.018871 0.020830
0 0.651424 0.914443 0.018871 0.016182
0 0.724823 0.191083 0.019053 0.024789
0 0.318817 0.303150 0.023952 0.019969
0 0.055435 0.419952 0.024134 0.016354
0 0.413990 0.641677 0.018690 0.015665
0 0.532571 0.077552 0.023589 0.016698
0 0.245872 0.462042 0.019234 0.021002
0 0.769370 0.303753 0.017783 0.023928
0 0.129468 0.625581 0.022319 0.017559
0 0.202686 0.192116 0.019597 0.018936
0 0.676375 0.454209 0.018690 0.017043
0 0.818726 0.661990 0.024678 0.018420
0 0.367719 0.277845 0.020504 0.016526
0 0.104700 0.583061 0.025041 0.017215
0 0.317184 0.350060 0.025404 0.027371
0 0.510887 0.346617 0.020142 0.019108
0 0.318908 0.557325 0.021230 0.017387
0 0.581564 0.525564 0.021775 0.019969
0 0.154600 0.390773 0.026492 0.019280
0 0.604337 0.931658 0.017238 0.022723
0 0.724188 0.054226 0.018508 0.017215
0 0.462439 0.571613 0.024134 0.019108
0 0.152422 0.869082 0.022500 0.021518
0 0.126202 0.960578 0.020504 0.016870
0 0.318091 0.800826 0.020686 0.019625
0 0.438940 0.706834 0.021775 0.022035
0 0.768009 0.926666 0.019053 0.023068
0 0.487661 0.305905 0.016875 0.016182
0 0.677917 0.730418 0.018871 0.018248
0 0.057158 0.530814 0.025767 0.018075
0 0.958356 0.725340 0.023045 0.024273
0 0.273090 0.032966 0.020323 0.017043
0 0.268735 0.549492 0.019960 0.019280
0 0.146707 0.032019 0.029940 0.025822
0 0.909545 0.954984 0.023045 0.020830
0 0.082925 0.123515 0.023589 0.019797
0 0.699964 0.865553 0.022682 0.020658
0 0.866630 0.523154 0.021049 0.020658
0 0.746235 0.414185 0.016512 0.022035
0 0.154237 0.733517 0.020686 0.017215
0 0.297405 0.056808 0.022138 0.016182
0 0.318363 0.597951 0.020504 0.019797
0 0.153783 0.639267 0.023771 0.016698
0 0.580475 0.031761 0.021775 0.018075
0 0.129922 0.347908 0.020686 0.019969
0 0.317365 0.960837 0.019234 0.017043
0 0.556886 0.617662 0.024315 0.017903
0 0.485756 0.731279 0.018146 0.017215
0 0.225549 0.078413 0.019960 0.018420
0 0.702050 0.434929 0.021049 0.016354
0 0.884050 0.779824 0.024678 0.027543
0 0.746326 0.235324 0.017057 0.023412
0 0.650880 0.959029 0.020686 0.021690
0 0.958810 0.278361 0.022138 0.022035
0 0.793141 0.479515 0.021412 0.022551
0 0.558338 0.431227 0.019234 0.018936
0 0.629287 0.454295 0.022138 0.016182
0 0.506623 0.797211 0.019597 0.022035
0 0.746053 0.213290 0.018327 0.020658
0 0.677100 0.595541 0.021230 0.022207
0 0.745509 0.890945 0.019779 0.024273
0 0.248957 0.055776 0.017783 0.015837
0 0.630920 0.235583 0.023952 0.018075
0 0.081473 0.552505 0.024678 0.018420
0 0.059064 0.144775 0.019416 0.018592
0 0.932952 0.663281 0.021230 0.019280
0 0.864634 0.098812 0.019597 0.018936
0 0.367901 0.980203 0.018327 0.021690
0 0.818273 0.570322 0.022682 0.022723
0 0.081292 0.530298 0.019960 0.018764
0 0.295863 0.143054 0.018690 0.023756
0 0.102522 0.964021 0.022500 0.019280
0 0.653330 0.527113 0.020867 0.020658
0 0.816912 0.819332 0.023952 0.016354
0 0.366086 0.640730 0.021593 0.017903
0 0.533388 0.280943 0.017238 0.016870
0 0.677282 0.571011 0.022319 0.019280
0 0.725549 0.456275 0.020867 0.023928
0 0.272092 0.166896 0.023045 0.016698
0 0.298766 0.281460 0.023408 0.025133
0 0.935674 0.453004 0.020142 0.015321
0 0.200780 0.367705 0.019779 0.017559
0 0.391127 0.280685 0.023045 0.018420
0 0.604972 0.663453 0.021775 0.024101
0 0.652332 0.665519 0.023952 0.018592
0 0.509708 0.212945 0.020686 0.016182
0 0.722192 0.806679 0.020323 0.021002
0 0.653058 0.684972 0.019597 0.016870
0 0.489929 0.080479 0.018871 0.022207
0 0.863999 0.166208 0.020867 0.017731
0 0.746961 0.618781 0.017601 0.019797
0 0.126656 0.980720 0.018871 0.022723
0 0.652150 0.843260 0.024315 0.014632
0 0.057068 0.484163 0.021230 0.025306
0 0.030938 0.605354 0.022682 0.022551
0 0.319180 0.325013 0.022863 0.025133
0 0.486391 0.818988 0.016512 0.020830
0 0.531482 0.861680 0.019960 0.022551
0 0.510524 0.595369 0.022682 0.018075
0 0.487389 0.979256 0.018146 0.021863
0 0.722373 0.892064 0.023952 0.021690
0 0.673925 0.979084 0.021412 0.024617
0 0.957630 0.343174 0.020867 0.021863
0 0.748049 0.549923 0.020142 0.021518
0 0.465705 0.316320 0.021593 0.022207
0 0.464344 0.298416 0.023952 0.016010
0 0.769189 0.279910 0.017783 0.022379
0 0.293595 0.778447 0.023589 0.023412
0 0.056614 0.890945 0.024678 0.020830
0 0.911541 0.234206 0.021230 0.017043
0 0.745418 0.778878 0.018871 0.020141
0 0.437398 0.844982 0.020142 0.022207
0 0.887135 0.323980 0.019960 0.019625
0 0.652967 0.800998 0.023408 0.016182
0 0.909907 0.345929 0.017601 0.014977
0 0.153783 0.848769 0.023408 0.017043
0 0.413446 0.912119 0.019779 0.019108
0 0.532299 0.817438 0.026674 0.023928
0 0.344856 0.145722 0.020142 0.016354
0 0.819361 0.684713 0.021593 0.021518
0 0.935856 0.190739 0.021593 0.020313
0 0.886681 0.734033 0.019416 0.015493
0 0.367265 0.777242 0.025404 0.019969
0 0.652150 0.980117 0.021049 0.020141
0 0.245237 0.778619 0.019053 0.023068
0 0.911722 0.388105 0.021230 0.020830
0 0.581111 0.932605 0.024496 0.019797
0 0.911722 0.165347 0.019779 0.020485
0 0.697696 0.820451 0.022500 0.021690
0 0.439848 0.102427 0.022500 0.015493
0 0.343132 0.802376 0.020323 0.024445
0 0.866086 0.572216 0.020323 0.019280
0 0.768100 0.435273 0.018146 0.016010
0 0.440120 0.729213 0.023771 0.019280
0 0.699056 0.938113 0.020504 0.027371
0 0.792869 0.391634 0.021230 0.020658
0 0.932952 0.953779 0.022319 0.017043
0 0.294230 0.603891 0.023045 0.020658
0 0.223190 0.593734 0.019960 0.019969
0 0.295046 0.190480 0.022138 0.016354
0 0.724369 0.301773 0.022138 0.020658
0 0.770278 0.526855 0.018508 0.020485
0 0.770096 0.706662 0.021049 0.021690
0 0.747686 0.122138 0.021230 0.017387
0 0.746416 0.279910 0.019053 0.020658
0 0.746961 0.962300 0.017601 0.015493
0 0.817365 0.801085 0.024134 0.018075
0 0.223371 0.614305 0.023226 0.022551
0 0.857195 0.981150 0.023589 0.026683
0 0.319724 0.734636 0.021775 0.017387
0 0.463165 0.729558 0.021593 0.024789
0 0.726093 0.278705 0.021230 0.026166
0 0.036926 0.103030 0.020867 0.023584
0 0.956088 0.681443 0.020323 0.023928
0 0.200236 0.281029 0.020504 0.022896
0 0.725186 0.482355 0.022682 0.024101
0 0.884504 0.801859 0.023771 0.017903
0 0.583651 0.778792 0.024134 0.019280
0 0.934948 0.597349 0.020142 0.016526
0 0.958084 0.593820 0.018871 0.022551
0 0.059517 0.054570 0.022138 0.022379
0 0.365632 0.797297 0.018508 0.020141
0 0.818908 0.706920 0.022138 0.019797
0 0.726275 0.707867 0.021593 0.021346
0 0.034023 0.077638 0.022682 0.026166
0 0.958356 0.322086 0.022319 0.016870
0 0.222555 0.960664 0.020504 0.020485
0 0.464253 0.412980 0.022319 0.021346
0 0.628833 0.077552 0.020142 0.018764
0 0.747233 0.525564 0.017057 0.017903
0 0.245509 0.551558 0.019597 0.022035
0 0.557068 0.101480 0.021775 0.017387
0 0.243513 0.616543 0.022863 0.022207
0 0.343313 0.779910 0.020323 0.019797
0 0.248049 0.484851 0.021775 0.018764
0 0.628652 0.389310 0.017964 0.015321
0 0.956179 0.953779 0.020142 0.020830
0 0.031120 0.371406 0.021956 0.024617
0 0.509073 0.728697 0.023045 0.017903
0 0.223281 0.575142 0.020142 0.015149
0 0.390310 0.574884 0.021412 0.021518
0 0.508891 0.958599 0.021230 0.021518
0 0.413627 0.934068 0.021956 0.021002
0 0.790419 0.908676 0.020686 0.024273
0 0.341771 0.558272 0.018690 0.022723
0 0.106061 0.625237 0.022682 0.015837
0 0.746507 0.979859 0.018146 0.018592
0 0.858374 0.957480 0.021956 0.019969
0 0.957086 0.659236 0.020867 0.018764
0 0.366086 0.710191 0.020504 0.017731
0 0.768917 0.479170 0.022682 0.021174
0 0.318998 0.578327 0.019234 0.017387
0 0.061423 0.030384 0.017601 0.017043
0 0.816458 0.779050 0.020504 0.023240
0 0.462620 0.619642 0.023045 0.019108
0 0.911450 0.682475 0.022863 0.018420
0 0.890038 0.164400 0.024678 0.018592
0 0.959808 0.237907 0.025585 0.029954
0 0.888677 0.343002 0.021956 0.015665
0 0.294411 0.734464 0.024134 0.016010
0 0.817728 0.548718 0.021956 0.019797
0 0.722555 0.780255 0.018508 0.026338
0 0.559154 0.782579 0.017601 0.020658
0 0.816912 0.592098 0.020323 0.020141
0 0.463709 0.394216 0.018690 0.015493
0 0.082199 0.145550 0.021775 0.024273
0 0.320269 0.053538 0.021049 0.024101
0 0.723825 0.958427 0.024315 0.017387
0 0.768191 0.455156 0.019053 0.022723
0 0.106333 0.780771 0.018871 0.023584
0 0.508710 0.910914 0.022319 0.023928
0 0.270278 0.778275 0.023045 0.022035
0 0.056886 0.670597 0.021593 0.016354
0 0.507621 0.887674 0.020142 0.022896
0 0.697242 0.979945 0.021230 0.022896
0 0.888949 0.144603 0.022138 0.021346
0 0.628743 0.841969 0.021775 0.025822
0 0.031755 0.395507 0.021775 0.021518
0 0.767828 0.777931 0.019779 0.023068
0 0.722192 0.872353 0.021412 0.018075
0 0.057884 0.818385 0.021412 0.026166
0 0.859644 0.777931 0.019053 0.019280
0 0.818000 0.392494 0.022863 0.018592
0 0.911631 0.545189 0.020323 0.017903
0 0.674560 0.891203 0.022682 0.018936
0 0.909907 0.705715 0.021230 0.020485
0 0.960896 0.196075 0.024496 0.021346
0 0.462892 0.776812 0.023589 0.019108
0 0.509617 0.280169 0.019779 0.014977
0 0.745781 0.944913 0.017420 0.016870
0 0.792324 0.316320 0.024859 0.015321
0 0.081655 0.709502 0.021412 0.019453
0 0.298766 0.337149 0.023408 0.021518
0 0.933134 0.706490 0.020867 0.015493
0 0.959898 0.774402 0.022863 0.017043
0 0.956723 0.841453 0.023408 0.022035
0 0.958447 0.365726 0.022138 0.017387
0 0.154691 0.777328 0.021956 0.018075
0 0.296679 0.122741 0.019960 0.014460
0 0.606242 0.456103 0.020323 0.014632
0 0.366721 0.935617 0.022138 0.015837
0 0.222736 0.731451 0.020867 0.020658
0 0.030757 0.626011 0.022319 0.018075
0 0.506532 0.817697 0.017238 0.021346
0 0.081292 0.575917 0.023226 0.027027
0 0.037380 0.124462 0.020323 0.017903
0 0.056523 0.915906 0.020142 0.024617
0 0.865814 0.547771 0.021593 0.028576
0 0.246416 0.799793 0.020686 0.017215
0 0.056795 0.438458 0.024678 0.017215
0 0.746507 0.455844 0.018508 0.020658
0 0.342497 0.712859 0.021593 0.019969
0 0.060334 0.690050 0.017238 0.021863
0 0.269643 0.322000 0.026855 0.023584
0 0.365269 0.662679 0.018508 0.024961
0 0.909907 0.729041 0.021230 0.024445
0 0.814643 0.908504 0.023771 0.016010
0 0.248775 0.076519 0.018871 0.017043
0 0.129378 0.578069 0.023226 0.015493
0 0.790419 0.929334 0.021049 0.017731
0 0.960261 0.029954 0.023589 0.023412
0 0.127926 0.870546 0.021049 0.015837
0 0.084377 0.074540 0.023952 0.024101
0 0.909545 0.669048 0.022682 0.030814
0 0.791145 0.777156 0.019234 0.020485
0 0.956360 0.703736 0.018690 0.017559
0 0.606424 0.779824 0.017783 0.023756
0 0.027581 0.798674 0.021412 0.020141
0 0.748957 0.707781 0.019053 0.017387
0 0.034386 0.327939 0.020867 0.024789
0 0.245418 0.301859 0.017238 0.019108
0 0.725186 0.212945 0.018327 0.022035
0 0.511069 0.433035 0.023408 0.016010
0 0.487298 0.797125 0.018327 0.020485
0 0.388859 0.777931 0.018508 0.018592
0 0.504899 0.778017 0.017238 0.015665
0 0.244965 0.571871 0.020686 0.016182
0 0.059699 0.169306 0.020686 0.021174
0 0.580385 0.913152 0.022319 0.016698
0 0.957902 0.538130 0.020686 0.042692
0 0.957177 0.976244 0.021049 0.023756
0 0.036563 0.032278 0.020142 0.019453
0 0.795500 0.730160 0.022500 0.022551
0 0.935220 0.213376 0.017057 0.017043
0 0.031845 0.413755 0.019416 0.015321
0 0.246688 0.190739 0.018327 0.017903
0 0.437398 0.853417 0.020504 0.012567
0 0.959445 0.214150 0.023045 0.014460
0 0.080748 0.778792 0.021775 0.016526
0 0.030757 0.549750 0.019053 0.022207
0 0.628561 0.777242 0.022500 0.020313
0 0.391671 0.596230 0.022319 0.018420
0 0.129015 0.490274 0.023952 0.015493
0 0.697333 0.957049 0.019960 0.018420
0 0.955090 0.571699 0.015424 0.016182
0 0.178098 0.731623 0.015787 0.025478
0 0.055525 0.457308 0.020686 0.022551
0 0.747686 0.477965 0.017964 0.021863
0 0.438305 0.721553 0.020142 0.011878
0 0.887498 0.576433 0.020323 0.011878
0 0.035202 0.051386 0.020323 0.022207
0 0.346670 0.729213 0.025222 0.024789
0 0.652241 0.718368 0.024859 0.008952
0 0.818817 0.728525 0.019416 0.016182
0 0.887226 0.605698 0.022319 0.016698
0 0.700962 0.064383 0.021775 0.013427
0 0.488568 0.777500 0.018327 0.017731
0 0.628198 0.821312 0.019234 0.016182
0 0.024134 0.963161 0.025041 0.016182
0 0.022954 0.984076 0.022682 0.021518
0 0.246416 0.961009 0.020323 0.020485
0 0.247596 0.983044 0.020504 0.023584
0 0.722736 0.980375 0.025041 0.018248
0 0.034930 0.837838 0.016875 0.019280
0 0.028126 0.777587 0.017057 0.019280
0 0.083651 0.732914 0.026130 0.024617
0 0.031573 0.647358 0.019234 0.021518
0 0.029305 0.575314 0.023771 0.025822
0 0.769280 0.907729 0.024859 0.019280
0 0.034386 0.167499 0.022682 0.023756
