0 0.847190 0.412550 0.098218 0.067036
0 0.843764 0.671875 0.093193 0.071573
0 0.839881 0.802167 0.099132 0.065020
0 0.721106 0.229839 0.087254 0.044355
0 0.721106 0.454385 0.072636 0.058972
0 0.722933 0.516381 0.078118 0.063004
0 0.725445 0.582661 0.086798 0.058468
0 0.732526 0.641885 0.078118 0.061996
0 0.729100 0.711190 0.073093 0.053427
0 0.729100 0.765373 0.073093 0.041835
0 0.607355 0.232359 0.088168 0.072581
0 0.598218 0.297379 0.079032 0.046371
0 0.599360 0.356099 0.089539 0.063004
0 0.607812 0.437752 0.100959 0.058972
0 0.607355 0.508569 0.107355 0.068548
0 0.407949 0.281250 0.096848 0.073589
0 0.395614 0.421875 0.084057 0.077621
0 0.391275 0.550151 0.080859 0.067036
0 0.398355 0.682964 0.095021 0.086694
0 0.411147 0.810484 0.086798 0.075605
0 0.280950 0.238911 0.095934 0.053427
0 0.282778 0.371976 0.111466 0.051411
0 0.291686 0.484627 0.099132 0.068044
0 0.288945 0.540323 0.093650 0.053427
0 0.285747 0.598790 0.103700 0.053427
0 0.298995 0.660534 0.082686 0.060988
0 0.277524 0.724042 0.087254 0.068044
0 0.280950 0.810484 0.095934 0.100806
0 0.163773 0.241935 0.105528 0.074597
0 0.152810 0.333417 0.078118 0.066028
0 0.157606 0.401966 0.100503 0.063004
0 0.156236 0.495968 0.090452 0.076613
