0 0.289844 0.717938 0.029687 0.042749
0 0.077474 0.515926 0.026823 0.043588
0 0.107031 0.163244 0.027604 0.042330
0 0.504167 0.835708 0.028125 0.042749
0 0.475521 0.793378 0.027083 0.040235
0 0.448047 0.555323 0.026823 0.042749
0 0.135417 0.164082 0.025000 0.036463
0 0.446484 0.792540 0.028385 0.042749
0 0.315625 0.515088 0.024479 0.038558
0 0.076563 0.797988 0.025521 0.044426
0 0.181771 0.680008 0.025000 0.043168
0 0.371354 0.636211 0.030729 0.043588
0 0.108464 0.121542 0.028385 0.042749
0 0.772656 0.873638 0.027604 0.044007
0 0.207031 0.678541 0.025521 0.042749
0 0.289193 0.757334 0.028385 0.045264
0 0.793620 0.122171 0.028385 0.045683
0 0.288542 0.514040 0.028125 0.041492
0 0.446875 0.513831 0.023958 0.045264
0 0.130859 0.758173 0.026302 0.041911
0 0.161589 0.123847 0.028385 0.040654
0 0.288542 0.960813 0.026562 0.045683
0 0.793620 0.236588 0.028906 0.044007
0 0.505469 0.553018 0.030208 0.045683
0 0.614323 0.635373 0.028125 0.041911
0 0.158594 0.238684 0.025000 0.043168
0 0.108073 0.279338 0.028125 0.044007
0 0.342578 0.596605 0.028906 0.044845
0 0.080339 0.202012 0.024219 0.040235
0 0.105469 0.357083 0.026562 0.040235
0 0.447135 0.595348 0.026042 0.042330
0 0.771745 0.833613 0.027344 0.043588
0 0.104427 0.597653 0.027083 0.043588
0 0.051693 0.515088 0.026823 0.042749
0 0.207813 0.838433 0.027083 0.045683
0 0.372396 0.597024 0.027083 0.041492
0 0.234635 0.755868 0.027083 0.039816
0 0.132161 0.356873 0.024219 0.043168
0 0.663932 0.915549 0.027344 0.044845
0 0.072917 0.961861 0.028125 0.046102
0 0.077995 0.356873 0.026823 0.043168
0 0.422005 0.596186 0.025781 0.039816
0 0.134635 0.200754 0.023958 0.036882
0 0.132943 0.396479 0.028385 0.040235
0 0.664844 0.753772 0.025000 0.041492
0 0.289714 0.555532 0.026302 0.047360
0 0.130990 0.554275 0.022917 0.044007
0 0.798828 0.391450 0.028906 0.043588
0 0.154036 0.962280 0.026823 0.041911
0 0.446615 0.874267 0.026042 0.042749
0 0.664062 0.957879 0.026042 0.044845
0 0.290104 0.437133 0.029167 0.044426
0 0.206771 0.796102 0.027604 0.042330
0 0.079557 0.163453 0.024740 0.041073
0 0.505208 0.717938 0.030729 0.046940
0 0.104167 0.798826 0.025000 0.043588
0 0.154948 0.717728 0.027083 0.041492
0 0.054818 0.163034 0.025781 0.040235
0 0.613672 0.831936 0.026823 0.039396
0 0.076823 0.878458 0.026042 0.044426
0 0.422005 0.635583 0.025260 0.040654
0 0.614453 0.792959 0.024219 0.044426
0 0.820833 0.077955 0.027604 0.041073
0 0.050260 0.597443 0.027083 0.042330
0 0.155078 0.678541 0.026302 0.039396
0 0.420964 0.553646 0.027865 0.043588
0 0.369792 0.715633 0.026042 0.044007
0 0.502083 0.874895 0.027083 0.044845
0 0.637500 0.953898 0.025521 0.041073
0 0.131120 0.595977 0.026823 0.042749
0 0.476042 0.916178 0.026562 0.042749
0 0.105208 0.716890 0.025521 0.040654
0 0.076432 0.434619 0.023177 0.039396
0 0.131120 0.513412 0.024740 0.045264
0 0.075781 0.919321 0.026562 0.040654
0 0.104036 0.555532 0.023177 0.036463
0 0.211458 0.278290 0.025521 0.038558
0 0.505078 0.513412 0.029427 0.041073
0 0.104167 0.878458 0.026042 0.046102
0 0.342839 0.512783 0.025260 0.042330
0 0.446875 0.957251 0.026562 0.039396
0 0.159245 0.164501 0.024740 0.041492
0 0.130469 0.797360 0.025000 0.040654
0 0.234766 0.679170 0.026823 0.043168
0 0.665104 0.794007 0.026562 0.039816
0 0.767708 0.162196 0.024479 0.040235
0 0.133203 0.278919 0.023177 0.044007
0 0.613932 0.915339 0.026823 0.045264
0 0.341797 0.639564 0.025781 0.041073
0 0.315365 0.597443 0.025000 0.042330
0 0.288542 0.918273 0.028125 0.046102
0 0.079167 0.397737 0.028646 0.041911
0 0.106901 0.239313 0.026823 0.041911
0 0.077083 0.758592 0.025000 0.035205
0 0.233984 0.596605 0.025781 0.038977
0 0.050911 0.556370 0.023698 0.040654
0 0.289062 0.835499 0.029167 0.041492
0 0.639062 0.753562 0.023438 0.043588
0 0.185286 0.275775 0.026302 0.040235
0 0.475260 0.834661 0.026562 0.044845
0 0.446484 0.915130 0.026302 0.043168
0 0.184115 0.354568 0.023958 0.046102
0 0.370443 0.795893 0.028906 0.041073
0 0.105859 0.681056 0.027344 0.039396
0 0.052734 0.475482 0.023698 0.038139
0 0.079297 0.318106 0.026302 0.041073
0 0.077865 0.678961 0.029687 0.045264
0 0.079687 0.278290 0.025000 0.040235
0 0.129557 0.638097 0.023698 0.042330
0 0.076302 0.558256 0.025521 0.044426
0 0.446354 0.834032 0.027083 0.042749
0 0.768229 0.199707 0.025521 0.039816
0 0.077083 0.476320 0.026562 0.039816
0 0.105990 0.318525 0.027083 0.041073
0 0.055990 0.201802 0.023958 0.039816
0 0.289323 0.635373 0.028646 0.041911
0 0.206771 0.877619 0.025000 0.042749
0 0.184115 0.315801 0.026562 0.037301
0 0.129427 0.838433 0.023438 0.041492
0 0.183464 0.395013 0.026302 0.043168
0 0.369531 0.676865 0.027083 0.041911
0 0.105859 0.436295 0.025781 0.040235
0 0.233984 0.797150 0.026302 0.044426
0 0.233203 0.959346 0.024740 0.041073
0 0.640495 0.635792 0.023698 0.045264
0 0.080078 0.241408 0.025260 0.042749
0 0.639193 0.792540 0.022656 0.041073
0 0.104557 0.921417 0.027865 0.039816
0 0.157943 0.278709 0.026823 0.040235
0 0.446745 0.474015 0.024740 0.039396
0 0.742578 0.237636 0.025260 0.041073
0 0.056510 0.122590 0.024479 0.041492
0 0.821094 0.119447 0.026042 0.044426
0 0.130859 0.677913 0.022656 0.038139
0 0.691406 0.874686 0.026562 0.042749
0 0.289062 0.597024 0.024479 0.040654
0 0.159635 0.200545 0.025000 0.037301
0 0.105990 0.516555 0.028125 0.042330
0 0.234245 0.876572 0.026302 0.047360
0 0.107552 0.201383 0.026042 0.038139
0 0.103255 0.960604 0.026302 0.041073
0 0.232031 0.919531 0.025000 0.043588
0 0.770052 0.552389 0.027083 0.040235
0 0.475521 0.553856 0.027604 0.038977
0 0.155729 0.877619 0.025521 0.038558
0 0.135156 0.238894 0.024479 0.038558
0 0.502865 0.956832 0.026042 0.043588
0 0.206771 0.636840 0.023958 0.041492
0 0.794792 0.199916 0.027083 0.038558
0 0.104427 0.638726 0.026562 0.042749
0 0.130599 0.718357 0.025260 0.041073
0 0.474479 0.433990 0.027604 0.038139
0 0.054688 0.239522 0.022396 0.036463
0 0.130078 0.879715 0.024219 0.042749
0 0.155859 0.797569 0.025781 0.044426
0 0.446354 0.677703 0.025521 0.043588
0 0.772135 0.916178 0.027083 0.040235
0 0.474740 0.514040 0.026562 0.040654
0 0.130859 0.434828 0.027344 0.038139
0 0.613281 0.754610 0.027083 0.043168
0 0.446484 0.715214 0.025781 0.035624
0 0.104818 0.757334 0.025781 0.039396
0 0.288411 0.875314 0.026302 0.044007
0 0.612891 0.957879 0.024219 0.045683
0 0.050911 0.639355 0.026302 0.047360
0 0.052865 0.317058 0.027604 0.039816
0 0.206380 0.757754 0.024740 0.040235
0 0.343359 0.555113 0.027344 0.041492
0 0.446875 0.635373 0.023958 0.041911
0 0.157682 0.318525 0.023698 0.042749
0 0.207682 0.919111 0.025260 0.045264
0 0.154167 0.921626 0.026562 0.046102
0 0.106250 0.397108 0.026562 0.043168
0 0.614323 0.594091 0.030729 0.047360
0 0.076563 0.598072 0.023438 0.040235
0 0.421875 0.676446 0.026042 0.043588
0 0.132292 0.473177 0.024479 0.039396
0 0.935937 0.794635 0.027083 0.042749
0 0.638802 0.874057 0.023438 0.041492
0 0.155078 0.838013 0.025781 0.038139
0 0.639323 0.834032 0.023958 0.044426
0 0.936198 0.833822 0.029167 0.042330
0 0.667448 0.675608 0.027083 0.042749
0 0.664844 0.832984 0.024479 0.036463
0 0.293099 0.163453 0.025781 0.041911
0 0.129948 0.961442 0.026042 0.041911
0 0.077214 0.718986 0.026302 0.040654
0 0.771615 0.429170 0.027083 0.038558
0 0.823438 0.237427 0.025000 0.040654
0 0.613411 0.873009 0.025781 0.044426
0 0.767839 0.119447 0.024740 0.041911
0 0.053906 0.278500 0.025521 0.042330
0 0.935417 0.876362 0.028125 0.047779
0 0.233333 0.717519 0.025000 0.042749
0 0.639974 0.553227 0.025260 0.037720
0 0.132161 0.317267 0.022135 0.035205
0 0.768359 0.238265 0.024740 0.044007
0 0.136458 0.123428 0.022917 0.038977
0 0.129948 0.920997 0.025000 0.043168
0 0.665885 0.713747 0.024479 0.040235
0 0.105729 0.476530 0.028646 0.040235
0 0.206120 0.717728 0.022656 0.042330
0 0.769922 0.957460 0.027344 0.042330
0 0.185938 0.240151 0.026562 0.036044
0 0.693099 0.831936 0.028906 0.050293
0 0.290104 0.477368 0.025000 0.041073
0 0.793880 0.162196 0.026302 0.042749
0 0.639714 0.712909 0.022656 0.041911
0 0.157031 0.353101 0.023438 0.034786
0 0.934766 0.753562 0.029948 0.045264
0 0.741667 0.162196 0.023958 0.038558
0 0.504818 0.433361 0.025781 0.039396
0 0.691536 0.753353 0.023698 0.035624
0 0.077083 0.839690 0.026562 0.041492
0 0.446875 0.435457 0.026562 0.042749
0 0.289714 0.677075 0.029427 0.043168
0 0.474479 0.956832 0.025000 0.041073
0 0.506771 0.635373 0.029167 0.047779
0 0.663411 0.202012 0.023177 0.042749
0 0.051562 0.396479 0.025000 0.041073
0 0.740104 0.201383 0.025000 0.041492
0 0.663672 0.873219 0.026302 0.045683
0 0.741797 0.118818 0.025781 0.044845
0 0.053125 0.356664 0.026042 0.043588
0 0.076563 0.637469 0.026042 0.043588
0 0.051953 0.435247 0.025781 0.042330
0 0.689193 0.202431 0.020573 0.035205
0 0.639583 0.353940 0.020833 0.034786
0 0.770964 0.756077 0.025260 0.042749
0 0.371615 0.557209 0.028646 0.046521
0 0.206901 0.960604 0.025260 0.042749
0 0.953776 0.153814 0.025260 0.036882
0 0.371094 0.873847 0.026042 0.042749
0 0.505339 0.472967 0.029427 0.044845
0 0.342187 0.475692 0.023438 0.039396
0 0.293359 0.202640 0.024219 0.038139
0 0.368229 0.756077 0.027083 0.043588
0 0.474740 0.755448 0.023958 0.043168
0 0.155859 0.757334 0.024219 0.037720
0 0.474479 0.875524 0.025000 0.042749
0 0.613281 0.674141 0.025521 0.043168
0 0.473828 0.673303 0.023698 0.042330
0 0.239974 0.166597 0.025781 0.039816
0 0.771354 0.794845 0.024479 0.034786
0 0.157812 0.393546 0.023438 0.043588
0 0.288672 0.797150 0.026823 0.041911
0 0.613672 0.713118 0.024740 0.043168
0 0.850130 0.315172 0.024219 0.042749
0 0.954818 0.115884 0.026302 0.044007
0 0.822005 0.159262 0.023698 0.037720
0 0.233073 0.637678 0.022917 0.043168
0 0.822917 0.199707 0.024479 0.044845
0 0.638802 0.914920 0.023958 0.043588
0 0.792969 0.080050 0.027083 0.037720
0 0.315365 0.556370 0.023958 0.047360
0 0.103516 0.838223 0.022656 0.036882
0 0.770833 0.468357 0.029167 0.048198
0 0.182031 0.637049 0.026042 0.045264
0 0.743620 0.278080 0.023698 0.044007
0 0.156250 0.595977 0.026562 0.044426
0 0.156771 0.513412 0.027604 0.046102
0 0.640234 0.593252 0.025781 0.043168
0 0.690625 0.124476 0.025521 0.042749
0 0.474479 0.714585 0.025000 0.045264
0 0.798307 0.353940 0.028906 0.038977
0 0.446745 0.754191 0.025781 0.038139
0 0.505469 0.794635 0.027083 0.042749
0 0.081771 0.123428 0.025521 0.038139
0 0.770964 0.353311 0.026823 0.037720
0 0.934115 0.633697 0.028125 0.043588
0 0.692318 0.716262 0.026302 0.038558
0 0.420312 0.511316 0.024479 0.037720
0 0.501563 0.914920 0.026042 0.038558
0 0.791536 0.041282 0.030469 0.037301
0 0.770573 0.511316 0.025521 0.041911
0 0.954948 0.233026 0.026042 0.041911
0 0.369141 0.398994 0.026823 0.041073
0 0.211068 0.316220 0.025781 0.038977
0 0.474740 0.595767 0.026042 0.044007
0 0.794271 0.276614 0.022917 0.041911
0 0.796354 0.317267 0.026562 0.045264
0 0.474609 0.636002 0.023698 0.042330
0 0.157552 0.437762 0.027604 0.048198
0 0.770964 0.391660 0.024740 0.040654
0 0.447656 0.395013 0.023438 0.042330
0 0.639974 0.674350 0.021094 0.033529
0 0.212109 0.238684 0.022656 0.043168
0 0.664714 0.357293 0.025781 0.036463
0 0.850651 0.275566 0.025781 0.038977
0 0.160938 0.082146 0.027083 0.043588
0 0.420833 0.434199 0.022396 0.033529
0 0.420703 0.473596 0.029427 0.045264
0 0.664714 0.317267 0.026302 0.043588
0 0.849740 0.236588 0.025000 0.040654
0 0.665365 0.391660 0.026562 0.040654
0 0.954948 0.193001 0.028646 0.044007
0 0.614062 0.551551 0.026042 0.042749
0 0.211068 0.396689 0.027344 0.046521
0 0.155599 0.639355 0.028385 0.046521
0 0.238932 0.127619 0.026823 0.040654
0 0.715495 0.394384 0.026302 0.046940
0 0.210938 0.355616 0.024479 0.039816
0 0.421354 0.398156 0.024479 0.042749
0 0.638672 0.201593 0.022656 0.036044
0 0.238151 0.280176 0.026302 0.041492
0 0.638932 0.391031 0.020573 0.040235
0 0.639583 0.317267 0.021875 0.037720
0 0.504557 0.756287 0.026302 0.037301
0 0.932031 0.428332 0.023438 0.041911
0 0.933854 0.506077 0.026042 0.042330
0 0.691536 0.915968 0.024740 0.039816
0 0.505208 0.675189 0.025000 0.040235
0 0.369922 0.914920 0.023698 0.041911
0 0.691016 0.317477 0.024219 0.044007
0 0.232552 0.835918 0.020313 0.034786
0 0.156771 0.475482 0.023438 0.032272
0 0.213151 0.124057 0.024219 0.036882
0 0.689974 0.163873 0.022656 0.042749
0 0.369401 0.436924 0.027344 0.039816
0 0.291146 0.357293 0.025521 0.039816
0 0.265755 0.165968 0.026302 0.041911
0 0.266276 0.204526 0.026302 0.039396
0 0.505859 0.595138 0.026302 0.042749
0 0.474219 0.474434 0.031771 0.042749
0 0.716146 0.239732 0.023958 0.042749
0 0.929948 0.391241 0.028125 0.041492
0 0.317057 0.476530 0.025260 0.038558
0 0.318750 0.202221 0.024479 0.038977
0 0.318229 0.279338 0.023958 0.039816
0 0.769531 0.717519 0.025521 0.041911
0 0.664714 0.432313 0.023698 0.037301
0 0.690625 0.392707 0.023438 0.040235
0 0.369661 0.958508 0.024219 0.041073
0 0.691536 0.673931 0.024219 0.041073
0 0.665625 0.634325 0.023438 0.038977
0 0.587891 0.164501 0.025781 0.039816
0 0.929948 0.312657 0.025000 0.040235
0 0.901042 0.192791 0.025521 0.039396
0 0.369401 0.832984 0.026302 0.035624
0 0.293490 0.277452 0.022917 0.039396
0 0.691667 0.955784 0.025521 0.038977
0 0.924609 0.115465 0.030469 0.048198
0 0.187240 0.163663 0.026562 0.043168
0 0.798047 0.510268 0.024740 0.038139
0 0.851953 0.355197 0.023177 0.038977
0 0.767448 0.078374 0.024479 0.038558
0 0.904167 0.352682 0.026562 0.044007
0 0.692187 0.789606 0.025521 0.032691
0 0.852344 0.552598 0.029687 0.047360
0 0.925651 0.158005 0.026823 0.042749
0 0.370703 0.477368 0.029948 0.039396
0 0.771094 0.319573 0.025521 0.035624
0 0.689974 0.354359 0.022135 0.033948
0 0.239323 0.203479 0.025521 0.037301
0 0.926042 0.194468 0.028125 0.040235
0 0.205990 0.591785 0.025000 0.041911
0 0.665234 0.123009 0.024219 0.038977
0 0.637891 0.239732 0.026302 0.040235
0 0.850000 0.197402 0.023958 0.040235
0 0.476172 0.394803 0.025260 0.037720
0 0.264193 0.358759 0.025781 0.037720
0 0.638281 0.165968 0.021354 0.035205
0 0.666276 0.590528 0.026302 0.041073
0 0.935156 0.590738 0.030729 0.046521
0 0.933464 0.674560 0.028385 0.042330
0 0.769531 0.593252 0.027083 0.044845
0 0.238542 0.238684 0.026042 0.042330
0 0.663932 0.277033 0.025260 0.037720
0 0.690885 0.239313 0.024479 0.035205
0 0.847656 0.118818 0.022396 0.041492
0 0.689974 0.278290 0.024740 0.039396
0 0.770443 0.282481 0.029427 0.042749
0 0.235547 0.555742 0.030469 0.044426
0 0.316927 0.437133 0.026562 0.043588
0 0.157031 0.554694 0.026042 0.039816
0 0.797266 0.430427 0.027344 0.040235
0 0.929427 0.350587 0.025521 0.039816
0 0.295052 0.123219 0.025000 0.035205
0 0.718099 0.278290 0.028385 0.038558
0 0.290885 0.319153 0.024479 0.038139
0 0.476172 0.322087 0.026302 0.040654
0 0.239063 0.086547 0.028646 0.045683
0 0.503646 0.393965 0.023438 0.037720
0 0.183333 0.435247 0.025000 0.038139
0 0.934505 0.713956 0.027865 0.040654
0 0.534245 0.083613 0.024740 0.041492
0 0.664323 0.240360 0.022396 0.037301
0 0.901563 0.272632 0.022396 0.034786
0 0.692057 0.631601 0.023698 0.044426
0 0.341146 0.435457 0.023438 0.039396
0 0.851562 0.393127 0.034375 0.043588
0 0.613932 0.240151 0.022656 0.040235
0 0.318359 0.238894 0.026302 0.039396
0 0.238411 0.317477 0.027344 0.036463
0 0.932031 0.467519 0.022917 0.041492
0 0.292057 0.398785 0.025781 0.040654
0 0.929036 0.271794 0.025260 0.045683
0 0.561328 0.165549 0.025260 0.041073
0 0.900391 0.118609 0.025781 0.046940
0 0.715755 0.351215 0.024219 0.036882
0 0.266146 0.240780 0.026042 0.037301
0 0.901172 0.232188 0.027344 0.046102
0 0.319010 0.356035 0.027083 0.038977
0 0.714193 0.163244 0.021615 0.038977
0 0.714323 0.082565 0.026562 0.042749
0 0.292708 0.240151 0.025000 0.037720
0 0.713802 0.200754 0.025000 0.036044
0 0.798047 0.468357 0.026302 0.044845
0 0.851823 0.512992 0.026042 0.040235
0 0.854167 0.472129 0.028646 0.047360
0 0.474870 0.359807 0.022656 0.036463
0 0.533984 0.046731 0.025781 0.037301
0 0.638672 0.127829 0.026302 0.044426
0 0.690495 0.430008 0.023177 0.037720
0 0.187240 0.122171 0.019792 0.032272
0 0.183073 0.473177 0.025000 0.041911
0 0.929167 0.233026 0.029167 0.043588
0 0.714323 0.123638 0.021354 0.036044
0 0.932813 0.548198 0.026562 0.046102
0 0.265495 0.124476 0.026302 0.037720
0 0.716406 0.316220 0.028125 0.037301
0 0.613672 0.319573 0.026302 0.039816
0 0.295573 0.044216 0.025000 0.039816
0 0.561458 0.395641 0.024479 0.036044
0 0.900651 0.072506 0.027865 0.043588
0 0.213542 0.201802 0.023958 0.035624
0 0.319922 0.165339 0.022656 0.037301
0 0.906250 0.470243 0.027083 0.046940
0 0.395964 0.395432 0.019531 0.033948
0 0.562109 0.125105 0.024740 0.038977
0 0.872786 0.117142 0.028385 0.040654
0 0.236458 0.355197 0.025521 0.037301
0 0.504036 0.166178 0.027865 0.042330
0 0.295312 0.083403 0.023958 0.036882
0 0.209115 0.436085 0.023438 0.038139
0 0.588802 0.124057 0.026562 0.041911
0 0.342057 0.397108 0.023698 0.039816
0 0.902865 0.310771 0.020833 0.035624
0 0.346224 0.167854 0.027865 0.039816
0 0.369010 0.356873 0.025521 0.037301
0 0.613802 0.202221 0.027083 0.038977
0 0.637891 0.430427 0.028385 0.039396
0 0.665234 0.551551 0.026302 0.038558
0 0.186198 0.203479 0.026562 0.040654
0 0.904427 0.391450 0.025521 0.041073
0 0.956641 0.270327 0.028385 0.039396
0 0.534635 0.123847 0.026562 0.038977
0 0.689323 0.078793 0.021354 0.037720
0 0.639844 0.280805 0.025000 0.035205
0 0.504036 0.280595 0.022656 0.036463
0 0.213932 0.168273 0.022656 0.033948
0 0.347266 0.281643 0.027344 0.043588
0 0.532943 0.162825 0.025260 0.041492
0 0.237891 0.397108 0.024740 0.039816
0 0.207292 0.553646 0.026042 0.041073
0 0.505339 0.359388 0.024219 0.035624
0 0.180339 0.595138 0.022135 0.033529
0 0.265755 0.321459 0.023177 0.041911
0 0.771224 0.632649 0.027865 0.041492
0 0.183203 0.512364 0.026823 0.041492
0 0.666276 0.510268 0.029427 0.042330
0 0.899089 0.159053 0.027344 0.036463
0 0.665104 0.472339 0.027604 0.044426
0 0.318359 0.396270 0.025260 0.042330
0 0.855599 0.429170 0.020573 0.036882
0 0.447396 0.357502 0.024479 0.032691
0 0.769531 0.672883 0.030208 0.047360
0 0.266667 0.276194 0.025000 0.038558
0 0.236849 0.436295 0.025260 0.040235
0 0.402344 0.124686 0.028646 0.044845
0 0.561458 0.081936 0.023958 0.040654
0 0.401302 0.082775 0.028646 0.038977
0 0.317448 0.318525 0.023958 0.040235
0 0.663802 0.162196 0.022396 0.031852
0 0.504036 0.127410 0.027344 0.039396
0 0.320703 0.085499 0.024219 0.042749
0 0.614453 0.287301 0.022656 0.031433
0 0.344661 0.358759 0.023177 0.042749
0 0.347656 0.129925 0.021354 0.031852
0 0.615365 0.387259 0.022396 0.041073
0 0.182552 0.555951 0.022396 0.049036
0 0.449609 0.276614 0.021094 0.040235
0 0.770312 0.613789 0.025000 0.018860
0 0.505859 0.322506 0.026302 0.040654
0 0.613672 0.126572 0.022656 0.043588
0 0.872396 0.073973 0.026562 0.038139
0 0.690885 0.471291 0.021354 0.040654
0 0.639453 0.472548 0.021615 0.041492
0 0.559766 0.279547 0.025260 0.037720
0 0.904036 0.429589 0.026823 0.041073
0 0.612891 0.515298 0.023698 0.037301
0 0.558984 0.241199 0.028385 0.043168
0 0.557943 0.322087 0.026302 0.041492
0 0.694271 0.591576 0.021875 0.035624
0 0.531771 0.322925 0.020313 0.038977
0 0.209375 0.472758 0.023438 0.039396
0 0.397396 0.357083 0.022917 0.036882
0 0.397005 0.319782 0.034115 0.041911
0 0.373307 0.086337 0.023177 0.039396
0 0.529948 0.358969 0.022396 0.033948
0 0.477344 0.275566 0.027083 0.043168
0 0.612630 0.164920 0.024219 0.036463
0 0.447266 0.240780 0.029948 0.035624
0 0.400000 0.047150 0.025521 0.035624
0 0.562240 0.049455 0.026042 0.036882
0 0.561458 0.209346 0.026042 0.033110
0 0.505729 0.047569 0.027604 0.040654
0 0.344010 0.321878 0.022917 0.032691
0 0.505469 0.086127 0.026562 0.041492
0 0.320703 0.046102 0.022135 0.039396
0 0.372917 0.046312 0.024479 0.043168
0 0.374219 0.124686 0.026042 0.036463
0 0.372266 0.161148 0.024740 0.032272
0 0.372526 0.202012 0.026823 0.038558
0 0.370312 0.240151 0.023438 0.037720
0 0.372266 0.278500 0.023177 0.036463
0 0.370573 0.316639 0.023958 0.035624
0 0.370964 0.510478 0.027344 0.034367
0 0.208984 0.511526 0.024219 0.036463
0 0.236328 0.475063 0.024219 0.036463
0 0.237240 0.512783 0.026042 0.032272
0 0.346875 0.239732 0.024479 0.034367
0 0.345182 0.201593 0.025260 0.035205
0 0.397656 0.277871 0.023438 0.033529
0 0.399349 0.240360 0.022656 0.039816
0 0.399219 0.202850 0.021354 0.026823
0 0.400000 0.165130 0.023958 0.037720
0 0.426042 0.125943 0.021354 0.036463
0 0.424089 0.165549 0.020052 0.027661
0 0.424349 0.202012 0.020573 0.034367
0 0.420182 0.280595 0.019531 0.034786
0 0.423307 0.237217 0.022656 0.041911
0 0.423307 0.316220 0.025260 0.036463
0 0.450391 0.319782 0.022135 0.035205
0 0.448437 0.201174 0.026042 0.030176
0 0.450781 0.162196 0.021354 0.034367
0 0.448307 0.121542 0.024740 0.036882
0 0.477734 0.128039 0.020573 0.036463
0 0.477474 0.169321 0.022656 0.037720
0 0.476693 0.201593 0.025260 0.037720
0 0.477083 0.238265 0.028646 0.028919
0 0.531510 0.278919 0.026562 0.035624
0 0.504818 0.241827 0.022656 0.034367
0 0.504167 0.202640 0.023958 0.028919
0 0.531510 0.204317 0.021354 0.040654
0 0.531510 0.242037 0.022917 0.032272
0 0.560286 0.356873 0.022656 0.028080
0 0.614974 0.351425 0.014844 0.028080
0 0.613281 0.433152 0.020833 0.036463
0 0.616276 0.469824 0.022656 0.041073
0 0.639974 0.512154 0.024740 0.033529
0 0.693359 0.512154 0.022135 0.035205
0 0.693099 0.554694 0.022656 0.040654
0 0.849740 0.156957 0.026042 0.032272
