0 0.282527 0.227363 0.035105 0.042891
0 0.767751 0.116263 0.035700 0.034750
0 0.727390 0.276509 0.033518 0.036736
0 0.281238 0.188642 0.034113 0.035346
0 0.728679 0.111497 0.034510 0.034353
0 0.541452 0.784651 0.037287 0.034750
0 0.137545 0.872021 0.033122 0.028396
0 0.728679 0.144559 0.034907 0.033360
0 0.578441 0.122617 0.039072 0.036736
0 0.283122 0.337569 0.038675 0.040905
0 0.504165 0.304110 0.038477 0.029984
0 0.391412 0.395453 0.033915 0.034353
0 0.317929 0.190627 0.035700 0.033360
0 0.616025 0.155977 0.038477 0.036338
0 0.319814 0.591442 0.034708 0.034353
0 0.429790 0.433181 0.034510 0.043487
0 0.577549 0.213165 0.034113 0.039118
0 0.690797 0.238880 0.034510 0.035743
0 0.576458 0.083300 0.033915 0.041898
0 0.357398 0.878276 0.035303 0.035743
0 0.503471 0.206414 0.035502 0.040310
0 0.355415 0.218924 0.038477 0.031970
0 0.690996 0.081017 0.036097 0.035743
0 0.173245 0.906275 0.035105 0.037331
0 0.503868 0.574662 0.035105 0.039714
0 0.578937 0.861199 0.034113 0.035346
0 0.468465 0.464357 0.038080 0.033956
0 0.691392 0.277403 0.035700 0.039317
0 0.209639 0.087569 0.036493 0.044083
0 0.393098 0.457804 0.034907 0.030778
0 0.616918 0.469718 0.035898 0.031573
0 0.540460 0.202542 0.036890 0.034948
0 0.390222 0.195294 0.035105 0.042693
0 0.353035 0.249206 0.034113 0.028991
0 0.466878 0.635624 0.032923 0.039714
0 0.652816 0.847796 0.031138 0.024424
0 0.766164 0.478654 0.032527 0.031573
0 0.318921 0.425338 0.034113 0.034551
0 0.652420 0.617454 0.035502 0.037927
0 0.615430 0.258042 0.035303 0.039515
0 0.729671 0.417593 0.036097 0.031771
0 0.729274 0.596307 0.036493 0.040508
0 0.315252 0.117156 0.034708 0.040111
0 0.096589 0.128078 0.034113 0.042097
0 0.806029 0.146446 0.034907 0.033161
0 0.135561 0.718427 0.034312 0.037331
0 0.463804 0.111100 0.032328 0.030381
0 0.654006 0.110703 0.034708 0.036338
0 0.353828 0.336676 0.035700 0.041501
0 0.279750 0.084194 0.034312 0.043288
0 0.765272 0.610107 0.032725 0.037133
0 0.841630 0.106235 0.032725 0.036537
0 0.390123 0.158062 0.033717 0.029388
0 0.651825 0.789615 0.031535 0.031176
0 0.173542 0.641084 0.036890 0.041501
0 0.209441 0.303515 0.039270 0.041104
0 0.245736 0.186458 0.036493 0.036934
0 0.465688 0.302720 0.033717 0.033161
0 0.357596 0.740171 0.036493 0.033558
0 0.616025 0.329925 0.035303 0.034353
0 0.767751 0.081215 0.035303 0.036934
0 0.058905 0.345016 0.034113 0.040310
0 0.394288 0.652502 0.036097 0.038523
0 0.101250 0.721009 0.036295 0.041303
0 0.282229 0.505461 0.032923 0.035941
0 0.210730 0.430600 0.039072 0.052224
0 0.653907 0.442712 0.033717 0.037530
0 0.465192 0.143268 0.034708 0.033161
0 0.172055 0.871029 0.032328 0.033956
0 0.654502 0.877383 0.032923 0.035544
0 0.768148 0.149325 0.035303 0.032168
0 0.652420 0.654984 0.034312 0.037927
0 0.728382 0.383439 0.035502 0.034551
0 0.501289 0.080719 0.034312 0.034750
0 0.766858 0.541005 0.036295 0.033161
0 0.391313 0.238185 0.034113 0.040310
0 0.171261 0.193705 0.037088 0.045075
0 0.467275 0.743646 0.030940 0.032566
0 0.465292 0.176231 0.036493 0.033956
0 0.279651 0.122518 0.034510 0.035346
0 0.469060 0.428713 0.037287 0.034551
0 0.691194 0.462768 0.034113 0.034353
0 0.876041 0.521644 0.035303 0.036934
0 0.171658 0.244043 0.035105 0.043685
0 0.615430 0.295075 0.034113 0.034154
0 0.317434 0.079031 0.034312 0.034551
0 0.688616 0.496227 0.034510 0.034551
0 0.578144 0.682288 0.035303 0.034551
0 0.805236 0.176628 0.032527 0.029190
0 0.171856 0.838463 0.030742 0.030778
0 0.136255 0.418189 0.038873 0.048451
0 0.319119 0.353952 0.033717 0.037927
0 0.540559 0.239873 0.035502 0.037331
0 0.615530 0.082605 0.035898 0.040508
0 0.726597 0.237490 0.033518 0.041700
0 0.728084 0.348689 0.036097 0.034551
0 0.766660 0.302522 0.035105 0.031573
0 0.916601 0.474285 0.037088 0.035544
0 0.173146 0.593427 0.036097 0.034750
0 0.505553 0.536537 0.036097 0.040508
0 0.430087 0.592732 0.038675 0.051628
0 0.655395 0.820989 0.037088 0.030381
0 0.690103 0.529984 0.035898 0.033360
0 0.877132 0.555401 0.035502 0.031771
0 0.841333 0.244043 0.032527 0.038920
0 0.390222 0.361597 0.039468 0.034154
0 0.728481 0.451350 0.034510 0.038125
0 0.100853 0.762510 0.035105 0.041303
0 0.804542 0.551330 0.033915 0.031573
0 0.135264 0.526509 0.034113 0.033558
0 0.281039 0.267176 0.032130 0.035544
0 0.503768 0.430997 0.030543 0.037133
0 0.653610 0.721207 0.034312 0.040905
0 0.281833 0.301132 0.036097 0.031970
0 0.464300 0.335584 0.030940 0.033360
0 0.387941 0.128574 0.037683 0.030381
0 0.096192 0.085485 0.034907 0.042295
0 0.390520 0.099980 0.039270 0.029587
0 0.467077 0.671267 0.032923 0.033558
0 0.428203 0.106930 0.036097 0.031970
0 0.283518 0.377780 0.038278 0.041501
0 0.319020 0.624702 0.032328 0.032963
0 0.171757 0.715052 0.035700 0.037728
0 0.615728 0.221108 0.033518 0.034353
0 0.172848 0.756950 0.035105 0.044877
0 0.173741 0.344122 0.038873 0.034154
0 0.321202 0.734710 0.033518 0.039317
0 0.691392 0.316322 0.033320 0.035743
0 0.803253 0.483817 0.034907 0.039118
0 0.244843 0.224682 0.036295 0.038721
0 0.579334 0.714357 0.034510 0.029984
0 0.351150 0.132744 0.031932 0.035147
0 0.098473 0.213165 0.035898 0.034353
0 0.096093 0.401013 0.035502 0.054210
0 0.135462 0.564039 0.035700 0.039515
0 0.839349 0.583896 0.031337 0.037530
0 0.095795 0.304210 0.033320 0.036140
0 0.356902 0.776608 0.033915 0.040508
0 0.689310 0.729547 0.033122 0.040111
0 0.540559 0.377581 0.032328 0.030778
0 0.466581 0.707010 0.032328 0.039118
0 0.426517 0.221009 0.032328 0.036934
0 0.213110 0.385425 0.037485 0.038523
0 0.133181 0.486696 0.033518 0.045274
0 0.135660 0.225576 0.034907 0.033757
0 0.503173 0.611894 0.035303 0.033161
0 0.465589 0.368745 0.032328 0.032963
0 0.804145 0.519758 0.032328 0.033161
0 0.653709 0.477264 0.034113 0.034750
0 0.356505 0.670671 0.035105 0.037927
0 0.730464 0.314039 0.035303 0.035544
0 0.765668 0.393467 0.032725 0.027601
0 0.915212 0.630163 0.037088 0.033161
0 0.802559 0.384631 0.035502 0.035346
0 0.502281 0.113185 0.033915 0.031374
0 0.728778 0.678515 0.038675 0.030580
0 0.766462 0.335087 0.034312 0.035941
0 0.654006 0.512113 0.034312 0.036537
0 0.428996 0.395353 0.033320 0.032168
0 0.317533 0.155878 0.034510 0.036537
0 0.211920 0.753078 0.036692 0.039515
0 0.689706 0.565826 0.037088 0.039515
0 0.765272 0.270155 0.038278 0.034750
0 0.803649 0.078932 0.033717 0.037927
0 0.616224 0.908261 0.031733 0.034551
0 0.727489 0.488681 0.036493 0.035346
0 0.318723 0.491064 0.038080 0.037331
0 0.653808 0.275715 0.033915 0.030381
0 0.172749 0.382049 0.038477 0.039714
0 0.135264 0.640588 0.033717 0.036537
0 0.578342 0.615171 0.035700 0.033757
0 0.502777 0.272836 0.036097 0.035346
0 0.171956 0.486199 0.038477 0.042295
0 0.541253 0.718725 0.034907 0.033558
0 0.172451 0.429408 0.035502 0.051430
0 0.766561 0.447081 0.033320 0.029984
0 0.577945 0.332407 0.034907 0.034551
0 0.095399 0.347002 0.036097 0.047458
0 0.767156 0.181692 0.033717 0.033757
0 0.838953 0.820691 0.032130 0.036140
0 0.690500 0.426728 0.035502 0.040508
0 0.210333 0.481235 0.036295 0.039515
0 0.728382 0.079428 0.033915 0.031771
0 0.766363 0.849285 0.033320 0.033360
0 0.463804 0.079428 0.031932 0.034154
0 0.392404 0.492851 0.037088 0.038125
0 0.727390 0.801827 0.034312 0.032963
0 0.612753 0.188642 0.039468 0.031771
0 0.172947 0.562748 0.035700 0.030580
0 0.282824 0.637708 0.033320 0.039515
0 0.468167 0.846009 0.031138 0.033558
0 0.539468 0.273729 0.033320 0.033161
0 0.502380 0.825159 0.033717 0.029587
0 0.541650 0.651509 0.033717 0.029388
0 0.171559 0.528495 0.036097 0.038324
0 0.765966 0.417494 0.030940 0.026410
0 0.577152 0.180004 0.032527 0.028793
0 0.060294 0.300536 0.033717 0.035544
0 0.431277 0.835782 0.034312 0.031771
0 0.318326 0.388900 0.030543 0.035544
0 0.099861 0.840449 0.033122 0.034353
0 0.653808 0.406573 0.032725 0.032764
0 0.354919 0.450258 0.033518 0.033956
0 0.318128 0.283956 0.035303 0.034154
0 0.427211 0.191223 0.033320 0.023431
0 0.579730 0.421267 0.037287 0.027998
0 0.318921 0.699166 0.032923 0.033757
0 0.654899 0.910544 0.032923 0.031176
0 0.211027 0.637311 0.036890 0.035544
0 0.803848 0.447975 0.034113 0.032168
0 0.804344 0.266680 0.033122 0.028991
0 0.653709 0.372716 0.033320 0.034948
0 0.540361 0.751787 0.034708 0.033757
0 0.427311 0.076648 0.033518 0.032168
0 0.915708 0.595612 0.034907 0.037927
0 0.392205 0.582804 0.031932 0.029786
0 0.505157 0.496624 0.030147 0.035743
0 0.134570 0.133340 0.034708 0.045075
0 0.465589 0.269857 0.035898 0.034948
0 0.281138 0.156275 0.032725 0.030977
0 0.727489 0.830620 0.030543 0.026211
0 0.580920 0.795770 0.037287 0.045075
0 0.729472 0.739774 0.036493 0.034750
0 0.653312 0.757347 0.033320 0.032963
0 0.355613 0.556295 0.037287 0.035544
0 0.690103 0.625397 0.035105 0.034353
0 0.539468 0.502482 0.031337 0.030381
0 0.465589 0.776708 0.028758 0.033956
0 0.210928 0.715647 0.033915 0.032168
0 0.134669 0.600973 0.035700 0.034750
0 0.576755 0.295075 0.036097 0.039714
0 0.540460 0.309174 0.032527 0.039714
0 0.840242 0.334492 0.031535 0.029190
0 0.393693 0.781275 0.030940 0.033558
0 0.840539 0.365866 0.034113 0.033161
0 0.209044 0.130461 0.034907 0.044083
0 0.059401 0.394857 0.033915 0.054210
0 0.689508 0.689734 0.034708 0.041898
0 0.392007 0.616958 0.034312 0.037331
0 0.390619 0.551132 0.032725 0.034750
0 0.801567 0.814932 0.033915 0.031374
0 0.358290 0.912728 0.034312 0.032764
0 0.767652 0.509829 0.036692 0.030381
0 0.542146 0.409055 0.036295 0.032566
0 0.727687 0.645453 0.036890 0.042295
0 0.540460 0.345711 0.033717 0.033360
0 0.726993 0.559075 0.034312 0.031970
0 0.504264 0.463562 0.029552 0.028396
0 0.058905 0.129468 0.035700 0.041700
0 0.766263 0.239376 0.034708 0.030381
0 0.501587 0.170572 0.031337 0.030977
0 0.282725 0.570790 0.033518 0.039118
0 0.841333 0.305699 0.033717 0.029587
0 0.098969 0.644460 0.032527 0.045075
0 0.171956 0.141779 0.036493 0.047657
0 0.468167 0.499206 0.039468 0.035743
0 0.841333 0.277403 0.033320 0.028594
0 0.134768 0.679408 0.031535 0.039118
0 0.352340 0.188145 0.029948 0.029984
0 0.578144 0.364674 0.035303 0.031970
0 0.577053 0.153296 0.033122 0.028197
0 0.503768 0.646148 0.034907 0.034948
0 0.096985 0.173253 0.035700 0.041501
0 0.393395 0.714654 0.034708 0.028594
0 0.172650 0.303316 0.036295 0.041104
0 0.135264 0.369837 0.036097 0.037530
0 0.727489 0.200556 0.032130 0.031374
0 0.615232 0.654786 0.032527 0.025218
0 0.579433 0.746724 0.035502 0.033956
0 0.916501 0.560763 0.036493 0.034154
0 0.765569 0.784750 0.032130 0.034551
0 0.766561 0.573967 0.038873 0.033161
0 0.429889 0.695492 0.034312 0.038721
0 0.839548 0.742653 0.034510 0.037331
0 0.801269 0.906176 0.034113 0.033956
0 0.134867 0.285643 0.036890 0.037927
0 0.352440 0.161438 0.029750 0.024623
0 0.281833 0.469917 0.032923 0.032367
0 0.690896 0.202641 0.033518 0.036338
0 0.876636 0.589257 0.036890 0.036338
0 0.431376 0.801827 0.036890 0.035743
0 0.727092 0.914714 0.034907 0.027998
0 0.914816 0.663125 0.035502 0.031573
0 0.615331 0.724285 0.033915 0.030381
0 0.539468 0.816819 0.032923 0.032367
0 0.211821 0.344321 0.036097 0.041303
0 0.213110 0.906176 0.037485 0.038721
0 0.616720 0.362192 0.034708 0.030580
0 0.614736 0.688344 0.031932 0.041104
0 0.353729 0.523630 0.027965 0.027006
0 0.465192 0.240667 0.031535 0.027006
0 0.653511 0.144361 0.030940 0.030183
0 0.652221 0.579925 0.031535 0.034353
0 0.393594 0.746823 0.032328 0.033757
0 0.578937 0.393666 0.034510 0.030381
0 0.501686 0.368050 0.032328 0.033558
0 0.097184 0.506950 0.038873 0.041700
0 0.100952 0.682288 0.034907 0.032168
0 0.503570 0.244043 0.034907 0.034154
0 0.617116 0.814635 0.032328 0.030778
0 0.616025 0.756354 0.034113 0.033360
0 0.616819 0.571585 0.034113 0.035544
0 0.765867 0.211180 0.033518 0.028396
0 0.392007 0.329527 0.036295 0.034353
0 0.577648 0.583300 0.038278 0.029587
0 0.653511 0.240866 0.031733 0.035743
0 0.503273 0.335485 0.038675 0.032764
0 0.727787 0.883836 0.032725 0.034948
0 0.804145 0.112192 0.033915 0.030580
0 0.840143 0.489277 0.034907 0.034154
0 0.426220 0.137311 0.036097 0.029984
0 0.095299 0.263900 0.031138 0.036934
0 0.392900 0.428118 0.034510 0.030977
0 0.839944 0.551033 0.031733 0.029786
0 0.502479 0.853554 0.031138 0.027204
0 0.690996 0.345810 0.029353 0.025218
0 0.540758 0.683975 0.033915 0.037927
0 0.358489 0.846505 0.034312 0.028197
0 0.729373 0.856434 0.034708 0.026608
0 0.282031 0.605242 0.030940 0.027403
0 0.211424 0.803713 0.037683 0.042295
0 0.616819 0.121724 0.037683 0.034551
0 0.393990 0.813542 0.033518 0.031374
0 0.840044 0.430798 0.036295 0.031970
0 0.803154 0.416203 0.033518 0.030977
0 0.654304 0.306692 0.033320 0.031573
0 0.133776 0.183280 0.033122 0.039317
0 0.503372 0.397538 0.030543 0.028197
0 0.691095 0.861100 0.033915 0.024424
0 0.764776 0.817514 0.032923 0.030977
0 0.207656 0.249106 0.032923 0.032764
0 0.134074 0.327939 0.036493 0.038324
0 0.100555 0.873511 0.033717 0.032168
0 0.211027 0.840647 0.034113 0.032367
0 0.840440 0.853952 0.033915 0.030778
0 0.058211 0.212967 0.036692 0.044281
0 0.466680 0.397836 0.034510 0.025218
0 0.803253 0.617752 0.033717 0.035346
0 0.915906 0.288125 0.043633 0.053614
0 0.690896 0.829627 0.034312 0.034154
0 0.427806 0.312847 0.030940 0.026807
0 0.394883 0.842931 0.035700 0.029388
0 0.318326 0.526013 0.030940 0.030580
0 0.690500 0.112788 0.033122 0.031771
0 0.137743 0.804309 0.035105 0.033558
0 0.138338 0.840449 0.031932 0.034353
0 0.502182 0.143467 0.034113 0.027998
0 0.653808 0.339456 0.034312 0.030778
0 0.727886 0.524722 0.036493 0.035544
0 0.540163 0.468129 0.035105 0.037530
0 0.800873 0.783956 0.034510 0.031374
0 0.653114 0.077145 0.031733 0.029190
0 0.318029 0.557983 0.027965 0.029388
0 0.841829 0.207109 0.030345 0.033360
0 0.354026 0.417494 0.034113 0.029587
0 0.617315 0.786041 0.032328 0.027601
0 0.617017 0.390786 0.032923 0.025814
0 0.540758 0.438542 0.034312 0.026013
0 0.351150 0.076052 0.030742 0.029388
0 0.690103 0.798550 0.033518 0.029190
0 0.172253 0.681394 0.034708 0.036338
0 0.356406 0.706215 0.031733 0.030778
0 0.390321 0.073074 0.036097 0.025417
0 0.208052 0.520552 0.036097 0.037927
0 0.429591 0.364575 0.029750 0.023828
0 0.318921 0.317514 0.033320 0.035346
0 0.098671 0.806990 0.037485 0.034551
0 0.099762 0.588662 0.032130 0.049047
0 0.877727 0.428515 0.033915 0.032963
0 0.690301 0.595711 0.033122 0.025020
0 0.653114 0.687351 0.030940 0.027204
0 0.539072 0.847498 0.033717 0.028197
0 0.803253 0.872021 0.034510 0.031970
0 0.465292 0.210087 0.033717 0.034154
0 0.207160 0.207804 0.036295 0.047061
0 0.427906 0.283459 0.029552 0.031970
0 0.539171 0.080818 0.040262 0.034948
0 0.467077 0.533956 0.036493 0.034948
0 0.538576 0.171465 0.032725 0.028396
0 0.839349 0.521148 0.030147 0.029984
0 0.138239 0.760226 0.036890 0.042693
0 0.915014 0.332903 0.037882 0.036338
0 0.689111 0.766878 0.035898 0.036537
0 0.395775 0.869043 0.035502 0.024821
0 0.210432 0.557784 0.036493 0.035743
0 0.244645 0.260425 0.033518 0.031573
0 0.916700 0.433380 0.034907 0.044281
0 0.209738 0.872021 0.038675 0.029984
0 0.576954 0.554607 0.031733 0.028594
0 0.840044 0.617156 0.033915 0.030183
0 0.320309 0.796366 0.034510 0.030381
0 0.842424 0.172558 0.031535 0.035346
0 0.353927 0.381056 0.033122 0.042494
0 0.578937 0.246326 0.036493 0.027998
0 0.616720 0.616461 0.034312 0.052621
0 0.615629 0.509829 0.034907 0.046664
0 0.391214 0.522438 0.031932 0.023828
0 0.098473 0.463662 0.037485 0.040111
0 0.839548 0.398233 0.035303 0.033558
0 0.282130 0.537629 0.033518 0.027601
0 0.577350 0.649623 0.035700 0.033161
0 0.728282 0.173153 0.031337 0.023431
0 0.839647 0.779388 0.035898 0.034551
0 0.766263 0.642474 0.032725 0.027998
0 0.876636 0.484015 0.034113 0.034353
0 0.468366 0.879567 0.031138 0.029984
0 0.057021 0.171962 0.031138 0.037331
0 0.578342 0.508638 0.036493 0.029587
0 0.576061 0.830520 0.032725 0.026807
0 0.318822 0.456712 0.033915 0.029388
0 0.689806 0.912530 0.032923 0.030381
0 0.803054 0.582109 0.031733 0.029984
0 0.577251 0.478753 0.030742 0.032963
0 0.392205 0.296565 0.039072 0.035544
0 0.503173 0.798153 0.032527 0.027204
0 0.211027 0.594420 0.034907 0.037530
0 0.430385 0.548650 0.034113 0.032963
0 0.915906 0.530282 0.032923 0.027601
0 0.429492 0.338562 0.030742 0.027403
0 0.840044 0.458995 0.033122 0.026410
0 0.690004 0.885524 0.031733 0.024821
0 0.353233 0.289416 0.033717 0.051430
0 0.354820 0.588662 0.034907 0.029190
0 0.728778 0.770751 0.034708 0.029587
0 0.318425 0.224186 0.033915 0.033360
0 0.689706 0.169778 0.029948 0.027403
0 0.394090 0.686755 0.034113 0.026013
0 0.615629 0.872816 0.034907 0.028793
0 0.469357 0.907863 0.033518 0.028594
0 0.690103 0.373709 0.029948 0.029388
0 0.426319 0.166005 0.032725 0.028197
0 0.729373 0.707605 0.037485 0.027601
0 0.690301 0.140687 0.029155 0.030778
0 0.467077 0.597597 0.031337 0.037133
0 0.803649 0.220711 0.036493 0.055004
0 0.688814 0.654786 0.034113 0.025616
0 0.915311 0.727859 0.031733 0.040310
0 0.577053 0.448471 0.031535 0.027998
0 0.211523 0.676529 0.035898 0.040905
0 0.061186 0.263900 0.038278 0.035346
0 0.281238 0.412728 0.034907 0.029190
0 0.918584 0.245631 0.035502 0.032168
0 0.840143 0.644956 0.035303 0.028594
0 0.321301 0.887411 0.034113 0.031374
0 0.766363 0.366958 0.031337 0.026608
0 0.652420 0.210187 0.033915 0.029587
0 0.540063 0.601767 0.032527 0.024821
0 0.056327 0.083797 0.031733 0.036537
0 0.652420 0.546366 0.034312 0.035544
0 0.505752 0.683181 0.034907 0.039913
0 0.245042 0.079130 0.030345 0.028396
0 0.354919 0.498511 0.027965 0.023233
0 0.427509 0.254269 0.031535 0.027204
0 0.354125 0.637411 0.031138 0.027800
0 0.354621 0.613284 0.034113 0.024027
0 0.916006 0.693507 0.031138 0.028396
0 0.467473 0.811060 0.030543 0.033956
0 0.539568 0.531275 0.032725 0.026807
0 0.802360 0.648233 0.032328 0.028396
0 0.321698 0.826847 0.034510 0.032963
0 0.171460 0.096505 0.040658 0.036140
0 0.502975 0.728356 0.033320 0.037331
0 0.540361 0.624504 0.033518 0.023828
0 0.319219 0.767871 0.029155 0.025020
0 0.131793 0.085187 0.031932 0.037728
0 0.355018 0.476271 0.030147 0.019658
0 0.841829 0.139198 0.028758 0.029388
0 0.245042 0.147836 0.036295 0.041501
0 0.428600 0.477462 0.033717 0.047458
0 0.281535 0.439138 0.032725 0.026807
0 0.101547 0.906176 0.034113 0.031176
0 0.433657 0.914416 0.032328 0.023828
0 0.577648 0.532168 0.033518 0.019460
0 0.097580 0.544480 0.038477 0.030977
0 0.839845 0.708896 0.037088 0.030183
0 0.395676 0.894063 0.035700 0.028396
0 0.802757 0.842732 0.033122 0.024226
0 0.615430 0.542990 0.033717 0.023630
0 0.502083 0.895949 0.033518 0.055600
0 0.616224 0.845115 0.032130 0.031771
0 0.351448 0.102462 0.034907 0.026211
0 0.318723 0.662033 0.030543 0.041700
0 0.539270 0.112391 0.034510 0.027800
0 0.616224 0.443507 0.034113 0.022836
0 0.918981 0.394261 0.032328 0.030381
0 0.538873 0.141283 0.030940 0.031970
0 0.431674 0.866263 0.033518 0.031176
0 0.430682 0.635425 0.034708 0.030183
0 0.763883 0.898531 0.039072 0.057585
0 0.431674 0.662629 0.031535 0.029388
0 0.917791 0.210584 0.037882 0.042295
0 0.467176 0.566620 0.033915 0.031573
0 0.540559 0.566720 0.031932 0.036537
0 0.356902 0.814436 0.035898 0.035941
0 0.172650 0.800735 0.032725 0.033161
0 0.318128 0.251092 0.034510 0.032367
0 0.841729 0.671267 0.037287 0.028793
0 0.138040 0.906672 0.030940 0.030580
0 0.432566 0.892176 0.030147 0.021446
0 0.391610 0.271048 0.033915 0.026211
0 0.395875 0.917693 0.028560 0.022041
0 0.244744 0.290111 0.030543 0.026211
0 0.915411 0.365766 0.036692 0.026608
0 0.616025 0.419380 0.032923 0.030580
0 0.503173 0.763701 0.031337 0.032963
0 0.764379 0.753376 0.028560 0.027403
0 0.653610 0.171465 0.031535 0.028396
0 0.765668 0.726668 0.026775 0.026807
0 0.320805 0.857029 0.033915 0.030183
0 0.244645 0.116660 0.028758 0.024424
0 0.800972 0.678316 0.031138 0.034154
0 0.429294 0.522637 0.033122 0.028594
0 0.799583 0.742554 0.037485 0.050238
0 0.765272 0.681692 0.032725 0.050040
0 0.877529 0.457307 0.032328 0.025020
0 0.841234 0.076350 0.028362 0.021644
0 0.915212 0.505659 0.034312 0.024424
0 0.261008 0.775715 0.039667 0.049047
0 0.653015 0.188344 0.035502 0.025616
0 0.502281 0.878276 0.030345 0.021446
0 0.241472 0.509631 0.021618 0.032764
0 0.245141 0.104249 0.029750 0.021048
0 0.431079 0.764297 0.038675 0.034154
0 0.428897 0.731930 0.032328 0.025020
0 0.536989 0.886120 0.035502 0.026013
0 0.540063 0.913225 0.031337 0.026211
0 0.804145 0.322280 0.025188 0.023034
0 0.803054 0.350477 0.031337 0.031374
0 0.576557 0.892375 0.029353 0.026211
0 0.576061 0.915905 0.030345 0.020850
0 0.840738 0.883539 0.033320 0.027204
0 0.839647 0.911140 0.035502 0.026013
