0 0.810254 0.109715 0.290698 0.215752
0 0.804968 0.310451 0.362579 0.192461
0 0.799154 0.510267 0.355180 0.211462
0 0.807875 0.707937 0.330338 0.183880
0 0.803911 0.893809 0.334038 0.212381
0 0.482294 0.108489 0.328224 0.215752
0 0.477273 0.313209 0.345666 0.211462
0 0.472516 0.505363 0.309725 0.203494
0 0.484672 0.705945 0.307611 0.202574
0 0.491543 0.900398 0.324524 0.199203
0 0.168605 0.101900 0.331924 0.180509
0 0.160148 0.306620 0.319239 0.228930
0 0.165962 0.514710 0.292812 0.206865
0 0.181818 0.718204 0.336152 0.198284
0 0.177061 0.892124 0.334038 0.178363
