0 0.833920 0.157589 0.078022 0.080730
0 0.814363 0.449959 0.085265 0.084877
0 0.824400 0.606304 0.098717 0.074647
0 0.821916 0.744540 0.076366 0.074647
0 0.829884 0.889135 0.088990 0.080730
0 0.712127 0.301078 0.081126 0.087365
0 0.700124 0.447885 0.084437 0.059718
0 0.705712 0.617501 0.074917 0.085983
0 0.709334 0.757257 0.078849 0.082942
0 0.593957 0.432955 0.072434 0.072436
0 0.596647 0.601465 0.076573 0.115842
0 0.596647 0.750484 0.088990 0.077689
0 0.593026 0.882223 0.077194 0.084048
0 0.430257 0.145424 0.090646 0.069118
0 0.319640 0.287808 0.087541 0.064694
0 0.318088 0.440973 0.063742 0.079624
0 0.324814 0.588886 0.085058 0.069118
0 0.435844 0.627592 0.082781 0.059718
0 0.325642 0.735554 0.086714 0.092618
0 0.197848 0.296931 0.081126 0.068012
0 0.194329 0.439867 0.053394 0.066906
0 0.203435 0.587642 0.082781 0.075477
0 0.186672 0.739148 0.093957 0.059442
0 0.193502 0.885402 0.094785 0.064971
