0 0.764819 0.153548 0.023480 0.023650
0 0.096228 0.901878 0.022710 0.025817
0 0.521074 0.453241 0.022517 0.023289
0 0.788491 0.084943 0.026559 0.023289
0 0.284450 0.230547 0.023865 0.027442
0 0.831120 0.366312 0.022517 0.022387
0 0.405889 0.835169 0.020015 0.022748
0 0.239319 0.045947 0.022517 0.021484
0 0.283006 0.346814 0.022132 0.022387
0 0.809084 0.721881 0.023865 0.024012
0 0.548114 0.478155 0.022710 0.026539
0 0.760778 0.564903 0.023865 0.023831
0 0.428599 0.810706 0.024634 0.024373
0 0.499326 0.697960 0.020978 0.023831
0 0.808795 0.946200 0.023287 0.022748
0 0.713530 0.634411 0.024057 0.022387
0 0.520593 0.301047 0.021555 0.021845
0 0.858449 0.016248 0.020593 0.024192
0 0.475558 0.633959 0.024249 0.024734
0 0.283199 0.300957 0.022517 0.023831
0 0.238934 0.791298 0.024442 0.023470
0 0.595554 0.565445 0.024827 0.022387
0 0.666186 0.409189 0.021747 0.024734
0 0.311008 0.090720 0.025019 0.024373
0 0.427059 0.475988 0.025404 0.024734
0 0.170901 0.790034 0.023865 0.023109
0 0.690339 0.475176 0.025019 0.025275
0 0.354888 0.321087 0.025789 0.022928
0 0.808988 0.633147 0.023287 0.020220
0 0.759911 0.791027 0.020593 0.023289
0 0.784546 0.765120 0.025982 0.025636
0 0.168687 0.523199 0.024442 0.026720
0 0.809180 0.474364 0.025212 0.026178
0 0.694958 0.178823 0.021940 0.027261
0 0.642995 0.566257 0.023865 0.023289
0 0.667918 0.830655 0.024442 0.019137
0 0.645400 0.040802 0.023672 0.023831
0 0.689954 0.346723 0.023480 0.021484
0 0.789357 0.109135 0.026366 0.024734
0 0.353253 0.388879 0.024057 0.023470
0 0.811105 0.016339 0.020978 0.023289
0 0.307833 0.542517 0.023672 0.019137
0 0.522998 0.721881 0.022517 0.023650
0 0.876251 0.809352 0.023480 0.020942
0 0.521940 0.902239 0.020400 0.023650
0 0.265685 0.971926 0.021747 0.023289
0 0.354600 0.411356 0.023287 0.024012
0 0.380581 0.635133 0.024057 0.025636
0 0.263183 0.721520 0.024827 0.025095
0 0.831986 0.387164 0.020400 0.019318
0 0.405985 0.521755 0.024057 0.023831
0 0.570631 0.061744 0.024249 0.023109
0 0.451405 0.409189 0.023672 0.026178
0 0.811490 0.039718 0.021363 0.022387
0 0.091513 0.547391 0.021363 0.023109
0 0.852290 0.720979 0.019053 0.024734
0 0.546478 0.965698 0.023287 0.021303
0 0.597286 0.109045 0.025597 0.023470
0 0.144149 0.858458 0.025019 0.022387
0 0.451597 0.385268 0.024057 0.020220
0 0.336605 0.132515 0.023865 0.021665
0 0.115955 0.299513 0.025212 0.025275
0 0.929273 0.170969 0.022132 0.021665
0 0.481717 0.158332 0.023480 0.020581
0 0.693514 0.042336 0.023672 0.022567
0 0.881832 0.061022 0.021940 0.025275
0 0.432063 0.966600 0.023865 0.023831
0 0.812644 0.083047 0.022902 0.022026
0 0.837664 0.195523 0.022902 0.021303
0 0.359700 0.947554 0.023480 0.025095
0 0.904446 0.059758 0.020593 0.021665
0 0.593822 0.521213 0.023672 0.024192
0 0.831505 0.720347 0.020593 0.022387
0 0.695246 0.130348 0.021363 0.024914
0 0.190724 0.477974 0.021170 0.022928
0 0.760393 0.386622 0.024249 0.022928
0 0.451982 0.700939 0.023672 0.021845
0 0.834296 0.059126 0.020400 0.022206
0 0.289069 0.902419 0.026174 0.022206
0 0.809373 0.610580 0.024057 0.022748
0 0.670035 0.064181 0.024442 0.024373
0 0.593149 0.810886 0.022325 0.020401
0 0.306005 0.277397 0.021555 0.025095
0 0.380100 0.588554 0.021170 0.022748
0 0.783872 0.452157 0.023480 0.021845
0 0.189569 0.207619 0.027714 0.019859
0 0.479407 0.965427 0.020400 0.022206
0 0.838530 0.219805 0.022710 0.023650
0 0.430427 0.722152 0.022902 0.022748
0 0.432833 0.041524 0.022325 0.023470
0 0.428406 0.384185 0.022710 0.020581
0 0.522806 0.322712 0.024057 0.022928
0 0.666282 0.965066 0.019630 0.020762
0 0.875866 0.946019 0.023095 0.021665
0 0.332179 0.722423 0.021555 0.022206
0 0.719592 0.196155 0.022325 0.020762
0 0.875962 0.922278 0.024057 0.024373
0 0.451694 0.432750 0.021940 0.022026
0 0.311201 0.833634 0.023095 0.021845
0 0.784257 0.609677 0.023480 0.021303
0 0.669938 0.018686 0.022710 0.027622
0 0.475462 0.545044 0.022517 0.022387
0 0.143861 0.789493 0.025212 0.023831
0 0.383949 0.065626 0.022325 0.024012
0 0.789742 0.150388 0.025597 0.023831
0 0.646363 0.105705 0.021747 0.024012
0 0.619996 0.041433 0.020593 0.022567
0 0.762413 0.921466 0.023672 0.020942
0 0.121055 0.970753 0.021940 0.023831
0 0.408968 0.110309 0.021940 0.024553
0 0.170516 0.881387 0.025019 0.024192
0 0.760008 0.766655 0.021170 0.026900
0 0.238549 0.635494 0.020593 0.024192
0 0.428310 0.406662 0.023287 0.021845
0 0.901174 0.340765 0.024057 0.028344
0 0.807929 0.832190 0.023480 0.022928
0 0.329677 0.410814 0.024634 0.020040
0 0.379619 0.320635 0.021747 0.026720
0 0.877309 0.587290 0.023287 0.022026
0 0.451982 0.900975 0.023287 0.022567
0 0.405600 0.544051 0.021363 0.021845
0 0.171189 0.925528 0.024827 0.017512
0 0.668303 0.720617 0.021363 0.024373
0 0.736817 0.855570 0.024442 0.023470
0 0.619323 0.296624 0.023865 0.025275
0 0.760778 0.812872 0.022325 0.020762
0 0.213337 0.365048 0.021363 0.021303
0 0.333814 0.857556 0.022132 0.020942
0 0.307159 0.298971 0.022325 0.017693
0 0.691301 0.679184 0.021555 0.022387
0 0.619804 0.565535 0.020593 0.024734
0 0.475943 0.697418 0.023095 0.023831
0 0.690050 0.920654 0.023672 0.022567
0 0.544650 0.277487 0.021555 0.026720
0 0.476905 0.588734 0.022710 0.022387
0 0.854792 0.610038 0.022132 0.022748
0 0.195150 0.813865 0.025019 0.022026
0 0.499326 0.521033 0.024442 0.023831
0 0.311971 0.879491 0.023095 0.026900
0 0.641840 0.811067 0.025404 0.022928
0 0.167725 0.566528 0.024442 0.023109
0 0.567744 0.276945 0.020400 0.024914
0 0.903772 0.014894 0.021170 0.022928
0 0.788299 0.060841 0.025019 0.022748
0 0.567071 0.299603 0.020208 0.020401
0 0.858160 0.083228 0.023480 0.023470
0 0.760489 0.834356 0.022517 0.021845
0 0.928791 0.035656 0.022325 0.020040
0 0.760393 0.041433 0.022325 0.026178
0 0.117687 0.369832 0.024442 0.018234
0 0.642417 0.921376 0.022710 0.021123
0 0.714492 0.587380 0.021747 0.017151
0 0.717956 0.152825 0.023672 0.022206
0 0.235470 0.320997 0.020208 0.024914
0 0.808699 0.586478 0.021940 0.021123
0 0.883564 0.128001 0.023095 0.022748
0 0.192744 0.634230 0.019823 0.023831
0 0.597768 0.153367 0.023865 0.022206
0 0.853637 0.654179 0.023287 0.023650
0 0.852002 0.921556 0.021940 0.021845
0 0.788106 0.173136 0.025019 0.020220
0 0.357871 0.809984 0.025597 0.023650
0 0.359988 0.085214 0.022902 0.021665
0 0.450539 0.832822 0.022325 0.019137
0 0.521555 0.788861 0.021170 0.021845
0 0.355177 0.475447 0.025597 0.025456
0 0.260296 0.320004 0.023287 0.024734
0 0.906082 0.149847 0.021555 0.022748
0 0.667533 0.430222 0.023287 0.016971
0 0.260008 0.297075 0.023095 0.021484
0 0.408487 0.633057 0.025212 0.019318
0 0.899827 0.428146 0.020208 0.023650
0 0.521844 0.565896 0.024057 0.021845
0 0.669650 0.698863 0.022517 0.016248
0 0.115473 0.210056 0.022710 0.022567
0 0.666667 0.808269 0.023480 0.023470
0 0.262991 0.882379 0.022132 0.022206
0 0.670227 0.085394 0.024057 0.019498
0 0.190242 0.408738 0.021363 0.026720
0 0.118938 0.790125 0.020400 0.024373
0 0.191878 0.546579 0.021940 0.020401
0 0.691301 0.610670 0.025789 0.024012
0 0.763857 0.107510 0.023095 0.025456
0 0.694188 0.018415 0.023865 0.027081
0 0.285989 0.043961 0.022710 0.018595
0 0.736336 0.833363 0.022710 0.021665
0 0.690820 0.766384 0.020978 0.023831
0 0.644534 0.081964 0.020400 0.020581
0 0.166859 0.044503 0.020785 0.020040
0 0.143283 0.613558 0.024442 0.021484
0 0.258853 0.183788 0.019630 0.024914
0 0.641551 0.853403 0.024057 0.021665
0 0.547152 0.587471 0.023865 0.023831
0 0.453041 0.565626 0.022710 0.024192
0 0.071594 0.858187 0.021170 0.022567
0 0.643476 0.720076 0.020208 0.022567
0 0.573422 0.175663 0.024442 0.023470
0 0.690820 0.966239 0.025212 0.023109
0 0.545323 0.878317 0.025597 0.022748
0 0.617879 0.633598 0.020593 0.020762
0 0.693418 0.064994 0.024634 0.023831
0 0.309180 0.722423 0.023672 0.023289
0 0.761547 0.697779 0.022710 0.017693
0 0.456697 0.131432 0.023865 0.024192
0 0.666570 0.898628 0.024442 0.021484
0 0.784642 0.428868 0.025404 0.024373
0 0.117398 0.348980 0.025789 0.025636
0 0.167725 0.362430 0.022902 0.018956
0 0.094977 0.927514 0.024442 0.022928
0 0.737394 0.789583 0.024442 0.021484
0 0.161952 0.228471 0.021747 0.025095
0 0.716898 0.060932 0.025404 0.025095
0 0.785123 0.788139 0.026366 0.021845
0 0.713337 0.834266 0.020208 0.021665
0 0.284353 0.452609 0.023287 0.023470
0 0.379908 0.566348 0.020785 0.021665
0 0.524634 0.084221 0.023865 0.021845
0 0.236047 0.391316 0.024057 0.024373
0 0.331409 0.208521 0.023480 0.024553
0 0.545804 0.063008 0.021555 0.023109
0 0.624326 0.178372 0.025404 0.022387
0 0.851713 0.790576 0.024057 0.022748
0 0.545997 0.453421 0.024634 0.025095
0 0.239896 0.878859 0.024442 0.020220
0 0.900885 0.809803 0.022325 0.023650
0 0.522902 0.945658 0.019630 0.020942
0 0.307159 0.386442 0.022710 0.021484
0 0.068899 0.410273 0.021555 0.022928
0 0.617398 0.410273 0.022325 0.019679
0 0.141936 0.570590 0.022517 0.020401
0 0.669361 0.042246 0.023865 0.021665
0 0.860662 0.126557 0.023095 0.021303
0 0.807063 0.876602 0.023287 0.024373
0 0.853637 0.317747 0.022902 0.021303
0 0.330831 0.276043 0.021940 0.024914
0 0.784353 0.923271 0.023287 0.023470
0 0.286470 0.788500 0.022132 0.017512
0 0.381351 0.475808 0.025212 0.025456
0 0.453907 0.589727 0.023672 0.022567
0 0.283584 0.544503 0.021747 0.019498
0 0.875962 0.882831 0.024057 0.021665
0 0.090550 0.322170 0.021747 0.023650
0 0.145208 0.927063 0.021363 0.022387
0 0.432640 0.154541 0.020400 0.024553
0 0.901366 0.786694 0.024442 0.021484
0 0.194669 0.789763 0.023287 0.022567
0 0.853445 0.541253 0.020593 0.023470
0 0.742398 0.174580 0.024057 0.021303
0 0.197075 0.971475 0.022325 0.022387
0 0.214299 0.431215 0.022132 0.019318
0 0.167148 0.298068 0.023672 0.021303
0 0.383949 0.969579 0.024249 0.025456
0 0.835835 0.127731 0.020400 0.021845
0 0.452656 0.877415 0.022325 0.020220
0 0.568226 0.409009 0.022132 0.026178
0 0.853926 0.564813 0.022710 0.021123
0 0.807929 0.542697 0.021170 0.022748
0 0.331313 0.587200 0.023672 0.018234
0 0.382313 0.701390 0.023287 0.027081
0 0.671382 0.155985 0.022902 0.028164
0 0.521651 0.655714 0.021363 0.023470
0 0.358737 0.835079 0.024249 0.023650
0 0.618553 0.721971 0.020015 0.023470
0 0.407140 0.611031 0.024442 0.023289
0 0.170612 0.904676 0.024442 0.021665
0 0.715069 0.720256 0.022517 0.022206
0 0.876347 0.721159 0.024827 0.020762
0 0.452945 0.472197 0.024827 0.021484
0 0.855562 0.631883 0.022517 0.017693
0 0.450635 0.812060 0.022132 0.020942
0 0.403483 0.345911 0.024442 0.019498
0 0.069284 0.545857 0.021555 0.021845
0 0.689954 0.408377 0.023865 0.022748
0 0.162336 0.206084 0.023672 0.018956
0 0.357775 0.788409 0.025019 0.019498
0 0.091994 0.452157 0.024634 0.022928
0 0.546959 0.565535 0.021555 0.021123
0 0.117398 0.323885 0.026174 0.025275
0 0.739607 0.083589 0.022710 0.019137
0 0.238453 0.545947 0.021940 0.026720
0 0.619707 0.700849 0.023480 0.017693
0 0.354985 0.344557 0.023287 0.021484
0 0.712471 0.810886 0.022325 0.022928
0 0.595362 0.040892 0.020978 0.023289
0 0.430716 0.565535 0.020400 0.024012
0 0.333141 0.813324 0.023095 0.021665
0 0.643668 0.586568 0.024057 0.016971
0 0.237298 0.701210 0.020015 0.021665
0 0.472479 0.323434 0.020785 0.024373
0 0.378657 0.346452 0.021747 0.024553
0 0.430331 0.589818 0.020785 0.023470
0 0.382506 0.811789 0.022902 0.020762
0 0.306678 0.565806 0.018668 0.024192
0 0.814473 0.104351 0.020785 0.019498
0 0.141166 0.298429 0.025212 0.021665
0 0.854215 0.339502 0.022517 0.021123
0 0.850366 0.833273 0.023672 0.022928
0 0.284834 0.566348 0.022325 0.022748
0 0.355081 0.609406 0.026559 0.026900
0 0.713530 0.565896 0.023287 0.024012
0 0.545997 0.809352 0.022710 0.021303
0 0.288876 0.833093 0.022325 0.025456
0 0.900115 0.564452 0.021940 0.022928
0 0.312356 0.903051 0.022325 0.020942
0 0.786182 0.016158 0.025789 0.024012
0 0.262125 0.524463 0.022710 0.026720
0 0.433314 0.109225 0.022902 0.022387
0 0.115377 0.275862 0.026366 0.023470
0 0.876251 0.833183 0.025404 0.026720
0 0.451212 0.341939 0.021363 0.024553
0 0.594592 0.679726 0.022517 0.022026
0 0.265493 0.111572 0.023672 0.021303
0 0.474981 0.407565 0.021555 0.026178
0 0.236143 0.185051 0.023480 0.023470
0 0.067744 0.431847 0.022325 0.019137
0 0.832082 0.342300 0.022517 0.025636
0 0.381543 0.657519 0.024057 0.018415
0 0.738838 0.720888 0.020400 0.021665
0 0.309565 0.045586 0.020208 0.021123
0 0.877117 0.788771 0.021747 0.019498
0 0.643091 0.386171 0.020978 0.022387
0 0.836701 0.174219 0.020978 0.020220
0 0.360566 0.106878 0.021363 0.020220
0 0.287914 0.877686 0.021555 0.022206
0 0.477194 0.923542 0.023672 0.020762
0 0.759911 0.541163 0.019053 0.017873
0 0.595747 0.063098 0.022517 0.021123
0 0.929369 0.056418 0.023865 0.019318
0 0.718149 0.108503 0.022517 0.031053
0 0.334777 0.924986 0.021363 0.016429
0 0.906467 0.104712 0.024249 0.020220
0 0.118745 0.436902 0.022710 0.022387
0 0.569861 0.919570 0.020400 0.024734
0 0.740762 0.131612 0.021170 0.023831
0 0.759815 0.017241 0.021555 0.022206
0 0.808122 0.922549 0.024249 0.023109
0 0.831794 0.677379 0.020785 0.021303
0 0.355370 0.431215 0.024442 0.016790
0 0.329388 0.365228 0.022902 0.021303
0 0.260681 0.229735 0.020978 0.022567
0 0.593245 0.963983 0.021363 0.026178
0 0.616436 0.808359 0.021940 0.022206
0 0.647806 0.156165 0.025019 0.021665
0 0.288587 0.856292 0.023287 0.017332
0 0.384142 0.020311 0.025019 0.020040
0 0.521747 0.038184 0.022710 0.022928
0 0.566686 0.431937 0.024057 0.020401
0 0.784931 0.699765 0.022902 0.022387
0 0.547537 0.656978 0.023865 0.023109
0 0.145304 0.951164 0.024249 0.024012
0 0.238549 0.569146 0.023672 0.017512
0 0.617302 0.429951 0.025212 0.021123
0 0.857775 0.060209 0.025019 0.021484
0 0.283872 0.205994 0.023480 0.022387
0 0.358256 0.877956 0.025597 0.024192
0 0.331794 0.790576 0.020015 0.024914
0 0.592090 0.366763 0.021747 0.024734
0 0.808699 0.565084 0.021170 0.019498
0 0.904061 0.037823 0.022132 0.022928
0 0.212952 0.388608 0.023287 0.021123
0 0.692648 0.721340 0.021555 0.021484
0 0.360758 0.971294 0.021747 0.022026
0 0.192360 0.681260 0.022517 0.019679
0 0.642417 0.321990 0.021555 0.023650
0 0.853445 0.475357 0.022517 0.023109
0 0.453811 0.611934 0.022325 0.020762
0 0.712952 0.855209 0.022132 0.018054
0 0.785412 0.809623 0.025019 0.020762
0 0.742975 0.197418 0.022902 0.023650
0 0.807833 0.899531 0.024057 0.022206
0 0.875577 0.901426 0.024442 0.016609
0 0.335354 0.063910 0.024057 0.022748
0 0.690242 0.564001 0.022517 0.019859
0 0.214396 0.451255 0.022710 0.019679
0 0.878176 0.653728 0.024249 0.024914
0 0.831120 0.654179 0.021747 0.023650
0 0.831697 0.564542 0.021363 0.021665
0 0.144438 0.903593 0.022902 0.024553
0 0.666667 0.542156 0.023095 0.023831
0 0.309084 0.023289 0.020785 0.022387
0 0.641840 0.943492 0.022325 0.022748
0 0.284931 0.064001 0.022517 0.020762
0 0.718341 0.174851 0.023287 0.020401
0 0.406948 0.718722 0.020593 0.021665
0 0.521940 0.877956 0.019630 0.024914
0 0.571690 0.083770 0.022132 0.021303
0 0.330543 0.565174 0.022132 0.022567
0 0.617302 0.877054 0.021363 0.024192
0 0.264242 0.835710 0.023095 0.024553
0 0.404446 0.323524 0.022517 0.025997
0 0.403868 0.431757 0.021747 0.024012
0 0.646844 0.130529 0.023095 0.025997
0 0.666378 0.296082 0.023672 0.023470
0 0.474885 0.854216 0.023672 0.023289
0 0.091128 0.346904 0.021747 0.025456
0 0.283102 0.368659 0.021940 0.020942
0 0.474596 0.810255 0.023865 0.022387
0 0.618168 0.472197 0.025019 0.022928
0 0.262221 0.476079 0.022902 0.023109
0 0.619611 0.587290 0.020978 0.016971
0 0.142898 0.453511 0.022902 0.023831
0 0.092475 0.589096 0.023672 0.022748
0 0.335354 0.904044 0.021747 0.021484
0 0.288395 0.110128 0.021363 0.020581
0 0.334969 0.043961 0.022902 0.014985
0 0.167821 0.590450 0.020785 0.023650
0 0.672729 0.180899 0.023287 0.022387
0 0.433122 0.065535 0.022902 0.023831
0 0.212856 0.342932 0.023095 0.022206
0 0.923980 0.879491 0.023480 0.025095
0 0.743360 0.219895 0.021747 0.022387
0 0.165416 0.276945 0.019823 0.020942
0 0.262317 0.452699 0.021555 0.022567
0 0.667533 0.632876 0.023287 0.019318
0 0.142898 0.592165 0.024442 0.020942
0 0.117013 0.588103 0.021170 0.022567
0 0.785316 0.631612 0.023672 0.018234
0 0.761836 0.473190 0.022902 0.021303
0 0.547055 0.109406 0.022132 0.023470
0 0.522229 0.832551 0.022517 0.019679
0 0.191878 0.658242 0.023480 0.025275
0 0.521074 0.811338 0.022517 0.022026
0 0.194573 0.836523 0.021555 0.022206
0 0.737009 0.565174 0.020978 0.022567
0 0.623075 0.155533 0.024057 0.024012
0 0.451790 0.853945 0.021747 0.023470
0 0.546189 0.900614 0.024634 0.022206
0 0.786085 0.039086 0.025982 0.021123
0 0.428599 0.429319 0.021170 0.020942
0 0.118457 0.859903 0.025212 0.020581
0 0.907140 0.082416 0.022517 0.022206
0 0.499134 0.543329 0.022132 0.022567
0 0.522229 0.475537 0.025982 0.021665
0 0.814280 0.150569 0.022325 0.019137
0 0.091416 0.297166 0.021170 0.025636
0 0.477771 0.943943 0.022132 0.019318
0 0.620285 0.062376 0.023865 0.021123
0 0.667148 0.679184 0.024057 0.022026
0 0.593918 0.900162 0.023095 0.020581
0 0.138472 0.208702 0.019823 0.019498
0 0.545131 0.300776 0.022902 0.021303
0 0.640685 0.788771 0.023095 0.020942
0 0.641936 0.832190 0.027136 0.016790
0 0.690242 0.632605 0.020593 0.021665
0 0.118072 0.611121 0.023672 0.023470
0 0.260970 0.546850 0.020015 0.018415
0 0.168014 0.087651 0.022325 0.022928
0 0.140589 0.163206 0.022902 0.023470
0 0.783584 0.521394 0.025597 0.022387
0 0.785604 0.722062 0.021555 0.021123
0 0.854985 0.363423 0.022517 0.022026
0 0.336990 0.970031 0.025404 0.018776
0 0.832660 0.610128 0.023672 0.021845
0 0.877406 0.541885 0.020400 0.021484
0 0.238741 0.521574 0.022517 0.020581
0 0.620958 0.084221 0.025212 0.024012
0 0.213145 0.276855 0.021747 0.021484
0 0.377983 0.368478 0.020400 0.020220
0 0.950058 0.405759 0.022517 0.019679
0 0.259911 0.345369 0.022517 0.025275
0 0.852868 0.677018 0.018283 0.020942
0 0.497979 0.362972 0.020593 0.022928
0 0.878272 0.564272 0.020593 0.021123
0 0.878464 0.608503 0.023287 0.018956
0 0.091513 0.568785 0.021747 0.019679
0 0.545227 0.385268 0.024249 0.023109
0 0.877117 0.364235 0.021747 0.024734
0 0.641840 0.631883 0.020015 0.018776
0 0.547633 0.086207 0.023287 0.022206
0 0.597286 0.131522 0.022902 0.024734
0 0.617783 0.900524 0.022710 0.020581
0 0.594303 0.543510 0.021170 0.018956
0 0.713433 0.610399 0.020015 0.023831
0 0.852771 0.943943 0.021170 0.023650
0 0.408006 0.065626 0.022710 0.022928
0 0.808507 0.653909 0.021170 0.022387
0 0.544169 0.344828 0.025212 0.025275
0 0.359122 0.902419 0.023865 0.021484
0 0.171478 0.971114 0.021170 0.020581
0 0.406948 0.655714 0.024442 0.023470
0 0.930523 0.079346 0.020400 0.023650
0 0.643283 0.678733 0.024057 0.020762
0 0.117494 0.412890 0.022132 0.025275
0 0.498941 0.565806 0.018668 0.020220
0 0.762510 0.656075 0.025789 0.023109
0 0.379234 0.273605 0.023287 0.018595
0 0.213626 0.210056 0.020400 0.023289
0 0.499711 0.764037 0.020208 0.018776
0 0.569092 0.832280 0.021555 0.021665
0 0.875481 0.698140 0.024249 0.023109
0 0.924750 0.608594 0.025789 0.022748
0 0.642321 0.344467 0.019438 0.020581
0 0.410701 0.132786 0.025019 0.018234
0 0.666474 0.564994 0.021170 0.021123
0 0.593149 0.318379 0.024249 0.022928
0 0.094688 0.789673 0.024249 0.022748
0 0.546478 0.855209 0.022517 0.022387
0 0.592667 0.921195 0.021747 0.021845
0 0.519823 0.277848 0.021170 0.023831
0 0.761162 0.632244 0.023095 0.021665
0 0.694284 0.154089 0.023287 0.023289
0 0.383276 0.832551 0.023672 0.018956
0 0.195727 0.860805 0.020015 0.024914
0 0.833911 0.015797 0.020400 0.021845
0 0.216128 0.700217 0.021555 0.020401
0 0.899442 0.900614 0.022132 0.024373
0 0.522325 0.677830 0.023095 0.021123
0 0.499519 0.878859 0.021747 0.019859
0 0.331890 0.231540 0.025212 0.021845
0 0.851713 0.857375 0.020593 0.023470
0 0.188992 0.185954 0.024249 0.021665
0 0.166955 0.022567 0.022132 0.022387
0 0.143668 0.432389 0.025597 0.019859
0 0.814473 0.128092 0.019630 0.025456
0 0.714588 0.473822 0.023865 0.021484
0 0.234988 0.367846 0.024634 0.023289
0 0.216898 0.791930 0.021940 0.023650
0 0.736528 0.588373 0.020785 0.019498
0 0.642995 0.298068 0.020400 0.024553
0 0.476328 0.611031 0.022325 0.021845
0 0.405985 0.858458 0.023287 0.022026
0 0.543880 0.432118 0.021170 0.021484
0 0.671189 0.106156 0.024057 0.022026
0 0.219688 0.927965 0.021747 0.022748
0 0.454484 0.945568 0.020593 0.020040
0 0.329484 0.431576 0.024249 0.016790
0 0.712664 0.364145 0.021940 0.021303
0 0.329580 0.386983 0.021363 0.024734
0 0.544361 0.321177 0.021363 0.021303
0 0.521651 0.430222 0.021747 0.023109
0 0.238356 0.589998 0.024057 0.022026
0 0.761259 0.587561 0.021747 0.019679
0 0.473922 0.832280 0.022517 0.019137
0 0.545708 0.040170 0.020978 0.019318
0 0.736239 0.521665 0.019438 0.023289
0 0.640974 0.898989 0.020978 0.021845
0 0.546093 0.765391 0.020593 0.021845
0 0.545131 0.521755 0.018283 0.023470
0 0.762798 0.064994 0.024442 0.020581
0 0.671863 0.130980 0.024249 0.024734
0 0.310527 0.810525 0.022517 0.023289
0 0.473634 0.365951 0.020015 0.025636
0 0.214203 0.184510 0.019246 0.019859
0 0.643764 0.407023 0.023095 0.018956
0 0.499423 0.063730 0.019246 0.022748
0 0.832179 0.428687 0.019630 0.022206
0 0.329965 0.541975 0.020978 0.021665
0 0.667052 0.587019 0.020015 0.020762
0 0.712952 0.656707 0.024442 0.022206
0 0.167821 0.545225 0.024634 0.018054
0 0.116724 0.545586 0.024442 0.019498
0 0.168303 0.656165 0.024057 0.022567
0 0.428599 0.787507 0.020785 0.022387
0 0.925423 0.654360 0.022902 0.024734
0 0.570054 0.810345 0.023095 0.022206
0 0.262125 0.792381 0.019630 0.023109
0 0.759527 0.520311 0.019823 0.020581
0 0.713145 0.542246 0.022517 0.021123
0 0.069573 0.276674 0.021363 0.021484
0 0.713337 0.342932 0.022132 0.022206
0 0.548980 0.174309 0.021363 0.026178
0 0.428791 0.900704 0.022710 0.019859
0 0.617783 0.320726 0.023480 0.022206
0 0.215069 0.592616 0.021363 0.020762
0 0.382602 0.790486 0.021170 0.021845
0 0.498749 0.587290 0.018283 0.020942
0 0.926097 0.361888 0.021170 0.020401
0 0.117302 0.837696 0.022132 0.023470
0 0.311297 0.113649 0.022902 0.022206
0 0.119034 0.881116 0.024827 0.018956
0 0.310239 0.789041 0.022710 0.018956
0 0.525500 0.176566 0.023287 0.027442
0 0.143572 0.477072 0.023095 0.020762
0 0.450828 0.319101 0.022517 0.018956
0 0.595843 0.700217 0.022710 0.017512
0 0.240666 0.855028 0.022132 0.020581
0 0.832564 0.451345 0.020015 0.022748
0 0.737105 0.677379 0.020785 0.021303
0 0.379715 0.296263 0.019246 0.020942
0 0.617879 0.656165 0.021747 0.020762
0 0.853253 0.407926 0.023672 0.022567
0 0.142321 0.547662 0.020208 0.024373
0 0.408102 0.924445 0.022902 0.020401
0 0.929080 0.013901 0.024057 0.019498
0 0.142225 0.320184 0.021555 0.020762
0 0.643091 0.654902 0.020978 0.020401
0 0.784450 0.564723 0.021555 0.019859
0 0.696786 0.201029 0.024057 0.016429
0 0.092475 0.612656 0.020208 0.023289
0 0.571978 0.701300 0.024634 0.022206
0 0.428022 0.360534 0.021170 0.018054
0 0.330543 0.319733 0.022902 0.023109
0 0.426963 0.319913 0.022902 0.022387
0 0.906659 0.127189 0.022710 0.021484
0 0.808795 0.699404 0.021363 0.020220
0 0.666955 0.519588 0.019823 0.019498
0 0.426578 0.297707 0.023287 0.020942
0 0.263183 0.860083 0.022132 0.022026
0 0.665512 0.942318 0.020785 0.021484
0 0.815435 0.218541 0.025019 0.020762
0 0.070150 0.656978 0.024057 0.022748
0 0.857583 0.038184 0.021170 0.018595
0 0.736817 0.766655 0.023287 0.023650
0 0.283872 0.182795 0.023480 0.020762
0 0.593052 0.877956 0.022517 0.022026
0 0.336028 0.108413 0.020400 0.020401
0 0.736624 0.405579 0.024057 0.021123
0 0.406659 0.789041 0.018091 0.020401
0 0.737105 0.610218 0.021940 0.020942
0 0.814376 0.170969 0.023672 0.019137
0 0.432640 0.087290 0.020400 0.018234
0 0.381543 0.612295 0.023672 0.019679
0 0.281755 0.277848 0.020400 0.022026
0 0.573229 0.153457 0.023672 0.024192
0 0.216128 0.721520 0.018861 0.022206
0 0.643091 0.965517 0.024442 0.019137
0 0.214877 0.545586 0.018668 0.023470
0 0.740570 0.107149 0.020400 0.025817
0 0.168784 0.433472 0.021555 0.020942
0 0.355466 0.699043 0.021170 0.019859
0 0.644630 0.699314 0.023672 0.017151
0 0.261644 0.568243 0.023287 0.024012
0 0.764242 0.131432 0.021555 0.024553
0 0.666667 0.654811 0.024634 0.021665
0 0.354311 0.297166 0.021940 0.020581
0 0.431101 0.634230 0.020400 0.023109
0 0.193418 0.064723 0.025789 0.020040
0 0.499134 0.787236 0.018283 0.019679
0 0.497691 0.297166 0.021555 0.022026
0 0.383083 0.901065 0.022132 0.023831
0 0.831794 0.298971 0.022325 0.022748
0 0.408102 0.967774 0.021747 0.020762
0 0.521074 0.347806 0.017513 0.023650
0 0.382698 0.924986 0.020593 0.023650
0 0.784161 0.341488 0.023287 0.021845
0 0.546574 0.921827 0.023480 0.022026
0 0.428310 0.341578 0.023672 0.019498
0 0.265974 0.925077 0.020785 0.025636
0 0.760585 0.609767 0.020785 0.020040
0 0.193322 0.085304 0.023672 0.021484
0 0.596132 0.085394 0.022517 0.024192
0 0.713722 0.678372 0.021747 0.021845
0 0.781563 0.898447 0.022325 0.022567
0 0.714492 0.878047 0.024442 0.017873
0 0.759527 0.431486 0.021747 0.021665
0 0.877598 0.339863 0.020400 0.025095
0 0.496728 0.275772 0.021940 0.019679
0 0.385585 0.132425 0.024827 0.020762
0 0.168014 0.635042 0.024249 0.019679
0 0.335643 0.085846 0.021170 0.019318
0 0.304850 0.433291 0.020400 0.022748
0 0.265493 0.949088 0.020593 0.022026
0 0.262317 0.023921 0.021940 0.024012
0 0.190435 0.365589 0.019053 0.024914
0 0.192648 0.702925 0.021170 0.023650
0 0.329965 0.475537 0.022132 0.024192
0 0.924557 0.429049 0.020400 0.022928
0 0.476039 0.567070 0.021747 0.020942
0 0.713722 0.788319 0.019053 0.017873
0 0.522806 0.632515 0.024442 0.025095
0 0.167244 0.341578 0.023095 0.020220
0 0.114607 0.186586 0.018283 0.023289
0 0.093149 0.812692 0.023480 0.017873
0 0.788972 0.129355 0.023672 0.017873
0 0.117783 0.813865 0.021940 0.020220
0 0.093245 0.387705 0.024057 0.020040
0 0.092667 0.634591 0.020978 0.019859
0 0.808699 0.677469 0.020785 0.020401
0 0.762317 0.719986 0.022710 0.022387
0 0.451020 0.231179 0.025597 0.025095
0 0.522998 0.519679 0.024057 0.019679
0 0.381255 0.450984 0.025404 0.023470
0 0.763472 0.084943 0.023095 0.019679
0 0.571016 0.564994 0.020785 0.020040
0 0.831505 0.540531 0.019823 0.024192
0 0.456794 0.108323 0.024827 0.022387
0 0.783776 0.473641 0.022132 0.020762
0 0.831697 0.944394 0.020978 0.019498
0 0.236624 0.207167 0.023287 0.018595
0 0.853541 0.452789 0.021555 0.022026
0 0.456697 0.085665 0.025404 0.021123
0 0.546286 0.787236 0.022517 0.020401
0 0.667244 0.852320 0.023480 0.020220
0 0.618841 0.450533 0.025212 0.018956
0 0.617975 0.921556 0.021940 0.020401
0 0.877887 0.407384 0.022517 0.021123
0 0.853637 0.697418 0.021363 0.019859
0 0.138472 0.186947 0.020593 0.024373
0 0.456601 0.153999 0.022902 0.021665
0 0.237972 0.433923 0.023672 0.018595
0 0.877213 0.386622 0.021555 0.019318
0 0.071016 0.835530 0.021170 0.022026
0 0.593437 0.387254 0.020978 0.015526
0 0.430331 0.923181 0.021555 0.023650
0 0.592379 0.408106 0.020015 0.023650
0 0.330254 0.452699 0.022710 0.020401
0 0.093052 0.476801 0.022132 0.023109
0 0.737009 0.878859 0.021747 0.019859
0 0.382698 0.723957 0.022517 0.021303
0 0.881832 0.037552 0.020400 0.020220
0 0.947941 0.833724 0.021363 0.024553
0 0.172152 0.858729 0.024827 0.021123
0 0.453137 0.633508 0.020978 0.021303
0 0.860277 0.104080 0.023480 0.018956
0 0.359700 0.062466 0.022325 0.023831
0 0.642225 0.609587 0.020400 0.024012
0 0.196401 0.926431 0.022902 0.016429
0 0.522229 0.409641 0.024057 0.018415
0 0.381062 0.429049 0.022325 0.020040
0 0.144534 0.881387 0.024249 0.018415
0 0.713433 0.920112 0.025019 0.021123
0 0.117879 0.522928 0.022902 0.025095
0 0.713818 0.384997 0.021940 0.021123
0 0.332948 0.023380 0.023865 0.025095
0 0.690916 0.367756 0.023095 0.020942
0 0.525019 0.105615 0.025019 0.019137
0 0.622883 0.131973 0.024057 0.022748
0 0.453233 0.542336 0.020785 0.018415
0 0.811682 0.060932 0.020208 0.021845
0 0.924172 0.766655 0.022325 0.024373
0 0.430908 0.658332 0.022710 0.022928
0 0.408391 0.041975 0.022325 0.021484
0 0.672344 0.200036 0.023287 0.018054
0 0.472190 0.298339 0.021747 0.025456
0 0.402425 0.300596 0.021555 0.024914
0 0.497979 0.340224 0.021363 0.021484
0 0.092860 0.410002 0.021747 0.023470
0 0.736721 0.362972 0.023865 0.022567
0 0.093437 0.700758 0.022132 0.019679
0 0.621536 0.109045 0.022902 0.027442
0 0.899538 0.542065 0.022710 0.021123
0 0.094688 0.678191 0.021555 0.020762
0 0.921863 0.856111 0.021940 0.020581
0 0.567360 0.320906 0.020400 0.021123
0 0.851617 0.899440 0.020400 0.020581
0 0.595169 0.723055 0.019053 0.025636
0 0.835162 0.081423 0.019823 0.019498
0 0.854311 0.586568 0.020785 0.020220
0 0.832371 0.631702 0.021555 0.020220
0 0.593341 0.831558 0.021170 0.021665
0 0.069188 0.364687 0.022132 0.022748
0 0.618072 0.680719 0.023672 0.021845
0 0.831601 0.407203 0.020400 0.019679
0 0.306486 0.475537 0.021747 0.022387
0 0.594592 0.017512 0.022517 0.024192
0 0.644438 0.061654 0.022132 0.018234
0 0.167629 0.410814 0.021940 0.021845
0 0.645978 0.017873 0.026751 0.025275
0 0.783872 0.831287 0.023480 0.021484
0 0.047537 0.859812 0.023865 0.025817
0 0.713048 0.942138 0.022710 0.022928
0 0.618553 0.942499 0.022710 0.023289
0 0.168206 0.064994 0.021555 0.020220
0 0.832275 0.319281 0.021747 0.016790
0 0.218918 0.905940 0.023287 0.022748
0 0.786278 0.944755 0.022517 0.017693
0 0.286567 0.700217 0.023865 0.024012
0 0.568129 0.344015 0.020785 0.022567
0 0.260104 0.368568 0.023287 0.020401
0 0.355947 0.566257 0.023287 0.021845
0 0.476135 0.720979 0.022325 0.020040
0 0.570631 0.967323 0.022325 0.022387
0 0.382698 0.857826 0.020978 0.024373
0 0.545323 0.943131 0.025212 0.019137
0 0.429176 0.877595 0.021170 0.023831
0 0.237009 0.412439 0.022517 0.024012
0 0.405889 0.811338 0.020400 0.024192
0 0.046286 0.363513 0.022902 0.019318
0 0.262317 0.813865 0.022325 0.016971
0 0.309373 0.067341 0.019823 0.024914
0 0.453714 0.922910 0.022132 0.021665
0 0.522421 0.388518 0.024827 0.023470
0 0.737587 0.942138 0.025212 0.029067
0 0.592860 0.273515 0.026366 0.021303
0 0.406178 0.566528 0.020593 0.021665
0 0.306005 0.319913 0.023865 0.023831
0 0.737587 0.919931 0.023672 0.017512
0 0.760296 0.362430 0.022132 0.021123
0 0.428503 0.451706 0.019823 0.021665
0 0.068514 0.588644 0.019246 0.022567
0 0.597190 0.198592 0.023095 0.023109
0 0.450924 0.297617 0.020400 0.021484
0 0.741724 0.152825 0.022710 0.022206
0 0.618938 0.344196 0.024249 0.024012
0 0.217283 0.836252 0.023480 0.024553
0 0.356524 0.451345 0.023287 0.023109
0 0.766263 0.198140 0.020208 0.021123
0 0.785604 0.677379 0.022325 0.021303
0 0.690050 0.586658 0.021363 0.020401
0 0.289165 0.925167 0.022132 0.020040
0 0.594111 0.657339 0.020785 0.018776
0 0.431582 0.943853 0.022517 0.016609
0 0.690916 0.387615 0.024634 0.019137
0 0.850847 0.766835 0.025019 0.026178
0 0.900115 0.451255 0.021170 0.023650
0 0.765685 0.176115 0.019438 0.021484
0 0.545516 0.699585 0.024057 0.023109
0 0.690724 0.787687 0.021555 0.018054
0 0.620285 0.018144 0.022325 0.024373
0 0.831409 0.877866 0.021170 0.023650
0 0.592764 0.789673 0.021940 0.020942
0 0.617302 0.610218 0.019438 0.024553
0 0.760489 0.899440 0.020208 0.020581
0 0.405408 0.880032 0.018668 0.020762
0 0.931005 0.216375 0.021747 0.023650
0 0.336028 0.947012 0.022710 0.022928
0 0.238164 0.768189 0.022517 0.022748
0 0.263087 0.044503 0.021170 0.018595
0 0.261451 0.679816 0.022517 0.020762
0 0.830062 0.807998 0.023095 0.019318
0 0.692071 0.700307 0.020785 0.018054
0 0.901559 0.698231 0.023287 0.022206
0 0.381543 0.407565 0.024442 0.021123
0 0.307256 0.588825 0.017898 0.019318
0 0.923788 0.721701 0.022325 0.022567
0 0.521747 0.698140 0.021170 0.023831
0 0.263183 0.065355 0.020208 0.020581
0 0.262991 0.769543 0.021747 0.022928
0 0.902521 0.654992 0.024442 0.022748
0 0.118264 0.459018 0.023287 0.022928
0 0.860566 0.148763 0.020978 0.021665
0 0.736432 0.899801 0.022902 0.017693
0 0.851905 0.810616 0.022517 0.021303
0 0.473152 0.432118 0.020978 0.024012
0 0.451501 0.679094 0.018861 0.021484
0 0.931293 0.124481 0.023095 0.024012
0 0.498172 0.719986 0.018283 0.019859
0 0.784257 0.587380 0.021940 0.021123
0 0.193129 0.570229 0.023287 0.021484
0 0.142802 0.635584 0.022325 0.021123
0 0.833911 0.036830 0.020400 0.018054
0 0.235566 0.277938 0.021555 0.025817
0 0.617687 0.786062 0.023287 0.020220
0 0.615858 0.830836 0.021170 0.020942
0 0.948614 0.338328 0.023865 0.026720
0 0.782814 0.542517 0.020978 0.020581
0 0.330350 0.298610 0.022517 0.019859
0 0.523191 0.924535 0.019053 0.020581
0 0.882602 0.014443 0.022710 0.019859
0 0.408776 0.020491 0.025404 0.021484
0 0.738260 0.039448 0.022325 0.021123
0 0.617879 0.854035 0.023287 0.021845
0 0.522229 0.543239 0.020593 0.021665
0 0.171189 0.835801 0.021747 0.022567
0 0.288395 0.133418 0.022132 0.024553
0 0.456120 0.020581 0.023095 0.023831
0 0.546574 0.544232 0.021170 0.020040
0 0.759238 0.409370 0.019630 0.020040
0 0.260104 0.389601 0.020208 0.021303
0 0.901078 0.606969 0.019630 0.022748
0 0.119611 0.700758 0.025597 0.021123
0 0.617494 0.387615 0.023287 0.024192
0 0.667148 0.610850 0.020593 0.022206
0 0.592090 0.343022 0.022517 0.024192
0 0.404542 0.409189 0.021940 0.025095
0 0.216898 0.088193 0.020015 0.021123
0 0.830062 0.966962 0.024249 0.023831
0 0.570535 0.877144 0.021363 0.021484
0 0.069092 0.701300 0.021170 0.020040
0 0.308122 0.611482 0.022325 0.021665
0 0.239511 0.812331 0.023287 0.017873
0 0.386451 0.087471 0.024634 0.018234
0 0.852771 0.430403 0.022710 0.022748
0 0.170227 0.812331 0.019823 0.022928
0 0.690050 0.832461 0.022902 0.022748
0 0.922825 0.541072 0.023480 0.020220
0 0.457852 0.064181 0.023865 0.021484
0 0.191012 0.162574 0.025597 0.023650
0 0.141840 0.522928 0.020015 0.024012
0 0.305620 0.453602 0.020015 0.021123
0 0.878079 0.859180 0.024827 0.026359
0 0.196209 0.885449 0.021747 0.021845
0 0.406659 0.589637 0.020015 0.017693
0 0.119226 0.902871 0.020978 0.022026
0 0.288972 0.947102 0.024057 0.019859
0 0.736528 0.698140 0.020785 0.020581
0 0.095169 0.878859 0.022132 0.016971
0 0.641455 0.876783 0.025404 0.018234
0 0.382987 0.042426 0.020400 0.023109
0 0.170612 0.948727 0.024057 0.023470
0 0.236432 0.344467 0.021363 0.019137
0 0.213722 0.409912 0.020978 0.017873
0 0.168687 0.614010 0.020593 0.022748
0 0.196497 0.947915 0.023095 0.022567
0 0.190339 0.275682 0.022325 0.021303
0 0.072844 0.882379 0.022517 0.018234
0 0.216416 0.021394 0.021363 0.019318
0 0.190627 0.454865 0.020593 0.024373
0 0.071497 0.927424 0.019438 0.020942
0 0.901078 0.832190 0.023480 0.019318
0 0.354215 0.367124 0.020208 0.021845
0 0.665704 0.385539 0.021170 0.022928
0 0.497787 0.810616 0.018668 0.021665
0 0.260874 0.410995 0.023672 0.018956
0 0.046189 0.385990 0.023095 0.024914
0 0.456024 0.042788 0.021747 0.020942
0 0.258564 0.275230 0.020208 0.019318
0 0.884334 0.148854 0.022325 0.017512
0 0.569477 0.854486 0.022710 0.020942
0 0.166282 0.319913 0.022325 0.022026
0 0.311393 0.946200 0.023095 0.025636
0 0.305427 0.344557 0.020015 0.023650
0 0.092956 0.763405 0.025789 0.024012
0 0.046093 0.190016 0.022517 0.026178
0 0.954677 0.170338 0.024442 0.021484
0 0.571690 0.586207 0.022132 0.019137
0 0.285701 0.588283 0.021747 0.017873
0 0.689761 0.656165 0.019246 0.022928
0 0.924557 0.699314 0.021170 0.021484
0 0.829484 0.831197 0.020015 0.022748
0 0.696497 0.220979 0.022325 0.021303
0 0.884719 0.171150 0.021940 0.023831
0 0.502021 0.946832 0.019438 0.017151
0 0.786759 0.652916 0.023095 0.021123
0 0.737298 0.810255 0.023095 0.019859
0 0.239896 0.085033 0.021747 0.024192
0 0.646940 0.176295 0.020208 0.020040
0 0.876059 0.765481 0.021940 0.024553
0 0.545708 0.830294 0.020978 0.021665
0 0.925423 0.337877 0.021363 0.025817
0 0.359892 0.040350 0.023095 0.018956
0 0.426771 0.276765 0.024057 0.021303
0 0.194861 0.724228 0.024057 0.018595
0 0.759527 0.877595 0.022132 0.022748
0 0.237779 0.612295 0.020978 0.022928
0 0.091994 0.367936 0.022710 0.016248
0 0.808314 0.808901 0.020015 0.020762
0 0.570824 0.657519 0.022325 0.020581
0 0.883661 0.082867 0.024827 0.017693
0 0.070150 0.811338 0.021747 0.021665
0 0.429561 0.519769 0.022325 0.019498
0 0.068899 0.679274 0.021170 0.020401
0 0.570439 0.765752 0.025019 0.022928
0 0.783487 0.364235 0.021555 0.021123
0 0.359026 0.019137 0.022902 0.019498
0 0.285989 0.808088 0.023480 0.019859
0 0.120477 0.926340 0.023095 0.017693
0 0.923788 0.564903 0.023095 0.023831
0 0.496343 0.451887 0.024249 0.019859
0 0.830735 0.921105 0.019438 0.023109
0 0.428984 0.542246 0.018861 0.020401
0 0.283487 0.324156 0.021170 0.024012
0 0.693226 0.085756 0.023865 0.018776
0 0.238838 0.024102 0.023095 0.023289
0 0.689761 0.542065 0.022325 0.022928
0 0.666186 0.451074 0.018668 0.023650
0 0.569092 0.520040 0.023095 0.021123
0 0.451790 0.364326 0.023287 0.019859
0 0.666955 0.765120 0.022132 0.020581
0 0.476135 0.878588 0.022710 0.018595
0 0.689858 0.807546 0.023287 0.018776
0 0.500000 0.901246 0.019246 0.022026
0 0.238260 0.229283 0.024634 0.022387
0 0.762221 0.966600 0.022517 0.023831
0 0.593149 0.429139 0.022325 0.016609
0 0.548403 0.149485 0.022517 0.022026
0 0.384719 0.111753 0.024634 0.018776
0 0.830831 0.586387 0.018861 0.022387
0 0.333526 0.834356 0.021170 0.018956
0 0.925038 0.788771 0.020978 0.019137
0 0.568803 0.787687 0.020208 0.020581
0 0.476135 0.901155 0.022710 0.021845
0 0.356524 0.680719 0.024057 0.018595
0 0.191878 0.043058 0.020785 0.021484
0 0.718052 0.132876 0.023480 0.019137
0 0.428695 0.855028 0.020593 0.018776
0 0.544650 0.408919 0.020785 0.025636
0 0.571978 0.634320 0.025019 0.021845
0 0.068995 0.299874 0.019823 0.020581
0 0.713337 0.766023 0.021363 0.020942
0 0.853830 0.385900 0.020593 0.021845
0 0.671863 0.219534 0.020015 0.021303
0 0.719881 0.220076 0.020978 0.021665
0 0.690435 0.877054 0.023287 0.019137
0 0.452752 0.721791 0.022902 0.020581
0 0.783295 0.876061 0.023480 0.020401
0 0.598056 0.173858 0.024057 0.019498
0 0.264434 0.087110 0.023095 0.019679
0 0.860855 0.171421 0.020785 0.020040
0 0.285508 0.023199 0.023287 0.021845
0 0.382121 0.677469 0.022132 0.019318
0 0.947460 0.809442 0.021170 0.022206
0 0.405408 0.452157 0.022517 0.017873
0 0.835835 0.105163 0.023095 0.021123
0 0.689473 0.943131 0.023672 0.023109
0 0.311875 0.856111 0.021747 0.018415
0 0.046286 0.233345 0.021363 0.021123
0 0.216320 0.569507 0.019246 0.024373
0 0.143957 0.680087 0.025019 0.023470
0 0.383661 0.767467 0.023287 0.023831
0 0.141070 0.276313 0.020015 0.021484
0 0.737202 0.967593 0.024057 0.020040
0 0.717283 0.084221 0.023865 0.019679
0 0.525982 0.151562 0.021940 0.018956
0 0.286855 0.087380 0.021363 0.022748
0 0.379715 0.388428 0.020785 0.020040
0 0.522806 0.060661 0.022517 0.022387
0 0.647806 0.197870 0.021170 0.022026
0 0.665801 0.920744 0.020208 0.018054
0 0.242109 0.947193 0.021940 0.022928
0 0.737972 0.542607 0.023672 0.016429
0 0.475077 0.786243 0.024057 0.020220
0 0.216128 0.613919 0.020400 0.021845
0 0.521651 0.586297 0.020593 0.020040
0 0.526174 0.128182 0.025019 0.022748
0 0.264723 0.902509 0.022517 0.017332
0 0.807063 0.853764 0.025212 0.019498
0 0.736432 0.384456 0.023287 0.019679
0 0.144246 0.045225 0.021747 0.021484
0 0.689761 0.854757 0.021555 0.017151
0 0.334969 0.880755 0.019823 0.023289
0 0.430427 0.679726 0.022132 0.020942
0 0.284353 0.430583 0.020978 0.020220
0 0.240858 0.901878 0.022902 0.018956
0 0.330158 0.657429 0.019438 0.018595
0 0.523383 0.854216 0.023287 0.018595
0 0.569958 0.385449 0.023672 0.021665
0 0.500481 0.408377 0.019438 0.020942
0 0.092667 0.432479 0.020208 0.017151
0 0.048306 0.881567 0.022710 0.017332
0 0.047055 0.810796 0.020593 0.021665
0 0.409065 0.087471 0.020978 0.020762
0 0.694092 0.106517 0.020593 0.021303
0 0.143861 0.814949 0.025982 0.024192
0 0.237972 0.453241 0.023287 0.020040
0 0.947652 0.697689 0.024249 0.021484
0 0.595362 0.635855 0.020978 0.022387
0 0.308218 0.656256 0.021747 0.022748
0 0.808025 0.408196 0.024057 0.025636
0 0.120670 0.947373 0.021555 0.021123
0 0.570727 0.452699 0.024057 0.022206
0 0.808025 0.788139 0.017129 0.019679
0 0.950250 0.586839 0.025212 0.017873
0 0.853349 0.517693 0.021170 0.021484
0 0.217283 0.813414 0.020785 0.019679
0 0.212664 0.296353 0.021555 0.016790
0 0.831794 0.899531 0.020400 0.017512
0 0.240281 0.064723 0.022517 0.017151
0 0.570535 0.897996 0.022517 0.017693
0 0.618457 0.542426 0.020978 0.018234
0 0.643187 0.365048 0.019630 0.020942
0 0.929657 0.148944 0.022132 0.020942
0 0.240955 0.833093 0.023480 0.017873
0 0.570535 0.040260 0.023672 0.021303
0 0.430235 0.611482 0.019053 0.018054
0 0.356043 0.719354 0.022325 0.022928
0 0.193033 0.523831 0.020400 0.026178
0 0.570727 0.942950 0.020593 0.020581
0 0.216416 0.520581 0.021363 0.021845
0 0.809758 0.450352 0.023287 0.021484
0 0.899827 0.763676 0.022902 0.019137
0 0.357968 0.855931 0.022710 0.017332
0 0.595651 0.587471 0.023480 0.020220
0 0.906370 0.215923 0.020593 0.022748
0 0.330062 0.767377 0.019630 0.018956
0 0.380004 0.543149 0.023287 0.024012
0 0.118072 0.634140 0.024442 0.019679
0 0.262798 0.699494 0.020978 0.016790
0 0.900982 0.631612 0.022517 0.021845
0 0.358545 0.923271 0.023095 0.020942
0 0.194284 0.610941 0.022132 0.022026
0 0.433218 0.018415 0.022325 0.019859
0 0.690531 0.428687 0.021940 0.018595
0 0.283968 0.658964 0.023672 0.020942
0 0.714973 0.018144 0.020785 0.023289
0 0.261740 0.589998 0.020015 0.019859
0 0.736047 0.655443 0.020208 0.022928
0 0.877213 0.677018 0.024249 0.016971
0 0.713433 0.407926 0.020015 0.025817
0 0.953329 0.037281 0.022902 0.020401
0 0.643476 0.451345 0.022132 0.022026
0 0.715454 0.038996 0.022517 0.018776
0 0.522998 0.766655 0.022517 0.021484
0 0.167629 0.385900 0.022325 0.026900
0 0.452463 0.451616 0.022710 0.015707
0 0.237105 0.680357 0.021940 0.019318
0 0.862009 0.194891 0.023865 0.024373
0 0.592571 0.295541 0.024634 0.018415
0 0.810046 0.764578 0.023865 0.025997
0 0.332852 0.520311 0.022902 0.019859
0 0.260489 0.658061 0.023287 0.020220
0 0.212856 0.319372 0.020400 0.022387
0 0.045804 0.548113 0.022325 0.020581
0 0.714011 0.699043 0.020400 0.020942
0 0.570343 0.542426 0.020593 0.019679
0 0.642802 0.472287 0.024634 0.017693
0 0.546863 0.018234 0.022902 0.022748
0 0.852098 0.967684 0.019053 0.023470
0 0.570535 0.679094 0.021363 0.018956
0 0.714396 0.518956 0.021940 0.020762
0 0.094111 0.833183 0.023095 0.018415
0 0.286182 0.723055 0.023095 0.020220
0 0.498941 0.385719 0.020978 0.022567
0 0.242590 0.925167 0.022132 0.021123
0 0.762510 0.943311 0.024249 0.022387
0 0.168206 0.678462 0.021940 0.018054
0 0.141936 0.658512 0.019823 0.021484
0 0.454484 0.968586 0.021747 0.022748
0 0.642802 0.543058 0.020785 0.018776
0 0.737683 0.474454 0.021170 0.018054
0 0.188703 0.230547 0.023287 0.022748
0 0.142513 0.345369 0.021363 0.027803
0 0.068899 0.722784 0.020015 0.021845
0 0.955350 0.077812 0.023865 0.020220
0 0.953714 0.125203 0.020978 0.019318
0 0.922921 0.902419 0.018283 0.021123
0 0.924269 0.630348 0.024057 0.018234
0 0.690724 0.449269 0.023865 0.021845
0 0.046286 0.213125 0.019438 0.020040
0 0.877887 0.429049 0.020978 0.022206
0 0.593533 0.855118 0.024249 0.021845
0 0.712760 0.897996 0.024057 0.023109
0 0.954484 0.057050 0.024057 0.020220
0 0.474692 0.520311 0.021363 0.024192
0 0.189184 0.298068 0.020015 0.023470
0 0.169554 0.453602 0.021170 0.019318
0 0.474018 0.343203 0.022325 0.015526
0 0.876347 0.968045 0.022132 0.023831
0 0.521747 0.368117 0.019630 0.017332
0 0.238356 0.473641 0.023672 0.020762
0 0.947748 0.654902 0.023287 0.021123
0 0.117975 0.724228 0.027714 0.025817
0 0.197844 0.906120 0.021940 0.021303
0 0.171189 0.721159 0.022902 0.021123
0 0.666186 0.785972 0.024442 0.017873
0 0.813318 0.194349 0.020785 0.022567
0 0.522806 0.609677 0.024442 0.019859
0 0.738934 0.062376 0.020978 0.022928
0 0.117013 0.388518 0.021555 0.019859
0 0.047729 0.834988 0.022710 0.023831
0 0.047440 0.590450 0.022132 0.018956
0 0.643572 0.521033 0.024249 0.023470
0 0.451116 0.769182 0.021170 0.028344
0 0.592667 0.473912 0.020593 0.025636
0 0.690050 0.899440 0.021363 0.020942
0 0.308603 0.698140 0.019823 0.016609
0 0.808025 0.968225 0.017898 0.020220
0 0.878560 0.519227 0.020015 0.022387
0 0.404446 0.474815 0.019438 0.025636
0 0.287240 0.768099 0.022517 0.023289
0 0.217571 0.859451 0.022132 0.018595
0 0.290127 0.969579 0.022902 0.018595
0 0.737394 0.016248 0.022132 0.022387
0 0.617398 0.964163 0.021940 0.022928
0 0.354600 0.274779 0.023672 0.018415
0 0.930331 0.192724 0.023480 0.021123
0 0.190242 0.433381 0.020593 0.022928
0 0.142706 0.369742 0.020208 0.018054
0 0.311971 0.970392 0.022325 0.017332
0 0.571305 0.107962 0.024057 0.027081
0 0.093822 0.855118 0.019053 0.020401
0 0.406659 0.901336 0.022325 0.021123
0 0.404061 0.228742 0.023287 0.028525
0 0.900885 0.719895 0.020785 0.018956
0 0.237779 0.721881 0.021363 0.018595
0 0.171574 0.767377 0.025212 0.021484
0 0.311297 0.134411 0.024057 0.021123
0 0.808795 0.301318 0.019823 0.021665
0 0.330062 0.611392 0.020785 0.022206
0 0.117879 0.480773 0.022902 0.020581
0 0.831505 0.698231 0.020978 0.020401
0 0.218149 0.882109 0.020978 0.024914
0 0.358064 0.766474 0.024057 0.020040
0 0.330831 0.701029 0.024634 0.021665
0 0.714107 0.967593 0.020593 0.023650
0 0.091513 0.523560 0.019053 0.024192
0 0.883179 0.105163 0.020400 0.020762
0 0.948422 0.518776 0.022325 0.020401
0 0.260393 0.207077 0.023095 0.021665
0 0.737105 0.631432 0.019246 0.018234
0 0.502213 0.924716 0.020593 0.025275
0 0.072748 0.903683 0.022710 0.018234
0 0.760778 0.451796 0.022325 0.020040
0 0.760296 0.340675 0.020593 0.018054
0 0.931871 0.102094 0.022325 0.018595
0 0.407621 0.767196 0.021555 0.021123
0 0.899057 0.519679 0.020593 0.020762
0 0.953329 0.148402 0.020208 0.021303
0 0.120092 0.677379 0.023865 0.018776
0 0.782236 0.854216 0.020593 0.019318
0 0.427733 0.833002 0.020208 0.019498
0 0.547825 0.633688 0.022517 0.020581
0 0.831890 0.475627 0.019053 0.023289
0 0.355562 0.658873 0.026366 0.022928
0 0.475077 0.385990 0.022517 0.015165
0 0.215743 0.768279 0.020785 0.021484
0 0.430042 0.700849 0.020593 0.020220
0 0.569669 0.364506 0.022710 0.018415
0 0.192937 0.589818 0.020593 0.016971
0 0.095554 0.948908 0.022902 0.019498
0 0.926097 0.382560 0.023095 0.020942
0 0.356428 0.230547 0.021170 0.019859
0 0.306678 0.206084 0.019053 0.020401
0 0.353253 0.636126 0.026366 0.025095
0 0.285027 0.474634 0.020015 0.018415
0 0.044650 0.341668 0.024249 0.024373
0 0.497498 0.319101 0.019630 0.020762
0 0.191205 0.342390 0.022517 0.016790
0 0.404542 0.385719 0.022710 0.023289
0 0.069477 0.386171 0.020400 0.019859
0 0.213530 0.232894 0.024057 0.022387
0 0.069573 0.342661 0.019823 0.016248
0 0.496921 0.430132 0.022710 0.022206
0 0.571209 0.610760 0.021170 0.024192
0 0.948711 0.541524 0.020208 0.022567
0 0.093437 0.655263 0.019823 0.022567
0 0.215935 0.637570 0.020015 0.026178
0 0.482102 0.177740 0.023095 0.019318
0 0.546863 0.678823 0.023672 0.018054
0 0.783968 0.318379 0.022132 0.022928
0 0.809469 0.429590 0.022710 0.019679
0 0.284353 0.409912 0.022132 0.021123
0 0.900693 0.364777 0.024249 0.018956
0 0.193322 0.020581 0.022517 0.019498
0 0.143957 0.023470 0.020785 0.021665
0 0.138279 0.229825 0.024057 0.020942
0 0.759334 0.856201 0.022902 0.018956
0 0.949192 0.719624 0.023480 0.022387
0 0.433795 0.130168 0.021170 0.022387
0 0.168399 0.472739 0.020015 0.020762
0 0.905600 0.170247 0.022132 0.018054
0 0.145304 0.064362 0.023480 0.016790
0 0.306390 0.364867 0.021940 0.015526
0 0.402714 0.276313 0.020593 0.025095
0 0.312741 0.923452 0.023480 0.016971
0 0.954388 0.013360 0.020785 0.022387
0 0.900212 0.943672 0.022517 0.019498
0 0.408391 0.946019 0.021555 0.018415
0 0.070535 0.523560 0.020978 0.018054
0 0.949577 0.631883 0.023865 0.023109
0 0.836701 0.150749 0.020208 0.022026
0 0.282910 0.389962 0.022325 0.022026
0 0.689473 0.324337 0.021747 0.023289
0 0.924365 0.585756 0.022710 0.017873
0 0.787625 0.194710 0.019438 0.022567
0 0.168880 0.700036 0.022517 0.021123
0 0.285412 0.636487 0.022325 0.025095
0 0.950635 0.384907 0.023287 0.021665
0 0.306293 0.231089 0.021747 0.023831
0 0.922344 0.519047 0.021747 0.022748
0 0.474307 0.454504 0.021747 0.022206
0 0.216128 0.680267 0.023095 0.018054
0 0.068610 0.321899 0.019053 0.022748
0 0.924557 0.404766 0.023095 0.020942
0 0.189280 0.321809 0.020978 0.025095
0 0.853734 0.297166 0.022325 0.020942
0 0.643476 0.429139 0.022902 0.024192
0 0.574288 0.129085 0.023480 0.018776
0 0.900597 0.922008 0.023287 0.018415
0 0.331505 0.184961 0.022132 0.024373
0 0.069958 0.632515 0.022517 0.021123
0 0.594592 0.611392 0.019823 0.024373
0 0.877983 0.629897 0.021170 0.018776
0 0.048018 0.903051 0.019823 0.020581
0 0.690916 0.518866 0.023865 0.022387
0 0.143957 0.836342 0.023095 0.018595
0 0.766647 0.218270 0.021363 0.018054
0 0.831024 0.853854 0.021940 0.018956
0 0.456216 0.178010 0.024442 0.023831
0 0.304176 0.409099 0.022517 0.024553
0 0.786470 0.219083 0.024442 0.021484
0 0.481428 0.136126 0.024057 0.025275
0 0.329388 0.343293 0.020978 0.021484
0 0.900404 0.405127 0.018283 0.021303
0 0.118649 0.655263 0.019438 0.022206
0 0.308603 0.634140 0.021747 0.019679
0 0.383564 0.946470 0.022710 0.018234
0 0.403387 0.365319 0.023480 0.016429
0 0.214299 0.472829 0.022132 0.018776
0 0.666186 0.876602 0.022902 0.017512
0 0.625000 0.199224 0.021363 0.022928
0 0.809373 0.386532 0.023287 0.017693
0 0.070631 0.611392 0.022710 0.018595
0 0.899731 0.877505 0.020015 0.020401
0 0.118649 0.766564 0.024442 0.021303
0 0.924461 0.809171 0.020978 0.020220
0 0.309084 0.521213 0.022710 0.020220
0 0.147036 0.972197 0.024249 0.016609
0 0.235470 0.298159 0.020978 0.016429
0 0.593533 0.941415 0.022710 0.017512
0 0.619515 0.365409 0.025019 0.018054
0 0.901848 0.584763 0.021555 0.016971
0 0.219303 0.949810 0.020978 0.018776
0 0.237490 0.658242 0.021555 0.021303
0 0.954484 0.192905 0.020593 0.022206
0 0.924461 0.677469 0.022517 0.019679
0 0.451116 0.520401 0.018476 0.022567
0 0.285797 0.610670 0.019246 0.019318
0 0.954965 0.213847 0.021555 0.018234
0 0.451020 0.275862 0.021747 0.021303
0 0.426001 0.207890 0.021363 0.021123
0 0.380389 0.519949 0.019823 0.019498
0 0.090935 0.185774 0.020978 0.019498
0 0.356236 0.584943 0.021555 0.015887
0 0.496632 0.610038 0.018668 0.022026
0 0.331601 0.679274 0.025019 0.020040
0 0.429850 0.767106 0.019823 0.018054
0 0.143957 0.704098 0.022325 0.019498
0 0.666763 0.323524 0.024442 0.029608
0 0.306293 0.185593 0.020978 0.018776
0 0.947941 0.676656 0.022132 0.020942
0 0.309854 0.767828 0.020400 0.022026
0 0.783776 0.385810 0.020593 0.020220
0 0.946401 0.787687 0.020593 0.019859
0 0.905408 0.191461 0.021363 0.020401
0 0.407621 0.693717 0.023865 0.027983
0 0.946112 0.765932 0.020400 0.022567
0 0.851713 0.879852 0.019053 0.017512
0 0.832082 0.517332 0.019053 0.018234
0 0.353445 0.522116 0.019053 0.024553
0 0.046093 0.276404 0.025597 0.021303
0 0.452656 0.210688 0.024249 0.019498
0 0.284065 0.520491 0.022325 0.019498
0 0.497883 0.633508 0.016936 0.019137
0 0.216994 0.063820 0.020978 0.020401
0 0.475558 0.675212 0.023480 0.018054
0 0.925135 0.470663 0.022710 0.027442
0 0.571786 0.721791 0.023095 0.017332
0 0.922921 0.832100 0.019823 0.020581
0 0.047537 0.925167 0.025019 0.018595
0 0.116051 0.230186 0.021940 0.017693
0 0.945535 0.856382 0.020400 0.020040
0 0.195246 0.766113 0.021747 0.020401
0 0.117687 0.565987 0.019053 0.016971
0 0.046382 0.569327 0.021170 0.022567
0 0.571016 0.474725 0.021940 0.018956
0 0.410989 0.152374 0.023672 0.018415
0 0.216609 0.043780 0.020978 0.021484
0 0.828522 0.786694 0.022710 0.018956
0 0.883661 0.216916 0.022132 0.024373
0 0.142321 0.409731 0.023672 0.022567
0 0.145978 0.084582 0.019053 0.022567
0 0.522998 0.966239 0.018668 0.020220
0 0.949095 0.428597 0.017898 0.022748
0 0.261644 0.430583 0.020978 0.020942
0 0.570246 0.018595 0.021940 0.023470
0 0.451405 0.791930 0.020593 0.017873
0 0.641840 0.766835 0.023095 0.023650
0 0.426963 0.230637 0.020208 0.020040
0 0.165127 0.161491 0.023480 0.018234
0 0.593726 0.451164 0.020400 0.018054
0 0.329869 0.635494 0.019630 0.021303
0 0.497306 0.856292 0.021940 0.023109
0 0.498172 0.655172 0.019438 0.018776
0 0.070343 0.769272 0.017898 0.020581
0 0.831409 0.277667 0.022710 0.020220
0 0.091513 0.229283 0.024827 0.021303
0 0.219784 0.970572 0.020785 0.020581
0 0.497017 0.021665 0.022902 0.023470
0 0.095939 0.971565 0.025212 0.020762
0 0.144630 0.766655 0.024442 0.020401
0 0.068707 0.185954 0.020015 0.023109
0 0.383372 0.880123 0.022325 0.012277
0 0.876540 0.315671 0.018668 0.019679
0 0.948326 0.362430 0.021747 0.023289
0 0.546478 0.719715 0.023672 0.013540
0 0.785508 0.965156 0.022517 0.016609
0 0.144823 0.722513 0.018283 0.018054
0 0.361047 0.127008 0.019630 0.016429
0 0.545420 0.365319 0.023865 0.015346
0 0.876828 0.452338 0.023480 0.021123
0 0.093052 0.722603 0.020593 0.022928
0 0.737009 0.340946 0.024057 0.012818
0 0.902329 0.317205 0.022517 0.015526
0 0.500096 0.085214 0.020978 0.018776
0 0.069861 0.207438 0.020015 0.019498
0 0.736336 0.429680 0.023480 0.025997
0 0.189858 0.386803 0.020978 0.015707
0 0.546478 0.611031 0.022132 0.023650
0 0.502021 0.966871 0.020208 0.018234
0 0.950346 0.450713 0.023095 0.019318
0 0.355947 0.209244 0.021747 0.022748
0 0.475269 0.655082 0.024827 0.013540
0 0.046478 0.522567 0.021747 0.026539
0 0.069284 0.230728 0.022325 0.023109
0 0.953714 0.102455 0.021363 0.023650
0 0.070054 0.566167 0.020785 0.015165
0 0.285893 0.678642 0.019823 0.018415
0 0.785123 0.403141 0.023672 0.014804
0 0.762125 0.677469 0.021940 0.018234
0 0.830446 0.765120 0.018861 0.021665
0 0.472768 0.274959 0.020208 0.018054
0 0.648672 0.220617 0.022132 0.023470
0 0.949577 0.608233 0.025789 0.022026
0 0.379042 0.229193 0.024057 0.018956
0 0.924557 0.449810 0.021170 0.018234
0 0.808314 0.519588 0.022325 0.020581
0 0.665319 0.362701 0.020785 0.018415
0 0.496151 0.473461 0.022710 0.018595
0 0.900308 0.384546 0.021555 0.016248
0 0.142032 0.388879 0.023865 0.018776
0 0.474981 0.765571 0.023480 0.018956
0 0.193995 0.109225 0.025404 0.024192
0 0.499423 0.044503 0.019630 0.016790
0 0.090839 0.274327 0.020400 0.017512
0 0.406948 0.676837 0.023672 0.016609
0 0.807929 0.367305 0.022325 0.021845
0 0.354311 0.545315 0.026559 0.022206
0 0.262510 0.613107 0.019630 0.023109
0 0.071209 0.790937 0.020785 0.017332
0 0.046574 0.614100 0.024634 0.025095
0 0.902329 0.676747 0.022517 0.017512
0 0.163972 0.185051 0.022325 0.016609
0 0.474500 0.475447 0.020208 0.021845
0 0.808699 0.344557 0.022710 0.025817
0 0.385104 0.156526 0.023095 0.023109
0 0.238453 0.111302 0.025404 0.022567
0 0.665993 0.346994 0.021747 0.014804
0 0.809758 0.323073 0.020593 0.019679
0 0.243168 0.970572 0.021747 0.017332
0 0.950346 0.472378 0.023095 0.024734
0 0.901366 0.470843 0.022517 0.016248
0 0.044361 0.703827 0.022517 0.024012
0 0.496921 0.832641 0.020400 0.022387
0 0.045612 0.163748 0.023095 0.025636
0 0.900500 0.856021 0.020400 0.020401
0 0.948229 0.564813 0.019630 0.017512
0 0.948518 0.878678 0.022902 0.022026
0 0.497594 0.675393 0.020208 0.020942
0 0.215550 0.163567 0.020400 0.017693
0 0.619707 0.272973 0.023865 0.018776
0 0.361336 0.144430 0.020593 0.017693
0 0.215647 0.658151 0.020978 0.021845
0 0.048499 0.788951 0.020785 0.019498
0 0.619226 0.519769 0.024057 0.023470
0 0.450635 0.657249 0.018283 0.022206
0 0.739030 0.454595 0.019630 0.021665
0 0.236432 0.165283 0.022902 0.014985
0 0.861721 0.217548 0.022132 0.019137
0 0.688607 0.300686 0.018091 0.024734
0 0.089588 0.206626 0.022517 0.021123
0 0.760874 0.321538 0.020593 0.018054
0 0.901270 0.964073 0.021170 0.018776
0 0.048595 0.769092 0.022132 0.022748
0 0.597960 0.220888 0.022710 0.022567
0 0.714011 0.453150 0.021940 0.019859
0 0.666282 0.473010 0.019246 0.016609
0 0.549654 0.196425 0.021555 0.018054
0 0.403483 0.421105 0.019823 0.009207
0 0.307448 0.677920 0.022517 0.020942
0 0.853445 0.279563 0.020208 0.014624
0 0.168591 0.111302 0.024634 0.025456
0 0.046189 0.403773 0.023480 0.014985
0 0.622883 0.221249 0.023287 0.022928
0 0.785412 0.297978 0.018861 0.013540
0 0.262221 0.635855 0.019823 0.022387
0 0.306871 0.164831 0.024827 0.021303
0 0.885489 0.193356 0.016166 0.017332
0 0.216609 0.111121 0.018283 0.020401
0 0.716994 0.121051 0.022902 0.011013
0 0.521266 0.017602 0.021363 0.015707
0 0.067744 0.448095 0.021555 0.014443
0 0.877502 0.473732 0.023287 0.018776
0 0.260104 0.162665 0.019823 0.014443
0 0.048403 0.685232 0.020593 0.021484
0 0.549750 0.130078 0.018668 0.018595
0 0.304273 0.418938 0.020015 0.008485
0 0.406274 0.204098 0.018476 0.018956
0 0.047152 0.662936 0.021940 0.022026
0 0.877406 0.194620 0.019246 0.021303
0 0.264434 0.132425 0.021555 0.020401
0 0.665031 0.272071 0.022902 0.019859
0 0.046863 0.725492 0.017513 0.020762
0 0.521363 0.643076 0.021555 0.009027
0 0.483930 0.203196 0.026751 0.025095
0 0.946978 0.901336 0.020978 0.020762
0 0.080543 0.189565 0.040223 0.030691
0 0.922248 0.920383 0.018861 0.016971
0 0.593726 0.764759 0.020400 0.020220
0 0.436008 0.176205 0.021363 0.019498
0 0.615185 0.764127 0.025597 0.022567
0 0.069092 0.162123 0.018091 0.020220
0 0.088915 0.163748 0.019246 0.021303
0 0.113838 0.162665 0.021363 0.019137
0 0.146651 0.108503 0.014627 0.021303
0 0.195343 0.129807 0.028483 0.016971
0 0.336894 0.154721 0.023672 0.022387
0 0.361817 0.163748 0.019246 0.016971
0 0.354985 0.185954 0.021363 0.019137
0 0.281370 0.162123 0.023865 0.018054
0 0.573422 0.197689 0.023672 0.021303
0 0.902906 0.299693 0.023672 0.019137
0 0.925520 0.317747 0.021555 0.016971
0 0.787914 0.280014 0.020400 0.018054
0 0.714396 0.429771 0.027329 0.022206
0 0.693514 0.274147 0.028291 0.021123
0 0.737587 0.321899 0.023672 0.021303
0 0.713818 0.318198 0.026174 0.024373
0 0.045997 0.634681 0.021555 0.018234
0 0.072556 0.948547 0.020400 0.016971
0 0.923884 0.943762 0.013664 0.024373
