0 0.530260 0.255970 0.049446 0.099707
0 0.404455 0.144533 0.052794 0.111437
0 0.530646 0.138877 0.051249 0.103477
0 0.596575 0.138039 0.047644 0.099288
0 0.731393 0.603268 0.052022 0.093842
0 0.530518 0.374529 0.050476 0.095517
0 0.732166 0.374529 0.052537 0.098031
0 0.661344 0.252409 0.058202 0.099288
0 0.278264 0.375367 0.060005 0.102220
0 0.595287 0.611646 0.058460 0.105572
0 0.466392 0.254294 0.047901 0.086301
0 0.596189 0.259531 0.050476 0.100126
0 0.596575 0.497696 0.053309 0.091328
0 0.275174 0.144533 0.056915 0.099707
0 0.796292 0.725388 0.057172 0.099288
0 0.596832 0.376833 0.058460 0.099288
0 0.277620 0.256389 0.051507 0.094680
0 0.344965 0.135735 0.051249 0.095517
0 0.530518 0.493716 0.056142 0.095098
0 0.733454 0.500628 0.048931 0.093842
0 0.731780 0.256179 0.058975 0.099288
0 0.595802 0.734395 0.053824 0.100545
0 0.667396 0.502933 0.051249 0.104315
0 0.664563 0.138249 0.054339 0.096355
0 0.661087 0.375367 0.057172 0.098869
0 0.597605 0.844156 0.057430 0.094680
0 0.795390 0.249686 0.057430 0.095517
0 0.275689 0.606200 0.056400 0.089652
0 0.796420 0.600754 0.052279 0.088814
0 0.664950 0.613951 0.060778 0.103477
0 0.272341 0.496230 0.045583 0.084206
0 0.794875 0.133222 0.060005 0.091328
0 0.469482 0.364474 0.050476 0.074571
0 0.796678 0.371177 0.056400 0.100545
0 0.346768 0.254504 0.046613 0.082530
0 0.726886 0.131546 0.055370 0.087139
0 0.532063 0.732509 0.054082 0.097612
0 0.408190 0.251990 0.053052 0.082530
0 0.465748 0.145999 0.061035 0.116045
0 0.532835 0.615207 0.047901 0.092585
0 0.796549 0.839338 0.058717 0.092585
0 0.660314 0.713448 0.051507 0.064516
0 0.534381 0.848345 0.053052 0.094680
0 0.477337 0.478425 0.036827 0.062003
0 0.475277 0.854839 0.041978 0.085882
0 0.727015 0.714914 0.042750 0.081693
0 0.799768 0.493716 0.048674 0.095936
