0 0.821861 0.245225 0.102915 0.086772
0 0.822309 0.355105 0.102018 0.094317
0 0.827466 0.473002 0.110090 0.102806
0 0.823991 0.579109 0.100897 0.111295
0 0.819731 0.690993 0.100897 0.103985
0 0.826009 0.807828 0.104933 0.129686
0 0.712220 0.244754 0.106054 0.090073
0 0.710202 0.349800 0.083632 0.087951
0 0.717377 0.576987 0.099776 0.094317
0 0.714350 0.805235 0.100000 0.096675
0 0.604821 0.254421 0.094843 0.098562
0 0.607287 0.364772 0.099776 0.085829
0 0.608857 0.478896 0.098879 0.095261
0 0.604260 0.582881 0.100000 0.086772
0 0.607399 0.697595 0.112108 0.112473
0 0.603251 0.800872 0.102018 0.096440
0 0.399439 0.240391 0.106054 0.111530
0 0.405605 0.352983 0.108072 0.102806
0 0.400897 0.471941 0.104933 0.107286
0 0.402466 0.572153 0.108072 0.097383
0 0.401009 0.692761 0.102915 0.090073
0 0.398879 0.798868 0.108969 0.098562
0 0.290919 0.244164 0.098879 0.093138
0 0.286211 0.354044 0.087668 0.103042
0 0.289350 0.468168 0.099776 0.112473
0 0.288229 0.584414 0.091704 0.115775
0 0.286323 0.696534 0.089686 0.110351
0 0.285762 0.814784 0.094843 0.096440
0 0.186996 0.232846 0.100897 0.092195
0 0.181839 0.353454 0.092825 0.095261
0 0.183296 0.471351 0.099776 0.097618
0 0.179821 0.578637 0.092825 0.086772
0 0.181278 0.687809 0.103812 0.106107
0 0.183296 0.801462 0.102018 0.086772
