0 0.842664 0.123566 0.304863 0.146750
0 0.837148 0.300072 0.297098 0.173757
0 0.815897 0.504780 0.310176 0.203155
0 0.816306 0.688934 0.367389 0.197658
0 0.817532 0.879183 0.302820 0.208652
0 0.515938 0.122968 0.330609 0.173757
0 0.509195 0.309871 0.317940 0.212954
0 0.499183 0.501793 0.311810 0.201004
0 0.486105 0.688934 0.308541 0.189054
0 0.495300 0.888384 0.353085 0.198853
0 0.174908 0.122371 0.328566 0.163958
0 0.173069 0.309871 0.343686 0.212954
0 0.172047 0.512428 0.315488 0.194551
0 0.158153 0.704708 0.287699 0.201004
0 0.157949 0.897586 0.314262 0.186663
