0 0.562531 0.125187 0.059318 0.056343
0 0.561295 0.177052 0.060801 0.045896
0 0.073653 0.081903 0.064261 0.045896
0 0.623085 0.078172 0.060801 0.042910
0 0.249135 0.433022 0.056352 0.052612
0 0.680425 0.635821 0.070687 0.047015
0 0.317103 0.121642 0.055858 0.041791
0 0.068216 0.168657 0.054375 0.054478
0 0.562284 0.035634 0.058824 0.044403
0 0.546218 0.858769 0.063272 0.041418
0 0.678942 0.220336 0.056846 0.051119
0 0.491349 0.634142 0.070193 0.045149
0 0.681414 0.683209 0.065744 0.041791
0 0.621602 0.175746 0.059812 0.047761
0 0.682402 0.396455 0.065744 0.044403
0 0.617153 0.764739 0.059812 0.051866
0 0.681661 0.444590 0.056352 0.049627
0 0.619871 0.400560 0.059318 0.039179
0 0.564261 0.076866 0.059812 0.040299
0 0.560059 0.225000 0.053386 0.047015
0 0.561295 0.271455 0.060801 0.039179
0 0.557835 0.588246 0.060801 0.044403
0 0.495057 0.587127 0.067721 0.045896
0 0.741473 0.086567 0.063272 0.044030
0 0.735294 0.176493 0.058824 0.050746
0 0.250371 0.129291 0.055858 0.038433
0 0.732823 0.782276 0.060801 0.051119
0 0.132971 0.266604 0.053386 0.050373
0 0.498764 0.121828 0.060306 0.047388
0 0.434750 0.081530 0.064755 0.043657
0 0.376174 0.168657 0.054375 0.043284
0 0.500494 0.077985 0.064755 0.040299
0 0.736530 0.728918 0.052397 0.048881
0 0.366782 0.672575 0.059318 0.052612
0 0.738754 0.680224 0.048937 0.046269
0 0.431537 0.349813 0.054375 0.041418
0 0.559812 0.539366 0.061789 0.048881
0 0.190559 0.212873 0.051903 0.041418
0 0.621354 0.124440 0.056352 0.049627
0 0.066485 0.439739 0.060801 0.044403
0 0.803510 0.361007 0.058824 0.051866
0 0.254078 0.258396 0.056352 0.050373
0 0.132971 0.134515 0.057341 0.043657
0 0.678448 0.080597 0.055858 0.047761
0 0.431537 0.213619 0.053386 0.048134
0 0.677212 0.589179 0.051409 0.044776
0 0.678448 0.166978 0.053880 0.045149
0 0.615917 0.716604 0.055363 0.035448
0 0.498270 0.035448 0.062284 0.042537
0 0.672516 0.768657 0.050914 0.043284
0 0.617153 0.675560 0.057835 0.047388
0 0.075383 0.311381 0.055858 0.044403
0 0.497034 0.349067 0.057835 0.038433
0 0.612951 0.865672 0.049432 0.040299
0 0.429807 0.393470 0.057835 0.045149
0 0.132229 0.040672 0.049926 0.048507
0 0.434256 0.036754 0.050914 0.043657
0 0.252595 0.039925 0.051409 0.050746
0 0.431537 0.442537 0.056352 0.049254
0 0.801285 0.540299 0.065250 0.043284
0 0.369748 0.625933 0.067227 0.042164
0 0.798566 0.587873 0.055858 0.045896
0 0.619377 0.445896 0.054375 0.050000
0 0.373950 0.034701 0.056846 0.047015
0 0.802274 0.178918 0.055363 0.048881
0 0.741967 0.040112 0.063272 0.045896
0 0.316609 0.214739 0.054869 0.045896
0 0.073653 0.265858 0.056352 0.047388
0 0.738013 0.273881 0.059318 0.052239
0 0.556352 0.632276 0.051903 0.041418
0 0.132229 0.391978 0.056846 0.047388
0 0.681167 0.541231 0.056352 0.048134
0 0.132971 0.176119 0.058329 0.039552
0 0.802027 0.445522 0.060801 0.045522
0 0.613198 0.817910 0.053880 0.051493
0 0.251359 0.087687 0.055858 0.043284
0 0.620860 0.223134 0.048443 0.041045
0 0.557588 0.446828 0.056352 0.038433
0 0.373950 0.536754 0.063767 0.051119
0 0.496540 0.211007 0.065744 0.041418
0 0.737766 0.362873 0.051903 0.042910
0 0.318833 0.166978 0.052397 0.041418
0 0.618141 0.627799 0.053880 0.046642
0 0.740237 0.543470 0.057835 0.051866
0 0.493821 0.392724 0.054375 0.044403
0 0.556846 0.769590 0.063767 0.043657
0 0.433762 0.168097 0.061789 0.039179
0 0.558329 0.404851 0.058824 0.044776
0 0.253831 0.209328 0.062778 0.042537
0 0.070687 0.218657 0.052397 0.044030
0 0.790905 0.724627 0.046466 0.041791
0 0.132971 0.218657 0.056352 0.044776
0 0.369748 0.582836 0.063272 0.045522
0 0.618389 0.584515 0.048443 0.038433
0 0.369254 0.352425 0.057341 0.040672
0 0.433020 0.124067 0.055363 0.040672
0 0.309936 0.390485 0.052397 0.043657
0 0.131488 0.088806 0.048443 0.047015
0 0.735788 0.224627 0.056846 0.044030
0 0.736530 0.448694 0.053386 0.047388
0 0.549926 0.950187 0.067721 0.036940
0 0.069698 0.392537 0.056352 0.046269
0 0.070440 0.037313 0.060801 0.043284
0 0.739990 0.128358 0.059318 0.038060
0 0.549926 0.813993 0.056846 0.045149
0 0.738507 0.591418 0.057341 0.041045
0 0.739249 0.635448 0.048937 0.040299
0 0.131735 0.438060 0.061789 0.040299
0 0.619377 0.035448 0.052397 0.038060
0 0.495057 0.443470 0.060801 0.043657
0 0.364805 0.438993 0.062284 0.043657
0 0.361592 0.752239 0.054869 0.035075
0 0.488631 0.682836 0.055858 0.049254
0 0.670539 0.863433 0.055858 0.047761
0 0.190806 0.437873 0.051409 0.046642
0 0.375185 0.120709 0.052397 0.045896
0 0.730845 0.866604 0.060801 0.040672
0 0.678448 0.350933 0.050914 0.040672
0 0.670786 0.908955 0.051409 0.043284
0 0.546960 0.904291 0.068710 0.046642
0 0.256797 0.347201 0.059812 0.043657
0 0.372714 0.214366 0.050420 0.044403
0 0.620366 0.538246 0.049432 0.046642
0 0.488384 0.770522 0.060306 0.034328
0 0.314385 0.034515 0.046466 0.043657
0 0.494563 0.539179 0.053880 0.047761
0 0.305981 0.436940 0.053386 0.049254
0 0.191053 0.391231 0.053880 0.041418
0 0.561542 0.311007 0.054375 0.037687
0 0.551162 0.679478 0.061295 0.048507
0 0.252101 0.169216 0.068216 0.036940
0 0.194019 0.345896 0.058824 0.038806
0 0.621354 0.267164 0.055363 0.041791
0 0.497528 0.164925 0.058824 0.036567
0 0.484182 0.812687 0.063767 0.047015
0 0.617400 0.947948 0.063272 0.036940
0 0.487148 0.730597 0.049926 0.043284
0 0.367771 0.306530 0.048443 0.048881
0 0.730104 0.908209 0.051409 0.041791
0 0.362086 0.716604 0.053880 0.034701
0 0.679931 0.035075 0.053880 0.038060
0 0.790657 0.768470 0.050914 0.036940
0 0.373208 0.077239 0.052397 0.038806
0 0.553386 0.726119 0.056846 0.044776
0 0.313890 0.343097 0.054375 0.043657
0 0.738260 0.405410 0.048937 0.040672
0 0.558824 0.357090 0.051903 0.047015
0 0.133465 0.346082 0.056352 0.041418
0 0.737271 0.321269 0.056846 0.041045
0 0.316115 0.077985 0.046960 0.039552
0 0.860850 0.222948 0.053880 0.039179
0 0.430054 0.302612 0.060306 0.042537
0 0.369254 0.258769 0.048443 0.042164
0 0.315126 0.258955 0.049926 0.040299
0 0.610974 0.904478 0.052397 0.038060
0 0.680178 0.267910 0.047454 0.038806
0 0.194513 0.256716 0.050914 0.035075
0 0.191053 0.127799 0.049926 0.037687
0 0.254325 0.303918 0.052892 0.038433
0 0.800544 0.403918 0.051903 0.032463
0 0.789422 0.857836 0.046466 0.035821
0 0.621107 0.355037 0.056846 0.046642
0 0.675482 0.723694 0.059812 0.035448
0 0.068710 0.123321 0.049432 0.036194
0 0.366041 0.394403 0.058824 0.032836
0 0.428571 0.255410 0.056352 0.033209
0 0.187346 0.167910 0.042511 0.038060
0 0.129758 0.308396 0.043005 0.030224
0 0.673999 0.947388 0.055858 0.036567
0 0.680672 0.312127 0.052397 0.032463
0 0.251607 0.388433 0.058329 0.032836
0 0.800791 0.224813 0.051409 0.039925
0 0.804004 0.038806 0.055858 0.043284
0 0.493574 0.303358 0.055858 0.043284
0 0.673010 0.813619 0.053880 0.042910
0 0.494068 0.257276 0.062778 0.036940
0 0.800791 0.133769 0.049432 0.038433
0 0.788433 0.899627 0.052397 0.041045
0 0.791399 0.810821 0.049432 0.043284
0 0.620366 0.310075 0.053386 0.037313
0 0.312902 0.301679 0.054375 0.033209
0 0.847998 0.777052 0.053880 0.048134
0 0.730104 0.824254 0.052397 0.034328
0 0.196243 0.302052 0.061295 0.048881
0 0.194266 0.033769 0.057341 0.036194
0 0.068216 0.351306 0.055363 0.035448
0 0.848739 0.863806 0.047454 0.035821
0 0.723431 0.950746 0.042017 0.039552
0 0.675976 0.118284 0.059812 0.026119
0 0.792635 0.267164 0.046960 0.041045
0 0.799061 0.312873 0.043005 0.036940
0 0.187593 0.089739 0.051903 0.041418
0 0.867523 0.402052 0.071181 0.043657
0 0.792635 0.633209 0.053880 0.038060
0 0.780030 0.680037 0.032625 0.028731
0 0.849234 0.907276 0.052397 0.036940
0 0.867523 0.360261 0.058329 0.036194
0 0.848739 0.825746 0.046466 0.034328
0 0.861345 0.581343 0.045971 0.041045
0 0.799802 0.073507 0.056352 0.026866
0 0.799061 0.099067 0.054869 0.028731
0 0.786456 0.944030 0.055363 0.040299
0 0.844291 0.950373 0.052397 0.047015
