0 0.189054 0.374404 0.052931 0.084005
0 0.253986 0.515297 0.061624 0.079926
0 0.742287 0.312186 0.049657 0.073814
0 0.329423 0.547701 0.050697 0.063609
0 0.749040 0.760782 0.064574 0.079484
0 0.256225 0.321581 0.052484 0.064315
0 0.678632 0.674092 0.056659 0.074992
0 0.185944 0.521153 0.067732 0.085677
0 0.808003 0.246026 0.059983 0.083451
0 0.749527 0.839104 0.059125 0.078906
0 0.189233 0.298436 0.051970 0.063599
0 0.256844 0.242288 0.052911 0.066312
0 0.330417 0.687464 0.062733 0.068471
0 0.255420 0.595647 0.053449 0.070242
0 0.672396 0.456451 0.054957 0.073163
0 0.739932 0.237789 0.052435 0.053742
0 0.812921 0.405579 0.062559 0.095402
0 0.328517 0.243411 0.055566 0.077716
0 0.602752 0.243374 0.058650 0.068034
0 0.395661 0.300650 0.055253 0.060856
0 0.744506 0.533125 0.060014 0.081121
0 0.394836 0.526244 0.068270 0.086374
0 0.817571 0.653723 0.055221 0.066838
0 0.604548 0.447580 0.061948 0.083651
0 0.260265 0.830087 0.047404 0.069357
0 0.257940 0.747458 0.057211 0.080159
0 0.601389 0.370666 0.060047 0.066927
0 0.255292 0.380290 0.060101 0.057975
0 0.603464 0.307768 0.056473 0.055943
0 0.814471 0.789677 0.054587 0.055417
0 0.677472 0.595021 0.064662 0.068775
0 0.187212 0.448607 0.060411 0.065332
0 0.329046 0.411137 0.053637 0.067304
0 0.328960 0.617386 0.057307 0.075239
0 0.394700 0.610162 0.055531 0.068646
0 0.328935 0.836801 0.047558 0.063369
0 0.674704 0.529804 0.055875 0.055991
0 0.191170 0.846069 0.046438 0.050242
0 0.611195 0.834257 0.048386 0.061219
0 0.396541 0.835852 0.057312 0.066461
0 0.669011 0.378928 0.054872 0.074180
0 0.813378 0.488703 0.058822 0.076465
0 0.395555 0.369924 0.061102 0.065778
0 0.819056 0.849544 0.049743 0.054217
0 0.745791 0.607081 0.057202 0.063223
0 0.394690 0.235154 0.062255 0.064557
0 0.606633 0.531108 0.051644 0.065118
0 0.254282 0.442324 0.046844 0.064620
0 0.744573 0.454180 0.060438 0.071608
0 0.191439 0.230619 0.052205 0.054712
0 0.678890 0.756376 0.064955 0.087920
0 0.190036 0.720798 0.049736 0.058840
0 0.395597 0.687928 0.049352 0.053412
0 0.327194 0.758392 0.055384 0.063956
0 0.748622 0.680384 0.057697 0.080197
0 0.256559 0.671768 0.059169 0.072578
0 0.739981 0.383198 0.043610 0.065500
0 0.670031 0.304820 0.058609 0.073289
0 0.809512 0.319828 0.058733 0.067769
0 0.608808 0.756032 0.058245 0.079649
0 0.814861 0.569379 0.047494 0.069312
0 0.191095 0.784027 0.060321 0.063596
0 0.185707 0.594920 0.057155 0.065948
0 0.325424 0.326610 0.059504 0.072319
0 0.328906 0.476982 0.055865 0.057781
0 0.679089 0.837707 0.049628 0.071796
0 0.812955 0.729704 0.056537 0.071667
0 0.187304 0.656633 0.053943 0.056650
0 0.397926 0.761778 0.062252 0.076164
0 0.670442 0.234250 0.062413 0.057824
0 0.605745 0.612108 0.064376 0.084496
0 0.395291 0.443574 0.064076 0.063218
0 0.609684 0.679744 0.057044 0.061043
