0 0.423684 0.397679 0.030789 0.031646
0 0.395592 0.635812 0.028289 0.029800
0 0.721645 0.360957 0.028816 0.030986
0 0.719934 0.259757 0.027237 0.029008
0 0.753684 0.394449 0.026842 0.030723
0 0.523882 0.531975 0.030658 0.024921
0 0.753882 0.326081 0.030921 0.033492
0 0.424013 0.430248 0.028289 0.027162
0 0.561579 0.703389 0.030789 0.030986
0 0.655197 0.260878 0.027500 0.025185
0 0.723355 0.429193 0.028026 0.029272
0 0.688553 0.260153 0.030263 0.030327
0 0.631513 0.768196 0.030921 0.030327
0 0.596776 0.702532 0.030921 0.032173
0 0.522171 0.397020 0.031184 0.030854
0 0.758882 0.633966 0.030395 0.031646
0 0.593882 0.601332 0.030658 0.031250
0 0.629934 0.602518 0.031447 0.032832
0 0.521316 0.294897 0.030789 0.032569
0 0.519803 0.261603 0.031184 0.029800
0 0.786974 0.292590 0.029737 0.034019
0 0.524605 0.567115 0.031316 0.029272
0 0.355592 0.298985 0.032500 0.031777
0 0.724211 0.567708 0.027895 0.028349
0 0.460592 0.567379 0.030395 0.032173
0 0.755461 0.465256 0.029868 0.029931
0 0.395132 0.670161 0.028158 0.028349
0 0.361711 0.671018 0.029211 0.029800
0 0.691711 0.534283 0.030000 0.033228
0 0.692895 0.633703 0.031053 0.030327
0 0.690132 0.395767 0.031316 0.030195
0 0.591513 0.428929 0.030658 0.032700
0 0.691118 0.499539 0.029605 0.033360
0 0.623289 0.293710 0.029474 0.029140
0 0.327566 0.532173 0.028553 0.031646
0 0.728750 0.767273 0.024605 0.026635
0 0.690263 0.429457 0.030789 0.032700
0 0.425461 0.498088 0.031447 0.031777
0 0.723684 0.499209 0.028947 0.031382
0 0.595526 0.668974 0.030000 0.027294
0 0.524079 0.498681 0.033684 0.031118
0 0.692763 0.601002 0.030263 0.031382
0 0.394474 0.600672 0.027105 0.029140
0 0.688421 0.293645 0.030789 0.028481
0 0.594474 0.568895 0.030526 0.028349
0 0.422039 0.297007 0.029079 0.031250
0 0.423355 0.363858 0.030395 0.029668
0 0.557171 0.362342 0.029342 0.032173
0 0.559013 0.497824 0.030921 0.032305
0 0.354934 0.265098 0.030395 0.031250
0 0.760724 0.732727 0.029605 0.025580
0 0.623553 0.259757 0.029737 0.026635
0 0.558684 0.532898 0.030263 0.033096
0 0.656711 0.361419 0.029211 0.031646
0 0.655855 0.294831 0.028816 0.032173
0 0.459474 0.431830 0.029211 0.028745
0 0.361184 0.565071 0.026053 0.023339
0 0.262895 0.568434 0.030789 0.029008
0 0.590658 0.328652 0.030526 0.028613
0 0.391053 0.432226 0.028158 0.030063
0 0.523355 0.362342 0.030658 0.031646
0 0.556382 0.261010 0.026447 0.031514
0 0.754737 0.430841 0.029474 0.031514
0 0.392039 0.497561 0.026184 0.029668
0 0.391316 0.398075 0.027632 0.031382
0 0.562632 0.800963 0.029474 0.027822
0 0.358289 0.432292 0.030789 0.032305
0 0.264211 0.602518 0.029474 0.032305
0 0.662171 0.566851 0.026447 0.029536
0 0.455526 0.297468 0.029474 0.023734
0 0.560855 0.634889 0.029079 0.024789
0 0.722697 0.464399 0.027763 0.030854
0 0.628684 0.532569 0.031842 0.031909
0 0.591382 0.361155 0.030395 0.030591
0 0.423750 0.465585 0.028553 0.024262
0 0.593421 0.497165 0.029474 0.028085
0 0.660724 0.463146 0.024079 0.030195
0 0.523289 0.464926 0.032368 0.029536
0 0.593618 0.533426 0.028026 0.034151
0 0.720987 0.293381 0.028816 0.031382
0 0.330329 0.636537 0.028816 0.031514
0 0.526776 0.634889 0.029868 0.031646
0 0.726447 0.633966 0.027895 0.030854
0 0.627237 0.497495 0.028158 0.027954
0 0.559539 0.601793 0.028289 0.031909
0 0.788158 0.360100 0.029474 0.033755
0 0.395263 0.703389 0.027105 0.029140
0 0.428026 0.670491 0.030263 0.028481
0 0.361974 0.531843 0.027368 0.030723
0 0.690724 0.464201 0.029868 0.032305
0 0.726250 0.601398 0.028026 0.030854
0 0.388158 0.332278 0.029737 0.027954
0 0.494605 0.669633 0.027368 0.029140
0 0.264276 0.638120 0.031711 0.030723
0 0.460066 0.532766 0.029605 0.028877
0 0.630921 0.701938 0.029474 0.029668
0 0.296974 0.636603 0.025789 0.031118
0 0.294737 0.567906 0.026842 0.027954
0 0.595921 0.635417 0.030000 0.029800
0 0.259079 0.333927 0.026579 0.030986
0 0.753947 0.360496 0.028947 0.029536
0 0.492961 0.601661 0.026974 0.031118
0 0.329934 0.671941 0.028026 0.030591
0 0.488816 0.397020 0.028158 0.030591
0 0.528947 0.736485 0.028684 0.029140
0 0.393158 0.531250 0.028947 0.029272
0 0.695987 0.767669 0.031447 0.028745
0 0.259737 0.400382 0.029211 0.026503
0 0.724605 0.534876 0.027632 0.032305
0 0.787500 0.326675 0.028421 0.028877
0 0.388684 0.264306 0.028947 0.031514
0 0.522895 0.430116 0.027105 0.031382
0 0.629737 0.633966 0.026579 0.025053
0 0.562171 0.735166 0.029342 0.028613
0 0.462105 0.601464 0.027632 0.023339
0 0.624474 0.327861 0.029211 0.028877
0 0.262763 0.531382 0.030526 0.029536
0 0.659013 0.498022 0.026447 0.030591
0 0.664539 0.767339 0.026447 0.027558
0 0.396053 0.736089 0.025263 0.025185
0 0.589342 0.294370 0.030526 0.029931
0 0.664145 0.800171 0.027237 0.027294
0 0.259868 0.466179 0.031316 0.028349
0 0.361908 0.635285 0.028289 0.029536
0 0.789934 0.430775 0.034342 0.031909
0 0.722434 0.395306 0.027237 0.034283
0 0.421382 0.263713 0.029605 0.026899
0 0.694737 0.702334 0.030263 0.031514
0 0.558092 0.462882 0.029079 0.025976
0 0.325921 0.366166 0.026053 0.027954
0 0.756184 0.535403 0.030263 0.029668
0 0.258618 0.367880 0.028816 0.028481
0 0.322632 0.298853 0.026316 0.024921
0 0.629013 0.566719 0.031711 0.029536
0 0.695329 0.667194 0.030921 0.030854
0 0.632237 0.735430 0.029737 0.026239
0 0.689474 0.327795 0.030263 0.032964
0 0.562105 0.768987 0.030526 0.030854
0 0.758355 0.601398 0.030395 0.027162
0 0.456842 0.364781 0.028684 0.029140
0 0.327566 0.567445 0.029079 0.030723
0 0.527632 0.669238 0.029737 0.030459
0 0.587961 0.260483 0.029605 0.028085
0 0.457632 0.397811 0.025789 0.028481
0 0.690066 0.361023 0.031184 0.032437
0 0.494803 0.636208 0.026974 0.024262
0 0.627303 0.464399 0.029342 0.034810
0 0.524211 0.601002 0.027632 0.029272
0 0.721513 0.326938 0.029605 0.028085
0 0.758947 0.667260 0.027895 0.029668
0 0.393026 0.567313 0.028947 0.030459
0 0.655855 0.228507 0.029342 0.031382
0 0.326776 0.464926 0.028816 0.025316
0 0.426053 0.532700 0.028947 0.033492
0 0.421842 0.330894 0.026316 0.028613
0 0.591513 0.395504 0.030132 0.029404
0 0.330395 0.602650 0.024737 0.024130
0 0.555724 0.294897 0.027237 0.026767
0 0.695132 0.735100 0.028421 0.028217
0 0.727237 0.702136 0.028947 0.029536
0 0.495789 0.703257 0.027105 0.020438
0 0.463092 0.702861 0.030132 0.024921
0 0.293618 0.432226 0.028553 0.032173
0 0.559276 0.566851 0.030658 0.029800
0 0.291908 0.266680 0.026974 0.027031
0 0.457961 0.464926 0.026447 0.032437
0 0.427697 0.636142 0.029342 0.028877
0 0.388289 0.297534 0.028684 0.026767
0 0.491776 0.532634 0.026447 0.030195
0 0.259539 0.431698 0.030132 0.029536
0 0.457500 0.499143 0.025789 0.025976
0 0.496776 0.735957 0.024342 0.028085
0 0.624671 0.396229 0.031184 0.031382
0 0.624934 0.361353 0.028289 0.029668
0 0.596842 0.735891 0.031842 0.030591
0 0.527237 0.701213 0.027368 0.023207
0 0.556579 0.328455 0.030263 0.028217
0 0.788816 0.394713 0.032895 0.030986
0 0.363816 0.736946 0.025263 0.026899
0 0.753750 0.293117 0.029342 0.026635
0 0.562171 0.668249 0.028553 0.029272
0 0.461645 0.634494 0.027237 0.025316
0 0.331316 0.771624 0.031316 0.030063
0 0.663684 0.702136 0.027105 0.031646
0 0.664803 0.735694 0.024868 0.028877
0 0.755987 0.500461 0.030132 0.030459
0 0.462566 0.738067 0.026447 0.026239
0 0.656053 0.327598 0.027368 0.029931
0 0.391908 0.465520 0.028816 0.029404
0 0.359145 0.464926 0.030132 0.030063
0 0.359803 0.497099 0.030132 0.027954
0 0.227763 0.400580 0.026842 0.024525
0 0.362566 0.703718 0.028026 0.030327
0 0.463553 0.770240 0.029211 0.025448
0 0.661316 0.634691 0.025526 0.030459
0 0.293224 0.399657 0.026184 0.023470
0 0.296382 0.601859 0.027763 0.028613
0 0.489605 0.428929 0.024737 0.030854
0 0.396645 0.769647 0.026974 0.030591
0 0.358816 0.396624 0.029474 0.025844
0 0.425592 0.600541 0.025658 0.027822
0 0.324934 0.332410 0.025921 0.023207
0 0.554737 0.230024 0.027895 0.026767
0 0.425921 0.566258 0.029737 0.028877
0 0.727829 0.733716 0.028816 0.029140
0 0.492500 0.566719 0.026053 0.022679
0 0.756974 0.567576 0.029474 0.025185
0 0.323092 0.263977 0.025395 0.026899
0 0.527895 0.801358 0.021316 0.024130
0 0.362171 0.601200 0.029079 0.033887
0 0.557171 0.396822 0.030132 0.033096
0 0.625658 0.427809 0.030000 0.027031
0 0.497566 0.768855 0.025658 0.019778
0 0.461184 0.668249 0.028684 0.023734
0 0.487105 0.329575 0.027105 0.030195
0 0.691974 0.567972 0.026053 0.022811
0 0.520987 0.328257 0.031974 0.023866
0 0.364934 0.801754 0.025395 0.024657
0 0.526908 0.768526 0.028816 0.019383
0 0.486711 0.263054 0.027632 0.024525
0 0.727566 0.667392 0.024079 0.030459
0 0.659868 0.533821 0.025789 0.033096
0 0.325526 0.432489 0.028421 0.030327
0 0.227303 0.332410 0.028289 0.029800
0 0.623158 0.228376 0.027368 0.028217
0 0.759276 0.701741 0.025921 0.031118
0 0.455329 0.330235 0.023289 0.022284
0 0.265592 0.671875 0.025658 0.027558
0 0.597829 0.800040 0.028289 0.030723
0 0.298092 0.704905 0.026711 0.027690
0 0.591645 0.464003 0.030395 0.029008
0 0.297829 0.802940 0.026974 0.029140
0 0.687895 0.228244 0.028947 0.025053
0 0.428092 0.703191 0.022237 0.020833
0 0.752829 0.260417 0.031184 0.032964
0 0.663026 0.668117 0.025789 0.028745
0 0.299145 0.737935 0.025658 0.025712
0 0.658684 0.394778 0.025789 0.029272
0 0.389211 0.365374 0.027105 0.023734
0 0.259868 0.498879 0.028684 0.023866
0 0.298092 0.673128 0.027237 0.028745
0 0.291645 0.333795 0.025921 0.023602
0 0.227434 0.367484 0.027500 0.029800
0 0.330592 0.739122 0.029079 0.025712
0 0.453487 0.261010 0.025658 0.020965
0 0.485395 0.363133 0.024211 0.029272
0 0.558684 0.430446 0.029737 0.023866
0 0.365132 0.768526 0.028947 0.025448
0 0.292303 0.366429 0.024605 0.025580
0 0.589539 0.227453 0.028026 0.029008
0 0.258487 0.299842 0.027500 0.023470
0 0.519276 0.231210 0.030921 0.026239
0 0.632039 0.800897 0.031184 0.027954
0 0.330000 0.703718 0.028947 0.026635
0 0.295000 0.530657 0.025000 0.029140
0 0.629671 0.666930 0.026447 0.024262
0 0.266316 0.706817 0.029211 0.029404
0 0.326579 0.498747 0.028421 0.030195
0 0.751316 0.226859 0.025789 0.028613
0 0.486711 0.296611 0.023421 0.024130
0 0.596842 0.767735 0.028421 0.020701
0 0.357237 0.365968 0.029737 0.027558
0 0.497039 0.803336 0.026447 0.028613
0 0.397566 0.802743 0.028026 0.027162
0 0.293158 0.466245 0.026053 0.026108
0 0.490461 0.466838 0.025658 0.029404
0 0.491447 0.499011 0.024737 0.024393
0 0.661447 0.599815 0.025526 0.033228
0 0.227632 0.432951 0.027632 0.030195
0 0.354276 0.233782 0.027500 0.023207
0 0.660329 0.429655 0.024342 0.028085
0 0.298882 0.770636 0.023553 0.023602
0 0.463947 0.802874 0.027632 0.022416
0 0.355592 0.330367 0.024079 0.020701
0 0.267171 0.770108 0.029605 0.027558
0 0.452895 0.232199 0.026842 0.026108
0 0.720132 0.226464 0.030789 0.028877
0 0.267500 0.802479 0.027632 0.026371
0 0.386842 0.230551 0.028158 0.019119
0 0.696711 0.800040 0.028158 0.028349
0 0.228487 0.300831 0.025395 0.029668
0 0.419934 0.231210 0.027237 0.019383
0 0.784671 0.257648 0.028289 0.028481
0 0.295395 0.497890 0.025789 0.023207
0 0.325132 0.399591 0.028158 0.026503
0 0.257697 0.266482 0.024868 0.020833
0 0.763224 0.766152 0.025921 0.028613
0 0.291316 0.298523 0.026316 0.022679
0 0.484934 0.227650 0.025658 0.017009
0 0.267500 0.737474 0.029211 0.026371
0 0.331645 0.804193 0.030132 0.029536
0 0.256974 0.239122 0.023421 0.020174
0 0.729671 0.796809 0.026974 0.022152
0 0.230395 0.269383 0.020526 0.020833
0 0.763618 0.796150 0.022237 0.024789
0 0.290592 0.236221 0.029605 0.024130
0 0.322895 0.235166 0.028421 0.028613
