0 0.802156 0.108513 0.280303 0.131248
0 0.809441 0.254112 0.310023 0.099968
0 0.805070 0.420671 0.270979 0.141567
0 0.811772 0.585456 0.291375 0.138342
0 0.803030 0.746695 0.297203 0.131893
0 0.794580 0.888746 0.287296 0.122541
0 0.500291 0.104966 0.293124 0.084166
0 0.488928 0.265559 0.282051 0.149952
0 0.493881 0.418091 0.253497 0.128023
0 0.477855 0.576104 0.263403 0.131893
0 0.489802 0.742341 0.283800 0.130926
0 0.490967 0.894550 0.293124 0.132215
0 0.194056 0.108675 0.278555 0.110287
0 0.192308 0.262980 0.282051 0.065463
0 0.196970 0.425347 0.291375 0.121896
0 0.187354 0.584489 0.283800 0.121574
0 0.176865 0.734602 0.161422 0.134150
0 0.177156 0.892454 0.233100 0.142212
