0 0.688189 0.086679 0.131654 0.098540
0 0.697480 0.208599 0.113071 0.085082
0 0.693858 0.325160 0.131654 0.090100
0 0.701102 0.453239 0.105827 0.105839
0 0.694646 0.571396 0.138898 0.099453
0 0.698898 0.688526 0.127244 0.085082
0 0.525669 0.087249 0.095748 0.089188
0 0.522992 0.193773 0.124409 0.066378
0 0.541260 0.305999 0.113071 0.041286
0 0.538425 0.441834 0.118740 0.087135
0 0.528504 0.554859 0.113386 0.062272
0 0.522047 0.668453 0.088504 0.081889
0 0.529921 0.790716 0.121890 0.094206
0 0.535748 0.914690 0.104567 0.072536
0 0.370236 0.082573 0.117480 0.098540
0 0.368976 0.205976 0.123150 0.063412
0 0.365197 0.330406 0.113071 0.094206
0 0.369606 0.447993 0.104252 0.099453
0 0.360157 0.569343 0.123150 0.099453
0 0.365354 0.682824 0.124724 0.073677
0 0.376850 0.804174 0.118740 0.096487
0 0.363150 0.916743 0.105827 0.080748
0 0.187087 0.076870 0.125984 0.084854
0 0.188504 0.195027 0.134488 0.095347
0 0.194961 0.307596 0.121575 0.085995
0 0.194173 0.422673 0.134488 0.065237
0 0.193543 0.540944 0.118740 0.081889
0 0.194961 0.666286 0.121575 0.090328
0 0.202835 0.793225 0.137323 0.093294
0 0.199213 0.907391 0.116220 0.095347
