0 0.770254 0.159439 0.223700 0.155059
0 0.767836 0.323040 0.228537 0.159001
0 0.768742 0.482698 0.226723 0.166448
0 0.767836 0.646080 0.243047 0.170828
0 0.767836 0.821945 0.243047 0.182654
0 0.537787 0.163820 0.225514 0.165572
0 0.548972 0.331143 0.233374 0.175208
0 0.542322 0.503504 0.214027 0.167762
0 0.545345 0.665353 0.214027 0.164696
0 0.552902 0.833114 0.225514 0.162067
0 0.331318 0.153526 0.222491 0.132720
0 0.331318 0.313403 0.207981 0.182654
0 0.337364 0.491678 0.246675 0.176522
0 0.330713 0.653088 0.227328 0.176084
