0 0.923796 0.067797 0.152409 0.097821
0 0.918397 0.211501 0.163206 0.128571
0 0.921096 0.326271 0.157807 0.111622
0 0.924626 0.452058 0.150748 0.114770
0 0.922757 0.570944 0.154485 0.097821
0 0.927326 0.682688 0.145349 0.093705
0 0.919228 0.819370 0.161545 0.114770
0 0.920058 0.944189 0.159884 0.111622
0 0.735673 0.069855 0.223837 0.106295
0 0.715532 0.203632 0.198505 0.110412
0 0.734635 0.322034 0.221761 0.098789
0 0.518065 0.067797 0.211379 0.116707
0 0.513497 0.204116 0.209718 0.122034
0 0.511628 0.321429 0.187708 0.110654
0 0.525332 0.439346 0.186047 0.089346
0 0.533430 0.564165 0.223837 0.103148
0 0.530523 0.684625 0.182309 0.093705
0 0.536130 0.818281 0.204319 0.106295
0 0.533223 0.942494 0.205980 0.100000
0 0.315822 0.042494 0.200581 0.076755
0 0.307517 0.172518 0.191445 0.115981
0 0.313953 0.313680 0.193522 0.130508
0 0.321221 0.436804 0.189784 0.113801
0 0.318522 0.572518 0.176910 0.117918
0 0.326620 0.703027 0.200581 0.124213
0 0.333056 0.822518 0.238372 0.102179
0 0.314576 0.943099 0.213040 0.109443
0 0.107350 0.058838 0.173173 0.105085
0 0.120847 0.198910 0.196844 0.130508
0 0.114410 0.329903 0.223837 0.114528
0 0.120847 0.442978 0.218439 0.111622
0 0.116071 0.557869 0.213040 0.120097
0 0.105482 0.687409 0.198505 0.132688
0 0.102159 0.812107 0.187708 0.102179
0 0.106312 0.938983 0.207641 0.122034
