0 0.841797 0.136364 0.052344 0.058712
0 0.721094 0.367266 0.047396 0.062184
0 0.661328 0.312342 0.047656 0.059659
0 0.899089 0.191604 0.047656 0.057449
0 0.903255 0.135732 0.051302 0.059343
0 0.842839 0.194602 0.045573 0.060922
0 0.302344 0.367266 0.045833 0.055871
0 0.769010 0.568971 0.032813 0.035669
0 0.720964 0.424242 0.054427 0.057449
0 0.541797 0.430713 0.045052 0.062816
0 0.491667 0.570391 0.036458 0.035985
0 0.569531 0.607008 0.030729 0.036616
0 0.887500 0.570391 0.033854 0.036616
0 0.848698 0.639678 0.032813 0.040720
0 0.902734 0.083807 0.051302 0.055240
0 0.928125 0.842172 0.030729 0.034722
0 0.648828 0.571654 0.036719 0.034091
0 0.842969 0.361742 0.047917 0.059975
0 0.423438 0.477273 0.048958 0.055556
0 0.779427 0.418245 0.039583 0.054293
0 0.780208 0.308396 0.046354 0.059343
0 0.662109 0.421244 0.048698 0.054609
0 0.843229 0.252210 0.047396 0.059343
0 0.530078 0.606061 0.029948 0.035354
0 0.086589 0.846749 0.034635 0.034407
0 0.210026 0.606534 0.031510 0.034407
0 0.846484 0.415878 0.045052 0.051452
0 0.723177 0.473485 0.045312 0.047980
0 0.926562 0.875947 0.029687 0.038510
0 0.481120 0.367109 0.045052 0.052399
0 0.769531 0.605587 0.031771 0.041982
0 0.928776 0.572285 0.034115 0.040404
0 0.360156 0.303662 0.045312 0.051136
0 0.612760 0.641730 0.034375 0.037879
0 0.608854 0.574179 0.032292 0.040404
0 0.330339 0.639205 0.032031 0.034091
0 0.929297 0.605429 0.034115 0.036616
0 0.484245 0.845170 0.032031 0.034407
0 0.568620 0.571181 0.032031 0.037563
0 0.450781 0.572285 0.031771 0.039141
0 0.236849 0.424558 0.047135 0.050505
0 0.302083 0.421717 0.042708 0.053030
0 0.528385 0.837121 0.029167 0.029672
0 0.119010 0.262468 0.049479 0.057765
0 0.419141 0.255051 0.043490 0.058081
0 0.411719 0.572759 0.032292 0.040720
0 0.367969 0.815499 0.028125 0.036301
0 0.847266 0.568655 0.033594 0.038194
0 0.959375 0.255051 0.048438 0.063131
0 0.690625 0.646465 0.031250 0.036616
0 0.601953 0.473643 0.047135 0.046402
0 0.233464 0.251420 0.045052 0.043876
0 0.130208 0.575600 0.031771 0.042614
0 0.599479 0.422822 0.041667 0.053977
0 0.172005 0.609217 0.034115 0.034722
0 0.691276 0.613005 0.029948 0.034722
0 0.130078 0.642519 0.032031 0.034407
0 0.649870 0.605271 0.030469 0.031881
0 0.406771 0.881471 0.031250 0.033775
0 0.362240 0.361742 0.043229 0.059975
0 0.530339 0.640152 0.034115 0.036616
0 0.371354 0.603535 0.036458 0.034722
0 0.690885 0.576705 0.033854 0.039773
0 0.889844 0.605587 0.033854 0.037563
0 0.645312 0.879577 0.029687 0.035038
0 0.118880 0.469855 0.045573 0.055871
0 0.493099 0.603693 0.034115 0.033144
0 0.781510 0.360795 0.045833 0.046717
0 0.520182 0.668403 0.018490 0.023674
0 0.687630 0.845644 0.033073 0.034722
0 0.731510 0.608586 0.033854 0.032828
0 0.451693 0.607008 0.029948 0.035354
0 0.121224 0.413037 0.047656 0.051452
0 0.373307 0.636837 0.033073 0.036301
0 0.483854 0.880366 0.032813 0.037879
0 0.483333 0.471117 0.045312 0.052083
0 0.569401 0.640941 0.032031 0.033775
0 0.648177 0.844697 0.031250 0.034091
0 0.650130 0.639047 0.029427 0.035669
0 0.661589 0.363479 0.044010 0.047033
0 0.360547 0.253314 0.047656 0.054609
0 0.602604 0.254577 0.042188 0.053346
0 0.419531 0.314394 0.042708 0.058712
0 0.662630 0.473327 0.042969 0.049558
0 0.364323 0.418403 0.040625 0.054609
0 0.421224 0.424558 0.041406 0.054924
0 0.848177 0.882891 0.030729 0.037247
0 0.131120 0.610638 0.036198 0.035669
0 0.969141 0.877052 0.031510 0.033144
0 0.768620 0.640309 0.029948 0.032513
0 0.301953 0.475063 0.046094 0.048611
0 0.451432 0.640783 0.029427 0.034091
0 0.780469 0.247317 0.046354 0.049558
0 0.290625 0.640625 0.033333 0.038826
0 0.481641 0.310290 0.045573 0.052399
0 0.780859 0.473327 0.047656 0.052083
0 0.542057 0.370265 0.050260 0.049242
0 0.489844 0.639205 0.031250 0.034091
0 0.843359 0.304609 0.046094 0.045455
0 0.887891 0.638889 0.032552 0.032828
0 0.567187 0.844381 0.031771 0.038510
0 0.249609 0.641888 0.034635 0.038194
0 0.413281 0.639520 0.031250 0.036616
0 0.729818 0.643308 0.028906 0.041035
0 0.728385 0.881787 0.032813 0.038194
0 0.233984 0.309501 0.044531 0.054609
0 0.480599 0.418403 0.044531 0.045139
0 0.171615 0.641572 0.036458 0.035038
0 0.727083 0.573864 0.031250 0.039141
0 0.967187 0.808081 0.031250 0.035354
0 0.441927 0.809186 0.028125 0.032513
0 0.060677 0.418718 0.044792 0.052083
0 0.927604 0.806187 0.032813 0.034722
0 0.808724 0.565814 0.029948 0.026199
0 0.329557 0.571812 0.030990 0.038194
0 0.207552 0.643939 0.032813 0.041667
0 0.729297 0.846117 0.032031 0.034407
0 0.538411 0.669192 0.019531 0.024621
0 0.381641 0.687658 0.021094 0.023674
0 0.686979 0.878946 0.031250 0.036932
0 0.278516 0.669981 0.021615 0.027462
0 0.890104 0.845486 0.030208 0.035669
0 0.565104 0.809817 0.028646 0.036301
0 0.246224 0.806818 0.034115 0.041667
0 0.483724 0.809659 0.032552 0.035985
0 0.578646 0.671086 0.021354 0.027146
0 0.406771 0.847696 0.029167 0.034407
0 0.966797 0.844223 0.029948 0.036301
0 0.529036 0.809186 0.028385 0.035038
0 0.848568 0.604798 0.033594 0.036616
0 0.928516 0.638415 0.031510 0.035669
0 0.120313 0.314552 0.047917 0.050821
0 0.286849 0.843119 0.029427 0.035985
0 0.718880 0.311237 0.037760 0.048611
0 0.058464 0.309028 0.041406 0.053662
0 0.890755 0.879104 0.030990 0.035985
0 0.089844 0.606218 0.030729 0.033775
0 0.371615 0.567708 0.033854 0.039457
0 0.086198 0.878157 0.033333 0.035985
0 0.363151 0.471749 0.041927 0.055240
0 0.286719 0.809501 0.029167 0.035038
0 0.305729 0.311711 0.043750 0.059028
0 0.326953 0.809343 0.029948 0.035985
0 0.608203 0.812027 0.028906 0.037563
0 0.897266 0.668876 0.022135 0.027778
0 0.779427 0.667929 0.022396 0.026515
0 0.600260 0.313447 0.041146 0.056818
0 0.406120 0.811869 0.029948 0.037247
0 0.729557 0.810764 0.030990 0.038826
0 0.089323 0.571970 0.031771 0.037247
0 0.305078 0.251263 0.047135 0.046717
0 0.249349 0.571023 0.034635 0.036616
0 0.606380 0.879577 0.030469 0.032513
0 0.499870 0.667929 0.020573 0.025884
0 0.578125 0.714015 0.021354 0.023990
0 0.558073 0.671402 0.020313 0.025884
0 0.887500 0.809028 0.030208 0.039773
0 0.542057 0.317551 0.047135 0.051136
0 0.809245 0.846907 0.029948 0.032197
0 0.779036 0.691919 0.021094 0.023990
0 0.660807 0.254104 0.043490 0.054293
0 0.330208 0.605903 0.028646 0.031250
0 0.298047 0.670297 0.020052 0.024937
0 0.289453 0.573864 0.029948 0.039141
0 0.249479 0.607165 0.034375 0.035669
0 0.528385 0.885101 0.028125 0.032197
0 0.419271 0.365846 0.044792 0.043561
0 0.718880 0.251420 0.045573 0.047664
0 0.051562 0.640941 0.031771 0.037563
0 0.968620 0.586963 0.027865 0.033775
0 0.847786 0.462595 0.047656 0.047664
0 0.368880 0.848958 0.029427 0.033144
0 0.848568 0.847854 0.029948 0.032197
0 0.807161 0.535827 0.032552 0.040088
0 0.529036 0.860638 0.026302 0.024937
0 0.567318 0.880366 0.029948 0.034722
0 0.382422 0.710543 0.020573 0.025253
0 0.400781 0.690499 0.019792 0.021780
0 0.089583 0.640783 0.029687 0.035354
0 0.602083 0.670770 0.019792 0.025253
0 0.878646 0.690657 0.022917 0.022096
0 0.480859 0.255051 0.038802 0.053662
0 0.061458 0.473169 0.039062 0.049242
0 0.605859 0.845170 0.026302 0.032513
0 0.622135 0.715909 0.020833 0.027778
0 0.085807 0.812184 0.033073 0.042298
0 0.647526 0.809501 0.030469 0.036932
0 0.248047 0.843592 0.028906 0.031250
0 0.327865 0.879893 0.034896 0.037563
0 0.457682 0.713542 0.020052 0.024937
0 0.246875 0.875158 0.030208 0.033775
0 0.846354 0.812816 0.030729 0.044823
0 0.286979 0.877367 0.031771 0.037563
0 0.297526 0.693813 0.021615 0.024621
0 0.520052 0.690972 0.019792 0.022727
0 0.129036 0.808712 0.030990 0.025253
0 0.530990 0.571812 0.027083 0.038194
0 0.236979 0.473485 0.041146 0.052399
0 0.621224 0.671402 0.020052 0.025253
0 0.205990 0.879735 0.031250 0.038510
0 0.602083 0.693182 0.022396 0.022727
0 0.368229 0.882576 0.029687 0.033460
0 0.681771 0.696181 0.022917 0.021780
0 0.499219 0.711963 0.022917 0.026199
0 0.659375 0.668718 0.021354 0.026199
0 0.578906 0.693182 0.019792 0.020202
0 0.168359 0.844381 0.031510 0.032828
0 0.047135 0.877683 0.031250 0.036301
0 0.541406 0.260574 0.044792 0.049558
0 0.479557 0.668087 0.022656 0.024937
0 0.542448 0.479009 0.047396 0.038194
0 0.766536 0.878946 0.032552 0.035669
0 0.443359 0.876736 0.031510 0.034407
0 0.808464 0.880840 0.031510 0.035669
0 0.166927 0.875631 0.028646 0.032828
0 0.320182 0.667771 0.020573 0.024937
0 0.053906 0.571970 0.033333 0.042298
0 0.778516 0.713699 0.022656 0.023990
0 0.538021 0.691761 0.019792 0.023674
0 0.179818 0.311080 0.042448 0.052083
0 0.808854 0.810922 0.029687 0.038510
0 0.059635 0.364268 0.046354 0.052399
0 0.259375 0.693182 0.020833 0.026515
0 0.401432 0.669508 0.020573 0.023990
0 0.206641 0.812973 0.028385 0.039457
0 0.210938 0.574179 0.030729 0.035354
0 0.897656 0.691288 0.019792 0.023359
0 0.340495 0.689710 0.020573 0.023359
0 0.047786 0.808712 0.033073 0.037247
0 0.600000 0.365372 0.042708 0.035669
0 0.168750 0.809817 0.033333 0.038194
0 0.807813 0.592803 0.026562 0.032197
0 0.878125 0.668087 0.020833 0.025568
0 0.767057 0.808870 0.025260 0.035038
0 0.420052 0.691288 0.020833 0.023990
0 0.458203 0.691130 0.018490 0.023043
0 0.498437 0.690499 0.021875 0.021149
0 0.622526 0.692866 0.019531 0.020833
0 0.170573 0.575758 0.030729 0.034091
0 0.278255 0.692393 0.020052 0.021780
0 0.059115 0.693340 0.019271 0.023043
0 0.856380 0.690657 0.020052 0.023990
0 0.381901 0.666509 0.019531 0.023674
0 0.176693 0.256471 0.044010 0.047664
0 0.856380 0.712437 0.020573 0.023359
0 0.937891 0.715436 0.021094 0.027462
0 0.758984 0.670139 0.019531 0.025253
0 0.340625 0.667140 0.020313 0.023674
0 0.120703 0.365372 0.048698 0.048927
0 0.681641 0.674558 0.020052 0.024621
0 0.060156 0.252683 0.047396 0.045139
0 0.659375 0.691288 0.020833 0.021465
0 0.198177 0.696181 0.019792 0.021780
0 0.198307 0.674716 0.018490 0.023043
0 0.937370 0.668403 0.020052 0.024306
0 0.559245 0.693971 0.020573 0.020518
0 0.340495 0.711490 0.021615 0.025253
0 0.098568 0.692551 0.022135 0.023990
0 0.896224 0.714489 0.023698 0.029356
0 0.128255 0.830177 0.031510 0.030303
0 0.130208 0.779830 0.030208 0.036932
0 0.321354 0.689710 0.021354 0.021465
0 0.258724 0.670770 0.019531 0.022727
0 0.140365 0.694918 0.018750 0.023043
0 0.216406 0.672348 0.020833 0.027778
0 0.969271 0.533144 0.031250 0.037879
0 0.099219 0.669665 0.022917 0.026199
0 0.442188 0.669981 0.021875 0.025568
0 0.739844 0.692393 0.022917 0.028725
0 0.737370 0.716383 0.020052 0.025568
0 0.917969 0.928346 0.015104 0.018308
0 0.658854 0.712910 0.020833 0.025568
0 0.918359 0.667614 0.017969 0.026515
0 0.258854 0.717014 0.021354 0.024937
0 0.759115 0.691761 0.020313 0.022412
0 0.539714 0.713384 0.019531 0.023990
0 0.240234 0.670297 0.022656 0.024306
0 0.059505 0.670612 0.021094 0.025568
0 0.059635 0.715436 0.019792 0.026199
0 0.516536 0.929766 0.019010 0.023674
0 0.938281 0.691130 0.019792 0.026199
0 0.700391 0.675821 0.019010 0.025253
0 0.481250 0.689394 0.019792 0.020833
0 0.974609 0.908144 0.020573 0.023359
0 0.039583 0.671086 0.019271 0.025253
0 0.700521 0.696970 0.018229 0.020202
0 0.161068 0.695391 0.020052 0.022096
0 0.688021 0.807607 0.032813 0.042614
0 0.441016 0.690814 0.018490 0.020518
0 0.955729 0.906250 0.017188 0.023359
0 0.974479 0.930240 0.022396 0.026515
0 0.039193 0.692393 0.019010 0.022412
0 0.614714 0.952178 0.019531 0.025568
0 0.420312 0.669192 0.018229 0.023359
0 0.362240 0.688289 0.022396 0.021780
0 0.234245 0.365530 0.047656 0.061237
0 0.918620 0.904987 0.020052 0.024621
0 0.638932 0.668876 0.017969 0.024621
0 0.162370 0.716856 0.021094 0.022096
0 0.535156 0.952809 0.020313 0.025568
0 0.181510 0.717014 0.018750 0.024306
0 0.640495 0.689867 0.021615 0.024937
0 0.837370 0.667456 0.021615 0.026199
0 0.494661 0.948548 0.020052 0.022727
0 0.130990 0.680871 0.040104 0.042929
0 0.969141 0.561711 0.028385 0.020518
0 0.956641 0.927083 0.016927 0.018939
0 0.297786 0.715436 0.021094 0.027462
0 0.536068 0.930556 0.020573 0.023990
0 0.935807 0.905777 0.021094 0.024306
0 0.656250 0.930240 0.019792 0.022096
0 0.161458 0.671086 0.021875 0.026515
0 0.079557 0.669508 0.020052 0.023990
0 0.121224 0.672980 0.020573 0.023990
0 0.098437 0.714804 0.020833 0.025568
0 0.459766 0.668876 0.016927 0.023990
0 0.517969 0.951547 0.018229 0.019886
0 0.375000 0.930082 0.024479 0.028093
0 0.615495 0.929766 0.020052 0.023043
0 0.333984 0.947759 0.019531 0.023043
0 0.195964 0.910827 0.018490 0.021780
0 0.121745 0.691761 0.020052 0.018624
0 0.575651 0.927399 0.020573 0.023990
0 0.240234 0.692551 0.021094 0.023359
0 0.846615 0.678188 0.041667 0.046402
0 0.217057 0.717961 0.021094 0.026831
0 0.736979 0.952809 0.018750 0.023043
0 0.361719 0.665562 0.022917 0.024937
0 0.436458 0.903409 0.021354 0.023990
0 0.695182 0.955966 0.016406 0.022412
0 0.655469 0.949811 0.020313 0.021465
0 0.474479 0.907355 0.017188 0.019886
0 0.701042 0.718434 0.024479 0.027146
0 0.897266 0.929766 0.022135 0.024937
0 0.837240 0.688920 0.023438 0.021149
0 0.416146 0.929924 0.020313 0.025253
0 0.817578 0.951862 0.016406 0.019886
0 0.334245 0.926294 0.020052 0.021149
0 0.453776 0.902620 0.021094 0.024306
0 0.856771 0.668718 0.019792 0.024937
0 0.140365 0.672664 0.020313 0.024621
0 0.377214 0.952178 0.021094 0.023674
0 0.719141 0.683712 0.022135 0.040404
0 0.040625 0.714489 0.020313 0.024937
0 0.436328 0.923927 0.019010 0.019571
0 0.418359 0.713226 0.024219 0.026199
0 0.897526 0.907986 0.022135 0.022412
0 0.074870 0.910038 0.017448 0.021465
0 0.297266 0.945549 0.020573 0.020518
0 0.855599 0.954861 0.018490 0.020202
0 0.917578 0.691761 0.021615 0.025568
0 0.079687 0.692235 0.018229 0.022727
0 0.597526 0.928977 0.016927 0.019571
0 0.694922 0.930871 0.021094 0.024621
0 0.296484 0.904040 0.017969 0.019571
0 0.355859 0.931503 0.018490 0.024621
0 0.158203 0.906723 0.015885 0.021780
0 0.093490 0.908933 0.018229 0.021780
0 0.494531 0.926610 0.019792 0.023043
0 0.297266 0.924558 0.019531 0.019571
0 0.738021 0.672822 0.019271 0.022412
0 0.398828 0.907197 0.020052 0.021465
0 0.558464 0.927083 0.018490 0.019571
0 0.180339 0.694602 0.017448 0.023674
0 0.895573 0.950915 0.018229 0.021780
0 0.918099 0.713226 0.021094 0.023674
0 0.417187 0.907670 0.016667 0.020518
0 0.354948 0.908775 0.018750 0.023359
0 0.169792 0.683239 0.037500 0.044508
0 0.254688 0.943971 0.019271 0.021149
0 0.575521 0.950758 0.016146 0.022096
0 0.416797 0.953914 0.022135 0.027146
0 0.140495 0.718750 0.020052 0.025253
0 0.036328 0.907039 0.016406 0.021149
0 0.035807 0.927083 0.017448 0.017045
0 0.054557 0.908775 0.016406 0.015783
0 0.054427 0.926610 0.018229 0.017992
0 0.056250 0.944918 0.018229 0.021149
0 0.074089 0.929135 0.017448 0.016730
0 0.092318 0.931345 0.019010 0.023043
0 0.092839 0.951705 0.021615 0.017677
0 0.157422 0.927083 0.017448 0.017045
0 0.175130 0.903409 0.016406 0.020202
0 0.176432 0.925505 0.019010 0.017677
0 0.175260 0.945549 0.018229 0.019886
0 0.196484 0.929609 0.017448 0.015783
0 0.214714 0.911301 0.017448 0.023359
0 0.213411 0.930713 0.020052 0.017992
0 0.215495 0.951231 0.017448 0.027462
0 0.235937 0.903883 0.016667 0.016730
0 0.233333 0.922348 0.018229 0.015783
0 0.255469 0.903409 0.024479 0.020202
0 0.255078 0.924400 0.020052 0.019886
0 0.275391 0.923453 0.019010 0.017992
0 0.277995 0.904040 0.017448 0.018939
0 0.314063 0.906566 0.019792 0.023990
0 0.314063 0.927715 0.016667 0.022096
0 0.334375 0.904514 0.020833 0.017992
0 0.376172 0.906566 0.024219 0.020202
0 0.396094 0.928662 0.017188 0.017677
0 0.454688 0.924400 0.018229 0.017992
0 0.453906 0.943340 0.018229 0.024306
0 0.473698 0.927557 0.018229 0.019886
0 0.493750 0.907039 0.023438 0.021149
0 0.514193 0.905934 0.019010 0.018939
0 0.534896 0.910196 0.020833 0.021149
0 0.558854 0.906566 0.021875 0.017677
0 0.577474 0.906566 0.019010 0.022096
0 0.596224 0.907039 0.020052 0.021149
0 0.615234 0.906092 0.016406 0.023043
0 0.635156 0.926452 0.018229 0.015783
0 0.634766 0.905619 0.017448 0.022096
0 0.653906 0.909249 0.019271 0.021149
0 0.674740 0.910827 0.024479 0.019886
0 0.675651 0.929293 0.019010 0.018939
0 0.695573 0.908617 0.017188 0.026199
0 0.717708 0.911301 0.021875 0.018939
0 0.716927 0.930713 0.018229 0.019886
0 0.735938 0.910827 0.016667 0.019886
0 0.737240 0.929609 0.017188 0.015783
0 0.754948 0.908144 0.018229 0.020833
0 0.756771 0.929293 0.019792 0.018939
0 0.774479 0.907670 0.020833 0.017992
0 0.774479 0.929609 0.020833 0.022096
0 0.776693 0.950758 0.021615 0.022096
0 0.796745 0.909249 0.016406 0.021149
0 0.797526 0.930240 0.020052 0.020833
0 0.816276 0.908775 0.022656 0.022096
0 0.817187 0.931818 0.020833 0.022096
0 0.838021 0.907513 0.020833 0.022096
0 0.856120 0.910827 0.017448 0.024306
0 0.836589 0.929766 0.020052 0.019886
0 0.855339 0.928662 0.022656 0.023990
0 0.877344 0.907670 0.018229 0.019886
0 0.877865 0.928662 0.020833 0.020202
0 0.938151 0.927715 0.020052 0.022096
0 0.936458 0.948706 0.018229 0.019886
0 0.974609 0.953441 0.020052 0.023043
