0 0.809917 0.118349 0.257379 0.105127
0 0.822314 0.266688 0.247934 0.141245
0 0.806966 0.432602 0.208973 0.140277
0 0.820248 0.588520 0.231995 0.107062
0 0.814640 0.744276 0.236128 0.091583
0 0.811688 0.895518 0.223140 0.090293
0 0.484357 0.102386 0.249705 0.106095
0 0.490850 0.262012 0.262692 0.119639
0 0.485537 0.418897 0.262692 0.121896
0 0.461334 0.580780 0.184770 0.089649
0 0.455726 0.735085 0.223140 0.092551
0 0.434770 0.877943 0.150531 0.100935
0 0.172668 0.105127 0.243802 0.098033
0 0.179162 0.262496 0.253247 0.135440
0 0.180638 0.417446 0.236128 0.116414
0 0.155844 0.588681 0.186541 0.117704
0 0.158501 0.732183 0.222550 0.131893
0 0.156730 0.894550 0.237898 0.115447
