0 0.151953 0.889471 0.022656 0.037161
0 0.151953 0.853263 0.023177 0.036208
0 0.751823 0.249404 0.020313 0.036684
0 0.653646 0.285850 0.021875 0.039066
0 0.733203 0.600524 0.022135 0.040495
0 0.151693 0.707718 0.022656 0.039543
0 0.792708 0.251787 0.022396 0.042401
0 0.172005 0.957361 0.019010 0.031920
0 0.792708 0.287280 0.025000 0.037161
0 0.733333 0.561696 0.020833 0.038113
0 0.887760 0.358742 0.026562 0.037161
0 0.634766 0.560981 0.021094 0.037637
0 0.630859 0.285612 0.021615 0.036684
0 0.207031 0.173892 0.019271 0.040019
0 0.712630 0.212959 0.019531 0.036208
0 0.653646 0.212959 0.021354 0.035255
0 0.771094 0.141496 0.019792 0.040972
0 0.151302 0.924250 0.021354 0.037161
0 0.575260 0.174131 0.020313 0.039543
0 0.245052 0.211291 0.019271 0.037637
0 0.849609 0.287280 0.022135 0.040019
0 0.480599 0.595760 0.019010 0.039543
0 0.633464 0.248452 0.021094 0.037637
0 0.632943 0.213435 0.018490 0.034302
0 0.168229 0.247261 0.017708 0.037161
0 0.189583 0.522868 0.019792 0.034778
0 0.888672 0.564555 0.025260 0.045736
0 0.653646 0.176274 0.020313 0.037161
0 0.751823 0.213197 0.019271 0.034778
0 0.519010 0.557885 0.023438 0.039066
0 0.480469 0.557646 0.021354 0.040495
0 0.888542 0.394712 0.026562 0.040495
0 0.653906 0.323249 0.021354 0.038590
0 0.516146 0.176036 0.020313 0.037637
0 0.248438 0.740114 0.021354 0.035731
0 0.732682 0.214150 0.019531 0.035731
0 0.654948 0.671272 0.020833 0.037161
0 0.343359 0.632682 0.021094 0.042878
0 0.751172 0.287041 0.020052 0.038590
0 0.652865 0.247737 0.021875 0.040019
0 0.207943 0.246784 0.019531 0.038113
0 0.713932 0.853978 0.020573 0.037637
0 0.674609 0.388280 0.020573 0.039066
0 0.791667 0.178418 0.022396 0.042401
0 0.518880 0.595283 0.021615 0.039543
0 0.675391 0.597904 0.022135 0.039066
0 0.189453 0.671272 0.019531 0.036208
0 0.267188 0.385422 0.019792 0.038113
0 0.594401 0.248213 0.019010 0.037161
0 0.693229 0.142211 0.020833 0.042401
0 0.752344 0.459028 0.021354 0.036684
0 0.674870 0.779657 0.021615 0.037637
0 0.480208 0.631968 0.020833 0.039543
0 0.888151 0.429490 0.024740 0.033826
0 0.361979 0.455693 0.019792 0.037637
0 0.675000 0.213197 0.020833 0.035731
0 0.868750 0.181753 0.019271 0.035731
0 0.499219 0.352311 0.018750 0.037637
0 0.168359 0.283230 0.017448 0.035731
0 0.460417 0.138876 0.019792 0.042401
0 0.732161 0.285374 0.019010 0.036208
0 0.751302 0.422582 0.020313 0.036208
0 0.770052 0.319914 0.017708 0.039543
0 0.654557 0.746308 0.021615 0.042401
0 0.286979 0.849214 0.019792 0.037637
0 0.095312 0.958790 0.019792 0.034778
0 0.113932 0.746308 0.019010 0.035731
0 0.285547 0.522630 0.019010 0.035255
0 0.342708 0.524059 0.021354 0.034302
0 0.228255 0.813006 0.019010 0.037637
0 0.732161 0.249643 0.018490 0.038113
0 0.342708 0.558838 0.020313 0.037161
0 0.267708 0.421153 0.019271 0.036208
0 0.753255 0.600286 0.020052 0.038113
0 0.152214 0.557170 0.019531 0.032873
0 0.655859 0.559790 0.020573 0.039066
0 0.228646 0.669128 0.020833 0.037637
0 0.443490 0.520724 0.022396 0.035255
0 0.344401 0.848499 0.020573 0.036208
0 0.712760 0.251072 0.020313 0.040972
0 0.096224 0.892091 0.019531 0.040495
0 0.632552 0.176513 0.020313 0.040495
0 0.771745 0.212959 0.019531 0.033349
0 0.926562 0.428299 0.024479 0.042878
0 0.248177 0.486899 0.021875 0.038113
0 0.305078 0.519057 0.021615 0.034778
0 0.499219 0.665317 0.020833 0.038590
0 0.443620 0.667937 0.028906 0.044783
0 0.225260 0.174607 0.017708 0.037637
0 0.654687 0.634111 0.021354 0.037161
0 0.151823 0.816579 0.021354 0.035255
0 0.575391 0.284183 0.019531 0.039543
0 0.654036 0.785374 0.022135 0.040495
0 0.850391 0.462601 0.021094 0.034302
0 0.848568 0.250357 0.021094 0.040495
0 0.114062 0.782277 0.020313 0.037161
0 0.209635 0.354931 0.020313 0.037161
0 0.612891 0.247737 0.019010 0.041925
0 0.694531 0.424488 0.020313 0.039066
0 0.187370 0.247499 0.020573 0.040495
0 0.829297 0.290376 0.022656 0.040495
0 0.888151 0.324202 0.025781 0.039543
0 0.714583 0.783945 0.019792 0.037637
0 0.516797 0.250596 0.019531 0.037161
0 0.536979 0.211768 0.020833 0.036684
0 0.732161 0.524774 0.020052 0.040495
0 0.889193 0.182468 0.020573 0.042878
0 0.518620 0.631729 0.021094 0.039066
0 0.149609 0.287994 0.019010 0.036684
0 0.187370 0.210576 0.020573 0.038113
0 0.575521 0.247022 0.019792 0.037637
0 0.286198 0.484993 0.020313 0.039066
0 0.096094 0.926870 0.019792 0.032873
0 0.093229 0.360410 0.022396 0.040495
0 0.693880 0.213673 0.018490 0.042401
0 0.228125 0.740591 0.019271 0.036684
0 0.849349 0.180562 0.023177 0.041925
0 0.792318 0.358266 0.023177 0.043830
0 0.674479 0.176036 0.020313 0.037637
0 0.752214 0.141020 0.019531 0.039066
0 0.753125 0.675560 0.022396 0.037161
0 0.753516 0.563364 0.022135 0.041448
0 0.675260 0.321820 0.021875 0.038590
0 0.732943 0.459028 0.019531 0.035731
0 0.247917 0.386851 0.018750 0.034302
0 0.228385 0.776798 0.019271 0.036684
0 0.751302 0.177942 0.019792 0.038590
0 0.519401 0.520248 0.023177 0.039066
0 0.191536 0.816818 0.021094 0.039543
0 0.675781 0.560267 0.019271 0.037161
0 0.693229 0.286089 0.018750 0.038590
0 0.771354 0.177942 0.019271 0.037637
0 0.228516 0.704859 0.019531 0.032873
0 0.441927 0.423535 0.024479 0.040019
0 0.249089 0.630538 0.021094 0.041448
0 0.149740 0.247737 0.020313 0.042878
0 0.888542 0.287994 0.024479 0.039543
0 0.364323 0.557646 0.023438 0.043354
0 0.116016 0.894474 0.021094 0.037637
0 0.479687 0.519533 0.021354 0.038590
0 0.189583 0.354455 0.020313 0.036208
0 0.115495 0.818485 0.022135 0.038113
0 0.268490 0.484040 0.018750 0.039066
0 0.189323 0.707242 0.019271 0.039543
0 0.247786 0.669366 0.019010 0.037161
0 0.675781 0.523106 0.020833 0.039066
0 0.518880 0.811339 0.022135 0.035255
0 0.674609 0.247737 0.020573 0.036208
0 0.130469 0.287041 0.019792 0.037637
0 0.151172 0.958552 0.021094 0.037161
0 0.754297 0.783230 0.021094 0.039066
0 0.712760 0.389709 0.018229 0.040019
0 0.752474 0.493330 0.022656 0.039543
0 0.611719 0.285850 0.018229 0.036208
0 0.304167 0.593140 0.021354 0.040972
0 0.498958 0.456884 0.019792 0.038113
0 0.655339 0.522153 0.019010 0.035255
0 0.442969 0.630538 0.022917 0.037637
0 0.228125 0.595283 0.020833 0.037637
0 0.770312 0.285136 0.018750 0.031920
0 0.908594 0.147451 0.023958 0.039543
0 0.575781 0.209624 0.020833 0.037161
0 0.247266 0.354455 0.017969 0.033349
0 0.792318 0.216055 0.023177 0.036684
0 0.498177 0.780372 0.020833 0.037161
0 0.712630 0.320152 0.021094 0.039066
0 0.828906 0.495712 0.020833 0.034778
0 0.266536 0.595522 0.017969 0.039066
0 0.791927 0.322058 0.021875 0.035255
0 0.694531 0.388518 0.018229 0.033826
0 0.127734 0.138876 0.021615 0.041448
0 0.267578 0.520486 0.018490 0.037637
0 0.613542 0.636494 0.023958 0.042878
0 0.734635 0.818485 0.019792 0.040972
0 0.675130 0.354216 0.019531 0.033826
0 0.652344 0.139828 0.019271 0.038590
0 0.675000 0.707718 0.019271 0.035731
0 0.399870 0.210576 0.022135 0.040019
0 0.247656 0.556217 0.019271 0.039543
0 0.851042 0.854931 0.021875 0.037637
0 0.516146 0.138876 0.020833 0.038590
0 0.675000 0.284183 0.018750 0.039543
0 0.812760 0.140781 0.020313 0.031920
0 0.675521 0.634588 0.020313 0.038113
0 0.208724 0.631491 0.018490 0.039543
0 0.850260 0.529300 0.021875 0.038113
0 0.732422 0.321105 0.017969 0.036208
0 0.695182 0.709147 0.021094 0.038590
0 0.827734 0.602906 0.021615 0.043354
0 0.926953 0.287994 0.022656 0.039543
0 0.515885 0.213197 0.020313 0.041448
0 0.266927 0.704621 0.019271 0.035255
0 0.887630 0.462601 0.024740 0.038113
0 0.925260 0.464507 0.021354 0.032396
0 0.713151 0.354455 0.019531 0.035255
0 0.575521 0.849452 0.020833 0.037161
0 0.731510 0.674607 0.023438 0.036208
0 0.849349 0.566937 0.019531 0.043830
0 0.674870 0.816818 0.020052 0.041448
0 0.441276 0.282992 0.023698 0.040019
0 0.926302 0.323964 0.022917 0.040019
0 0.364193 0.700810 0.023177 0.040972
0 0.152214 0.491424 0.022656 0.036684
0 0.754297 0.637685 0.022135 0.040495
0 0.712500 0.284183 0.018750 0.029061
0 0.575130 0.742258 0.022656 0.036208
0 0.285026 0.592901 0.018490 0.034778
0 0.887630 0.496427 0.023177 0.037161
0 0.850651 0.395426 0.020052 0.039066
0 0.653906 0.423297 0.020313 0.033826
0 0.324870 0.850167 0.019531 0.034778
0 0.442969 0.486660 0.023438 0.036684
0 0.189583 0.319200 0.021875 0.035255
0 0.672656 0.139114 0.018750 0.037161
0 0.595703 0.211053 0.019531 0.036208
0 0.185677 0.176274 0.020833 0.036208
0 0.751042 0.321343 0.019271 0.035731
0 0.209115 0.704145 0.019792 0.040972
0 0.244401 0.174131 0.020052 0.037637
0 0.849609 0.782754 0.021615 0.038113
0 0.497656 0.386374 0.020833 0.034302
0 0.382422 0.454740 0.020573 0.035731
0 0.172135 0.924011 0.018229 0.037637
0 0.518880 0.453311 0.022135 0.035731
0 0.442448 0.320152 0.022396 0.036208
0 0.228776 0.387327 0.018490 0.035255
0 0.151302 0.635064 0.021354 0.046689
0 0.208073 0.282754 0.020833 0.036684
0 0.712630 0.491663 0.019531 0.033349
0 0.754167 0.855169 0.022396 0.036208
0 0.442708 0.707480 0.023958 0.040019
0 0.480078 0.485469 0.022135 0.032396
0 0.191276 0.923059 0.020052 0.035731
0 0.285547 0.558599 0.019010 0.037637
0 0.072135 0.321820 0.019271 0.035731
0 0.519661 0.669128 0.020052 0.043354
0 0.732031 0.140781 0.018750 0.033826
0 0.613151 0.212244 0.017448 0.030967
0 0.245964 0.246308 0.017969 0.037161
0 0.653385 0.354455 0.020833 0.033349
0 0.151693 0.742973 0.022656 0.037637
0 0.266276 0.351120 0.019010 0.034302
0 0.384505 0.593616 0.020052 0.037161
0 0.655469 0.708671 0.020313 0.038590
0 0.828776 0.854693 0.024219 0.038113
0 0.653646 0.851596 0.020833 0.035731
0 0.151432 0.592187 0.022135 0.036208
0 0.771224 0.103383 0.019531 0.038113
0 0.947135 0.463078 0.020833 0.038113
0 0.247656 0.593378 0.018750 0.035731
0 0.634375 0.634588 0.020313 0.039066
0 0.771745 0.249404 0.019010 0.038590
0 0.404036 0.521439 0.022135 0.040495
0 0.888151 0.711529 0.020573 0.033826
0 0.829297 0.817056 0.022656 0.037161
0 0.305208 0.632206 0.021354 0.038113
0 0.189974 0.744640 0.020052 0.039066
0 0.499479 0.595045 0.017708 0.038113
0 0.384505 0.558361 0.018490 0.036208
0 0.228776 0.885660 0.021615 0.039066
0 0.652995 0.387804 0.021094 0.039066
0 0.093099 0.394712 0.021094 0.030014
0 0.634635 0.523344 0.019271 0.038590
0 0.228385 0.355407 0.018229 0.030491
0 0.364193 0.595522 0.019531 0.032396
0 0.404167 0.558599 0.021354 0.036684
0 0.594010 0.175083 0.018229 0.037637
0 0.887760 0.747737 0.023958 0.043354
0 0.850130 0.638399 0.022656 0.041925
0 0.575651 0.321105 0.020573 0.038113
0 0.071745 0.357789 0.019010 0.035255
0 0.187370 0.284659 0.020052 0.037637
0 0.654948 0.597189 0.019792 0.038590
0 0.362891 0.488804 0.019531 0.031444
0 0.675260 0.671987 0.019792 0.038590
0 0.385286 0.703668 0.021615 0.041925
0 0.247917 0.918294 0.020313 0.038590
0 0.693359 0.177465 0.018490 0.032873
0 0.364063 0.630538 0.019271 0.037637
0 0.750781 0.103144 0.019792 0.034778
0 0.441406 0.387089 0.024479 0.036684
0 0.829297 0.528109 0.020573 0.034778
0 0.753516 0.711768 0.022135 0.038113
0 0.634766 0.709385 0.020052 0.040019
0 0.114583 0.712006 0.020833 0.035731
0 0.247526 0.705574 0.018490 0.035255
0 0.189974 0.390186 0.019531 0.038113
0 0.285938 0.668175 0.020313 0.037637
0 0.150260 0.672463 0.021875 0.036684
0 0.612500 0.176989 0.019271 0.037637
0 0.461458 0.099333 0.020313 0.037637
0 0.829036 0.781801 0.020052 0.035255
0 0.612240 0.139828 0.019271 0.037637
0 0.753385 0.747499 0.020833 0.037161
0 0.324349 0.704383 0.019010 0.034778
0 0.191276 0.780848 0.019531 0.036208
0 0.440104 0.138399 0.020313 0.039543
0 0.791797 0.140067 0.020573 0.038113
0 0.072786 0.284659 0.019010 0.032873
0 0.152214 0.524774 0.021094 0.034778
0 0.732161 0.490948 0.020052 0.032873
0 0.128646 0.179133 0.020833 0.038113
0 0.947917 0.288471 0.019271 0.036684
0 0.695312 0.671748 0.021354 0.039066
0 0.247786 0.775369 0.019531 0.037637
0 0.167578 0.211768 0.017448 0.031920
0 0.206901 0.136970 0.020052 0.037637
0 0.714583 0.818485 0.019792 0.034302
0 0.228516 0.848976 0.022135 0.038113
0 0.460807 0.175560 0.021615 0.036684
0 0.209375 0.388518 0.018750 0.034778
0 0.171484 0.669605 0.016406 0.030014
0 0.092057 0.286565 0.020573 0.039543
0 0.208464 0.210576 0.020052 0.039066
0 0.848568 0.215817 0.020052 0.031444
0 0.267448 0.955217 0.021354 0.030491
0 0.753776 0.819914 0.021615 0.037161
0 0.770573 0.356598 0.019271 0.039543
0 0.812760 0.103859 0.021354 0.037161
0 0.712500 0.177942 0.019271 0.036684
0 0.362891 0.420915 0.020052 0.037637
0 0.304297 0.555503 0.021094 0.040972
0 0.596224 0.885898 0.021094 0.038590
0 0.575521 0.778228 0.021354 0.039543
0 0.404948 0.593854 0.021875 0.036684
0 0.228125 0.244640 0.020313 0.037637
0 0.152083 0.780372 0.021354 0.037161
0 0.382812 0.387327 0.019792 0.031444
0 0.576432 0.667699 0.023177 0.035731
0 0.830859 0.361124 0.021615 0.038113
0 0.441927 0.245593 0.021354 0.038590
0 0.945964 0.497380 0.021094 0.037161
0 0.499349 0.630777 0.020573 0.034302
0 0.947396 0.360648 0.019792 0.035255
0 0.675521 0.456408 0.019792 0.033349
0 0.695052 0.353740 0.020313 0.037637
0 0.362370 0.386851 0.020052 0.032396
0 0.828255 0.463078 0.020573 0.035255
0 0.907943 0.108147 0.024740 0.041925
0 0.384245 0.521201 0.020052 0.039066
0 0.382031 0.354931 0.019271 0.035255
0 0.189844 0.592901 0.021354 0.031920
0 0.286198 0.704383 0.019792 0.036684
0 0.496484 0.209624 0.019531 0.037161
0 0.247786 0.454502 0.019531 0.030491
0 0.712891 0.138876 0.019531 0.038590
0 0.713802 0.459981 0.019792 0.036684
0 0.209766 0.488804 0.019531 0.036208
0 0.287109 0.884945 0.021094 0.039543
0 0.267969 0.777990 0.021875 0.037161
0 0.694792 0.459266 0.020313 0.035255
0 0.537500 0.175083 0.021354 0.038590
0 0.168880 0.320391 0.018490 0.039543
0 0.363151 0.520962 0.019531 0.034778
0 0.443099 0.593854 0.023177 0.037637
0 0.575781 0.559790 0.022396 0.040019
0 0.285286 0.630062 0.020573 0.037637
0 0.381771 0.244879 0.019271 0.037161
0 0.248047 0.421629 0.020052 0.037161
0 0.172917 0.887566 0.019792 0.037161
0 0.266927 0.633159 0.018229 0.037161
0 0.828906 0.563364 0.020833 0.037637
0 0.926823 0.216770 0.022396 0.034302
0 0.228516 0.487137 0.020052 0.034778
0 0.498437 0.812768 0.019271 0.035255
0 0.614193 0.743687 0.020052 0.037161
0 0.267969 0.812292 0.021354 0.033349
0 0.518750 0.704383 0.019271 0.030967
0 0.190234 0.887089 0.018490 0.035255
0 0.946224 0.532158 0.022135 0.036208
0 0.828516 0.711768 0.020573 0.033349
0 0.850130 0.746784 0.021094 0.039543
0 0.635286 0.672701 0.020052 0.036208
0 0.732031 0.178418 0.020833 0.039543
0 0.190234 0.455217 0.019531 0.031920
0 0.365104 0.814674 0.020313 0.039066
0 0.714063 0.425202 0.021875 0.038590
0 0.517969 0.387804 0.019271 0.041925
0 0.383333 0.419962 0.019792 0.035731
0 0.461068 0.247975 0.017969 0.039543
0 0.267188 0.739876 0.019271 0.037161
0 0.306510 0.884231 0.020313 0.038113
0 0.095573 0.817294 0.019271 0.037637
0 0.151823 0.423535 0.022396 0.037161
0 0.151432 0.458075 0.021615 0.033826
0 0.173307 0.780372 0.019531 0.037161
0 0.305208 0.849452 0.017708 0.035255
0 0.594271 0.284183 0.016667 0.035731
0 0.384245 0.631729 0.021094 0.041925
0 0.344661 0.883516 0.019531 0.036684
0 0.444271 0.555979 0.025521 0.039066
0 0.519531 0.486660 0.023438 0.034778
0 0.117318 0.857789 0.022135 0.042401
0 0.286068 0.386613 0.017969 0.036684
0 0.286979 0.452835 0.017188 0.031920
0 0.191797 0.958075 0.020052 0.036208
0 0.517057 0.287518 0.019010 0.042401
0 0.868750 0.144593 0.020313 0.041448
0 0.576953 0.632444 0.022656 0.041448
0 0.791406 0.103144 0.021354 0.036684
0 0.634896 0.596713 0.020833 0.039543
0 0.712500 0.527156 0.019792 0.041448
0 0.830078 0.326346 0.021094 0.037161
0 0.286589 0.420677 0.018490 0.032396
0 0.615104 0.779419 0.021875 0.040972
0 0.631641 0.319200 0.022135 0.037161
0 0.848828 0.429252 0.021094 0.037161
0 0.574609 0.813721 0.022135 0.036208
0 0.305208 0.814197 0.019271 0.037161
0 0.654427 0.818247 0.020313 0.037637
0 0.341406 0.316579 0.020313 0.036684
0 0.614323 0.596951 0.021354 0.040019
0 0.752865 0.527870 0.020833 0.035255
0 0.344141 0.669128 0.017969 0.033826
0 0.946745 0.395426 0.019531 0.039066
0 0.442057 0.815150 0.023177 0.037161
0 0.185417 0.139590 0.020313 0.038113
0 0.499089 0.702239 0.020573 0.039066
0 0.051172 0.287041 0.022656 0.038590
0 0.888802 0.253454 0.023438 0.037161
0 0.248047 0.813721 0.020573 0.039066
0 0.267708 0.885422 0.019792 0.036684
0 0.886979 0.674369 0.023438 0.042401
0 0.149609 0.323249 0.018490 0.038590
0 0.850781 0.358266 0.018750 0.038113
0 0.734635 0.854693 0.017708 0.035255
0 0.889583 0.220581 0.023438 0.041925
0 0.248568 0.883040 0.020573 0.031920
0 0.731771 0.389471 0.019271 0.037637
0 0.714714 0.745831 0.022135 0.039543
0 0.306120 0.920915 0.020052 0.040019
0 0.362630 0.246308 0.021615 0.042878
0 0.694922 0.634588 0.018490 0.040972
0 0.209245 0.317294 0.019531 0.035255
0 0.694792 0.248452 0.016667 0.031920
0 0.828906 0.428776 0.021875 0.038113
0 0.576302 0.595522 0.022396 0.039066
0 0.868620 0.105526 0.026302 0.044307
0 0.286719 0.740353 0.019792 0.038113
0 0.595313 0.319914 0.018750 0.038590
0 0.632422 0.141258 0.015885 0.032873
0 0.674609 0.744640 0.019010 0.040019
0 0.403385 0.455693 0.020833 0.034778
0 0.209245 0.742258 0.019010 0.038113
0 0.694661 0.818009 0.019010 0.033349
0 0.828646 0.676989 0.022396 0.036208
0 0.442708 0.849929 0.024479 0.042878
0 0.442578 0.454026 0.022135 0.034302
0 0.518099 0.740591 0.019010 0.043354
0 0.925260 0.499762 0.022396 0.042878
0 0.654427 0.889948 0.024479 0.040972
0 0.209635 0.521201 0.019271 0.031444
0 0.190625 0.424250 0.021354 0.031920
0 0.284896 0.351120 0.019792 0.036208
0 0.046615 0.180086 0.025521 0.036208
0 0.537630 0.249404 0.020052 0.038590
0 0.228125 0.631968 0.020313 0.033826
0 0.927214 0.360410 0.021094 0.039543
0 0.614193 0.708671 0.017448 0.033826
0 0.209245 0.555503 0.017448 0.037161
0 0.734115 0.781563 0.018750 0.033826
0 0.283594 0.245355 0.017708 0.037161
0 0.094661 0.488328 0.019010 0.034302
0 0.245182 0.137923 0.020052 0.037637
0 0.107292 0.143640 0.018750 0.040495
0 0.209505 0.591710 0.017969 0.035255
0 0.443229 0.353025 0.022917 0.036208
0 0.812630 0.177942 0.019531 0.042401
0 0.210677 0.453549 0.020313 0.033349
0 0.191016 0.850881 0.020052 0.039066
0 0.478516 0.455455 0.019531 0.031444
0 0.575521 0.886374 0.019792 0.038590
0 0.887500 0.605050 0.019271 0.039066
0 0.828255 0.638399 0.021094 0.037161
0 0.480990 0.666746 0.017708 0.033826
0 0.497786 0.249166 0.017969 0.041925
0 0.496354 0.136970 0.018750 0.033826
0 0.404036 0.486899 0.020573 0.033349
0 0.190234 0.632206 0.022656 0.041925
0 0.655599 0.458313 0.020573 0.041925
0 0.496224 0.173416 0.017448 0.040019
0 0.947135 0.326822 0.020313 0.038113
0 0.209375 0.847308 0.018750 0.039543
0 0.849479 0.494521 0.019792 0.035255
0 0.633594 0.488328 0.018750 0.034302
0 0.148828 0.211291 0.020052 0.035731
0 0.342318 0.246308 0.021094 0.039066
0 0.267188 0.669605 0.018750 0.037637
0 0.341406 0.419009 0.021354 0.038590
0 0.444531 0.776322 0.025521 0.047165
0 0.441276 0.099095 0.020052 0.039066
0 0.829036 0.746070 0.020573 0.034302
0 0.498698 0.421868 0.020833 0.037637
0 0.576172 0.922106 0.020573 0.034778
0 0.248307 0.952835 0.019010 0.032396
0 0.248568 0.848737 0.021094 0.037637
0 0.848958 0.603144 0.020833 0.036208
0 0.732292 0.354931 0.019271 0.034302
0 0.713672 0.636255 0.020573 0.043354
0 0.323568 0.387327 0.018490 0.032396
0 0.324089 0.521439 0.016927 0.031920
0 0.848698 0.140781 0.020313 0.041448
0 0.344401 0.703430 0.017448 0.036684
0 0.830859 0.216770 0.017969 0.037161
0 0.459896 0.209862 0.019792 0.040495
0 0.129557 0.247737 0.020573 0.039066
0 0.850000 0.819438 0.018750 0.037161
0 0.596094 0.849690 0.021354 0.036684
0 0.613411 0.387327 0.019010 0.035255
0 0.115885 0.635303 0.022917 0.040495
0 0.049219 0.218914 0.023958 0.043354
0 0.791276 0.066937 0.021615 0.044307
0 0.828776 0.252739 0.020573 0.040495
0 0.325391 0.918771 0.020052 0.035731
0 0.633464 0.744640 0.019010 0.034302
0 0.596224 0.814674 0.021615 0.037161
0 0.499349 0.522630 0.017448 0.036208
0 0.363151 0.285850 0.019531 0.040972
0 0.556120 0.247737 0.019010 0.040019
0 0.364323 0.666031 0.019792 0.030491
0 0.675521 0.422820 0.017188 0.033826
0 0.229167 0.421153 0.018750 0.034302
0 0.324740 0.954979 0.017708 0.037637
0 0.499219 0.556932 0.017188 0.035255
0 0.575521 0.707718 0.022396 0.041448
0 0.751172 0.355646 0.020052 0.036684
0 0.517969 0.777275 0.019792 0.032873
0 0.209375 0.885422 0.019271 0.035731
0 0.498568 0.317532 0.016406 0.033826
0 0.403516 0.386613 0.018490 0.032873
0 0.343099 0.594331 0.020052 0.037637
0 0.283333 0.208671 0.020313 0.038113
0 0.267448 0.557885 0.018750 0.039066
0 0.612240 0.318247 0.018750 0.029538
0 0.265495 0.244640 0.017969 0.037637
0 0.342708 0.489519 0.020833 0.039543
0 0.116927 0.956408 0.021875 0.034778
0 0.208724 0.777513 0.016406 0.034302
0 0.303906 0.208671 0.021875 0.041925
0 0.850130 0.323964 0.020052 0.034302
0 0.325000 0.884231 0.018750 0.036208
0 0.227995 0.556217 0.019531 0.040495
0 0.265625 0.173416 0.018229 0.034302
0 0.324479 0.594331 0.019271 0.039543
0 0.229167 0.952358 0.020833 0.035255
0 0.286589 0.922106 0.019010 0.034778
0 0.130729 0.322773 0.020833 0.036684
0 0.268099 0.921868 0.019531 0.038113
0 0.048958 0.145069 0.021875 0.040495
0 0.850130 0.925917 0.021615 0.034778
0 0.595573 0.386136 0.017708 0.039543
0 0.596615 0.925202 0.021875 0.045736
0 0.228646 0.520486 0.019792 0.035731
0 0.498307 0.884231 0.022135 0.044783
0 0.072526 0.461887 0.021615 0.034778
0 0.228516 0.320391 0.018490 0.038590
0 0.363802 0.740829 0.018750 0.035255
0 0.342448 0.382087 0.022917 0.036208
0 0.944661 0.855169 0.020052 0.037161
0 0.732943 0.711768 0.020052 0.041925
0 0.247005 0.318961 0.020573 0.041448
0 0.695703 0.598380 0.019531 0.036208
0 0.478125 0.420677 0.021875 0.040019
0 0.887891 0.526441 0.022135 0.034302
0 0.733984 0.638161 0.019531 0.041448
0 0.342448 0.455217 0.019792 0.033826
0 0.265755 0.281324 0.019010 0.035731
0 0.400521 0.247261 0.019271 0.036208
0 0.324219 0.668652 0.019792 0.038590
0 0.596354 0.557170 0.019792 0.033826
0 0.304557 0.353502 0.022135 0.034302
0 0.091667 0.322058 0.020313 0.034302
0 0.172917 0.851596 0.018229 0.036684
0 0.403385 0.631491 0.019792 0.040495
0 0.518099 0.350643 0.019010 0.037161
0 0.305469 0.670081 0.019271 0.040495
0 0.733594 0.746070 0.018229 0.033349
0 0.304167 0.451167 0.016667 0.033349
0 0.695182 0.782754 0.020573 0.040019
0 0.406380 0.954026 0.019010 0.042401
0 0.323828 0.556217 0.019531 0.039543
0 0.948177 0.255360 0.022917 0.038113
0 0.849870 0.708909 0.022135 0.042878
0 0.286589 0.812292 0.018490 0.040019
0 0.172786 0.816818 0.018490 0.033826
0 0.095964 0.853978 0.020052 0.036684
0 0.304948 0.707480 0.017708 0.035255
0 0.479167 0.349929 0.019271 0.035731
0 0.498047 0.846594 0.019531 0.036208
0 0.268750 0.451167 0.019271 0.028585
0 0.226432 0.211053 0.016927 0.034302
0 0.190625 0.557170 0.020313 0.037637
0 0.305339 0.741305 0.019010 0.035255
0 0.305729 0.777990 0.019792 0.041925
0 0.229167 0.454979 0.017708 0.028585
0 0.210156 0.921391 0.017708 0.034302
0 0.676953 0.489042 0.020052 0.033826
0 0.694531 0.745593 0.021354 0.038113
0 0.210677 0.420915 0.020313 0.034778
0 0.071094 0.139590 0.022917 0.039066
0 0.595703 0.352072 0.021615 0.033349
0 0.480078 0.701525 0.016927 0.035731
0 0.209375 0.811577 0.017708 0.030014
0 0.634766 0.779657 0.016927 0.030967
0 0.403906 0.779419 0.024479 0.041925
0 0.304427 0.384231 0.020313 0.035731
0 0.694792 0.491424 0.018229 0.033826
0 0.116406 0.592901 0.022396 0.045260
0 0.072526 0.250119 0.019010 0.036208
0 0.344401 0.813483 0.019010 0.036684
0 0.147135 0.141734 0.017708 0.037637
0 0.114193 0.390900 0.020573 0.035731
0 0.229036 0.919962 0.020573 0.033349
0 0.304427 0.485946 0.021354 0.033349
0 0.093229 0.426394 0.020833 0.036208
0 0.926432 0.181515 0.021094 0.044783
0 0.402995 0.355884 0.017969 0.034302
0 0.304557 0.418771 0.019010 0.032396
0 0.479818 0.248452 0.017969 0.037637
0 0.322526 0.419724 0.019531 0.036208
0 0.049479 0.253692 0.023438 0.033826
0 0.189453 0.488328 0.017969 0.037161
0 0.440234 0.174607 0.021615 0.037637
0 0.383594 0.742020 0.020313 0.040495
0 0.303516 0.283468 0.021615 0.032396
0 0.345833 0.739638 0.018750 0.036684
0 0.151432 0.392330 0.022656 0.034778
0 0.402344 0.171510 0.022396 0.038113
0 0.594661 0.778942 0.019531 0.038113
0 0.850651 0.892091 0.021615 0.039543
0 0.713802 0.709624 0.020833 0.038590
0 0.208464 0.667937 0.017969 0.035255
0 0.380078 0.208433 0.019531 0.035731
0 0.323568 0.454740 0.019531 0.038590
0 0.114062 0.425202 0.020833 0.034778
0 0.112370 0.321105 0.021094 0.041925
0 0.381771 0.322058 0.019271 0.034302
0 0.150911 0.358028 0.020052 0.035731
0 0.478255 0.384231 0.021615 0.034778
0 0.107422 0.106717 0.019010 0.035255
0 0.555469 0.209624 0.018750 0.038113
0 0.498568 0.742020 0.020573 0.042401
0 0.325781 0.815626 0.019792 0.038113
0 0.266927 0.848499 0.019271 0.035255
0 0.266536 0.137685 0.020573 0.036208
0 0.942448 0.818723 0.023438 0.035731
0 0.754427 0.891853 0.023438 0.040972
0 0.481510 0.741067 0.018750 0.047165
0 0.093750 0.711053 0.020313 0.037637
0 0.094010 0.594569 0.022396 0.039066
0 0.341276 0.280133 0.019531 0.031444
0 0.867969 0.219390 0.021354 0.041448
0 0.092318 0.557646 0.021615 0.035731
0 0.632943 0.386136 0.018490 0.034778
0 0.050391 0.358980 0.022135 0.043354
0 0.342187 0.351120 0.019792 0.030491
0 0.694141 0.888518 0.018490 0.033349
0 0.751432 0.389471 0.019531 0.035731
0 0.171354 0.705812 0.015625 0.035731
0 0.382161 0.284898 0.020573 0.044783
0 0.364323 0.954026 0.021354 0.040495
0 0.694922 0.319676 0.017969 0.032396
0 0.169922 0.358742 0.019010 0.036208
0 0.302474 0.248213 0.023698 0.040972
0 0.498177 0.283468 0.018229 0.029538
0 0.304036 0.319200 0.020573 0.038113
0 0.090755 0.248690 0.019010 0.038113
0 0.265755 0.208909 0.019010 0.031920
0 0.694792 0.851358 0.016146 0.031444
0 0.461198 0.285612 0.017708 0.037637
0 0.361068 0.136970 0.022135 0.041448
0 0.595703 0.709862 0.019531 0.042878
0 0.675651 0.852311 0.017448 0.032396
0 0.633594 0.816818 0.018750 0.043354
0 0.344661 0.919009 0.020052 0.038113
0 0.267188 0.315626 0.017708 0.035731
0 0.615495 0.521915 0.020052 0.040495
0 0.170443 0.633159 0.016406 0.040019
0 0.656120 0.925917 0.023177 0.037637
0 0.401953 0.136732 0.023698 0.037161
0 0.595703 0.594807 0.017969 0.041448
0 0.576562 0.457599 0.023438 0.041448
0 0.321615 0.209147 0.019792 0.040019
0 0.694661 0.525965 0.019010 0.039066
0 0.595833 0.521915 0.018750 0.036684
0 0.402865 0.669366 0.019792 0.037161
0 0.172005 0.457122 0.019531 0.033826
0 0.171875 0.742735 0.017188 0.032396
0 0.479427 0.139352 0.015104 0.038590
0 0.383594 0.487137 0.019792 0.030967
0 0.443229 0.742973 0.021875 0.036684
0 0.247917 0.520248 0.019792 0.035255
0 0.515495 0.101715 0.022135 0.037637
0 0.170964 0.424250 0.017448 0.037637
0 0.171354 0.519533 0.018750 0.032873
0 0.830469 0.394950 0.020833 0.036208
0 0.287240 0.776322 0.018229 0.033826
0 0.596875 0.419247 0.015625 0.029538
0 0.283854 0.282515 0.017708 0.036208
0 0.071615 0.178418 0.020833 0.041448
0 0.364323 0.777751 0.020313 0.040495
0 0.362240 0.319914 0.018229 0.031920
0 0.364714 0.850405 0.018490 0.037161
0 0.402344 0.319914 0.022396 0.040495
0 0.593880 0.137685 0.017448 0.036208
0 0.171094 0.592901 0.015625 0.032873
0 0.051172 0.495712 0.023177 0.039543
0 0.094271 0.748213 0.022396 0.039543
0 0.946354 0.565507 0.022917 0.040019
0 0.695833 0.562649 0.022396 0.039066
0 0.049740 0.321820 0.023958 0.033826
0 0.172005 0.488804 0.017448 0.031444
0 0.110807 0.248452 0.017448 0.033826
0 0.479427 0.174845 0.016667 0.036208
0 0.926172 0.393283 0.019531 0.031920
0 0.381120 0.174845 0.019531 0.034302
0 0.361979 0.208433 0.018750 0.038590
0 0.596224 0.453311 0.019010 0.039543
0 0.405599 0.919247 0.021094 0.032873
0 0.479818 0.210815 0.017969 0.038590
0 0.112240 0.284183 0.018750 0.033826
0 0.514974 0.064555 0.021615 0.035731
0 0.479557 0.285850 0.019010 0.039066
0 0.113542 0.357789 0.019792 0.032396
0 0.225651 0.135303 0.019010 0.040019
0 0.575000 0.137923 0.019792 0.036684
0 0.211328 0.953549 0.016406 0.031920
0 0.326823 0.737970 0.018229 0.032396
0 0.615104 0.815865 0.019271 0.038590
0 0.478906 0.319914 0.019271 0.029061
0 0.499740 0.487137 0.018750 0.028109
0 0.093229 0.636017 0.019792 0.039066
0 0.615234 0.851596 0.017969 0.039543
0 0.402604 0.099571 0.022396 0.040019
0 0.536589 0.138161 0.020573 0.037161
0 0.612240 0.353263 0.018750 0.035731
0 0.092448 0.672701 0.019792 0.034302
0 0.518750 0.919962 0.020313 0.038113
0 0.575130 0.519533 0.025781 0.042401
0 0.576302 0.387089 0.021354 0.043354
0 0.556120 0.173892 0.017969 0.032396
0 0.093620 0.523583 0.017448 0.036208
0 0.944661 0.781563 0.022135 0.038590
0 0.404948 0.705336 0.017708 0.037637
0 0.889062 0.638399 0.019271 0.029538
0 0.517969 0.420200 0.019271 0.025727
0 0.829557 0.176989 0.017448 0.041448
0 0.115495 0.673654 0.021094 0.038113
0 0.517578 0.319676 0.020573 0.022868
0 0.324349 0.490233 0.017969 0.036208
0 0.422526 0.212482 0.021615 0.041925
0 0.655469 0.489757 0.018750 0.029538
0 0.614714 0.421868 0.019010 0.037637
0 0.577604 0.351834 0.017708 0.030014
0 0.172396 0.556455 0.019792 0.038113
0 0.441406 0.208433 0.019271 0.038590
0 0.072266 0.395903 0.020573 0.038113
0 0.481380 0.779657 0.014323 0.033826
0 0.632422 0.353502 0.021094 0.035255
0 0.344531 0.954264 0.020313 0.037161
0 0.166797 0.140781 0.017969 0.038590
0 0.849870 0.672701 0.019531 0.033349
0 0.384115 0.668652 0.019271 0.033826
0 0.403646 0.847308 0.023438 0.042401
0 0.539974 0.282515 0.020573 0.030491
0 0.072656 0.428537 0.021354 0.034778
0 0.322786 0.355646 0.018490 0.034778
0 0.245964 0.281324 0.019531 0.033826
0 0.284375 0.318723 0.018229 0.033349
0 0.115755 0.488804 0.022135 0.035255
0 0.116016 0.552406 0.021615 0.034778
0 0.421745 0.099333 0.019531 0.040495
0 0.944661 0.679848 0.020052 0.035255
0 0.404687 0.742496 0.020833 0.039543
0 0.116536 0.925441 0.018490 0.030014
0 0.731120 0.424011 0.016406 0.037161
0 0.713932 0.889233 0.021615 0.037637
0 0.628776 0.924726 0.026823 0.040972
0 0.595573 0.745355 0.018229 0.031920
0 0.616797 0.924250 0.021094 0.042878
0 0.227214 0.282992 0.017969 0.038113
0 0.325781 0.777990 0.021354 0.038113
0 0.616016 0.675083 0.019531 0.037161
0 0.497656 0.922820 0.022917 0.040972
0 0.626042 0.888280 0.030729 0.044307
0 0.947266 0.643402 0.026302 0.037637
0 0.948047 0.181515 0.022135 0.044783
0 0.362109 0.351358 0.017969 0.036684
0 0.283333 0.173178 0.017708 0.037637
0 0.614453 0.457122 0.019010 0.037637
0 0.597005 0.489757 0.017448 0.029538
0 0.075260 0.493807 0.022396 0.033826
0 0.089974 0.140305 0.014844 0.033826
0 0.946354 0.714864 0.024479 0.044307
0 0.385677 0.951644 0.020833 0.033826
0 0.830990 0.141734 0.015104 0.030967
0 0.754818 0.927823 0.022656 0.038590
0 0.287240 0.956646 0.018229 0.037161
0 0.129036 0.213197 0.020052 0.035731
0 0.753906 0.802049 0.019792 0.018580
0 0.404818 0.883992 0.020573 0.038590
0 0.849479 0.957122 0.020833 0.034302
0 0.970052 0.326108 0.022396 0.039543
0 0.714844 0.674131 0.022917 0.034302
0 0.634375 0.852311 0.018229 0.031444
0 0.421745 0.135541 0.014844 0.030967
0 0.614714 0.560029 0.017969 0.036684
0 0.323047 0.282754 0.017448 0.035731
0 0.384115 0.850405 0.021875 0.041925
0 0.498698 0.957122 0.022917 0.032396
0 0.422005 0.172701 0.015885 0.036684
0 0.171224 0.390900 0.019010 0.034778
0 0.165104 0.177704 0.021875 0.037161
0 0.381380 0.136494 0.017969 0.039543
0 0.343620 0.207480 0.020573 0.034778
0 0.323958 0.630062 0.018229 0.037637
0 0.945703 0.604812 0.020052 0.041448
0 0.306120 0.956408 0.018490 0.034778
0 0.945964 0.887804 0.020052 0.031920
0 0.148698 0.177704 0.018750 0.031444
0 0.115365 0.519771 0.020833 0.035255
0 0.095964 0.781324 0.022656 0.034302
0 0.345313 0.776798 0.017188 0.038590
0 0.556120 0.138637 0.019531 0.040019
0 0.636328 0.453788 0.018490 0.038590
0 0.110026 0.215102 0.019010 0.034778
0 0.675781 0.891853 0.019792 0.044783
0 0.828646 0.890424 0.022396 0.039066
0 0.404167 0.420677 0.019271 0.038113
0 0.107943 0.068604 0.023177 0.040972
0 0.518880 0.846117 0.021615 0.037161
0 0.049089 0.107909 0.022135 0.034778
0 0.481641 0.816341 0.017969 0.043354
0 0.322135 0.246308 0.018229 0.039066
0 0.361198 0.173178 0.019271 0.034778
0 0.441797 0.059790 0.021094 0.036684
0 0.366667 0.886136 0.020833 0.031444
0 0.366536 0.917580 0.020052 0.038113
0 0.384375 0.916865 0.019792 0.037637
0 0.322656 0.318485 0.017708 0.039543
0 0.734115 0.889471 0.018229 0.034302
0 0.519010 0.881610 0.021875 0.043354
0 0.132943 0.358742 0.020052 0.039066
0 0.341536 0.135541 0.019531 0.030014
0 0.712500 0.565984 0.020313 0.039066
0 0.073828 0.215102 0.020573 0.034778
0 0.615755 0.490710 0.017448 0.030491
0 0.267578 0.579562 0.017448 0.018580
0 0.382161 0.883516 0.027344 0.035731
0 0.577604 0.423535 0.021354 0.034302
0 0.048568 0.395903 0.016927 0.034302
0 0.384635 0.780848 0.018750 0.035255
0 0.947135 0.219628 0.019792 0.038113
0 0.401953 0.806098 0.024740 0.025727
0 0.054557 0.603859 0.023177 0.039543
0 0.107422 0.180562 0.017969 0.034302
0 0.051953 0.564793 0.018490 0.036684
0 0.536719 0.101239 0.019792 0.036684
0 0.171354 0.682944 0.017708 0.019533
0 0.115625 0.456646 0.020313 0.030014
0 0.518620 0.954740 0.018490 0.031444
0 0.577604 0.489042 0.020833 0.030967
0 0.191276 0.872558 0.018490 0.028109
0 0.302995 0.173892 0.022656 0.031444
0 0.694010 0.441877 0.018229 0.022392
0 0.641927 0.923297 0.019792 0.036208
0 0.632552 0.419724 0.014583 0.034302
0 0.575651 0.577418 0.020573 0.032396
0 0.090885 0.214864 0.018229 0.034302
0 0.093099 0.458313 0.019010 0.028585
0 0.594401 0.632682 0.015885 0.037161
0 0.966797 0.293949 0.017448 0.028585
0 0.623307 0.826346 0.025781 0.030014
0 0.849219 0.800619 0.019792 0.030967
0 0.404167 0.574083 0.022917 0.018104
0 0.342187 0.173416 0.020313 0.036208
0 0.324740 0.935684 0.020313 0.020962
0 0.100391 0.733921 0.030990 0.030014
0 0.595833 0.671272 0.016146 0.034302
0 0.323958 0.578132 0.016667 0.017627
0 0.401432 0.282277 0.019531 0.030967
0 0.048438 0.067651 0.021875 0.040019
0 0.050000 0.429252 0.018750 0.030491
0 0.050391 0.459981 0.020573 0.032873
0 0.051042 0.530014 0.021875 0.027156
0 0.072396 0.530253 0.016667 0.034302
0 0.968229 0.109814 0.025521 0.036684
0 0.966797 0.145784 0.025260 0.035255
0 0.968490 0.180562 0.019271 0.034302
0 0.967187 0.214864 0.016667 0.031444
0 0.968880 0.240591 0.014844 0.026679
0 0.969531 0.264412 0.014583 0.025727
0 0.967839 0.360886 0.019531 0.035731
0 0.947526 0.923297 0.025260 0.039066
0 0.949479 0.955217 0.018750 0.021915
0 0.673698 0.925202 0.016146 0.030491
0 0.634766 0.954502 0.017969 0.023344
0 0.653646 0.954740 0.018750 0.020962
0 0.674089 0.954740 0.019531 0.025727
0 0.694401 0.922106 0.017448 0.031920
0 0.694401 0.954026 0.015885 0.027156
0 0.714453 0.924011 0.020052 0.037637
0 0.714714 0.954740 0.017969 0.025727
0 0.733854 0.924011 0.021354 0.037637
0 0.734766 0.954502 0.017969 0.023344
0 0.754948 0.955693 0.016667 0.025727
0 0.320833 0.135064 0.018229 0.032873
0 0.302995 0.136255 0.017448 0.030491
0 0.285807 0.134826 0.017448 0.030491
