0 0.876192 0.075234 0.206496 0.124783
0 0.882598 0.207046 0.208582 0.138841
0 0.883641 0.356213 0.232718 0.142138
0 0.885429 0.492798 0.229142 0.126866
0 0.891091 0.629556 0.217819 0.142138
0 0.877980 0.766140 0.244041 0.142138
0 0.881853 0.903940 0.217819 0.122700
0 0.626639 0.077404 0.251490 0.129122
0 0.614571 0.221624 0.230930 0.139882
0 0.625596 0.357775 0.245828 0.141097
0 0.618296 0.488459 0.241955 0.124783
0 0.631257 0.636064 0.234505 0.137799
0 0.616508 0.779764 0.208582 0.138841
0 0.622914 0.933270 0.225566 0.133461
0 0.368743 0.072544 0.201132 0.110725
0 0.404946 0.206526 0.225268 0.113849
0 0.376341 0.351267 0.193683 0.136758
0 0.390197 0.498872 0.199344 0.125824
0 0.388260 0.647431 0.228844 0.125824
0 0.387366 0.766227 0.205006 0.105172
0 0.405095 0.920774 0.244041 0.123742
0 0.126788 0.078532 0.201132 0.144221
0 0.118296 0.217286 0.225268 0.120444
0 0.125596 0.351180 0.236293 0.123742
0 0.126639 0.496095 0.212157 0.131378
0 0.129321 0.628428 0.221692 0.137799
0 0.130215 0.778115 0.208582 0.142138
0 0.128576 0.920774 0.201132 0.136585
