0 0.865625 0.059061 0.077083 0.063107
0 0.870833 0.121359 0.087500 0.061489
0 0.869792 0.188511 0.077083 0.046926
0 0.880208 0.246764 0.072917 0.066343
0 0.876042 0.308252 0.077083 0.043689
0 0.883333 0.373786 0.070833 0.064725
0 0.880208 0.437702 0.085417 0.053398
0 0.885417 0.496764 0.062500 0.042071
0 0.895833 0.563107 0.070833 0.067961
0 0.894792 0.628641 0.060417 0.056634
0 0.897917 0.696602 0.083333 0.066343
0 0.906250 0.761327 0.075000 0.069579
0 0.909375 0.822816 0.072917 0.056634
0 0.906250 0.877832 0.075000 0.053398
0 0.775000 0.058252 0.091667 0.051780
0 0.775000 0.118123 0.075000 0.055016
0 0.780208 0.187702 0.077083 0.074434
0 0.787500 0.255663 0.091667 0.058252
0 0.788542 0.313107 0.085417 0.046926
0 0.795833 0.368932 0.091667 0.051780
0 0.798958 0.439320 0.085417 0.072816
0 0.805208 0.508091 0.089583 0.058252
0 0.807292 0.567961 0.089583 0.051780
0 0.817708 0.631068 0.102083 0.067961
0 0.812500 0.677184 0.087500 0.017799
0 0.815625 0.711165 0.081250 0.050162
0 0.826042 0.771845 0.089583 0.055016
0 0.831250 0.826861 0.083333 0.055016
0 0.830208 0.879450 0.089583 0.046926
0 0.685417 0.056634 0.083333 0.042071
0 0.687500 0.122977 0.079167 0.051780
0 0.695833 0.188511 0.079167 0.063107
0 0.707292 0.258900 0.089583 0.055016
0 0.704167 0.313916 0.087500 0.055016
0 0.707292 0.367314 0.081250 0.058252
0 0.712500 0.433657 0.079167 0.067961
0 0.715625 0.502427 0.072917 0.066343
0 0.725000 0.566343 0.083333 0.061489
0 0.725000 0.631068 0.079167 0.064725
0 0.736458 0.697411 0.085417 0.064725
0 0.738542 0.755663 0.085417 0.051780
0 0.745833 0.815534 0.075000 0.051780
0 0.744792 0.871359 0.081250 0.063107
0 0.611458 0.071197 0.072917 0.055016
0 0.615625 0.124595 0.081250 0.045307
0 0.615625 0.191748 0.081250 0.063107
0 0.619792 0.251618 0.081250 0.037217
0 0.620833 0.314725 0.079167 0.063107
0 0.628125 0.377023 0.077083 0.058252
0 0.633333 0.439320 0.083333 0.063107
0 0.645833 0.567961 0.070833 0.061489
0 0.648958 0.632686 0.072917 0.061489
0 0.657292 0.692557 0.077083 0.058252
0 0.661458 0.756472 0.077083 0.066343
0 0.667708 0.818770 0.081250 0.058252
0 0.669792 0.873786 0.068750 0.058252
0 0.528125 0.061489 0.081250 0.045307
0 0.533333 0.124595 0.079167 0.058252
0 0.537500 0.194175 0.079167 0.067961
0 0.542708 0.259709 0.081250 0.059871
0 0.545833 0.319579 0.070833 0.059871
0 0.551042 0.377023 0.089583 0.058252
0 0.556250 0.440939 0.079167 0.059871
0 0.567708 0.503236 0.085417 0.064725
0 0.575000 0.562298 0.079167 0.053398
0 0.578125 0.630259 0.081250 0.059871
0 0.580208 0.693366 0.093750 0.072816
0 0.585417 0.759709 0.091667 0.059871
0 0.590625 0.824434 0.077083 0.063107
0 0.594792 0.881068 0.077083 0.050162
0 0.451042 0.068770 0.077083 0.053398
0 0.452083 0.129450 0.091667 0.064725
0 0.456250 0.195793 0.087500 0.061489
0 0.465625 0.250809 0.077083 0.055016
0 0.466667 0.317152 0.083333 0.061489
0 0.468750 0.375405 0.083333 0.051780
0 0.478125 0.444175 0.085417 0.066343
0 0.485417 0.509709 0.091667 0.064725
0 0.488542 0.571197 0.072917 0.055016
0 0.490625 0.631877 0.085417 0.066343
0 0.495833 0.696602 0.075000 0.063107
0 0.497917 0.762945 0.087500 0.066343
0 0.510417 0.822006 0.079167 0.048544
0 0.517708 0.881068 0.077083 0.066343
0 0.369792 0.072816 0.089583 0.064725
0 0.370833 0.132686 0.075000 0.055016
0 0.375000 0.189320 0.070833 0.051780
0 0.381250 0.258900 0.075000 0.064725
0 0.385417 0.320388 0.087500 0.058252
0 0.388542 0.382686 0.089583 0.063107
0 0.391667 0.443366 0.079167 0.061489
0 0.402083 0.508900 0.087500 0.063107
0 0.406250 0.572816 0.083333 0.064725
0 0.412500 0.634304 0.087500 0.061489
0 0.417708 0.696602 0.081250 0.063107
0 0.421875 0.762136 0.085417 0.064725
0 0.429167 0.825243 0.083333 0.055016
0 0.438542 0.884304 0.093750 0.066343
0 0.294792 0.072816 0.064583 0.058252
0 0.301042 0.135113 0.077083 0.059871
0 0.302083 0.194175 0.079167 0.058252
0 0.306250 0.256472 0.075000 0.066343
0 0.307292 0.316343 0.077083 0.053398
0 0.311458 0.381877 0.068750 0.038835
0 0.316667 0.448220 0.079167 0.061489
0 0.327083 0.503236 0.070833 0.051780
0 0.325000 0.570388 0.083333 0.063107
0 0.330208 0.634304 0.072917 0.058252
0 0.335417 0.693366 0.075000 0.059871
0 0.342708 0.757282 0.081250 0.064725
0 0.346875 0.820388 0.089583 0.061489
0 0.353125 0.884304 0.081250 0.066343
0 0.207292 0.070388 0.085417 0.056634
0 0.207292 0.132686 0.085417 0.064725
0 0.215625 0.197411 0.077083 0.064725
0 0.226042 0.262136 0.085417 0.067961
0 0.227083 0.316343 0.083333 0.046926
0 0.237500 0.382686 0.087500 0.056634
0 0.237500 0.444175 0.091667 0.066343
0 0.242708 0.509709 0.081250 0.064725
0 0.244792 0.567961 0.085417 0.051780
0 0.247917 0.637540 0.083333 0.064725
0 0.262500 0.702265 0.075000 0.055016
0 0.261458 0.759709 0.072917 0.059871
0 0.267708 0.822006 0.085417 0.064725
0 0.273958 0.885922 0.081250 0.063107
0 0.128125 0.067961 0.072917 0.055016
0 0.130208 0.135113 0.072917 0.066343
0 0.141667 0.197411 0.079167 0.058252
0 0.146875 0.261327 0.081250 0.063107
0 0.150000 0.316343 0.083333 0.046926
0 0.154167 0.377023 0.075000 0.058252
0 0.157292 0.447411 0.081250 0.056634
0 0.164583 0.513754 0.075000 0.066343
0 0.165625 0.573625 0.072917 0.046926
0 0.173958 0.635113 0.077083 0.066343
0 0.177083 0.698220 0.075000 0.063107
0 0.185417 0.762136 0.083333 0.061489
0 0.185417 0.824434 0.083333 0.056634
