0 0.803054 0.113715 0.081292 0.088761
0 0.804712 0.407710 0.082622 0.106734
0 0.718523 0.119986 0.066894 0.101386
0 0.452469 0.596780 0.080180 0.105282
0 0.806038 0.636094 0.084748 0.104853
0 0.637449 0.199201 0.070549 0.086966
0 0.806626 0.520280 0.085040 0.103852
0 0.212728 0.274957 0.080605 0.094053
0 0.113816 0.362184 0.088219 0.125481
0 0.209869 0.376085 0.075369 0.092676
0 0.551756 0.323576 0.079968 0.092107
0 0.117831 0.747254 0.100545 0.118959
0 0.549991 0.111736 0.080380 0.086220
0 0.112940 0.227483 0.087130 0.136519
0 0.373036 0.460300 0.072455 0.084582
0 0.804958 0.750208 0.081911 0.105999
0 0.896731 0.116066 0.067152 0.099228
0 0.372568 0.278204 0.074239 0.090340
0 0.207305 0.487629 0.071820 0.105939
0 0.211032 0.141934 0.088414 0.143591
0 0.454522 0.474487 0.080274 0.090784
0 0.896406 0.247447 0.072714 0.094492
0 0.634829 0.105933 0.070874 0.078485
0 0.637435 0.296609 0.069318 0.080464
0 0.637779 0.398358 0.070478 0.106202
0 0.897589 0.350046 0.072697 0.101759
0 0.806330 0.206007 0.081928 0.074670
0 0.550695 0.621202 0.076270 0.084258
0 0.551248 0.217212 0.076983 0.092783
0 0.550730 0.429047 0.078109 0.094772
0 0.112041 0.635977 0.079436 0.082922
0 0.549678 0.525621 0.067837 0.084179
0 0.804835 0.296693 0.073855 0.085516
0 0.372908 0.366263 0.064292 0.077173
0 0.453951 0.711482 0.074132 0.083905
0 0.112335 0.115443 0.087340 0.090661
0 0.548676 0.709814 0.073827 0.070568
0 0.895106 0.541328 0.075937 0.090807
0 0.372711 0.172729 0.067183 0.084215
0 0.719599 0.357482 0.077982 0.077736
0 0.720982 0.275917 0.071803 0.083709
0 0.637825 0.508691 0.086491 0.101520
0 0.451862 0.357348 0.070583 0.088650
0 0.893760 0.447776 0.072271 0.087539
0 0.550227 0.815311 0.085235 0.125447
0 0.115339 0.474443 0.085060 0.088248
0 0.455718 0.171324 0.069744 0.078929
0 0.452998 0.256630 0.071137 0.065479
0 0.294034 0.518789 0.065714 0.090632
0 0.375544 0.566736 0.069751 0.095839
0 0.719268 0.201155 0.055451 0.060803
0 0.638618 0.602778 0.076521 0.077576
0 0.304000 0.815249 0.102663 0.168368
0 0.132042 0.915896 0.060313 0.070032
0 0.373194 0.092321 0.068984 0.054023
0 0.452320 0.813805 0.078352 0.071451
0 0.129142 0.845223 0.065928 0.065649
0 0.115215 0.549400 0.075329 0.058416
0 0.454809 0.092555 0.074573 0.043331
0 0.299163 0.649370 0.100314 0.161337
0 0.803439 0.916995 0.080254 0.069673
0 0.448642 0.901311 0.080546 0.087755
0 0.803139 0.839974 0.081257 0.063086
0 0.548861 0.921768 0.072811 0.061453
