0 0.844660 0.094561 0.261389 0.124280
0 0.853249 0.266571 0.274085 0.141931
0 0.858476 0.437320 0.263630 0.141931
0 0.858476 0.602666 0.263630 0.141931
0 0.874160 0.773775 0.245706 0.134726
0 0.877521 0.945425 0.243465 0.106988
0 0.506348 0.086095 0.313667 0.141210
0 0.528379 0.250720 0.305452 0.141931
0 0.521658 0.415346 0.287528 0.144813
0 0.535848 0.594561 0.315907 0.145173
0 0.545930 0.774676 0.313667 0.138689
0 0.539208 0.928494 0.327110 0.143012
0 0.171023 0.081772 0.303211 0.123919
0 0.195295 0.249099 0.315907 0.145173
0 0.184466 0.417687 0.312173 0.138689
0 0.187827 0.592579 0.323376 0.134726
0 0.185586 0.744056 0.300971 0.122118
0 0.186706 0.916246 0.303211 0.127161
