0 0.456129 0.232737 0.025042 0.023256
0 0.746752 0.145349 0.022595 0.024508
0 0.457635 0.078265 0.023913 0.024508
0 0.403785 0.190340 0.026549 0.021109
0 0.637921 0.233095 0.029750 0.023256
0 0.376859 0.190250 0.023536 0.023435
0 0.845227 0.607603 0.027114 0.024508
0 0.405197 0.076118 0.021841 0.024508
0 0.768876 0.587657 0.025042 0.026118
0 0.264639 0.652683 0.023536 0.024508
0 0.767652 0.376297 0.024854 0.022004
0 0.530409 0.558855 0.025231 0.021825
0 0.320938 0.191592 0.026549 0.027191
0 0.429580 0.101968 0.023913 0.023971
0 0.430522 0.077818 0.024666 0.022540
0 0.530220 0.581753 0.025607 0.025403
0 0.453022 0.486225 0.026360 0.027549
0 0.722557 0.054293 0.022783 0.020930
0 0.405008 0.099553 0.022971 0.024508
0 0.375071 0.713953 0.026737 0.026476
0 0.664564 0.540072 0.022783 0.026476
0 0.266805 0.464758 0.023724 0.026834
0 0.292694 0.301789 0.025419 0.025045
0 0.265581 0.376476 0.025419 0.025581
0 0.534928 0.123435 0.024101 0.026118
0 0.374976 0.741145 0.026172 0.026118
0 0.321126 0.081127 0.025796 0.022361
0 0.610619 0.182290 0.024854 0.024329
0 0.431086 0.054741 0.026172 0.023971
0 0.267558 0.488551 0.025607 0.020036
0 0.403220 0.235689 0.026172 0.023077
0 0.690454 0.144275 0.022595 0.025581
0 0.319996 0.282290 0.022406 0.027191
0 0.665129 0.123971 0.026549 0.025045
0 0.346545 0.690250 0.025796 0.022004
0 0.508850 0.235957 0.024289 0.025045
0 0.799755 0.101431 0.026925 0.022540
0 0.718979 0.301073 0.028432 0.023256
0 0.425155 0.652326 0.025607 0.022719
0 0.190736 0.327639 0.021841 0.022719
0 0.791471 0.464937 0.024666 0.024329
0 0.429957 0.189088 0.025419 0.024329
0 0.769629 0.167621 0.025796 0.023256
0 0.482583 0.033810 0.024101 0.022540
0 0.399266 0.463238 0.024289 0.021288
0 0.345698 0.558050 0.025231 0.021288
0 0.791941 0.738998 0.027490 0.022540
0 0.743551 0.402504 0.021841 0.027191
0 0.745622 0.301163 0.021465 0.023792
0 0.798531 0.147048 0.026737 0.021825
0 0.748070 0.055456 0.021841 0.024329
0 0.636415 0.304472 0.024101 0.024329
0 0.500941 0.560823 0.028055 0.024687
0 0.347769 0.625403 0.025231 0.023971
0 0.527867 0.693113 0.025042 0.022004
0 0.636980 0.209034 0.024477 0.023435
0 0.744775 0.327639 0.024289 0.026297
0 0.769629 0.191055 0.023913 0.025045
0 0.429768 0.126655 0.022783 0.025045
0 0.319337 0.372361 0.022595 0.021288
0 0.665506 0.211986 0.026172 0.020036
0 0.190171 0.399821 0.022218 0.024687
0 0.874035 0.715921 0.026737 0.023614
0 0.557710 0.623971 0.027867 0.024687
0 0.528526 0.605367 0.023724 0.022182
0 0.242045 0.189177 0.022783 0.024150
0 0.610714 0.328265 0.023536 0.025403
0 0.663811 0.374329 0.026172 0.024150
0 0.692713 0.101252 0.022971 0.022540
0 0.346827 0.713596 0.027867 0.024687
0 0.691395 0.170483 0.028620 0.025045
0 0.819714 0.695259 0.026172 0.023435
0 0.403126 0.303757 0.025607 0.024687
0 0.293165 0.420662 0.024101 0.022719
0 0.746752 0.122540 0.023348 0.022898
0 0.767746 0.417889 0.026172 0.021825
0 0.529373 0.670662 0.027678 0.023614
0 0.664470 0.279606 0.024101 0.022182
0 0.483148 0.119499 0.021465 0.022182
0 0.319055 0.144275 0.022406 0.020572
0 0.351064 0.078533 0.027302 0.021467
0 0.482489 0.211628 0.023913 0.024687
0 0.765957 0.465564 0.022218 0.022719
0 0.720862 0.099195 0.024666 0.021288
0 0.846545 0.654472 0.025607 0.022361
0 0.818113 0.814490 0.024477 0.022898
0 0.458388 0.033274 0.023159 0.021825
0 0.584542 0.165027 0.026172 0.020215
0 0.741198 0.614758 0.024289 0.027013
0 0.530220 0.536583 0.024477 0.022004
0 0.691395 0.585510 0.026360 0.025760
0 0.741386 0.589177 0.024666 0.022719
0 0.507343 0.033542 0.023159 0.024866
0 0.720109 0.167174 0.026172 0.019499
0 0.876106 0.395528 0.027490 0.029696
0 0.819243 0.671735 0.026737 0.021825
0 0.795048 0.304293 0.024289 0.023971
0 0.528902 0.301878 0.024477 0.022361
0 0.167388 0.305456 0.024854 0.026297
0 0.458106 0.121020 0.022595 0.020215
0 0.873282 0.628891 0.027490 0.023435
0 0.427791 0.281216 0.022218 0.025045
0 0.405667 0.033900 0.022030 0.024866
0 0.557805 0.440877 0.026925 0.023077
0 0.720580 0.143739 0.025231 0.025581
0 0.292789 0.443202 0.022595 0.022719
0 0.584730 0.233810 0.021277 0.026476
0 0.431181 0.211181 0.024854 0.018426
0 0.746940 0.077460 0.021088 0.022182
0 0.768311 0.612165 0.023159 0.023256
0 0.528714 0.437925 0.026360 0.020394
0 0.792789 0.417442 0.022783 0.023077
0 0.503013 0.350984 0.023536 0.022540
0 0.741574 0.562165 0.023536 0.023792
0 0.904632 0.372451 0.025419 0.026834
0 0.529561 0.627281 0.024666 0.023792
0 0.216908 0.217710 0.026360 0.023614
0 0.690924 0.367531 0.020900 0.021646
0 0.824798 0.233721 0.025796 0.022719
0 0.745811 0.186673 0.021841 0.019857
0 0.794012 0.606798 0.025607 0.020394
0 0.499153 0.739893 0.024101 0.021467
0 0.509320 0.189177 0.022595 0.022361
0 0.451327 0.395886 0.024854 0.024687
0 0.825080 0.084168 0.024854 0.026297
0 0.241480 0.488193 0.024289 0.022540
0 0.347204 0.279875 0.025231 0.025581
0 0.379213 0.169052 0.024477 0.017889
0 0.556675 0.348390 0.024666 0.022719
0 0.527961 0.717352 0.022971 0.025403
0 0.346733 0.739267 0.025042 0.025581
0 0.824892 0.057782 0.024477 0.023971
0 0.637545 0.485510 0.022595 0.026118
0 0.215684 0.464490 0.024289 0.023077
0 0.609113 0.421020 0.023724 0.024508
0 0.845039 0.582916 0.025231 0.024508
0 0.608266 0.580590 0.026172 0.023792
0 0.559499 0.188551 0.024289 0.024329
0 0.431086 0.032200 0.025796 0.023614
0 0.771889 0.100537 0.023159 0.025403
0 0.474958 0.609392 0.020900 0.023077
0 0.717850 0.328354 0.026549 0.029875
0 0.527584 0.740340 0.026737 0.022361
0 0.451986 0.631843 0.023536 0.025045
0 0.293636 0.397496 0.025419 0.021825
0 0.452269 0.462522 0.024477 0.020930
0 0.847204 0.696869 0.025419 0.022361
0 0.691866 0.194097 0.027302 0.022182
0 0.345321 0.438730 0.022218 0.023077
0 0.535775 0.054651 0.025042 0.024866
0 0.797213 0.124866 0.022971 0.025045
0 0.792883 0.560823 0.024854 0.024687
0 0.429674 0.234884 0.022218 0.024687
0 0.664282 0.351163 0.028243 0.019678
0 0.876294 0.489088 0.024854 0.022540
0 0.458482 0.100805 0.024854 0.019857
0 0.402090 0.537657 0.025042 0.023792
0 0.693090 0.653936 0.025984 0.022361
0 0.851723 0.100716 0.024289 0.021467
0 0.378836 0.147585 0.023348 0.023614
0 0.290812 0.605009 0.023536 0.026118
0 0.317925 0.487657 0.025796 0.025403
0 0.584636 0.539982 0.024101 0.027370
0 0.239785 0.581395 0.022406 0.026476
0 0.373564 0.347406 0.023348 0.023971
0 0.451422 0.559928 0.022783 0.023971
0 0.556392 0.301163 0.021841 0.024150
0 0.716626 0.354293 0.027490 0.024150
0 0.765957 0.699553 0.023348 0.023077
0 0.768405 0.353399 0.024854 0.024150
0 0.319808 0.327281 0.023159 0.024150
0 0.844568 0.630948 0.023913 0.023614
0 0.848710 0.487209 0.023913 0.023792
0 0.402467 0.692397 0.023159 0.022719
0 0.484372 0.077639 0.022783 0.019678
0 0.374129 0.557961 0.022218 0.020036
0 0.452834 0.655993 0.026737 0.024329
0 0.345886 0.484526 0.022971 0.023792
0 0.404349 0.122093 0.026549 0.020930
0 0.820844 0.348569 0.023159 0.024866
0 0.533045 0.218068 0.023724 0.021825
0 0.771418 0.126297 0.025231 0.022898
0 0.663717 0.628265 0.025231 0.023614
0 0.482489 0.236852 0.023913 0.020394
0 0.346357 0.602326 0.023913 0.021467
0 0.379119 0.056172 0.025042 0.021109
0 0.166541 0.376476 0.025042 0.022361
0 0.904444 0.613596 0.026549 0.020036
0 0.664282 0.302952 0.025984 0.022004
0 0.636697 0.184794 0.024666 0.025403
0 0.715496 0.612701 0.020335 0.026834
0 0.427415 0.351699 0.023348 0.026476
0 0.374600 0.324597 0.021277 0.021288
0 0.902655 0.589356 0.024477 0.028086
0 0.452363 0.583005 0.026172 0.021825
0 0.850311 0.302057 0.023724 0.024150
0 0.825457 0.106172 0.022971 0.017352
0 0.790812 0.652594 0.023348 0.025045
0 0.529091 0.277996 0.025984 0.023256
0 0.846074 0.792129 0.023913 0.025760
0 0.691019 0.414669 0.023724 0.022898
0 0.852853 0.055098 0.026549 0.023971
0 0.905103 0.327728 0.027490 0.021825
0 0.215308 0.394902 0.022030 0.023077
0 0.876671 0.443560 0.025984 0.022719
0 0.528337 0.485242 0.025607 0.023792
0 0.508755 0.212254 0.024101 0.023077
0 0.720674 0.121020 0.024666 0.019857
0 0.556863 0.418694 0.026925 0.020930
0 0.482489 0.056351 0.022406 0.022540
0 0.319996 0.418694 0.024666 0.023077
0 0.609584 0.375134 0.022030 0.022182
0 0.559311 0.212612 0.025042 0.022004
0 0.319243 0.463864 0.026549 0.020751
0 0.165506 0.560555 0.024854 0.019857
0 0.319902 0.305814 0.023348 0.018068
0 0.319620 0.579517 0.025796 0.023792
0 0.290906 0.488462 0.022971 0.023792
0 0.264639 0.628533 0.023536 0.022719
0 0.403502 0.145259 0.023724 0.025403
0 0.879213 0.331127 0.023913 0.022540
0 0.585577 0.101163 0.024854 0.024866
0 0.454058 0.302236 0.022030 0.027013
0 0.611749 0.206261 0.027490 0.020394
0 0.769252 0.302594 0.022783 0.020930
0 0.318678 0.648569 0.025796 0.023077
0 0.559499 0.123345 0.021277 0.023435
0 0.636415 0.329338 0.022971 0.024329
0 0.690642 0.280590 0.021841 0.021646
0 0.483431 0.097048 0.022783 0.020215
0 0.877236 0.352147 0.024101 0.020572
0 0.265675 0.352415 0.022218 0.023256
0 0.692148 0.717442 0.027114 0.023077
0 0.637451 0.684347 0.028808 0.022719
0 0.425626 0.628354 0.025796 0.022361
0 0.452551 0.605993 0.022030 0.026655
0 0.400772 0.559392 0.022783 0.021109
0 0.873282 0.559571 0.021841 0.024687
0 0.346921 0.648479 0.023159 0.021825
0 0.375165 0.601252 0.026172 0.020394
0 0.559499 0.166369 0.025419 0.020751
0 0.690548 0.462880 0.025042 0.022361
0 0.902090 0.790877 0.023724 0.021825
0 0.452834 0.373703 0.024854 0.021825
0 0.903596 0.562522 0.023724 0.024866
0 0.556957 0.558140 0.022595 0.023256
0 0.662587 0.742308 0.025231 0.026655
0 0.319431 0.122540 0.023913 0.023256
0 0.191772 0.609123 0.020900 0.026118
0 0.290529 0.674329 0.022971 0.026297
0 0.664376 0.235510 0.023536 0.025939
0 0.690171 0.439177 0.024666 0.022540
0 0.373094 0.393739 0.025042 0.024687
0 0.664470 0.397317 0.026360 0.021467
0 0.557240 0.464222 0.025419 0.022182
0 0.662305 0.462791 0.025419 0.022182
0 0.609772 0.230769 0.023913 0.024329
0 0.929015 0.835331 0.024477 0.023077
0 0.583883 0.417174 0.021841 0.024687
0 0.320373 0.166190 0.026549 0.024687
0 0.824986 0.125760 0.025796 0.021109
0 0.716249 0.489535 0.026737 0.024508
0 0.477970 0.486762 0.024289 0.023614
0 0.664752 0.675760 0.022783 0.023077
0 0.290623 0.700089 0.022030 0.025581
0 0.507061 0.056351 0.025231 0.020394
0 0.873941 0.854741 0.025042 0.021467
0 0.636603 0.397138 0.022971 0.023971
0 0.291847 0.465564 0.023724 0.020930
0 0.216814 0.440608 0.023159 0.024329
0 0.635568 0.373882 0.025042 0.021825
0 0.932122 0.632200 0.026172 0.021467
0 0.474769 0.586225 0.020523 0.022540
0 0.167671 0.582379 0.025042 0.023435
0 0.483713 0.186583 0.023724 0.023256
0 0.372811 0.440608 0.025231 0.023971
0 0.266240 0.400447 0.022971 0.024866
0 0.346451 0.460823 0.024854 0.020751
0 0.818113 0.603131 0.021841 0.025939
0 0.638769 0.161091 0.026549 0.023792
0 0.799002 0.058229 0.023159 0.018784
0 0.425438 0.577639 0.022406 0.023614
0 0.905385 0.348837 0.026172 0.021467
0 0.483242 0.141682 0.023913 0.020036
0 0.165035 0.397674 0.025419 0.021109
0 0.213802 0.304204 0.021653 0.025224
0 0.533704 0.194633 0.023536 0.027907
0 0.403220 0.168068 0.020147 0.019857
0 0.606948 0.692755 0.025419 0.027370
0 0.768499 0.327907 0.021653 0.027191
0 0.665035 0.076029 0.021465 0.020394
0 0.400207 0.395528 0.025419 0.024687
0 0.746752 0.166905 0.023348 0.019320
0 0.399266 0.652683 0.024289 0.022004
0 0.609490 0.603846 0.028620 0.023435
0 0.771983 0.076744 0.024101 0.021467
0 0.214743 0.350537 0.023536 0.020930
0 0.874129 0.741503 0.026549 0.024687
0 0.096404 0.930143 0.027114 0.027013
0 0.375635 0.689803 0.027490 0.022182
0 0.398983 0.486225 0.026360 0.023614
0 0.319620 0.624597 0.025042 0.022004
0 0.295613 0.121556 0.022218 0.020572
0 0.403031 0.212791 0.022406 0.019141
0 0.526831 0.325492 0.021465 0.023792
0 0.293824 0.144544 0.021277 0.023614
0 0.717661 0.378891 0.026925 0.023256
0 0.425720 0.602236 0.025231 0.024508
0 0.349746 0.215206 0.023536 0.023256
0 0.611467 0.159481 0.026549 0.021646
0 0.904349 0.395081 0.024477 0.018068
0 0.824515 0.033542 0.025231 0.023792
0 0.403785 0.279070 0.024289 0.021467
0 0.142158 0.676565 0.022971 0.020751
0 0.901525 0.834347 0.025231 0.022898
0 0.291847 0.579249 0.023348 0.024687
0 0.663999 0.100358 0.022406 0.025045
0 0.501318 0.392755 0.023159 0.025939
0 0.636792 0.620572 0.022971 0.023614
0 0.846921 0.719052 0.024101 0.023077
0 0.499435 0.584258 0.027302 0.023256
0 0.689230 0.560376 0.022406 0.024508
0 0.191489 0.422182 0.025984 0.020751
0 0.933722 0.694633 0.027114 0.022540
0 0.790529 0.674329 0.025796 0.019499
0 0.320279 0.393649 0.024477 0.019857
0 0.241009 0.350626 0.024477 0.022540
0 0.610996 0.280322 0.024477 0.023256
0 0.584071 0.392576 0.023348 0.024150
0 0.821314 0.300894 0.023348 0.022182
0 0.142629 0.653578 0.025796 0.027370
0 0.845603 0.537925 0.022218 0.023614
0 0.140463 0.627013 0.021841 0.024329
0 0.451986 0.418068 0.025042 0.022898
0 0.823950 0.145170 0.024477 0.018426
0 0.666353 0.053578 0.022971 0.024866
0 0.662964 0.605188 0.023724 0.024329
0 0.851629 0.143470 0.022971 0.021109
0 0.317548 0.693113 0.023536 0.023792
0 0.320844 0.058587 0.022595 0.023792
0 0.610525 0.397048 0.024289 0.022361
0 0.818961 0.627460 0.026172 0.021288
0 0.527302 0.460733 0.023159 0.024150
0 0.291659 0.374597 0.021841 0.022540
0 0.663811 0.328265 0.025419 0.025045
0 0.264263 0.325403 0.022783 0.023614
0 0.167671 0.605903 0.023159 0.022898
0 0.190924 0.582826 0.021465 0.025403
0 0.345039 0.391324 0.023159 0.023792
0 0.741480 0.638730 0.025231 0.019857
0 0.192243 0.373792 0.024101 0.028444
0 0.638015 0.641503 0.022406 0.020036
0 0.611843 0.137567 0.023913 0.020394
0 0.166447 0.195170 0.023348 0.022182
0 0.165600 0.352326 0.023536 0.023077
0 0.425908 0.717889 0.023724 0.023256
0 0.349652 0.123524 0.024854 0.025224
0 0.139992 0.539356 0.020147 0.021467
0 0.295613 0.213953 0.025984 0.024329
0 0.905573 0.658945 0.028432 0.023435
0 0.748258 0.031664 0.022971 0.022540
0 0.214743 0.583184 0.021277 0.023614
0 0.557240 0.598658 0.024289 0.025581
0 0.192148 0.190161 0.023536 0.021825
0 0.848240 0.397048 0.021465 0.020572
0 0.294295 0.168157 0.023348 0.021109
0 0.294295 0.235868 0.022971 0.021646
0 0.739315 0.702773 0.022783 0.023792
0 0.063077 0.418694 0.025984 0.022004
0 0.612408 0.118336 0.026172 0.019141
0 0.823103 0.187835 0.021277 0.020036
0 0.376106 0.214937 0.023159 0.022719
0 0.240068 0.660465 0.022971 0.026834
0 0.503013 0.300537 0.025042 0.023971
0 0.847675 0.462880 0.024854 0.023435
0 0.610902 0.465653 0.025042 0.022898
0 0.819243 0.719589 0.024477 0.025939
0 0.190830 0.280233 0.024289 0.022004
0 0.765957 0.739177 0.021465 0.023256
0 0.240068 0.557245 0.023348 0.021467
0 0.871681 0.605367 0.023159 0.024687
0 0.217002 0.417800 0.025419 0.020215
0 0.402090 0.328086 0.023913 0.022182
0 0.379495 0.077370 0.027302 0.021288
0 0.191489 0.677102 0.023724 0.021109
0 0.290623 0.327281 0.022030 0.023077
0 0.555733 0.396691 0.022406 0.022004
0 0.374035 0.578444 0.021277 0.023077
0 0.691489 0.302057 0.021653 0.019857
0 0.190548 0.233184 0.022218 0.023435
0 0.584353 0.300447 0.022783 0.025224
0 0.350028 0.034436 0.022218 0.024150
0 0.610808 0.443381 0.023348 0.021646
0 0.823950 0.165742 0.019582 0.022361
0 0.850028 0.324508 0.022406 0.020394
0 0.527773 0.392129 0.023724 0.020751
0 0.718415 0.403041 0.026172 0.021825
0 0.214837 0.280233 0.023724 0.023435
0 0.721992 0.076923 0.020900 0.023256
0 0.268405 0.234258 0.025419 0.023077
0 0.318961 0.602773 0.022595 0.022719
0 0.902655 0.417531 0.023348 0.024687
0 0.902278 0.487209 0.025984 0.025939
0 0.792883 0.441055 0.023348 0.023792
0 0.747034 0.101073 0.021277 0.020751
0 0.878742 0.308587 0.022218 0.021109
0 0.557710 0.486941 0.028620 0.022540
0 0.189512 0.557961 0.022783 0.022182
0 0.400584 0.602415 0.020147 0.024508
0 0.321879 0.216547 0.026172 0.021646
0 0.426003 0.694007 0.023913 0.023792
0 0.266146 0.534884 0.023536 0.022182
0 0.772548 0.053936 0.021465 0.022004
0 0.769347 0.236673 0.024101 0.023971
0 0.426097 0.419410 0.022971 0.020572
0 0.635568 0.735599 0.024289 0.027907
0 0.320090 0.350447 0.023724 0.022182
0 0.318396 0.669857 0.023348 0.021646
0 0.691584 0.390966 0.023348 0.019857
0 0.932499 0.590519 0.025419 0.023614
0 0.557428 0.689535 0.021277 0.023435
0 0.534551 0.076386 0.023724 0.018247
0 0.798061 0.187925 0.025419 0.019857
0 0.738279 0.724776 0.023348 0.022361
0 0.848334 0.417263 0.019770 0.022361
0 0.662681 0.486136 0.023536 0.024150
0 0.291847 0.723077 0.022595 0.021467
0 0.348710 0.167442 0.026360 0.020751
0 0.165976 0.419678 0.022783 0.022898
0 0.190548 0.304383 0.021465 0.023077
0 0.846827 0.742755 0.024289 0.023614
0 0.450668 0.536852 0.024289 0.022540
0 0.744116 0.374329 0.022971 0.022361
0 0.902749 0.538283 0.020523 0.021825
0 0.140746 0.328444 0.022783 0.021825
0 0.586142 0.055903 0.021088 0.021646
0 0.902843 0.441145 0.022971 0.021825
0 0.585012 0.122093 0.022971 0.020930
0 0.929298 0.790877 0.025042 0.021825
0 0.821503 0.324329 0.025231 0.021825
0 0.501036 0.482648 0.024854 0.025760
0 0.770759 0.212701 0.026549 0.019320
0 0.767558 0.633631 0.020900 0.020394
0 0.535492 0.031664 0.025984 0.018962
0 0.796272 0.209839 0.025607 0.021467
0 0.240539 0.464401 0.024666 0.020751
0 0.400678 0.713775 0.022595 0.021109
0 0.476935 0.398390 0.019205 0.025045
0 0.376294 0.237835 0.021653 0.023435
0 0.319620 0.441324 0.024666 0.022182
0 0.557240 0.235868 0.022406 0.023792
0 0.609866 0.302952 0.022595 0.020572
0 0.372999 0.370841 0.024854 0.020394
0 0.558652 0.146154 0.020712 0.020036
0 0.585577 0.077728 0.021841 0.021288
0 0.372529 0.487299 0.023913 0.018962
0 0.399831 0.628533 0.024289 0.026655
0 0.241762 0.419231 0.023724 0.022004
0 0.739126 0.679428 0.023536 0.023614
0 0.793730 0.393918 0.023159 0.021109
0 0.796460 0.166816 0.021465 0.021646
0 0.476464 0.462701 0.022783 0.020930
0 0.556298 0.645259 0.023159 0.018247
0 0.904632 0.681216 0.026549 0.022540
0 0.585106 0.207603 0.024666 0.019857
0 0.144700 0.464848 0.025796 0.021646
0 0.290341 0.649463 0.021841 0.022361
0 0.557334 0.372451 0.024477 0.022182
0 0.532103 0.239445 0.020335 0.021288
0 0.379025 0.033721 0.021841 0.023077
0 0.819714 0.537388 0.021277 0.019320
0 0.846168 0.675760 0.022595 0.021288
0 0.478629 0.693560 0.021465 0.020751
0 0.349369 0.099732 0.022406 0.022719
0 0.663905 0.651699 0.024101 0.023614
0 0.141216 0.580054 0.022218 0.021646
0 0.769817 0.146512 0.022406 0.019320
0 0.697138 0.055635 0.029185 0.020751
0 0.268970 0.189893 0.024666 0.024508
0 0.639333 0.096869 0.023913 0.022004
0 0.636321 0.597764 0.022406 0.024508
0 0.584824 0.483005 0.022971 0.025403
0 0.140746 0.235778 0.024289 0.022898
0 0.688947 0.486225 0.022218 0.021825
0 0.216720 0.714669 0.022971 0.022540
0 0.398513 0.419410 0.020900 0.022361
0 0.876012 0.420483 0.022406 0.020930
0 0.216626 0.174776 0.023159 0.021109
0 0.609019 0.351521 0.021277 0.021467
0 0.692902 0.742397 0.026737 0.026834
0 0.663529 0.440250 0.022971 0.022540
0 0.373941 0.534794 0.022971 0.026297
0 0.765769 0.719946 0.022971 0.017352
0 0.637168 0.536583 0.027490 0.023077
0 0.690830 0.610107 0.021088 0.019857
0 0.903502 0.462612 0.025419 0.023256
0 0.715779 0.562701 0.022406 0.023077
0 0.350217 0.057961 0.021088 0.019678
0 0.722180 0.032737 0.023913 0.021467
0 0.766899 0.655903 0.020712 0.019857
0 0.500847 0.714490 0.021465 0.028980
0 0.637262 0.420841 0.022783 0.023077
0 0.819996 0.790608 0.026360 0.026655
0 0.903690 0.635331 0.024289 0.024508
0 0.848240 0.440608 0.022971 0.021825
0 0.293730 0.556082 0.023724 0.022004
0 0.239691 0.327013 0.027114 0.020394
0 0.526643 0.415474 0.021465 0.021288
0 0.189983 0.442308 0.023348 0.020930
0 0.792600 0.584079 0.020523 0.022182
0 0.405008 0.054651 0.021841 0.016637
0 0.873564 0.582379 0.024289 0.019141
0 0.167200 0.236762 0.024101 0.018068
0 0.290341 0.628623 0.023348 0.019678
0 0.215873 0.372540 0.023913 0.022361
0 0.823480 0.210644 0.022783 0.022004
0 0.319243 0.237657 0.022783 0.020572
0 0.318396 0.557156 0.021841 0.022004
0 0.216061 0.489088 0.026925 0.021825
0 0.743551 0.787746 0.028996 0.027728
0 0.425344 0.555188 0.022218 0.021646
0 0.768593 0.559571 0.018452 0.023614
0 0.426568 0.440966 0.023536 0.021825
0 0.851346 0.278623 0.023536 0.022361
0 0.191301 0.211449 0.021465 0.017889
0 0.715873 0.586047 0.020335 0.023614
0 0.641028 0.032826 0.025796 0.022004
0 0.346074 0.533810 0.027867 0.023256
0 0.739974 0.744812 0.025984 0.019857
0 0.477029 0.630859 0.023159 0.020215
0 0.378177 0.099106 0.022406 0.021825
0 0.141781 0.418962 0.024854 0.022182
0 0.636321 0.351789 0.024289 0.019141
0 0.291941 0.351699 0.022030 0.020036
0 0.744869 0.208945 0.021841 0.023614
0 0.791188 0.628444 0.023724 0.020751
0 0.062794 0.441413 0.026172 0.025939
0 0.427791 0.305725 0.021088 0.020036
0 0.190454 0.463685 0.022406 0.019320
0 0.348428 0.145886 0.022783 0.021288
0 0.266146 0.675760 0.023536 0.023435
0 0.793071 0.792308 0.020712 0.027191
0 0.428921 0.148122 0.023348 0.017889
0 0.500659 0.608318 0.023348 0.025224
0 0.717097 0.211628 0.023159 0.026118
0 0.241574 0.395707 0.024854 0.020394
0 0.716532 0.465921 0.022030 0.021646
0 0.061476 0.304651 0.023913 0.024687
0 0.143005 0.697585 0.025042 0.022361
0 0.453963 0.721020 0.022595 0.022719
0 0.742139 0.426297 0.020147 0.020036
0 0.347486 0.669410 0.026172 0.018962
0 0.240727 0.373703 0.021653 0.021825
0 0.293636 0.534705 0.025796 0.020394
0 0.090284 0.421020 0.026925 0.024150
0 0.372529 0.466011 0.022783 0.022182
0 0.168236 0.675403 0.023536 0.026655
0 0.933722 0.325313 0.025231 0.026297
0 0.638204 0.074687 0.023159 0.022361
0 0.427227 0.463059 0.023724 0.020215
0 0.317737 0.716100 0.024666 0.024687
0 0.880343 0.285242 0.026172 0.024508
0 0.215308 0.606440 0.021277 0.023614
0 0.851440 0.122809 0.021841 0.020215
0 0.799190 0.078801 0.022783 0.022361
0 0.242233 0.213953 0.022406 0.022540
0 0.321126 0.035331 0.024666 0.024508
0 0.375541 0.302594 0.025042 0.020572
0 0.851723 0.078444 0.023536 0.022719
0 0.086613 0.302504 0.022971 0.022898
0 0.141310 0.602683 0.022406 0.021109
0 0.557146 0.739535 0.025231 0.023971
0 0.766711 0.440877 0.024477 0.023435
0 0.378177 0.123345 0.020523 0.023435
0 0.875353 0.465832 0.023348 0.022182
0 0.790153 0.715116 0.020523 0.022361
0 0.875353 0.789267 0.026360 0.020394
0 0.167388 0.630054 0.023724 0.019320
0 0.426756 0.486047 0.021277 0.022182
0 0.167671 0.329249 0.025796 0.018426
0 0.349087 0.189177 0.022595 0.022361
0 0.663717 0.561986 0.023724 0.019141
0 0.265769 0.605367 0.023913 0.020751
0 0.690830 0.536404 0.022218 0.020930
0 0.557051 0.665742 0.021277 0.020572
0 0.373188 0.416995 0.022218 0.020751
0 0.295330 0.190429 0.020523 0.019857
0 0.741009 0.468873 0.019770 0.020394
0 0.744210 0.352594 0.019770 0.019320
0 0.425908 0.396512 0.021465 0.022361
0 0.795425 0.328354 0.022783 0.022004
0 0.693937 0.077460 0.022030 0.023971
0 0.475146 0.539267 0.023159 0.024508
0 0.584165 0.186136 0.023536 0.023077
0 0.476464 0.740161 0.017887 0.024866
0 0.501130 0.691055 0.022406 0.018605
0 0.931463 0.672451 0.021088 0.022182
0 0.636886 0.442665 0.022406 0.019857
0 0.240539 0.303488 0.021277 0.021288
0 0.638769 0.139356 0.026549 0.020394
0 0.087931 0.280590 0.024477 0.019857
0 0.269064 0.167263 0.024477 0.021467
0 0.426944 0.740877 0.025042 0.025224
0 0.240162 0.441682 0.022406 0.022898
0 0.349558 0.236315 0.024666 0.020036
0 0.241292 0.236941 0.021653 0.023435
0 0.613726 0.051699 0.024666 0.023971
0 0.662870 0.717979 0.024666 0.022361
0 0.138580 0.350984 0.025984 0.021825
0 0.663717 0.697048 0.022218 0.019857
0 0.456788 0.055814 0.019582 0.020751
0 0.064771 0.808408 0.024477 0.021467
0 0.766052 0.677370 0.020523 0.020930
0 0.819902 0.395886 0.023536 0.020751
0 0.499623 0.671199 0.022406 0.019320
0 0.637545 0.279606 0.022218 0.024329
0 0.454340 0.277102 0.024854 0.021109
0 0.607983 0.534973 0.022595 0.018426
0 0.795989 0.232111 0.026925 0.025939
0 0.817172 0.649463 0.021841 0.021646
0 0.820467 0.371377 0.022030 0.023971
0 0.605724 0.717531 0.024101 0.022182
0 0.264545 0.299553 0.020712 0.022361
0 0.872811 0.693202 0.020147 0.020751
0 0.140087 0.281216 0.022218 0.022182
0 0.401525 0.737925 0.020900 0.021825
0 0.820938 0.417531 0.023724 0.022540
0 0.900584 0.812433 0.022595 0.020215
0 0.793824 0.815385 0.022971 0.021467
0 0.873376 0.811986 0.024666 0.021109
0 0.583977 0.143470 0.022783 0.020394
0 0.452740 0.350000 0.023159 0.023435
0 0.477217 0.421467 0.019394 0.020394
0 0.214366 0.538104 0.019394 0.021109
0 0.557899 0.535242 0.023348 0.020036
0 0.791659 0.487925 0.023536 0.023077
0 0.477500 0.674508 0.022595 0.019141
0 0.140840 0.558945 0.021465 0.018426
0 0.345133 0.368157 0.022595 0.017174
0 0.478159 0.346869 0.021277 0.023614
0 0.933158 0.349374 0.025231 0.018247
0 0.143947 0.487567 0.024666 0.023792
0 0.932781 0.565832 0.023724 0.025045
0 0.640181 0.053488 0.024101 0.018605
0 0.266805 0.580054 0.023348 0.024866
0 0.190077 0.535420 0.023159 0.018605
0 0.560064 0.099821 0.021277 0.020751
0 0.143288 0.441592 0.025607 0.023792
0 0.346451 0.303578 0.022971 0.020751
0 0.167671 0.280948 0.020900 0.019499
0 0.929204 0.812701 0.023348 0.020394
0 0.452081 0.441234 0.024477 0.023077
0 0.555074 0.324776 0.022218 0.020572
0 0.873376 0.833453 0.022406 0.019678
0 0.790058 0.692934 0.021841 0.017352
0 0.526360 0.349821 0.020900 0.019141
0 0.401149 0.351610 0.025796 0.020572
0 0.900866 0.855993 0.025419 0.020751
0 0.267087 0.738193 0.023913 0.024508
0 0.457070 0.185510 0.024289 0.021467
0 0.715684 0.538193 0.021841 0.025224
0 0.268217 0.146512 0.022406 0.019678
0 0.741668 0.489714 0.021088 0.020572
0 0.096780 0.883453 0.025231 0.027013
0 0.141028 0.305367 0.021841 0.020036
0 0.168424 0.651521 0.023536 0.022898
0 0.474204 0.562970 0.020147 0.022898
0 0.095839 0.908050 0.025607 0.018605
0 0.663999 0.189177 0.019770 0.022004
0 0.191113 0.633184 0.021841 0.019141
0 0.795707 0.352415 0.024854 0.021109
0 0.767558 0.397138 0.022406 0.017889
0 0.666918 0.028712 0.021088 0.019499
0 0.266805 0.441682 0.020712 0.018605
0 0.663246 0.146243 0.020523 0.018784
0 0.533798 0.150358 0.022971 0.024866
0 0.374882 0.644186 0.022971 0.023256
0 0.611090 0.627818 0.029561 0.022719
0 0.375541 0.666547 0.025042 0.021467
0 0.585012 0.325850 0.026360 0.022004
0 0.690736 0.632469 0.021277 0.019141
0 0.556863 0.714222 0.025042 0.020930
0 0.191395 0.654472 0.020900 0.021646
0 0.169930 0.718962 0.022406 0.023614
0 0.527773 0.371556 0.024101 0.020751
0 0.931745 0.391682 0.023913 0.022719
0 0.610902 0.487925 0.023159 0.022361
0 0.637545 0.118426 0.021088 0.017889
0 0.845603 0.559928 0.021088 0.020036
0 0.742516 0.537746 0.022030 0.024329
0 0.765675 0.488551 0.020523 0.021467
0 0.454622 0.697764 0.025042 0.021288
0 0.217097 0.238730 0.025607 0.018426
0 0.663340 0.418426 0.024101 0.017174
0 0.265957 0.422093 0.022406 0.019141
0 0.663434 0.167174 0.021277 0.020215
0 0.560535 0.054919 0.019959 0.018962
0 0.478535 0.299732 0.019394 0.019857
0 0.456788 0.209571 0.019959 0.020572
0 0.586424 0.033900 0.020523 0.022719
0 0.293542 0.278175 0.024477 0.019678
0 0.269064 0.212970 0.022218 0.019857
0 0.744116 0.233184 0.024477 0.024508
0 0.321032 0.101431 0.024854 0.018247
0 0.477500 0.372809 0.019959 0.023256
0 0.215120 0.559481 0.020523 0.020930
0 0.533704 0.098390 0.021277 0.022182
0 0.792412 0.537120 0.018641 0.022719
0 0.216061 0.195259 0.021277 0.019857
0 0.500377 0.415385 0.023159 0.020394
0 0.477029 0.440698 0.022406 0.018784
0 0.295048 0.099553 0.020712 0.021646
0 0.266240 0.558050 0.022218 0.020930
0 0.458012 0.162075 0.026172 0.022182
0 0.875447 0.537657 0.022783 0.021288
0 0.872340 0.670394 0.020712 0.020930
0 0.584918 0.460912 0.019770 0.016995
0 0.635944 0.574508 0.020523 0.022004
0 0.240256 0.279428 0.019959 0.024329
0 0.691584 0.345975 0.020335 0.018605
0 0.344850 0.415116 0.021653 0.021646
0 0.793542 0.838014 0.023536 0.023435
0 0.239785 0.605993 0.020900 0.020215
0 0.292130 0.743828 0.024289 0.018962
0 0.063924 0.830680 0.021653 0.022004
0 0.192525 0.718605 0.020900 0.022898
0 0.607324 0.557513 0.022030 0.022361
0 0.614479 0.078533 0.022783 0.025760
0 0.959047 0.789982 0.023536 0.022898
0 0.399642 0.373256 0.023913 0.020930
0 0.375541 0.278444 0.022783 0.025939
0 0.347110 0.579338 0.024666 0.020215
0 0.166353 0.216995 0.019017 0.020394
0 0.428545 0.167800 0.023348 0.022182
0 0.772830 0.032111 0.020900 0.019141
0 0.215308 0.630054 0.020523 0.022540
0 0.607324 0.740072 0.028808 0.025045
0 0.140840 0.372987 0.024477 0.019678
0 0.611090 0.649732 0.028055 0.022182
0 0.144511 0.718336 0.023913 0.020572
0 0.499718 0.649016 0.018829 0.021825
0 0.212766 0.328265 0.019582 0.019678
0 0.662493 0.583453 0.021277 0.022004
0 0.930522 0.858676 0.024854 0.024329
0 0.085671 0.631932 0.021465 0.021646
0 0.931651 0.651878 0.023724 0.018247
0 0.770665 0.787209 0.022971 0.019857
0 0.740727 0.658318 0.024101 0.018605
0 0.499529 0.537299 0.018452 0.022004
0 0.165317 0.537925 0.019205 0.022898
0 0.477405 0.652057 0.019017 0.022540
0 0.820844 0.463506 0.026549 0.022540
0 0.059499 0.607335 0.022218 0.020394
0 0.318019 0.740608 0.025607 0.025403
0 0.846733 0.815653 0.024101 0.019499
0 0.479759 0.275403 0.024477 0.021288
0 0.562982 0.076565 0.025984 0.024329
0 0.584259 0.368605 0.021088 0.020215
0 0.694125 0.033363 0.019394 0.022004
0 0.500000 0.627281 0.022783 0.015921
0 0.402090 0.579338 0.022783 0.018068
0 0.502071 0.325760 0.021653 0.022540
0 0.088307 0.396601 0.024101 0.024687
0 0.744963 0.279249 0.021277 0.020394
0 0.528808 0.649821 0.026172 0.018426
0 0.637168 0.462791 0.020335 0.017531
0 0.146112 0.740519 0.025984 0.020930
0 0.399736 0.672719 0.021465 0.017710
0 0.851911 0.033184 0.020900 0.019141
0 0.613820 0.030948 0.024477 0.019320
0 0.719638 0.278444 0.026360 0.019499
0 0.214178 0.651342 0.023536 0.019678
0 0.718226 0.187209 0.022030 0.018426
0 0.819337 0.743023 0.023536 0.018784
0 0.768970 0.535778 0.020335 0.019678
0 0.507061 0.075313 0.022218 0.017531
0 0.818961 0.836136 0.023913 0.020036
0 0.375165 0.622182 0.023159 0.018605
0 0.820185 0.487388 0.024477 0.019141
0 0.169177 0.697853 0.020900 0.018962
0 0.398795 0.440966 0.023724 0.020751
0 0.799190 0.034615 0.020900 0.021646
0 0.427980 0.328086 0.019959 0.018247
0 0.319055 0.533274 0.023536 0.020036
0 0.428262 0.375760 0.022406 0.018426
0 0.500094 0.458408 0.020335 0.021288
0 0.608360 0.670215 0.021465 0.019141
0 0.167294 0.463327 0.018264 0.017531
0 0.085106 0.722182 0.020712 0.025045
0 0.818113 0.580411 0.024101 0.017352
0 0.061570 0.329070 0.024101 0.022361
0 0.690830 0.695796 0.021088 0.021288
0 0.638298 0.555098 0.026737 0.015385
0 0.932593 0.368605 0.023724 0.018784
0 0.503483 0.276923 0.022595 0.019678
0 0.141969 0.214848 0.022218 0.016458
0 0.715590 0.790161 0.021277 0.022898
0 0.716814 0.444633 0.025607 0.021646
0 0.876953 0.371914 0.020900 0.018962
0 0.216626 0.692129 0.026172 0.023614
0 0.718415 0.424329 0.026172 0.019320
0 0.457447 0.141413 0.019394 0.019499
0 0.063924 0.925224 0.026172 0.020036
0 0.344756 0.347406 0.020335 0.018962
0 0.266805 0.713775 0.023724 0.022182
0 0.241857 0.164311 0.020147 0.020930
0 0.716626 0.235420 0.024477 0.017531
0 0.935699 0.738283 0.030691 0.026118
0 0.692431 0.121825 0.019017 0.017174
0 0.190830 0.349016 0.022406 0.018247
0 0.769629 0.809392 0.020523 0.023792
0 0.085671 0.698032 0.021088 0.019320
0 0.691019 0.324150 0.021841 0.018962
0 0.557616 0.276565 0.025042 0.020036
0 0.795895 0.280143 0.024101 0.022540
0 0.240068 0.536404 0.021088 0.018068
0 0.584730 0.348122 0.023159 0.019320
0 0.820090 0.279428 0.022783 0.021825
0 0.240162 0.689982 0.021277 0.026118
0 0.453775 0.742308 0.020712 0.021646
0 0.139804 0.193470 0.018641 0.022361
0 0.741762 0.446959 0.021653 0.022361
0 0.933346 0.539535 0.022971 0.027191
0 0.061100 0.351163 0.024289 0.019678
0 0.063924 0.903667 0.026925 0.025939
0 0.557334 0.578444 0.024101 0.015206
0 0.903879 0.702683 0.023536 0.020394
0 0.189606 0.488640 0.022218 0.021288
0 0.477500 0.715653 0.019582 0.019499
0 0.191395 0.697138 0.021277 0.021467
0 0.614574 0.098122 0.025984 0.018784
0 0.872340 0.651163 0.022971 0.018605
0 0.085106 0.676118 0.022971 0.023792
0 0.483054 0.163327 0.023913 0.023971
0 0.846639 0.834973 0.021277 0.018068
0 0.426097 0.672809 0.024854 0.015385
0 0.584918 0.441055 0.021653 0.020215
0 0.344944 0.325313 0.021465 0.016995
0 0.059028 0.672004 0.018641 0.020572
0 0.795048 0.373345 0.023536 0.017174
0 0.061288 0.718962 0.023536 0.025403
0 0.215402 0.671199 0.023724 0.020036
0 0.058840 0.585868 0.022406 0.023614
0 0.094238 0.856172 0.019394 0.021825
0 0.087366 0.540340 0.030503 0.025939
0 0.086048 0.610555 0.022971 0.018962
0 0.933911 0.717263 0.024477 0.018068
0 0.900395 0.878175 0.025984 0.023614
0 0.476652 0.323435 0.021277 0.020751
0 0.085012 0.565832 0.027302 0.021825
0 0.845886 0.853846 0.022783 0.019678
0 0.561288 0.033989 0.020335 0.022898
0 0.085295 0.653488 0.018829 0.019320
0 0.819431 0.558945 0.021088 0.020572
0 0.096215 0.953667 0.022971 0.020751
0 0.508379 0.170036 0.024101 0.018426
0 0.903879 0.303936 0.023913 0.021467
0 0.265298 0.277281 0.022595 0.018962
0 0.636509 0.661986 0.023159 0.019141
0 0.820185 0.441503 0.022595 0.018962
0 0.031727 0.584973 0.023913 0.021825
0 0.060158 0.397406 0.025419 0.020930
0 0.769064 0.279606 0.021653 0.022540
0 0.295801 0.078533 0.021841 0.019320
0 0.087272 0.328265 0.024289 0.021109
0 0.239409 0.631038 0.021277 0.024866
0 0.060535 0.372451 0.025419 0.025403
0 0.881378 0.035242 0.018829 0.021467
0 0.085765 0.587657 0.028432 0.024687
0 0.533892 0.172272 0.022030 0.019678
0 0.453116 0.328444 0.023913 0.022182
0 0.690548 0.675492 0.020900 0.018247
0 0.507061 0.118426 0.021088 0.028265
0 0.634909 0.708229 0.026360 0.020036
0 0.057146 0.539982 0.018641 0.023077
0 0.295236 0.058140 0.021088 0.020036
0 0.451892 0.677996 0.022971 0.019320
0 0.085483 0.745886 0.021465 0.019857
0 0.507532 0.094723 0.019770 0.022361
0 0.931369 0.612522 0.023159 0.017174
0 0.240444 0.716011 0.021465 0.020215
0 0.507343 0.145796 0.022406 0.028623
0 0.584165 0.277907 0.020900 0.018784
0 0.500377 0.436941 0.020523 0.018426
0 0.217097 0.738193 0.021465 0.021646
0 0.085671 0.236315 0.022971 0.022540
0 0.068255 0.944723 0.027678 0.023256
0 0.425532 0.534168 0.021465 0.015742
0 0.502636 0.372272 0.022406 0.016100
0 0.165788 0.442934 0.020147 0.018962
0 0.062606 0.281395 0.020523 0.021825
0 0.058558 0.649553 0.020335 0.023256
0 0.932122 0.462880 0.022783 0.026297
0 0.033233 0.609034 0.021653 0.024150
0 0.167388 0.486941 0.021088 0.023256
0 0.140463 0.395617 0.022218 0.020572
0 0.085671 0.213148 0.023348 0.020930
0 0.087554 0.371825 0.022218 0.025581
0 0.845792 0.872898 0.022971 0.016995
0 0.266334 0.695438 0.021653 0.016995
0 0.957635 0.812701 0.019959 0.021109
0 0.819149 0.856977 0.023159 0.020930
0 0.932969 0.488551 0.023348 0.023971
0 0.874412 0.877549 0.024101 0.022361
0 0.849558 0.209571 0.021841 0.021288
0 0.191960 0.170036 0.022030 0.016995
0 0.087837 0.350626 0.021653 0.020751
0 0.061853 0.465385 0.024289 0.019141
0 0.089343 0.444275 0.021653 0.021288
0 0.094803 0.830948 0.022030 0.019678
0 0.742704 0.814401 0.026172 0.025939
0 0.266616 0.125760 0.025231 0.022898
0 0.087460 0.466100 0.028055 0.022361
0 0.059123 0.627907 0.021088 0.017174
0 0.845415 0.186136 0.017699 0.021646
0 0.237526 0.743381 0.027678 0.027013
0 0.063077 0.487478 0.027114 0.025045
0 0.192337 0.743560 0.022783 0.020930
0 0.061476 0.694812 0.021277 0.021467
0 0.880060 0.056708 0.018829 0.020751
0 0.931934 0.435242 0.022030 0.028980
0 0.066089 0.855814 0.023348 0.024329
0 0.476464 0.478265 0.022783 0.011628
0 0.959895 0.307066 0.022218 0.018426
0 0.063736 0.968426 0.028055 0.025581
0 0.031915 0.818068 0.022783 0.025760
0 0.091602 0.789445 0.024666 0.026476
0 0.097063 0.972719 0.025796 0.020930
0 0.933440 0.302057 0.019017 0.016637
0 0.095274 0.811449 0.026360 0.017174
0 0.688759 0.788819 0.021841 0.019141
0 0.215967 0.206977 0.021841 0.013238
0 0.769441 0.831932 0.021277 0.020572
0 0.088119 0.488372 0.027490 0.022182
0 0.063359 0.785510 0.023536 0.020036
0 0.170966 0.742487 0.021088 0.023077
0 0.032009 0.560912 0.024477 0.024150
0 0.033704 0.631485 0.025607 0.024329
0 0.089060 0.193739 0.027867 0.015742
0 0.062512 0.238998 0.016569 0.013596
0 0.063077 0.220036 0.017699 0.020036
0 0.031444 0.844633 0.023348 0.027370
0 0.066937 0.879249 0.025419 0.018962
0 0.960177 0.736136 0.013368 0.016816
0 0.960648 0.717174 0.018829 0.018962
0 0.961307 0.697764 0.015628 0.022004
0 0.962907 0.676208 0.018829 0.021109
0 0.956317 0.606172 0.018829 0.022004
0 0.954622 0.583005 0.015440 0.015742
0 0.960177 0.375224 0.024289 0.025224
0 0.960742 0.398927 0.023159 0.020036
0 0.848899 0.341503 0.025419 0.014669
0 0.850499 0.357335 0.022218 0.016995
0 0.851629 0.376297 0.026737 0.023077
0 0.959047 0.833453 0.022030 0.017889
0 0.661175 0.790340 0.026549 0.022182
0 0.849369 0.234794 0.017699 0.024150
0 0.879307 0.082648 0.022218 0.021109
0 0.875447 0.104741 0.020900 0.023077
0 0.715402 0.814580 0.022030 0.019857
