0 0.589998 0.301948 0.024390 0.023342
0 0.172906 0.124430 0.025525 0.027378
0 0.226224 0.306336 0.024768 0.027203
0 0.443373 0.547034 0.023445 0.023868
0 0.535451 0.226044 0.025336 0.025272
0 0.704197 0.052211 0.023634 0.022640
0 0.251371 0.686118 0.022121 0.022640
0 0.250142 0.308705 0.021932 0.025974
0 0.897523 0.052826 0.021554 0.023517
0 0.803744 0.297385 0.023823 0.023342
0 0.485631 0.227097 0.022121 0.023868
0 0.758272 0.452264 0.024768 0.022464
0 0.514842 0.411899 0.023823 0.028782
0 0.267347 0.096613 0.025714 0.023342
0 0.617319 0.567480 0.024201 0.018779
0 0.152392 0.685240 0.025714 0.023342
0 0.633485 0.228589 0.022121 0.023342
0 0.667801 0.883643 0.021932 0.020709
0 0.709397 0.359600 0.024579 0.022464
0 0.178484 0.679273 0.025336 0.021938
0 0.198147 0.077483 0.023067 0.024746
0 0.222348 0.121973 0.023823 0.023166
0 0.609000 0.160144 0.021932 0.022991
0 0.752222 0.030888 0.021743 0.026676
0 0.515315 0.478150 0.024768 0.024044
0 0.644734 0.925588 0.026848 0.016848
0 0.370864 0.646630 0.021743 0.022289
0 0.176120 0.431204 0.026281 0.026325
0 0.244281 0.096876 0.021932 0.024219
0 0.371148 0.548087 0.021554 0.023517
0 0.784175 0.571604 0.023634 0.022815
0 0.272358 0.319235 0.023634 0.022113
0 0.705426 0.075026 0.027226 0.018428
0 0.850444 0.115742 0.023445 0.025097
0 0.370864 0.402510 0.021743 0.027554
0 0.394309 0.552124 0.024390 0.025623
0 0.829363 0.385223 0.022500 0.024219
0 0.268765 0.221657 0.023256 0.030537
0 0.922859 0.204370 0.022310 0.024746
0 0.589431 0.327922 0.024390 0.026852
0 0.559558 0.183047 0.025525 0.024921
0 0.199376 0.281590 0.022500 0.028256
0 0.105218 0.618638 0.025147 0.024921
0 0.445642 0.721306 0.022689 0.022815
0 0.717811 0.946560 0.023634 0.026150
0 0.565702 0.432081 0.024957 0.024219
0 0.207884 0.976395 0.024012 0.021236
0 0.830970 0.432520 0.024201 0.020885
0 0.785309 0.658915 0.023634 0.024395
0 0.370675 0.573447 0.020987 0.026150
0 0.510399 0.228852 0.024390 0.024219
0 0.105880 0.796069 0.024957 0.023166
0 0.465305 0.322482 0.020798 0.022640
0 0.559179 0.097929 0.024012 0.024570
0 0.508886 0.146806 0.023634 0.023342
0 0.108338 0.953580 0.024201 0.023342
0 0.582530 0.076167 0.022689 0.020709
0 0.882303 0.473148 0.026281 0.024570
0 0.606542 0.096437 0.021554 0.021587
0 0.534506 0.142418 0.026092 0.018077
0 0.227075 0.549228 0.024957 0.026150
0 0.615806 0.476658 0.024957 0.025272
0 0.151352 0.597139 0.022878 0.026150
0 0.716960 0.858284 0.025336 0.020534
0 0.631405 0.095999 0.023634 0.022815
0 0.200038 0.333012 0.024201 0.022289
0 0.763944 0.815549 0.024012 0.023166
0 0.180091 0.867322 0.025903 0.022815
0 0.225562 0.395314 0.024201 0.024044
0 0.201267 0.377764 0.024012 0.022640
0 0.644356 0.838189 0.023445 0.023166
0 0.774910 0.053791 0.020987 0.024044
0 0.755530 0.406809 0.026848 0.022464
0 0.228304 0.599684 0.025903 0.028782
0 0.249102 0.280537 0.022121 0.027905
0 0.729249 0.053879 0.022310 0.023517
0 0.250520 0.663829 0.024579 0.022289
0 0.443562 0.341436 0.023823 0.019832
0 0.176593 0.385925 0.024957 0.021411
0 0.201172 0.573886 0.026092 0.018954
0 0.708073 0.315988 0.024957 0.019832
0 0.201929 0.594507 0.024579 0.023342
0 0.103989 0.693489 0.021932 0.021236
0 0.662413 0.614953 0.024390 0.023517
0 0.617792 0.681116 0.023634 0.018252
0 0.532993 0.122236 0.024201 0.022991
0 0.635659 0.298438 0.024201 0.026852
0 0.370108 0.483766 0.022500 0.021236
0 0.881452 0.407336 0.025336 0.020709
0 0.566742 0.477799 0.023634 0.025448
0 0.435716 0.074763 0.022121 0.022815
0 0.565702 0.590734 0.025336 0.022815
0 0.614766 0.453141 0.022500 0.022113
0 0.276990 0.932608 0.023445 0.022464
0 0.104368 0.669533 0.023067 0.024219
0 0.249953 0.395665 0.023445 0.024746
0 0.764511 0.881976 0.025525 0.023693
0 0.347514 0.551509 0.021554 0.022991
0 0.393836 0.399263 0.023823 0.023868
0 0.665249 0.700948 0.025525 0.025272
0 0.897618 0.074851 0.019853 0.017726
0 0.340518 0.144261 0.025336 0.017550
0 0.655133 0.094858 0.023067 0.021236
0 0.108433 0.929624 0.024390 0.023166
0 0.200605 0.355125 0.024957 0.022289
0 0.639440 0.453229 0.023823 0.022640
0 0.833995 0.589681 0.024201 0.022113
0 0.564757 0.409003 0.024957 0.024044
0 0.690868 0.843454 0.024957 0.020358
0 0.706183 0.158915 0.023445 0.022991
0 0.513330 0.345209 0.021554 0.019656
0 0.776612 0.182520 0.021743 0.022113
0 0.811590 0.855827 0.023634 0.024746
0 0.468047 0.657511 0.023256 0.022640
0 0.180280 0.937873 0.025903 0.022464
0 0.050671 0.149175 0.023823 0.026676
0 0.416336 0.276588 0.023823 0.023166
0 0.922386 0.161723 0.023256 0.018077
0 0.631027 0.072569 0.020987 0.024746
0 0.838344 0.880133 0.025714 0.024570
0 0.533371 0.099070 0.023067 0.024044
0 0.249575 0.479291 0.023823 0.028080
0 0.152014 0.662952 0.023445 0.021236
0 0.585933 0.182520 0.021554 0.021411
0 0.833522 0.699631 0.024012 0.018428
0 0.346946 0.461127 0.023067 0.023693
0 0.490925 0.546946 0.022121 0.024395
0 0.077803 0.572306 0.021365 0.024921
0 0.199660 0.309144 0.022689 0.025448
0 0.341085 0.164795 0.025336 0.021411
0 0.125544 0.326606 0.021554 0.021411
0 0.855549 0.360741 0.026470 0.023342
0 0.173757 0.300544 0.024579 0.018428
0 0.206750 0.953756 0.025147 0.024044
0 0.444129 0.362671 0.024201 0.023693
0 0.756665 0.341260 0.021932 0.023342
0 0.567215 0.677869 0.023823 0.020534
0 0.298071 0.772552 0.026281 0.025623
0 0.488656 0.324061 0.025525 0.024044
0 0.687654 0.635047 0.022689 0.022991
0 0.707317 0.202878 0.022310 0.025623
0 0.177538 0.701211 0.025714 0.022289
0 0.855927 0.405932 0.025336 0.024921
0 0.296086 0.296420 0.021932 0.022815
0 0.229817 0.859424 0.022500 0.022815
0 0.558896 0.075114 0.024201 0.023166
0 0.346474 0.328887 0.027037 0.021411
0 0.592267 0.590207 0.025147 0.022464
0 0.392040 0.303352 0.025525 0.024746
0 0.776990 0.204019 0.021743 0.019832
0 0.751276 0.100035 0.022878 0.023166
0 0.776234 0.117234 0.022121 0.024570
0 0.616090 0.387592 0.024768 0.024746
0 0.395916 0.643998 0.026848 0.018428
0 0.370770 0.353721 0.021176 0.022640
0 0.854320 0.270972 0.022121 0.025272
0 0.410947 0.070200 0.027037 0.023868
0 0.805823 0.405318 0.024957 0.022991
0 0.564001 0.274746 0.024201 0.024746
0 0.413500 0.183310 0.023067 0.023342
0 0.271980 0.341523 0.022500 0.022113
0 0.292116 0.120920 0.024957 0.021411
0 0.788334 0.879344 0.021743 0.022991
0 0.344489 0.279221 0.023823 0.024570
0 0.225468 0.279660 0.023256 0.023693
0 0.245510 0.121271 0.021743 0.023868
0 0.467102 0.437785 0.022121 0.022289
0 0.395160 0.576694 0.024579 0.022464
0 0.825014 0.127413 0.024012 0.024219
0 0.347797 0.439189 0.021743 0.020183
0 0.708546 0.294402 0.024012 0.021587
0 0.564379 0.299052 0.025336 0.022815
0 0.558612 0.032643 0.023634 0.023517
0 0.619021 0.725167 0.025336 0.021762
0 0.833333 0.677694 0.023256 0.025448
0 0.541501 0.522552 0.024201 0.023342
0 0.879561 0.340383 0.021932 0.021938
0 0.265457 0.072569 0.022310 0.022640
0 0.859047 0.677606 0.023634 0.023166
0 0.466818 0.459108 0.021932 0.019656
0 0.897901 0.116708 0.021554 0.021060
0 0.618170 0.702790 0.024012 0.023693
0 0.228777 0.772464 0.026092 0.025799
0 0.709680 0.381186 0.024768 0.019656
0 0.850066 0.140312 0.024957 0.022640
0 0.537720 0.301334 0.024579 0.025272
0 0.655417 0.054668 0.024768 0.020534
0 0.888448 0.896367 0.024579 0.017726
0 0.616468 0.545191 0.024012 0.022640
0 0.874456 0.095648 0.021932 0.020007
0 0.175742 0.407950 0.024012 0.020183
0 0.644640 0.882327 0.022121 0.021938
0 0.902155 0.295455 0.022121 0.022640
0 0.776517 0.139610 0.022689 0.018428
0 0.838060 0.858371 0.025525 0.019656
0 0.467763 0.634521 0.024579 0.021587
0 0.656173 0.161636 0.023634 0.019305
0 0.858858 0.654001 0.024012 0.020885
0 0.272641 0.391716 0.020420 0.027378
0 0.513140 0.322657 0.023823 0.023693
0 0.922102 0.180941 0.024201 0.018603
0 0.850255 0.091348 0.023823 0.021236
0 0.588202 0.276588 0.022310 0.027378
0 0.837493 0.836873 0.025903 0.024395
0 0.787200 0.856704 0.022878 0.022289
0 0.467669 0.544226 0.022121 0.024570
0 0.739554 0.794753 0.024390 0.022640
0 0.509643 0.206651 0.021743 0.020885
0 0.565608 0.633117 0.023634 0.021938
0 0.252883 0.773078 0.021365 0.026676
0 0.148516 0.164707 0.023256 0.026852
0 0.760257 0.633468 0.024201 0.022640
0 0.101721 0.326255 0.022689 0.022113
0 0.544054 0.775272 0.023634 0.030011
0 0.252600 0.816164 0.020798 0.022640
0 0.641237 0.701650 0.019474 0.020007
0 0.538382 0.275974 0.024390 0.025097
0 0.855833 0.451123 0.023256 0.020534
0 0.834184 0.721920 0.022310 0.025448
0 0.798733 0.095999 0.022500 0.021060
0 0.269238 0.195770 0.022310 0.022991
0 0.663642 0.546946 0.023445 0.023342
0 0.566459 0.655230 0.021932 0.021236
0 0.125544 0.303001 0.024201 0.025448
0 0.780488 0.341962 0.023823 0.024044
0 0.174419 0.364163 0.024768 0.022464
0 0.859236 0.721393 0.021743 0.021236
0 0.107582 0.861092 0.023445 0.028256
0 0.661278 0.367059 0.023634 0.019130
0 0.442522 0.321341 0.022878 0.018954
0 0.565986 0.386188 0.022500 0.022289
0 0.466156 0.344946 0.019474 0.021587
0 0.667423 0.861618 0.020798 0.022991
0 0.488088 0.299930 0.023256 0.022815
0 0.752600 0.164005 0.022878 0.021938
0 0.125449 0.161197 0.022500 0.024044
0 0.515220 0.437259 0.025336 0.020183
0 0.733125 0.294928 0.021365 0.022289
0 0.691624 0.722622 0.024579 0.022991
0 0.613632 0.343542 0.022500 0.023693
0 0.633012 0.118638 0.024579 0.021762
0 0.150028 0.388645 0.023256 0.022991
0 0.539894 0.546683 0.021365 0.023166
0 0.857156 0.565900 0.020987 0.023342
0 0.825392 0.103896 0.024390 0.021762
0 0.775761 0.159968 0.021554 0.020885
0 0.202212 0.773166 0.025147 0.027905
0 0.346568 0.305195 0.027226 0.025623
0 0.875780 0.204282 0.024201 0.023166
0 0.444413 0.410232 0.024012 0.021587
0 0.921157 0.116093 0.021554 0.023342
0 0.594347 0.882327 0.022878 0.022991
0 0.783229 0.547561 0.025147 0.023517
0 0.470883 0.722359 0.024012 0.021411
0 0.508225 0.123026 0.022689 0.021762
0 0.856684 0.430239 0.027226 0.022640
0 0.584420 0.118550 0.025714 0.023693
0 0.679524 0.116971 0.024201 0.022289
0 0.899508 0.204370 0.023634 0.023693
0 0.419645 0.409091 0.024012 0.024570
0 0.825865 0.151281 0.026092 0.023517
0 0.151446 0.619867 0.021932 0.020709
0 0.539516 0.408652 0.023256 0.021938
0 0.806863 0.428484 0.024012 0.023342
0 0.147476 0.103194 0.022310 0.024219
0 0.631216 0.140488 0.020987 0.020885
0 0.717243 0.880484 0.024768 0.023166
0 0.339762 0.052738 0.023445 0.021236
0 0.198336 0.123728 0.023067 0.019656
0 0.838627 0.926027 0.023634 0.023342
0 0.418699 0.340207 0.021365 0.022289
0 0.558801 0.120218 0.024012 0.018252
0 0.631405 0.049316 0.020231 0.020007
0 0.101059 0.282468 0.022121 0.027554
0 0.250804 0.576518 0.020987 0.022113
0 0.799962 0.138119 0.024957 0.024219
0 0.590943 0.455072 0.024012 0.024921
0 0.780771 0.364602 0.023634 0.020183
0 0.783418 0.522640 0.020987 0.025272
0 0.738419 0.771323 0.022500 0.024219
0 0.828323 0.341436 0.028361 0.021587
0 0.716393 0.834503 0.023823 0.026676
0 0.080828 0.683661 0.021743 0.022640
0 0.515504 0.543436 0.023256 0.019481
0 0.272169 0.297210 0.021743 0.019481
0 0.539705 0.570727 0.022500 0.023868
0 0.483645 0.096788 0.020798 0.023693
0 0.757421 0.429098 0.023067 0.021060
0 0.880129 0.384433 0.022689 0.024395
0 0.882965 0.583977 0.024957 0.022640
0 0.532709 0.051948 0.024012 0.023166
0 0.615428 0.364953 0.022689 0.019832
0 0.532804 0.075377 0.023067 0.024044
0 0.905937 0.406283 0.022121 0.022464
0 0.489790 0.440067 0.019096 0.020885
0 0.204670 0.822131 0.022500 0.024044
0 0.591794 0.612145 0.024579 0.021060
0 0.494706 0.777641 0.025903 0.026325
0 0.858007 0.609424 0.022310 0.021236
0 0.509926 0.167427 0.025336 0.017199
0 0.227831 0.573184 0.022689 0.023166
0 0.251654 0.619252 0.021932 0.016322
0 0.273776 0.683749 0.020420 0.023517
0 0.272452 0.365040 0.019663 0.023166
0 0.927113 0.380923 0.022121 0.018077
0 0.441860 0.299228 0.021932 0.024921
0 0.808470 0.566515 0.022689 0.023517
0 0.777841 0.226395 0.020798 0.023517
0 0.467858 0.395139 0.024012 0.024395
0 0.250898 0.527817 0.022689 0.021236
0 0.133485 0.931643 0.023067 0.019832
0 0.640858 0.476483 0.024012 0.024570
0 0.801286 0.181818 0.022689 0.021762
0 0.805823 0.381625 0.026092 0.024044
0 0.644451 0.860653 0.024768 0.021060
0 0.863396 0.923833 0.025525 0.022815
0 0.618926 0.840734 0.023634 0.022289
0 0.897523 0.095209 0.022310 0.020885
0 0.736151 0.570288 0.022121 0.021236
0 0.660805 0.344682 0.024957 0.024570
0 0.921630 0.140225 0.024012 0.024570
0 0.202212 0.619779 0.023634 0.027554
0 0.756476 0.296244 0.024201 0.020709
0 0.197674 0.102141 0.020987 0.023166
0 0.831537 0.453931 0.024201 0.022991
0 0.639535 0.522376 0.022500 0.023342
0 0.292872 0.056599 0.025714 0.024044
0 0.684250 0.360565 0.022310 0.019481
0 0.340991 0.185942 0.022878 0.018779
0 0.758555 0.544840 0.021554 0.018428
0 0.101531 0.141102 0.023823 0.027729
0 0.763660 0.791506 0.022310 0.022815
0 0.084137 0.911285 0.025336 0.019481
0 0.787011 0.833187 0.022500 0.022640
0 0.849215 0.070639 0.021365 0.019481
0 0.802987 0.273166 0.025336 0.024395
0 0.812819 0.880221 0.023823 0.024395
0 0.566081 0.611969 0.023067 0.019305
0 0.459728 0.117848 0.022500 0.017375
0 0.297788 0.480344 0.025714 0.022815
0 0.903101 0.382766 0.020987 0.022464
0 0.906788 0.654616 0.021932 0.022815
0 0.155984 0.932169 0.020042 0.019481
0 0.781717 0.411197 0.023634 0.028431
0 0.080923 0.800456 0.023823 0.023166
0 0.347041 0.594858 0.024768 0.022640
0 0.364814 0.098280 0.022121 0.024921
0 0.128002 0.686644 0.021932 0.026150
0 0.710720 0.474816 0.023445 0.024044
0 0.888353 0.920323 0.022121 0.022113
0 0.639157 0.609775 0.023256 0.023693
0 0.346852 0.573096 0.024768 0.018428
0 0.682171 0.182959 0.024957 0.021938
0 0.341180 0.207968 0.025525 0.022815
0 0.386746 0.095560 0.020231 0.022991
0 0.661089 0.389961 0.023256 0.024570
0 0.460862 0.206827 0.022878 0.021587
0 0.540650 0.452703 0.022500 0.019832
0 0.838722 0.902948 0.023067 0.021762
0 0.296086 0.453580 0.024957 0.021587
0 0.434770 0.033433 0.021365 0.024746
0 0.468425 0.587662 0.024012 0.020183
0 0.585366 0.204633 0.023067 0.022815
0 0.443751 0.386539 0.022689 0.023342
0 0.751276 0.078098 0.022500 0.021060
0 0.683210 0.228589 0.024768 0.021587
0 0.610134 0.206125 0.024201 0.024746
0 0.126867 0.399000 0.023067 0.027203
0 0.756854 0.384872 0.022689 0.020007
0 0.711666 0.452527 0.024957 0.021236
0 0.153810 0.865655 0.022500 0.023342
0 0.735678 0.547912 0.023823 0.023166
0 0.229060 0.835644 0.023634 0.022991
0 0.419834 0.385486 0.024390 0.020183
0 0.104084 0.595472 0.021743 0.021060
0 0.663831 0.638031 0.023445 0.022289
0 0.175553 0.594068 0.021365 0.022815
0 0.878521 0.318796 0.025147 0.021938
0 0.125355 0.137241 0.024201 0.023868
0 0.466534 0.566690 0.020609 0.017550
0 0.460295 0.228413 0.024390 0.021236
0 0.484685 0.165409 0.024012 0.020534
0 0.690679 0.699368 0.023067 0.023166
0 0.707601 0.227624 0.021365 0.021762
0 0.414351 0.207178 0.022878 0.022289
0 0.928058 0.545367 0.024390 0.022289
0 0.898563 0.161723 0.022500 0.018077
0 0.619493 0.928045 0.022500 0.022113
0 0.883721 0.608371 0.026092 0.024044
0 0.663925 0.568972 0.022500 0.018603
0 0.458877 0.030625 0.023823 0.021938
0 0.703630 0.028958 0.024012 0.023517
0 0.177538 0.656809 0.025336 0.022289
0 0.539516 0.431116 0.022500 0.022289
0 0.393553 0.479203 0.022878 0.023693
0 0.752411 0.140927 0.022878 0.023166
0 0.489412 0.390663 0.021365 0.028782
0 0.104651 0.643559 0.021365 0.026676
0 0.679902 0.094331 0.023445 0.022289
0 0.898185 0.139874 0.020609 0.021762
0 0.252033 0.839856 0.022310 0.023342
0 0.690868 0.769217 0.024201 0.020709
0 0.618832 0.817217 0.023445 0.023342
0 0.370013 0.460776 0.021932 0.024746
0 0.394593 0.373728 0.023823 0.023342
0 0.809321 0.589417 0.022878 0.021236
0 0.593874 0.815023 0.020798 0.019656
0 0.717432 0.901281 0.025147 0.018428
0 0.729344 0.076869 0.019474 0.022464
0 0.803365 0.318357 0.023067 0.017199
0 0.688126 0.613461 0.024012 0.020885
0 0.662885 0.455423 0.022310 0.025272
0 0.125544 0.184363 0.023067 0.020885
0 0.694082 0.925325 0.024957 0.019832
0 0.752316 0.055721 0.021176 0.023693
0 0.512951 0.298965 0.023823 0.023693
0 0.276517 0.841436 0.022878 0.026150
0 0.727926 0.030098 0.022689 0.025097
0 0.459161 0.051334 0.022878 0.019130
0 0.781811 0.435153 0.022689 0.019832
0 0.785593 0.723412 0.021554 0.019305
0 0.421346 0.657862 0.024012 0.020534
0 0.467858 0.417778 0.021743 0.017375
0 0.733882 0.342401 0.023634 0.021762
0 0.882114 0.653826 0.023256 0.024044
0 0.858858 0.699017 0.021365 0.018252
0 0.753923 0.206651 0.019853 0.017375
0 0.227359 0.663917 0.020987 0.023166
0 0.904519 0.542734 0.020420 0.022991
0 0.223199 0.146192 0.024012 0.025623
0 0.572225 0.949895 0.023634 0.026501
0 0.632539 0.162425 0.023256 0.023342
0 0.632917 0.205774 0.022878 0.024746
0 0.437228 0.157950 0.022500 0.020358
0 0.130554 0.837575 0.022121 0.024746
0 0.692569 0.905669 0.021554 0.018428
0 0.458688 0.138733 0.020042 0.022640
0 0.833617 0.613285 0.021932 0.025799
0 0.363868 0.121534 0.022121 0.021938
0 0.467480 0.609863 0.021743 0.022815
0 0.298544 0.643910 0.025714 0.023517
0 0.685574 0.382766 0.022310 0.022815
0 0.806958 0.450684 0.021554 0.018603
0 0.392985 0.351966 0.024012 0.020534
0 0.715164 0.770885 0.022878 0.022640
0 0.705332 0.095384 0.024390 0.022289
0 0.346757 0.373552 0.024957 0.024746
0 0.857629 0.588452 0.022689 0.020007
0 0.874267 0.139347 0.023067 0.022464
0 0.371053 0.599684 0.022121 0.024570
0 0.467669 0.367761 0.021365 0.024044
0 0.564946 0.568708 0.022689 0.019832
0 0.293250 0.144700 0.025336 0.025097
0 0.251465 0.640400 0.021554 0.024921
0 0.507374 0.100211 0.022878 0.024570
0 0.606164 0.073008 0.021554 0.025974
0 0.296843 0.552211 0.024957 0.023342
0 0.616090 0.430677 0.021365 0.021060
0 0.829646 0.409442 0.023445 0.023517
0 0.690962 0.818533 0.026281 0.029133
0 0.856306 0.474903 0.024201 0.028431
0 0.874551 0.051773 0.020231 0.020358
0 0.179240 0.843366 0.024957 0.023693
0 0.863490 0.946911 0.022689 0.024395
0 0.273492 0.483327 0.022500 0.027378
0 0.203914 0.704107 0.025903 0.022464
0 0.241445 0.034486 0.023067 0.025097
0 0.565608 0.522113 0.022878 0.023166
0 0.685952 0.429800 0.023445 0.022113
0 0.639157 0.409091 0.024012 0.021762
0 0.394498 0.526764 0.024768 0.024395
0 0.345907 0.483766 0.024768 0.020534
0 0.175458 0.208494 0.027983 0.021060
0 0.662507 0.412952 0.023067 0.021060
0 0.862545 0.901808 0.024579 0.020885
0 0.534884 0.180326 0.022310 0.022991
0 0.249291 0.454194 0.023634 0.023166
0 0.273965 0.528519 0.023445 0.023693
0 0.371620 0.623991 0.022500 0.022640
0 0.419928 0.363285 0.023445 0.023166
0 0.616657 0.589242 0.021743 0.024044
0 0.273965 0.419007 0.023067 0.024044
0 0.902439 0.270797 0.023067 0.026325
0 0.124787 0.095648 0.023823 0.020358
0 0.201929 0.419972 0.024201 0.021762
0 0.295519 0.357845 0.023067 0.022815
0 0.151635 0.640576 0.021176 0.021060
0 0.484780 0.186030 0.021554 0.019305
0 0.514748 0.386802 0.022878 0.022113
0 0.153054 0.707792 0.021743 0.020358
0 0.784458 0.591436 0.024957 0.016848
0 0.076952 0.141716 0.025714 0.025448
0 0.346946 0.350386 0.025336 0.022640
0 0.679713 0.052738 0.022689 0.018077
0 0.683589 0.317743 0.019853 0.017726
0 0.565135 0.545806 0.025714 0.021060
0 0.730100 0.159354 0.022121 0.028431
0 0.520231 0.724289 0.021743 0.023868
0 0.832955 0.566515 0.024768 0.023517
0 0.667328 0.905230 0.024012 0.023517
0 0.296748 0.318357 0.023256 0.018954
0 0.605218 0.030362 0.021176 0.022113
0 0.617319 0.636978 0.025714 0.022289
0 0.857062 0.543612 0.021554 0.022289
0 0.173851 0.321165 0.022500 0.019305
0 0.640858 0.679098 0.021365 0.024746
0 0.268009 0.120305 0.023634 0.023693
0 0.559841 0.160319 0.022689 0.021938
0 0.494611 0.702176 0.024579 0.022464
0 0.685668 0.407073 0.022878 0.019130
0 0.177633 0.724903 0.022121 0.024044
0 0.175837 0.616181 0.021932 0.019656
0 0.459633 0.096701 0.022689 0.024570
0 0.392324 0.328624 0.023445 0.025097
0 0.395065 0.599509 0.025147 0.022464
0 0.566931 0.454809 0.022878 0.021236
0 0.436756 0.229379 0.019285 0.019656
0 0.442050 0.452001 0.022689 0.023342
0 0.082719 0.932696 0.023256 0.020183
0 0.709680 0.430502 0.023256 0.023868
0 0.098601 0.057213 0.023634 0.027378
0 0.292210 0.098192 0.021743 0.022991
0 0.731329 0.227448 0.021932 0.021762
0 0.813481 0.904352 0.026659 0.023517
0 0.667045 0.838189 0.021176 0.024570
0 0.441766 0.276150 0.022121 0.022289
0 0.802704 0.338540 0.021743 0.021060
0 0.656457 0.138733 0.024201 0.024044
0 0.640764 0.545016 0.023067 0.020183
0 0.910096 0.794051 0.021743 0.018428
0 0.883532 0.697964 0.023445 0.023868
0 0.835697 0.769481 0.021176 0.023693
0 0.716487 0.812127 0.024012 0.016673
0 0.640008 0.431116 0.024579 0.022640
0 0.665343 0.724903 0.026092 0.020885
0 0.873889 0.073798 0.023067 0.022640
0 0.732747 0.431555 0.022500 0.023166
0 0.861505 0.791067 0.025147 0.022991
0 0.419077 0.455335 0.021365 0.024746
0 0.181131 0.968410 0.025714 0.035451
0 0.130649 0.812741 0.021176 0.022464
0 0.079221 0.283433 0.020420 0.026325
0 0.298450 0.688312 0.024768 0.023868
0 0.081395 0.846701 0.024012 0.023342
0 0.296181 0.337136 0.024012 0.018252
0 0.391662 0.278256 0.024012 0.026852
0 0.755814 0.274219 0.023256 0.023693
0 0.693137 0.948842 0.022310 0.025097
0 0.582152 0.032819 0.021176 0.027378
0 0.297504 0.575465 0.027037 0.024219
0 0.371053 0.376799 0.022878 0.023166
0 0.755719 0.363461 0.022689 0.021411
0 0.690773 0.791330 0.022500 0.024570
0 0.759501 0.474903 0.023445 0.023868
0 0.204197 0.684012 0.024579 0.019130
0 0.882208 0.450421 0.026092 0.021236
0 0.567782 0.700948 0.024579 0.023166
0 0.883437 0.676465 0.022500 0.019481
0 0.635564 0.323886 0.024012 0.025097
0 0.395349 0.622675 0.024579 0.023517
0 0.591889 0.672429 0.023256 0.021587
0 0.610134 0.181730 0.023067 0.020183
0 0.078087 0.595121 0.024201 0.020007
0 0.368312 0.279923 0.021932 0.026325
0 0.715542 0.792998 0.024768 0.021938
0 0.178767 0.798614 0.021743 0.022289
0 0.801569 0.228589 0.021365 0.021938
0 0.581490 0.056248 0.021743 0.020183
0 0.667801 0.928484 0.021932 0.021236
0 0.080450 0.617146 0.022500 0.022991
0 0.150217 0.411899 0.020987 0.023166
0 0.593590 0.723324 0.024390 0.021236
0 0.103611 0.405142 0.026092 0.026501
0 0.178767 0.820727 0.022500 0.021587
0 0.301002 0.845297 0.022310 0.027554
0 0.853848 0.318270 0.024201 0.021587
0 0.420684 0.635135 0.023067 0.023166
0 0.615617 0.409705 0.020798 0.018428
0 0.102666 0.233240 0.020798 0.020709
0 0.505578 0.031064 0.023067 0.024570
0 0.338533 0.031327 0.023256 0.020885
0 0.635659 0.273868 0.022310 0.022991
0 0.763755 0.858635 0.021365 0.021236
0 0.560881 0.206388 0.024768 0.021411
0 0.689733 0.590909 0.026092 0.022815
0 0.707223 0.180151 0.023256 0.018428
0 0.464360 0.298614 0.023445 0.022991
0 0.538003 0.342840 0.024768 0.020534
0 0.387219 0.119428 0.021932 0.023693
0 0.888353 0.946034 0.022500 0.022640
0 0.506712 0.077132 0.025714 0.019832
0 0.645018 0.947701 0.021365 0.027027
0 0.882870 0.428396 0.024768 0.022815
0 0.153810 0.820025 0.023256 0.022991
0 0.203063 0.798350 0.023445 0.022815
0 0.246739 0.145226 0.021932 0.021938
0 0.612309 0.319498 0.022121 0.024395
0 0.298922 0.795806 0.023067 0.021938
0 0.105786 0.771762 0.026281 0.023693
0 0.226035 0.419094 0.020987 0.021411
0 0.926924 0.360039 0.020609 0.021587
0 0.540461 0.475254 0.024012 0.022113
0 0.150028 0.459810 0.022878 0.023517
0 0.591416 0.523956 0.025714 0.024746
0 0.874362 0.162162 0.022878 0.022815
0 0.754585 0.228852 0.023823 0.019305
0 0.775761 0.076694 0.021176 0.020709
0 0.539138 0.364338 0.023634 0.021060
0 0.221687 0.098807 0.021365 0.020007
0 0.251182 0.552211 0.021365 0.026150
0 0.196351 0.034925 0.020609 0.025272
0 0.692286 0.885574 0.023256 0.022464
0 0.246455 0.226571 0.018718 0.024921
0 0.740405 0.837926 0.022689 0.020183
0 0.221687 0.169796 0.025903 0.020534
0 0.274059 0.706564 0.019474 0.020358
0 0.560125 0.139874 0.024768 0.020358
0 0.443373 0.571604 0.023067 0.024921
0 0.808281 0.676202 0.021554 0.018954
0 0.493382 0.724201 0.022878 0.023342
0 0.763377 0.837399 0.020987 0.018779
0 0.590943 0.414882 0.021743 0.021762
0 0.227642 0.642682 0.020042 0.016497
0 0.688410 0.545718 0.021932 0.022991
0 0.394309 0.421113 0.024390 0.018077
0 0.654472 0.074412 0.022500 0.019305
0 0.125827 0.373113 0.026659 0.023517
0 0.366232 0.210951 0.022689 0.018954
0 0.731046 0.184363 0.021365 0.022289
0 0.585082 0.160583 0.021365 0.020358
0 0.619682 0.861794 0.021743 0.018779
0 0.459444 0.072833 0.023823 0.021411
0 0.732464 0.270534 0.022310 0.022640
0 0.295519 0.405230 0.025714 0.025272
0 0.483740 0.139435 0.022500 0.026852
0 0.057950 0.284135 0.023256 0.027027
0 0.419645 0.546683 0.021365 0.021411
0 0.734165 0.384696 0.018529 0.020358
0 0.482322 0.030713 0.020798 0.021411
0 0.584704 0.096262 0.022121 0.019832
0 0.799395 0.160407 0.023067 0.020358
0 0.445169 0.659793 0.022878 0.025799
0 0.103800 0.458845 0.021554 0.019130
0 0.568538 0.723675 0.025336 0.020885
0 0.083664 0.889435 0.024012 0.024921
0 0.558329 0.053703 0.024201 0.019305
0 0.123464 0.115391 0.022689 0.019832
0 0.413027 0.161021 0.023256 0.019130
0 0.492343 0.568533 0.025714 0.017024
0 0.908489 0.698929 0.022689 0.021938
0 0.129514 0.726220 0.023445 0.023868
0 0.831159 0.475869 0.024201 0.021938
0 0.103800 0.433310 0.021932 0.023868
0 0.666099 0.771236 0.021554 0.022991
0 0.436850 0.135749 0.024390 0.022991
0 0.420212 0.608898 0.025147 0.022289
0 0.655133 0.030537 0.025336 0.026325
0 0.798166 0.052475 0.023634 0.020007
0 0.291927 0.077308 0.023067 0.018428
0 0.656173 0.116269 0.020609 0.020885
0 0.591038 0.566778 0.022689 0.022640
0 0.787673 0.768340 0.024201 0.020007
0 0.300435 0.818182 0.022689 0.022464
0 0.228115 0.623815 0.022500 0.020534
0 0.057289 0.642594 0.023823 0.022991
0 0.151163 0.572920 0.019853 0.021938
0 0.662791 0.433749 0.021743 0.017726
0 0.641142 0.635047 0.022310 0.022640
0 0.273870 0.551597 0.020987 0.021411
0 0.394214 0.723675 0.022310 0.024044
0 0.363868 0.144261 0.020231 0.023868
0 0.564001 0.322131 0.024201 0.022991
0 0.678767 0.072569 0.021554 0.022289
0 0.685952 0.452439 0.022689 0.022815
0 0.808092 0.698227 0.020798 0.022640
0 0.225752 0.440505 0.022689 0.021411
0 0.828228 0.318094 0.023634 0.024746
0 0.709113 0.336960 0.025903 0.020709
0 0.879939 0.361530 0.019663 0.019305
0 0.250236 0.370569 0.024012 0.024746
0 0.605975 0.051422 0.020798 0.017199
0 0.560597 0.226834 0.023823 0.018428
0 0.411231 0.139084 0.024201 0.021587
0 0.419266 0.432257 0.019474 0.018252
0 0.153148 0.774658 0.025714 0.026676
0 0.417754 0.299930 0.023634 0.022113
0 0.149839 0.364075 0.020609 0.025097
0 0.615901 0.611969 0.020231 0.023166
0 0.735111 0.454896 0.022689 0.022815
0 0.827567 0.295367 0.023823 0.020709
0 0.080545 0.823622 0.021932 0.022113
0 0.077708 0.547473 0.021554 0.022640
0 0.613065 0.295630 0.021365 0.021587
0 0.593023 0.793875 0.022500 0.020534
0 0.489790 0.417427 0.019853 0.024044
0 0.883721 0.720867 0.021932 0.019130
0 0.827756 0.272552 0.023067 0.020358
0 0.513046 0.275272 0.025147 0.024746
0 0.929571 0.589242 0.020987 0.022289
0 0.515693 0.566427 0.022121 0.024395
0 0.756381 0.318621 0.024390 0.021938
0 0.658820 0.275886 0.023256 0.026676
0 0.740405 0.816339 0.021176 0.020885
0 0.809321 0.611530 0.022500 0.022640
0 0.201834 0.553440 0.020609 0.019832
0 0.229249 0.706915 0.024012 0.017550
0 0.532615 0.029660 0.023445 0.019656
0 0.712138 0.544489 0.023256 0.025097
0 0.827567 0.210512 0.023445 0.019130
0 0.291643 0.032731 0.024390 0.025448
0 0.514842 0.456651 0.023823 0.019656
0 0.907260 0.677255 0.021743 0.021411
0 0.634052 0.184714 0.022878 0.017726
0 0.253167 0.863987 0.021554 0.021762
0 0.534222 0.201386 0.026281 0.020183
0 0.297221 0.275272 0.022689 0.019481
0 0.420212 0.587662 0.020987 0.019130
0 0.785782 0.701825 0.021554 0.022113
0 0.149461 0.435240 0.022878 0.023868
0 0.509737 0.185767 0.024579 0.018779
0 0.585366 0.139961 0.024579 0.019832
0 0.273019 0.276413 0.023823 0.020358
0 0.178011 0.773342 0.020609 0.025799
0 0.153243 0.728852 0.021365 0.022113
0 0.759690 0.589066 0.022689 0.020183
0 0.489885 0.365304 0.022310 0.021587
0 0.787578 0.789839 0.023256 0.022991
0 0.797504 0.074412 0.023445 0.020709
0 0.787956 0.811688 0.021365 0.018603
0 0.826621 0.173219 0.022310 0.019305
0 0.590187 0.478589 0.020987 0.020358
0 0.913216 0.939803 0.022689 0.020007
0 0.638400 0.386364 0.022500 0.022991
0 0.681887 0.204545 0.021743 0.022991
0 0.435716 0.054493 0.022500 0.016322
0 0.778503 0.274395 0.022121 0.026852
0 0.174040 0.341787 0.023256 0.020885
0 0.513991 0.365655 0.022121 0.020885
0 0.856589 0.383380 0.025903 0.019832
0 0.298544 0.665497 0.023067 0.022113
0 0.824163 0.047473 0.025336 0.019832
0 0.903573 0.318884 0.022689 0.022113
0 0.852902 0.295893 0.023067 0.020709
0 0.928909 0.566866 0.024201 0.021060
0 0.385895 0.073271 0.021176 0.018077
0 0.274627 0.771060 0.021743 0.022640
0 0.780015 0.385486 0.022121 0.021236
0 0.418416 0.319849 0.021554 0.018077
0 0.810172 0.722797 0.025714 0.021587
0 0.851012 0.161987 0.021554 0.020358
0 0.801758 0.206125 0.024768 0.024746
0 0.907638 0.472622 0.024390 0.022464
0 0.664398 0.678571 0.024201 0.018779
0 0.228777 0.796508 0.023445 0.021587
0 0.591133 0.546508 0.024012 0.020358
0 0.904708 0.519919 0.021176 0.019130
0 0.128096 0.661109 0.020609 0.019305
0 0.591416 0.697262 0.024957 0.024570
0 0.388542 0.186381 0.022689 0.026325
0 0.799395 0.116795 0.023823 0.018428
0 0.760635 0.658828 0.023445 0.027378
0 0.612214 0.272552 0.023823 0.020709
0 0.050671 0.123728 0.023067 0.022464
0 0.758745 0.565988 0.020798 0.022464
0 0.341274 0.098543 0.027226 0.022991
0 0.812346 0.768515 0.024390 0.022464
0 0.393931 0.438136 0.024390 0.015971
0 0.297504 0.529309 0.019853 0.023166
0 0.880979 0.519305 0.021743 0.020007
0 0.252789 0.708670 0.021554 0.020358
0 0.642276 0.772289 0.024579 0.022991
0 0.228209 0.686995 0.021554 0.021587
0 0.759690 0.610126 0.023823 0.022640
0 0.729344 0.117585 0.017962 0.021762
0 0.785215 0.634345 0.023445 0.023693
0 0.079599 0.351527 0.020420 0.021762
0 0.241539 0.073184 0.022121 0.022113
0 0.149556 0.207704 0.021176 0.023342
0 0.925317 0.293173 0.020042 0.019481
0 0.565230 0.344419 0.023634 0.022640
0 0.663547 0.478238 0.020231 0.020358
0 0.468803 0.700246 0.020231 0.021411
0 0.516544 0.520885 0.021554 0.019656
0 0.299111 0.709810 0.024579 0.020534
0 0.837115 0.812215 0.022878 0.021411
0 0.274816 0.817480 0.020987 0.020709
0 0.590660 0.393384 0.023445 0.022640
0 0.596521 0.949719 0.024201 0.022991
0 0.542541 0.704545 0.022121 0.020534
0 0.643978 0.904791 0.020420 0.023342
0 0.685574 0.476044 0.022310 0.022991
0 0.836642 0.791330 0.024579 0.018603
0 0.346568 0.527203 0.019663 0.022815
0 0.689450 0.677080 0.021743 0.021060
0 0.708073 0.270095 0.021176 0.021060
0 0.688410 0.656195 0.022310 0.018252
0 0.631783 0.028694 0.023634 0.021587
0 0.245510 0.189277 0.019096 0.024395
0 0.862923 0.880660 0.023067 0.019305
0 0.099924 0.097929 0.024390 0.023166
0 0.174608 0.572657 0.022500 0.018954
0 0.121857 0.060811 0.022121 0.018077
0 0.735772 0.521762 0.021743 0.024921
0 0.639724 0.656985 0.022121 0.019130
0 0.761108 0.700158 0.025903 0.016322
0 0.487899 0.274746 0.023634 0.027203
0 0.617508 0.659617 0.023445 0.024044
0 0.729344 0.098017 0.020231 0.017726
0 0.047930 0.064584 0.024768 0.024219
0 0.851201 0.182696 0.023067 0.019305
0 0.827189 0.362759 0.022310 0.020358
0 0.907733 0.720955 0.021176 0.021411
0 0.220552 0.053440 0.018340 0.021236
0 0.850444 0.050018 0.022689 0.021762
0 0.078654 0.392331 0.020042 0.023693
0 0.081395 0.640839 0.021365 0.024395
0 0.175269 0.477536 0.027226 0.024570
0 0.274910 0.658564 0.021932 0.022640
0 0.485725 0.205335 0.020042 0.018603
0 0.784931 0.681555 0.022500 0.021236
0 0.779353 0.297648 0.020798 0.018954
0 0.274910 0.794840 0.020042 0.023517
0 0.664681 0.521850 0.025147 0.026150
0 0.571091 0.975781 0.028928 0.023166
0 0.059369 0.311864 0.022689 0.025623
0 0.296843 0.429888 0.024957 0.022289
0 0.128569 0.600123 0.020042 0.025448
0 0.679807 0.160934 0.022121 0.020709
0 0.678673 0.030186 0.022878 0.025272
0 0.659576 0.321253 0.022121 0.020183
0 0.534506 0.160758 0.024201 0.016497
0 0.810550 0.790102 0.021176 0.021060
0 0.155133 0.842138 0.020987 0.019481
0 0.172150 0.035363 0.025147 0.026852
0 0.493666 0.800807 0.029117 0.020007
0 0.393080 0.457353 0.021176 0.018252
0 0.418983 0.524219 0.022689 0.021060
0 0.348648 0.417076 0.023445 0.021587
0 0.297504 0.600298 0.024012 0.025799
0 0.876725 0.231397 0.024201 0.029309
0 0.684156 0.338803 0.021743 0.021236
0 0.175458 0.454107 0.024201 0.018428
0 0.149461 0.278343 0.022121 0.020709
0 0.251843 0.598807 0.020042 0.021411
0 0.539894 0.593980 0.025147 0.022991
0 0.444224 0.634696 0.022500 0.024044
0 0.220647 0.076518 0.021176 0.024570
0 0.204765 0.843893 0.019285 0.019130
0 0.864057 0.971042 0.025336 0.022113
0 0.618737 0.771499 0.022500 0.022815
0 0.174608 0.553352 0.026659 0.020709
0 0.730478 0.136539 0.020231 0.015795
0 0.273303 0.593629 0.019474 0.024395
0 0.608622 0.137680 0.021176 0.022640
0 0.641804 0.722973 0.020609 0.024044
0 0.636793 0.343103 0.022310 0.015795
0 0.421346 0.721744 0.025903 0.022289
0 0.690490 0.863812 0.021554 0.022464
0 0.443562 0.524921 0.025336 0.019305
0 0.757894 0.522552 0.019853 0.025097
0 0.741917 0.900404 0.020798 0.021587
0 0.273965 0.616532 0.021176 0.020358
0 0.752883 0.185679 0.020042 0.022113
0 0.855360 0.339330 0.024957 0.018779
0 0.804973 0.359600 0.022500 0.018252
0 0.811685 0.810021 0.022689 0.017375
0 0.825014 0.083187 0.022878 0.020007
0 0.175742 0.230607 0.024012 0.024570
0 0.153432 0.798438 0.024012 0.020885
0 0.878427 0.272113 0.023067 0.019481
0 0.482322 0.052738 0.019285 0.021938
0 0.223199 0.224903 0.023256 0.032468
0 0.223199 0.193928 0.023634 0.028431
0 0.148610 0.186644 0.020798 0.018077
0 0.712138 0.567304 0.021743 0.019832
0 0.207317 0.930590 0.026281 0.023342
0 0.591133 0.371358 0.024012 0.022815
0 0.125922 0.351351 0.023823 0.024921
0 0.294952 0.169358 0.022689 0.023868
0 0.663452 0.590997 0.023067 0.024395
0 0.370864 0.524833 0.023256 0.022289
0 0.857724 0.630572 0.024390 0.020709
0 0.058140 0.357845 0.020987 0.023517
0 0.735867 0.592138 0.020042 0.023868
0 0.807809 0.545016 0.020609 0.020183
0 0.883154 0.559758 0.026092 0.021938
0 0.610040 0.228677 0.020231 0.020007
0 0.175837 0.635925 0.022689 0.018428
0 0.913216 0.915935 0.023067 0.026676
0 0.461335 0.160934 0.023445 0.021762
0 0.147949 0.077308 0.024012 0.026501
0 0.679334 0.139172 0.021554 0.022113
0 0.101815 0.305370 0.021743 0.017199
0 0.080450 0.438750 0.024768 0.024921
0 0.862167 0.856616 0.020798 0.025272
0 0.688599 0.568708 0.024579 0.022640
0 0.718283 0.921990 0.020420 0.018077
0 0.482889 0.074149 0.021176 0.020885
0 0.271696 0.458055 0.019285 0.021411
0 0.775666 0.096262 0.023256 0.016322
0 0.300529 0.728589 0.023634 0.019832
0 0.468330 0.680063 0.018529 0.020709
0 0.100397 0.118375 0.020042 0.016673
0 0.637361 0.362759 0.020420 0.024570
0 0.903290 0.340646 0.024390 0.021060
0 0.619210 0.882678 0.021932 0.022991
0 0.346663 0.617761 0.021743 0.020358
0 0.666194 0.815988 0.023256 0.020534
0 0.444413 0.429975 0.017962 0.016497
0 0.226508 0.482274 0.020420 0.021762
0 0.389771 0.210074 0.024012 0.018252
0 0.340518 0.121797 0.023067 0.024219
0 0.126300 0.424272 0.020042 0.021938
0 0.173568 0.149526 0.023067 0.021411
0 0.851579 0.229291 0.021932 0.024395
0 0.862923 0.811864 0.022689 0.019656
0 0.227075 0.527027 0.023823 0.018603
0 0.180753 0.914005 0.025714 0.023517
0 0.540272 0.386013 0.024012 0.023693
0 0.762810 0.769744 0.022500 0.022113
0 0.564852 0.365216 0.023634 0.017199
0 0.174419 0.279221 0.025525 0.022113
0 0.810739 0.830642 0.021932 0.021762
0 0.712517 0.520797 0.024390 0.022289
0 0.483551 0.117234 0.020987 0.017550
0 0.809605 0.633117 0.023823 0.019130
0 0.644073 0.816427 0.023634 0.022113
0 0.099641 0.032731 0.024579 0.020534
0 0.734827 0.476834 0.022121 0.017550
0 0.201739 0.398912 0.021176 0.017901
0 0.664776 0.659179 0.022689 0.021060
0 0.874078 0.116357 0.019663 0.022113
0 0.929665 0.427869 0.019663 0.018603
0 0.710437 0.404967 0.024768 0.024746
0 0.219796 0.031415 0.020231 0.020358
0 0.302609 0.894875 0.022878 0.023868
0 0.751843 0.121271 0.024390 0.015795
0 0.731802 0.406897 0.022500 0.021587
0 0.131594 0.862759 0.021554 0.023517
0 0.123180 0.076343 0.019853 0.015444
0 0.231991 0.948315 0.023445 0.021236
0 0.920023 0.093366 0.018907 0.020709
0 0.741634 0.878905 0.020231 0.018252
0 0.173001 0.186469 0.021932 0.022991
0 0.705615 0.116006 0.021932 0.018954
0 0.538760 0.323271 0.021365 0.017901
0 0.203819 0.661723 0.022310 0.022289
0 0.297410 0.622587 0.024579 0.021236
0 0.682832 0.297473 0.022500 0.019305
0 0.920117 0.072482 0.019853 0.018954
0 0.202779 0.481923 0.025147 0.028080
0 0.172150 0.093893 0.024390 0.025272
0 0.295614 0.222095 0.026281 0.036329
0 0.440253 0.181643 0.027415 0.024921
0 0.887313 0.840997 0.023067 0.021411
0 0.591794 0.633205 0.024957 0.020007
0 0.295803 0.380484 0.024390 0.020007
0 0.657213 0.204107 0.021176 0.022113
0 0.490074 0.521762 0.020798 0.021762
0 0.851012 0.203580 0.021554 0.023166
0 0.463415 0.275184 0.020420 0.023166
0 0.073360 0.053352 0.024957 0.021411
0 0.656835 0.181643 0.021554 0.019656
0 0.859992 0.768603 0.022500 0.023693
0 0.855738 0.519656 0.021554 0.023517
0 0.229722 0.727975 0.025336 0.023166
0 0.543676 0.725079 0.021365 0.022640
0 0.585839 0.226658 0.024768 0.021587
0 0.741350 0.858722 0.022689 0.018252
0 0.897807 0.181994 0.020987 0.021762
0 0.682360 0.275360 0.021932 0.023166
0 0.420212 0.566690 0.020609 0.020358
0 0.783986 0.611004 0.025903 0.022991
0 0.126678 0.463671 0.021176 0.020709
0 0.705237 0.136802 0.025336 0.018779
0 0.246360 0.166901 0.020798 0.017901
0 0.130932 0.791506 0.020231 0.018252
0 0.056060 0.797648 0.020231 0.020709
0 0.506145 0.054844 0.024579 0.025097
0 0.301664 0.870656 0.023634 0.023517
0 0.759501 0.680853 0.024957 0.021938
0 0.206372 0.861969 0.021365 0.016673
0 0.593874 0.837136 0.020420 0.019656
0 0.252978 0.795806 0.021932 0.017024
0 0.102288 0.363549 0.021554 0.018428
0 0.081301 0.661636 0.021554 0.020007
0 0.824352 0.065198 0.021932 0.015971
0 0.946965 0.138119 0.024768 0.021411
0 0.101815 0.165233 0.022878 0.018077
0 0.640008 0.566076 0.020798 0.018428
0 0.050199 0.087575 0.024768 0.020358
0 0.912649 0.890049 0.019285 0.021938
0 0.906882 0.449631 0.024012 0.022815
0 0.732936 0.320288 0.021365 0.021762
0 0.732747 0.363373 0.019096 0.020885
0 0.173284 0.058266 0.023634 0.016848
0 0.608054 0.117936 0.022689 0.017901
0 0.034506 0.282204 0.023256 0.025974
0 0.202968 0.725518 0.023634 0.022113
0 0.129609 0.706476 0.022878 0.015971
0 0.736340 0.659968 0.020609 0.022289
0 0.838816 0.946385 0.021365 0.017024
0 0.411136 0.029133 0.023634 0.016848
0 0.780015 0.318621 0.022500 0.022640
0 0.370864 0.330818 0.020609 0.022815
0 0.442428 0.476395 0.020420 0.024746
0 0.568822 0.773429 0.021743 0.021762
0 0.346663 0.640312 0.021365 0.021938
0 0.149556 0.483064 0.020798 0.024395
0 0.930138 0.630660 0.022878 0.024746
0 0.911704 0.867497 0.020042 0.019656
0 0.615523 0.521060 0.021743 0.022464
0 0.572509 0.924272 0.024201 0.025097
0 0.124504 0.279221 0.022500 0.021762
0 0.420023 0.679624 0.023256 0.022991
0 0.906788 0.585907 0.020420 0.019481
0 0.490263 0.459986 0.021554 0.019656
0 0.840045 0.969200 0.023823 0.025799
0 0.467385 0.480256 0.022310 0.021587
0 0.265835 0.041857 0.026092 0.037382
0 0.619871 0.905318 0.024768 0.022991
0 0.618832 0.794577 0.023823 0.023342
0 0.294006 0.192260 0.022689 0.022289
0 0.049820 0.037645 0.019096 0.027905
0 0.127434 0.530800 0.023445 0.026150
0 0.877765 0.295191 0.022121 0.024219
0 0.906315 0.565198 0.019474 0.018077
0 0.519191 0.702088 0.020420 0.019481
0 0.833333 0.654001 0.023634 0.019832
0 0.907071 0.429098 0.022500 0.017550
0 0.789847 0.947876 0.027037 0.024570
0 0.156173 0.887417 0.020798 0.017726
0 0.103706 0.573535 0.023634 0.021411
0 0.232936 0.972359 0.020420 0.019832
0 0.491492 0.590909 0.022121 0.024219
0 0.826243 0.192085 0.021932 0.018077
0 0.149178 0.229730 0.021932 0.021060
0 0.229628 0.814672 0.021743 0.015444
0 0.273398 0.572043 0.019285 0.017375
0 0.570240 0.880133 0.019285 0.023166
0 0.929760 0.402510 0.021743 0.022991
0 0.902723 0.360741 0.022500 0.019481
0 0.805351 0.476044 0.026281 0.028256
0 0.225941 0.460600 0.018907 0.016673
0 0.595670 0.906107 0.024390 0.021762
0 0.880979 0.539839 0.023634 0.016497
0 0.515504 0.592576 0.022500 0.024044
0 0.156173 0.909003 0.020798 0.021587
0 0.832388 0.543963 0.024012 0.020885
0 0.108244 0.885486 0.022500 0.018779
0 0.109000 0.906458 0.022500 0.020358
0 0.148421 0.142418 0.022310 0.017375
0 0.301947 0.929888 0.023823 0.027203
0 0.129420 0.577747 0.019853 0.021762
0 0.410380 0.047824 0.022878 0.018077
0 0.058423 0.335205 0.021554 0.017550
0 0.882303 0.632152 0.023634 0.021060
0 0.384666 0.032204 0.023256 0.022640
0 0.489128 0.345735 0.024201 0.016848
0 0.338627 0.075290 0.022689 0.022113
0 0.947154 0.184889 0.022121 0.021938
0 0.149272 0.298263 0.018718 0.017024
0 0.490546 0.478940 0.022878 0.025623
0 0.731329 0.205774 0.020042 0.019832
0 0.657780 0.226746 0.023067 0.017550
0 0.937512 0.943138 0.029306 0.023166
0 0.122897 0.037206 0.022310 0.029835
0 0.249669 0.416550 0.021365 0.015269
0 0.273303 0.637417 0.021743 0.017901
0 0.928720 0.654177 0.020042 0.018077
0 0.592172 0.653299 0.023445 0.017726
0 0.057005 0.889259 0.025147 0.021060
0 0.056060 0.664970 0.022121 0.018603
0 0.385612 0.053703 0.021743 0.020709
0 0.543108 0.799403 0.022121 0.017199
0 0.079599 0.306862 0.019663 0.019832
0 0.250142 0.340909 0.021554 0.030011
0 0.413972 0.229028 0.020987 0.020007
0 0.132350 0.953580 0.020798 0.022640
0 0.827189 0.228940 0.022310 0.020183
0 0.461429 0.183134 0.018340 0.021587
0 0.944129 0.071165 0.023256 0.026501
0 0.073265 0.033257 0.025525 0.020885
0 0.910947 0.815637 0.021554 0.020183
0 0.146909 0.052475 0.023823 0.021762
0 0.437606 0.206476 0.022500 0.020183
0 0.807620 0.521938 0.024012 0.021762
0 0.079599 0.371007 0.021554 0.016146
0 0.395443 0.661109 0.025147 0.016146
0 0.659576 0.300281 0.021743 0.021762
0 0.761581 0.721306 0.023823 0.025974
0 0.410380 0.091260 0.022121 0.017550
0 0.541029 0.681906 0.022500 0.025799
0 0.362923 0.032029 0.023634 0.021236
0 0.691246 0.973850 0.025714 0.020358
0 0.341747 0.229554 0.022878 0.021762
0 0.590849 0.434363 0.023823 0.017199
0 0.669314 0.950333 0.023445 0.023166
0 0.050671 0.173921 0.027983 0.022464
0 0.713178 0.588803 0.022689 0.018954
0 0.783135 0.456739 0.024201 0.022289
0 0.908678 0.769919 0.023823 0.023868
0 0.900454 0.231134 0.022121 0.024921
0 0.079599 0.416286 0.023445 0.020007
0 0.929476 0.520446 0.024957 0.021938
0 0.227359 0.370744 0.024768 0.022991
0 0.126678 0.444279 0.020798 0.017375
0 0.884950 0.771236 0.023634 0.025448
0 0.370013 0.440330 0.021176 0.015795
0 0.467952 0.520797 0.021554 0.022289
0 0.302137 0.914268 0.023067 0.015620
0 0.155984 0.952176 0.024201 0.019130
0 0.875024 0.182959 0.022310 0.017375
0 0.952638 0.428484 0.025903 0.025097
0 0.596427 0.927518 0.023634 0.020709
0 0.080166 0.462443 0.023823 0.023166
0 0.622329 0.949105 0.025525 0.023868
0 0.348270 0.395314 0.023067 0.018779
0 0.133768 0.909530 0.024012 0.021938
0 0.809038 0.654791 0.022689 0.021762
0 0.719040 0.722622 0.029495 0.026501
0 0.249858 0.433485 0.022878 0.017550
0 0.151068 0.528256 0.020042 0.019305
0 0.570996 0.902071 0.024957 0.020007
0 0.102382 0.381713 0.022121 0.017550
0 0.389299 0.229028 0.022310 0.019305
0 0.102004 0.184538 0.024012 0.019130
0 0.203347 0.642067 0.023256 0.015971
0 0.594063 0.769481 0.025336 0.025799
0 0.266307 0.053703 0.023256 0.014742
0 0.036491 0.305546 0.022310 0.020358
0 0.363963 0.073184 0.019663 0.022464
0 0.782379 0.477009 0.021554 0.021060
0 0.590376 0.350562 0.023256 0.022640
0 0.055776 0.821604 0.021932 0.024746
0 0.445642 0.698491 0.023067 0.021411
0 0.254301 0.931555 0.021176 0.022815
0 0.833901 0.635749 0.022121 0.016322
0 0.639440 0.586697 0.021176 0.019305
0 0.148327 0.124254 0.020609 0.017901
0 0.082341 0.954194 0.022878 0.022113
0 0.276990 0.954809 0.021932 0.019130
0 0.056154 0.773078 0.023823 0.023166
0 0.080261 0.774833 0.022878 0.027378
0 0.947249 0.162250 0.023445 0.019130
0 0.254869 0.910407 0.021554 0.016673
0 0.718283 0.972095 0.024579 0.024219
0 0.935905 0.876974 0.023445 0.025974
0 0.369257 0.305985 0.018907 0.026501
0 0.082341 0.867322 0.024012 0.015795
0 0.946682 0.115918 0.025714 0.022640
0 0.268765 0.138294 0.021743 0.014040
0 0.920117 0.050895 0.018718 0.017550
0 0.386935 0.140927 0.022878 0.019656
0 0.347325 0.662689 0.024201 0.017550
0 0.056627 0.866444 0.022121 0.021060
0 0.434959 0.113022 0.021743 0.018954
0 0.146341 0.031766 0.026092 0.016848
0 0.050671 0.105300 0.023445 0.015093
0 0.057289 0.617585 0.022310 0.025974
0 0.790225 0.971306 0.026281 0.022289
0 0.173095 0.168041 0.022878 0.014567
0 0.713084 0.632503 0.025147 0.019656
0 0.435527 0.095121 0.021743 0.017901
0 0.079883 0.328273 0.020987 0.022991
0 0.411231 0.115128 0.023823 0.024570
0 0.662318 0.794753 0.029873 0.022991
0 0.570051 0.798175 0.021932 0.027027
0 0.931272 0.609600 0.024768 0.016322
0 0.108338 0.817480 0.020042 0.016848
0 0.268482 0.156371 0.019663 0.022464
0 0.276801 0.909793 0.023067 0.021411
0 0.180185 0.891804 0.026092 0.024395
0 0.128285 0.486486 0.020987 0.021411
0 0.888826 0.970604 0.023823 0.022640
0 0.863301 0.833275 0.022310 0.022113
0 0.594914 0.859249 0.021743 0.021411
0 0.713935 0.680590 0.022689 0.027378
0 0.395349 0.683398 0.023067 0.025623
0 0.128285 0.626887 0.023634 0.027378
0 0.711193 0.653826 0.023256 0.021938
0 0.102193 0.345735 0.021365 0.013338
0 0.272169 0.728589 0.021365 0.019832
0 0.151541 0.548965 0.019853 0.022815
0 0.773587 0.027817 0.021365 0.026501
0 0.149934 0.342927 0.021554 0.017199
0 0.055871 0.844507 0.022878 0.020007
0 0.302231 0.955774 0.024012 0.025272
0 0.254963 0.953931 0.022500 0.020534
0 0.642087 0.794753 0.021932 0.021236
0 0.272830 0.439979 0.021932 0.015093
0 0.443751 0.611706 0.021932 0.022289
0 0.200794 0.442173 0.023445 0.021938
0 0.130081 0.770621 0.020042 0.020358
0 0.173001 0.075114 0.022689 0.013338
0 0.926924 0.339944 0.022500 0.019305
0 0.197485 0.055985 0.020987 0.016848
0 0.789469 0.923043 0.020231 0.022991
0 0.103517 0.550544 0.021365 0.023517
0 0.099452 0.078887 0.021932 0.015269
0 0.365097 0.190505 0.021176 0.021587
0 0.156173 0.972797 0.023067 0.020709
0 0.109662 0.974377 0.024579 0.020709
0 0.364530 0.166550 0.019285 0.020709
0 0.251843 0.729115 0.019285 0.020885
0 0.174135 0.531064 0.021932 0.022113
0 0.149556 0.320814 0.022310 0.026676
0 0.687181 0.522464 0.022121 0.021411
0 0.200983 0.530800 0.021932 0.025448
0 0.419550 0.480783 0.026470 0.020183
0 0.102382 0.210951 0.022121 0.023517
0 0.540556 0.618287 0.024579 0.024921
0 0.107015 0.838013 0.020420 0.018252
0 0.951881 0.404879 0.023634 0.020358
0 0.226130 0.329414 0.024201 0.015093
0 0.246739 0.209108 0.020420 0.010355
0 0.363396 0.051860 0.021554 0.019130
0 0.132823 0.974465 0.022121 0.019130
0 0.242201 0.054493 0.021176 0.014918
0 0.569484 0.838277 0.023445 0.019130
0 0.946209 0.094770 0.026281 0.021060
0 0.389015 0.162952 0.020231 0.020885
0 0.126016 0.207178 0.021743 0.025097
0 0.909907 0.839417 0.019853 0.023517
0 0.712895 0.611969 0.025147 0.023517
0 0.444697 0.680151 0.023823 0.018428
0 0.370675 0.726132 0.018340 0.021587
0 0.347703 0.727273 0.026092 0.024570
0 0.029117 0.146543 0.017395 0.024921
0 0.079316 0.486925 0.022878 0.020534
0 0.570240 0.820990 0.020798 0.014040
0 0.950936 0.361004 0.024390 0.021060
0 0.493855 0.822131 0.029117 0.023693
0 0.276801 0.976746 0.020798 0.020885
0 0.906788 0.604510 0.020420 0.016322
0 0.371242 0.423570 0.019853 0.015269
0 0.228399 0.351088 0.025336 0.024044
0 0.913878 0.966567 0.026659 0.025097
0 0.074211 0.072569 0.022121 0.018779
0 0.365948 0.230081 0.022121 0.018603
0 0.132256 0.884258 0.026659 0.023342
0 0.232464 0.924710 0.025903 0.025272
0 0.814332 0.930853 0.024957 0.018954
0 0.301853 0.976922 0.020609 0.017024
0 0.596048 0.974640 0.019474 0.021587
0 0.905464 0.632503 0.020798 0.018252
0 0.516733 0.617761 0.024201 0.022815
0 0.950369 0.382590 0.023256 0.018603
0 0.829552 0.421025 0.020987 0.007371
0 0.202401 0.458670 0.019853 0.017024
0 0.925600 0.317217 0.020987 0.024044
0 0.076574 0.119691 0.022310 0.017199
0 0.925884 0.229730 0.026470 0.023517
0 0.075156 0.101439 0.020609 0.016497
0 0.442900 0.591172 0.021365 0.014567
0 0.850728 0.028958 0.022121 0.018603
0 0.270183 0.177167 0.019663 0.014918
0 0.763188 0.902422 0.019853 0.017550
0 0.946398 0.206037 0.020609 0.020358
0 0.371148 0.670586 0.021932 0.024570
0 0.277368 0.865128 0.021932 0.022289
0 0.126394 0.233503 0.022878 0.025097
0 0.206561 0.883029 0.025147 0.022640
0 0.492910 0.613373 0.020042 0.023166
0 0.736907 0.679361 0.017962 0.018252
0 0.057005 0.912250 0.020609 0.021411
0 0.037153 0.576343 0.019474 0.021411
0 0.741539 0.723675 0.016638 0.024395
0 0.926546 0.268340 0.024012 0.025974
0 0.751276 0.922955 0.042163 0.031239
0 0.081206 0.728413 0.021365 0.027203
0 0.928720 0.450509 0.021932 0.023517
0 0.038382 0.332748 0.018907 0.020709
0 0.324258 0.528080 0.015504 0.032994
0 0.255058 0.976220 0.020420 0.025097
0 0.927396 0.674623 0.018529 0.020358
0 0.919550 0.033521 0.020987 0.017199
0 0.714596 0.699982 0.022121 0.019481
0 0.249858 0.330204 0.019853 0.016673
0 0.516922 0.663040 0.021932 0.020007
0 0.740026 0.925237 0.018151 0.024570
0 0.206939 0.907599 0.022500 0.022289
0 0.080545 0.704282 0.021176 0.020709
0 0.816790 0.972973 0.026848 0.018603
0 0.491397 0.636978 0.018529 0.019481
0 0.737096 0.699456 0.020609 0.020534
0 0.496597 0.849509 0.031575 0.026852
0 0.927207 0.389435 0.020042 0.015093
0 0.128852 0.556336 0.020231 0.020709
0 0.814710 0.951386 0.023823 0.022815
0 0.079410 0.164795 0.022310 0.018954
0 0.740783 0.948842 0.020042 0.020534
0 0.054547 0.574939 0.021365 0.021060
0 0.789185 0.901983 0.021176 0.020885
0 0.930894 0.696560 0.018718 0.023868
0 0.277368 0.890751 0.022689 0.023693
0 0.621668 0.974640 0.028739 0.018428
0 0.027888 0.035978 0.021365 0.027378
0 0.026186 0.056336 0.024768 0.017550
0 0.028455 0.078273 0.024768 0.024219
0 0.025525 0.100211 0.016638 0.015444
0 0.025525 0.119428 0.016638 0.020885
0 0.028550 0.169270 0.017773 0.024044
0 0.074589 0.229028 0.020231 0.027378
0 0.074589 0.200597 0.020231 0.018603
0 0.821422 0.025535 0.027037 0.021938
0 0.874551 0.030537 0.022500 0.025272
0 0.897618 0.029396 0.021365 0.022991
0 0.944318 0.047561 0.024768 0.017550
0 0.037342 0.355212 0.021365 0.023166
0 0.104178 0.484644 0.027226 0.022991
0 0.950180 0.339856 0.024768 0.020885
0 0.946115 0.292120 0.021176 0.015269
0 0.033182 0.531239 0.022500 0.024219
0 0.055114 0.529572 0.023634 0.020885
0 0.103517 0.529572 0.021365 0.020885
0 0.032615 0.553264 0.023634 0.021938
0 0.055682 0.551509 0.022500 0.020885
0 0.033277 0.594331 0.017773 0.016322
0 0.055114 0.595472 0.021365 0.018603
0 0.032709 0.612496 0.018907 0.017550
0 0.033182 0.629431 0.022500 0.018779
0 0.032615 0.655756 0.021365 0.022991
0 0.054547 0.684889 0.022500 0.021938
0 0.104651 0.713320 0.023634 0.019832
0 0.105313 0.734205 0.022310 0.019832
0 0.347608 0.682081 0.022500 0.025097
0 0.348743 0.705072 0.022500 0.020885
0 0.370580 0.691383 0.021176 0.015269
0 0.371809 0.708933 0.021365 0.019832
0 0.394309 0.704633 0.023634 0.017550
0 0.420212 0.701299 0.023634 0.019656
0 0.492248 0.657950 0.023634 0.020709
0 0.493477 0.680502 0.026092 0.021938
0 0.541407 0.638206 0.022500 0.020885
0 0.543108 0.658477 0.025903 0.017550
0 0.735772 0.613549 0.023634 0.015444
0 0.737474 0.633819 0.022500 0.020885
0 0.832577 0.521323 0.023634 0.021938
0 0.230573 0.883380 0.027037 0.024044
0 0.231235 0.904703 0.028361 0.016497
0 0.254207 0.887768 0.022500 0.030713
0 0.058045 0.937083 0.027226 0.024044
0 0.035545 0.819674 0.020042 0.021938
0 0.034411 0.841085 0.017773 0.020885
0 0.034411 0.865216 0.017773 0.018603
0 0.034411 0.886627 0.022310 0.024219
0 0.033277 0.910232 0.020042 0.020885
0 0.082246 0.974903 0.021176 0.018603
0 0.741634 0.972710 0.021365 0.022991
0 0.764700 0.973236 0.024768 0.021938
0 0.764700 0.949719 0.027037 0.025097
0 0.888164 0.819235 0.025903 0.016497
0 0.959633 0.901983 0.024768 0.019832
0 0.960200 0.922868 0.023634 0.019832
