0 0.870360 0.123866 0.114269 0.041383
0 0.877030 0.166950 0.096288 0.047052
0 0.880220 0.220380 0.124710 0.062075
0 0.882541 0.275368 0.120070 0.050170
0 0.877030 0.328231 0.127610 0.053288
0 0.872680 0.378401 0.109629 0.047052
0 0.870360 0.429138 0.140951 0.058957
0 0.872680 0.488520 0.122390 0.064342
0 0.863689 0.542375 0.122970 0.050170
0 0.869200 0.594813 0.120070 0.058673
0 0.871520 0.647109 0.111949 0.056689
0 0.864849 0.696712 0.138051 0.051020
0 0.868039 0.748016 0.127030 0.060091
0 0.860499 0.805697 0.129350 0.053571
0 0.857019 0.861961 0.136311 0.056689
0 0.860499 0.912132 0.133991 0.043651
0 0.861369 0.951531 0.127610 0.041383
0 0.714037 0.125000 0.145012 0.056689
0 0.707657 0.180981 0.145012 0.051304
0 0.719838 0.228600 0.111369 0.063209
0 0.717227 0.288832 0.106148 0.056689
0 0.718097 0.344104 0.104408 0.058390
0 0.714907 0.395266 0.130510 0.059807
0 0.709977 0.445153 0.107889 0.043367
0 0.706787 0.494473 0.117749 0.055272
0 0.704466 0.547194 0.122390 0.047336
0 0.697216 0.593254 0.114849 0.048186
0 0.701856 0.644558 0.124130 0.054422
0 0.697216 0.696003 0.120650 0.051871
0 0.702146 0.745607 0.121230 0.049036
0 0.703016 0.797902 0.128770 0.052721
0 0.699826 0.846372 0.109629 0.048753
0 0.698956 0.899093 0.120650 0.050454
0 0.699826 0.949263 0.122390 0.052721
0 0.557135 0.127551 0.150232 0.050454
0 0.548144 0.181122 0.128770 0.061224
0 0.553944 0.232710 0.133411 0.048186
0 0.555394 0.284722 0.143271 0.055839
0 0.549884 0.332625 0.128770 0.041667
0 0.551334 0.382653 0.135151 0.054989
0 0.545244 0.434099 0.128770 0.047902
0 0.550464 0.482993 0.111369 0.048186
0 0.548144 0.534580 0.119490 0.056689
0 0.546404 0.597647 0.128770 0.066043
0 0.558875 0.644841 0.088747 0.047052
0 0.547564 0.697279 0.153132 0.060658
0 0.549884 0.747591 0.141531 0.054138
0 0.544954 0.802296 0.113109 0.058107
0 0.553074 0.853883 0.129350 0.045068
0 0.539153 0.897109 0.088747 0.038549
0 0.542633 0.941327 0.104988 0.052721
0 0.400812 0.129960 0.117169 0.058107
0 0.397622 0.188492 0.117749 0.060658
0 0.404582 0.236536 0.109629 0.047902
0 0.405452 0.284580 0.120650 0.060658
0 0.400812 0.334325 0.120650 0.043367
0 0.403132 0.379110 0.112529 0.060374
0 0.400812 0.434524 0.114849 0.048753
0 0.399362 0.486961 0.130510 0.054422
0 0.395302 0.541667 0.135151 0.056689
0 0.390371 0.593254 0.125290 0.060658
0 0.388631 0.645975 0.119490 0.052721
0 0.393561 0.696429 0.122390 0.052721
0 0.387761 0.742914 0.104988 0.044785
0 0.386311 0.791667 0.133411 0.048186
0 0.392691 0.848356 0.120650 0.062358
0 0.388051 0.902211 0.124130 0.050454
0 0.390951 0.948696 0.120650 0.048753
0 0.236369 0.124433 0.139791 0.054989
0 0.246810 0.179989 0.113109 0.058957
0 0.245360 0.235402 0.119490 0.058107
0 0.240429 0.293651 0.113109 0.054989
0 0.236079 0.355584 0.119490 0.063776
0 0.235499 0.406321 0.128770 0.043934
0 0.235789 0.455924 0.154872 0.055272
0 0.230858 0.509070 0.116009 0.060658
0 0.233179 0.559382 0.175174 0.047902
0 0.237239 0.607426 0.135731 0.054422
0 0.222738 0.657455 0.122970 0.045635
0 0.230858 0.699830 0.128770 0.042517
0 0.227378 0.746457 0.116009 0.053571
0 0.225058 0.799603 0.140371 0.054422
0 0.225058 0.856576 0.133411 0.056689
0 0.225928 0.903486 0.113109 0.055839
0 0.241299 0.948413 0.124130 0.044785
0 0.080916 0.120181 0.118910 0.052721
0 0.085847 0.171202 0.116009 0.046485
0 0.086717 0.217404 0.104988 0.042517
0 0.086717 0.273668 0.117749 0.063776
0 0.086427 0.324688 0.082367 0.043367
0 0.078596 0.379393 0.127030 0.059807
0 0.078306 0.429280 0.120650 0.061508
0 0.073666 0.484127 0.111369 0.062925
0 0.071056 0.542092 0.122390 0.060374
0 0.077726 0.595522 0.116009 0.052721
0 0.080916 0.647534 0.113109 0.049603
0 0.076276 0.701531 0.109629 0.058390
0 0.079176 0.753543 0.125870 0.058107
0 0.071056 0.803430 0.122390 0.055839
0 0.069026 0.856151 0.124130 0.057540
0 0.068735 0.908163 0.117749 0.060658
0 0.066995 0.950680 0.127030 0.040249
