0 0.709794 0.074682 0.120919 0.070521
0 0.708888 0.162724 0.125151 0.101183
0 0.717956 0.257118 0.131197 0.068331
0 0.718561 0.348664 0.138452 0.077968
0 0.716445 0.438239 0.128174 0.099431
0 0.712213 0.536575 0.134220 0.092860
0 0.720073 0.628997 0.141475 0.091984
0 0.720677 0.718353 0.146312 0.091108
0 0.718561 0.811651 0.126360 0.093736
0 0.717352 0.904074 0.123942 0.092860
0 0.581620 0.082567 0.135429 0.090670
0 0.585852 0.177617 0.118501 0.103811
0 0.587364 0.275515 0.126360 0.091984
0 0.587364 0.362024 0.126360 0.089794
0 0.583736 0.453132 0.104595 0.099431
0 0.586457 0.554753 0.134220 0.116075
0 0.595526 0.644547 0.134220 0.084538
0 0.592503 0.735436 0.125756 0.101621
0 0.600060 0.827201 0.137243 0.088918
0 0.592503 0.918528 0.122128 0.100745
0 0.448609 0.083662 0.120919 0.107753
0 0.456771 0.181997 0.122733 0.084538
0 0.457678 0.272230 0.108827 0.089794
0 0.460399 0.366623 0.129988 0.088480
0 0.461911 0.457950 0.133011 0.094174
0 0.465840 0.553876 0.137243 0.108191
0 0.465840 0.648051 0.131197 0.089794
0 0.458283 0.740035 0.125756 0.104687
0 0.465538 0.838371 0.140266 0.098117
0 0.466445 0.927508 0.126360 0.090670
0 0.322551 0.080815 0.125151 0.089794
0 0.321947 0.172142 0.138452 0.092860
0 0.327993 0.274858 0.150544 0.109943
0 0.327086 0.365528 0.134220 0.095050
0 0.328597 0.455979 0.139661 0.093736
0 0.329202 0.547744 0.150544 0.109067
0 0.332225 0.644109 0.146917 0.089794
0 0.328597 0.733246 0.131197 0.097240
0 0.327690 0.826763 0.141475 0.104687
0 0.333736 0.919623 0.129383 0.083662
0 0.192866 0.087166 0.136638 0.087604
0 0.193470 0.180245 0.135429 0.098555
0 0.196493 0.272668 0.139057 0.086290
0 0.203446 0.361805 0.137243 0.087604
0 0.199516 0.455979 0.141475 0.102497
0 0.199516 0.555191 0.129383 0.095926
0 0.202237 0.644985 0.144498 0.100307
0 0.201632 0.733684 0.131197 0.091984
0 0.210097 0.826763 0.123942 0.104687
0 0.209190 0.922251 0.134220 0.090670
