0 0.421875 0.329170 0.043229 0.065799
0 0.479948 0.455313 0.050521 0.064743
0 0.855990 0.202674 0.051562 0.065447
0 0.262109 0.276742 0.047135 0.063688
0 0.803125 0.141450 0.043229 0.063336
0 0.587370 0.390922 0.043490 0.064039
0 0.587891 0.326531 0.045052 0.065447
0 0.424349 0.391098 0.042969 0.064391
0 0.803125 0.202322 0.047917 0.064743
0 0.857292 0.140746 0.053125 0.061928
0 0.316536 0.458128 0.043490 0.059113
0 0.533073 0.328642 0.050000 0.061928
0 0.697135 0.447572 0.045833 0.063336
0 0.789714 0.809113 0.026823 0.029909
0 0.750781 0.449859 0.047917 0.057354
0 0.639714 0.386875 0.046094 0.063688
0 0.751042 0.387227 0.048438 0.067206
0 0.854948 0.077586 0.052604 0.065095
0 0.261589 0.334448 0.046094 0.055947
0 0.477995 0.515834 0.046094 0.059113
0 0.476172 0.393913 0.046615 0.058058
0 0.204297 0.338142 0.048177 0.061928
0 0.290234 0.638635 0.028906 0.036594
0 0.804297 0.448276 0.050781 0.065447
0 0.153125 0.277621 0.050521 0.064039
0 0.263281 0.520584 0.049479 0.058761
0 0.371094 0.336559 0.048958 0.061576
0 0.804427 0.384764 0.051042 0.064391
0 0.644922 0.511084 0.048177 0.064391
0 0.315234 0.397255 0.041927 0.060521
0 0.533073 0.512843 0.043750 0.065799
0 0.532943 0.390746 0.049219 0.055243
0 0.368490 0.393561 0.044271 0.053132
0 0.206901 0.273927 0.045573 0.062984
0 0.206901 0.401654 0.046094 0.060169
0 0.530469 0.449156 0.047396 0.058761
0 0.424349 0.273575 0.052344 0.057354
0 0.639193 0.328290 0.042969 0.047854
0 0.553255 0.596939 0.027865 0.040464
0 0.588411 0.511436 0.042448 0.051724
0 0.357552 0.595531 0.025521 0.033427
0 0.522005 0.810169 0.026823 0.035538
0 0.315495 0.336031 0.044010 0.053483
0 0.802604 0.264954 0.047917 0.066151
0 0.230599 0.856791 0.026302 0.028149
0 0.587109 0.450563 0.047656 0.053835
0 0.688021 0.853624 0.030729 0.035890
0 0.696745 0.267241 0.046615 0.055243
0 0.370833 0.454082 0.041667 0.054539
0 0.789583 0.861189 0.026562 0.028501
0 0.369792 0.511084 0.041667 0.061576
0 0.643750 0.448276 0.048958 0.059113
0 0.317578 0.517769 0.039844 0.056650
0 0.289453 0.598522 0.026823 0.038001
0 0.788672 0.640394 0.027344 0.031668
0 0.198047 0.854680 0.028385 0.032372
0 0.586849 0.267417 0.047135 0.050669
0 0.312370 0.274279 0.043490 0.069317
0 0.432812 0.706545 0.025521 0.028853
0 0.425260 0.450035 0.040625 0.045742
0 0.261979 0.457072 0.041146 0.064039
0 0.554818 0.640218 0.030469 0.036946
0 0.150130 0.216925 0.046615 0.060873
0 0.371224 0.272871 0.045052 0.058761
0 0.696745 0.511436 0.049219 0.062280
0 0.855859 0.591133 0.028385 0.034483
0 0.157812 0.523927 0.045312 0.068966
0 0.232552 0.727129 0.026042 0.027797
0 0.725000 0.926108 0.017708 0.024631
0 0.495833 0.857319 0.027083 0.030612
0 0.321354 0.811928 0.028125 0.034131
0 0.455729 0.635820 0.026042 0.033075
0 0.393490 0.593244 0.027604 0.036594
0 0.641276 0.269177 0.047656 0.061928
0 0.259766 0.856615 0.023177 0.027094
0 0.424479 0.508445 0.042708 0.064743
0 0.660286 0.754046 0.027865 0.027445
0 0.802214 0.325299 0.041927 0.048205
0 0.189323 0.595707 0.027083 0.035186
0 0.912109 0.263547 0.055990 0.080225
0 0.426302 0.594300 0.028646 0.035890
0 0.260417 0.397431 0.045312 0.059465
0 0.749609 0.325827 0.044531 0.047854
0 0.475130 0.335679 0.037760 0.057002
0 0.295964 0.730120 0.028906 0.030260
0 0.695964 0.326179 0.045573 0.056298
0 0.789583 0.836031 0.025521 0.029557
0 0.750260 0.264778 0.048958 0.062280
0 0.559635 0.754222 0.028646 0.027797
0 0.367578 0.665904 0.018490 0.019353
0 0.321354 0.838846 0.025521 0.025334
0 0.657943 0.923997 0.025781 0.028853
0 0.824089 0.675581 0.028906 0.045039
0 0.291276 0.858023 0.025781 0.029205
0 0.294922 0.708128 0.029427 0.026390
0 0.586719 0.640394 0.029167 0.034483
0 0.750260 0.511260 0.038542 0.059817
0 0.154427 0.459887 0.043750 0.047854
0 0.557682 0.923997 0.023177 0.025334
0 0.620573 0.809113 0.026042 0.028501
0 0.857292 0.853096 0.028125 0.034835
0 0.521094 0.593068 0.028125 0.039057
0 0.755729 0.641450 0.030208 0.033779
0 0.123177 0.598522 0.030208 0.036594
0 0.757031 0.856791 0.027083 0.028853
0 0.653125 0.810873 0.025521 0.032723
0 0.802995 0.510732 0.042448 0.048909
0 0.586719 0.853976 0.027083 0.029557
0 0.197266 0.812104 0.026302 0.035890
0 0.523828 0.852393 0.026823 0.037650
0 0.821354 0.593068 0.026562 0.036242
0 0.266016 0.967452 0.026302 0.029205
0 0.395052 0.812280 0.029167 0.036242
0 0.154297 0.399015 0.045052 0.060521
0 0.462240 0.706545 0.023438 0.028149
0 0.792057 0.943526 0.023698 0.027094
0 0.400781 0.706897 0.025000 0.028149
0 0.691927 0.944405 0.023958 0.026038
0 0.691016 0.641450 0.032552 0.030260
0 0.830729 0.883357 0.021875 0.027094
0 0.698307 0.385644 0.037240 0.043631
0 0.619792 0.859606 0.025000 0.027445
0 0.551562 0.855384 0.024479 0.030964
0 0.891536 0.714286 0.027865 0.046446
0 0.821615 0.809641 0.028646 0.032372
0 0.232292 0.694933 0.027604 0.042224
0 0.686849 0.809993 0.026823 0.035890
0 0.153776 0.339901 0.043490 0.048557
0 0.329557 0.753695 0.027865 0.027445
0 0.555078 0.809993 0.027865 0.033779
0 0.433464 0.856967 0.027865 0.038353
0 0.831901 0.906228 0.023177 0.027797
0 0.525130 0.753519 0.027344 0.026390
0 0.855339 0.814215 0.026302 0.037298
0 0.456510 0.592540 0.025521 0.039409
0 0.790365 0.884236 0.024479 0.024631
0 0.532943 0.268649 0.049740 0.047502
0 0.356380 0.858374 0.024219 0.029909
0 0.400521 0.683673 0.025000 0.024631
0 0.156901 0.597115 0.030469 0.038001
0 0.464844 0.812104 0.026562 0.034483
0 0.397266 0.860134 0.028385 0.031316
0 0.758984 0.921710 0.023177 0.029205
0 0.625130 0.752639 0.027344 0.029557
0 0.202865 0.971147 0.027083 0.026742
0 0.559375 0.667664 0.023958 0.025686
0 0.824870 0.716749 0.027344 0.047854
0 0.623047 0.677692 0.026823 0.044335
0 0.691276 0.921358 0.020052 0.024982
0 0.234245 0.968508 0.030469 0.028501
0 0.233984 0.944405 0.024219 0.026742
0 0.653125 0.602745 0.032813 0.061224
0 0.431380 0.811576 0.028385 0.041872
0 0.620443 0.833920 0.027865 0.027445
0 0.690755 0.598522 0.038281 0.056298
0 0.822266 0.856439 0.025781 0.028853
0 0.130990 0.969564 0.026562 0.028501
0 0.223177 0.594124 0.029687 0.037650
0 0.623437 0.943526 0.024479 0.028501
0 0.322526 0.861189 0.025260 0.024982
0 0.591927 0.665904 0.025000 0.027094
0 0.618750 0.643737 0.027604 0.029205
0 0.860547 0.749648 0.028906 0.029909
0 0.486458 0.589901 0.025000 0.030612
0 0.402344 0.752287 0.031250 0.030964
0 0.328646 0.666080 0.023438 0.026742
0 0.491927 0.751407 0.026562 0.029909
0 0.232943 0.898839 0.023177 0.025686
0 0.652604 0.860837 0.026042 0.031316
0 0.494010 0.810873 0.024479 0.032020
0 0.296745 0.968332 0.026823 0.028149
0 0.760938 0.968684 0.026562 0.030260
0 0.692969 0.751056 0.029687 0.031316
0 0.321745 0.594652 0.026823 0.028149
0 0.437760 0.924349 0.025000 0.028149
0 0.432422 0.672590 0.029948 0.049613
0 0.756120 0.810697 0.024219 0.028853
0 0.725521 0.705841 0.027083 0.030964
0 0.557943 0.945989 0.023177 0.024279
0 0.820573 0.632125 0.030208 0.050317
0 0.474740 0.958480 0.028125 0.042928
0 0.592187 0.686664 0.023438 0.022871
0 0.400781 0.941414 0.022396 0.024982
0 0.233594 0.920127 0.023958 0.023927
0 0.793620 0.968332 0.028385 0.028149
0 0.719401 0.858374 0.025781 0.027797
0 0.491146 0.705137 0.023958 0.025334
0 0.294401 0.881597 0.021615 0.023575
0 0.253906 0.592892 0.025000 0.031668
0 0.358073 0.809641 0.028646 0.038001
0 0.126172 0.646552 0.022656 0.027797
0 0.727083 0.752463 0.027604 0.027797
0 0.590625 0.706369 0.025000 0.024279
0 0.619661 0.591309 0.026302 0.038353
0 0.655859 0.642681 0.029948 0.029909
0 0.860938 0.662034 0.025521 0.024982
0 0.124740 0.623856 0.023438 0.023927
0 0.364714 0.754046 0.030469 0.029557
0 0.166146 0.855735 0.026042 0.028853
0 0.522656 0.637227 0.029687 0.040816
0 0.264323 0.899191 0.019271 0.025686
0 0.201172 0.740852 0.030469 0.045391
0 0.327474 0.883533 0.024740 0.023223
0 0.438542 0.957248 0.027604 0.042576
0 0.426563 0.630718 0.029687 0.045391
0 0.892057 0.812104 0.025781 0.031668
0 0.464193 0.745074 0.028906 0.046798
0 0.197266 0.701443 0.026823 0.042576
0 0.623698 0.707072 0.025521 0.024279
0 0.889714 0.599754 0.028385 0.048205
0 0.920443 0.810521 0.021615 0.027094
0 0.265104 0.941414 0.020833 0.027094
0 0.264714 0.920303 0.020573 0.022871
0 0.328776 0.729416 0.024740 0.026038
0 0.499609 0.923118 0.020573 0.024982
0 0.327083 0.913617 0.028646 0.039057
0 0.858984 0.726601 0.023698 0.024631
0 0.399740 0.900422 0.023438 0.023927
0 0.658984 0.685785 0.023698 0.026742
0 0.490495 0.659747 0.022656 0.021112
0 0.588411 0.814391 0.027865 0.046798
0 0.466146 0.860837 0.027083 0.028501
0 0.757943 0.752639 0.027344 0.027445
0 0.131120 0.943350 0.025260 0.026742
0 0.924219 0.637931 0.025521 0.028853
0 0.694141 0.665904 0.028385 0.025686
0 0.933984 0.966749 0.026823 0.030612
0 0.758594 0.900070 0.019271 0.023927
0 0.754687 0.593244 0.028646 0.035186
0 0.323307 0.641977 0.028385 0.029909
0 0.923438 0.661506 0.023438 0.024631
0 0.295182 0.685081 0.026302 0.024631
0 0.756641 0.705841 0.026823 0.025334
0 0.158464 0.638459 0.028385 0.046094
0 0.254557 0.619810 0.025260 0.027797
0 0.893229 0.748944 0.028646 0.027797
0 0.692839 0.968860 0.028906 0.026390
0 0.329557 0.964989 0.028385 0.026390
0 0.232943 0.878255 0.023177 0.021112
0 0.329427 0.940359 0.025521 0.025686
0 0.899609 0.944229 0.025260 0.027797
0 0.199219 0.901478 0.021875 0.026742
0 0.295443 0.921886 0.022656 0.026038
0 0.263802 0.705665 0.023958 0.023575
0 0.201302 0.946692 0.023958 0.027797
0 0.462891 0.683673 0.021094 0.025334
0 0.692057 0.718860 0.029427 0.042224
0 0.399870 0.920830 0.026302 0.023223
0 0.233854 0.750528 0.029687 0.030260
0 0.931250 0.919775 0.022396 0.026038
0 0.486589 0.627903 0.025781 0.050317
0 0.297526 0.754046 0.029948 0.028149
0 0.558724 0.967628 0.025781 0.026742
0 0.792057 0.919599 0.020573 0.024279
0 0.524609 0.677516 0.026823 0.042576
0 0.587109 0.593596 0.027865 0.039409
0 0.189323 0.639163 0.027604 0.044687
0 0.228125 0.810521 0.026562 0.030612
0 0.100781 0.276742 0.045312 0.051020
0 0.866276 0.974138 0.027344 0.026390
0 0.223438 0.621393 0.027083 0.033779
0 0.394271 0.621042 0.027083 0.026038
0 0.435547 0.750880 0.031510 0.032372
0 0.258984 0.808058 0.024740 0.030612
0 0.557422 0.890042 0.023698 0.043279
0 0.691016 0.899367 0.019531 0.022519
0 0.922526 0.681914 0.023698 0.024631
0 0.291276 0.814919 0.025260 0.044335
0 0.262760 0.879662 0.021875 0.021112
0 0.890104 0.641450 0.027083 0.033075
0 0.529557 0.923821 0.022135 0.027094
0 0.225391 0.646904 0.027865 0.027094
0 0.294271 0.902182 0.021354 0.021816
0 0.363151 0.718684 0.031510 0.047502
0 0.623437 0.968156 0.028646 0.027094
0 0.263411 0.679275 0.024219 0.036946
0 0.893229 0.664145 0.025521 0.027094
0 0.200260 0.924701 0.022917 0.026038
0 0.168099 0.947220 0.024219 0.026038
0 0.657682 0.968332 0.028906 0.028149
0 0.901693 0.968860 0.026823 0.028501
0 0.722135 0.810345 0.027083 0.030964
0 0.759505 0.945989 0.023177 0.027797
0 0.832292 0.952674 0.026562 0.024279
0 0.789062 0.568086 0.026562 0.041872
0 0.855339 0.616643 0.027344 0.024982
0 0.491146 0.681210 0.021875 0.027445
0 0.659375 0.729768 0.025521 0.028149
0 0.199609 0.879486 0.022656 0.021464
0 0.255339 0.645496 0.026302 0.034131
0 0.328906 0.706369 0.025521 0.024982
0 0.259505 0.833040 0.025260 0.025686
0 0.789193 0.615588 0.024740 0.027094
0 0.322396 0.618754 0.029167 0.029205
0 0.757292 0.728888 0.026562 0.024982
0 0.590885 0.729416 0.029687 0.029557
0 0.164974 0.815271 0.026302 0.033779
0 0.623958 0.721675 0.027604 0.038705
0 0.833333 0.975721 0.029167 0.026038
0 0.126172 0.858023 0.024740 0.028501
0 0.825130 0.750880 0.030990 0.030964
0 0.129036 0.895144 0.026302 0.037298
0 0.654818 0.894441 0.027344 0.038001
0 0.621615 0.903413 0.022396 0.028501
0 0.832552 0.929099 0.020833 0.027094
0 0.169401 0.924349 0.024740 0.027445
0 0.758333 0.879134 0.021354 0.021464
0 0.589583 0.919423 0.023958 0.024631
0 0.558984 0.687720 0.026302 0.022167
0 0.492578 0.726249 0.023177 0.023927
0 0.263281 0.728360 0.022917 0.028149
0 0.758464 0.685961 0.025781 0.022871
0 0.755339 0.618051 0.027344 0.024279
0 0.527865 0.891802 0.026562 0.043279
0 0.653255 0.836031 0.024740 0.024631
0 0.359375 0.895144 0.027083 0.040816
0 0.860417 0.704258 0.026562 0.024982
0 0.757943 0.665904 0.027344 0.026390
0 0.931641 0.896904 0.020052 0.025334
0 0.657422 0.946165 0.023698 0.023927
0 0.360286 0.923645 0.023177 0.024631
0 0.295703 0.944229 0.021615 0.023575
0 0.091797 0.602041 0.027865 0.031668
0 0.263932 0.751407 0.026302 0.028501
0 0.530469 0.946341 0.023438 0.026390
0 0.924219 0.855911 0.021875 0.025686
0 0.863021 0.880894 0.020313 0.022167
0 0.125651 0.812808 0.023698 0.030260
0 0.591536 0.879486 0.023177 0.023575
0 0.865755 0.950211 0.026302 0.025686
0 0.787760 0.728536 0.026562 0.034835
0 0.788932 0.665201 0.028906 0.027094
0 0.723047 0.641274 0.026823 0.027797
0 0.467187 0.837966 0.027604 0.025686
0 0.590104 0.945989 0.027604 0.034835
0 0.621875 0.880718 0.021875 0.019704
0 0.169531 0.969916 0.027604 0.027797
0 0.558854 0.730296 0.026042 0.025686
0 0.400911 0.663089 0.023177 0.022871
0 0.361979 0.965517 0.028646 0.028853
0 0.931771 0.942470 0.022917 0.022871
0 0.523958 0.708304 0.025521 0.026038
0 0.522135 0.621217 0.027604 0.026390
0 0.100000 0.521816 0.031771 0.046446
0 0.132812 0.707248 0.025000 0.025334
0 0.902214 0.884061 0.028385 0.029205
0 0.727083 0.727481 0.025000 0.026390
0 0.097396 0.905700 0.027604 0.035186
0 0.328516 0.686664 0.023698 0.022871
0 0.396224 0.642681 0.030469 0.027797
0 0.591276 0.746305 0.030469 0.038001
0 0.131641 0.685961 0.023177 0.020760
0 0.166146 0.754398 0.021354 0.022519
0 0.401562 0.728536 0.025521 0.023575
0 0.293880 0.665904 0.026302 0.022167
0 0.476823 0.265130 0.045312 0.042576
0 0.232161 0.665904 0.022656 0.022167
0 0.169401 0.903061 0.024219 0.022871
0 0.132943 0.729592 0.027344 0.029205
0 0.229036 0.833040 0.025260 0.029205
0 0.197135 0.667840 0.024479 0.026038
0 0.619010 0.620690 0.030208 0.030964
0 0.362891 0.940887 0.023177 0.023223
0 0.558854 0.707072 0.028125 0.029909
0 0.787891 0.684553 0.028385 0.025686
0 0.923828 0.833920 0.022656 0.022519
0 0.892969 0.685081 0.023438 0.021112
0 0.756250 0.833568 0.025000 0.025334
0 0.474089 0.923118 0.025781 0.026390
0 0.659375 0.707248 0.025521 0.026038
0 0.791667 0.902885 0.020833 0.018297
0 0.130599 0.923118 0.023177 0.025686
0 0.658724 0.664321 0.025260 0.025334
0 0.591016 0.899191 0.022656 0.022871
0 0.462630 0.729592 0.023698 0.026390
0 0.434245 0.728008 0.026823 0.024631
0 0.100911 0.338318 0.035677 0.063688
0 0.864062 0.904117 0.023958 0.029205
0 0.859635 0.684377 0.023438 0.024631
0 0.855339 0.639338 0.025781 0.028149
0 0.291016 0.833744 0.021094 0.024982
0 0.163281 0.683498 0.021354 0.024982
0 0.125911 0.836559 0.022135 0.020056
0 0.725781 0.665552 0.026562 0.027094
0 0.931120 0.875968 0.019531 0.021464
0 0.726823 0.947044 0.021354 0.020760
0 0.502344 0.960591 0.022917 0.042224
0 0.401823 0.964286 0.026042 0.024279
0 0.164844 0.706193 0.025000 0.028149
0 0.529948 0.973962 0.028646 0.035186
0 0.493490 0.834624 0.023438 0.019704
0 0.789323 0.594828 0.027083 0.022871
0 0.592448 0.966397 0.029687 0.034835
0 0.100651 0.968860 0.025260 0.022167
0 0.498307 0.896904 0.021094 0.030964
0 0.461068 0.662210 0.022656 0.026038
0 0.892318 0.851513 0.029427 0.041520
0 0.690234 0.886700 0.023177 0.029557
0 0.095573 0.856791 0.026562 0.029557
0 0.437891 0.899543 0.024219 0.026390
0 0.822005 0.835503 0.026823 0.024982
0 0.437630 0.884764 0.022135 0.021464
0 0.132292 0.667664 0.022396 0.021464
0 0.693359 0.685785 0.026302 0.021816
0 0.398958 0.882829 0.023438 0.019704
0 0.097526 0.880190 0.024219 0.022167
0 0.231510 0.712878 0.024479 0.016890
0 0.396354 0.837614 0.025521 0.022167
0 0.621875 0.922942 0.021354 0.020408
0 0.098307 0.939655 0.028385 0.041168
0 0.523828 0.729064 0.026302 0.027445
0 0.721484 0.603272 0.029948 0.060169
0 0.168229 0.879838 0.024479 0.027094
0 0.133203 0.754046 0.027865 0.028149
0 0.865104 0.929275 0.025521 0.029557
0 0.522917 0.775862 0.026562 0.029557
0 0.129557 0.878607 0.022656 0.018297
0 0.473958 0.899894 0.023438 0.025686
0 0.903516 0.915201 0.027865 0.038705
0 0.923177 0.564215 0.020833 0.033427
0 0.726432 0.684729 0.026302 0.021112
0 0.094531 0.823188 0.028646 0.047502
0 0.500781 0.945813 0.019792 0.023223
0 0.498698 0.881246 0.021354 0.021464
0 0.188542 0.621042 0.026042 0.028149
0 0.166016 0.837438 0.025260 0.019001
0 0.863802 0.916432 0.021875 0.020056
0 0.902604 0.861541 0.020313 0.022167
0 0.104818 0.702498 0.023177 0.039761
0 0.198958 0.728712 0.023438 0.019001
0 0.106510 0.763019 0.027083 0.039761
0 0.402865 0.986629 0.033333 0.025334
0 0.653776 0.879662 0.024740 0.021816
0 0.103776 0.690711 0.020573 0.015482
0 0.104167 0.731879 0.021354 0.023927
0 0.926042 0.596587 0.024479 0.011612
0 0.924479 0.616291 0.019792 0.023575
0 0.925260 0.702498 0.021354 0.016538
0 0.924870 0.723962 0.017448 0.027797
0 0.722526 0.834096 0.026823 0.018649
0 0.726953 0.882125 0.015365 0.015482
0 0.726953 0.901302 0.013802 0.020760
0 0.727995 0.967628 0.022135 0.022519
0 0.095703 0.647783 0.020052 0.030964
0 0.364974 0.687016 0.019010 0.022871
0 0.358464 0.622449 0.028906 0.021816
0 0.357552 0.643737 0.026042 0.027094
0 0.102995 0.671534 0.022135 0.018649
0 0.163151 0.729592 0.015365 0.022871
