0 0.814605 0.670557 0.022898 0.021220
0 0.762074 0.858798 0.025592 0.022812
0 0.735713 0.719982 0.025977 0.025641
0 0.181932 0.172502 0.025977 0.021751
0 0.426592 0.064721 0.022321 0.024050
0 0.479411 0.040495 0.025592 0.023696
0 0.569944 0.332803 0.023475 0.022635
0 0.298441 0.246331 0.024630 0.024403
0 0.815182 0.921220 0.024052 0.022458
0 0.584279 0.816446 0.027131 0.025111
0 0.887050 0.672591 0.022321 0.023165
0 0.586011 0.839169 0.027131 0.021751
0 0.888012 0.810256 0.026169 0.026172
0 0.787474 0.697171 0.025977 0.025287
0 0.215124 0.950663 0.026939 0.018391
0 0.354531 0.400796 0.023668 0.025641
0 0.862228 0.653669 0.023090 0.025287
0 0.157880 0.864633 0.025977 0.023873
0 0.836925 0.767639 0.022128 0.025818
0 0.734077 0.386914 0.023475 0.026172
0 0.863287 0.679487 0.022898 0.024226
0 0.814508 0.720248 0.023090 0.027586
0 0.751299 0.184881 0.021358 0.024934
0 0.828170 0.185676 0.021936 0.024050
0 0.760439 0.630592 0.028093 0.020513
0 0.266789 0.396729 0.024437 0.021751
0 0.780065 0.100796 0.021166 0.024757
0 0.739176 0.921662 0.027516 0.021220
0 0.928613 0.764103 0.020781 0.023696
0 0.125842 0.553050 0.022705 0.022104
0 0.633058 0.655615 0.023860 0.020336
0 0.631903 0.450575 0.023860 0.022989
0 0.185107 0.871353 0.026554 0.028824
0 0.805272 0.166225 0.023090 0.019805
0 0.787762 0.788594 0.024630 0.021397
0 0.779584 0.122104 0.025592 0.019629
0 0.183375 0.800531 0.026939 0.023342
0 0.888493 0.904067 0.022898 0.024226
0 0.707620 0.423519 0.024052 0.023342
0 0.557533 0.638285 0.026361 0.024580
0 0.806234 0.144209 0.022705 0.022812
0 0.835482 0.363837 0.024245 0.020690
0 0.151722 0.303714 0.022898 0.023519
0 0.838657 0.671706 0.024822 0.019275
0 0.740042 0.967551 0.025784 0.025641
0 0.609967 0.838108 0.023090 0.025995
0 0.271310 0.800973 0.027323 0.024934
0 0.411968 0.374713 0.026169 0.023342
0 0.401674 0.034306 0.023668 0.026879
0 0.179719 0.330769 0.025399 0.023873
0 0.181451 0.218214 0.025784 0.026172
0 0.606311 0.429355 0.023475 0.025818
0 0.803444 0.188594 0.024052 0.025287
0 0.239465 0.175420 0.024052 0.025111
0 0.556090 0.771441 0.025784 0.024934
0 0.759477 0.447657 0.023860 0.024580
0 0.631230 0.429089 0.022513 0.019275
0 0.787281 0.673121 0.025207 0.022104
0 0.814316 0.694872 0.025014 0.023519
0 0.860496 0.408223 0.022321 0.022104
0 0.584857 0.860477 0.025207 0.022635
0 0.861747 0.631300 0.023283 0.017683
0 0.762555 0.835632 0.023090 0.023165
0 0.812777 0.583820 0.024630 0.023873
0 0.815663 0.809814 0.024245 0.026702
0 0.681258 0.632538 0.025592 0.022989
0 0.709736 0.696817 0.026361 0.022812
0 0.326053 0.416004 0.027516 0.021751
0 0.303925 0.909019 0.027516 0.023519
0 0.806812 0.047480 0.021936 0.021397
0 0.533096 0.720601 0.026361 0.022989
0 0.683471 0.837489 0.027708 0.027940
0 0.302482 0.823342 0.028478 0.023342
0 0.559361 0.701857 0.025014 0.020159
0 0.785549 0.362599 0.029440 0.019629
0 0.453338 0.042440 0.023475 0.023342
0 0.181355 0.553050 0.023668 0.026348
0 0.507697 0.721220 0.024052 0.022812
0 0.837310 0.385146 0.024052 0.024050
0 0.215605 0.972591 0.028286 0.023342
0 0.557341 0.794695 0.023283 0.021220
0 0.736579 0.876481 0.025399 0.025287
0 0.831826 0.143059 0.023475 0.021927
0 0.839234 0.693634 0.023283 0.021751
0 0.503656 0.061804 0.023668 0.025287
0 0.182124 0.108930 0.022128 0.021574
0 0.209159 0.109195 0.026169 0.021043
0 0.181451 0.194872 0.026554 0.019098
0 0.802194 0.233245 0.023475 0.022281
0 0.152684 0.530769 0.024437 0.027056
0 0.130075 0.890363 0.023860 0.023342
0 0.779873 0.143767 0.026169 0.022635
0 0.569175 0.290805 0.021551 0.024934
0 0.392630 0.952166 0.027516 0.022812
0 0.728401 0.158267 0.024822 0.021574
0 0.806138 0.122193 0.020204 0.022635
0 0.402636 0.100088 0.023283 0.020866
0 0.334712 0.906189 0.031364 0.023519
0 0.178757 0.353758 0.023475 0.024226
0 0.183760 0.845270 0.024630 0.023342
0 0.509621 0.814589 0.023283 0.021397
0 0.829421 0.210610 0.025977 0.024403
0 0.160381 0.933687 0.026361 0.027233
0 0.837695 0.609549 0.022513 0.020159
0 0.806619 0.098585 0.021936 0.024226
0 0.839715 0.718568 0.026939 0.027056
0 0.526939 0.172414 0.023283 0.026172
0 0.758996 0.363218 0.020204 0.019805
0 0.333654 0.841733 0.026554 0.022989
0 0.838753 0.587091 0.025784 0.020513
0 0.683664 0.722546 0.026554 0.024757
0 0.609294 0.633510 0.024822 0.020336
0 0.160573 0.909637 0.025977 0.020866
0 0.707908 0.447922 0.025784 0.021220
0 0.907639 0.632184 0.025784 0.020866
0 0.356552 0.333422 0.026169 0.024226
0 0.268713 0.220778 0.025207 0.025641
0 0.586204 0.676304 0.026746 0.022458
0 0.902732 0.099027 0.023668 0.017330
0 0.841062 0.965871 0.025399 0.026172
0 0.297191 0.330327 0.028670 0.020513
0 0.763325 0.901857 0.025014 0.024050
0 0.764191 0.967020 0.022128 0.025287
0 0.186742 0.934660 0.024052 0.021751
0 0.242736 0.849248 0.024052 0.023519
0 0.789013 0.811848 0.025592 0.023696
0 0.507889 0.677454 0.024052 0.021574
0 0.542428 0.357029 0.022705 0.025818
0 0.482201 0.722281 0.024630 0.023165
0 0.812873 0.878957 0.023668 0.019982
0 0.837406 0.408046 0.023475 0.020690
0 0.808928 0.429001 0.023475 0.024403
0 0.789302 0.904686 0.025784 0.022635
0 0.076967 0.822723 0.023475 0.019629
0 0.300077 0.158709 0.027901 0.025641
0 0.750144 0.208753 0.024052 0.021397
0 0.683664 0.813705 0.026939 0.022458
0 0.710314 0.810522 0.023668 0.023165
0 0.125553 0.529531 0.020589 0.024934
0 0.215605 0.886826 0.028286 0.026879
0 0.829806 0.164191 0.024437 0.019629
0 0.560035 0.680460 0.024437 0.023696
0 0.128632 0.615827 0.023668 0.023519
0 0.837214 0.897878 0.026554 0.022812
0 0.529536 0.038992 0.023090 0.022458
0 0.862517 0.611052 0.023283 0.019982
0 0.634597 0.720866 0.026939 0.023519
0 0.451318 0.064191 0.023283 0.019805
0 0.326823 0.397082 0.027516 0.018214
0 0.596402 0.269584 0.021743 0.018568
0 0.709833 0.721485 0.024630 0.025818
0 0.953820 0.719363 0.025014 0.018037
0 0.788917 0.835102 0.026554 0.021751
0 0.458053 0.722193 0.023283 0.022989
0 0.558591 0.612378 0.025014 0.025111
0 0.934770 0.965871 0.021936 0.021220
0 0.272080 0.845889 0.024245 0.021397
0 0.212815 0.774359 0.025014 0.025111
0 0.709448 0.769496 0.022321 0.023519
0 0.427747 0.149602 0.022705 0.026879
0 0.710314 0.631300 0.026361 0.025464
0 0.266692 0.374271 0.023475 0.025641
0 0.789205 0.965606 0.023668 0.021397
0 0.855686 0.099293 0.023475 0.021751
0 0.682702 0.791512 0.025014 0.021220
0 0.528382 0.145358 0.024630 0.025111
0 0.860496 0.386737 0.022321 0.019098
0 0.675197 0.182140 0.025399 0.021574
0 0.711757 0.969584 0.027323 0.025464
0 0.240139 0.418568 0.025784 0.024403
0 0.737252 0.899293 0.026361 0.018568
0 0.210795 0.551724 0.024822 0.022281
0 0.879450 0.075862 0.020974 0.024050
0 0.814893 0.967020 0.024630 0.028470
0 0.863479 0.902653 0.024437 0.019982
0 0.636521 0.921839 0.026169 0.023696
0 0.476910 0.087445 0.022898 0.021751
0 0.076102 0.846154 0.024822 0.023342
0 0.862998 0.700088 0.022321 0.016622
0 0.155474 0.820866 0.021551 0.020866
0 0.736290 0.825287 0.027516 0.030416
0 0.452280 0.149072 0.024437 0.022635
0 0.813450 0.632626 0.024052 0.022104
0 0.776987 0.231830 0.024245 0.023342
0 0.507697 0.698674 0.022898 0.019805
0 0.608909 0.698320 0.023283 0.018391
0 0.730421 0.073386 0.024630 0.029001
0 0.325957 0.288329 0.028863 0.024934
0 0.302290 0.844385 0.026554 0.020866
0 0.887435 0.880902 0.021936 0.023165
0 0.815470 0.786914 0.023090 0.020513
0 0.879065 0.100265 0.022128 0.022635
0 0.177410 0.307869 0.022705 0.022635
0 0.211757 0.086472 0.027516 0.025111
0 0.558495 0.658974 0.027516 0.019982
0 0.241101 0.329089 0.028093 0.024757
0 0.128343 0.593546 0.022705 0.019982
0 0.334327 0.882582 0.025977 0.022989
0 0.530595 0.060477 0.024052 0.017683
0 0.806619 0.072944 0.023860 0.026702
0 0.242544 0.825818 0.020974 0.022281
0 0.182894 0.775862 0.022898 0.023165
0 0.451222 0.126083 0.021551 0.023696
0 0.634212 0.677100 0.025784 0.022989
0 0.433616 0.719540 0.022513 0.022989
0 0.710410 0.881344 0.025784 0.022281
0 0.106119 0.889478 0.023668 0.021927
0 0.207620 0.352078 0.026169 0.024403
0 0.186261 0.974447 0.025399 0.018214
0 0.502694 0.173033 0.023668 0.025287
0 0.103329 0.620336 0.023860 0.024403
0 0.610929 0.901326 0.024630 0.022635
0 0.788628 0.943590 0.021743 0.022635
0 0.479026 0.064721 0.023668 0.025111
0 0.728593 0.137931 0.027516 0.018391
0 0.241967 0.775155 0.025977 0.026702
0 0.802097 0.210964 0.022513 0.021927
0 0.246296 0.932007 0.029248 0.019275
0 0.838368 0.834660 0.022321 0.022281
0 0.270829 0.133068 0.025207 0.018568
0 0.777275 0.209195 0.023668 0.021220
0 0.585241 0.901768 0.025207 0.021043
0 0.787185 0.564279 0.020781 0.020513
0 0.270541 0.113705 0.023860 0.021927
0 0.813642 0.609284 0.026361 0.022812
0 0.836155 0.342706 0.024052 0.022989
0 0.181258 0.241733 0.023090 0.020159
0 0.247931 0.952343 0.023283 0.023165
0 0.364537 0.973121 0.028670 0.021574
0 0.185973 0.895049 0.025592 0.019982
0 0.736290 0.631388 0.024437 0.022104
0 0.104002 0.595049 0.024052 0.024403
0 0.887243 0.858444 0.022321 0.021751
0 0.933231 0.943059 0.025399 0.024050
0 0.709255 0.833422 0.022321 0.020866
0 0.214547 0.930592 0.027323 0.022812
0 0.788724 0.880548 0.023475 0.026702
0 0.608909 0.654111 0.023668 0.022281
0 0.611314 0.813528 0.023475 0.022458
0 0.215220 0.862953 0.025207 0.021574
0 0.761497 0.720248 0.024437 0.025111
0 0.332981 0.929973 0.025592 0.024403
0 0.181162 0.528736 0.024052 0.021574
0 0.130845 0.843943 0.021936 0.022812
0 0.530402 0.769761 0.021358 0.022635
0 0.528863 0.081698 0.024822 0.023342
0 0.268424 0.328382 0.025014 0.024757
0 0.186358 0.955703 0.023668 0.021397
0 0.736194 0.655703 0.022705 0.025818
0 0.815952 0.834925 0.024052 0.023165
0 0.451607 0.104067 0.025014 0.022104
0 0.811622 0.407073 0.027323 0.018744
0 0.595728 0.289920 0.020396 0.019275
0 0.858765 0.450133 0.026169 0.018214
0 0.271984 0.824403 0.024052 0.021927
0 0.680681 0.698143 0.025592 0.023342
0 0.159419 0.887268 0.025592 0.021751
0 0.273331 0.774624 0.025592 0.026348
0 0.710410 0.653669 0.026939 0.022458
0 0.710314 0.857560 0.023283 0.024580
0 0.154320 0.351813 0.025784 0.023165
0 0.557629 0.838373 0.026554 0.019098
0 0.682605 0.673828 0.024437 0.023519
0 0.888109 0.836693 0.025207 0.023165
0 0.432846 0.696552 0.022898 0.020513
0 0.392438 0.883908 0.024822 0.024580
0 0.852126 0.213263 0.020204 0.021220
0 0.783625 0.341821 0.022513 0.019805
0 0.155089 0.174889 0.024630 0.024757
0 0.208486 0.217507 0.025207 0.021574
0 0.300366 0.798497 0.023860 0.023873
0 0.214066 0.797082 0.024822 0.019982
0 0.510294 0.836693 0.025014 0.023873
0 0.207524 0.194164 0.024052 0.018037
0 0.584664 0.631653 0.023283 0.020866
0 0.831922 0.098851 0.020204 0.021927
0 0.294401 0.393192 0.025399 0.025995
0 0.130845 0.819452 0.024245 0.024757
0 0.273716 0.908046 0.024822 0.023696
0 0.295459 0.288152 0.020974 0.022458
0 0.636136 0.816622 0.020396 0.022989
0 0.683760 0.863837 0.027901 0.024403
0 0.127766 0.573386 0.022321 0.018568
0 0.907735 0.656322 0.023668 0.025995
0 0.155378 0.799293 0.022513 0.020513
0 0.813931 0.858444 0.024245 0.022104
0 0.762748 0.879134 0.023860 0.021043
0 0.928901 0.834306 0.023283 0.024757
0 0.553396 0.128382 0.022705 0.023696
0 0.105253 0.910875 0.024630 0.020513
0 0.214739 0.840672 0.025399 0.021927
0 0.635463 0.836251 0.022513 0.018391
0 0.155282 0.841733 0.021936 0.020866
0 0.301713 0.134041 0.025399 0.023696
0 0.762267 0.812378 0.023283 0.026172
0 0.736002 0.795579 0.023090 0.027586
0 0.208486 0.241556 0.025592 0.023696
0 0.620262 0.273475 0.025977 0.024934
0 0.840100 0.812025 0.022321 0.022635
0 0.619011 0.295491 0.024245 0.020866
0 0.545603 0.271441 0.023283 0.024757
0 0.294112 0.416269 0.026746 0.021574
0 0.451222 0.195402 0.024245 0.020866
0 0.214354 0.732184 0.025399 0.024226
0 0.105734 0.848011 0.027131 0.023519
0 0.182702 0.822723 0.023668 0.021043
0 0.911103 0.962423 0.025399 0.019629
0 0.838946 0.876835 0.023860 0.019982
0 0.786511 0.650486 0.024822 0.017860
0 0.383490 0.374447 0.025014 0.025641
0 0.608620 0.722104 0.024245 0.024226
0 0.786223 0.629885 0.023860 0.022989
0 0.269963 0.195137 0.027708 0.024934
0 0.273331 0.974889 0.026361 0.022635
0 0.543775 0.312821 0.021551 0.023696
0 0.835193 0.452343 0.020589 0.020159
0 0.863671 0.881874 0.024052 0.021927
0 0.902829 0.053846 0.025399 0.024934
0 0.681355 0.608223 0.024630 0.022458
0 0.611699 0.923784 0.023090 0.023696
0 0.787377 0.722900 0.028093 0.024757
0 0.635944 0.899646 0.025014 0.020336
0 0.766307 0.943413 0.019434 0.021927
0 0.527035 0.197790 0.023475 0.023165
0 0.152011 0.328382 0.022321 0.026172
0 0.132095 0.707869 0.027131 0.018391
0 0.707716 0.401415 0.023475 0.017683
0 0.329325 0.220513 0.024437 0.018391
0 0.302963 0.932184 0.025592 0.023519
0 0.583317 0.793103 0.020974 0.019805
0 0.400423 0.123254 0.022321 0.023696
0 0.932269 0.677100 0.023090 0.022635
0 0.532230 0.634925 0.023090 0.021751
0 0.863671 0.720248 0.022128 0.024403
0 0.789302 0.855349 0.025784 0.021927
0 0.483644 0.656410 0.023668 0.025111
0 0.812392 0.371883 0.021551 0.018744
0 0.636232 0.856499 0.025207 0.022812
0 0.421589 0.928736 0.025784 0.021574
0 0.131614 0.911406 0.026939 0.018037
0 0.787858 0.766578 0.022898 0.024403
0 0.102078 0.554111 0.023668 0.020336
0 0.268809 0.350840 0.028093 0.022281
0 0.208582 0.326967 0.026554 0.022281
0 0.788243 0.584439 0.024822 0.018391
0 0.298826 0.222193 0.023475 0.022812
0 0.762748 0.767462 0.023475 0.023696
0 0.363960 0.866667 0.029440 0.025818
0 0.760439 0.697259 0.023860 0.019805
0 0.735232 0.678780 0.019627 0.020336
0 0.734751 0.362953 0.022898 0.019629
0 0.606119 0.452697 0.024245 0.021220
0 0.833077 0.050133 0.022898 0.020336
0 0.334424 0.819982 0.026939 0.022281
0 0.760246 0.651989 0.025399 0.019805
0 0.815278 0.942706 0.025014 0.021574
0 0.889167 0.926437 0.022321 0.022635
0 0.760535 0.586649 0.026746 0.020336
0 0.427458 0.128028 0.024822 0.019452
0 0.710698 0.586472 0.025592 0.022812
0 0.354820 0.312025 0.025399 0.018214
0 0.520300 0.309284 0.024245 0.020159
0 0.451318 0.172944 0.022898 0.023696
0 0.788820 0.924226 0.024052 0.017507
0 0.740042 0.943059 0.026554 0.025111
0 0.272946 0.886207 0.021743 0.019982
0 0.270829 0.090893 0.024822 0.022989
0 0.812777 0.899381 0.023475 0.020513
0 0.365018 0.931477 0.025784 0.018214
0 0.126900 0.392838 0.022898 0.021751
0 0.156052 0.151459 0.026169 0.022812
0 0.181643 0.150928 0.021936 0.018214
0 0.863094 0.589302 0.020204 0.022812
0 0.374735 0.057471 0.025207 0.019805
0 0.838561 0.651989 0.021936 0.018391
0 0.908312 0.719187 0.020974 0.026172
0 0.296325 0.370911 0.029248 0.019275
0 0.303059 0.887091 0.023475 0.022812
0 0.327304 0.355172 0.023860 0.021043
0 0.608620 0.675950 0.021166 0.020690
0 0.241485 0.287356 0.024245 0.022989
0 0.885030 0.587268 0.020974 0.021927
0 0.364152 0.890716 0.025207 0.024050
0 0.610063 0.790363 0.024052 0.021397
0 0.554262 0.150752 0.023668 0.020336
0 0.154320 0.554642 0.024630 0.021751
0 0.826631 0.233510 0.020781 0.021043
0 0.873966 0.213705 0.020781 0.025287
0 0.585819 0.922546 0.025592 0.019805
0 0.861459 0.765429 0.021166 0.020336
0 0.635174 0.877807 0.027323 0.019098
0 0.784683 0.450752 0.023475 0.021927
0 0.754955 0.078338 0.019434 0.021927
0 0.907639 0.586207 0.023475 0.025111
0 0.832500 0.074271 0.021743 0.026879
0 0.543294 0.334483 0.021743 0.018921
0 0.274293 0.951282 0.024437 0.025995
0 0.569944 0.311229 0.022321 0.018037
0 0.477487 0.172414 0.024822 0.024050
0 0.372523 0.035632 0.023475 0.018214
0 0.865884 0.966490 0.021551 0.026348
0 0.909756 0.923077 0.018857 0.023342
0 0.583029 0.769054 0.023475 0.023342
0 0.431691 0.676039 0.022513 0.019098
0 0.908024 0.610256 0.022321 0.022635
0 0.709640 0.607958 0.026939 0.017683
0 0.503945 0.037931 0.021551 0.022812
0 0.558303 0.816976 0.023668 0.021220
0 0.131518 0.951194 0.025592 0.021220
0 0.239080 0.352608 0.023668 0.023342
0 0.533288 0.678957 0.024437 0.021397
0 0.129786 0.867109 0.022898 0.021751
0 0.930344 0.635190 0.023090 0.023696
0 0.382721 0.332449 0.020396 0.020159
0 0.519819 0.287622 0.023668 0.019275
0 0.777083 0.185057 0.023283 0.023519
0 0.356167 0.425553 0.023475 0.024580
0 0.154705 0.775243 0.025399 0.023342
0 0.838657 0.630681 0.022128 0.021043
0 0.209255 0.173210 0.026361 0.024580
0 0.727728 0.184439 0.023860 0.027233
0 0.246585 0.975774 0.025207 0.022989
0 0.854531 0.162953 0.023090 0.026348
0 0.452761 0.083554 0.024245 0.017153
0 0.300173 0.200442 0.028478 0.021397
0 0.855975 0.052431 0.021358 0.017860
0 0.758322 0.471353 0.024630 0.021751
0 0.215124 0.818037 0.026939 0.021220
0 0.532904 0.657383 0.021743 0.022104
0 0.731576 0.409903 0.025014 0.020866
0 0.585049 0.653669 0.022128 0.019982
0 0.783625 0.471530 0.023283 0.019629
0 0.786704 0.607162 0.028670 0.022458
0 0.831922 0.120778 0.020204 0.021927
0 0.243602 0.870911 0.023475 0.017683
0 0.365211 0.912467 0.025014 0.022635
0 0.182702 0.130327 0.025592 0.019452
0 0.384068 0.352520 0.027708 0.018921
0 0.884356 0.346950 0.021551 0.025464
0 0.398980 0.147303 0.023668 0.024757
0 0.237541 0.395844 0.022128 0.018568
0 0.585145 0.880195 0.023860 0.019982
0 0.886762 0.719629 0.024052 0.021043
0 0.420916 0.907958 0.024052 0.019982
0 0.295844 0.309372 0.024437 0.017860
0 0.855686 0.075243 0.021936 0.024226
0 0.126227 0.372149 0.021551 0.019982
0 0.275544 0.929089 0.024630 0.018037
0 0.884164 0.367728 0.023090 0.016092
0 0.154320 0.197082 0.025399 0.018921
0 0.273138 0.865340 0.022128 0.019982
0 0.103329 0.730150 0.026554 0.026172
0 0.178276 0.285588 0.023668 0.021220
0 0.812296 0.561185 0.022513 0.021043
0 0.810468 0.474182 0.024245 0.022812
0 0.427458 0.089302 0.021358 0.023696
0 0.528093 0.124934 0.025592 0.016799
0 0.879546 0.052343 0.020781 0.019452
0 0.325861 0.376481 0.023283 0.023342
0 0.851068 0.234660 0.025399 0.019805
0 0.735520 0.850044 0.025207 0.022635
0 0.732923 0.431477 0.022321 0.024757
0 0.902444 0.078161 0.020781 0.020866
0 0.392919 0.906897 0.026939 0.023519
0 0.560227 0.723696 0.026361 0.024580
0 0.812680 0.389390 0.025207 0.017330
0 0.559265 0.899027 0.022513 0.020866
0 0.883779 0.386561 0.021936 0.021220
0 0.735424 0.698055 0.024245 0.017860
0 0.860785 0.345181 0.024437 0.023696
0 0.781028 0.077984 0.021936 0.020513
0 0.411103 0.351636 0.025207 0.023519
0 0.364633 0.951282 0.024630 0.021397
0 0.678757 0.515031 0.021358 0.019629
0 0.302386 0.865429 0.024052 0.022281
0 0.885222 0.650221 0.021743 0.018037
0 0.889071 0.947126 0.021358 0.018744
0 0.326438 0.333422 0.023668 0.024580
0 0.784587 0.384173 0.026361 0.020690
0 0.908986 0.679222 0.021551 0.019805
0 0.502501 0.085942 0.022128 0.022281
0 0.335290 0.861981 0.026746 0.017860
0 0.594574 0.332891 0.021936 0.024580
0 0.421493 0.971530 0.023668 0.023342
0 0.577833 0.058798 0.022705 0.021397
0 0.238984 0.374447 0.023860 0.021751
0 0.930537 0.611406 0.020781 0.024934
0 0.527131 0.104421 0.021743 0.020336
0 0.075717 0.928647 0.021743 0.021397
0 0.760535 0.607781 0.019049 0.019452
0 0.737541 0.608930 0.027323 0.021751
0 0.619588 0.317772 0.023090 0.025818
0 0.636713 0.792485 0.021936 0.022812
0 0.266885 0.245623 0.023090 0.021220
0 0.207620 0.391070 0.031942 0.021751
0 0.241293 0.307869 0.023475 0.016622
0 0.759861 0.675508 0.021551 0.022989
0 0.475755 0.107339 0.019434 0.017683
0 0.403117 0.079045 0.023090 0.017683
0 0.853088 0.190009 0.022898 0.024580
0 0.700693 0.184615 0.023283 0.019452
0 0.729748 0.095844 0.024822 0.019805
0 0.682124 0.929797 0.031557 0.020866
0 0.810083 0.452520 0.023090 0.022635
0 0.383394 0.397613 0.024822 0.021043
0 0.955070 0.542087 0.024052 0.023519
0 0.132095 0.930858 0.028286 0.020159
0 0.242255 0.112202 0.026554 0.019982
0 0.708389 0.470822 0.025207 0.023873
0 0.885992 0.696021 0.022128 0.019805
0 0.208774 0.282670 0.027323 0.026348
0 0.813835 0.765517 0.024437 0.021220
0 0.393015 0.929355 0.026361 0.023873
0 0.214835 0.910080 0.026746 0.022458
0 0.838176 0.320778 0.023090 0.021574
0 0.750625 0.232538 0.024630 0.024757
0 0.481816 0.680106 0.021936 0.018037
0 0.737733 0.767905 0.023475 0.021043
0 0.330864 0.243236 0.024052 0.024226
0 0.394170 0.974624 0.027901 0.024226
0 0.075909 0.800619 0.018665 0.021397
0 0.373677 0.103537 0.024630 0.023519
0 0.610160 0.879752 0.022321 0.020866
0 0.238695 0.222458 0.024437 0.020866
0 0.530979 0.791777 0.022513 0.019982
0 0.177410 0.396640 0.022321 0.022989
0 0.709544 0.790186 0.022128 0.017153
0 0.954685 0.613086 0.024822 0.023696
0 0.753993 0.141114 0.022513 0.020513
0 0.757745 0.340672 0.023090 0.023873
0 0.925053 0.101238 0.022128 0.021751
0 0.210217 0.151105 0.029055 0.021751
0 0.930441 0.540672 0.021743 0.021751
0 0.610160 0.859593 0.020012 0.017683
0 0.354724 0.290805 0.024052 0.025641
0 0.508659 0.793988 0.018665 0.018391
0 0.425823 0.040318 0.021166 0.022281
0 0.630267 0.470822 0.024437 0.019629
0 0.213585 0.709107 0.026554 0.021574
0 0.878199 0.120071 0.021936 0.017330
0 0.703387 0.139080 0.020974 0.016799
0 0.607081 0.406631 0.025014 0.018568
0 0.633058 0.635102 0.018857 0.020336
0 0.269867 0.285588 0.026361 0.025464
0 0.884741 0.407604 0.024630 0.021220
0 0.861843 0.787533 0.023090 0.020690
0 0.862902 0.812113 0.022128 0.024934
0 0.427651 0.108665 0.021743 0.020336
0 0.544064 0.290628 0.019049 0.021043
0 0.243025 0.801149 0.020781 0.023873
0 0.238792 0.200619 0.023860 0.025287
0 0.884260 0.428736 0.024052 0.020690
0 0.634982 0.965871 0.026939 0.018744
0 0.839811 0.791070 0.022513 0.019275
0 0.580142 0.471795 0.025014 0.024757
0 0.579758 0.448806 0.022705 0.021574
0 0.579565 0.145270 0.024245 0.024226
0 0.901770 0.119894 0.023283 0.022281
0 0.585626 0.722104 0.022128 0.023873
0 0.481913 0.635721 0.021358 0.015561
0 0.584857 0.699381 0.024052 0.023342
0 0.150568 0.375420 0.024052 0.024050
0 0.884741 0.566225 0.020781 0.019098
0 0.682221 0.770203 0.021743 0.022458
0 0.911199 0.900531 0.019819 0.022812
0 0.374832 0.658709 0.024630 0.024050
0 0.630556 0.407692 0.021551 0.024580
0 0.493362 0.309195 0.022705 0.020336
0 0.460073 0.769850 0.024630 0.023873
0 0.330864 0.976127 0.029055 0.025464
0 0.587454 0.610345 0.023860 0.019629
0 0.633154 0.614147 0.019819 0.021927
0 0.855494 0.119629 0.023475 0.017507
0 0.632769 0.697966 0.021358 0.022635
0 0.758996 0.384704 0.024437 0.017860
0 0.596017 0.309903 0.026361 0.019629
0 0.294978 0.349691 0.023090 0.019982
0 0.184048 0.733333 0.023668 0.020513
0 0.399846 0.169761 0.025399 0.018391
0 0.210987 0.130946 0.027516 0.021397
0 0.712142 0.924403 0.025784 0.022104
0 0.477583 0.148718 0.025014 0.021220
0 0.761882 0.789302 0.022898 0.019629
0 0.207043 0.306366 0.026169 0.017860
0 0.728497 0.116888 0.022705 0.020866
0 0.269963 0.526790 0.021936 0.019805
0 0.103425 0.869938 0.020974 0.017153
0 0.405330 0.677277 0.020589 0.023696
0 0.179719 0.375597 0.024245 0.021927
0 0.049355 0.854996 0.021743 0.022989
0 0.866077 0.924403 0.023475 0.022458
0 0.710506 0.675597 0.024052 0.019275
0 0.076198 0.869319 0.025399 0.021574
0 0.106408 0.823254 0.025399 0.024934
0 0.673177 0.204156 0.024437 0.022458
0 0.519819 0.268081 0.025207 0.020513
0 0.327304 0.310610 0.024245 0.019982
0 0.266019 0.416446 0.022128 0.018037
0 0.812103 0.351989 0.021358 0.024934
0 0.955551 0.806808 0.021936 0.021043
0 0.877622 0.139876 0.021166 0.020159
0 0.332403 0.951636 0.024052 0.019982
0 0.186646 0.914412 0.023090 0.022281
0 0.268617 0.306808 0.021551 0.017330
0 0.837887 0.856410 0.020589 0.019805
0 0.101886 0.573563 0.021743 0.018921
0 0.755724 0.100354 0.020589 0.023165
0 0.784972 0.426967 0.025207 0.023873
0 0.945834 0.127940 0.023283 0.022812
0 0.930152 0.517507 0.021166 0.022104
0 0.699731 0.205836 0.024437 0.021220
0 0.673081 0.227851 0.023860 0.022104
0 0.634789 0.945447 0.025014 0.023519
0 0.129209 0.777630 0.022513 0.021043
0 0.105157 0.799912 0.024822 0.021397
0 0.183760 0.711317 0.021936 0.023519
0 0.507793 0.771264 0.020781 0.025995
0 0.857514 0.031388 0.021358 0.021043
0 0.241870 0.091247 0.024630 0.024403
0 0.581489 0.428912 0.026169 0.019629
0 0.766596 0.922635 0.020396 0.020690
0 0.732057 0.453669 0.021743 0.021397
0 0.327304 0.437312 0.028478 0.024403
0 0.608717 0.768700 0.022128 0.021927
0 0.784780 0.319275 0.024822 0.022812
0 0.410622 0.398408 0.023090 0.024403
0 0.403406 0.059328 0.021743 0.021043
0 0.294785 0.437312 0.025014 0.020866
0 0.732538 0.474624 0.020781 0.021927
0 0.128247 0.328382 0.024052 0.023696
0 0.484125 0.768877 0.024245 0.022635
0 0.929960 0.809372 0.025399 0.022281
0 0.865307 0.944562 0.024245 0.018921
0 0.186165 0.688771 0.026361 0.022989
0 0.681932 0.585853 0.025014 0.019452
0 0.484510 0.811671 0.022705 0.025464
0 0.877044 0.163395 0.021936 0.024757
0 0.046950 0.880725 0.021551 0.021397
0 0.212623 0.529089 0.027323 0.022989
0 0.153454 0.574624 0.023283 0.020690
0 0.501347 0.196552 0.019819 0.020690
0 0.132192 0.975066 0.020396 0.025464
0 0.838946 0.920955 0.025399 0.023342
0 0.125746 0.351459 0.021358 0.022812
0 0.240427 0.132803 0.025977 0.021574
0 0.518953 0.330150 0.020012 0.018391
0 0.855397 0.139434 0.022128 0.020690
0 0.532423 0.812997 0.020396 0.020690
0 0.932269 0.656322 0.023090 0.018568
0 0.106215 0.952343 0.023090 0.024226
0 0.100058 0.530327 0.019627 0.025818
0 0.158842 0.974713 0.026361 0.023342
0 0.700308 0.230769 0.024437 0.025464
0 0.241485 0.485676 0.023860 0.021397
0 0.753993 0.161185 0.023668 0.021043
0 0.682028 0.652608 0.020589 0.018568
0 0.475178 0.125464 0.022513 0.016092
0 0.681162 0.468966 0.024630 0.024050
0 0.459111 0.814854 0.023475 0.021927
0 0.807485 0.026172 0.024052 0.019098
0 0.610545 0.612202 0.022705 0.021574
0 0.908312 0.765782 0.019049 0.025287
0 0.925438 0.054642 0.019434 0.020866
0 0.239850 0.243324 0.025592 0.022635
0 0.725130 0.231830 0.020589 0.020866
0 0.075717 0.900088 0.025207 0.036428
0 0.755821 0.054465 0.020396 0.024757
0 0.105061 0.930239 0.021936 0.017153
0 0.837021 0.297701 0.022321 0.022104
0 0.426207 0.174005 0.023475 0.020513
0 0.456417 0.700000 0.020396 0.022458
0 0.884741 0.629531 0.023475 0.020513
0 0.303829 0.966578 0.029248 0.038550
0 0.779296 0.164103 0.025784 0.019805
0 0.374062 0.080637 0.023090 0.021574
0 0.559169 0.856676 0.026169 0.019629
0 0.860785 0.320690 0.020589 0.019982
0 0.931210 0.719098 0.022898 0.022104
0 0.859053 0.429973 0.023668 0.020336
0 0.503175 0.148806 0.020781 0.022458
0 0.909082 0.406278 0.021358 0.023519
0 0.518857 0.351989 0.025977 0.022458
0 0.812392 0.326702 0.021551 0.027056
0 0.711083 0.903095 0.022128 0.022635
0 0.267173 0.435809 0.027516 0.019629
0 0.406292 0.699735 0.024052 0.020159
0 0.813546 0.649514 0.025399 0.020159
0 0.131999 0.729797 0.026169 0.021220
0 0.481528 0.700619 0.021358 0.020513
0 0.205696 0.414854 0.029248 0.026525
0 0.926015 0.077542 0.021358 0.019982
0 0.129786 0.639169 0.025977 0.023519
0 0.532711 0.698851 0.022128 0.019098
0 0.375120 0.680902 0.021358 0.017860
0 0.247354 0.914324 0.027901 0.019275
0 0.556090 0.431123 0.023475 0.021927
0 0.570425 0.268170 0.022128 0.019982
0 0.680393 0.409549 0.028093 0.019098
0 0.708582 0.381521 0.018280 0.018568
0 0.156725 0.109372 0.024052 0.022104
0 0.156244 0.131300 0.021551 0.022104
0 0.900808 0.145447 0.020204 0.024580
0 0.860112 0.366225 0.023475 0.016622
0 0.182702 0.482759 0.031749 0.024050
0 0.909563 0.877630 0.020012 0.020513
0 0.329613 0.199381 0.022321 0.023519
0 0.580142 0.515031 0.022705 0.022458
0 0.874447 0.237401 0.022513 0.019275
0 0.889263 0.785942 0.025207 0.022104
0 0.527131 0.218126 0.020589 0.018568
0 0.861555 0.301238 0.021743 0.019982
0 0.130075 0.798674 0.021936 0.018568
0 0.106215 0.975950 0.022321 0.023696
0 0.355205 0.377100 0.025014 0.023165
0 0.862421 0.564191 0.021166 0.026348
0 0.784683 0.406543 0.028863 0.020513
0 0.078026 0.974447 0.024437 0.023519
0 0.931691 0.920513 0.023090 0.019275
0 0.681451 0.428117 0.024822 0.021220
0 0.735809 0.587003 0.022321 0.017860
0 0.675005 0.160566 0.024630 0.021220
0 0.554551 0.172679 0.021936 0.020690
0 0.447855 0.970380 0.024052 0.030946
0 0.433808 0.767374 0.022898 0.022104
0 0.881085 0.031300 0.020396 0.020159
0 0.682028 0.448099 0.020974 0.019098
0 0.363383 0.842706 0.025207 0.023519
0 0.533000 0.834836 0.020781 0.022281
0 0.270348 0.150133 0.023860 0.015561
0 0.212623 0.063307 0.022705 0.021574
0 0.931307 0.698320 0.022321 0.018744
0 0.782182 0.044828 0.023475 0.016799
0 0.681643 0.886649 0.029055 0.023342
0 0.483644 0.790097 0.023283 0.018037
0 0.245141 0.891512 0.027323 0.026348
0 0.700981 0.161362 0.023475 0.025287
0 0.177410 0.417507 0.023475 0.020513
0 0.240908 0.551194 0.023860 0.020866
0 0.705696 0.361450 0.023668 0.019805
0 0.953242 0.698585 0.019627 0.018568
0 0.075428 0.776304 0.021551 0.019805
0 0.885126 0.450663 0.022705 0.020336
0 0.956032 0.517153 0.025977 0.022812
0 0.835290 0.472767 0.026554 0.019275
0 0.611122 0.945800 0.021936 0.021397
0 0.682124 0.389567 0.024630 0.021220
0 0.559169 0.877277 0.020781 0.022635
0 0.241967 0.070115 0.020589 0.018568
0 0.491630 0.331919 0.023475 0.021927
0 0.556379 0.452431 0.023668 0.022458
0 0.909082 0.833864 0.018280 0.023519
0 0.240716 0.529001 0.019627 0.022104
0 0.883490 0.322635 0.021358 0.023165
0 0.760054 0.566667 0.022321 0.018214
0 0.568597 0.355349 0.023860 0.019629
0 0.907350 0.519805 0.022513 0.023873
0 0.862517 0.837224 0.024437 0.024580
0 0.754859 0.121132 0.020012 0.017683
0 0.154031 0.217507 0.029055 0.019805
0 0.460266 0.793280 0.023475 0.020513
0 0.124687 0.415296 0.021936 0.023519
0 0.683279 0.950044 0.026169 0.020336
0 0.682990 0.907604 0.032904 0.023873
0 0.181836 0.576746 0.026554 0.022458
0 0.509525 0.654996 0.023860 0.021574
0 0.405811 0.648806 0.022705 0.029708
0 0.886473 0.763572 0.023860 0.024757
0 0.508947 0.633952 0.021551 0.020513
0 0.862324 0.859770 0.024437 0.022635
0 0.886088 0.608576 0.021936 0.020336
0 0.876756 0.187268 0.022128 0.019452
0 0.476525 0.196905 0.024437 0.023165
0 0.931403 0.877542 0.024822 0.022458
0 0.712334 0.946065 0.026554 0.022281
0 0.725803 0.210345 0.021936 0.023165
0 0.104099 0.709107 0.022321 0.017683
0 0.832884 0.028028 0.022128 0.021397
0 0.946123 0.187710 0.028093 0.023519
0 0.152203 0.282759 0.024245 0.016269
0 0.430825 0.634925 0.023090 0.021751
0 0.435251 0.350663 0.018472 0.019098
0 0.931595 0.856322 0.023283 0.019275
0 0.408890 0.720690 0.027708 0.022104
0 0.047527 0.827233 0.021166 0.027233
0 0.606119 0.471176 0.023475 0.017507
0 0.355782 0.356587 0.027708 0.020336
0 0.923321 0.124226 0.019434 0.023519
0 0.954108 0.783820 0.023283 0.020336
0 0.954493 0.875420 0.018665 0.022458
0 0.490668 0.355349 0.025784 0.025287
0 0.781124 0.059859 0.020974 0.016092
0 0.074755 0.727851 0.024822 0.032184
0 0.268905 0.550928 0.024437 0.025995
0 0.952761 0.762776 0.022128 0.022104
0 0.534828 0.878780 0.020589 0.021397
0 0.269194 0.171088 0.025014 0.024934
0 0.578026 0.171176 0.023475 0.022989
0 0.922070 0.145889 0.021166 0.017683
0 0.774774 0.276127 0.023283 0.026348
0 0.931595 0.899646 0.021743 0.021043
0 0.076198 0.887710 0.022705 0.015561
0 0.302194 0.771264 0.026361 0.029531
0 0.839715 0.564810 0.025014 0.020159
0 0.207524 0.371088 0.028670 0.013616
0 0.472195 0.951194 0.022321 0.022989
0 0.576775 0.035544 0.019434 0.022635
0 0.150183 0.396110 0.022513 0.020159
0 0.789783 0.544916 0.020589 0.018214
0 0.909371 0.856322 0.019627 0.022812
0 0.493650 0.285234 0.025207 0.026525
0 0.956802 0.918568 0.024437 0.020336
0 0.430344 0.654907 0.017125 0.017860
0 0.159708 0.955172 0.025399 0.017507
0 0.376371 0.703714 0.027323 0.027763
0 0.945834 0.150044 0.024052 0.021751
0 0.076775 0.951724 0.027708 0.022989
0 0.453531 0.021485 0.022321 0.017860
0 0.383106 0.417949 0.023860 0.023873
0 0.105638 0.643678 0.024245 0.025464
0 0.434578 0.373563 0.018280 0.026348
0 0.298634 0.527056 0.023475 0.024934
0 0.422359 0.949337 0.024630 0.018921
0 0.888301 0.966401 0.020974 0.021927
0 0.455263 0.677454 0.018087 0.019805
0 0.211853 0.483996 0.022705 0.025464
0 0.811911 0.302653 0.019434 0.020690
0 0.585915 0.944209 0.022705 0.021397
0 0.930152 0.588240 0.016933 0.021397
0 0.919280 0.214677 0.019819 0.020513
0 0.126130 0.306012 0.024437 0.021751
0 0.158264 0.732184 0.023668 0.025641
0 0.411584 0.332007 0.024245 0.015031
0 0.154416 0.596286 0.019434 0.022281
0 0.954782 0.566490 0.026554 0.024226
0 0.839234 0.941202 0.024437 0.019275
0 0.859053 0.470380 0.024437 0.021927
0 0.580431 0.538019 0.024437 0.023519
0 0.831537 0.431034 0.016356 0.021043
0 0.756109 0.031653 0.024822 0.021574
0 0.636040 0.769584 0.019819 0.021927
0 0.813739 0.541910 0.022321 0.016446
0 0.240908 0.150133 0.026169 0.025464
0 0.909082 0.429178 0.022513 0.021927
0 0.921686 0.165517 0.020781 0.021220
0 0.105061 0.777277 0.028478 0.020336
0 0.682509 0.971176 0.026554 0.022989
0 0.757649 0.406985 0.025977 0.021751
0 0.954012 0.638638 0.022705 0.022104
0 0.704926 0.517065 0.024437 0.023696
0 0.929767 0.411936 0.021166 0.024934
0 0.907350 0.560831 0.025592 0.021397
0 0.300462 0.181167 0.028286 0.019275
0 0.702521 0.117418 0.023090 0.024050
0 0.910333 0.942087 0.023090 0.009726
0 0.781990 0.026614 0.019627 0.019982
0 0.425919 0.195314 0.024822 0.021397
0 0.906003 0.343767 0.020589 0.022989
0 0.929190 0.785765 0.023090 0.020336
0 0.631999 0.386207 0.024052 0.020159
0 0.047431 0.637666 0.029440 0.025464
0 0.184433 0.087622 0.023668 0.022104
0 0.535116 0.856410 0.020781 0.020866
0 0.908120 0.698497 0.024437 0.016976
0 0.103810 0.487710 0.020204 0.024403
0 0.500770 0.218656 0.022128 0.022812
0 0.471330 0.972237 0.020204 0.022635
0 0.957860 0.965871 0.022705 0.025111
0 0.302867 0.952874 0.023860 0.020336
0 0.838657 0.541556 0.027516 0.021751
0 0.954974 0.676658 0.022321 0.021751
0 0.371753 0.017241 0.024245 0.017507
0 0.618722 0.112555 0.035597 0.024226
0 0.421397 0.888152 0.023090 0.018921
0 0.154416 0.482051 0.024822 0.034660
0 0.909371 0.808665 0.017703 0.022989
0 0.476140 0.218656 0.024822 0.022104
0 0.618626 0.340760 0.020396 0.018391
0 0.760246 0.425199 0.024630 0.020336
0 0.076102 0.633333 0.024052 0.026702
0 0.301328 0.112909 0.021551 0.019629
0 0.150279 0.419098 0.021551 0.023696
0 0.509044 0.858267 0.025207 0.019629
0 0.679430 0.536870 0.025399 0.021220
0 0.951607 0.589390 0.020204 0.018391
0 0.610641 0.590981 0.021743 0.019098
0 0.580623 0.410345 0.024437 0.015738
0 0.627285 0.536693 0.020781 0.018391
0 0.103906 0.465517 0.023090 0.021751
0 0.380219 0.310522 0.016548 0.019452
0 0.860015 0.541556 0.024437 0.016799
0 0.604483 0.535721 0.020589 0.020336
0 0.270444 0.482140 0.023668 0.023873
0 0.677410 0.138992 0.020204 0.021220
0 0.372811 0.124668 0.024437 0.019805
0 0.129690 0.191512 0.018857 0.022281
0 0.663845 0.316180 0.019242 0.019098
0 0.411199 0.421662 0.024245 0.024226
0 0.073889 0.585765 0.026554 0.034836
0 0.533000 0.613616 0.017703 0.021220
0 0.586588 0.589744 0.024437 0.021574
0 0.157591 0.709549 0.016548 0.019629
0 0.560227 0.921309 0.020974 0.022989
0 0.634020 0.592308 0.020781 0.018568
0 0.952954 0.897259 0.016740 0.020866
0 0.944487 0.214766 0.025977 0.027056
0 0.450356 0.217065 0.022513 0.019982
0 0.736675 0.340053 0.018280 0.025818
0 0.483644 0.835279 0.023283 0.022104
0 0.906966 0.372591 0.018665 0.029001
0 0.800847 0.274182 0.022321 0.024934
0 0.928228 0.369142 0.025014 0.025641
0 0.900423 0.165340 0.018280 0.017683
0 0.760439 0.512821 0.028478 0.019098
0 0.610641 0.968170 0.020589 0.023696
0 0.919665 0.854642 0.019049 0.020513
0 0.443333 0.921927 0.016163 0.020336
0 0.348663 0.660477 0.019242 0.020513
0 0.158072 0.692838 0.019049 0.015208
0 0.577833 0.080018 0.018472 0.021397
0 0.055320 0.800707 0.010198 0.022989
0 0.345007 0.058621 0.023860 0.024226
0 0.896190 0.213528 0.020589 0.018214
0 0.150664 0.409019 0.021551 0.017330
0 0.760920 0.550575 0.021743 0.013616
0 0.655378 0.444739 0.016163 0.020513
0 0.704156 0.097613 0.019049 0.020159
0 0.130652 0.463130 0.019242 0.020866
0 0.129594 0.486118 0.025977 0.024403
0 0.178468 0.366048 0.021743 0.012378
0 0.492496 0.379487 0.024437 0.024757
0 0.345680 0.038108 0.022128 0.018214
0 0.536463 0.896286 0.018857 0.015385
0 0.706946 0.390009 0.020781 0.013263
0 0.051953 0.906189 0.023475 0.026702
0 0.666250 0.275332 0.019819 0.026525
0 0.236675 0.437401 0.025784 0.016446
0 0.920050 0.188948 0.019819 0.025287
0 0.956417 0.944297 0.022128 0.020159
0 0.155186 0.090805 0.020974 0.017153
0 0.357225 0.445712 0.023283 0.018214
0 0.929863 0.566844 0.017510 0.020336
0 0.947951 0.102918 0.024052 0.029708
0 0.944776 0.162599 0.024630 0.025995
0 0.501636 0.128470 0.023475 0.019982
0 0.048682 0.612202 0.028093 0.022281
0 0.124880 0.286914 0.023475 0.019982
0 0.758515 0.437224 0.021166 0.010787
0 0.437656 0.791954 0.017895 0.020336
0 0.142197 0.391777 0.016163 0.022104
0 0.152299 0.617241 0.015971 0.022104
0 0.155859 0.070292 0.023860 0.024934
0 0.182509 0.063572 0.029440 0.025995
0 0.152492 0.241910 0.028286 0.029001
0 0.128728 0.215915 0.021551 0.025111
0 0.330190 0.176393 0.023860 0.022812
0 0.330672 0.154023 0.027131 0.017683
0 0.345969 0.018833 0.021551 0.023873
0 0.403117 0.012113 0.022705 0.010433
0 0.428035 0.018744 0.022513 0.017683
0 0.370887 0.149337 0.023668 0.024934
0 0.398018 0.190981 0.023668 0.022989
0 0.425823 0.216446 0.022705 0.026172
0 0.501058 0.105659 0.021551 0.020690
0 0.581393 0.101503 0.025977 0.020866
0 0.730806 0.044828 0.023860 0.021751
0 0.898307 0.234660 0.025977 0.025111
0 0.918703 0.234129 0.017125 0.019805
0 0.949298 0.078073 0.025977 0.023873
0 0.903406 0.029708 0.022705 0.018744
0 0.752357 0.274713 0.021551 0.028117
0 0.931691 0.389036 0.022705 0.017683
0 0.930537 0.435986 0.020396 0.023873
0 0.603425 0.511317 0.020396 0.020690
0 0.554839 0.471795 0.027131 0.020866
0 0.078892 0.555084 0.026169 0.020866
0 0.075524 0.661627 0.028286 0.023873
0 0.049452 0.664279 0.023860 0.022812
0 0.155763 0.638285 0.028286 0.022812
0 0.298441 0.550840 0.023860 0.020866
0 0.448432 0.945093 0.024822 0.020690
0 0.482971 0.856145 0.023860 0.021751
0 0.511256 0.880106 0.026169 0.024050
0 0.952665 0.830150 0.021551 0.021751
0 0.956032 0.653846 0.025977 0.022812
0 0.579758 0.557648 0.022705 0.019629
0 0.605157 0.558709 0.021551 0.021751
0 0.517414 0.373475 0.020396 0.021927
