0 0.566808 0.173237 0.159008 0.109943
0 0.560157 0.319317 0.184401 0.117389
0 0.579202 0.451599 0.169287 0.126150
0 0.575272 0.596364 0.144498 0.124836
0 0.580109 0.732589 0.150544 0.110819
0 0.577993 0.872098 0.154776 0.110381
0 0.391778 0.169514 0.154776 0.130530
0 0.396312 0.303110 0.145707 0.141042
0 0.395707 0.447876 0.191657 0.118703
0 0.387545 0.587385 0.183797 0.136662
0 0.409613 0.734122 0.157799 0.127026
0 0.404474 0.862462 0.174123 0.122646
0 0.215840 0.172361 0.159613 0.137976
0 0.204655 0.315594 0.157799 0.133596
0 0.206771 0.448971 0.153567 0.133158
0 0.208585 0.586728 0.168077 0.137976
0 0.206771 0.722952 0.168077 0.130092
0 0.222491 0.866185 0.193470 0.113447
