0 0.600016 0.244345 0.064633 0.076221
0 0.196415 0.259361 0.066677 0.113096
0 0.674713 0.307071 0.063060 0.084205
0 0.195078 0.481087 0.064004 0.070709
0 0.331027 0.695115 0.063217 0.078692
0 0.331970 0.452671 0.049693 0.071659
0 0.194056 0.682190 0.058814 0.066147
0 0.743199 0.764874 0.052524 0.071089
0 0.742255 0.835393 0.057871 0.067668
0 0.596320 0.634005 0.052838 0.059875
0 0.194370 0.549610 0.060387 0.067858
0 0.260890 0.640848 0.063847 0.096370
0 0.673219 0.565767 0.057556 0.071659
0 0.191697 0.750808 0.053782 0.069949
0 0.597264 0.697586 0.057871 0.070709
0 0.265215 0.384433 0.044818 0.082304
0 0.399434 0.439935 0.057556 0.070519
0 0.742570 0.238548 0.056298 0.074891
0 0.400928 0.632864 0.050480 0.066717
0 0.188552 0.818190 0.053153 0.066717
0 0.808618 0.440316 0.056927 0.070899
0 0.331656 0.526136 0.058500 0.076031
0 0.672747 0.633055 0.061016 0.063676
0 0.737930 0.308021 0.055512 0.069759
0 0.738402 0.541437 0.057713 0.080783
0 0.197751 0.349268 0.059601 0.076982
0 0.334801 0.312583 0.053153 0.084585
0 0.332678 0.386428 0.052052 0.060445
0 0.672905 0.235316 0.047177 0.060065
0 0.803821 0.237692 0.054254 0.075841
0 0.599308 0.515872 0.058185 0.059304
0 0.194056 0.616518 0.052838 0.066337
0 0.596320 0.766489 0.046234 0.050371
0 0.330398 0.766489 0.060387 0.066717
0 0.599937 0.319141 0.061645 0.072230
0 0.266551 0.548280 0.059129 0.080023
0 0.803271 0.313248 0.052524 0.078692
0 0.804765 0.379015 0.051109 0.058164
0 0.334093 0.232180 0.050165 0.064056
0 0.807596 0.834727 0.048907 0.068618
0 0.332757 0.607394 0.056927 0.085345
0 0.401635 0.563201 0.058500 0.064626
0 0.671411 0.764684 0.050480 0.069569
0 0.809011 0.511500 0.057084 0.072230
0 0.670860 0.834062 0.044976 0.061205
0 0.597264 0.455142 0.059129 0.067098
0 0.669524 0.502756 0.057713 0.053602
0 0.671725 0.697776 0.053939 0.065007
0 0.597814 0.390040 0.055826 0.066907
0 0.808539 0.638662 0.049536 0.056263
0 0.739189 0.382152 0.059601 0.077362
0 0.396918 0.703193 0.055355 0.063296
0 0.404781 0.373978 0.053782 0.060255
0 0.395660 0.766679 0.053782 0.068998
0 0.741233 0.688652 0.054254 0.067288
0 0.194606 0.415415 0.060230 0.065197
0 0.403601 0.231325 0.058343 0.066147
0 0.806102 0.765349 0.049064 0.069759
0 0.262620 0.467877 0.055040 0.078122
0 0.395424 0.831211 0.050165 0.063486
0 0.401950 0.307546 0.060072 0.080593
0 0.329612 0.835678 0.059129 0.065197
0 0.741390 0.619654 0.066520 0.079833
0 0.808067 0.578977 0.056455 0.065007
0 0.740447 0.460369 0.056770 0.074511
0 0.807281 0.697111 0.051738 0.066337
0 0.399748 0.504277 0.053153 0.056263
0 0.262227 0.731800 0.060230 0.084395
0 0.668580 0.374549 0.057713 0.061775
0 0.595455 0.573655 0.048907 0.065007
0 0.667401 0.443452 0.059443 0.075651
0 0.262227 0.813914 0.054568 0.067288
0 0.596477 0.832161 0.055984 0.062346
0 0.263328 0.271906 0.061488 0.111576
