0 0.514739 0.897654 0.032929 0.030154
0 0.546914 0.096058 0.032343 0.033015
0 0.615667 0.432966 0.028126 0.033721
0 0.512383 0.857145 0.032069 0.034160
0 0.687252 0.891585 0.033658 0.029653
0 0.618740 0.287491 0.029944 0.031969
0 0.512908 0.132751 0.032516 0.033552
0 0.511029 0.817463 0.030914 0.033792
0 0.549607 0.855020 0.029369 0.031585
0 0.686097 0.433702 0.028520 0.032241
0 0.720207 0.622906 0.030557 0.031753
0 0.619841 0.890773 0.032149 0.030829
0 0.441639 0.819144 0.029441 0.030373
0 0.824520 0.133027 0.030838 0.028102
0 0.513109 0.170467 0.034576 0.033272
0 0.857988 0.772126 0.033269 0.037062
0 0.581948 0.776055 0.028828 0.031388
0 0.301719 0.319775 0.029277 0.030578
0 0.335300 0.705802 0.028600 0.032002
0 0.685111 0.626177 0.028021 0.031132
0 0.404491 0.397899 0.028393 0.032239
0 0.582160 0.095338 0.030392 0.029596
0 0.231374 0.474565 0.029475 0.029805
0 0.685404 0.775378 0.029499 0.031923
0 0.300963 0.249421 0.028255 0.032834
0 0.159759 0.093563 0.032356 0.030018
0 0.300928 0.172068 0.029042 0.034610
0 0.301297 0.210170 0.034908 0.028721
0 0.265735 0.285438 0.028753 0.033299
0 0.477540 0.473310 0.028702 0.031980
0 0.650678 0.775687 0.030787 0.030293
0 0.477818 0.893745 0.033075 0.030615
0 0.159480 0.131062 0.029486 0.032432
0 0.854798 0.508305 0.026715 0.032484
0 0.788782 0.582707 0.031580 0.031580
0 0.441285 0.744046 0.026665 0.034535
0 0.336561 0.283100 0.025243 0.030844
0 0.404569 0.475112 0.029079 0.029476
0 0.825683 0.098861 0.030612 0.032019
0 0.616116 0.323759 0.033112 0.029647
0 0.195048 0.897482 0.030913 0.030681
0 0.440868 0.549375 0.028362 0.036826
0 0.581963 0.474622 0.034604 0.030732
0 0.753554 0.850224 0.027712 0.033954
0 0.720222 0.546313 0.028863 0.030723
0 0.407001 0.210851 0.028938 0.032745
0 0.335510 0.895915 0.028269 0.031660
0 0.789418 0.621287 0.030602 0.033077
0 0.545428 0.550690 0.030709 0.028479
0 0.477993 0.135151 0.030658 0.030673
0 0.754768 0.284693 0.029395 0.035700
0 0.685826 0.701913 0.029673 0.031775
0 0.229193 0.781987 0.033322 0.036366
0 0.267286 0.397449 0.030137 0.030852
0 0.650534 0.739793 0.027750 0.036846
0 0.335343 0.471636 0.028379 0.032027
0 0.231043 0.817062 0.030096 0.031266
0 0.856079 0.617394 0.031444 0.031627
0 0.371296 0.131624 0.028752 0.031528
0 0.510314 0.776145 0.030148 0.028116
0 0.652691 0.134524 0.031827 0.031949
0 0.335956 0.588242 0.030276 0.031715
0 0.230527 0.323215 0.031026 0.032626
0 0.685168 0.510370 0.029296 0.030915
0 0.685198 0.850967 0.028877 0.032598
0 0.334894 0.509733 0.027677 0.033703
0 0.650114 0.095896 0.033419 0.028901
0 0.546581 0.434070 0.033376 0.033188
0 0.196553 0.285098 0.032176 0.032540
0 0.581435 0.172285 0.026529 0.028798
0 0.720706 0.133498 0.028940 0.033513
0 0.300843 0.283033 0.030614 0.033285
0 0.614518 0.396829 0.031389 0.031387
0 0.615929 0.247583 0.031156 0.033771
0 0.477408 0.434743 0.033804 0.030801
0 0.477241 0.171439 0.029018 0.031344
0 0.719402 0.510592 0.029064 0.033773
0 0.265836 0.360969 0.027924 0.032556
0 0.297799 0.630336 0.032949 0.036530
0 0.618101 0.582546 0.031535 0.029722
0 0.231595 0.744466 0.031089 0.031748
0 0.479007 0.857810 0.032368 0.031863
0 0.820608 0.471917 0.026750 0.032318
0 0.336240 0.249059 0.026763 0.034219
0 0.405016 0.509403 0.028398 0.032611
0 0.510551 0.322712 0.028642 0.036055
0 0.581444 0.511119 0.030019 0.033124
0 0.440817 0.588365 0.025204 0.030075
0 0.157884 0.438460 0.034780 0.034226
0 0.858653 0.131135 0.030275 0.028385
0 0.477647 0.586800 0.033741 0.032314
0 0.859269 0.094440 0.032349 0.032804
0 0.547432 0.625594 0.030459 0.031609
0 0.194931 0.780652 0.031239 0.029246
0 0.581297 0.701002 0.028485 0.027740
0 0.545258 0.472442 0.028501 0.033122
0 0.194895 0.436656 0.029767 0.029359
0 0.581621 0.624474 0.026772 0.029649
0 0.511489 0.740854 0.030794 0.031408
0 0.511140 0.664054 0.030141 0.030618
0 0.580470 0.811632 0.029015 0.029936
0 0.230466 0.437045 0.028242 0.032093
0 0.789002 0.845834 0.029756 0.034119
0 0.615740 0.207436 0.032257 0.030411
0 0.617365 0.547988 0.032022 0.030276
0 0.370217 0.092962 0.027519 0.030888
0 0.582753 0.131856 0.029470 0.029432
0 0.301668 0.358542 0.030567 0.028285
0 0.546881 0.663574 0.030282 0.032733
0 0.406157 0.740997 0.028764 0.032344
0 0.300581 0.549008 0.029403 0.028523
0 0.158997 0.397325 0.029084 0.029447
0 0.407686 0.897793 0.032429 0.028737
0 0.477206 0.780336 0.031157 0.031592
0 0.406227 0.858547 0.032711 0.032300
0 0.267412 0.437650 0.032262 0.028985
0 0.825093 0.207749 0.027882 0.030497
0 0.755051 0.135334 0.029646 0.029885
0 0.751898 0.468919 0.027441 0.029921
0 0.157691 0.708284 0.030802 0.031342
0 0.510494 0.703304 0.028684 0.033909
0 0.618630 0.776180 0.029861 0.029149
0 0.650739 0.470811 0.027334 0.034328
0 0.718960 0.395071 0.029365 0.033790
0 0.299809 0.819648 0.034043 0.034796
0 0.856671 0.398722 0.025522 0.033762
0 0.229763 0.859871 0.029014 0.031564
0 0.686268 0.134021 0.026574 0.033784
0 0.230364 0.514738 0.027598 0.032259
0 0.686014 0.397463 0.029692 0.030265
0 0.336760 0.322521 0.030056 0.030659
0 0.193187 0.821569 0.031214 0.030337
0 0.855830 0.847061 0.032301 0.032036
0 0.820992 0.848275 0.026286 0.035638
0 0.719692 0.097395 0.028112 0.030192
0 0.650851 0.548118 0.026896 0.032063
0 0.158523 0.323058 0.030049 0.032569
0 0.684792 0.471997 0.027389 0.031478
0 0.821254 0.659047 0.028331 0.033111
0 0.755292 0.811177 0.028770 0.034717
0 0.823648 0.284241 0.029231 0.030949
0 0.156672 0.667683 0.028930 0.035212
0 0.476230 0.742807 0.030674 0.028855
0 0.335639 0.857522 0.029417 0.032495
0 0.753351 0.433080 0.029460 0.034368
0 0.651693 0.433593 0.026767 0.033277
0 0.442960 0.095320 0.034619 0.031678
0 0.406393 0.819575 0.028773 0.029968
0 0.265218 0.172249 0.029163 0.030727
0 0.652030 0.360679 0.029839 0.033265
0 0.581132 0.247016 0.027115 0.031008
0 0.228420 0.898425 0.030573 0.030486
0 0.720134 0.659700 0.029852 0.031025
0 0.442241 0.858278 0.028673 0.038746
0 0.651487 0.246864 0.030207 0.034459
0 0.583507 0.893403 0.029506 0.030650
0 0.720834 0.771805 0.028493 0.029256
0 0.406421 0.701130 0.029476 0.032653
0 0.581432 0.661536 0.033686 0.029220
0 0.230711 0.587206 0.029279 0.027929
0 0.720900 0.434062 0.030877 0.031447
0 0.510033 0.362756 0.031013 0.033221
0 0.404842 0.550003 0.030375 0.036759
0 0.548234 0.207426 0.031846 0.035641
0 0.721482 0.284805 0.031861 0.031616
0 0.334681 0.819448 0.028811 0.034057
0 0.685465 0.281428 0.027904 0.033230
0 0.616886 0.659995 0.029188 0.031489
0 0.336398 0.358323 0.029872 0.032530
0 0.649808 0.508978 0.027343 0.032619
0 0.853875 0.546081 0.032537 0.035171
0 0.477295 0.663111 0.026662 0.032317
0 0.265711 0.247761 0.027709 0.032523
0 0.582890 0.738334 0.029321 0.027410
0 0.617188 0.507743 0.027723 0.029707
0 0.196878 0.663117 0.033726 0.026880
0 0.511008 0.396994 0.030878 0.031630
0 0.406420 0.626100 0.028371 0.027983
0 0.442079 0.284067 0.026941 0.034914
0 0.156583 0.549430 0.031060 0.030369
0 0.583141 0.586061 0.030918 0.033380
0 0.301288 0.898523 0.032267 0.034631
0 0.339449 0.092186 0.033077 0.027569
0 0.651141 0.207692 0.027154 0.029797
0 0.858943 0.320848 0.033491 0.033794
0 0.266157 0.662831 0.027918 0.034003
0 0.197041 0.705822 0.032076 0.028966
0 0.753046 0.508416 0.028826 0.030779
0 0.686788 0.169266 0.026143 0.031284
0 0.337749 0.665154 0.031369 0.033761
0 0.264932 0.706028 0.027258 0.031404
0 0.822734 0.169667 0.031162 0.033400
0 0.754419 0.582344 0.029072 0.028973
0 0.652733 0.321310 0.027274 0.032574
0 0.752929 0.172052 0.032083 0.031570
0 0.721084 0.890614 0.031240 0.029258
0 0.823968 0.359750 0.030620 0.032033
0 0.303644 0.096136 0.031735 0.029678
0 0.336204 0.208889 0.027669 0.033082
0 0.335346 0.741523 0.030387 0.031995
0 0.477717 0.210745 0.028387 0.028279
0 0.753053 0.096598 0.026646 0.030864
0 0.159553 0.743268 0.029601 0.032695
0 0.266033 0.320841 0.027516 0.029719
0 0.721161 0.321843 0.033904 0.032249
0 0.157885 0.207756 0.029761 0.030245
0 0.156742 0.511587 0.029816 0.033821
0 0.721510 0.736545 0.031438 0.029543
0 0.511924 0.094563 0.027857 0.029409
0 0.264241 0.819032 0.026186 0.035016
0 0.787630 0.659345 0.028221 0.030667
0 0.264343 0.857858 0.025943 0.032663
0 0.230301 0.284019 0.029112 0.032097
0 0.196734 0.250541 0.030951 0.028838
0 0.752954 0.734058 0.025545 0.031264
0 0.334036 0.549657 0.025852 0.028655
0 0.755667 0.360828 0.030083 0.030262
0 0.477949 0.095674 0.026516 0.029934
0 0.195638 0.132334 0.027274 0.027203
0 0.614045 0.170931 0.029548 0.028613
0 0.232486 0.131207 0.028340 0.028514
0 0.301173 0.471987 0.027966 0.030134
0 0.265062 0.132744 0.026934 0.028517
0 0.650631 0.813980 0.029306 0.032904
0 0.194706 0.591018 0.026811 0.031850
0 0.618306 0.621335 0.028709 0.031651
0 0.719272 0.585939 0.029871 0.032019
0 0.406490 0.588953 0.029382 0.032527
0 0.582238 0.281454 0.025464 0.029281
0 0.856491 0.583822 0.030656 0.033059
0 0.231971 0.630888 0.031063 0.030761
0 0.548317 0.775917 0.028975 0.029863
0 0.266489 0.550237 0.027447 0.027373
0 0.719441 0.469148 0.026058 0.029579
0 0.443897 0.625676 0.033606 0.031138
0 0.476684 0.547298 0.030725 0.031550
0 0.723058 0.245457 0.031923 0.029360
0 0.442568 0.781665 0.030975 0.033522
0 0.546788 0.323899 0.027329 0.031189
0 0.195121 0.629865 0.027712 0.028739
0 0.511930 0.246544 0.025921 0.033017
0 0.653695 0.850524 0.032584 0.029235
0 0.789023 0.890291 0.030626 0.033125
0 0.441673 0.666212 0.030303 0.035406
0 0.857173 0.207990 0.029289 0.028239
0 0.858373 0.808362 0.035132 0.031130
0 0.719864 0.170834 0.026929 0.029935
0 0.616371 0.099084 0.026705 0.027503
0 0.545925 0.397783 0.026709 0.033268
0 0.266539 0.625708 0.027418 0.031561
0 0.685251 0.545712 0.026012 0.031706
0 0.787713 0.545130 0.026310 0.029014
0 0.787709 0.432101 0.026722 0.029023
0 0.158981 0.779136 0.027116 0.032894
0 0.545645 0.510572 0.027908 0.029909
0 0.300183 0.512250 0.027578 0.030204
0 0.791468 0.320218 0.029756 0.028458
0 0.688921 0.206644 0.027632 0.030892
0 0.301705 0.130287 0.027028 0.028798
0 0.686383 0.661563 0.029653 0.028435
0 0.787817 0.696072 0.027971 0.033363
0 0.719728 0.359219 0.029170 0.030987
0 0.547793 0.136077 0.030914 0.031121
0 0.442829 0.207888 0.029344 0.030656
0 0.266390 0.096058 0.025531 0.032799
0 0.581320 0.851496 0.026498 0.025724
0 0.194819 0.092630 0.028586 0.028909
0 0.476413 0.359952 0.026556 0.032870
0 0.546951 0.245919 0.029808 0.029615
0 0.788395 0.808166 0.026757 0.031290
0 0.823452 0.732546 0.027612 0.030815
0 0.545305 0.701736 0.028409 0.032108
0 0.230309 0.245938 0.026588 0.033166
0 0.158197 0.170397 0.031230 0.031250
0 0.615429 0.360032 0.030602 0.030087
0 0.299570 0.587301 0.027994 0.030111
0 0.195158 0.170373 0.026944 0.031376
0 0.476790 0.244816 0.028735 0.028065
0 0.824250 0.395508 0.031380 0.029386
0 0.617188 0.851053 0.027962 0.029932
0 0.581212 0.321753 0.026251 0.029316
0 0.824719 0.807790 0.028544 0.027444
0 0.230368 0.401594 0.028812 0.029965
0 0.264810 0.210889 0.026603 0.034349
0 0.441767 0.399821 0.025223 0.031302
0 0.548227 0.170552 0.030116 0.030285
0 0.194593 0.509821 0.027696 0.031021
0 0.857975 0.285602 0.027045 0.032984
0 0.823082 0.619258 0.027587 0.029904
0 0.512303 0.625637 0.025985 0.032608
0 0.685439 0.318232 0.027142 0.030315
0 0.581555 0.210055 0.026057 0.033911
0 0.721446 0.207479 0.026418 0.028815
0 0.231196 0.668111 0.030365 0.026527
0 0.787571 0.095980 0.029975 0.027490
0 0.821907 0.431599 0.028486 0.030462
0 0.821781 0.509865 0.029199 0.029083
0 0.194540 0.395782 0.032525 0.029967
0 0.511291 0.434645 0.030518 0.029510
0 0.231140 0.093678 0.027805 0.028840
0 0.194940 0.210221 0.027487 0.032582
0 0.193207 0.360604 0.027456 0.030570
0 0.652514 0.174963 0.029522 0.030035
0 0.549645 0.813368 0.028841 0.026984
0 0.757095 0.890592 0.026662 0.028678
0 0.549092 0.892928 0.026817 0.031254
0 0.548341 0.283915 0.027039 0.031262
0 0.160134 0.359572 0.030400 0.029928
0 0.788405 0.471540 0.027287 0.034149
0 0.442518 0.130063 0.028769 0.028334
0 0.823543 0.319505 0.026997 0.030801
0 0.299793 0.855712 0.029527 0.029955
0 0.297641 0.781503 0.026992 0.029865
0 0.753462 0.770960 0.028882 0.034264
0 0.263733 0.743124 0.026250 0.031404
0 0.616248 0.736718 0.028984 0.030591
0 0.477049 0.284090 0.026505 0.035925
0 0.443212 0.245589 0.030339 0.032255
0 0.652157 0.622445 0.031212 0.031127
0 0.686968 0.093043 0.027762 0.028279
0 0.157637 0.248129 0.028758 0.031623
0 0.511228 0.584220 0.025733 0.031916
0 0.194902 0.862204 0.028424 0.031966
0 0.335927 0.395782 0.028890 0.026752
0 0.720435 0.810215 0.028520 0.037106
0 0.684053 0.735156 0.027691 0.032352
0 0.790869 0.284700 0.025717 0.031558
0 0.546518 0.587219 0.030072 0.029449
0 0.442510 0.473683 0.030248 0.028967
0 0.156452 0.284307 0.031377 0.031189
0 0.789995 0.133012 0.029254 0.025988
0 0.652362 0.891013 0.029384 0.030820
0 0.580765 0.396309 0.025782 0.034390
0 0.722342 0.849602 0.029756 0.028290
0 0.193780 0.553030 0.030272 0.027371
0 0.856800 0.656801 0.025825 0.030518
0 0.754680 0.207756 0.026546 0.028651
0 0.477469 0.816779 0.027793 0.028945
0 0.193212 0.742706 0.032056 0.027102
0 0.720617 0.696198 0.030047 0.029232
0 0.582321 0.434467 0.030226 0.029525
0 0.442313 0.702578 0.027858 0.025098
0 0.299408 0.667151 0.027869 0.031115
0 0.476233 0.624590 0.026909 0.028391
0 0.406921 0.134227 0.025760 0.031532
0 0.791273 0.245826 0.027998 0.031723
0 0.158440 0.477067 0.031578 0.028481
0 0.755080 0.244659 0.026885 0.029985
0 0.512124 0.209077 0.027567 0.030549
0 0.231146 0.169929 0.028165 0.029367
0 0.651410 0.283111 0.027660 0.031470
0 0.229295 0.551959 0.031280 0.025652
0 0.476186 0.509864 0.031196 0.031431
0 0.476128 0.396715 0.028286 0.031019
0 0.581212 0.357528 0.025500 0.033588
0 0.511180 0.472837 0.024382 0.029153
0 0.406072 0.246633 0.029919 0.031011
0 0.229358 0.361932 0.030530 0.027042
0 0.194405 0.474181 0.028562 0.028872
0 0.857817 0.357765 0.027669 0.030966
0 0.650693 0.663302 0.028386 0.032426
0 0.857180 0.245019 0.026941 0.031194
0 0.406344 0.663769 0.027439 0.031004
0 0.158616 0.585981 0.029203 0.029814
0 0.753683 0.620052 0.029497 0.032697
0 0.789222 0.356771 0.025729 0.029038
0 0.787185 0.508232 0.029187 0.029928
0 0.821369 0.543221 0.025191 0.031437
0 0.752257 0.544406 0.025091 0.029037
0 0.230574 0.209427 0.027172 0.029031
0 0.477033 0.319792 0.027196 0.028367
0 0.792975 0.208037 0.029163 0.029639
0 0.265874 0.510226 0.026417 0.029306
0 0.192399 0.321049 0.030488 0.030432
0 0.684078 0.357378 0.026196 0.030168
0 0.688217 0.244021 0.028655 0.028048
0 0.266201 0.477161 0.028975 0.028847
0 0.231718 0.702597 0.028646 0.030638
0 0.265630 0.591159 0.025723 0.028230
0 0.822885 0.697256 0.030137 0.029891
0 0.439818 0.318089 0.026752 0.024397
0 0.337217 0.130649 0.026833 0.030154
0 0.334700 0.434978 0.027757 0.032326
0 0.510132 0.547753 0.028096 0.027225
0 0.790214 0.393883 0.026651 0.035596
0 0.787666 0.769149 0.027578 0.028870
0 0.858980 0.734620 0.031055 0.029556
0 0.477758 0.702098 0.027161 0.028214
0 0.854596 0.433472 0.027299 0.033605
0 0.404269 0.435778 0.025823 0.031521
0 0.300427 0.434694 0.027753 0.034226
0 0.336269 0.626928 0.026347 0.032975
0 0.406820 0.360629 0.026014 0.028560
0 0.405753 0.322279 0.028783 0.026151
0 0.617385 0.473317 0.028750 0.034694
0 0.441120 0.433650 0.025763 0.027257
0 0.857666 0.695990 0.027337 0.031610
0 0.614139 0.137461 0.030023 0.025858
0 0.824684 0.247079 0.027518 0.029458
0 0.299877 0.395475 0.026244 0.029561
0 0.616942 0.812205 0.027751 0.029163
0 0.407211 0.094998 0.027287 0.025184
0 0.405227 0.779498 0.027239 0.029805
0 0.788333 0.170139 0.030916 0.031956
0 0.299047 0.701451 0.027165 0.025649
0 0.442418 0.167588 0.027218 0.029095
0 0.821636 0.888350 0.025639 0.026760
0 0.788069 0.734965 0.026421 0.027527
0 0.407555 0.170868 0.026321 0.026779
0 0.336953 0.170610 0.027213 0.032116
0 0.754358 0.396366 0.027554 0.029583
0 0.685030 0.809060 0.026742 0.028039
0 0.156777 0.627881 0.030595 0.029833
0 0.752125 0.658638 0.026857 0.026700
0 0.405958 0.281815 0.028778 0.025393
0 0.752547 0.698147 0.028295 0.027943
0 0.615518 0.701586 0.027286 0.025959
0 0.754800 0.322357 0.027661 0.030022
0 0.548736 0.740732 0.028102 0.025700
0 0.264815 0.895543 0.025836 0.026348
0 0.652058 0.393027 0.025544 0.024512
0 0.333882 0.777630 0.025620 0.026429
0 0.441853 0.509480 0.024656 0.027721
0 0.442596 0.894403 0.025041 0.022752
0 0.821601 0.581697 0.026752 0.025457
0 0.441092 0.357009 0.027738 0.025113
0 0.581457 0.548100 0.027956 0.024033
0 0.371873 0.171039 0.024549 0.027821
0 0.300392 0.739173 0.024597 0.027043
0 0.855044 0.470240 0.028467 0.025455
0 0.511071 0.281535 0.028351 0.023683
0 0.685036 0.582600 0.026424 0.024552
0 0.823499 0.768779 0.029627 0.028380
