0 0.665237 0.128045 0.024967 0.033462
0 0.515152 0.068518 0.022489 0.029593
0 0.877263 0.097997 0.038879 0.029820
0 0.365447 0.370362 0.023823 0.034601
0 0.315323 0.635443 0.025729 0.030275
0 0.614923 0.314136 0.024967 0.031869
0 0.292167 0.724220 0.025920 0.021170
0 0.541357 0.311746 0.023061 0.034373
0 0.690109 0.426019 0.022870 0.032552
0 0.565657 0.368882 0.020202 0.029820
0 0.589480 0.068973 0.022489 0.026406
0 0.389556 0.760983 0.023633 0.031414
0 0.842577 0.486228 0.025920 0.032779
0 0.416333 0.068860 0.021917 0.030731
0 0.391176 0.130321 0.023061 0.028910
0 0.639127 0.039381 0.021917 0.033235
0 0.713551 0.190530 0.021727 0.028227
0 0.616638 0.753471 0.028016 0.033235
0 0.540881 0.130321 0.025157 0.034828
0 0.790261 0.161962 0.024585 0.035283
0 0.641605 0.185636 0.024967 0.032097
0 0.465218 0.400296 0.022489 0.029820
0 0.388889 0.397564 0.024204 0.026633
0 0.317229 0.489415 0.024967 0.033235
0 0.415761 0.727976 0.025348 0.028227
0 0.564608 0.637036 0.024204 0.031186
0 0.714122 0.631004 0.025538 0.027771
0 0.877263 0.067266 0.036974 0.032552
0 0.739851 0.456522 0.023251 0.035739
0 0.897465 0.486000 0.027825 0.030958
0 0.640271 0.312656 0.023442 0.032097
0 0.140080 0.725131 0.024014 0.026633
0 0.740900 0.930116 0.023442 0.028682
0 0.566324 0.851810 0.025348 0.032324
0 0.116447 0.314933 0.024395 0.026178
0 0.265771 0.901434 0.024967 0.022308
0 0.216219 0.607330 0.027254 0.031869
0 0.789594 0.577510 0.024776 0.030503
0 0.291595 0.754610 0.025157 0.038243
0 0.064037 0.372980 0.022489 0.033918
0 0.716123 0.931254 0.024585 0.030503
0 0.190204 0.573640 0.026301 0.030958
0 0.439299 0.165377 0.026301 0.034373
0 0.589575 0.132939 0.023442 0.031869
0 0.490566 0.793763 0.024395 0.038243
0 0.614256 0.099363 0.025157 0.029365
0 0.265580 0.219326 0.026491 0.032552
0 0.817038 0.070112 0.022870 0.025950
0 0.343720 0.132483 0.021536 0.035511
0 0.316276 0.812087 0.023823 0.035283
0 0.317038 0.522536 0.024585 0.031641
0 0.239565 0.906784 0.024395 0.027544
0 0.896226 0.727749 0.028016 0.032779
0 0.340194 0.846802 0.022489 0.028682
0 0.640557 0.606875 0.024776 0.029137
0 0.665523 0.311746 0.024776 0.032552
0 0.540690 0.253244 0.023251 0.033007
0 0.165047 0.496585 0.023633 0.030731
0 0.714599 0.398475 0.026110 0.031186
0 0.815418 0.154792 0.024204 0.032324
0 0.590051 0.313453 0.024014 0.032324
0 0.565657 0.277487 0.023251 0.030958
0 0.341719 0.635557 0.024776 0.030958
0 0.639985 0.405759 0.025920 0.028910
0 0.091100 0.728318 0.025157 0.029365
0 0.139604 0.786478 0.025348 0.032779
0 0.114160 0.518325 0.025920 0.030958
0 0.465504 0.789779 0.024204 0.035283
0 0.816371 0.250285 0.025348 0.028910
0 0.164475 0.756886 0.024776 0.029593
0 0.489899 0.726155 0.021917 0.029137
0 0.490947 0.606419 0.022489 0.028227
0 0.390604 0.426246 0.025348 0.030731
0 0.388508 0.877191 0.024585 0.029820
0 0.139222 0.550307 0.026872 0.030275
0 0.190680 0.314022 0.026872 0.028454
0 0.139318 0.517300 0.023251 0.034828
0 0.789689 0.696563 0.022680 0.035966
0 0.642176 0.219326 0.023823 0.031641
0 0.289308 0.632711 0.026301 0.036194
0 0.566895 0.098111 0.024967 0.032324
0 0.593101 0.966082 0.025920 0.032324
0 0.790166 0.728773 0.024014 0.029820
0 0.391462 0.069542 0.025157 0.026178
0 0.390509 0.601411 0.021346 0.035511
0 0.876787 0.129752 0.035258 0.035056
0 0.814370 0.514910 0.025920 0.035511
0 0.789499 0.451969 0.027254 0.027999
0 0.540976 0.435238 0.022298 0.028682
0 0.763484 0.546324 0.025538 0.031869
0 0.414808 0.487594 0.024585 0.031869
0 0.240900 0.067949 0.022108 0.031186
0 0.615971 0.786934 0.025920 0.031869
0 0.565752 0.753130 0.026491 0.031641
0 0.391557 0.039039 0.024204 0.031186
0 0.188298 0.515821 0.022108 0.029137
0 0.590814 0.575916 0.024395 0.028227
0 0.738136 0.130662 0.026682 0.030048
0 0.214789 0.251423 0.028207 0.032552
0 0.514961 0.192921 0.031256 0.034828
0 0.615399 0.816754 0.024395 0.028227
0 0.716028 0.818347 0.025538 0.024129
0 0.368401 0.315160 0.027444 0.031186
0 0.516771 0.282950 0.024585 0.030503
0 0.316467 0.752333 0.022680 0.030048
0 0.114351 0.638061 0.025920 0.031869
0 0.090147 0.137036 0.024776 0.032324
0 0.344483 0.040519 0.023823 0.031869
0 0.516104 0.518325 0.024014 0.031869
0 0.714027 0.576599 0.022680 0.027316
0 0.466171 0.962668 0.026682 0.023674
0 0.540213 0.606647 0.023823 0.026861
0 0.816276 0.546665 0.025157 0.027999
0 0.541071 0.195880 0.025157 0.029365
0 0.240233 0.697473 0.021536 0.031869
0 0.089670 0.315843 0.029541 0.031186
0 0.391462 0.215343 0.023633 0.030503
0 0.897179 0.544844 0.026110 0.030731
0 0.415666 0.313112 0.024014 0.030731
0 0.765771 0.129524 0.026682 0.035056
0 0.368687 0.069770 0.021917 0.025723
0 0.765676 0.094696 0.024585 0.027316
0 0.766152 0.901889 0.026301 0.030048
0 0.870402 0.543478 0.026682 0.031186
0 0.414046 0.787730 0.023061 0.029820
0 0.740042 0.065217 0.024014 0.026178
0 0.089861 0.761780 0.024585 0.037104
0 0.264723 0.519121 0.022108 0.031186
0 0.365066 0.904735 0.024204 0.030731
0 0.591671 0.816185 0.022298 0.029820
0 0.640652 0.372183 0.024967 0.036877
0 0.290928 0.485090 0.023442 0.032324
0 0.567944 0.819941 0.027063 0.029593
0 0.765199 0.605623 0.026301 0.029820
0 0.413379 0.633963 0.023251 0.031869
0 0.489994 0.170726 0.019821 0.033235
0 0.716505 0.790804 0.023823 0.033690
0 0.389651 0.729115 0.023823 0.030048
0 0.138365 0.819144 0.022108 0.032097
0 0.089956 0.102322 0.024395 0.036649
0 0.944063 0.604712 0.023823 0.033918
0 0.816943 0.931823 0.024204 0.029820
0 0.290071 0.875825 0.022870 0.024812
0 0.365256 0.788072 0.024204 0.033235
0 0.792548 0.039267 0.024967 0.037104
0 0.815228 0.634874 0.021536 0.030503
0 0.464837 0.823469 0.025538 0.032097
0 0.616924 0.964944 0.019821 0.031869
0 0.542500 0.372980 0.023823 0.035283
0 0.265580 0.159800 0.023061 0.028227
0 0.588431 0.514682 0.021917 0.029593
0 0.666857 0.966538 0.022870 0.027771
0 0.465218 0.368427 0.021727 0.030731
0 0.517820 0.936604 0.025920 0.029365
0 0.716791 0.281357 0.028588 0.032324
0 0.465695 0.518097 0.021155 0.031869
0 0.613875 0.130662 0.024395 0.033235
0 0.215171 0.788982 0.027825 0.031414
0 0.165142 0.786592 0.026872 0.031641
0 0.739184 0.097428 0.024585 0.035511
0 0.391748 0.963578 0.026110 0.035056
0 0.290166 0.519008 0.026110 0.033235
0 0.690490 0.936718 0.023633 0.031869
0 0.841338 0.111996 0.026110 0.030048
0 0.344197 0.097428 0.023633 0.030958
0 0.037545 0.788527 0.025920 0.035511
0 0.813322 0.215456 0.026110 0.038926
0 0.589670 0.545186 0.023633 0.030503
0 0.265962 0.757796 0.024204 0.031414
0 0.739661 0.696677 0.022870 0.032097
0 0.215266 0.697929 0.021917 0.030048
0 0.516295 0.812770 0.027825 0.029820
0 0.292262 0.128614 0.026872 0.031869
0 0.264056 0.576599 0.022298 0.029137
0 0.441300 0.071250 0.023442 0.028227
0 0.390414 0.907239 0.026110 0.030731
0 0.590242 0.425222 0.020964 0.029593
0 0.764913 0.485659 0.025729 0.021625
0 0.367353 0.281698 0.024585 0.033918
0 0.439966 0.936376 0.026872 0.028454
0 0.090337 0.403028 0.023633 0.029820
0 0.366781 0.636467 0.023442 0.029593
0 0.714122 0.604598 0.024776 0.026406
0 0.766057 0.933189 0.025348 0.030275
0 0.190204 0.640337 0.021346 0.036877
0 0.363732 0.819486 0.024204 0.028227
0 0.189156 0.728090 0.025729 0.028910
0 0.062893 0.134532 0.025157 0.033690
0 0.589384 0.038243 0.021155 0.029593
0 0.240137 0.285682 0.027444 0.027316
0 0.713741 0.217733 0.025157 0.022991
0 0.516009 0.372638 0.025348 0.035966
0 0.565466 0.068518 0.024014 0.027316
0 0.713646 0.162304 0.023061 0.026406
0 0.440347 0.582176 0.022298 0.030731
0 0.665428 0.795242 0.023442 0.033918
0 0.516486 0.314250 0.024014 0.031186
0 0.715075 0.488391 0.025157 0.035283
0 0.540690 0.519463 0.023251 0.030958
0 0.614256 0.070908 0.024014 0.028910
0 0.844006 0.846802 0.028397 0.031869
0 0.490661 0.637605 0.025348 0.029593
0 0.715456 0.368427 0.026682 0.034373
0 0.740804 0.398247 0.023251 0.031186
0 0.415094 0.250740 0.022870 0.028454
0 0.090719 0.548941 0.026301 0.028910
0 0.465885 0.577623 0.023442 0.032552
0 0.489994 0.487935 0.027444 0.032552
0 0.164951 0.399841 0.023823 0.035739
0 0.116543 0.698953 0.024585 0.036194
0 0.239947 0.222058 0.021727 0.032097
0 0.290452 0.160596 0.025538 0.033918
0 0.439489 0.905759 0.023251 0.032324
0 0.614732 0.515138 0.024585 0.028682
0 0.365733 0.457205 0.022870 0.033007
0 0.189537 0.284885 0.025348 0.029365
0 0.690204 0.455725 0.026872 0.025495
0 0.414713 0.847940 0.024776 0.029137
0 0.690585 0.129410 0.028016 0.033007
0 0.138460 0.159800 0.025729 0.031414
0 0.140271 0.368313 0.024776 0.027316
0 0.641700 0.723879 0.021727 0.032324
0 0.139985 0.396198 0.027254 0.026633
0 0.215361 0.485204 0.023251 0.028910
0 0.264342 0.188937 0.026682 0.027316
0 0.214408 0.188026 0.024395 0.030958
0 0.616543 0.934100 0.020964 0.029820
0 0.366305 0.965627 0.024776 0.036877
0 0.742615 0.961985 0.026872 0.035056
0 0.791023 0.424539 0.026110 0.030958
0 0.590242 0.193831 0.023251 0.029820
0 0.568325 0.786934 0.025538 0.033690
0 0.541357 0.163669 0.026110 0.033690
0 0.165809 0.464603 0.025157 0.031869
0 0.439299 0.726269 0.022108 0.030731
0 0.739947 0.873094 0.022298 0.030731
0 0.340480 0.815274 0.020393 0.031641
0 0.841433 0.693945 0.026301 0.031641
0 0.389270 0.635557 0.023442 0.029593
0 0.364589 0.848054 0.023251 0.028454
0 0.766057 0.161279 0.025348 0.027089
0 0.139413 0.313226 0.022298 0.032324
0 0.515152 0.843273 0.025920 0.032552
0 0.489518 0.521398 0.024204 0.030731
0 0.111588 0.191896 0.023061 0.032324
0 0.664570 0.826428 0.023633 0.030275
0 0.713741 0.522422 0.026682 0.033690
0 0.713551 0.247439 0.023633 0.031869
0 0.592053 0.250171 0.024967 0.031869
0 0.089384 0.849647 0.024014 0.031641
0 0.716028 0.845664 0.027444 0.033235
0 0.139222 0.072160 0.023442 0.024129
0 0.664284 0.488732 0.020393 0.026406
0 0.138841 0.638402 0.021536 0.029365
0 0.869830 0.635101 0.025920 0.030048
0 0.640461 0.069770 0.026110 0.026633
0 0.064322 0.405190 0.024967 0.027316
0 0.140461 0.453676 0.022489 0.030958
0 0.292072 0.037901 0.023823 0.029365
0 0.590909 0.368199 0.022298 0.028910
0 0.065561 0.905304 0.025538 0.030958
0 0.566991 0.965855 0.025920 0.033690
0 0.688870 0.191213 0.023061 0.028682
0 0.538975 0.636695 0.020964 0.031414
0 0.516009 0.551332 0.023442 0.029593
0 0.164666 0.040974 0.023633 0.030503
0 0.489518 0.369679 0.023061 0.033235
0 0.641605 0.433417 0.026491 0.027771
0 0.540309 0.405532 0.019059 0.028910
0 0.816371 0.457660 0.022298 0.028454
0 0.317419 0.197018 0.023823 0.027999
0 0.062702 0.515479 0.024776 0.028454
0 0.870116 0.575347 0.024967 0.031186
0 0.815704 0.485204 0.026301 0.024357
0 0.440728 0.458229 0.023442 0.027316
0 0.438727 0.874915 0.021346 0.026178
0 0.739661 0.223765 0.024776 0.031869
0 0.790071 0.515707 0.026491 0.031641
0 0.816752 0.901093 0.024967 0.029820
0 0.590719 0.605395 0.025729 0.027999
0 0.640652 0.966879 0.023823 0.029820
0 0.089575 0.793308 0.024395 0.024129
0 0.791500 0.929547 0.025157 0.030275
0 0.114160 0.968928 0.020964 0.032097
0 0.689442 0.219554 0.023061 0.026633
0 0.265962 0.788527 0.021917 0.028682
0 0.688012 0.516048 0.021727 0.030958
0 0.111683 0.222513 0.023251 0.030275
0 0.691538 0.761097 0.024967 0.034373
0 0.440156 0.759162 0.024204 0.034145
0 0.898228 0.454473 0.025920 0.029820
0 0.188489 0.485090 0.025538 0.025040
0 0.316371 0.602436 0.025157 0.025267
0 0.842005 0.724562 0.027444 0.030503
0 0.815037 0.754837 0.022680 0.035511
0 0.366972 0.251992 0.023442 0.027316
0 0.689823 0.097428 0.024585 0.030503
0 0.613398 0.367289 0.024204 0.031186
0 0.291881 0.067494 0.024585 0.029365
0 0.715171 0.427612 0.025348 0.025267
0 0.815990 0.816185 0.026491 0.033007
0 0.440728 0.487708 0.023823 0.033918
0 0.214789 0.039950 0.023251 0.029365
0 0.087574 0.168222 0.021536 0.030958
0 0.541071 0.040405 0.025920 0.029365
0 0.689823 0.634191 0.023823 0.028682
0 0.843244 0.576372 0.026491 0.031869
0 0.165714 0.609834 0.024585 0.028682
0 0.641891 0.282609 0.027063 0.030275
0 0.513817 0.161393 0.025538 0.030958
0 0.416047 0.430799 0.025538 0.030731
0 0.791214 0.100159 0.023823 0.030503
0 0.240423 0.964603 0.026872 0.033918
0 0.090528 0.371614 0.024395 0.033462
0 0.540118 0.069542 0.021346 0.029820
0 0.091004 0.488618 0.022298 0.027999
0 0.388794 0.517983 0.027063 0.034373
0 0.870116 0.605736 0.024585 0.028682
0 0.589384 0.100501 0.021155 0.032097
0 0.440061 0.130435 0.022489 0.034601
0 0.317229 0.164011 0.024204 0.036649
0 0.490757 0.103460 0.020964 0.034828
0 0.290547 0.551332 0.025729 0.032779
0 0.414046 0.875484 0.023823 0.025495
0 0.615304 0.223879 0.025729 0.027999
0 0.342386 0.256317 0.021536 0.031414
0 0.090909 0.432506 0.023251 0.029593
0 0.366781 0.040405 0.020774 0.031186
0 0.789213 0.484976 0.022108 0.033007
0 0.542215 0.223310 0.022489 0.026861
0 0.663617 0.518325 0.022870 0.028682
0 0.515342 0.224107 0.026301 0.028910
0 0.315609 0.843956 0.023633 0.030731
0 0.066609 0.637264 0.024204 0.030275
0 0.763484 0.577510 0.023251 0.029137
0 0.367067 0.130435 0.022108 0.028227
0 0.843911 0.546324 0.027063 0.030048
0 0.515819 0.429206 0.023823 0.025267
0 0.665428 0.727749 0.020393 0.030958
0 0.565942 0.604940 0.021536 0.029365
0 0.666000 0.856021 0.022298 0.029365
0 0.414141 0.757000 0.022870 0.027089
0 0.240709 0.401662 0.024014 0.033007
0 0.266724 0.488732 0.023823 0.027316
0 0.514866 0.752333 0.023061 0.030958
0 0.739661 0.254610 0.025157 0.026633
0 0.113112 0.908036 0.025348 0.031414
0 0.641033 0.458798 0.022298 0.025267
0 0.765009 0.814364 0.024395 0.029820
0 0.265866 0.248577 0.025538 0.022763
0 0.542119 0.852379 0.025729 0.036194
0 0.714885 0.455156 0.022489 0.027999
0 0.242615 0.130093 0.024776 0.033007
0 0.265580 0.728090 0.025729 0.027544
0 0.895559 0.694742 0.023633 0.033235
0 0.438822 0.846802 0.022298 0.028682
0 0.515056 0.725359 0.023442 0.022991
0 0.114351 0.284657 0.022870 0.030731
0 0.464361 0.608468 0.020774 0.030048
0 0.614065 0.196221 0.026682 0.029137
0 0.543644 0.817323 0.024967 0.033462
0 0.364399 0.487025 0.025538 0.024812
0 0.414713 0.518438 0.022489 0.027089
0 0.188393 0.697815 0.021536 0.030731
0 0.868210 0.365923 0.023823 0.030731
0 0.616829 0.901320 0.025729 0.032097
0 0.318563 0.422490 0.024204 0.030958
0 0.318087 0.699181 0.023633 0.030731
0 0.465028 0.282495 0.020583 0.027771
0 0.663808 0.161735 0.022870 0.033007
0 0.289975 0.904507 0.022680 0.030275
0 0.789308 0.222399 0.023061 0.030048
0 0.165142 0.936376 0.023823 0.027999
0 0.164380 0.727749 0.020774 0.029137
0 0.515914 0.782950 0.025920 0.029365
0 0.641033 0.818006 0.023061 0.030731
0 0.216123 0.068063 0.024395 0.025495
0 0.463312 0.637833 0.021727 0.030048
0 0.112159 0.159003 0.023442 0.027999
0 0.113875 0.789324 0.024585 0.030731
0 0.389842 0.484635 0.026110 0.029137
0 0.615399 0.546551 0.025538 0.030958
0 0.515533 0.638288 0.023633 0.030048
0 0.189632 0.817778 0.024014 0.029365
0 0.869259 0.487025 0.023633 0.029365
0 0.564990 0.404621 0.022680 0.035739
0 0.689537 0.602663 0.023251 0.028910
0 0.899276 0.425677 0.029160 0.030048
0 0.190585 0.430230 0.019059 0.022763
0 0.441300 0.400637 0.023442 0.029137
0 0.293596 0.428067 0.024967 0.031186
0 0.613779 0.282153 0.022298 0.031186
0 0.640271 0.636581 0.023442 0.026633
0 0.688965 0.064762 0.020964 0.030731
0 0.740995 0.901434 0.023251 0.026861
0 0.789594 0.546324 0.025157 0.029593
0 0.763960 0.873663 0.022298 0.025040
0 0.215838 0.573981 0.023442 0.034828
0 0.266629 0.430344 0.024776 0.028454
0 0.591671 0.934555 0.028397 0.030731
0 0.491138 0.548486 0.024395 0.023902
0 0.389651 0.848850 0.026110 0.025950
0 0.491424 0.039950 0.020011 0.030731
0 0.491424 0.070794 0.023823 0.026861
0 0.114256 0.131573 0.023442 0.021853
0 0.465790 0.070339 0.024014 0.025495
0 0.541833 0.697929 0.023251 0.034601
0 0.366876 0.099590 0.019821 0.027544
0 0.365638 0.754041 0.022298 0.031641
0 0.664761 0.218188 0.019821 0.030275
0 0.815704 0.845664 0.025538 0.025495
0 0.113398 0.820396 0.024395 0.030503
0 0.342291 0.165263 0.021346 0.026861
0 0.064132 0.040860 0.025348 0.032552
0 0.317419 0.129866 0.023823 0.029820
0 0.163998 0.819713 0.024967 0.032324
0 0.290738 0.964603 0.027635 0.030731
0 0.566609 0.244366 0.024014 0.030731
0 0.816562 0.427612 0.024204 0.030275
0 0.614065 0.426929 0.023251 0.029365
0 0.438917 0.815843 0.023251 0.031869
0 0.566800 0.547234 0.021727 0.026861
0 0.138651 0.424198 0.023442 0.025723
0 0.265962 0.311405 0.021155 0.032779
0 0.388603 0.698270 0.022870 0.032097
0 0.664666 0.370590 0.020774 0.035511
0 0.366972 0.606419 0.023061 0.030958
0 0.592243 0.902914 0.025348 0.031186
0 0.414713 0.575916 0.025538 0.029593
0 0.815895 0.575916 0.021727 0.029593
0 0.139318 0.967790 0.025538 0.036194
0 0.871069 0.962213 0.023442 0.028227
0 0.738994 0.192693 0.025348 0.031186
0 0.415571 0.698384 0.024585 0.032779
0 0.390985 0.248008 0.023823 0.031641
0 0.869449 0.452652 0.021346 0.032097
0 0.791500 0.281015 0.027063 0.033007
0 0.191443 0.544503 0.025348 0.029137
0 0.415380 0.128158 0.024204 0.031869
0 0.542977 0.784430 0.024776 0.030503
0 0.639699 0.576941 0.024204 0.029820
0 0.317991 0.228773 0.024585 0.033235
0 0.214789 0.637605 0.024776 0.030503
0 0.214885 0.095834 0.025729 0.026406
0 0.241376 0.313339 0.027254 0.028910
0 0.341433 0.482700 0.021536 0.029365
0 0.165714 0.365695 0.024967 0.027089
0 0.565847 0.575233 0.020964 0.028227
0 0.464361 0.458343 0.021917 0.028454
0 0.138746 0.279991 0.022870 0.030958
0 0.215838 0.516390 0.027254 0.031641
0 0.763865 0.512861 0.022108 0.030503
0 0.665904 0.938083 0.025538 0.025950
0 0.440728 0.369907 0.024585 0.033690
0 0.137412 0.042682 0.025538 0.035739
0 0.665333 0.281812 0.022870 0.028227
0 0.639032 0.546324 0.022108 0.029593
0 0.438536 0.967334 0.026301 0.030275
0 0.165904 0.097655 0.026491 0.022308
0 0.763960 0.723310 0.023823 0.028454
0 0.541643 0.489301 0.024776 0.027999
0 0.740233 0.367858 0.019821 0.029593
0 0.139889 0.753016 0.022489 0.028682
0 0.239565 0.161507 0.021727 0.028454
0 0.290642 0.398247 0.023251 0.027999
0 0.491138 0.311632 0.022870 0.031414
0 0.165428 0.071022 0.024395 0.029593
0 0.318754 0.071364 0.024967 0.028910
0 0.467124 0.100273 0.025538 0.031186
0 0.188489 0.252333 0.021346 0.035283
0 0.894225 0.843160 0.028969 0.031869
0 0.841052 0.758138 0.026682 0.035739
0 0.514961 0.579217 0.024014 0.026178
0 0.291214 0.788072 0.025538 0.026406
0 0.089289 0.638174 0.019630 0.029365
0 0.764818 0.635101 0.025538 0.030048
0 0.666190 0.696677 0.024585 0.030731
0 0.789403 0.194855 0.022870 0.029593
0 0.138079 0.189051 0.024204 0.027089
0 0.318468 0.453790 0.024014 0.031186
0 0.340861 0.782495 0.022680 0.027544
0 0.764627 0.693376 0.025920 0.031414
0 0.740518 0.812543 0.022680 0.025723
0 0.790738 0.396768 0.025157 0.027316
0 0.791119 0.636467 0.025157 0.028227
0 0.689918 0.844639 0.022108 0.028910
0 0.512769 0.126337 0.026110 0.036877
0 0.763674 0.367403 0.022108 0.032324
0 0.241567 0.759390 0.024204 0.030958
0 0.869354 0.397109 0.023061 0.028910
0 0.612540 0.164921 0.020964 0.032097
0 0.089480 0.819599 0.025729 0.029365
0 0.641795 0.846346 0.024585 0.025950
0 0.641319 0.251537 0.026301 0.027316
0 0.264151 0.607216 0.022108 0.030731
0 0.289785 0.934327 0.023823 0.026633
0 0.087669 0.197815 0.021727 0.029137
0 0.440156 0.222855 0.023061 0.026406
0 0.164666 0.578762 0.022108 0.033007
0 0.389842 0.159458 0.023442 0.024357
0 0.289689 0.846233 0.024014 0.033918
0 0.790166 0.757000 0.022489 0.027089
0 0.813798 0.694173 0.021727 0.031641
0 0.943396 0.504325 0.023251 0.028910
0 0.114542 0.370931 0.020583 0.033462
0 0.063274 0.547803 0.024395 0.035283
0 0.140080 0.936604 0.026301 0.026178
0 0.238898 0.190417 0.019630 0.027999
0 0.895273 0.874573 0.026110 0.030048
0 0.163236 0.316299 0.023823 0.031186
0 0.488946 0.757910 0.022680 0.031641
0 0.738422 0.161279 0.025729 0.032097
0 0.590814 0.755634 0.021727 0.037560
0 0.190299 0.368768 0.020393 0.030048
0 0.714218 0.552015 0.020393 0.022308
0 0.442729 0.429547 0.024776 0.029593
0 0.640080 0.126793 0.024585 0.027771
0 0.763674 0.188482 0.022108 0.024129
0 0.663713 0.548259 0.027635 0.028910
0 0.516867 0.697701 0.025157 0.030958
0 0.466838 0.219895 0.025348 0.030048
0 0.489327 0.401889 0.022680 0.032097
0 0.466266 0.132597 0.023823 0.033462
0 0.714599 0.073526 0.023061 0.033690
0 0.064799 0.846688 0.023633 0.033462
0 0.414237 0.162759 0.021917 0.033690
0 0.640652 0.097883 0.023442 0.026406
0 0.162760 0.255065 0.022489 0.033462
0 0.215361 0.422946 0.023251 0.033235
0 0.517915 0.967221 0.023061 0.029137
0 0.063084 0.966765 0.025157 0.031869
0 0.465028 0.935010 0.020964 0.028910
0 0.715647 0.756203 0.023251 0.034145
0 0.541071 0.097997 0.022870 0.025267
0 0.764437 0.048941 0.026682 0.058275
0 0.065466 0.457546 0.024967 0.031414
0 0.138746 0.850102 0.025157 0.030731
0 0.516390 0.456522 0.027635 0.027999
0 0.215552 0.455270 0.024014 0.029137
0 0.239851 0.254154 0.023823 0.033918
0 0.716981 0.313453 0.030875 0.032779
0 0.439108 0.254496 0.022108 0.033235
0 0.690585 0.816754 0.023823 0.026406
0 0.317991 0.039153 0.024967 0.035966
0 0.566609 0.490212 0.025920 0.027544
0 0.115399 0.401776 0.024204 0.028682
0 0.189537 0.787844 0.022680 0.028227
0 0.590623 0.220578 0.023251 0.025495
0 0.367448 0.221489 0.021727 0.027771
0 0.063560 0.486456 0.026110 0.024129
0 0.791595 0.070794 0.020393 0.025495
0 0.589766 0.634646 0.023442 0.032324
0 0.640271 0.516048 0.022680 0.027316
0 0.342291 0.452424 0.024776 0.025723
0 0.239184 0.370134 0.021346 0.030048
0 0.613208 0.040064 0.020011 0.031869
0 0.689918 0.544503 0.023633 0.024585
0 0.190585 0.400865 0.024395 0.030958
0 0.090433 0.698156 0.024204 0.031414
0 0.764246 0.843273 0.021346 0.028454
0 0.896226 0.515707 0.025729 0.024812
0 0.738898 0.631801 0.021346 0.031641
0 0.665237 0.068063 0.023442 0.027771
0 0.666095 0.760073 0.020964 0.031869
0 0.741281 0.841794 0.021917 0.031414
0 0.688775 0.572160 0.025157 0.027544
0 0.663617 0.575120 0.020583 0.023446
0 0.638460 0.485887 0.023633 0.029365
0 0.267486 0.458912 0.021536 0.027771
0 0.540690 0.728659 0.025920 0.026406
0 0.665809 0.635670 0.022680 0.034373
0 0.239565 0.578306 0.022489 0.031186
0 0.790833 0.849078 0.027635 0.031869
0 0.392796 0.313681 0.023633 0.031869
0 0.342481 0.518211 0.022489 0.029365
0 0.414237 0.604371 0.023442 0.026861
0 0.113779 0.101639 0.021346 0.032097
0 0.140080 0.580014 0.026682 0.030048
0 0.239565 0.430458 0.023633 0.021853
0 0.265199 0.965855 0.022680 0.036422
0 0.465885 0.313339 0.022298 0.032552
0 0.616352 0.251878 0.022870 0.029820
0 0.162760 0.286820 0.024776 0.031414
0 0.764342 0.782609 0.023061 0.034145
0 0.215552 0.367744 0.022108 0.027089
0 0.265390 0.100615 0.022680 0.037787
0 0.089766 0.518666 0.022489 0.030731
0 0.817419 0.280901 0.025157 0.037787
0 0.516200 0.907011 0.026110 0.032097
0 0.391462 0.281926 0.025157 0.027089
0 0.340576 0.875939 0.025157 0.028682
0 0.091862 0.460847 0.023251 0.026178
0 0.240518 0.877646 0.024395 0.031186
0 0.840576 0.139085 0.024967 0.026406
0 0.214885 0.821876 0.024204 0.034828
0 0.416619 0.039722 0.023633 0.027999
0 0.388794 0.546665 0.025157 0.022991
0 0.213646 0.282153 0.022489 0.030731
0 0.666667 0.884134 0.023633 0.026861
0 0.842196 0.518211 0.028588 0.027544
0 0.641986 0.756431 0.025348 0.032324
0 0.114256 0.605736 0.024967 0.032324
0 0.566419 0.519235 0.020583 0.029593
0 0.035925 0.936376 0.024585 0.027544
0 0.340766 0.400410 0.021727 0.028682
0 0.190109 0.963123 0.024585 0.025040
0 0.414999 0.194400 0.024204 0.031414
0 0.165618 0.640337 0.025920 0.035056
0 0.815895 0.786478 0.024014 0.027771
0 0.317705 0.725245 0.024014 0.021853
0 0.841719 0.815957 0.022298 0.026633
0 0.842386 0.634987 0.026682 0.031186
0 0.091386 0.580469 0.023061 0.033690
0 0.665809 0.251764 0.022680 0.030503
0 0.492377 0.894377 0.028016 0.028227
0 0.491614 0.574892 0.024967 0.028454
0 0.842005 0.453221 0.022489 0.026406
0 0.191252 0.161848 0.023823 0.028227
0 0.543072 0.462213 0.020393 0.024357
0 0.945874 0.847598 0.027825 0.033462
0 0.214027 0.219895 0.027825 0.027316
0 0.815800 0.604940 0.022298 0.029365
0 0.314847 0.873663 0.023251 0.027771
0 0.439585 0.638402 0.023442 0.026633
0 0.291690 0.219781 0.026491 0.028910
0 0.114351 0.549397 0.021727 0.030275
0 0.841910 0.167653 0.028016 0.032097
0 0.689156 0.311291 0.021346 0.029365
0 0.316276 0.933303 0.027635 0.030958
0 0.738803 0.576827 0.024967 0.025950
0 0.289785 0.370362 0.022298 0.029593
0 0.764342 0.749715 0.023442 0.024812
0 0.642176 0.877874 0.024967 0.034828
0 0.038117 0.875142 0.027063 0.031186
0 0.088336 0.938197 0.023061 0.024812
0 0.615971 0.846916 0.025920 0.028910
0 0.816181 0.096859 0.024585 0.030731
0 0.065371 0.606305 0.025538 0.033007
0 0.341147 0.904166 0.024014 0.028682
0 0.442348 0.521170 0.027825 0.029365
0 0.464265 0.849761 0.025920 0.022308
0 0.114065 0.758024 0.022680 0.028227
0 0.614160 0.635443 0.021917 0.026178
0 0.868401 0.785568 0.023442 0.028227
0 0.137602 0.219326 0.023633 0.027089
0 0.317324 0.781698 0.025157 0.022763
0 0.843339 0.396198 0.025157 0.031641
0 0.714504 0.129524 0.020583 0.035056
0 0.789880 0.608468 0.023442 0.030503
0 0.215552 0.393808 0.023633 0.023219
0 0.665904 0.426929 0.022870 0.025723
0 0.292929 0.699408 0.021727 0.031186
0 0.440633 0.195538 0.024395 0.025495
0 0.315704 0.902117 0.023823 0.026406
0 0.342958 0.427384 0.023823 0.027089
0 0.088717 0.070339 0.024204 0.027771
0 0.413856 0.817551 0.020393 0.029820
0 0.763007 0.256431 0.024204 0.035283
0 0.088813 0.039722 0.022489 0.033007
0 0.640652 0.788186 0.023061 0.027999
0 0.589766 0.163669 0.021917 0.028682
0 0.342958 0.933531 0.022298 0.030048
0 0.688965 0.248008 0.021727 0.030275
0 0.267010 0.041771 0.022870 0.034828
0 0.667048 0.912019 0.023251 0.028910
0 0.664094 0.096745 0.021917 0.028227
0 0.590147 0.283975 0.021917 0.027544
0 0.515723 0.605736 0.020583 0.024585
0 0.515723 0.485090 0.021727 0.028682
0 0.366209 0.933758 0.021917 0.025495
0 0.464646 0.252219 0.022870 0.030503
0 0.342386 0.225131 0.023061 0.027316
0 0.739851 0.489643 0.022870 0.030958
0 0.665809 0.037446 0.022680 0.031641
0 0.214885 0.155930 0.023442 0.029137
0 0.318277 0.099818 0.024014 0.028910
0 0.061845 0.785682 0.024585 0.024357
0 0.240233 0.933531 0.024585 0.027316
0 0.290738 0.098111 0.024967 0.025950
0 0.415666 0.905532 0.024014 0.033690
0 0.188679 0.219326 0.020964 0.027089
0 0.062893 0.935693 0.024395 0.028910
0 0.242043 0.789779 0.024776 0.028910
0 0.192014 0.131345 0.024585 0.033235
0 0.871069 0.875939 0.023442 0.032324
0 0.163046 0.222058 0.023442 0.029365
0 0.319897 0.257569 0.026872 0.025267
0 0.490185 0.138174 0.017915 0.031414
0 0.739756 0.783064 0.020393 0.023674
0 0.366209 0.575461 0.023061 0.029137
0 0.615685 0.606647 0.023061 0.028682
0 0.614446 0.397337 0.020583 0.025267
0 0.165237 0.549397 0.022489 0.022991
0 0.062131 0.277487 0.024776 0.026406
0 0.944444 0.567038 0.029160 0.039153
0 0.190680 0.456977 0.023823 0.031641
0 0.365638 0.399044 0.022680 0.023219
0 0.190585 0.189734 0.020964 0.025723
0 0.878121 0.036535 0.033352 0.030275
0 0.844197 0.875939 0.026491 0.026861
0 0.265866 0.402572 0.025157 0.029820
0 0.114351 0.577851 0.023633 0.026633
0 0.189060 0.757910 0.021727 0.031186
0 0.342672 0.370248 0.023251 0.032097
0 0.945779 0.965286 0.026110 0.031641
0 0.214599 0.127134 0.021727 0.025267
0 0.641986 0.910539 0.025348 0.032324
0 0.416238 0.099590 0.024014 0.026178
0 0.344387 0.068404 0.023251 0.025723
0 0.539642 0.580241 0.023823 0.027316
0 0.390509 0.100046 0.024395 0.026633
0 0.565180 0.312315 0.024204 0.026861
0 0.464456 0.904280 0.022108 0.029820
0 0.467791 0.037674 0.021917 0.031641
0 0.617496 0.721603 0.025920 0.031414
0 0.789499 0.816868 0.022298 0.032097
0 0.767296 0.964717 0.024395 0.029593
0 0.567277 0.460505 0.026872 0.029137
0 0.292072 0.455611 0.024585 0.023902
0 0.868210 0.515934 0.026110 0.022081
0 0.896417 0.396198 0.023442 0.029820
0 0.118163 0.454132 0.024014 0.031414
0 0.615876 0.576485 0.021155 0.028910
0 0.898895 0.962554 0.027635 0.032097
0 0.088241 0.226383 0.022108 0.029365
0 0.034019 0.966538 0.024585 0.031869
0 0.590051 0.396198 0.023251 0.026633
0 0.113208 0.851468 0.023633 0.030275
0 0.113017 0.254154 0.025157 0.032097
0 0.739947 0.602208 0.024967 0.027089
0 0.664761 0.457888 0.019821 0.033918
0 0.666000 0.400865 0.024967 0.024129
0 0.264532 0.275438 0.021346 0.025040
0 0.139508 0.485204 0.021727 0.028454
0 0.466266 0.548486 0.022298 0.027089
0 0.896036 0.603232 0.023442 0.027771
0 0.895559 0.573640 0.025538 0.027316
0 0.189918 0.604826 0.021917 0.029593
0 0.138937 0.100501 0.025920 0.031641
0 0.366019 0.163556 0.021155 0.031186
0 0.688775 0.161507 0.020964 0.029365
0 0.943492 0.532324 0.024585 0.027089
0 0.343816 0.286592 0.023633 0.029137
0 0.365923 0.426132 0.019821 0.029137
0 0.897942 0.634874 0.024585 0.029137
0 0.116829 0.486228 0.022489 0.029137
0 0.565942 0.912702 0.023061 0.034828
0 0.639794 0.155702 0.021346 0.023674
0 0.870593 0.424767 0.024014 0.023674
0 0.843339 0.366037 0.025920 0.029137
0 0.344006 0.576599 0.024014 0.029137
0 0.464456 0.875711 0.022489 0.029593
0 0.895750 0.368086 0.024776 0.026406
0 0.441109 0.314819 0.025348 0.026861
0 0.240804 0.606305 0.023442 0.023902
0 0.717267 0.965855 0.026491 0.037787
0 0.515628 0.038243 0.021536 0.027771
0 0.115495 0.729684 0.022108 0.027544
0 0.791690 0.311518 0.026682 0.024812
0 0.264437 0.930002 0.021917 0.032552
0 0.364780 0.875142 0.019821 0.024812
0 0.738613 0.548941 0.020393 0.028454
0 0.465885 0.163897 0.025729 0.024129
0 0.740423 0.035852 0.024776 0.027999
0 0.112731 0.041657 0.023061 0.029593
0 0.868496 0.814022 0.022870 0.029137
0 0.389747 0.366720 0.023633 0.033235
0 0.239375 0.489187 0.021727 0.027771
0 0.037069 0.134987 0.026491 0.033690
0 0.163617 0.697132 0.024585 0.032097
0 0.366114 0.724220 0.023251 0.029365
0 0.290642 0.190986 0.027063 0.022763
0 0.791595 0.785226 0.027635 0.026633
0 0.343244 0.725700 0.025157 0.033690
0 0.114160 0.070794 0.024776 0.027316
0 0.565466 0.216708 0.020964 0.023219
0 0.264246 0.820510 0.025348 0.030275
0 0.868782 0.844753 0.021155 0.030503
0 0.566419 0.186547 0.023633 0.025267
0 0.317229 0.964717 0.027635 0.030958
0 0.763960 0.220351 0.023061 0.036877
0 0.241757 0.099476 0.020774 0.028682
0 0.515247 0.403028 0.023442 0.023902
0 0.764437 0.396995 0.020583 0.027316
0 0.739184 0.519690 0.020393 0.029137
0 0.688870 0.484293 0.024967 0.030731
0 0.792072 0.960847 0.025920 0.032779
0 0.541071 0.963578 0.022870 0.025040
0 0.868592 0.726269 0.019630 0.030275
0 0.390128 0.186888 0.020583 0.025495
0 0.241281 0.729228 0.022870 0.027544
0 0.215838 0.313339 0.021536 0.027544
0 0.290071 0.605053 0.027063 0.020032
0 0.491138 0.861712 0.024014 0.034828
0 0.365256 0.546096 0.020011 0.027316
0 0.664761 0.190530 0.020202 0.023674
0 0.415380 0.459367 0.021155 0.025495
0 0.466076 0.429206 0.020774 0.026178
0 0.692205 0.966538 0.024776 0.028682
0 0.690871 0.874573 0.024395 0.029137
0 0.589003 0.482814 0.020011 0.026861
0 0.343434 0.965513 0.024395 0.030731
0 0.590814 0.788072 0.018296 0.025495
0 0.515437 0.097997 0.024204 0.023902
0 0.870116 0.694855 0.022680 0.031186
0 0.842481 0.046096 0.028016 0.050763
0 0.843816 0.961985 0.027635 0.031869
0 0.090242 0.965172 0.025348 0.028227
0 0.614542 0.483952 0.026491 0.031869
0 0.341814 0.752561 0.024967 0.022763
0 0.343053 0.194173 0.023633 0.030503
0 0.390032 0.456066 0.024585 0.021625
0 0.590623 0.847257 0.022489 0.030503
0 0.441681 0.551332 0.024204 0.030958
0 0.139127 0.881858 0.025538 0.034601
0 0.063846 0.814022 0.022870 0.025950
0 0.241185 0.036877 0.020393 0.026861
0 0.064418 0.430685 0.020202 0.021398
0 0.414618 0.546893 0.024585 0.027544
0 0.761959 0.313908 0.026301 0.028682
0 0.241471 0.458229 0.025157 0.033235
0 0.343530 0.548714 0.023823 0.026178
0 0.691729 0.791145 0.023442 0.024357
0 0.690490 0.280788 0.024776 0.029820
0 0.241185 0.518666 0.022680 0.031186
0 0.318563 0.284202 0.026110 0.023902
0 0.389079 0.821307 0.024967 0.030503
0 0.815132 0.722855 0.020202 0.025267
0 0.515628 0.877191 0.025729 0.033007
0 0.763484 0.460847 0.019440 0.028454
0 0.189251 0.880036 0.022108 0.030503
0 0.189346 0.848168 0.025348 0.027316
0 0.816562 0.873549 0.024967 0.027089
0 0.316943 0.572843 0.025538 0.029820
0 0.540785 0.282495 0.020393 0.026406
0 0.789308 0.250398 0.024967 0.027771
0 0.714599 0.724789 0.022680 0.027771
0 0.240614 0.819144 0.020774 0.028910
0 0.290928 0.250285 0.025348 0.024812
0 0.688870 0.036194 0.021536 0.024129
0 0.714980 0.100615 0.023823 0.021398
0 0.868401 0.756772 0.024204 0.029365
0 0.265962 0.875142 0.024204 0.027999
0 0.290547 0.282040 0.027254 0.031869
0 0.415571 0.281015 0.022680 0.023446
0 0.816657 0.961416 0.023251 0.028454
0 0.815609 0.125427 0.023061 0.027316
0 0.264913 0.848850 0.024014 0.025040
0 0.740233 0.426474 0.021346 0.025267
0 0.761578 0.286820 0.028588 0.025495
0 0.464551 0.487366 0.022680 0.029593
0 0.290452 0.582176 0.025538 0.028910
0 0.489518 0.695311 0.020011 0.028454
0 0.137602 0.249488 0.020964 0.025040
0 0.344292 0.604257 0.025348 0.023902
0 0.241567 0.548600 0.020393 0.028682
0 0.489423 0.280901 0.018296 0.025040
0 0.841624 0.199522 0.025157 0.032552
0 0.216791 0.544730 0.024967 0.024129
0 0.038498 0.604598 0.022489 0.028682
0 0.665047 0.603460 0.020774 0.030048
0 0.790642 0.129524 0.023823 0.024585
0 0.139222 0.610061 0.021536 0.028682
0 0.365161 0.694969 0.023251 0.026406
0 0.165333 0.191213 0.027635 0.029593
0 0.414523 0.371728 0.023633 0.033690
0 0.363446 0.516390 0.022489 0.028910
0 0.265390 0.069087 0.024967 0.022536
0 0.267486 0.549397 0.019630 0.022536
0 0.389461 0.791145 0.021536 0.027089
0 0.190395 0.099249 0.019821 0.026861
0 0.064037 0.876622 0.026682 0.024129
0 0.164951 0.161165 0.023442 0.030958
0 0.439108 0.695880 0.022108 0.029137
0 0.264056 0.371500 0.024585 0.033235
0 0.566419 0.722627 0.020202 0.026178
0 0.565657 0.433303 0.021346 0.024357
0 0.689156 0.366492 0.024014 0.028227
0 0.842958 0.608127 0.025920 0.025723
0 0.415761 0.222968 0.020393 0.025723
0 0.035258 0.219668 0.024395 0.029593
0 0.590433 0.701571 0.025538 0.040974
0 0.817038 0.397450 0.021346 0.026861
0 0.896131 0.932279 0.024395 0.028910
0 0.036306 0.906214 0.026491 0.025950
0 0.164284 0.850672 0.025538 0.029593
0 0.542786 0.909174 0.023633 0.031414
0 0.896131 0.903824 0.026682 0.028910
0 0.566609 0.882540 0.023251 0.025950
0 0.317705 0.312543 0.020583 0.024585
0 0.063370 0.166060 0.024204 0.028910
0 0.264246 0.700205 0.024204 0.029137
0 0.066133 0.576941 0.025538 0.027999
0 0.879836 0.159800 0.038308 0.024585
0 0.540499 0.549852 0.022870 0.029820
0 0.490566 0.829615 0.023251 0.033007
0 0.540785 0.755862 0.022680 0.025267
0 0.689156 0.393922 0.023633 0.027544
0 0.789499 0.367630 0.018106 0.032324
0 0.164094 0.523788 0.023633 0.022763
0 0.764246 0.428636 0.020583 0.033690
0 0.690204 0.698270 0.021155 0.034828
0 0.512197 0.253130 0.028397 0.029593
0 0.944444 0.880719 0.024204 0.031414
0 0.542119 0.936376 0.020774 0.021625
0 0.464456 0.754723 0.022870 0.035283
0 0.389461 0.934100 0.021536 0.024812
0 0.616829 0.873321 0.024204 0.023446
0 0.116257 0.426929 0.021727 0.022536
0 0.240042 0.634532 0.021917 0.029820
0 0.564704 0.038698 0.022108 0.025040
0 0.765580 0.067494 0.022489 0.023902
0 0.591386 0.454587 0.018296 0.024129
0 0.739375 0.726952 0.023061 0.027999
0 0.139318 0.912474 0.025538 0.022991
0 0.111969 0.879240 0.024967 0.022991
0 0.413856 0.935352 0.020011 0.026861
0 0.440537 0.287389 0.025348 0.030731
0 0.090528 0.609720 0.020202 0.026633
0 0.140080 0.696335 0.020583 0.030048
0 0.843816 0.904621 0.027254 0.028682
0 0.089670 0.287617 0.024967 0.027089
0 0.843244 0.931823 0.026110 0.026178
0 0.343339 0.313795 0.024967 0.028454
0 0.289118 0.311746 0.029731 0.026178
0 0.488184 0.457318 0.020011 0.027316
0 0.843053 0.424653 0.024967 0.021170
0 0.740518 0.754382 0.018487 0.027316
0 0.213932 0.880719 0.024204 0.033690
0 0.316371 0.371955 0.025538 0.036877
0 0.613589 0.454701 0.025348 0.028910
0 0.291214 0.816185 0.024395 0.022991
0 0.871546 0.933872 0.024395 0.027089
0 0.642272 0.693603 0.021346 0.020942
0 0.817610 0.368882 0.025157 0.033462
0 0.440061 0.610517 0.021727 0.025040
0 0.317801 0.548714 0.025348 0.020260
0 0.165142 0.433417 0.025348 0.029137
0 0.215838 0.726497 0.025348 0.025267
0 0.412807 0.966310 0.020202 0.035056
0 0.190490 0.936148 0.021917 0.026633
0 0.062988 0.225928 0.025348 0.027544
0 0.640842 0.939791 0.024585 0.025267
0 0.943682 0.637491 0.024204 0.029365
0 0.088622 0.908036 0.021727 0.035056
0 0.441014 0.039836 0.025157 0.027771
0 0.439203 0.788186 0.021917 0.020260
0 0.215266 0.965058 0.024967 0.028910
0 0.114446 0.938311 0.021536 0.025495
0 0.945588 0.910767 0.028778 0.030048
0 0.895369 0.759731 0.025157 0.029820
0 0.089575 0.259276 0.020583 0.033690
0 0.689823 0.905532 0.020774 0.032324
0 0.164856 0.907125 0.024776 0.030503
0 0.038117 0.428067 0.024014 0.029820
0 0.944540 0.937400 0.027825 0.025950
0 0.565561 0.695083 0.017724 0.025723
0 0.488565 0.253471 0.019249 0.025723
0 0.036878 0.754496 0.025348 0.033007
0 0.566419 0.157182 0.024395 0.027089
0 0.441014 0.098794 0.023633 0.020487
0 0.063655 0.071819 0.024014 0.030275
0 0.488851 0.429433 0.019440 0.023902
0 0.714313 0.696563 0.020202 0.030503
0 0.189442 0.068404 0.022870 0.031186
0 0.946827 0.815274 0.027444 0.028454
0 0.414237 0.401548 0.021917 0.028227
0 0.714408 0.889028 0.024585 0.053494
0 0.564990 0.127589 0.020011 0.026178
0 0.038689 0.111996 0.031256 0.016845
0 0.367162 0.192579 0.023442 0.020032
0 0.842577 0.788072 0.027063 0.025950
0 0.063465 0.196563 0.024014 0.032552
0 0.264818 0.131459 0.020011 0.022991
0 0.214599 0.755975 0.025920 0.034601
0 0.390318 0.572616 0.020964 0.022081
0 0.240328 0.847485 0.022108 0.023674
0 0.869830 0.907694 0.022108 0.032552
0 0.466171 0.190417 0.022108 0.025723
0 0.714218 0.039608 0.021536 0.035511
0 0.165428 0.126906 0.024776 0.032552
0 0.063084 0.731391 0.026301 0.035056
0 0.038308 0.820510 0.027825 0.027999
0 0.894416 0.792056 0.025920 0.031641
0 0.265390 0.635101 0.021155 0.023674
0 0.139604 0.128386 0.023823 0.021853
0 0.489423 0.200774 0.018677 0.024585
0 0.039928 0.401206 0.018868 0.019804
0 0.490566 0.955953 0.025157 0.042568
0 0.164570 0.877419 0.024967 0.024812
0 0.213646 0.938652 0.024776 0.025267
0 0.615685 0.693831 0.025348 0.021853
0 0.790452 0.881175 0.024967 0.033690
0 0.842386 0.086957 0.026301 0.023219
0 0.591576 0.875598 0.024395 0.022991
0 0.064894 0.102777 0.022298 0.028910
0 0.213551 0.911336 0.025729 0.028910
0 0.590719 0.728204 0.023061 0.016390
0 0.944635 0.135101 0.026491 0.029365
0 0.189823 0.908832 0.020964 0.023902
0 0.566228 0.937742 0.023633 0.023446
0 0.038308 0.845208 0.027444 0.026861
0 0.945683 0.105167 0.024395 0.029593
0 0.489804 0.225928 0.019059 0.025723
0 0.880694 0.183929 0.039261 0.022308
0 0.214218 0.851924 0.024776 0.027544
0 0.342386 0.695197 0.021917 0.023219
0 0.690204 0.728773 0.021155 0.028910
0 0.970269 0.931027 0.020964 0.025950
0 0.189442 0.041771 0.024395 0.027089
0 0.842386 0.246870 0.029350 0.021625
0 0.791023 0.906101 0.024967 0.017983
0 0.039546 0.456977 0.020011 0.026178
0 0.167238 0.964375 0.018487 0.022991
0 0.943301 0.160483 0.023823 0.021398
0 0.316943 0.396995 0.025538 0.021398
0 0.842005 0.225472 0.028207 0.023446
0 0.895655 0.817778 0.027254 0.019349
0 0.063084 0.250398 0.030112 0.021853
0 0.944159 0.692238 0.023633 0.030958
0 0.040499 0.487935 0.015437 0.032097
0 0.966552 0.515707 0.018868 0.033462
0 0.088431 0.878329 0.021727 0.025723
0 0.941967 0.442295 0.019630 0.033235
0 0.036021 0.634305 0.026682 0.028454
0 0.968458 0.574437 0.016962 0.025267
0 0.945874 0.076713 0.028588 0.027316
0 0.542215 0.882882 0.023633 0.025267
0 0.943873 0.039836 0.024204 0.030048
0 0.404136 0.456408 0.033352 0.026861
0 0.971603 0.965855 0.022108 0.041885
0 0.455594 0.429319 0.015437 0.028227
0 0.438727 0.271682 0.020964 0.013886
0 0.942634 0.474277 0.022489 0.032552
0 0.357538 0.426132 0.012960 0.029593
0 0.038689 0.577737 0.025920 0.027316
0 0.943396 0.786820 0.022108 0.027544
0 0.062607 0.760528 0.025348 0.025040
0 0.541166 0.236740 0.021917 0.010926
0 0.564894 0.114273 0.024014 0.010926
0 0.966648 0.547462 0.019059 0.026861
0 0.037259 0.525723 0.018106 0.027999
0 0.036497 0.552015 0.023442 0.027771
0 0.034686 0.168677 0.028588 0.037332
0 0.035544 0.194628 0.033734 0.018666
0 0.037259 0.082745 0.026872 0.039381
0 0.940442 0.184726 0.020774 0.027999
0 0.970269 0.604257 0.021727 0.037104
0 0.463979 0.690644 0.026110 0.023674
0 0.465695 0.720123 0.026110 0.033007
0 0.490375 0.921466 0.023251 0.025950
0 0.943492 0.759504 0.023442 0.027089
0 0.967696 0.635329 0.023442 0.022763
