0 0.754849 0.902624 0.024431 0.026413
0 0.153301 0.833774 0.023126 0.028174
0 0.801380 0.838792 0.023126 0.029759
0 0.840172 0.471474 0.024245 0.022715
0 0.674282 0.428332 0.024804 0.022363
0 0.747389 0.540236 0.020701 0.026413
0 0.705893 0.849005 0.024245 0.027294
0 0.244498 0.320919 0.024618 0.024124
0 0.173163 0.701004 0.023685 0.025357
0 0.814342 0.333157 0.023685 0.024300
0 0.777135 0.910019 0.022007 0.023948
0 0.731443 0.910636 0.020888 0.022715
0 0.681928 0.931766 0.023685 0.023420
0 0.246270 0.370400 0.022939 0.023420
0 0.843435 0.636027 0.022193 0.025709
0 0.177919 0.825674 0.023126 0.023948
0 0.245804 0.416094 0.022753 0.025004
0 0.124207 0.353143 0.026856 0.027646
0 0.250746 0.932294 0.022193 0.027646
0 0.268743 0.347684 0.021634 0.025885
0 0.246270 0.392587 0.022566 0.021307
0 0.267904 0.322240 0.020328 0.022891
0 0.628497 0.432559 0.025364 0.025533
0 0.888381 0.403504 0.023685 0.023420
0 0.443678 0.934055 0.024991 0.024476
0 0.388288 0.451928 0.023872 0.023420
0 0.608262 0.662617 0.026296 0.023596
0 0.824506 0.921729 0.023872 0.026237
0 0.635490 0.932823 0.023312 0.022011
0 0.838680 0.400158 0.022380 0.017785
0 0.537486 0.850854 0.024245 0.026413
0 0.312663 0.302694 0.024058 0.023948
0 0.390246 0.583025 0.022939 0.023948
0 0.385770 0.300229 0.025923 0.017609
0 0.815274 0.448671 0.023685 0.025357
0 0.630642 0.547367 0.021447 0.025180
0 0.105278 0.960468 0.027042 0.023772
0 0.839519 0.447702 0.023312 0.023067
0 0.467363 0.822240 0.021261 0.023420
0 0.536367 0.799789 0.023872 0.026765
0 0.849217 0.879204 0.024804 0.024652
0 0.842130 0.521307 0.023685 0.021307
0 0.104812 0.914510 0.022753 0.022011
0 0.147613 0.303839 0.022193 0.024476
0 0.729952 0.865557 0.022007 0.022715
0 0.241328 0.159887 0.024991 0.022539
0 0.292335 0.372249 0.022939 0.025709
0 0.898639 0.940306 0.025923 0.026413
0 0.657311 0.797059 0.024431 0.024828
0 0.730418 0.841786 0.021447 0.023420
0 0.561358 0.959764 0.024618 0.023067
0 0.867400 0.566121 0.020888 0.021483
0 0.203282 0.977461 0.025364 0.026061
0 0.747203 0.565945 0.020328 0.023596
0 0.634465 0.909667 0.022380 0.025357
0 0.659922 0.939514 0.021820 0.025885
0 0.262682 0.103099 0.022939 0.024124
0 0.310425 0.059694 0.022566 0.023948
0 0.176893 0.871104 0.022193 0.020074
0 0.310145 0.035306 0.022007 0.026237
0 0.195356 0.390650 0.023312 0.023772
0 0.217922 0.278570 0.025177 0.026061
0 0.770048 0.565416 0.024618 0.023244
0 0.611153 0.860539 0.024618 0.023948
0 0.094181 0.053090 0.022380 0.023067
0 0.366374 0.605212 0.024431 0.025004
0 0.826371 0.794242 0.026856 0.025180
0 0.721373 0.338440 0.020888 0.025709
0 0.264174 0.196249 0.021074 0.019898
0 0.754196 0.858778 0.024991 0.020074
0 0.312477 0.277866 0.022939 0.024300
0 0.865815 0.472883 0.023685 0.022715
0 0.213540 0.078535 0.021634 0.022891
0 0.697594 0.345307 0.025550 0.025709
0 0.165983 0.122733 0.021261 0.024300
0 0.189482 0.101162 0.022007 0.018841
0 0.219228 0.303134 0.023685 0.024476
0 0.608169 0.638669 0.025737 0.023948
0 0.753730 0.814316 0.023312 0.019546
0 0.634651 0.853319 0.023126 0.027822
0 0.189668 0.146417 0.020515 0.022363
0 0.777508 0.933791 0.022007 0.021835
0 0.338027 0.279186 0.025177 0.024124
0 0.767065 0.370312 0.021634 0.024300
0 0.839332 0.422962 0.023312 0.025357
0 0.814342 0.357457 0.022566 0.021130
0 0.407870 0.146857 0.022380 0.023244
0 0.819004 0.656542 0.022939 0.017080
0 0.418687 0.864853 0.022380 0.021659
0 0.820496 0.677232 0.025177 0.023948
0 0.129523 0.958796 0.021447 0.022539
0 0.838959 0.327875 0.021447 0.022891
0 0.793827 0.543141 0.024058 0.019194
0 0.849403 0.852967 0.025177 0.026413
0 0.410295 0.322680 0.025364 0.022715
0 0.123368 0.305864 0.020701 0.018313
0 0.469041 0.868903 0.023126 0.025180
0 0.631388 0.571491 0.025177 0.022011
0 0.338959 0.554499 0.022566 0.025004
0 0.842503 0.543670 0.024058 0.023772
0 0.791309 0.454481 0.023499 0.025004
0 0.467270 0.845924 0.020328 0.021835
0 0.633999 0.797147 0.021074 0.025709
0 0.268743 0.370752 0.022753 0.020250
0 0.874953 0.865117 0.026669 0.022187
0 0.826651 0.819863 0.025177 0.025004
0 0.386330 0.367494 0.022939 0.024300
0 0.104625 0.937225 0.025737 0.022363
0 0.240209 0.184540 0.022380 0.023948
0 0.128404 0.915302 0.022566 0.020426
0 0.194983 0.415126 0.022939 0.025180
0 0.791029 0.385279 0.021820 0.030287
0 0.800075 0.889329 0.024245 0.021307
0 0.814248 0.402712 0.024245 0.019722
0 0.873648 0.933615 0.021820 0.023244
0 0.705800 0.873129 0.024431 0.020602
0 0.362085 0.337559 0.024431 0.026061
0 0.838493 0.355961 0.025364 0.024476
0 0.658150 0.872337 0.022007 0.022187
0 0.193584 0.345307 0.022380 0.020778
0 0.293920 0.479046 0.023499 0.023772
0 0.264640 0.236309 0.022753 0.025709
0 0.700858 0.522099 0.021634 0.022539
0 0.286460 0.084874 0.021634 0.024652
0 0.176054 0.532928 0.023499 0.024476
0 0.105744 0.871985 0.024245 0.021483
0 0.334390 0.161736 0.021261 0.023420
0 0.706919 0.916270 0.023312 0.022363
0 0.357796 0.145712 0.023312 0.020602
0 0.801287 0.974908 0.024058 0.027998
0 0.190228 0.170629 0.020888 0.021483
0 0.285901 0.059606 0.022380 0.024476
0 0.730418 0.888801 0.020328 0.022011
0 0.413652 0.578447 0.023126 0.022891
0 0.142950 0.196690 0.022939 0.021483
0 0.333085 0.058461 0.019396 0.021835
0 0.240768 0.072460 0.023126 0.023420
0 0.268184 0.298292 0.022380 0.023596
0 0.766692 0.344691 0.022380 0.027998
0 0.707012 0.938722 0.023872 0.021130
0 0.512495 0.977901 0.023872 0.022011
0 0.123648 0.282092 0.022753 0.025004
0 0.813036 0.379820 0.022193 0.024652
0 0.240862 0.209808 0.023685 0.022011
0 0.467456 0.797235 0.020328 0.023420
0 0.177546 0.979134 0.027229 0.025180
0 0.611246 0.882198 0.024804 0.016552
0 0.454495 0.148530 0.025364 0.023772
0 0.142950 0.057757 0.022939 0.019722
0 0.149478 0.393555 0.022939 0.016552
0 0.193211 0.278306 0.022007 0.024828
0 0.898452 0.825145 0.024804 0.022891
0 0.731630 0.981863 0.021634 0.029230
0 0.104718 0.893203 0.022939 0.018841
0 0.151809 0.941803 0.022380 0.023772
0 0.189388 0.080560 0.021447 0.020954
0 0.753916 0.836767 0.024431 0.020778
0 0.912346 0.360539 0.022380 0.023772
0 0.153674 0.806656 0.024618 0.023244
0 0.366374 0.691671 0.021074 0.023596
0 0.443398 0.956771 0.022566 0.022011
0 0.167475 0.170541 0.022753 0.019898
0 0.468295 0.936080 0.022007 0.020778
0 0.219321 0.329371 0.024618 0.027646
0 0.411227 0.344955 0.024245 0.019722
0 0.245617 0.346452 0.023499 0.025180
0 0.800354 0.910988 0.022566 0.022715
0 0.888195 0.379380 0.024431 0.023067
0 0.389687 0.557669 0.023685 0.024652
0 0.777695 0.846540 0.021634 0.027646
0 0.654793 0.544638 0.023126 0.024652
0 0.634651 0.882286 0.022007 0.027646
0 0.190414 0.122997 0.022380 0.023067
0 0.843435 0.661648 0.022193 0.025180
0 0.453749 0.125990 0.022753 0.020602
0 0.263148 0.127135 0.022380 0.020426
0 0.197221 0.437049 0.022193 0.016552
0 0.850429 0.827346 0.023126 0.022715
0 0.200671 0.824881 0.022380 0.026941
0 0.201604 0.933527 0.026110 0.020602
0 0.390899 0.664730 0.023499 0.033104
0 0.359101 0.215883 0.023685 0.025004
0 0.213913 0.103275 0.023126 0.023067
0 0.605558 0.548600 0.019396 0.024476
0 0.148639 0.683219 0.023126 0.023596
0 0.310798 0.232787 0.020328 0.023596
0 0.468389 0.958796 0.022939 0.025004
0 0.632507 0.635059 0.021074 0.025180
0 0.490489 0.951312 0.020888 0.027294
0 0.194890 0.367318 0.023499 0.023244
0 0.225662 0.846364 0.023872 0.022363
0 0.408057 0.169572 0.022380 0.020778
0 0.581966 0.524212 0.022939 0.023596
0 0.226315 0.953601 0.024431 0.025180
0 0.819191 0.613840 0.024431 0.019370
0 0.581686 0.548336 0.021261 0.023948
0 0.239743 0.118859 0.023312 0.015848
0 0.239183 0.098169 0.022193 0.023772
0 0.251212 0.867582 0.024618 0.022187
0 0.698620 0.372161 0.025364 0.027646
0 0.838959 0.379644 0.021447 0.021483
0 0.745617 0.451224 0.021261 0.022715
0 0.249814 0.803575 0.020701 0.022011
0 0.443584 0.839849 0.023312 0.021307
0 0.582805 0.596232 0.023126 0.021483
0 0.358169 0.123349 0.025177 0.021307
0 0.410668 0.297676 0.022753 0.025533
0 0.730791 0.820215 0.019955 0.018665
0 0.444797 0.908523 0.024245 0.025180
0 0.361805 0.382462 0.025737 0.024300
0 0.170552 0.279451 0.021074 0.026765
0 0.725103 0.521923 0.022380 0.022187
0 0.825345 0.844427 0.026296 0.023067
0 0.791402 0.476580 0.022566 0.019194
0 0.103040 0.729090 0.022566 0.025180
0 0.220067 0.353848 0.023872 0.021659
0 0.270701 0.417679 0.022939 0.024300
0 0.512309 0.842930 0.025364 0.017609
0 0.800727 0.866350 0.022566 0.024652
0 0.177359 0.849886 0.022007 0.023420
0 0.149385 0.372777 0.024618 0.023244
0 0.890992 0.545254 0.023685 0.023420
0 0.311451 0.162000 0.023499 0.019017
0 0.817046 0.545342 0.020515 0.023596
0 0.936871 0.367934 0.023685 0.025180
0 0.536460 0.825938 0.021074 0.022715
0 0.390712 0.633122 0.023872 0.025885
0 0.586535 0.849621 0.025737 0.022891
0 0.583644 0.659183 0.021074 0.020954
0 0.874207 0.885983 0.023312 0.017785
0 0.817792 0.636380 0.023126 0.024300
0 0.657684 0.821535 0.025923 0.022363
0 0.437244 0.551506 0.021820 0.024300
0 0.317419 0.686917 0.020888 0.022187
0 0.419340 0.930974 0.021447 0.026765
0 0.151156 0.476404 0.025177 0.021307
0 0.335882 0.327434 0.023499 0.023420
0 0.287206 0.034249 0.022380 0.023420
0 0.560145 0.918736 0.023312 0.025533
0 0.848564 0.902095 0.025737 0.020426
0 0.411600 0.388713 0.024991 0.024828
0 0.128497 0.893203 0.022380 0.023772
0 0.250653 0.889857 0.023126 0.019898
0 0.444237 0.861155 0.025364 0.020954
0 0.793827 0.521923 0.022939 0.021130
0 0.381947 0.111463 0.020515 0.022891
0 0.274058 0.915566 0.021447 0.021307
0 0.753637 0.930357 0.021634 0.025533
0 0.408057 0.035658 0.022380 0.022363
0 0.263055 0.150467 0.022566 0.023067
0 0.314715 0.395404 0.019955 0.027646
0 0.360873 0.284733 0.024245 0.030991
0 0.273405 0.891002 0.025364 0.026413
0 0.682861 0.885807 0.023685 0.024476
0 0.128777 0.870048 0.018463 0.020778
0 0.561171 0.800405 0.024618 0.023772
0 0.748135 0.589805 0.020328 0.022011
0 0.707106 0.959500 0.023685 0.020074
0 0.681182 0.608646 0.022939 0.024124
0 0.407777 0.101338 0.024431 0.024476
0 0.843062 0.569114 0.025177 0.026061
0 0.128963 0.847420 0.019955 0.022715
0 0.865069 0.428420 0.025177 0.021130
0 0.193957 0.300405 0.022380 0.018313
0 0.961675 0.414422 0.026296 0.028350
0 0.681555 0.976404 0.019209 0.024652
0 0.634744 0.824617 0.022193 0.026765
0 0.393696 0.956154 0.022380 0.023948
0 0.755129 0.878852 0.023126 0.019370
0 0.393976 0.930534 0.022939 0.026237
0 0.165983 0.146857 0.022007 0.022187
0 0.703376 0.635587 0.021447 0.024124
0 0.152928 0.880173 0.025364 0.020602
0 0.314528 0.369343 0.017717 0.020250
0 0.863484 0.365645 0.022380 0.022363
0 0.246643 0.479046 0.021820 0.027998
0 0.935006 0.392323 0.025177 0.021130
0 0.316953 0.458796 0.024431 0.020602
0 0.815181 0.472442 0.022753 0.020426
0 0.724823 0.544110 0.018090 0.020074
0 0.750280 0.656630 0.021634 0.024652
0 0.418314 0.843634 0.021261 0.018313
0 0.170925 0.350678 0.021447 0.025885
0 0.849869 0.925075 0.021261 0.024124
0 0.559772 0.656101 0.023312 0.024652
0 0.286647 0.150731 0.020888 0.022539
0 0.864323 0.343458 0.021447 0.020602
0 0.176893 0.913101 0.025550 0.017433
0 0.385957 0.342314 0.024058 0.024300
0 0.264267 0.174062 0.022007 0.021659
0 0.789631 0.339320 0.020142 0.017609
0 0.361619 0.312379 0.023126 0.023596
0 0.272007 0.689118 0.022939 0.022363
0 0.173443 0.727593 0.022380 0.024652
0 0.772753 0.627663 0.022566 0.022715
0 0.672604 0.360891 0.023312 0.019546
0 0.562010 0.872689 0.023685 0.023948
0 0.705614 0.979750 0.024804 0.023596
0 0.358169 0.034601 0.021447 0.024828
0 0.800168 0.934848 0.021074 0.023596
0 0.680903 0.585578 0.023872 0.021307
0 0.888381 0.354464 0.024431 0.023948
0 0.650783 0.342402 0.021447 0.025180
0 0.294666 0.688325 0.022007 0.019017
0 0.874674 0.798380 0.021261 0.020778
0 0.310239 0.096584 0.024058 0.022011
0 0.628590 0.406145 0.025177 0.025533
0 0.866095 0.450167 0.023126 0.022715
0 0.196848 0.457475 0.023685 0.023596
0 0.361432 0.406674 0.024245 0.022715
0 0.848098 0.981071 0.022939 0.024476
0 0.722212 0.425339 0.023685 0.022363
0 0.142484 0.149850 0.021261 0.023948
0 0.385397 0.390650 0.026669 0.020602
0 0.365908 0.628632 0.023872 0.022539
0 0.269023 0.393643 0.020701 0.024828
0 0.777415 0.956594 0.023312 0.019546
0 0.677919 0.522891 0.022380 0.022363
0 0.535155 0.678112 0.023312 0.024652
0 0.201324 0.889153 0.024058 0.019898
0 0.249534 0.780419 0.022753 0.024300
0 0.153581 0.859042 0.026296 0.021659
0 0.900317 0.849886 0.024804 0.025180
0 0.776016 0.778394 0.022380 0.026237
0 0.874114 0.819510 0.024245 0.020426
0 0.190787 0.219053 0.020515 0.019017
0 0.913185 0.425427 0.022566 0.018665
0 0.094088 0.076510 0.023685 0.020954
0 0.889687 0.443916 0.024058 0.021483
0 0.366188 0.579151 0.022939 0.027822
0 0.150597 0.452721 0.025177 0.021835
0 0.418314 0.820567 0.022380 0.023244
0 0.863670 0.405705 0.023126 0.024300
0 0.146960 0.279098 0.021634 0.025709
0 0.286554 0.191759 0.020701 0.025357
0 0.817419 0.521835 0.023126 0.020602
0 0.226408 0.869167 0.022007 0.022187
0 0.389873 0.607853 0.022939 0.022891
0 0.891085 0.470417 0.023872 0.023420
0 0.656471 0.634971 0.023499 0.020426
0 0.778161 0.822768 0.021074 0.020250
0 0.405166 0.215707 0.022939 0.022539
0 0.611246 0.952721 0.024804 0.025180
0 0.610220 0.819510 0.023872 0.024300
0 0.166356 0.097640 0.021261 0.023067
0 0.912626 0.403680 0.021447 0.023420
0 0.732003 0.932118 0.019396 0.020250
0 0.535901 0.961261 0.022939 0.020426
0 0.770888 0.587780 0.023685 0.019370
0 0.291496 0.323296 0.024245 0.020778
0 0.413558 0.601602 0.023312 0.022715
0 0.248042 0.621500 0.022007 0.022363
0 0.659735 0.846276 0.025177 0.026765
0 0.171764 0.377531 0.021261 0.023596
0 0.151809 0.919880 0.022007 0.017961
0 0.744312 0.387656 0.020515 0.023420
0 0.533849 0.631977 0.020701 0.021130
0 0.659269 0.982039 0.022753 0.020426
0 0.537113 0.874274 0.023499 0.019017
0 0.097538 0.301902 0.026856 0.021659
0 0.248974 0.687709 0.023126 0.026237
0 0.333551 0.033457 0.022939 0.022891
0 0.197314 0.483096 0.022753 0.022011
0 0.226222 0.928949 0.023499 0.023420
0 0.611153 0.904120 0.023499 0.026589
0 0.795226 0.625902 0.020888 0.023420
0 0.489276 0.795210 0.020328 0.025709
0 0.124580 0.379732 0.025364 0.022715
0 0.175681 0.555732 0.023126 0.018665
0 0.560518 0.940394 0.021820 0.016376
0 0.198340 0.729354 0.024804 0.025357
0 0.176986 0.956418 0.028721 0.023067
0 0.244219 0.296795 0.021820 0.018841
0 0.582152 0.573076 0.022566 0.025180
0 0.794853 0.603627 0.021261 0.019017
0 0.674095 0.404649 0.021820 0.023244
0 0.244032 0.276105 0.023685 0.020074
0 0.562010 0.845219 0.023685 0.028174
0 0.365628 0.552122 0.023685 0.024828
0 0.727154 0.616922 0.022007 0.020602
0 0.897799 0.799965 0.021634 0.025709
0 0.794293 0.563568 0.022380 0.019898
0 0.706453 0.822152 0.024618 0.024652
0 0.536647 0.896020 0.021820 0.020250
0 0.170739 0.301638 0.022193 0.018313
0 0.415237 0.625198 0.024804 0.025533
0 0.444237 0.977989 0.026483 0.019370
0 0.725849 0.569907 0.019769 0.028350
0 0.214286 0.144656 0.023499 0.018489
0 0.729112 0.777250 0.020701 0.024300
0 0.226035 0.907906 0.024618 0.018313
0 0.382693 0.136996 0.022380 0.025357
0 0.381947 0.203645 0.019396 0.023420
0 0.290377 0.300669 0.020515 0.023772
0 0.334017 0.188149 0.023126 0.026237
0 0.728273 0.660063 0.022753 0.022363
0 0.123275 0.327258 0.023499 0.022715
0 0.753637 0.956154 0.020515 0.023596
0 0.510817 0.818366 0.023126 0.023772
0 0.583551 0.636644 0.020888 0.024124
0 0.468575 0.911692 0.022566 0.024124
0 0.843249 0.684716 0.019582 0.020954
0 0.203376 0.953425 0.022939 0.020602
0 0.678665 0.544990 0.022753 0.019722
0 0.431742 0.100370 0.022007 0.024300
0 0.286367 0.215795 0.021447 0.020250
0 0.703469 0.567882 0.023126 0.023244
0 0.286740 0.170805 0.021447 0.017257
0 0.673163 0.336591 0.020701 0.023772
0 0.682115 0.836591 0.022193 0.023596
0 0.201511 0.868639 0.025550 0.020778
0 0.823760 0.944180 0.023499 0.017609
0 0.335696 0.303398 0.020888 0.023596
0 0.873368 0.958355 0.020515 0.022011
0 0.631574 0.522099 0.022566 0.024300
0 0.777788 0.870312 0.020328 0.021307
0 0.535248 0.940042 0.021634 0.020602
0 0.848937 0.954393 0.027602 0.030639
0 0.177173 0.891970 0.021261 0.021307
0 0.175308 0.614897 0.022753 0.020426
0 0.152555 0.962581 0.018650 0.018137
0 0.606677 0.524124 0.022380 0.025180
0 0.437337 0.578271 0.022753 0.025004
0 0.174189 0.673534 0.026483 0.021130
0 0.585789 0.956154 0.023872 0.025357
0 0.294666 0.729090 0.020142 0.023772
0 0.938642 0.466719 0.024618 0.023420
0 0.166822 0.074221 0.020328 0.018841
0 0.273778 0.867054 0.021634 0.022539
0 0.356863 0.100106 0.022566 0.024124
0 0.680157 0.653460 0.020888 0.020778
0 0.142671 0.124142 0.021261 0.025004
0 0.293081 0.622557 0.025177 0.022011
0 0.703562 0.612872 0.021447 0.017433
0 0.200765 0.911604 0.024804 0.023244
0 0.697781 0.319775 0.023685 0.025004
0 0.167661 0.215619 0.021261 0.020602
0 0.874487 0.841697 0.023872 0.021130
0 0.405819 0.192992 0.020888 0.022187
0 0.912346 0.382198 0.020142 0.016376
0 0.800914 0.813435 0.021820 0.019194
0 0.240768 0.233580 0.022007 0.019546
0 0.743473 0.344427 0.022939 0.023948
0 0.680716 0.694136 0.019769 0.016200
0 0.250186 0.825674 0.021820 0.021835
0 0.703842 0.700035 0.023126 0.020250
0 0.292988 0.598697 0.022753 0.025357
0 0.559120 0.633210 0.023126 0.020426
0 0.681089 0.861155 0.020515 0.023420
0 0.771634 0.607061 0.019582 0.017080
0 0.200298 0.800405 0.022007 0.021659
0 0.420179 0.888449 0.024618 0.023420
0 0.143230 0.078887 0.024245 0.019370
0 0.703189 0.659183 0.023312 0.019194
0 0.190880 0.194929 0.021820 0.025357
0 0.219974 0.374626 0.022566 0.018841
0 0.625140 0.357986 0.026856 0.019370
0 0.659549 0.962846 0.020701 0.018665
0 0.769955 0.541997 0.018463 0.019370
0 0.702723 0.543758 0.021261 0.022891
0 0.290843 0.346540 0.020701 0.025357
0 0.726781 0.638845 0.021261 0.017609
0 0.198713 0.533633 0.020701 0.024124
0 0.703655 0.592270 0.019769 0.020954
0 0.456546 0.061014 0.025364 0.021307
0 0.824413 0.980102 0.021074 0.023244
0 0.770515 0.668428 0.022193 0.023244
0 0.342130 0.774608 0.020701 0.019370
0 0.105744 0.983096 0.023872 0.020426
0 0.844368 0.611992 0.022939 0.022363
0 0.407497 0.123965 0.024245 0.020074
0 0.587374 0.980895 0.022939 0.020602
0 0.768463 0.427716 0.023312 0.020426
0 0.658243 0.894964 0.022193 0.022011
0 0.386236 0.277954 0.025364 0.024124
0 0.444703 0.883694 0.021820 0.021307
0 0.650690 0.369255 0.021261 0.024652
0 0.813969 0.424194 0.020328 0.021483
0 0.128497 0.823120 0.022380 0.023772
0 0.357423 0.169924 0.025177 0.022891
0 0.682488 0.792041 0.022566 0.025709
0 0.387449 0.410988 0.025923 0.016904
0 0.310891 0.141134 0.022753 0.020954
0 0.273778 0.781476 0.023872 0.029583
0 0.148266 0.660416 0.024991 0.019898
0 0.794200 0.650467 0.022193 0.023948
0 0.361899 0.360451 0.023685 0.017961
0 0.149105 0.706022 0.023685 0.021307
0 0.411787 0.432118 0.025737 0.024652
0 0.249720 0.709720 0.022380 0.019194
0 0.432954 0.281564 0.019955 0.024652
0 0.172417 0.399366 0.020328 0.017609
0 0.899664 0.875330 0.025364 0.020074
0 0.557721 0.610495 0.024431 0.022891
0 0.698713 0.470417 0.024058 0.027294
0 0.314248 0.345924 0.023126 0.024124
0 0.658896 0.917063 0.022007 0.020426
0 0.221746 0.457035 0.024618 0.020954
0 0.214845 0.164201 0.026483 0.018489
0 0.220627 0.414334 0.022380 0.019722
0 0.511936 0.863796 0.022007 0.022715
0 0.936684 0.413717 0.022939 0.021307
0 0.167475 0.193432 0.022007 0.024476
0 0.392298 0.690791 0.027042 0.018313
0 0.682581 0.815372 0.022753 0.017785
0 0.769582 0.520954 0.022566 0.019546
0 0.705334 0.775753 0.019769 0.024124
0 0.147706 0.326554 0.022380 0.018489
0 0.707758 0.895580 0.026483 0.018313
0 0.867587 0.520602 0.022380 0.018137
0 0.698154 0.430181 0.021820 0.017609
0 0.873648 0.908435 0.021074 0.023596
0 0.559866 0.680225 0.021634 0.018313
0 0.430343 0.197394 0.019582 0.024652
0 0.270515 0.642807 0.020701 0.024476
0 0.418967 0.957211 0.023312 0.024652
0 0.789910 0.359042 0.018090 0.019722
0 0.118053 0.137172 0.020515 0.024652
0 0.724916 0.594119 0.017158 0.018665
0 0.291775 0.555644 0.023685 0.026589
0 0.319377 0.891530 0.023685 0.022539
0 0.264081 0.215091 0.020888 0.017080
0 0.220906 0.435112 0.024058 0.020778
0 0.152928 0.899982 0.023872 0.018665
0 0.800075 0.792129 0.022007 0.024124
0 0.868053 0.542877 0.021074 0.025004
0 0.793827 0.583641 0.022566 0.018489
0 0.680903 0.630657 0.022753 0.017785
0 0.851641 0.803046 0.022193 0.021307
0 0.657217 0.613576 0.022753 0.022011
0 0.333271 0.097200 0.020142 0.021483
0 0.193491 0.321800 0.020701 0.022715
0 0.286833 0.106357 0.019769 0.015848
0 0.613484 0.978429 0.025923 0.018137
0 0.342410 0.798292 0.019769 0.022715
0 0.682022 0.954393 0.023126 0.016552
0 0.214565 0.124494 0.024431 0.017257
0 0.387262 0.430005 0.028161 0.022187
0 0.128963 0.936168 0.021820 0.022363
0 0.730884 0.800053 0.018277 0.020250
0 0.288325 0.126167 0.022753 0.023420
0 0.817699 0.568938 0.020701 0.022539
0 0.290190 0.276897 0.022380 0.022363
0 0.382227 0.179697 0.018463 0.023420
0 0.611153 0.840729 0.023126 0.014967
0 0.340918 0.650379 0.022380 0.025180
0 0.922790 0.978341 0.022380 0.024652
0 0.315927 0.438457 0.020142 0.019722
0 0.096419 0.278482 0.023872 0.022715
0 0.611339 0.925779 0.024245 0.016728
0 0.250373 0.847508 0.021447 0.017961
0 0.292615 0.396285 0.023499 0.018841
0 0.468202 0.890738 0.021820 0.016728
0 0.437896 0.528790 0.024618 0.020426
0 0.560705 0.895492 0.021820 0.020954
0 0.819657 0.721254 0.022007 0.020778
0 0.535901 0.917767 0.022939 0.020778
0 0.319191 0.866878 0.021820 0.024652
0 0.263614 0.055732 0.019582 0.016728
0 0.385024 0.319246 0.024804 0.019722
0 0.145002 0.221078 0.022939 0.025885
0 0.488810 0.819775 0.017904 0.022011
0 0.625420 0.334654 0.025923 0.025533
0 0.732283 0.955890 0.018463 0.021659
0 0.263521 0.076862 0.019396 0.022363
0 0.149105 0.348829 0.021820 0.023948
0 0.586535 0.932294 0.024245 0.019194
0 0.248695 0.597552 0.026296 0.023420
0 0.267531 0.276017 0.021074 0.019546
0 0.118612 0.114545 0.022380 0.018489
0 0.293361 0.577126 0.024618 0.017433
0 0.776949 0.802078 0.020515 0.022891
0 0.175774 0.933175 0.023685 0.022715
0 0.490489 0.862828 0.019023 0.025357
0 0.777881 0.979046 0.022007 0.019370
0 0.105558 0.851294 0.024245 0.018489
0 0.924002 0.863180 0.021447 0.022187
0 0.655912 0.567794 0.021634 0.023420
0 0.311078 0.078535 0.024245 0.014439
0 0.411600 0.365821 0.021261 0.018137
0 0.660015 0.774608 0.024245 0.019017
0 0.490022 0.927452 0.020701 0.019722
0 0.214099 0.186388 0.021634 0.025180
0 0.124207 0.642807 0.023126 0.025533
0 0.819657 0.700387 0.022007 0.020250
0 0.889034 0.423490 0.022007 0.017609
0 0.215311 0.231731 0.023685 0.023244
0 0.789817 0.317397 0.022007 0.023772
0 0.681182 0.675647 0.021820 0.019017
0 0.607516 0.615777 0.026296 0.021835
0 0.705520 0.720814 0.025364 0.022715
0 0.128777 0.800317 0.021820 0.020074
0 0.141925 0.100546 0.019023 0.017961
0 0.657217 0.591477 0.022007 0.022187
0 0.271167 0.666755 0.021261 0.020954
0 0.392018 0.711129 0.025364 0.024124
0 0.431462 0.051770 0.018836 0.022187
0 0.172604 0.419440 0.023312 0.021835
0 0.436777 0.399454 0.024618 0.023772
0 0.824786 0.870840 0.022566 0.022715
0 0.818445 0.592270 0.022193 0.023067
0 0.297277 0.912132 0.021634 0.016904
0 0.490209 0.978429 0.021447 0.020250
0 0.297184 0.892058 0.021447 0.021483
0 0.199646 0.556084 0.023312 0.019017
0 0.288232 0.236926 0.025177 0.021659
0 0.557068 0.589276 0.024245 0.019194
0 0.750000 0.631537 0.021820 0.024828
0 0.215032 0.210953 0.026483 0.017609
0 0.415517 0.647561 0.022753 0.020250
0 0.175587 0.594295 0.021447 0.017257
0 0.430996 0.122909 0.020515 0.016904
0 0.490022 0.907994 0.019955 0.016376
0 0.336348 0.373217 0.020328 0.018841
0 0.430530 0.169836 0.018463 0.022715
0 0.873648 0.981159 0.022193 0.024300
0 0.363018 0.464254 0.023685 0.020602
0 0.248508 0.729442 0.023312 0.019546
0 0.143230 0.173270 0.023126 0.023244
0 0.272659 0.709984 0.023126 0.018313
0 0.673536 0.381581 0.023312 0.022539
0 0.270515 0.482655 0.021447 0.017609
0 0.393696 0.865469 0.023126 0.022891
0 0.560891 0.702060 0.025550 0.023244
0 0.393696 0.979046 0.020888 0.020778
0 0.394256 0.888273 0.023499 0.022715
0 0.844275 0.705230 0.022007 0.019017
0 0.311078 0.119827 0.021261 0.018489
0 0.754662 0.982743 0.022193 0.027822
0 0.414118 0.553178 0.017717 0.024476
0 0.149571 0.412925 0.020515 0.020426
0 0.607329 0.592534 0.022939 0.025357
0 0.099310 0.682691 0.027788 0.023596
0 0.843715 0.591213 0.023499 0.017433
0 0.489183 0.840025 0.019396 0.017433
0 0.777788 0.889153 0.017717 0.016376
0 0.225289 0.825938 0.023499 0.018137
0 0.171671 0.323384 0.022939 0.025180
0 0.511376 0.795475 0.021634 0.017433
0 0.270235 0.441715 0.023126 0.023067
0 0.220160 0.394172 0.022939 0.017433
0 0.655073 0.522187 0.022939 0.020250
0 0.200298 0.848653 0.021261 0.017785
0 0.315834 0.554235 0.022566 0.019898
0 0.118706 0.055379 0.019582 0.020954
0 0.383066 0.159799 0.022753 0.015672
0 0.394722 0.908523 0.023685 0.017433
0 0.561544 0.981335 0.023499 0.020778
0 0.454308 0.191671 0.021634 0.023772
0 0.370291 0.977109 0.022939 0.022187
0 0.173629 0.653284 0.023499 0.016552
0 0.824879 0.895404 0.023872 0.025004
0 0.293267 0.669748 0.018836 0.018489
0 0.124767 0.620092 0.023872 0.017433
0 0.922044 0.817838 0.021634 0.027646
0 0.726968 0.681370 0.020142 0.020602
0 0.247482 0.574397 0.022007 0.022539
0 0.721373 0.363356 0.022007 0.022715
0 0.250839 0.958972 0.023872 0.023596
0 0.443491 0.818630 0.022007 0.020426
0 0.381574 0.050273 0.022380 0.018137
0 0.149664 0.730234 0.021074 0.024300
0 0.117400 0.033016 0.020701 0.021307
0 0.318631 0.709984 0.023312 0.022891
0 0.173256 0.442948 0.023126 0.023067
0 0.149571 0.638757 0.024618 0.022715
0 0.118333 0.095439 0.021074 0.017961
0 0.680250 0.715267 0.022193 0.023596
0 0.226595 0.889417 0.024245 0.017609
0 0.274524 0.820919 0.022007 0.021130
0 0.294386 0.707343 0.018836 0.020074
0 0.420179 0.908875 0.023499 0.017433
0 0.118519 0.077214 0.021074 0.018489
0 0.224170 0.665082 0.021634 0.021835
0 0.489463 0.887040 0.019582 0.020602
0 0.586162 0.913717 0.022007 0.017257
0 0.767158 0.391442 0.022193 0.017609
0 0.313129 0.324441 0.019023 0.016376
0 0.864323 0.318982 0.023685 0.022363
0 0.512682 0.909667 0.024245 0.019370
0 0.461395 0.482920 0.024618 0.023067
0 0.657870 0.674679 0.023685 0.021659
0 0.250746 0.909139 0.022566 0.017257
0 0.130735 0.982303 0.022753 0.022011
0 0.438736 0.602571 0.025550 0.021483
0 0.222865 0.578271 0.021634 0.023596
0 0.224543 0.689998 0.022753 0.023067
0 0.382693 0.030375 0.022007 0.018841
0 0.534782 0.654164 0.019582 0.020778
0 0.340824 0.482743 0.023312 0.027998
0 0.366188 0.662088 0.027042 0.030991
0 0.722025 0.403416 0.023685 0.021130
0 0.387822 0.477285 0.023685 0.025180
0 0.405446 0.238070 0.022380 0.020426
0 0.293547 0.435112 0.021634 0.019017
0 0.360407 0.425779 0.020701 0.015848
0 0.310985 0.205406 0.021447 0.024124
0 0.382600 0.229618 0.020328 0.024652
0 0.634372 0.675207 0.023685 0.020954
0 0.357609 0.191143 0.022193 0.021307
0 0.153860 0.782972 0.021634 0.023772
0 0.767531 0.451224 0.022939 0.024828
0 0.366281 0.722662 0.024245 0.035922
0 0.317232 0.480014 0.025737 0.022891
0 0.722305 0.384223 0.022007 0.017961
0 0.176240 0.575365 0.023872 0.018137
0 0.123461 0.667723 0.021634 0.024300
0 0.227527 0.977021 0.022380 0.020602
0 0.767158 0.318366 0.021074 0.022891
0 0.335975 0.394524 0.024058 0.022715
0 0.222119 0.482479 0.023872 0.028878
0 0.795226 0.673534 0.022380 0.021130
0 0.681928 0.908787 0.024804 0.019370
0 0.153488 0.982920 0.021261 0.021835
0 0.585975 0.830076 0.025364 0.016904
0 0.124674 0.418648 0.023312 0.017785
0 0.899851 0.899366 0.023126 0.026237
0 0.078049 0.937489 0.025550 0.025709
0 0.604625 0.477109 0.022380 0.021659
0 0.264920 0.033457 0.021820 0.021835
0 0.960649 0.385367 0.023872 0.022363
0 0.245990 0.438281 0.022007 0.017257
0 0.143790 0.033016 0.021261 0.026941
0 0.297837 0.778394 0.018650 0.023067
0 0.336255 0.351646 0.023499 0.021483
0 0.093622 0.098873 0.020515 0.022715
0 0.631947 0.592622 0.022939 0.019194
0 0.431089 0.076070 0.022193 0.023948
0 0.432861 0.304807 0.020515 0.018313
0 0.333551 0.137348 0.018463 0.021483
0 0.293454 0.416270 0.021820 0.019017
0 0.533570 0.609967 0.021634 0.021835
0 0.753730 0.793097 0.018836 0.020778
0 0.535808 0.703821 0.022007 0.025709
0 0.744032 0.319687 0.022566 0.022363
0 0.582805 0.615954 0.022007 0.016904
0 0.199366 0.688854 0.022753 0.016200
0 0.745711 0.427804 0.021447 0.021307
0 0.338213 0.624846 0.025177 0.023067
0 0.174935 0.634443 0.023126 0.017257
0 0.436311 0.478341 0.024058 0.023772
0 0.334017 0.078447 0.020515 0.015672
0 0.317978 0.624846 0.023499 0.019898
0 0.744685 0.408347 0.020888 0.017257
0 0.434633 0.346716 0.021820 0.023244
0 0.339892 0.580824 0.024431 0.025533
0 0.419060 0.979046 0.024618 0.019370
0 0.361899 0.443476 0.023685 0.022363
0 0.743006 0.366350 0.020515 0.017433
0 0.434539 0.323737 0.023499 0.019194
0 0.501305 0.032312 0.023126 0.022011
0 0.537113 0.980718 0.022380 0.017080
0 0.512216 0.887656 0.024431 0.022539
0 0.936218 0.448230 0.019396 0.014263
0 0.316673 0.577038 0.020142 0.023244
0 0.535528 0.775313 0.020701 0.023244
0 0.411973 0.454129 0.022380 0.020426
0 0.226315 0.805335 0.024804 0.023420
0 0.656471 0.655045 0.019769 0.016552
0 0.334670 0.210248 0.021447 0.015848
0 0.295972 0.868551 0.021261 0.024124
0 0.468762 0.980454 0.023312 0.020074
0 0.586162 0.795827 0.022753 0.022715
0 0.556136 0.568322 0.025364 0.020602
0 0.411414 0.275313 0.024245 0.018489
0 0.272846 0.729618 0.023126 0.020250
0 0.274431 0.937665 0.023312 0.022187
0 0.212887 0.055996 0.021820 0.020074
0 0.722398 0.314228 0.021820 0.020602
0 0.248601 0.664025 0.023499 0.021483
0 0.914584 0.468744 0.018650 0.019370
0 0.585975 0.894964 0.022380 0.020602
0 0.443584 0.799789 0.022193 0.019370
0 0.723051 0.468744 0.022380 0.027117
0 0.706453 0.798996 0.020888 0.019194
0 0.125326 0.401127 0.022007 0.020426
0 0.560612 0.775929 0.022380 0.024124
0 0.767344 0.408963 0.023685 0.016376
0 0.246550 0.456418 0.022753 0.017961
0 0.342316 0.823560 0.023312 0.023948
0 0.238624 0.137524 0.019955 0.020778
0 0.698340 0.394260 0.022939 0.017609
0 0.221839 0.712802 0.024804 0.020778
0 0.823573 0.960997 0.020515 0.015320
0 0.674562 0.471650 0.023499 0.026941
0 0.069004 0.054411 0.022380 0.019370
0 0.270328 0.617010 0.019582 0.023596
0 0.338773 0.442067 0.023312 0.020250
0 0.697687 0.412485 0.020142 0.018137
0 0.635584 0.949903 0.024245 0.014967
0 0.104345 0.830340 0.024804 0.023772
0 0.936684 0.432382 0.023312 0.017785
0 0.293547 0.456683 0.023872 0.022011
0 0.094181 0.032224 0.020515 0.016904
0 0.456453 0.215355 0.029653 0.023244
0 0.292055 0.531344 0.019769 0.023067
0 0.364137 0.483888 0.024431 0.021130
0 0.625420 0.379204 0.021074 0.023772
0 0.124487 0.692816 0.021820 0.024828
0 0.511936 0.956683 0.022380 0.021130
0 0.947594 0.866966 0.021261 0.023067
0 0.357796 0.237718 0.022566 0.019017
0 0.586255 0.814404 0.022939 0.014439
0 0.408336 0.075541 0.021074 0.024300
0 0.630175 0.474203 0.022380 0.021835
0 0.605091 0.457123 0.022566 0.019370
0 0.199273 0.706638 0.020328 0.019722
0 0.079448 0.916799 0.022753 0.018489
0 0.898452 0.918648 0.022939 0.016200
0 0.679131 0.565240 0.020328 0.017609
0 0.431089 0.143951 0.018463 0.022715
0 0.436311 0.372425 0.026296 0.027822
0 0.080101 0.897341 0.023685 0.022891
0 0.356770 0.057052 0.020515 0.015848
0 0.585696 0.702765 0.022566 0.021130
0 0.560985 0.821447 0.024618 0.016904
0 0.703935 0.680137 0.021074 0.018841
0 0.223051 0.641662 0.020142 0.022539
0 0.128870 0.780155 0.022380 0.018489
0 0.751399 0.772671 0.022380 0.020426
0 0.632134 0.612344 0.021820 0.017785
0 0.311171 0.181898 0.020328 0.017257
0 0.238997 0.050009 0.024058 0.019722
0 0.512309 0.932471 0.022753 0.023772
0 0.455614 0.102131 0.024245 0.025004
0 0.358262 0.076686 0.024618 0.022011
0 0.610500 0.798380 0.025177 0.016552
0 0.177732 0.803575 0.021261 0.016728
0 0.608635 0.683923 0.024431 0.017609
0 0.348284 0.979134 0.020701 0.022363
0 0.294013 0.647209 0.021074 0.027294
0 0.175214 0.484945 0.022193 0.021483
0 0.225569 0.779098 0.022193 0.025180
0 0.316020 0.601162 0.022939 0.026765
0 0.444610 0.778394 0.021634 0.023772
0 0.409362 0.056436 0.023126 0.016024
0 0.153208 0.588836 0.025923 0.020778
0 0.604345 0.437665 0.018090 0.020602
0 0.454774 0.170100 0.022193 0.017609
0 0.099869 0.705406 0.025923 0.020074
0 0.189668 0.059253 0.019396 0.019898
0 0.923443 0.886864 0.022939 0.021659
0 0.171018 0.236926 0.023126 0.021659
0 0.078142 0.972266 0.029840 0.042085
0 0.382227 0.086811 0.020328 0.023244
0 0.274245 0.843722 0.022566 0.023420
0 0.890806 0.521219 0.020328 0.020426
0 0.913372 0.446646 0.019955 0.017785
0 0.166729 0.054939 0.019396 0.017961
0 0.585882 0.871808 0.021447 0.023244
0 0.673816 0.448847 0.022753 0.019722
0 0.750000 0.609967 0.021820 0.016200
0 0.276016 0.959412 0.024618 0.021659
0 0.416169 0.666138 0.023312 0.016904
0 0.627844 0.454305 0.019582 0.017961
0 0.935006 0.344251 0.024058 0.023244
0 0.319564 0.778218 0.020328 0.023772
0 0.269769 0.462669 0.021447 0.021659
0 0.479858 0.157246 0.022753 0.029230
0 0.422137 0.799260 0.017717 0.019017
0 0.863577 0.385015 0.023312 0.015672
0 0.247482 0.642543 0.023872 0.021483
0 0.869265 0.586459 0.019769 0.017433
0 0.673536 0.313435 0.022566 0.021483
0 0.411693 0.410195 0.023312 0.017433
0 0.082618 0.731027 0.016412 0.021659
0 0.223890 0.621236 0.022193 0.017609
0 0.825811 0.772143 0.029467 0.020074
0 0.845487 0.723191 0.022566 0.016904
0 0.922977 0.842666 0.018650 0.016376
0 0.947594 0.792569 0.022007 0.022187
0 0.697687 0.447438 0.022007 0.018313
0 0.145375 0.242208 0.021820 0.016376
0 0.413652 0.529495 0.022007 0.020778
0 0.946289 0.814316 0.023872 0.019546
0 0.317885 0.645976 0.022939 0.021307
0 0.370850 0.951752 0.020328 0.025357
0 0.392484 0.531167 0.022193 0.025533
0 0.962700 0.442860 0.022753 0.017257
0 0.268930 0.567001 0.018277 0.022539
0 0.097725 0.616922 0.021261 0.019898
0 0.335136 0.231027 0.020888 0.023244
0 0.317232 0.529319 0.025737 0.030287
0 0.199646 0.777426 0.022566 0.017609
0 0.122622 0.236045 0.021447 0.018137
0 0.635770 0.967248 0.022007 0.022187
0 0.946289 0.843194 0.022753 0.023067
0 0.436311 0.453777 0.024804 0.022187
0 0.125793 0.716147 0.022193 0.021483
0 0.721932 0.446998 0.023499 0.020602
0 0.605931 0.571227 0.022753 0.017257
0 0.333178 0.118155 0.018836 0.014791
0 0.224263 0.733228 0.021820 0.020074
0 0.634558 0.773552 0.023312 0.019017
0 0.097631 0.659799 0.027042 0.020074
0 0.080287 0.879468 0.024058 0.017785
0 0.838773 0.303222 0.021820 0.021130
0 0.093435 0.123701 0.023499 0.021307
0 0.153674 0.533457 0.020142 0.024124
0 0.585509 0.681986 0.022193 0.022891
0 0.609847 0.701532 0.023126 0.019722
0 0.509138 0.637260 0.019396 0.021483
0 0.366561 0.775048 0.023312 0.018841
0 0.511283 0.773111 0.022193 0.018137
0 0.851641 0.781035 0.019955 0.020250
0 0.314994 0.420144 0.022380 0.016904
0 0.200671 0.667811 0.025364 0.025180
0 0.149664 0.613048 0.026296 0.025885
0 0.149944 0.432735 0.022007 0.016024
0 0.082432 0.703997 0.018650 0.023596
0 0.912719 0.337736 0.021261 0.020778
0 0.480884 0.081705 0.019582 0.022187
0 0.875886 0.778042 0.021447 0.018489
0 0.439482 0.623349 0.023685 0.017609
0 0.397240 0.842490 0.014920 0.017433
0 0.270888 0.591742 0.021074 0.024828
0 0.097072 0.637876 0.024058 0.023067
0 0.339985 0.459940 0.020515 0.016200
0 0.127098 0.734460 0.022939 0.019017
0 0.296158 0.822768 0.022380 0.020602
0 0.749907 0.681282 0.020515 0.021483
0 0.456173 0.041733 0.023872 0.018313
0 0.898732 0.778306 0.021261 0.016552
0 0.269209 0.528174 0.021074 0.017433
0 0.455054 0.239039 0.023872 0.025885
0 0.534036 0.589540 0.020328 0.018313
0 0.651156 0.319334 0.021820 0.018841
0 0.191253 0.238246 0.021074 0.018313
0 0.125233 0.599313 0.024431 0.021659
0 0.431462 0.237718 0.019209 0.019370
0 0.742167 0.297676 0.021447 0.019546
0 0.436218 0.422434 0.023872 0.018313
0 0.633626 0.656718 0.023685 0.015672
0 0.914398 0.519810 0.023872 0.021483
0 0.340545 0.528614 0.017904 0.026413
0 0.964099 0.464959 0.021447 0.025533
0 0.199273 0.624230 0.022566 0.021835
0 0.922697 0.795387 0.022193 0.016200
0 0.337188 0.419616 0.021634 0.024300
0 0.889500 0.333950 0.019582 0.016024
0 0.223144 0.532136 0.022193 0.022539
0 0.099590 0.323649 0.023126 0.019722
0 0.454495 0.081528 0.023126 0.020074
0 0.606397 0.399630 0.019209 0.025180
0 0.481723 0.131361 0.026856 0.025357
0 0.198900 0.603011 0.022193 0.020602
0 0.772659 0.647033 0.020142 0.016376
0 0.459064 0.381581 0.020701 0.019017
0 0.604905 0.421905 0.021074 0.016200
0 0.177825 0.781828 0.022193 0.025004
0 0.366468 0.794946 0.022007 0.018841
0 0.482935 0.184892 0.023312 0.021483
0 0.510444 0.680666 0.024245 0.021659
0 0.813875 0.311763 0.022753 0.017433
0 0.890433 0.569114 0.020701 0.018665
0 0.897799 0.962405 0.023499 0.024828
0 0.299329 0.845131 0.024245 0.023067
0 0.458504 0.356401 0.021820 0.022891
0 0.363297 0.528526 0.024245 0.021659
0 0.800354 0.955098 0.020701 0.014791
0 0.174841 0.463022 0.022939 0.016728
0 0.223144 0.554763 0.018090 0.021659
0 0.198900 0.576070 0.020328 0.020602
0 0.084390 0.857633 0.018836 0.023067
0 0.767251 0.474996 0.022007 0.020602
0 0.462327 0.459588 0.027602 0.024300
0 0.431835 0.031696 0.018090 0.015848
0 0.295132 0.803134 0.018090 0.019722
0 0.381854 0.068674 0.020328 0.014087
0 0.608355 0.778482 0.026856 0.021130
0 0.412439 0.477197 0.022939 0.023244
0 0.068072 0.033721 0.022007 0.021307
0 0.482283 0.349709 0.023126 0.026061
0 0.580007 0.475436 0.020888 0.025004
0 0.635024 0.695281 0.022007 0.019194
0 0.767997 0.298468 0.022007 0.015496
0 0.200019 0.645448 0.021820 0.019546
0 0.511097 0.659975 0.019582 0.018665
0 0.461302 0.406145 0.022193 0.025180
0 0.320123 0.912397 0.021447 0.017080
0 0.863484 0.298644 0.022380 0.017257
0 0.119638 0.159535 0.019582 0.016904
0 0.658057 0.693784 0.024058 0.015144
0 0.392204 0.732171 0.024991 0.019370
0 0.558094 0.546663 0.019209 0.024828
0 0.439482 0.645712 0.022193 0.024300
0 0.747016 0.519017 0.019955 0.015672
0 0.511190 0.617538 0.017531 0.017961
0 0.222119 0.600370 0.023126 0.023067
0 0.126352 0.436521 0.021074 0.024300
0 0.462607 0.549921 0.019209 0.019017
0 0.525643 0.050625 0.024431 0.020602
0 0.318165 0.836063 0.024245 0.037683
0 0.342596 0.867582 0.023126 0.031696
0 0.412626 0.539179 0.020701 0.013735
0 0.343622 0.844515 0.022939 0.017961
0 0.505222 0.134883 0.020888 0.023244
0 0.339426 0.600634 0.024991 0.021483
0 0.274058 0.802694 0.019582 0.014967
0 0.429597 0.219493 0.020328 0.016376
0 0.484427 0.376035 0.026296 0.025885
0 0.073387 0.278306 0.022566 0.024828
0 0.463260 0.529142 0.022753 0.020778
0 0.070683 0.072020 0.018650 0.015848
0 0.078515 0.958619 0.024618 0.020074
0 0.923816 0.958267 0.022939 0.015496
0 0.467643 0.922874 0.021820 0.011622
0 0.297557 0.932382 0.020701 0.020426
0 0.502424 0.090949 0.018277 0.019898
0 0.339053 0.539444 0.021261 0.012150
0 0.154886 0.570699 0.018463 0.014791
0 0.746457 0.473499 0.019209 0.017961
0 0.099496 0.597817 0.023312 0.017257
0 0.094275 0.144480 0.026669 0.020954
0 0.121037 0.213770 0.019769 0.025357
0 0.526110 0.028878 0.027975 0.018665
0 0.500466 0.051946 0.025550 0.016552
0 0.501585 0.070083 0.023312 0.017609
0 0.524897 0.070699 0.023312 0.016376
0 0.505688 0.159271 0.024431 0.019898
0 0.481816 0.208840 0.023312 0.019722
0 0.073946 0.301814 0.023312 0.023244
0 0.101828 0.404737 0.020888 0.019898
0 0.126352 0.455890 0.023312 0.018665
0 0.127471 0.476228 0.021074 0.024124
0 0.456266 0.318366 0.023312 0.016552
0 0.457385 0.335975 0.021074 0.016552
0 0.483588 0.397517 0.019769 0.014263
0 0.483029 0.415214 0.018650 0.018665
0 0.461488 0.432206 0.024431 0.028702
0 0.436964 0.436609 0.022007 0.011094
0 0.247016 0.530199 0.022193 0.019722
0 0.246363 0.551153 0.025737 0.017609
0 0.077396 0.680401 0.020888 0.023244
0 0.698620 0.296883 0.025737 0.019722
0 0.723144 0.294066 0.021074 0.018665
0 0.791962 0.295210 0.023312 0.018841
0 0.816393 0.294066 0.023312 0.016552
0 0.887449 0.308945 0.021074 0.022011
0 0.912533 0.319951 0.022007 0.019722
0 0.935192 0.323296 0.023312 0.024300
0 0.959157 0.363444 0.022007 0.016552
0 0.582059 0.451488 0.020888 0.025357
0 0.915983 0.543934 0.024431 0.023244
0 0.796531 0.721694 0.020888 0.019898
0 0.730698 0.700211 0.024618 0.018841
0 0.511563 0.704613 0.026856 0.025180
0 0.319284 0.666138 0.026856 0.018665
0 0.484707 0.108734 0.019769 0.022011
0 0.523219 0.097112 0.017344 0.020954
0 0.478366 0.233580 0.020888 0.023067
0 0.318631 0.731555 0.023312 0.022011
0 0.607143 0.377795 0.019955 0.020954
0 0.791309 0.411252 0.022007 0.022011
0 0.791962 0.432206 0.023312 0.022011
0 0.868239 0.606709 0.019955 0.020954
0 0.771540 0.688061 0.019769 0.014263
0 0.484148 0.673270 0.018650 0.019898
0 0.468389 0.773904 0.024431 0.016552
0 0.490582 0.772847 0.019955 0.014439
0 0.582059 0.773376 0.020888 0.019722
0 0.798303 0.769061 0.022193 0.022011
0 0.924189 0.777250 0.017344 0.023244
0 0.924189 0.937929 0.022193 0.020954
0 0.922977 0.908699 0.019769 0.022011
0 0.899758 0.983096 0.024431 0.018665
0 0.636796 0.985825 0.023312 0.013207
0 0.251026 0.980895 0.025737 0.020954
0 0.368239 0.816869 0.024431 0.025357
0 0.320403 0.801990 0.022007 0.024124
0 0.082618 0.830604 0.017531 0.026413
