0 0.570614 0.083687 0.039622 0.037503
0 0.616839 0.209913 0.045325 0.041876
0 0.888489 0.846806 0.048327 0.041611
0 0.523413 0.299695 0.043374 0.041479
0 0.661939 0.128280 0.043974 0.035250
0 0.617740 0.041943 0.041123 0.036178
0 0.659988 0.539624 0.041873 0.040021
0 0.196608 0.670686 0.042023 0.035250
0 0.660964 0.501391 0.040522 0.037503
0 0.201936 0.461105 0.043374 0.035118
0 0.243584 0.842632 0.041423 0.038033
0 0.525289 0.126093 0.042924 0.036973
0 0.167867 0.038365 0.040372 0.038563
0 0.615413 0.293666 0.040973 0.037371
0 0.840612 0.257620 0.036320 0.043997
0 0.933814 0.497151 0.039622 0.038563
0 0.616539 0.126756 0.044124 0.041744
0 0.166291 0.121588 0.043524 0.035913
0 0.291986 0.580771 0.047576 0.039094
0 0.153159 0.712563 0.038271 0.036046
0 0.212817 0.079645 0.036920 0.037636
0 0.755290 0.460973 0.039472 0.042804
0 0.158787 0.333157 0.045025 0.039491
0 0.199009 0.582892 0.046225 0.040419
0 0.798364 0.799165 0.042173 0.036443
0 0.660213 0.036907 0.041123 0.038298
0 0.568888 0.289822 0.045175 0.035781
0 0.843164 0.085940 0.045325 0.036178
0 0.706363 0.542009 0.046075 0.045587
0 0.432613 0.464153 0.041873 0.043069
0 0.755365 0.083687 0.040822 0.037503
0 0.152859 0.753644 0.040372 0.038166
0 0.154585 0.626358 0.041723 0.045190
0 0.887288 0.379870 0.041123 0.035913
0 0.476737 0.380930 0.037971 0.041214
0 0.202837 0.420090 0.039472 0.044527
0 0.837611 0.543864 0.039922 0.039226
0 0.755215 0.210045 0.041723 0.037371
0 0.710041 0.170421 0.040222 0.039226
0 0.157962 0.415452 0.040672 0.037106
0 0.612787 0.755168 0.039622 0.042804
0 0.561834 0.921747 0.046376 0.036443
0 0.389014 0.123310 0.041423 0.036178
0 0.798289 0.086933 0.043524 0.039226
0 0.385037 0.711039 0.044875 0.037768
0 0.930437 0.374834 0.043674 0.035118
0 0.796938 0.626822 0.040522 0.038431
0 0.157962 0.458852 0.041573 0.035913
0 0.935314 0.455341 0.044725 0.037901
0 0.795362 0.458389 0.039172 0.038166
0 0.333633 0.881460 0.044124 0.037238
0 0.889164 0.043135 0.038571 0.036973
0 0.838436 0.717135 0.043374 0.037238
0 0.380759 0.796713 0.041423 0.038166
0 0.888789 0.256825 0.045025 0.040816
0 0.565661 0.539160 0.040222 0.035648
0 0.571664 0.043268 0.037521 0.040154
0 0.478313 0.042539 0.042623 0.041081
0 0.436665 0.124569 0.038871 0.041081
0 0.520786 0.839716 0.038421 0.043864
0 0.709065 0.296581 0.043374 0.036311
0 0.706063 0.502452 0.042173 0.033528
0 0.614738 0.415054 0.038121 0.042142
0 0.521687 0.256692 0.039922 0.041346
0 0.337986 0.464352 0.036320 0.035781
0 0.656611 0.671680 0.041723 0.042274
0 0.199160 0.501325 0.036920 0.036311
0 0.207339 0.206401 0.040072 0.034058
0 0.663440 0.172078 0.043674 0.042539
0 0.709740 0.083886 0.042623 0.035250
0 0.932838 0.253578 0.043074 0.037238
0 0.478088 0.339849 0.038571 0.039624
0 0.475612 0.585807 0.039622 0.036708
0 0.166592 0.210244 0.045625 0.034588
0 0.750863 0.030612 0.039922 0.034455
0 0.613688 0.884376 0.040822 0.039359
0 0.838361 0.892725 0.041723 0.040154
0 0.841363 0.628545 0.043524 0.038696
0 0.934189 0.215280 0.044575 0.039624
0 0.207639 0.248476 0.043374 0.034190
0 0.657211 0.842764 0.046826 0.040684
0 0.294612 0.376756 0.041723 0.041876
0 0.888489 0.460973 0.048026 0.038563
0 0.338661 0.501590 0.042173 0.037106
0 0.341888 0.294262 0.041423 0.040684
0 0.346466 0.125364 0.042473 0.035516
0 0.936140 0.135038 0.046676 0.038696
0 0.163665 0.289027 0.041873 0.033130
0 0.289584 0.711635 0.038871 0.040816
0 0.936815 0.174993 0.044124 0.035913
0 0.612412 0.540154 0.041573 0.035781
0 0.251538 0.331500 0.039021 0.034058
0 0.296863 0.419693 0.038721 0.039756
0 0.753790 0.173403 0.037971 0.037768
0 0.237506 0.925258 0.041873 0.045322
0 0.703962 0.670223 0.041273 0.039094
0 0.707114 0.036311 0.040372 0.036311
0 0.796263 0.337199 0.042774 0.033528
0 0.521762 0.338524 0.038571 0.033263
0 0.889539 0.132653 0.041723 0.040816
0 0.296413 0.499072 0.043824 0.033395
0 0.335359 0.711171 0.039772 0.038829
0 0.195708 0.711569 0.042323 0.042539
0 0.246511 0.538961 0.040672 0.037636
0 0.662464 0.297310 0.038721 0.039624
0 0.795287 0.501524 0.038721 0.035383
0 0.889464 0.889213 0.047576 0.038696
0 0.839562 0.585144 0.039322 0.037238
0 0.385862 0.377949 0.043224 0.040021
0 0.191730 0.837530 0.040372 0.040551
0 0.795963 0.255433 0.043074 0.038563
0 0.793712 0.847601 0.039472 0.040021
0 0.332508 0.839650 0.038871 0.035250
0 0.476512 0.714948 0.036320 0.042142
0 0.340837 0.420223 0.041723 0.039756
0 0.937866 0.716207 0.045325 0.036973
0 0.380759 0.750795 0.040822 0.039889
0 0.477863 0.083886 0.040222 0.035516
0 0.795437 0.212563 0.040522 0.036841
0 0.521162 0.582892 0.041573 0.037238
0 0.436815 0.169494 0.038571 0.036576
0 0.203287 0.375298 0.039172 0.033660
0 0.564385 0.582428 0.038871 0.033130
0 0.252814 0.247548 0.040372 0.037106
0 0.299039 0.249669 0.036770 0.038431
0 0.931037 0.415319 0.042774 0.037901
0 0.707339 0.801418 0.038421 0.039624
0 0.335810 0.794858 0.041873 0.041876
0 0.845715 0.126292 0.042623 0.035250
0 0.432013 0.421349 0.037671 0.038298
0 0.251088 0.291678 0.039021 0.038431
0 0.338211 0.541081 0.042473 0.040551
0 0.660964 0.086403 0.038421 0.041876
0 0.888489 0.087662 0.040822 0.041744
0 0.334084 0.750464 0.036620 0.032070
0 0.796113 0.761264 0.037671 0.038298
0 0.657587 0.458720 0.037971 0.037768
0 0.386763 0.418831 0.039922 0.039359
0 0.660964 0.252120 0.039021 0.043069
0 0.432763 0.378147 0.042774 0.039359
0 0.340612 0.333753 0.040372 0.035913
0 0.660138 0.377021 0.040973 0.039226
0 0.347891 0.082428 0.043224 0.037371
0 0.839337 0.677180 0.042173 0.039226
0 0.709815 0.335343 0.047276 0.036973
0 0.153384 0.583753 0.042023 0.035516
0 0.435014 0.212232 0.035870 0.038563
0 0.340162 0.376027 0.038271 0.042009
0 0.300390 0.210575 0.038571 0.033925
0 0.524538 0.039955 0.039322 0.038829
0 0.187378 0.920885 0.043074 0.039491
0 0.211992 0.166446 0.043374 0.036046
0 0.663365 0.336205 0.044124 0.036046
0 0.936515 0.335078 0.045025 0.039624
0 0.839637 0.461039 0.037671 0.038431
0 0.196458 0.542208 0.040522 0.040154
0 0.704863 0.717798 0.039172 0.039889
0 0.236455 0.968858 0.043374 0.038961
0 0.612187 0.580307 0.039922 0.037106
0 0.709665 0.124702 0.044274 0.035781
0 0.700060 0.965743 0.042774 0.032468
0 0.885862 0.503578 0.041273 0.040286
0 0.842864 0.379605 0.041423 0.035383
0 0.303617 0.082030 0.037821 0.040286
0 0.561234 0.669428 0.040672 0.039094
0 0.570014 0.124172 0.042023 0.039491
0 0.244785 0.752452 0.038121 0.037371
0 0.293862 0.459913 0.039322 0.036708
0 0.752439 0.127816 0.036170 0.035913
0 0.793336 0.300225 0.039021 0.037503
0 0.390590 0.208720 0.040372 0.032600
0 0.379859 0.882388 0.045025 0.039624
0 0.248011 0.627485 0.043374 0.040286
0 0.389914 0.083422 0.039622 0.036443
0 0.932463 0.846607 0.038121 0.043069
0 0.562810 0.711503 0.043824 0.036046
0 0.796188 0.541081 0.040522 0.035250
0 0.609485 0.923999 0.039021 0.032202
0 0.188804 0.879539 0.044124 0.037371
0 0.655786 0.886761 0.042774 0.039359
0 0.255215 0.126425 0.042473 0.036311
0 0.611887 0.624768 0.044424 0.034323
0 0.185277 0.966008 0.043674 0.043334
0 0.288534 0.794196 0.040372 0.040286
0 0.519060 0.756957 0.036470 0.044262
0 0.655486 0.416512 0.045175 0.037371
0 0.752439 0.540419 0.041573 0.036841
0 0.703962 0.841903 0.040372 0.036576
0 0.658112 0.754439 0.041423 0.036046
0 0.520036 0.627750 0.036020 0.034720
0 0.880759 0.585807 0.040072 0.035648
0 0.702536 0.888351 0.038421 0.041214
0 0.751238 0.583157 0.041573 0.035648
0 0.702837 0.927246 0.042323 0.034190
0 0.660213 0.580771 0.037521 0.036178
0 0.797238 0.673734 0.041123 0.034190
0 0.706964 0.585807 0.039772 0.039889
0 0.886688 0.968990 0.039622 0.040816
0 0.338511 0.580374 0.041573 0.035118
0 0.841663 0.298304 0.040522 0.031805
0 0.326354 0.964551 0.042173 0.035383
0 0.434339 0.254307 0.037521 0.043202
0 0.294237 0.624768 0.045475 0.038563
0 0.658562 0.799430 0.041423 0.041479
0 0.705763 0.463027 0.038271 0.035781
0 0.568438 0.460906 0.043674 0.032865
0 0.384061 0.537503 0.040222 0.036576
0 0.434864 0.081633 0.039172 0.033925
0 0.436215 0.034389 0.039472 0.038033
0 0.562810 0.626623 0.040522 0.039889
0 0.523113 0.376027 0.040072 0.033263
0 0.477112 0.755500 0.035720 0.034985
0 0.257016 0.038100 0.040072 0.042274
0 0.835359 0.966605 0.037521 0.040551
0 0.477488 0.798039 0.038271 0.040286
0 0.839337 0.333952 0.038871 0.035250
0 0.568137 0.249072 0.040372 0.036178
0 0.154210 0.500729 0.039472 0.031672
0 0.336410 0.625629 0.037971 0.038696
0 0.750863 0.890472 0.036320 0.039889
0 0.703587 0.629473 0.041123 0.039491
0 0.434114 0.334283 0.039172 0.038033
0 0.246886 0.582030 0.038121 0.036841
0 0.613688 0.251723 0.040822 0.040949
0 0.795513 0.892128 0.037671 0.037901
0 0.302116 0.168699 0.037521 0.037106
0 0.752064 0.717267 0.038421 0.042009
0 0.707639 0.418831 0.043824 0.038298
0 0.561609 0.884045 0.045925 0.036046
0 0.839712 0.500199 0.041423 0.034058
0 0.931787 0.539690 0.040672 0.041744
0 0.795212 0.376491 0.039472 0.037636
0 0.839937 0.801816 0.035570 0.030877
0 0.477938 0.126756 0.041573 0.039889
0 0.568963 0.333488 0.038721 0.041744
0 0.610836 0.838126 0.037521 0.036443
0 0.296113 0.331566 0.039322 0.033660
0 0.794237 0.930559 0.036020 0.033395
0 0.931262 0.672608 0.040222 0.036443
0 0.795362 0.038497 0.039472 0.036708
0 0.385187 0.460045 0.042173 0.034588
0 0.330707 0.919825 0.037371 0.033395
0 0.169893 0.075073 0.040822 0.036443
0 0.617590 0.456069 0.042623 0.030877
0 0.152484 0.795190 0.043524 0.042274
0 0.477863 0.544129 0.036920 0.041611
0 0.207864 0.287106 0.038421 0.031937
0 0.290485 0.538829 0.040672 0.037106
0 0.385187 0.293666 0.039772 0.036046
0 0.196458 0.749337 0.041723 0.032468
0 0.524839 0.212629 0.040822 0.031672
0 0.751313 0.927445 0.036320 0.033793
0 0.747411 0.967532 0.039322 0.045322
0 0.840162 0.420554 0.040522 0.035913
0 0.245460 0.670554 0.044274 0.036311
0 0.843689 0.171018 0.041273 0.036708
0 0.243434 0.799099 0.040822 0.041081
0 0.888489 0.930228 0.034519 0.032998
0 0.474561 0.840843 0.039322 0.037106
0 0.796113 0.420156 0.038871 0.034853
0 0.568963 0.417837 0.045925 0.036841
0 0.888113 0.293666 0.037070 0.033395
0 0.887438 0.336271 0.044725 0.037238
0 0.652409 0.966870 0.042924 0.033130
0 0.793486 0.970249 0.036920 0.038829
0 0.386012 0.249801 0.042323 0.036841
0 0.796038 0.583157 0.036920 0.037768
0 0.382560 0.621985 0.039922 0.034323
0 0.286733 0.753578 0.038271 0.036708
0 0.711691 0.211039 0.043824 0.033263
0 0.615413 0.499072 0.045475 0.038166
0 0.937265 0.045256 0.045925 0.039359
0 0.836035 0.929168 0.040672 0.031937
0 0.705613 0.757554 0.036770 0.036973
0 0.289509 0.839319 0.040522 0.034058
0 0.242909 0.712298 0.040973 0.037636
0 0.616614 0.169494 0.039772 0.037636
0 0.519436 0.797707 0.033618 0.034588
0 0.378583 0.918897 0.043374 0.034190
0 0.614213 0.712232 0.038871 0.031672
0 0.153835 0.670090 0.037220 0.035913
0 0.205613 0.333289 0.039922 0.034985
0 0.839112 0.761927 0.039622 0.036708
0 0.888939 0.718725 0.048026 0.035383
0 0.344289 0.207593 0.036320 0.031142
0 0.211992 0.036178 0.040372 0.034190
0 0.477863 0.419030 0.039021 0.029950
0 0.888113 0.419494 0.036470 0.035383
0 0.252664 0.461370 0.038871 0.037503
0 0.564235 0.753247 0.044875 0.037371
0 0.932763 0.888484 0.042623 0.034853
0 0.474186 0.924861 0.043974 0.037371
0 0.382560 0.671018 0.042023 0.035383
0 0.166216 0.167373 0.036470 0.034720
0 0.753414 0.758680 0.043224 0.039756
0 0.289734 0.672078 0.038571 0.035118
0 0.211091 0.122051 0.035870 0.037106
0 0.753414 0.798304 0.039922 0.034190
0 0.479964 0.463424 0.035119 0.039491
0 0.284481 0.925060 0.037371 0.038298
0 0.749887 0.670554 0.035269 0.032335
0 0.882035 0.542738 0.040522 0.034853
0 0.755140 0.253843 0.037070 0.032202
0 0.935540 0.295190 0.037371 0.035383
0 0.520261 0.670554 0.037371 0.032600
0 0.522738 0.454545 0.040522 0.031010
0 0.608660 0.963159 0.037971 0.029155
0 0.521312 0.502849 0.034369 0.034323
0 0.751839 0.626292 0.040372 0.033395
0 0.480339 0.166446 0.038571 0.034190
0 0.934639 0.758216 0.040072 0.034588
0 0.345115 0.168566 0.039772 0.034985
0 0.885787 0.631195 0.035720 0.039491
0 0.658262 0.715081 0.036020 0.034720
0 0.570839 0.169626 0.036470 0.035250
0 0.343464 0.252253 0.036170 0.033263
0 0.199535 0.623840 0.042473 0.032468
0 0.302566 0.123112 0.036920 0.038166
0 0.525064 0.416446 0.034969 0.028492
0 0.383086 0.581566 0.036170 0.040154
0 0.707339 0.377684 0.038121 0.032865
0 0.153384 0.538895 0.043224 0.038033
0 0.388564 0.168765 0.042623 0.035648
0 0.284857 0.885237 0.038121 0.035250
0 0.560033 0.843427 0.040973 0.041744
0 0.433438 0.293069 0.038421 0.031142
0 0.562885 0.796515 0.037971 0.036973
0 0.886763 0.673337 0.043674 0.035781
0 0.887813 0.213292 0.041273 0.034853
0 0.928711 0.587066 0.040822 0.039756
0 0.570464 0.208455 0.034819 0.032600
0 0.889014 0.172210 0.039472 0.036973
0 0.840612 0.842963 0.039922 0.033395
0 0.526039 0.080904 0.037821 0.032202
0 0.751763 0.340379 0.033318 0.033793
0 0.614288 0.335675 0.036020 0.035516
0 0.841963 0.213424 0.037220 0.037503
0 0.384436 0.335542 0.038871 0.032335
0 0.385337 0.497283 0.036770 0.032202
0 0.846240 0.036443 0.042774 0.032865
0 0.796488 0.171018 0.041423 0.035118
0 0.374456 0.968394 0.042623 0.037768
0 0.378583 0.838259 0.037371 0.031672
0 0.659087 0.623178 0.038871 0.036973
0 0.476962 0.624967 0.037821 0.031540
0 0.798439 0.128412 0.039322 0.033925
0 0.707039 0.251060 0.041423 0.035913
0 0.391565 0.031076 0.040522 0.031407
0 0.610836 0.797641 0.035419 0.033130
0 0.934864 0.090048 0.037521 0.038563
0 0.615188 0.374304 0.043524 0.032733
0 0.522062 0.538829 0.034669 0.031540
0 0.302341 0.034919 0.036170 0.031937
0 0.752064 0.501922 0.037821 0.032468
0 0.929911 0.800424 0.038721 0.035250
0 0.162539 0.250530 0.036620 0.030877
0 0.250863 0.499536 0.033168 0.032202
0 0.279679 0.970050 0.038571 0.038166
0 0.567387 0.497813 0.034369 0.028227
0 0.653234 0.927578 0.036170 0.033263
0 0.257542 0.084747 0.044424 0.040949
0 0.929461 0.628412 0.039622 0.035250
0 0.242308 0.882786 0.038571 0.031937
0 0.156236 0.373310 0.039622 0.032335
0 0.296263 0.290485 0.034519 0.032865
0 0.335510 0.668632 0.037070 0.033793
0 0.612412 0.669825 0.036770 0.033793
0 0.618190 0.082229 0.041423 0.032998
0 0.345565 0.034190 0.035870 0.041081
0 0.751238 0.298237 0.034669 0.035648
0 0.567087 0.371985 0.041873 0.029950
0 0.928261 0.929963 0.042323 0.032202
0 0.796938 0.713756 0.037521 0.036046
0 0.525739 0.167904 0.035119 0.033660
0 0.750788 0.844752 0.040672 0.031937
0 0.481015 0.501590 0.035119 0.029155
0 0.661864 0.209581 0.035419 0.028757
0 0.473585 0.881593 0.038271 0.032998
0 0.194732 0.790684 0.034669 0.033793
0 0.516134 0.966936 0.042623 0.038298
0 0.518685 0.921945 0.039622 0.037371
0 0.251313 0.372582 0.033468 0.032202
0 0.520861 0.711702 0.030167 0.029287
0 0.433964 0.502187 0.031367 0.027697
0 0.254915 0.204082 0.036170 0.027299
0 0.754090 0.416910 0.033468 0.031010
0 0.478313 0.672741 0.032418 0.030347
0 0.753264 0.378346 0.036320 0.031805
0 0.564535 0.966472 0.044274 0.036046
0 0.248987 0.413199 0.032418 0.033130
0 0.517560 0.884442 0.035269 0.035250
