0 0.560762 0.167981 0.144498 0.127464
0 0.566505 0.316032 0.168077 0.134472
0 0.568017 0.452694 0.165054 0.113447
0 0.574667 0.581472 0.157799 0.127464
0 0.573458 0.720324 0.143289 0.124836
0 0.572551 0.866185 0.168077 0.119580
0 0.379383 0.160534 0.173519 0.116075
0 0.384522 0.292597 0.175333 0.117389
0 0.390568 0.434078 0.148730 0.137538
0 0.392080 0.576654 0.169891 0.130092
0 0.393289 0.710250 0.178356 0.149365
0 0.380895 0.846036 0.165659 0.123960
0 0.195889 0.169076 0.148730 0.120894
0 0.195889 0.300044 0.166868 0.113009
0 0.215840 0.450504 0.168077 0.147613
0 0.206771 0.587385 0.168077 0.117389
0 0.205260 0.722514 0.159008 0.124836
0 0.209794 0.855453 0.180169 0.136662
