0 0.801015 0.263587 0.107906 0.079348
0 0.791800 0.463995 0.097489 0.078533
0 0.797943 0.558832 0.099626 0.059511
0 0.793136 0.675951 0.073985 0.084511
0 0.795272 0.779891 0.100694 0.079348
0 0.703392 0.259918 0.077190 0.086685
0 0.696181 0.354620 0.083066 0.064674
0 0.694177 0.450815 0.081197 0.069022
0 0.695646 0.560870 0.096421 0.053261
0 0.702858 0.674321 0.096421 0.058424
0 0.602564 0.256386 0.105769 0.073098
0 0.595486 0.348370 0.103900 0.056522
0 0.602698 0.471603 0.099626 0.077446
0 0.599626 0.574592 0.093483 0.066033
0 0.594418 0.789402 0.101763 0.064674
0 0.420272 0.247011 0.098558 0.069022
0 0.426015 0.361957 0.105769 0.079348
0 0.423878 0.472554 0.089209 0.094022
0 0.419872 0.571875 0.095620 0.062772
0 0.418803 0.687364 0.101496 0.061685
0 0.310497 0.262092 0.100694 0.088859
0 0.310363 0.362364 0.111111 0.063859
0 0.319177 0.466984 0.103632 0.076359
0 0.319712 0.574592 0.096688 0.072011
0 0.315037 0.673370 0.101763 0.064674
0 0.311966 0.778804 0.091346 0.081522
0 0.213275 0.248913 0.097489 0.069022
0 0.211271 0.367120 0.093483 0.085870
