0 0.845407 0.094020 0.289768 0.118876
0 0.854369 0.253422 0.285288 0.151657
0 0.839059 0.412824 0.306945 0.148415
0 0.849888 0.571866 0.289768 0.135807
0 0.849141 0.746218 0.274832 0.147334
0 0.825990 0.913004 0.276326 0.148055
0 0.500747 0.088617 0.277072 0.144092
0 0.497386 0.246037 0.261389 0.132565
0 0.511576 0.411023 0.303211 0.141931
0 0.510829 0.587176 0.318148 0.139049
0 0.517177 0.752522 0.283047 0.164265
0 0.506348 0.918948 0.265870 0.130403
0 0.190814 0.089878 0.333831 0.156700
0 0.185586 0.249280 0.292009 0.139049
0 0.178865 0.414986 0.309933 0.144092
0 0.183719 0.584474 0.327110 0.127161
0 0.185586 0.752341 0.305452 0.143012
0 0.183346 0.926873 0.274085 0.139769
