0 0.673519 0.164258 0.222491 0.160315
0 0.676542 0.325668 0.216445 0.162505
0 0.671403 0.491240 0.247279 0.164258
0 0.676542 0.669076 0.234583 0.176522
0 0.681076 0.828734 0.231560 0.134910
0 0.457678 0.170828 0.200726 0.160315
0 0.453144 0.333771 0.236397 0.165572
0 0.445889 0.496496 0.218259 0.168638
0 0.455260 0.658344 0.234583 0.150679
0 0.448005 0.819755 0.230955 0.167762
0 0.226723 0.165353 0.228537 0.162505
0 0.225212 0.333771 0.240024 0.180464
0 0.225212 0.493211 0.204958 0.145423
0 0.237304 0.648708 0.237606 0.156811
0 0.232769 0.819317 0.234583 0.177398
