0 0.765761 0.808386 0.024264 0.023372
0 0.660411 0.587902 0.026338 0.018560
0 0.902115 0.853927 0.029034 0.021997
0 0.210805 0.542533 0.025508 0.020278
0 0.684260 0.365613 0.024679 0.022856
0 0.901597 0.831844 0.025508 0.020794
0 0.449813 0.272641 0.026130 0.025606
0 0.901389 0.713954 0.024264 0.022856
0 0.872667 0.831758 0.027789 0.023372
0 0.712049 0.429885 0.024264 0.020450
0 0.421298 0.431775 0.026338 0.024231
0 0.871837 0.672452 0.026130 0.024059
0 0.712878 0.545884 0.026752 0.022856
0 0.714434 0.789139 0.024886 0.022684
0 0.870593 0.410208 0.024886 0.023372
0 0.818644 0.651401 0.025923 0.021481
0 0.451161 0.094948 0.027997 0.022856
0 0.450436 0.433408 0.025301 0.024059
0 0.871526 0.365527 0.025923 0.024403
0 0.740357 0.588675 0.024471 0.022856
0 0.658129 0.384946 0.025093 0.023372
0 0.422750 0.786132 0.024264 0.025949
0 0.792513 0.407974 0.027582 0.022341
0 0.238801 0.608782 0.025508 0.024918
0 0.926586 0.144527 0.028619 0.021997
0 0.131481 0.346881 0.025301 0.023200
0 0.451680 0.166266 0.024886 0.024575
0 0.739942 0.671765 0.023642 0.023372
0 0.764932 0.096752 0.025508 0.022684
0 0.793654 0.715587 0.025715 0.024403
0 0.791580 0.096065 0.026960 0.021310
0 0.576939 0.024661 0.025715 0.025949
0 0.211530 0.209057 0.023642 0.022856
0 0.131066 0.542447 0.024471 0.021138
0 0.659374 0.296357 0.025508 0.022856
0 0.313978 0.408404 0.027375 0.020450
0 0.423476 0.208111 0.023642 0.025434
0 0.421713 0.454374 0.026338 0.023028
0 0.900664 0.122530 0.026545 0.027152
0 0.844152 0.321017 0.026338 0.021653
0 0.499378 0.073294 0.021983 0.023544
0 0.212256 0.610672 0.024264 0.021138
0 0.288055 0.389844 0.024056 0.020107
0 0.185297 0.715845 0.025923 0.022856
0 0.238801 0.631552 0.025093 0.021997
0 0.210286 0.520450 0.024471 0.023544
0 0.900353 0.629404 0.030485 0.022169
0 0.630236 0.072693 0.026130 0.024403
0 0.288884 0.141433 0.023642 0.023372
0 0.478225 0.670476 0.024886 0.022512
0 0.659581 0.116944 0.028826 0.025606
0 0.449606 0.409778 0.025301 0.023887
0 0.608046 0.364925 0.026130 0.024575
0 0.452198 0.587472 0.027582 0.023544
0 0.712671 0.874893 0.025093 0.023715
0 0.131481 0.321791 0.025301 0.024575
0 0.291684 0.715157 0.026752 0.021138
0 0.523434 0.092456 0.024056 0.023715
0 0.740149 0.120124 0.028619 0.025778
0 0.790854 0.118663 0.027167 0.026637
0 0.766591 0.208885 0.023434 0.021825
0 0.712878 0.275305 0.027167 0.024403
0 0.131481 0.692559 0.025301 0.019247
0 0.523227 0.161712 0.026130 0.023028
0 0.183119 0.542189 0.025715 0.022684
0 0.524575 0.432720 0.025093 0.024403
0 0.765761 0.408232 0.025508 0.021481
0 0.713604 0.631208 0.026960 0.020966
0 0.792825 0.629232 0.024056 0.022169
0 0.397345 0.297044 0.027375 0.023887
0 0.657818 0.363121 0.025715 0.019591
0 0.818022 0.387352 0.026752 0.020278
0 0.261925 0.211806 0.024056 0.022856
0 0.714226 0.365269 0.028204 0.021825
0 0.261302 0.433150 0.026130 0.020794
0 0.685608 0.272813 0.026130 0.024231
0 0.477292 0.184654 0.023019 0.023544
0 0.263998 0.714728 0.025715 0.021997
0 0.658855 0.543478 0.026545 0.023200
0 0.212360 0.631122 0.026545 0.019763
0 0.925861 0.545283 0.026338 0.022341
0 0.182808 0.520107 0.026338 0.022169
0 0.659788 0.807871 0.022605 0.022341
0 0.131792 0.564874 0.025508 0.021653
0 0.314496 0.430572 0.028826 0.021825
0 0.955413 0.389328 0.027375 0.022856
0 0.451161 0.565647 0.030071 0.020794
0 0.768353 0.606977 0.022397 0.017529
0 0.793239 0.606805 0.026960 0.022684
0 0.211012 0.565475 0.025508 0.025949
0 0.818022 0.565905 0.025508 0.024059
0 0.315429 0.565303 0.029863 0.020794
0 0.523331 0.139285 0.024264 0.021825
0 0.395064 0.050266 0.023227 0.023887
0 0.844359 0.388984 0.023849 0.020450
0 0.368934 0.454803 0.025301 0.024231
0 0.684571 0.856161 0.027789 0.022684
0 0.343219 0.228648 0.029448 0.023544
0 0.927623 0.787077 0.025301 0.024403
0 0.397449 0.714814 0.025508 0.022169
0 0.140813 0.858137 0.025301 0.020450
0 0.633555 0.652689 0.025301 0.023028
0 0.577769 0.432892 0.026545 0.023372
0 0.212360 0.589448 0.025715 0.023372
0 0.477914 0.808386 0.022190 0.020622
0 0.713708 0.408661 0.026752 0.022341
0 0.872874 0.212751 0.028204 0.024403
0 0.711842 0.609727 0.026338 0.023372
0 0.524886 0.455491 0.024471 0.019075
0 0.422231 0.365613 0.026960 0.022856
0 0.633451 0.296615 0.026338 0.022341
0 0.184260 0.364238 0.024679 0.021825
0 0.740046 0.808386 0.021775 0.021653
0 0.714330 0.695308 0.024264 0.021653
0 0.396412 0.118233 0.025923 0.024059
0 0.711427 0.023801 0.027582 0.023887
0 0.450124 0.456436 0.026752 0.020966
0 0.551224 0.233631 0.026130 0.021481
0 0.660411 0.650971 0.024679 0.018216
0 0.316259 0.294810 0.026960 0.024231
0 0.900249 0.408318 0.027375 0.021653
0 0.606802 0.651315 0.025715 0.023715
0 0.476358 0.435298 0.024471 0.024403
0 0.238490 0.671679 0.023642 0.020450
0 0.290232 0.693160 0.026338 0.023544
0 0.713501 0.651143 0.026338 0.020278
0 0.369867 0.070803 0.025923 0.023028
0 0.211530 0.785358 0.024886 0.024059
0 0.685297 0.297302 0.027582 0.024403
0 0.843633 0.140918 0.026130 0.023028
0 0.712878 0.141863 0.025508 0.023200
0 0.870800 0.300825 0.025301 0.019419
0 0.897242 0.053274 0.024679 0.022684
0 0.845396 0.650112 0.025508 0.018560
0 0.898901 0.896288 0.028826 0.020450
0 0.927105 0.409864 0.025093 0.024059
0 0.182601 0.388211 0.025508 0.026121
0 0.343115 0.317151 0.024264 0.022512
0 0.871630 0.876267 0.026545 0.019935
0 0.872148 0.388555 0.027997 0.020622
0 0.395894 0.366902 0.026545 0.022341
0 0.381895 0.970699 0.025508 0.022169
0 0.212049 0.365699 0.025508 0.021653
0 0.713190 0.230882 0.025715 0.019419
0 0.872045 0.451968 0.026130 0.024747
0 0.090834 0.971215 0.026545 0.021825
0 0.477292 0.390617 0.026752 0.025434
0 0.845292 0.208283 0.026130 0.023372
0 0.345085 0.807012 0.026130 0.019591
0 0.524160 0.210174 0.023434 0.024403
0 0.632207 0.808472 0.023849 0.026637
0 0.579739 0.544166 0.025508 0.022169
0 0.632829 0.475769 0.024679 0.023544
0 0.449813 0.477402 0.027375 0.022684
0 0.550290 0.320931 0.025923 0.023544
0 0.872874 0.098900 0.026545 0.022512
0 0.741601 0.695480 0.027789 0.024747
0 0.185608 0.294638 0.024886 0.023544
0 0.182601 0.564874 0.025923 0.021997
0 0.342700 0.162485 0.026338 0.019763
0 0.766280 0.564874 0.023642 0.022341
0 0.452095 0.762588 0.027789 0.022512
0 0.712567 0.206994 0.024886 0.025262
0 0.343530 0.293779 0.024264 0.021138
0 0.713086 0.319471 0.027997 0.020966
0 0.262028 0.476027 0.027167 0.021997
0 0.711634 0.521310 0.026752 0.022512
0 0.900145 0.875580 0.027167 0.017529
0 0.577976 0.117460 0.026960 0.022169
0 0.768872 0.670992 0.023849 0.021481
0 0.872460 0.762932 0.026545 0.022512
0 0.369660 0.342155 0.023434 0.025434
0 0.899938 0.672452 0.024679 0.022341
0 0.185919 0.693676 0.024264 0.021138
0 0.683015 0.319814 0.026338 0.020622
0 0.603277 0.023973 0.024886 0.027324
0 0.477706 0.274360 0.027167 0.025606
0 0.766902 0.762158 0.026130 0.019247
0 0.632829 0.608696 0.024679 0.022684
0 0.395686 0.186974 0.026130 0.022341
0 0.422543 0.831242 0.025508 0.025090
0 0.273953 0.971215 0.024471 0.022169
0 0.315844 0.542705 0.029448 0.021997
0 0.395583 0.389586 0.026338 0.023028
0 0.486002 0.969496 0.020946 0.022512
0 0.926379 0.299020 0.026545 0.024747
0 0.685193 0.628888 0.026130 0.019419
0 0.169432 0.902475 0.026545 0.021825
0 0.371112 0.226413 0.027997 0.026293
0 0.550290 0.296013 0.024264 0.024575
0 0.055060 0.434095 0.027997 0.025090
0 0.370178 0.650284 0.026960 0.023028
0 0.790854 0.183021 0.027167 0.023028
0 0.551327 0.476714 0.027582 0.025434
0 0.480195 0.714212 0.027582 0.021653
0 0.577769 0.273329 0.028619 0.024231
0 0.090108 0.947929 0.022605 0.023028
0 0.606387 0.787592 0.025715 0.018560
0 0.578391 0.476714 0.026960 0.020966
0 0.395998 0.607063 0.026752 0.019419
0 0.213086 0.672280 0.026338 0.023372
0 0.451783 0.047775 0.027167 0.020278
0 0.818436 0.320502 0.025093 0.020622
0 0.451680 0.344217 0.026960 0.020966
0 0.343011 0.387094 0.023227 0.025606
0 0.659063 0.407888 0.026545 0.021138
0 0.437370 0.946383 0.029034 0.022684
0 0.552675 0.609297 0.023642 0.022512
0 0.297802 0.882282 0.025715 0.022341
0 0.792721 0.298247 0.025508 0.021825
0 0.236209 0.408833 0.024056 0.021997
0 0.130962 0.296786 0.025508 0.024747
0 0.478328 0.692043 0.024679 0.019591
0 0.897138 0.027324 0.024886 0.028527
0 0.222625 0.903592 0.025508 0.024059
0 0.341248 0.454288 0.024679 0.023200
0 0.631066 0.046743 0.024471 0.025090
0 0.452509 0.141519 0.025715 0.024575
0 0.343737 0.673312 0.025923 0.020966
0 0.287433 0.453944 0.026545 0.023200
0 0.291373 0.671078 0.024886 0.021997
0 0.844567 0.608352 0.026752 0.021310
0 0.238075 0.188864 0.023642 0.024747
0 0.315222 0.160766 0.023642 0.024575
0 0.740979 0.833047 0.024056 0.023544
0 0.606802 0.411669 0.026545 0.023544
0 0.342078 0.116429 0.026338 0.020450
0 0.816466 0.544509 0.024886 0.018732
0 0.816466 0.521997 0.026545 0.024918
0 0.314496 0.386578 0.025508 0.023544
0 0.633866 0.430572 0.025508 0.022856
0 0.741808 0.566420 0.026130 0.021653
0 0.763791 0.025692 0.024886 0.024231
0 0.129096 0.520450 0.027582 0.021825
0 0.871630 0.075185 0.024056 0.025606
0 0.659788 0.162399 0.027167 0.024059
0 0.742949 0.609469 0.026752 0.018044
0 0.926690 0.322478 0.025923 0.020794
0 0.739423 0.544338 0.024679 0.022169
0 0.328080 0.904623 0.024471 0.021997
0 0.081709 0.606977 0.024471 0.019935
0 0.315015 0.137996 0.025715 0.022341
0 0.871734 0.854700 0.025508 0.022169
0 0.768250 0.627857 0.022190 0.023200
0 0.899212 0.586871 0.026130 0.020622
0 0.476566 0.519591 0.022812 0.020107
0 0.395998 0.628458 0.026338 0.021310
0 0.741083 0.226070 0.027167 0.023544
0 0.606076 0.542705 0.025923 0.021653
0 0.421195 0.046829 0.022812 0.021825
0 0.314600 0.208971 0.026130 0.021997
0 0.451369 0.670992 0.025093 0.021481
0 0.712360 0.568311 0.025715 0.020966
0 0.927001 0.099845 0.025301 0.025778
0 0.423476 0.298075 0.026960 0.021138
0 0.819888 0.429455 0.024264 0.023028
0 0.686541 0.695566 0.028411 0.024575
0 0.792099 0.451968 0.028411 0.023028
0 0.478743 0.606548 0.024264 0.022512
0 0.185400 0.320072 0.025715 0.021481
0 0.327872 0.927995 0.024471 0.023715
0 0.714123 0.342069 0.027167 0.024918
0 0.658752 0.094260 0.026338 0.021138
0 0.681460 0.024489 0.026130 0.023544
0 0.604314 0.050352 0.025301 0.025090
0 0.261095 0.520880 0.025301 0.024403
0 0.819577 0.673226 0.026960 0.021481
0 0.684985 0.650284 0.024886 0.022341
0 0.818955 0.628029 0.022397 0.023887
0 0.477706 0.048032 0.025093 0.022856
0 0.766383 0.784499 0.025508 0.023028
0 0.606387 0.452225 0.024056 0.021138
0 0.343115 0.650627 0.024679 0.024059
0 0.790854 0.205534 0.028411 0.023028
0 0.844981 0.564874 0.023849 0.023372
0 0.659166 0.430229 0.025093 0.023200
0 0.408233 0.924901 0.027167 0.021310
0 0.437474 0.925331 0.028826 0.019075
0 0.423268 0.715157 0.024471 0.023200
0 0.369556 0.585668 0.023642 0.021653
0 0.792825 0.275992 0.024471 0.022341
0 0.604832 0.764822 0.025093 0.024231
0 0.451058 0.519935 0.026130 0.021138
0 0.657818 0.854013 0.025301 0.023544
0 0.792513 0.692645 0.023849 0.021825
0 0.421298 0.388039 0.026338 0.023715
0 0.235794 0.432205 0.022812 0.022684
0 0.658959 0.567194 0.024264 0.021481
0 0.579220 0.410380 0.026130 0.023028
0 0.237350 0.543392 0.023019 0.019591
0 0.554023 0.629747 0.025923 0.018732
0 0.766798 0.587300 0.025093 0.019419
0 0.873704 0.714298 0.030278 0.022169
0 0.739112 0.407802 0.025715 0.025434
0 0.872460 0.189036 0.024886 0.022341
0 0.817192 0.831500 0.025093 0.023200
0 0.422646 0.342241 0.026545 0.023544
0 0.711530 0.073294 0.026960 0.021481
0 0.791269 0.565905 0.021775 0.022341
0 0.184985 0.473621 0.026130 0.023372
0 0.316259 0.319213 0.024886 0.023887
0 0.870489 0.521653 0.022190 0.021481
0 0.712256 0.297130 0.025093 0.021997
0 0.740771 0.366128 0.023642 0.021825
0 0.768250 0.694106 0.022605 0.020966
0 0.287744 0.273587 0.025923 0.024747
0 0.768664 0.650541 0.023849 0.017357
0 0.793550 0.320588 0.023019 0.022512
0 0.658440 0.341983 0.026130 0.023028
0 0.436748 0.903592 0.026960 0.022684
0 0.846018 0.629318 0.025093 0.021997
0 0.396205 0.585324 0.025508 0.020966
0 0.344152 0.607235 0.020531 0.016326
0 0.632829 0.387524 0.024679 0.019935
0 0.523434 0.808386 0.026960 0.023028
0 0.476462 0.299020 0.025093 0.021653
0 0.342908 0.628373 0.025508 0.020794
0 0.234965 0.521224 0.021153 0.024059
0 0.422646 0.163086 0.024056 0.020966
0 0.500104 0.477659 0.021360 0.022512
0 0.369038 0.606805 0.025508 0.020966
0 0.462982 0.969668 0.024264 0.020107
0 0.158648 0.628630 0.026130 0.023715
0 0.477084 0.412786 0.025093 0.019591
0 0.927209 0.609555 0.025301 0.024059
0 0.106491 0.606891 0.025923 0.021138
0 0.396620 0.808043 0.023434 0.024059
0 0.552157 0.832531 0.027582 0.024918
0 0.818022 0.762416 0.025923 0.022512
0 0.633243 0.364839 0.024264 0.025778
0 0.713915 0.810277 0.025923 0.019247
0 0.452406 0.629833 0.025508 0.023372
0 0.248652 0.926792 0.024471 0.020966
0 0.741394 0.630349 0.026960 0.023715
0 0.712464 0.120382 0.023019 0.021138
0 0.132103 0.586527 0.026545 0.016841
0 0.184985 0.343100 0.024886 0.018732
0 0.396412 0.342928 0.023849 0.025949
0 0.580257 0.627599 0.027375 0.025090
0 0.899834 0.429713 0.028204 0.022856
0 0.580983 0.388125 0.028826 0.023200
0 0.263169 0.630693 0.024471 0.026465
0 0.766176 0.120210 0.020946 0.022512
0 0.659477 0.186716 0.026545 0.023200
0 0.577561 0.140230 0.024056 0.023715
0 0.741497 0.651487 0.024264 0.016841
0 0.300912 0.948960 0.025715 0.023028
0 0.817192 0.365441 0.024264 0.022169
0 0.185297 0.629490 0.024264 0.023372
0 0.116134 0.902990 0.026960 0.022169
0 0.549564 0.763190 0.026960 0.026121
0 0.927831 0.387008 0.026545 0.022341
0 0.765243 0.051641 0.026130 0.019763
0 0.371215 0.672195 0.025715 0.021138
0 0.685089 0.784757 0.024264 0.016326
0 0.605869 0.586441 0.025093 0.023200
0 0.897449 0.367245 0.027582 0.020622
0 0.117379 0.949476 0.025301 0.020966
0 0.169639 0.945867 0.025301 0.021653
0 0.954376 0.810449 0.024886 0.024059
0 0.926172 0.075786 0.027375 0.023715
0 0.525301 0.387094 0.025301 0.021138
0 0.871215 0.787249 0.026130 0.019935
0 0.318125 0.670304 0.022397 0.018732
0 0.577976 0.297388 0.026130 0.021481
0 0.657922 0.475683 0.023019 0.022341
0 0.899108 0.300137 0.025923 0.022856
0 0.154915 0.520278 0.022812 0.024575
0 0.369453 0.139801 0.027582 0.026981
0 0.792721 0.762330 0.020946 0.022684
0 0.367897 0.387094 0.023642 0.021825
0 0.422024 0.273844 0.025301 0.025262
0 0.631999 0.694106 0.025093 0.023028
0 0.714330 0.386664 0.025508 0.019591
0 0.523953 0.569342 0.024264 0.020966
0 0.368519 0.521481 0.022812 0.024575
0 0.578494 0.231397 0.027997 0.021481
0 0.423372 0.564100 0.020531 0.021138
0 0.686748 0.673054 0.025923 0.022856
0 0.642990 0.947757 0.026338 0.022341
0 0.340523 0.475253 0.026545 0.020450
0 0.370282 0.543822 0.026338 0.018732
0 0.710286 0.097268 0.024471 0.024403
0 0.766902 0.898694 0.023642 0.022856
0 0.844463 0.232256 0.025715 0.021138
0 0.237868 0.296529 0.026130 0.023544
0 0.927001 0.810792 0.024886 0.024059
0 0.740046 0.453428 0.025093 0.023200
0 0.395894 0.785874 0.024886 0.021997
0 0.326835 0.881681 0.026130 0.023887
0 0.817296 0.158275 0.022812 0.022684
0 0.790958 0.898522 0.023227 0.025606
0 0.105558 0.672109 0.023642 0.024403
0 0.132310 0.629576 0.024056 0.025262
0 0.524264 0.233288 0.026545 0.020450
0 0.872563 0.808300 0.027167 0.024918
0 0.451783 0.189809 0.028411 0.023200
0 0.451783 0.072177 0.024679 0.021310
0 0.925031 0.053188 0.027582 0.021138
0 0.452406 0.829438 0.024264 0.025262
0 0.579220 0.454631 0.028204 0.022169
0 0.478328 0.208541 0.025923 0.022512
0 0.273331 0.947843 0.023227 0.023544
0 0.791684 0.545283 0.023849 0.018216
0 0.607735 0.230452 0.026338 0.028184
0 0.316363 0.342585 0.027167 0.023544
0 0.606698 0.808644 0.025093 0.022169
0 0.262650 0.188434 0.023434 0.025262
0 0.682808 0.831500 0.025508 0.026981
0 0.631999 0.117202 0.025508 0.023372
0 0.549876 0.072693 0.026752 0.018216
0 0.871008 0.898264 0.024471 0.022684
0 0.477706 0.543650 0.024264 0.027324
0 0.525093 0.273243 0.022397 0.022684
0 0.631999 0.160251 0.027167 0.022856
0 0.524990 0.297044 0.024679 0.022169
0 0.423061 0.069342 0.027789 0.023544
0 0.790543 0.160079 0.024886 0.023544
0 0.421091 0.474910 0.025093 0.021138
0 0.288055 0.431260 0.026960 0.023887
0 0.844255 0.343186 0.024471 0.024403
0 0.606076 0.095291 0.026338 0.024231
0 0.157818 0.476456 0.024056 0.022169
0 0.451576 0.650627 0.024264 0.017529
0 0.368727 0.475253 0.024886 0.018732
0 0.287329 0.544939 0.024679 0.025090
0 0.550912 0.409177 0.025923 0.023715
0 0.578805 0.694965 0.026130 0.021997
0 0.451161 0.715243 0.025923 0.020966
0 0.818851 0.229335 0.023849 0.023887
0 0.550601 0.210431 0.024886 0.022512
0 0.248548 0.948187 0.023849 0.021481
0 0.766176 0.875924 0.023849 0.021310
0 0.684778 0.386836 0.025301 0.020622
0 0.740771 0.319900 0.027375 0.019763
0 0.289506 0.648651 0.024471 0.021138
0 0.273434 0.925073 0.025923 0.021653
0 0.579324 0.565217 0.023434 0.021997
0 0.237661 0.565303 0.026545 0.021138
0 0.765968 0.831930 0.025093 0.024059
0 0.686541 0.232514 0.024264 0.023028
0 0.158855 0.585496 0.024056 0.020966
0 0.114994 0.880821 0.024264 0.021138
0 0.212671 0.651487 0.025508 0.020622
0 0.316363 0.648049 0.023849 0.023028
0 0.845396 0.786046 0.025508 0.024059
0 0.632829 0.585839 0.026752 0.021310
0 0.668913 0.971559 0.025923 0.024231
0 0.080465 0.344561 0.025301 0.020966
0 0.156470 0.433752 0.025923 0.023028
0 0.501555 0.520794 0.020946 0.021138
0 0.317710 0.691270 0.024056 0.021825
0 0.313355 0.452397 0.026960 0.023544
0 0.236935 0.387266 0.025508 0.019419
0 0.451887 0.608868 0.025301 0.018904
0 0.816777 0.587988 0.022190 0.018044
0 0.607943 0.432549 0.024264 0.017872
0 0.287847 0.567967 0.026545 0.019935
0 0.577665 0.050438 0.027997 0.021481
0 0.739527 0.072435 0.026545 0.020107
0 0.131377 0.607493 0.021775 0.020966
0 0.273331 0.903420 0.026130 0.018904
0 0.079946 0.409864 0.024679 0.020966
0 0.952924 0.629576 0.023642 0.023544
0 0.549668 0.787077 0.024679 0.019247
0 0.954583 0.521395 0.025301 0.023372
0 0.900664 0.763619 0.026960 0.022512
0 0.524471 0.590394 0.024471 0.021481
0 0.080465 0.651229 0.023642 0.022512
0 0.212982 0.694363 0.024471 0.018732
0 0.450850 0.321619 0.025301 0.023200
0 0.925861 0.028871 0.026752 0.026121
0 0.768872 0.715243 0.025508 0.022341
0 0.288158 0.321447 0.022605 0.024918
0 0.580879 0.341296 0.027789 0.018904
0 0.549979 0.272555 0.025301 0.021310
0 0.249482 0.971902 0.024471 0.022512
0 0.739631 0.521052 0.027167 0.025778
0 0.630444 0.022255 0.025715 0.021481
0 0.105454 0.343788 0.023434 0.023544
0 0.608254 0.341124 0.025715 0.021653
0 0.686333 0.142292 0.024679 0.024059
0 0.238387 0.783812 0.024264 0.018560
0 0.551949 0.521567 0.027582 0.024747
0 0.301327 0.971387 0.024471 0.022512
0 0.872356 0.592456 0.023849 0.018732
0 0.354728 0.903506 0.024264 0.019075
0 0.844359 0.522427 0.022605 0.024403
0 0.262132 0.409435 0.024471 0.024575
0 0.740357 0.160681 0.025301 0.021997
0 0.142783 0.905052 0.022605 0.026637
0 0.342493 0.184310 0.025508 0.021825
0 0.477914 0.117546 0.024679 0.018560
0 0.314600 0.474051 0.023227 0.020107
0 0.766694 0.543736 0.022397 0.018904
0 0.952924 0.547001 0.024056 0.021310
0 0.342285 0.544166 0.022190 0.025262
0 0.632725 0.541846 0.024471 0.019935
0 0.424927 0.232085 0.026960 0.022512
0 0.077250 0.542533 0.024679 0.023372
0 0.212878 0.232600 0.027582 0.022512
0 0.843426 0.096494 0.026130 0.022512
0 0.371319 0.692903 0.027167 0.020278
0 0.246474 0.883227 0.023849 0.021138
0 0.927001 0.344905 0.026545 0.021653
0 0.186437 0.651658 0.024471 0.020278
0 0.394650 0.431517 0.024886 0.018560
0 0.553194 0.586441 0.025508 0.023544
0 0.870904 0.571146 0.023849 0.025262
0 0.500207 0.049837 0.020324 0.019935
0 0.844670 0.810019 0.026960 0.021481
0 0.355247 0.925760 0.024471 0.021653
0 0.397553 0.671163 0.026960 0.020450
0 0.578391 0.161712 0.024056 0.020278
0 0.396723 0.162915 0.024056 0.023715
0 0.477603 0.649596 0.025301 0.018216
0 0.423787 0.143238 0.024679 0.020107
0 0.871526 0.277024 0.025923 0.027840
0 0.605973 0.564272 0.022812 0.019763
0 0.818125 0.785960 0.024471 0.018732
0 0.159374 0.694535 0.026338 0.019763
0 0.476151 0.366816 0.026960 0.021481
0 0.369453 0.165406 0.024679 0.022856
0 0.844359 0.586441 0.024679 0.020107
0 0.632932 0.139457 0.027789 0.021138
0 0.685193 0.543135 0.023227 0.024231
0 0.712464 0.588675 0.020946 0.017013
0 0.343530 0.714814 0.026338 0.020450
0 0.632414 0.271782 0.025093 0.022856
0 0.553505 0.650627 0.026130 0.021997
0 0.605247 0.072865 0.020531 0.019935
0 0.477603 0.831157 0.021153 0.022169
0 0.740668 0.763705 0.025093 0.021997
0 0.343219 0.340522 0.024886 0.021481
0 0.552572 0.671249 0.025093 0.020278
0 0.103380 0.519505 0.022190 0.017872
0 0.184156 0.410981 0.024471 0.018044
0 0.929075 0.855903 0.026960 0.019075
0 0.741394 0.386922 0.024886 0.016670
0 0.396516 0.543822 0.023642 0.021825
0 0.659477 0.831071 0.022397 0.021653
0 0.522294 0.784929 0.022605 0.023887
0 0.927934 0.833648 0.022190 0.023372
0 0.606076 0.162485 0.022605 0.023544
0 0.286914 0.298075 0.025508 0.022856
0 0.953235 0.411411 0.024264 0.019247
0 0.262132 0.545626 0.023642 0.023715
0 0.342182 0.095377 0.023642 0.021310
0 0.768146 0.141949 0.022812 0.020966
0 0.184260 0.785788 0.022190 0.024575
0 0.287433 0.228648 0.023642 0.024575
0 0.712464 0.764822 0.022190 0.023544
0 0.501452 0.344389 0.021983 0.022341
0 0.578494 0.094690 0.025093 0.024059
0 0.632725 0.453342 0.024471 0.020966
0 0.926068 0.714985 0.025508 0.023887
0 0.316881 0.807871 0.023227 0.025434
0 0.765450 0.385204 0.021983 0.021481
0 0.740564 0.203300 0.026545 0.022684
0 0.926898 0.123475 0.025923 0.022856
0 0.632518 0.319471 0.024471 0.018560
0 0.132829 0.713439 0.025093 0.022856
0 0.608046 0.673483 0.026130 0.021310
0 0.158026 0.345850 0.024886 0.021138
0 0.898279 0.343959 0.026752 0.025606
0 0.394857 0.412184 0.028204 0.020107
0 0.900456 0.651229 0.025715 0.021138
0 0.238283 0.762588 0.023642 0.019419
0 0.816881 0.808816 0.025301 0.022856
0 0.316155 0.783726 0.025093 0.021825
0 0.900456 0.808472 0.023642 0.023200
0 0.342596 0.411497 0.025715 0.022169
0 0.900249 0.096408 0.023227 0.024403
0 0.900145 0.475511 0.026752 0.023372
0 0.158752 0.650971 0.022605 0.022341
0 0.476669 0.456522 0.025093 0.019419
0 0.899419 0.945094 0.025715 0.022856
0 0.710597 0.049837 0.025508 0.021310
0 0.354210 0.882110 0.026545 0.023715
0 0.552675 0.363980 0.026545 0.019247
0 0.315948 0.761557 0.027582 0.019075
0 0.953754 0.717048 0.026545 0.019075
0 0.685400 0.428940 0.026545 0.024747
0 0.370075 0.317924 0.023849 0.023028
0 0.816259 0.119007 0.026545 0.022856
0 0.845603 0.831414 0.025093 0.018904
0 0.478743 0.230538 0.025923 0.023544
0 0.739216 0.430057 0.023849 0.022169
0 0.423683 0.119694 0.024056 0.025949
0 0.062837 0.967950 0.023642 0.021138
0 0.452198 0.692387 0.023849 0.023372
0 0.686230 0.476199 0.025301 0.022684
0 0.739942 0.876869 0.024471 0.019419
0 0.606491 0.474308 0.024264 0.023372
0 0.342078 0.138770 0.025093 0.024918
0 0.633762 0.407974 0.023642 0.019591
0 0.371423 0.294982 0.023642 0.019763
0 0.659477 0.452999 0.024471 0.020966
0 0.951680 0.942086 0.025301 0.021310
0 0.168706 0.880220 0.024679 0.021310
0 0.369867 0.627857 0.023849 0.021481
0 0.843633 0.051126 0.025715 0.023200
0 0.871526 0.943805 0.025923 0.023372
0 0.578805 0.521395 0.021983 0.023372
0 0.766798 0.300481 0.021360 0.022856
0 0.369556 0.563413 0.024471 0.021481
0 0.233928 0.475597 0.021983 0.021138
0 0.630962 0.096666 0.025508 0.019075
0 0.142679 0.929627 0.025301 0.022169
0 0.577457 0.763275 0.024264 0.023544
0 0.449917 0.387352 0.025093 0.020622
0 0.316985 0.585668 0.026338 0.018216
0 0.451369 0.542705 0.025923 0.022341
0 0.370282 0.272126 0.025508 0.020107
0 0.550083 0.050180 0.026752 0.020966
0 0.289299 0.476113 0.024056 0.019419
0 0.578909 0.672452 0.025508 0.021310
0 0.476981 0.476542 0.024886 0.019591
0 0.846122 0.920175 0.025301 0.024575
0 0.142576 0.951366 0.024264 0.020966
0 0.738594 0.048634 0.024679 0.023715
0 0.341352 0.205877 0.028204 0.022684
0 0.195147 0.858223 0.023642 0.020278
0 0.288366 0.587300 0.022605 0.019419
0 0.142679 0.972848 0.023227 0.020622
0 0.633036 0.186286 0.025923 0.028527
0 0.925238 0.521739 0.027167 0.023372
0 0.899005 0.919832 0.023642 0.025949
0 0.452509 0.024575 0.031522 0.025090
0 0.341767 0.520364 0.021153 0.021310
0 0.551120 0.453944 0.026338 0.020107
0 0.288158 0.163001 0.025923 0.021138
0 0.525093 0.651830 0.026545 0.022684
0 0.342596 0.363980 0.023227 0.021310
0 0.633555 0.232342 0.025715 0.020278
0 0.524990 0.408232 0.025508 0.021138
0 0.261406 0.453858 0.024679 0.021653
0 0.871630 0.650026 0.021983 0.017701
0 0.871423 0.609985 0.025301 0.018044
0 0.477395 0.138855 0.026130 0.019591
0 0.157611 0.605602 0.024886 0.018216
0 0.927520 0.431088 0.023849 0.017701
0 0.222833 0.926792 0.023434 0.021997
0 0.477292 0.096838 0.023019 0.019419
0 0.422543 0.607235 0.022190 0.018732
0 0.660825 0.672280 0.025093 0.019247
0 0.953546 0.343616 0.024471 0.022512
0 0.130340 0.369050 0.021360 0.018732
0 0.525093 0.546572 0.021983 0.025949
0 0.156263 0.542275 0.023434 0.016670
0 0.898693 0.607665 0.027167 0.019935
0 0.742016 0.182162 0.026545 0.019591
0 0.105039 0.322048 0.022605 0.018560
0 0.713915 0.453514 0.025093 0.025434
0 0.287225 0.366558 0.020738 0.024403
0 0.394235 0.452655 0.022397 0.024059
0 0.683119 0.047345 0.022812 0.022512
0 0.105247 0.586355 0.023019 0.017529
0 0.369349 0.365784 0.022812 0.020794
0 0.954687 0.694106 0.028411 0.023372
0 0.605350 0.695308 0.026960 0.020622
0 0.927416 0.692559 0.026130 0.024403
0 0.396620 0.319900 0.024264 0.019075
0 0.685608 0.607493 0.022397 0.019591
0 0.870697 0.342928 0.022605 0.019075
0 0.104728 0.297474 0.023227 0.026465
0 0.524990 0.692903 0.023849 0.019247
0 0.117897 0.970442 0.025923 0.019247
0 0.899005 0.387953 0.025715 0.020794
0 0.953339 0.365956 0.023642 0.023887
0 0.536292 0.946726 0.026960 0.021997
0 0.659063 0.207768 0.027375 0.018560
0 0.501141 0.388469 0.019287 0.022169
0 0.424513 0.672195 0.025301 0.022512
0 0.953961 0.452054 0.027375 0.019763
0 0.500311 0.321103 0.020531 0.019419
0 0.238387 0.586011 0.023019 0.020966
0 0.606595 0.272384 0.026545 0.020622
0 0.658026 0.270665 0.023227 0.023028
0 0.423994 0.651229 0.022190 0.018732
0 0.393924 0.474652 0.022190 0.019591
0 0.552779 0.565647 0.027167 0.017701
0 0.079013 0.368706 0.024886 0.026293
0 0.843944 0.897663 0.026338 0.019763
0 0.550394 0.808129 0.024056 0.022512
0 0.421609 0.410380 0.025301 0.017872
0 0.952509 0.920003 0.024056 0.020450
0 0.212775 0.295240 0.024056 0.022341
0 0.222107 0.880564 0.023642 0.021997
0 0.845292 0.182935 0.028204 0.022856
0 0.687578 0.208455 0.026338 0.024059
0 0.397657 0.650369 0.025093 0.020107
0 0.740046 0.786733 0.023434 0.020622
0 0.953857 0.567451 0.030071 0.022341
0 0.238283 0.232514 0.025301 0.027152
0 0.156056 0.388813 0.022605 0.021138
0 0.605558 0.296271 0.024471 0.022684
0 0.578598 0.585754 0.023227 0.020794
0 0.184571 0.430400 0.027375 0.022169
0 0.262443 0.692903 0.024679 0.022684
0 0.846329 0.693160 0.025301 0.017701
0 0.288262 0.607149 0.024886 0.021310
0 0.816985 0.094518 0.023849 0.024403
0 0.478640 0.762588 0.022812 0.023544
0 0.169017 0.969754 0.026130 0.024403
0 0.210701 0.453686 0.025301 0.021653
0 0.524679 0.671679 0.025715 0.021825
0 0.423268 0.628888 0.023642 0.021138
0 0.197325 0.924729 0.025923 0.023028
0 0.739009 0.023887 0.025093 0.018904
0 0.524990 0.342155 0.023849 0.023028
0 0.397138 0.208283 0.024886 0.019247
0 0.260369 0.272641 0.022605 0.021481
0 0.817399 0.181732 0.023434 0.024918
0 0.870386 0.628974 0.023227 0.020278
0 0.317503 0.714298 0.021983 0.020450
0 0.451680 0.786046 0.024471 0.019935
0 0.634695 0.631122 0.024264 0.020107
0 0.686852 0.584808 0.024471 0.021310
0 0.765554 0.074841 0.024264 0.022169
0 0.844359 0.366300 0.024679 0.020450
0 0.714330 0.672710 0.022605 0.020450
0 0.607943 0.388813 0.023434 0.022856
0 0.342078 0.269462 0.023434 0.023028
0 0.767005 0.364152 0.023434 0.018560
0 0.899834 0.276164 0.025301 0.023372
0 0.791995 0.587386 0.024886 0.018560
0 0.926379 0.165406 0.026545 0.018388
0 0.450436 0.117804 0.025715 0.022169
0 0.580672 0.364066 0.025301 0.023544
0 0.685919 0.406685 0.025093 0.019075
0 0.422439 0.585410 0.020738 0.020794
0 0.792825 0.671078 0.020738 0.017872
0 0.224181 0.947843 0.025301 0.019763
0 0.954272 0.786475 0.021775 0.020794
0 0.843737 0.430916 0.024679 0.024231
0 0.742016 0.342585 0.024886 0.025949
0 0.186022 0.270407 0.025301 0.019419
0 0.522086 0.185169 0.027582 0.024918
0 0.603795 0.853325 0.024264 0.020450
0 0.871734 0.543478 0.024679 0.023200
0 0.156989 0.274016 0.022812 0.023200
0 0.185815 0.672710 0.022812 0.021138
0 0.064289 0.946640 0.025715 0.020794
0 0.077457 0.519935 0.023849 0.019419
0 0.845915 0.762158 0.026130 0.021997
0 0.580361 0.650198 0.024264 0.022512
0 0.369141 0.431088 0.021983 0.023544
0 0.578183 0.319986 0.024886 0.020622
0 0.578287 0.072435 0.024679 0.018388
0 0.262754 0.366816 0.026545 0.020794
0 0.634799 0.830641 0.026130 0.020794
0 0.342700 0.693246 0.022190 0.020622
0 0.817192 0.341554 0.024264 0.023887
0 0.899005 0.321791 0.025715 0.019075
0 0.248341 0.905224 0.024264 0.022169
0 0.210908 0.761471 0.026130 0.022341
0 0.236105 0.342155 0.024264 0.023372
0 0.342700 0.433408 0.024679 0.019935
0 0.790958 0.429713 0.025715 0.021481
0 0.792202 0.074154 0.026545 0.020794
0 0.476981 0.344991 0.025301 0.020450
0 0.578909 0.186286 0.024264 0.026809
0 0.687889 0.185599 0.021983 0.019591
0 0.926483 0.451194 0.022190 0.022169
0 0.051638 0.563585 0.022397 0.022856
0 0.344255 0.784929 0.024056 0.020107
0 0.818022 0.874807 0.027167 0.023200
0 0.263169 0.297474 0.024471 0.022684
0 0.500000 0.140660 0.018250 0.021481
0 0.371112 0.205276 0.025093 0.018044
0 0.686022 0.520021 0.023227 0.019591
0 0.962464 0.024661 0.038158 0.021825
0 0.211012 0.342585 0.025093 0.023200
0 0.263273 0.387781 0.024264 0.019419
0 0.398382 0.693246 0.022397 0.020966
0 0.398382 0.564702 0.025301 0.018904
0 0.451472 0.231311 0.027375 0.020966
0 0.792825 0.227702 0.026130 0.020966
0 0.685919 0.763447 0.024264 0.024575
0 0.317503 0.605345 0.024471 0.023200
0 0.901389 0.451624 0.026338 0.019591
0 0.962049 0.118319 0.032352 0.025949
0 0.792306 0.343530 0.023019 0.020966
0 0.845396 0.671507 0.023019 0.021481
0 0.502800 0.539268 0.020531 0.016841
0 0.954479 0.274102 0.026752 0.023715
0 0.818747 0.694965 0.023642 0.021653
0 0.380859 0.924643 0.023434 0.021825
0 0.436852 0.970012 0.025508 0.021138
0 0.928246 0.877384 0.025715 0.017701
0 0.900975 0.206565 0.026752 0.026121
0 0.818022 0.206221 0.024264 0.022341
0 0.170261 0.924128 0.024056 0.019075
0 0.197947 0.947585 0.025093 0.019935
0 0.105558 0.629232 0.024886 0.021138
0 0.245956 0.859426 0.026545 0.024747
0 0.552468 0.693418 0.025715 0.023715
0 0.606595 0.117976 0.022812 0.023200
0 0.683637 0.341897 0.023019 0.024231
0 0.156159 0.367761 0.024056 0.019591
0 0.660618 0.628544 0.021775 0.022169
0 0.300601 0.926018 0.023019 0.021481
0 0.926275 0.568139 0.025508 0.023372
0 0.288988 0.807012 0.021775 0.020622
0 0.658544 0.318869 0.026338 0.020450
0 0.052779 0.649854 0.024264 0.021825
0 0.523953 0.475597 0.022605 0.020794
0 0.900249 0.785788 0.021983 0.019763
0 0.477084 0.321791 0.023019 0.019419
0 0.264102 0.672796 0.025093 0.019591
0 0.927623 0.365183 0.026960 0.019247
0 0.606180 0.831672 0.022812 0.021481
0 0.209249 0.430400 0.023227 0.021481
0 0.897449 0.521310 0.021775 0.020794
0 0.953131 0.432033 0.024056 0.019935
0 0.550394 0.431775 0.023642 0.019075
0 0.236416 0.365613 0.021568 0.021825
0 0.739216 0.094862 0.023849 0.025090
0 0.235483 0.454116 0.024264 0.020794
0 0.262650 0.607235 0.022605 0.019763
0 0.631999 0.340093 0.023849 0.021997
0 0.314600 0.365183 0.026130 0.019591
0 0.683223 0.091511 0.022605 0.025949
0 0.396516 0.140488 0.026130 0.020450
0 0.078702 0.564186 0.023849 0.019591
0 0.767213 0.229850 0.023019 0.020794
0 0.053194 0.586785 0.021360 0.023544
0 0.898486 0.544252 0.023434 0.023372
0 0.927105 0.652174 0.020531 0.020966
0 0.140398 0.879533 0.022397 0.022684
0 0.953546 0.874463 0.023227 0.018388
0 0.552779 0.343100 0.026752 0.018732
0 0.926483 0.919316 0.024679 0.017701
0 0.607010 0.140746 0.023227 0.021310
0 0.714019 0.164118 0.025301 0.020622
0 0.132932 0.672280 0.025301 0.021997
0 0.790751 0.519505 0.024056 0.029215
0 0.685711 0.118835 0.022605 0.024918
0 0.315015 0.230538 0.024471 0.020450
0 0.687889 0.716532 0.026545 0.018732
0 0.395998 0.072091 0.023434 0.021825
0 0.184882 0.451366 0.023019 0.017701
0 0.395998 0.271954 0.021360 0.020107
0 0.422128 0.762416 0.021775 0.023887
0 0.054438 0.456264 0.025508 0.017185
0 0.547491 0.023973 0.021983 0.024575
0 0.509954 0.945609 0.025715 0.017701
0 0.260991 0.234834 0.022190 0.025262
0 0.953443 0.589105 0.025923 0.023028
0 0.843737 0.074669 0.027167 0.020794
0 0.288262 0.785874 0.024471 0.019935
0 0.510680 0.967692 0.024679 0.026121
0 0.236209 0.320158 0.020738 0.016841
0 0.081501 0.585754 0.025301 0.022169
0 0.408233 0.970699 0.025508 0.022856
0 0.369867 0.186372 0.022605 0.018732
0 0.105247 0.692817 0.023434 0.018388
0 0.739320 0.854700 0.021983 0.019419
0 0.686852 0.163516 0.024471 0.019419
0 0.789818 0.874721 0.021360 0.020966
0 0.524471 0.521224 0.021568 0.026465
0 0.953339 0.833906 0.022397 0.021481
0 0.116031 0.925846 0.023849 0.020107
0 0.210701 0.387266 0.024471 0.022512
0 0.685504 0.806066 0.020946 0.023200
0 0.316363 0.626654 0.025508 0.017357
0 0.499274 0.097869 0.020946 0.020794
0 0.184882 0.586011 0.022605 0.018216
0 0.184778 0.606977 0.023642 0.019591
0 0.525923 0.365183 0.022812 0.021310
0 0.522086 0.761815 0.020946 0.019935
0 0.328494 0.949046 0.021568 0.018044
0 0.740564 0.141347 0.025715 0.015982
0 0.262547 0.585582 0.020738 0.016326
0 0.224596 0.970012 0.024886 0.022169
0 0.238801 0.691528 0.023434 0.019247
0 0.239320 0.652260 0.020324 0.019763
0 0.131170 0.474652 0.025093 0.023372
0 0.159166 0.671593 0.023019 0.022341
0 0.926172 0.185427 0.025301 0.020622
0 0.815740 0.853411 0.025093 0.021310
0 0.422024 0.023544 0.024471 0.021997
0 0.370386 0.713782 0.024886 0.020450
0 0.156885 0.564272 0.021360 0.020107
0 0.370800 0.784499 0.019909 0.018560
0 0.765761 0.342241 0.025923 0.019419
0 0.104936 0.367073 0.024471 0.020278
0 0.550187 0.186630 0.029034 0.021310
0 0.844255 0.163258 0.026130 0.018904
0 0.157507 0.410638 0.023019 0.022169
0 0.658752 0.784757 0.021360 0.022512
0 0.579428 0.605860 0.021983 0.016670
0 0.767316 0.162141 0.021983 0.020107
0 0.713190 0.852380 0.022397 0.021310
0 0.845396 0.543908 0.024264 0.018216
0 0.525404 0.608266 0.025923 0.016670
0 0.953546 0.651572 0.023227 0.019763
0 0.925550 0.474136 0.025301 0.022341
0 0.316155 0.185513 0.024679 0.023544
0 0.262858 0.784585 0.024679 0.020107
0 0.766383 0.185513 0.022190 0.024231
0 0.551535 0.386493 0.023849 0.018216
0 0.237972 0.209916 0.020946 0.017357
0 0.369971 0.095807 0.024471 0.019075
0 0.873496 0.694020 0.021983 0.019075
0 0.355662 0.970442 0.022812 0.020622
0 0.606491 0.608696 0.023434 0.018904
0 0.843944 0.028098 0.027997 0.020794
0 0.684467 0.451280 0.025923 0.018904
0 0.953857 0.319900 0.023434 0.022512
0 0.632518 0.564702 0.024471 0.015810
0 0.632725 0.852466 0.022812 0.019419
0 0.633451 0.671937 0.023849 0.018560
0 0.287536 0.343788 0.022190 0.018044
0 0.396931 0.229765 0.024056 0.022341
0 0.288470 0.184568 0.026130 0.021310
0 0.607943 0.207338 0.030071 0.020450
0 0.550601 0.094002 0.024056 0.023028
0 0.766072 0.321877 0.022812 0.021997
0 0.158129 0.322048 0.022605 0.021653
0 0.451887 0.807613 0.021153 0.017013
0 0.713293 0.831930 0.025093 0.021653
0 0.286603 0.409177 0.024471 0.018560
0 0.792099 0.474480 0.025923 0.021997
0 0.210494 0.319643 0.020324 0.018216
0 0.790751 0.385719 0.022812 0.020450
0 0.105143 0.650541 0.021568 0.019419
0 0.449295 0.364925 0.027997 0.021825
0 0.964330 0.094690 0.036085 0.023028
0 0.080257 0.628974 0.021983 0.021653
0 0.464123 0.925503 0.025715 0.021825
0 0.299046 0.905138 0.023642 0.018904
0 0.766694 0.275219 0.022812 0.025949
0 0.926898 0.631122 0.023019 0.021481
0 0.791477 0.810878 0.024679 0.021481
0 0.952509 0.895944 0.025301 0.023887
0 0.079531 0.474738 0.023849 0.020450
0 0.130859 0.273243 0.023227 0.020966
0 0.287744 0.207166 0.024679 0.021481
0 0.536499 0.925675 0.021153 0.018388
0 0.479262 0.786046 0.021983 0.020622
0 0.551742 0.542705 0.023849 0.020278
0 0.425342 0.692988 0.025301 0.021825
0 0.423165 0.809332 0.022605 0.018044
0 0.578494 0.786819 0.022605 0.017701
0 0.791062 0.364667 0.023019 0.021310
0 0.289195 0.627857 0.021775 0.018388
0 0.792202 0.651057 0.022397 0.017701
0 0.871630 0.920777 0.021983 0.020622
0 0.263791 0.654150 0.024056 0.018044
0 0.422854 0.093573 0.023642 0.026637
0 0.196703 0.969325 0.023019 0.020107
0 0.238801 0.712408 0.023434 0.022169
0 0.081709 0.673226 0.023227 0.021481
0 0.408648 0.947757 0.023434 0.018904
0 0.395479 0.094260 0.024056 0.021825
0 0.130755 0.389672 0.025093 0.019419
0 0.210182 0.408833 0.022190 0.018560
0 0.846122 0.712923 0.023227 0.020107
0 0.262961 0.165149 0.022397 0.019935
0 0.499793 0.454889 0.020738 0.022341
0 0.669639 0.950077 0.026960 0.020794
0 0.658959 0.229249 0.027167 0.026121
0 0.380962 0.946984 0.022397 0.019763
0 0.380962 0.901873 0.022397 0.021653
0 0.328598 0.970442 0.021360 0.022341
0 0.870593 0.049837 0.021983 0.022684
0 0.952509 0.475597 0.026545 0.025262
0 0.817710 0.051297 0.025715 0.022512
0 0.765346 0.451624 0.024679 0.022341
0 0.478017 0.628458 0.020738 0.021310
0 0.476566 0.073208 0.023642 0.023028
0 0.657092 0.022341 0.022190 0.018216
0 0.927520 0.672023 0.021360 0.016326
0 0.079220 0.389758 0.024471 0.020622
0 0.158129 0.456436 0.023019 0.018560
0 0.081813 0.432033 0.025093 0.019935
0 0.791788 0.833047 0.022812 0.022169
0 0.843322 0.118749 0.022605 0.019935
0 0.899316 0.163688 0.025093 0.015638
0 0.659788 0.140230 0.027997 0.022684
0 0.103380 0.565131 0.021360 0.024575
0 0.196392 0.880306 0.021568 0.021481
0 0.659166 0.693590 0.024679 0.014092
0 0.038158 0.970785 0.024056 0.019247
0 0.478951 0.584722 0.022190 0.020450
0 0.817503 0.896632 0.024471 0.018732
0 0.160100 0.714470 0.024471 0.020794
0 0.464019 0.902303 0.023434 0.020450
0 0.927727 0.896546 0.023849 0.018216
0 0.658544 0.521825 0.027167 0.021481
0 0.372356 0.805894 0.023434 0.024231
0 0.129718 0.451194 0.027167 0.024231
0 0.954894 0.297388 0.025923 0.017013
0 0.607113 0.715845 0.026752 0.020794
0 0.132310 0.410122 0.026960 0.021825
0 0.423787 0.184310 0.022190 0.020107
0 0.271775 0.881251 0.022605 0.021653
0 0.080983 0.453772 0.024679 0.022856
0 0.355558 0.947070 0.021775 0.019591
0 0.210286 0.475082 0.023227 0.022169
0 0.872252 0.118921 0.025715 0.016498
0 0.524160 0.116944 0.022605 0.022169
0 0.643405 0.970270 0.024679 0.021997
0 0.196184 0.902475 0.021983 0.019075
0 0.127540 0.429627 0.029863 0.017872
0 0.501866 0.366902 0.022812 0.019591
0 0.765554 0.429197 0.021775 0.022512
0 0.478536 0.565475 0.023849 0.017701
0 0.816985 0.138770 0.023849 0.015638
0 0.660203 0.606548 0.023849 0.017013
0 0.658129 0.044166 0.024264 0.023372
0 0.157507 0.298075 0.024264 0.020107
0 0.524264 0.318955 0.024886 0.023028
0 0.965367 0.075958 0.036499 0.018560
0 0.815844 0.073208 0.023227 0.017872
0 0.464123 0.947070 0.021983 0.020966
0 0.423683 0.320244 0.024471 0.019763
0 0.740564 0.296700 0.026960 0.023544
0 0.845396 0.852896 0.025923 0.018216
0 0.368001 0.410208 0.022190 0.018216
0 0.105247 0.475339 0.025093 0.024403
0 0.817296 0.275563 0.021983 0.022856
0 0.286188 0.519677 0.020738 0.023028
0 0.741705 0.716532 0.026752 0.021825
0 0.499793 0.807527 0.017420 0.021653
0 0.579635 0.715673 0.026545 0.020107
0 0.450228 0.297474 0.021153 0.018560
0 0.869764 0.431689 0.024886 0.016154
0 0.607528 0.320330 0.021775 0.017529
0 0.633036 0.715501 0.024679 0.019419
0 0.054438 0.672710 0.026338 0.020450
0 0.607217 0.630177 0.022397 0.017872
0 0.899938 0.693762 0.023434 0.016498
0 0.818955 0.918027 0.025715 0.019247
0 0.422128 0.543306 0.022190 0.017013
0 0.369245 0.116343 0.024679 0.016498
0 0.220552 0.857622 0.022605 0.018732
0 0.051016 0.541158 0.021983 0.019247
0 0.549979 0.117546 0.022812 0.018904
0 0.658026 0.761901 0.020324 0.021138
0 0.103173 0.541674 0.020531 0.021653
0 0.791269 0.139371 0.023434 0.015123
0 0.396309 0.761815 0.022397 0.021310
0 0.818540 0.607836 0.020324 0.016841
0 0.845915 0.453772 0.021983 0.018044
0 0.132103 0.652604 0.023642 0.018044
0 0.791788 0.788108 0.021983 0.024059
0 0.740668 0.274704 0.024679 0.022856
0 0.315740 0.516755 0.028411 0.026465
0 0.314496 0.117804 0.025508 0.018044
0 0.927623 0.762416 0.022397 0.018732
0 0.715782 0.716876 0.023849 0.021481
0 0.500415 0.207682 0.019909 0.023887
0 0.953650 0.855130 0.023434 0.017872
0 0.963915 0.043306 0.037744 0.017529
0 0.604832 0.521395 0.025093 0.021310
0 0.370075 0.759924 0.022605 0.017872
0 0.500830 0.298763 0.021983 0.024575
0 0.053608 0.410552 0.025093 0.022341
0 0.952820 0.609297 0.023434 0.018044
0 0.792099 0.049321 0.027167 0.025778
0 0.926379 0.940368 0.024056 0.022684
0 0.900145 0.184482 0.023019 0.020450
0 0.899627 0.073724 0.026545 0.017872
0 0.898901 0.145644 0.020531 0.017013
0 0.272397 0.858309 0.022605 0.021138
0 0.500622 0.762330 0.019079 0.020966
0 0.790751 0.853755 0.021568 0.019247
0 0.105662 0.452054 0.023019 0.019075
0 0.522501 0.071404 0.020116 0.017013
0 0.844463 0.875666 0.021153 0.022169
0 0.315429 0.270493 0.025715 0.017872
0 0.184571 0.760440 0.021153 0.021997
0 0.820821 0.453600 0.027375 0.019763
0 0.871941 0.476628 0.023849 0.020450
0 0.899316 0.231655 0.020116 0.021310
0 0.955309 0.145901 0.027167 0.024747
0 0.053297 0.477230 0.025715 0.024059
0 0.343219 0.587214 0.022812 0.019935
0 0.525197 0.628802 0.023849 0.024747
0 0.872771 0.163001 0.025923 0.026293
0 0.262028 0.567795 0.021360 0.017529
0 0.478847 0.024317 0.024886 0.024918
0 0.499689 0.024317 0.020531 0.027668
0 0.549876 0.164375 0.026338 0.020450
0 0.079739 0.321275 0.021775 0.021825
0 0.684052 0.067881 0.022190 0.018904
0 0.053920 0.608953 0.026130 0.017357
0 0.952924 0.672109 0.024056 0.018904
0 0.081398 0.693246 0.020946 0.016841
0 0.898797 0.565475 0.022812 0.018732
0 0.953546 0.762760 0.022397 0.024918
0 0.925446 0.588847 0.022605 0.017357
0 0.499689 0.832188 0.020116 0.026981
0 0.080879 0.712665 0.020738 0.020622
0 0.089900 0.926276 0.024264 0.019591
0 0.821340 0.407458 0.028826 0.018560
0 0.478432 0.161712 0.025715 0.020966
0 0.502074 0.691270 0.017420 0.021138
0 0.407922 0.901701 0.022812 0.018216
0 0.535566 0.968379 0.023434 0.023715
0 0.450850 0.209572 0.027375 0.021481
0 0.551535 0.715243 0.025508 0.019935
0 0.407818 0.881509 0.022605 0.018388
0 0.871008 0.320330 0.026960 0.018904
0 0.694421 0.968551 0.023434 0.024059
0 0.115927 0.858137 0.019909 0.021825
0 0.963293 0.059890 0.037744 0.016326
0 0.819681 0.716618 0.023849 0.018560
0 0.631999 0.520364 0.025508 0.019591
0 0.501970 0.230968 0.019701 0.022684
0 0.632725 0.785960 0.026130 0.019419
0 0.105558 0.712064 0.021568 0.021481
0 0.845915 0.477488 0.027789 0.025949
0 0.105143 0.389844 0.024056 0.024918
0 0.874533 0.235006 0.029863 0.021825
0 0.739009 0.898092 0.023019 0.021310
0 0.550705 0.140660 0.025923 0.022169
0 0.685815 0.565905 0.024056 0.018560
0 0.054853 0.692559 0.022605 0.016154
0 0.869245 0.026121 0.023849 0.017185
0 0.816674 0.027754 0.026545 0.024918
0 0.052364 0.366300 0.026752 0.022512
0 0.419432 0.520278 0.030071 0.020450
0 0.843841 0.298591 0.024471 0.021138
0 0.738387 0.477659 0.027167 0.021825
0 0.054334 0.629060 0.023227 0.018044
0 0.926690 0.273844 0.025508 0.019419
0 0.238179 0.805379 0.025093 0.025262
0 0.818747 0.298591 0.024886 0.021138
0 0.236105 0.272469 0.024264 0.021825
0 0.500622 0.785015 0.017835 0.020278
0 0.523434 0.829954 0.024886 0.017701
0 0.766383 0.521224 0.021775 0.024747
0 0.053505 0.343100 0.026960 0.020107
0 0.501348 0.432033 0.022605 0.023715
0 0.724285 0.969582 0.021775 0.017529
0 0.169535 0.858051 0.023849 0.016154
0 0.342804 0.566248 0.023227 0.016841
0 0.343115 0.761127 0.021775 0.018560
0 0.846537 0.408919 0.022397 0.018732
0 0.028723 0.453944 0.023434 0.020450
0 0.394546 0.521052 0.023849 0.023028
0 0.713086 0.479550 0.026752 0.024575
0 0.508088 0.923784 0.024471 0.023544
0 0.657611 0.071834 0.026130 0.021997
0 0.790751 0.026465 0.024471 0.016154
0 0.050912 0.519161 0.024679 0.021997
0 0.713915 0.184138 0.025923 0.022856
0 0.872874 0.138082 0.026960 0.019763
0 0.659270 0.715845 0.024886 0.017701
0 0.211634 0.714985 0.022605 0.019419
0 0.210908 0.270923 0.019909 0.018388
0 0.372045 0.828751 0.021983 0.018044
0 0.606698 0.185943 0.023434 0.025434
0 0.524782 0.713525 0.022190 0.021997
0 0.683326 0.877041 0.023642 0.019763
0 0.578909 0.209658 0.025923 0.025090
0 0.765865 0.476886 0.022397 0.024059
0 0.289092 0.762760 0.021983 0.023200
0 0.842596 0.274274 0.023227 0.020966
0 0.106491 0.410895 0.024264 0.017185
0 0.501141 0.121241 0.020116 0.015982
0 0.615409 0.946468 0.026338 0.024231
0 0.927312 0.235350 0.030900 0.021825
0 0.501555 0.556711 0.018457 0.018388
0 0.764413 0.854270 0.023642 0.018560
0 0.054334 0.712837 0.026130 0.022684
0 0.818644 0.475597 0.024679 0.016326
0 0.499067 0.185169 0.018872 0.020107
0 0.013065 0.945437 0.023227 0.024231
0 0.550394 0.853755 0.025715 0.018560
0 0.524782 0.053446 0.025093 0.021310
0 0.523745 0.025520 0.025508 0.025262
0 0.588760 0.970785 0.024886 0.022341
0 0.297180 0.859512 0.024886 0.020794
0 0.486002 0.946211 0.017213 0.020278
0 0.522501 0.851349 0.024264 0.023028
0 0.182704 0.231999 0.027789 0.019591
0 0.313667 0.099158 0.027997 0.017529
0 0.499274 0.162571 0.019287 0.022684
0 0.502074 0.671335 0.015761 0.018044
0 0.012547 0.969582 0.024264 0.020622
0 0.263065 0.319986 0.027167 0.019935
0 0.037018 0.946726 0.021775 0.019247
0 0.238387 0.165406 0.023434 0.018044
0 0.502385 0.273243 0.015968 0.017872
0 0.211427 0.806152 0.021360 0.016498
0 0.435504 0.881938 0.027789 0.017185
0 0.950228 0.966059 0.025715 0.024575
0 0.927416 0.209744 0.026130 0.018388
0 0.500518 0.410723 0.020531 0.019591
0 0.344774 0.827634 0.025093 0.016841
0 0.382103 0.881767 0.023434 0.017872
0 0.028826 0.430057 0.021153 0.025262
0 0.261406 0.763018 0.020116 0.016498
0 0.589589 0.924643 0.026130 0.022169
0 0.501866 0.574068 0.018664 0.016326
0 0.029241 0.477402 0.024471 0.025434
0 0.508399 0.901873 0.027582 0.019935
0 0.029552 0.520794 0.018457 0.020107
0 0.501659 0.589792 0.019079 0.019591
0 0.263065 0.145644 0.019287 0.019075
0 0.325902 0.859684 0.025093 0.016670
0 0.630962 0.874721 0.025923 0.022684
0 0.845811 0.940282 0.023434 0.014607
0 0.632725 0.211291 0.022812 0.012889
0 0.503526 0.713095 0.019079 0.022512
0 0.105558 0.430486 0.019909 0.018560
0 0.500933 0.632755 0.017213 0.014779
0 0.484239 0.924300 0.023227 0.022169
0 0.140813 0.836312 0.026545 0.022169
0 0.642472 0.930830 0.024886 0.013233
0 0.053920 0.390273 0.022812 0.016154
0 0.486416 0.900756 0.017628 0.019763
0 0.501866 0.613250 0.016591 0.020450
0 0.396516 0.830211 0.022397 0.020278
0 0.032144 0.609211 0.015346 0.016841
0 0.160825 0.761471 0.021360 0.018560
0 0.791684 0.921378 0.024264 0.017701
0 0.260473 0.343616 0.022397 0.020107
0 0.500933 0.652775 0.016383 0.017013
0 0.632207 0.762416 0.021775 0.018732
0 0.032559 0.629490 0.018664 0.021653
0 0.029863 0.541502 0.016176 0.017529
0 0.499793 0.198058 0.019494 0.008764
0 0.589382 0.945094 0.022812 0.020107
0 0.029448 0.563843 0.019494 0.023715
0 0.030693 0.587988 0.019494 0.024575
0 0.032559 0.648737 0.020738 0.017185
0 0.032559 0.669617 0.020738 0.022512
0 0.030071 0.691614 0.023227 0.021481
0 0.031937 0.713611 0.021983 0.020450
0 0.185504 0.808129 0.025923 0.020450
0 0.263998 0.807613 0.024471 0.023544
0 0.167462 0.836140 0.023434 0.022512
0 0.194007 0.837171 0.022190 0.020450
0 0.221174 0.838718 0.027167 0.021481
0 0.353380 0.860801 0.029863 0.018216
0 0.618519 0.971988 0.028411 0.023715
0 0.696910 0.948273 0.024679 0.017185
