0 0.490576 0.291650 0.110669 0.096652
0 0.288432 0.893114 0.113436 0.108852
0 0.499914 0.842755 0.114473 0.088654
0 0.668684 0.105870 0.115511 0.100854
0 0.485993 0.526908 0.112571 0.078352
0 0.291804 0.422665 0.123638 0.103294
0 0.292668 0.736817 0.106000 0.111563
0 0.297337 0.299105 0.126751 0.099363
0 0.490922 0.084113 0.090956 0.068998
0 0.876362 0.322692 0.153208 0.161177
0 0.488760 0.623695 0.123638 0.098685
0 0.657531 0.209570 0.125367 0.092992
0 0.100640 0.381727 0.101677 0.083503
0 0.488933 0.181646 0.092858 0.094347
0 0.659087 0.448489 0.116376 0.124305
0 0.493948 0.739732 0.111188 0.093534
0 0.297423 0.186729 0.121736 0.098278
0 0.498962 0.930595 0.093204 0.070489
0 0.492046 0.412363 0.105309 0.116850
0 0.679665 0.332859 0.139201 0.098821
0 0.101418 0.154805 0.082829 0.064525
0 0.875757 0.520537 0.178973 0.180290
0 0.900138 0.129185 0.116376 0.115765
0 0.106692 0.237088 0.057064 0.040396
0 0.313073 0.571845 0.158222 0.149790
0 0.864257 0.725024 0.155283 0.150061
0 0.957462 0.691338 0.045305 0.037142
0 0.373941 0.592856 0.050666 0.049207
0 0.094242 0.077809 0.080927 0.051511
0 0.377226 0.067439 0.055853 0.047309
0 0.949507 0.307306 0.042538 0.044734
0 0.275030 0.069812 0.118451 0.094890
