0 0.797872 0.073131 0.244681 0.102925
0 0.835106 0.248104 0.329787 0.150957
0 0.840046 0.420549 0.319909 0.134706
0 0.830167 0.587938 0.318389 0.119177
0 0.829027 0.753160 0.320669 0.152040
0 0.833207 0.917479 0.333587 0.130372
0 0.495061 0.087396 0.356383 0.148790
0 0.488222 0.256230 0.329027 0.143373
0 0.497340 0.425424 0.315350 0.144456
0 0.509119 0.581437 0.357143 0.136511
0 0.491261 0.747923 0.230243 0.112676
0 0.488222 0.918382 0.301672 0.112676
0 0.154255 0.089563 0.291793 0.159624
0 0.160334 0.251354 0.303951 0.144456
0 0.169453 0.420007 0.299392 0.163958
0 0.177432 0.596786 0.287994 0.136873
0 0.160334 0.756049 0.303951 0.107259
0 0.163754 0.923438 0.287994 0.150957
