0 0.789299 0.167105 0.183192 0.129216
0 0.792322 0.296759 0.152963 0.123960
0 0.784160 0.440867 0.148730 0.149365
0 0.788694 0.581472 0.139661 0.118703
0 0.785671 0.721419 0.163845 0.127026
0 0.796856 0.860710 0.162031 0.126150
0 0.616989 0.162286 0.185611 0.104687
0 0.625756 0.296759 0.176542 0.123960
0 0.615478 0.427727 0.174123 0.133596
0 0.608827 0.575120 0.154776 0.107753
0 0.616082 0.711783 0.172914 0.112133
0 0.616687 0.846912 0.174123 0.115199
0 0.437727 0.172142 0.142684 0.116513
0 0.434704 0.298949 0.146312 0.119580
0 0.442261 0.442619 0.151753 0.139728
0 0.441354 0.574682 0.145103 0.121770
0 0.438331 0.711783 0.141475 0.127026
0 0.441959 0.856548 0.148730 0.117827
