0 0.376173 0.612537 0.127847 0.144431
0 0.196567 0.430660 0.141113 0.175712
0 0.631750 0.443468 0.131009 0.128048
0 0.625673 0.615932 0.149048 0.163228
0 0.364950 0.244551 0.137885 0.135238
0 0.800784 0.786388 0.161307 0.197906
0 0.370886 0.423234 0.143114 0.185350
0 0.625350 0.254349 0.143531 0.183525
0 0.198534 0.599367 0.148759 0.155702
0 0.372747 0.790259 0.156905 0.182689
0 0.192779 0.257690 0.144730 0.184802
0 0.194570 0.785213 0.153990 0.174644
0 0.796990 0.604014 0.146417 0.123449
0 0.622542 0.792902 0.146914 0.124269
