0 0.191956 0.788938 0.024449 0.031937
0 0.719765 0.806758 0.024076 0.029623
0 0.070642 0.891229 0.026316 0.025920
0 0.096585 0.976510 0.024449 0.030780
0 0.439996 0.635501 0.024823 0.027308
0 0.193262 0.912636 0.025196 0.027077
0 0.544420 0.960310 0.022396 0.030317
0 0.789007 0.363342 0.025569 0.035177
0 0.715099 0.540500 0.023703 0.029391
0 0.385405 0.127285 0.022770 0.034251
0 0.784341 0.052418 0.024823 0.031243
0 0.690183 0.758968 0.023890 0.031243
0 0.862729 0.082388 0.023703 0.026846
0 0.537794 0.367855 0.026689 0.033557
0 0.862449 0.053228 0.022770 0.031011
0 0.639978 0.843670 0.026876 0.029391
0 0.741321 0.719972 0.022396 0.030086
0 0.765677 0.721361 0.024076 0.025920
0 0.383165 0.307915 0.023890 0.026614
0 0.766144 0.839273 0.025383 0.024763
0 0.165547 0.550220 0.023143 0.030780
0 0.312057 0.368318 0.025756 0.030780
0 0.265024 0.370516 0.023890 0.029623
0 0.141097 0.554848 0.021650 0.035871
0 0.766517 0.898982 0.025383 0.030780
0 0.563643 0.550104 0.025383 0.031011
0 0.815789 0.749016 0.023890 0.035408
0 0.614595 0.696135 0.025009 0.031474
0 0.578947 0.028581 0.026129 0.035408
0 0.238988 0.551840 0.023330 0.031243
0 0.559164 0.247512 0.025009 0.036334
0 0.887271 0.115020 0.022023 0.033326
0 0.065043 0.525804 0.024076 0.027308
0 0.618234 0.023143 0.034155 0.027771
0 0.440836 0.753182 0.023516 0.025688
0 0.813923 0.479403 0.025383 0.032631
0 0.442796 0.818561 0.026316 0.031011
0 0.361329 0.095811 0.025756 0.032863
0 0.765024 0.485767 0.023143 0.031937
0 0.415827 0.821106 0.022023 0.027771
0 0.733856 0.084124 0.023890 0.030317
0 0.734789 0.053576 0.027622 0.027540
0 0.184864 0.067693 0.023703 0.029391
0 0.141097 0.523374 0.023143 0.029391
0 0.238522 0.301898 0.026502 0.034020
0 0.864968 0.420505 0.021837 0.028697
0 0.839399 0.623467 0.023703 0.032863
0 0.765398 0.780722 0.022023 0.030780
0 0.312803 0.580768 0.026876 0.029391
0 0.408828 0.033094 0.022210 0.033326
0 0.739922 0.480560 0.021463 0.034483
0 0.494121 0.798889 0.020343 0.031011
0 0.736002 0.239065 0.022210 0.034714
0 0.840705 0.782342 0.024449 0.036797
0 0.690463 0.788128 0.024823 0.026614
0 0.539194 0.635038 0.023890 0.028697
0 0.890817 0.868780 0.024263 0.028234
0 0.739268 0.418306 0.022770 0.029854
0 0.465659 0.633997 0.023890 0.027540
0 0.115715 0.579495 0.023890 0.031937
0 0.584080 0.246818 0.023330 0.034483
0 0.760732 0.142444 0.025383 0.037723
0 0.192423 0.732932 0.024636 0.028697
0 0.263718 0.434274 0.026502 0.024763
0 0.391377 0.880583 0.022396 0.032863
0 0.810004 0.054617 0.025756 0.033326
0 0.413960 0.510877 0.022770 0.037260
0 0.867208 0.930687 0.024823 0.035408
0 0.338652 0.578454 0.024076 0.029391
0 0.089119 0.310923 0.021090 0.028466
0 0.509705 0.368318 0.023890 0.032631
0 0.413121 0.582041 0.021837 0.030086
0 0.864408 0.389840 0.021837 0.032631
0 0.640538 0.874913 0.024263 0.027540
0 0.766051 0.867045 0.022956 0.029391
0 0.839026 0.388799 0.024076 0.028697
0 0.418066 0.968526 0.023143 0.032400
0 0.809910 0.114325 0.023703 0.030548
0 0.141937 0.734089 0.022956 0.031474
0 0.267451 0.759778 0.025383 0.030548
0 0.615062 0.966327 0.024823 0.032631
0 0.384472 0.245545 0.024263 0.032400
0 0.789567 0.596274 0.023703 0.037723
0 0.411161 0.308031 0.024263 0.030548
0 0.313923 0.548831 0.023143 0.034483
0 0.890724 0.507174 0.021837 0.025226
0 0.159295 0.038996 0.022956 0.034946
0 0.861329 0.140824 0.024636 0.032168
0 0.266237 0.791136 0.024076 0.031243
0 0.342665 0.911132 0.024263 0.029623
0 0.217339 0.730734 0.025196 0.030780
0 0.169186 0.854200 0.024449 0.032863
0 0.289474 0.302592 0.024263 0.028466
0 0.589772 0.580537 0.022396 0.032631
0 0.760265 0.111317 0.027062 0.028234
0 0.615528 0.754455 0.026502 0.031937
0 0.315976 0.758736 0.021650 0.035408
0 0.915080 0.570933 0.023516 0.030548
0 0.812243 0.271696 0.022396 0.030086
0 0.139231 0.462162 0.021277 0.025457
0 0.784341 0.083777 0.022956 0.029160
0 0.166107 0.793451 0.023890 0.030317
0 0.288634 0.610970 0.024076 0.029160
0 0.439996 0.784541 0.022210 0.034251
0 0.588652 0.610507 0.024263 0.026846
0 0.416013 0.789285 0.021277 0.034020
0 0.389231 0.642560 0.022583 0.025688
0 0.813550 0.240569 0.023890 0.032168
0 0.914147 0.535987 0.022770 0.036103
0 0.890538 0.836265 0.023703 0.032631
0 0.243841 0.831289 0.022210 0.031011
0 0.438317 0.426174 0.024076 0.032168
0 0.291060 0.852580 0.023330 0.028697
0 0.717712 0.901527 0.024076 0.029391
0 0.888391 0.053344 0.026876 0.029391
0 0.336040 0.303286 0.022956 0.028928
0 0.361609 0.129831 0.024449 0.034251
0 0.115901 0.704929 0.020903 0.028234
0 0.186264 0.194168 0.023890 0.034251
0 0.558231 0.215228 0.025756 0.029160
0 0.717619 0.870516 0.022396 0.030317
0 0.792087 0.867160 0.022770 0.030086
0 0.238802 0.643022 0.022583 0.028466
0 0.388764 0.486230 0.024636 0.033326
0 0.586786 0.367392 0.022396 0.032168
0 0.218738 0.820991 0.026129 0.032631
0 0.840612 0.904073 0.023890 0.031243
0 0.311310 0.066998 0.024263 0.034020
0 0.709220 0.145337 0.023143 0.026846
0 0.841079 0.417265 0.025569 0.027308
0 0.540687 0.823189 0.021277 0.033788
0 0.715845 0.752835 0.021463 0.026383
0 0.391471 0.729924 0.020343 0.032400
0 0.471351 0.963666 0.025196 0.037954
0 0.314576 0.302592 0.022210 0.028928
0 0.681878 0.085281 0.026316 0.029391
0 0.891377 0.899907 0.022770 0.031706
0 0.158641 0.222171 0.022023 0.028697
0 0.112729 0.218815 0.027249 0.026614
0 0.186357 0.309651 0.022956 0.031474
0 0.386058 0.062370 0.023330 0.028466
0 0.417507 0.933233 0.023516 0.034020
0 0.292087 0.974427 0.024263 0.028928
0 0.290500 0.730734 0.023330 0.030780
0 0.816816 0.903263 0.020343 0.034251
0 0.070269 0.976394 0.022956 0.026383
0 0.589772 0.933580 0.020903 0.031937
0 0.562243 0.519671 0.024449 0.030317
0 0.065789 0.642560 0.024823 0.031706
0 0.292180 0.763828 0.023330 0.034020
0 0.839679 0.558667 0.024263 0.029623
0 0.313643 0.611085 0.024076 0.033557
0 0.163307 0.403263 0.022023 0.029391
0 0.916667 0.806989 0.021837 0.031011
0 0.362262 0.160148 0.026129 0.028234
0 0.867675 0.538186 0.024263 0.033094
0 0.541900 0.881393 0.022956 0.028466
0 0.865248 0.449433 0.022023 0.027771
0 0.443262 0.879310 0.022396 0.029391
0 0.337533 0.211294 0.023330 0.031937
0 0.362822 0.613515 0.023143 0.030086
0 0.339679 0.699144 0.024263 0.025457
0 0.741881 0.749364 0.022023 0.026846
0 0.166573 0.732006 0.023330 0.025457
0 0.866835 0.571048 0.023330 0.032631
0 0.365528 0.788012 0.020717 0.031011
0 0.365528 0.755381 0.025569 0.029623
0 0.542367 0.700995 0.020530 0.033788
0 0.093692 0.703888 0.022396 0.028928
0 0.837439 0.053228 0.023890 0.029160
0 0.338652 0.484957 0.022210 0.029854
0 0.263158 0.611085 0.022770 0.028466
0 0.742441 0.839158 0.020903 0.031937
0 0.738335 0.636195 0.020157 0.029623
0 0.866648 0.963782 0.023703 0.032631
0 0.741601 0.930572 0.021463 0.031474
0 0.213419 0.063874 0.026689 0.031937
0 0.114408 0.309188 0.024263 0.030548
0 0.192423 0.760819 0.026129 0.023837
0 0.340239 0.547674 0.025756 0.028003
0 0.841359 0.818561 0.025383 0.033326
0 0.640351 0.906156 0.025009 0.034020
0 0.412654 0.612937 0.024263 0.028003
0 0.841079 0.962972 0.022956 0.031937
0 0.715192 0.601828 0.023516 0.030317
0 0.364688 0.550220 0.023143 0.029391
0 0.211553 0.308493 0.025569 0.034714
0 0.689903 0.724369 0.023703 0.033788
0 0.433464 0.030201 0.019597 0.027077
0 0.159015 0.160032 0.025756 0.027077
0 0.612542 0.424439 0.023143 0.031937
0 0.563083 0.579148 0.022770 0.030780
0 0.218085 0.852233 0.024076 0.033557
0 0.531728 0.093844 0.026876 0.034483
0 0.510825 0.464244 0.024263 0.027308
0 0.520903 0.963550 0.021277 0.028466
0 0.619914 0.112474 0.034901 0.036103
0 0.238988 0.520250 0.021090 0.028697
0 0.243001 0.796112 0.020530 0.036103
0 0.787981 0.506249 0.022396 0.028928
0 0.360582 0.064916 0.021277 0.030317
0 0.464819 0.609350 0.024823 0.022217
0 0.388858 0.517010 0.023703 0.029160
0 0.168346 0.914835 0.020530 0.026383
0 0.589026 0.549641 0.023143 0.027771
0 0.866275 0.867508 0.023330 0.031706
0 0.418626 0.849456 0.022396 0.028466
0 0.865808 0.479403 0.022023 0.027077
0 0.408081 0.099398 0.022956 0.033557
0 0.517917 0.699607 0.022023 0.032400
0 0.684211 0.172414 0.025756 0.033326
0 0.388391 0.550683 0.023143 0.036797
0 0.739548 0.546748 0.021463 0.031243
0 0.530795 0.127748 0.025009 0.030086
0 0.334826 0.092571 0.021650 0.025457
0 0.164054 0.613168 0.024263 0.031706
0 0.887458 0.082735 0.023890 0.029854
0 0.437943 0.577065 0.024449 0.030780
0 0.166200 0.519440 0.024076 0.030317
0 0.191863 0.701689 0.023143 0.031474
0 0.312897 0.399445 0.027062 0.030086
0 0.531355 0.305138 0.027996 0.030317
0 0.213139 0.370169 0.025383 0.028466
0 0.413121 0.392502 0.022583 0.030548
0 0.118514 0.946772 0.022770 0.027771
0 0.635592 0.364036 0.023703 0.033326
0 0.414240 0.639667 0.024449 0.027308
0 0.530982 0.186184 0.023890 0.029854
0 0.935984 0.051261 0.023890 0.029391
0 0.765398 0.931150 0.022396 0.030317
0 0.917227 0.898866 0.024449 0.032400
0 0.286114 0.095001 0.024263 0.029391
0 0.141657 0.587133 0.023143 0.026846
0 0.366368 0.851192 0.020903 0.032400
0 0.439250 0.606225 0.025569 0.026614
0 0.219392 0.789979 0.026316 0.030780
0 0.388764 0.395047 0.023516 0.028234
0 0.169933 0.944804 0.022210 0.028928
0 0.410321 0.064916 0.022956 0.031243
0 0.445222 0.912636 0.027809 0.036334
0 0.166480 0.702731 0.026502 0.030317
0 0.495801 0.858945 0.019597 0.028003
0 0.714912 0.506943 0.024823 0.033557
0 0.143804 0.763134 0.024449 0.026614
0 0.186170 0.036566 0.024823 0.031474
0 0.565416 0.821685 0.022583 0.028466
0 0.810657 0.084703 0.025569 0.027308
0 0.262411 0.642328 0.024263 0.028003
0 0.543486 0.790789 0.023890 0.027308
0 0.266331 0.851886 0.022396 0.031011
0 0.162001 0.458343 0.021277 0.029854
0 0.285928 0.152858 0.022023 0.028928
0 0.763904 0.419810 0.023516 0.034251
0 0.512971 0.547674 0.023703 0.024300
0 0.690463 0.841472 0.025569 0.031474
0 0.914054 0.207475 0.023330 0.023837
0 0.586226 0.462740 0.022770 0.034946
0 0.263065 0.247281 0.024823 0.026614
0 0.210620 0.191159 0.024449 0.029160
0 0.811870 0.149040 0.025009 0.036103
0 0.217432 0.884055 0.021277 0.025920
0 0.335573 0.244504 0.022770 0.031243
0 0.637645 0.515737 0.022956 0.033557
0 0.538261 0.549410 0.022396 0.030548
0 0.459966 0.369475 0.019597 0.035408
0 0.290407 0.488197 0.024263 0.032631
0 0.680664 0.056121 0.025009 0.029854
0 0.367208 0.884170 0.020343 0.030780
0 0.435144 0.141055 0.022956 0.030317
0 0.360769 0.453367 0.022770 0.029623
0 0.189623 0.610854 0.023143 0.027540
0 0.887645 0.148577 0.024636 0.033326
0 0.736562 0.272622 0.022583 0.033326
0 0.814483 0.385675 0.024636 0.027540
0 0.941396 0.961467 0.023143 0.033094
0 0.237029 0.428952 0.022396 0.029854
0 0.312710 0.455913 0.022210 0.023606
0 0.614315 0.607383 0.024823 0.024763
0 0.463233 0.308378 0.020157 0.026614
0 0.587066 0.495950 0.022583 0.027308
0 0.461833 0.253529 0.021837 0.030780
0 0.790220 0.720898 0.020903 0.027771
0 0.364035 0.519093 0.020343 0.029623
0 0.314296 0.515274 0.022023 0.025226
0 0.288634 0.552766 0.025569 0.030780
0 0.463606 0.580074 0.021277 0.030317
0 0.139884 0.491900 0.020343 0.030317
0 0.738988 0.447813 0.021837 0.028234
0 0.388298 0.455334 0.024449 0.028003
0 0.740015 0.514464 0.023516 0.031474
0 0.916853 0.746934 0.022583 0.029391
0 0.314016 0.484263 0.022583 0.030317
0 0.115808 0.613515 0.022956 0.031011
0 0.368421 0.971997 0.022023 0.030548
0 0.518384 0.876649 0.019597 0.029623
0 0.135685 0.130988 0.019784 0.031474
0 0.465192 0.485189 0.022956 0.034946
0 0.438690 0.396205 0.025569 0.026383
0 0.239175 0.613284 0.022956 0.031474
0 0.440743 0.696714 0.025943 0.028928
0 0.763251 0.574057 0.019970 0.030317
0 0.917227 0.962509 0.022956 0.033326
0 0.613942 0.580305 0.022583 0.029391
0 0.685704 0.269035 0.022396 0.029391
0 0.318029 0.881972 0.022770 0.028234
0 0.187477 0.486114 0.022583 0.029854
0 0.095371 0.823421 0.023890 0.030086
0 0.512505 0.521060 0.026129 0.026614
0 0.383165 0.277482 0.020903 0.027771
0 0.765584 0.749016 0.024636 0.029854
0 0.613662 0.848183 0.022770 0.033326
0 0.611422 0.521639 0.023516 0.034251
0 0.639791 0.602291 0.024263 0.024300
0 0.685144 0.233164 0.021650 0.029854
0 0.117768 0.790789 0.021277 0.031937
0 0.391937 0.817056 0.024636 0.029854
0 0.588279 0.814858 0.021277 0.031011
0 0.814110 0.604837 0.021650 0.026151
0 0.316256 0.789516 0.021837 0.025226
0 0.414707 0.475700 0.025756 0.030317
0 0.317189 0.969914 0.023703 0.029160
0 0.265118 0.700648 0.025943 0.028928
0 0.764464 0.693127 0.021650 0.028697
0 0.811310 0.023143 0.027249 0.029160
0 0.263065 0.303633 0.022210 0.037028
0 0.564856 0.851655 0.021090 0.031474
0 0.069802 0.947003 0.023143 0.029160
0 0.890071 0.446540 0.023890 0.029391
0 0.614222 0.906503 0.025383 0.029160
0 0.192329 0.975353 0.024076 0.030317
0 0.415640 0.699954 0.022396 0.029391
0 0.094625 0.946772 0.021277 0.026383
0 0.505879 0.030086 0.019597 0.031474
0 0.336413 0.062717 0.023703 0.030548
0 0.139978 0.703772 0.021277 0.027308
0 0.888764 0.208517 0.022770 0.029160
0 0.529675 0.062023 0.021650 0.026383
0 0.542740 0.760704 0.018664 0.029623
0 0.117581 0.853506 0.022396 0.030548
0 0.686730 0.422125 0.022956 0.029623
0 0.891844 0.962509 0.022956 0.026383
0 0.291713 0.941217 0.022023 0.031011
0 0.916853 0.626938 0.020717 0.029623
0 0.117675 0.733164 0.023703 0.024069
0 0.462019 0.400255 0.021090 0.025688
0 0.567842 0.933464 0.022956 0.026614
0 0.840146 0.749364 0.020717 0.027771
0 0.707540 0.055658 0.025756 0.030317
0 0.610489 0.366350 0.020157 0.032400
0 0.143897 0.825040 0.024263 0.025457
0 0.581094 0.061444 0.027436 0.030317
0 0.339586 0.757579 0.021463 0.029391
0 0.192049 0.943994 0.020903 0.032400
0 0.317096 0.940407 0.023890 0.030317
0 0.814296 0.417033 0.024636 0.026383
0 0.158828 0.191044 0.025009 0.031706
0 0.912841 0.146841 0.022023 0.031706
0 0.444662 0.943416 0.026316 0.024763
0 0.710806 0.235478 0.021463 0.030317
0 0.890817 0.803865 0.021650 0.025688
0 0.506066 0.063874 0.021090 0.030086
0 0.510918 0.404189 0.022210 0.035871
0 0.538167 0.430109 0.024449 0.030780
0 0.338279 0.396899 0.023703 0.031474
0 0.414240 0.549410 0.022583 0.034251
0 0.113009 0.279681 0.023330 0.026614
0 0.064856 0.164314 0.022210 0.029160
0 0.336879 0.179935 0.024263 0.027540
0 0.159761 0.131335 0.022023 0.025688
0 0.236002 0.212335 0.022583 0.025226
0 0.740482 0.690928 0.020343 0.025688
0 0.391471 0.788359 0.023703 0.028003
0 0.915174 0.688961 0.020717 0.030548
0 0.086040 0.192779 0.020157 0.034251
0 0.386152 0.216154 0.023143 0.024994
0 0.709406 0.114788 0.022770 0.031474
0 0.817283 0.867392 0.021650 0.033788
0 0.287981 0.642791 0.023516 0.031706
0 0.693449 0.932654 0.028182 0.033326
0 0.558791 0.184911 0.027249 0.027771
0 0.719018 0.837885 0.021090 0.033094
0 0.788727 0.537491 0.023143 0.031243
0 0.687290 0.513423 0.023703 0.030317
0 0.614782 0.633881 0.020530 0.027771
0 0.089679 0.523259 0.025196 0.030548
0 0.438223 0.258042 0.023143 0.033788
0 0.068309 0.704004 0.020903 0.027771
0 0.384378 0.030548 0.022956 0.028697
0 0.791807 0.962046 0.025196 0.030548
0 0.537887 0.493983 0.023516 0.030317
0 0.565976 0.904536 0.019597 0.028928
0 0.839866 0.530086 0.024636 0.026614
0 0.238988 0.460542 0.024076 0.028234
0 0.115995 0.490164 0.025196 0.031474
0 0.839866 0.590373 0.021650 0.025920
0 0.143897 0.884749 0.026502 0.030548
0 0.767264 0.963087 0.021277 0.031243
0 0.589679 0.723559 0.020343 0.028466
0 0.413587 0.421546 0.023516 0.024300
0 0.417973 0.878037 0.024449 0.027308
0 0.163960 0.644295 0.023703 0.030086
0 0.462579 0.428026 0.020343 0.027077
0 0.714539 0.632030 0.023330 0.030548
0 0.790967 0.691738 0.022770 0.030086
0 0.143897 0.976279 0.021650 0.030317
0 0.465379 0.516431 0.024449 0.027540
0 0.915640 0.599514 0.021650 0.024300
0 0.813550 0.209327 0.025383 0.028466
0 0.863102 0.110275 0.024076 0.030317
0 0.118701 0.917843 0.021650 0.031011
0 0.840426 0.934622 0.022396 0.026614
0 0.941116 0.717427 0.023330 0.029160
0 0.094345 0.854663 0.023703 0.031474
0 0.915640 0.777829 0.024263 0.028234
0 0.942329 0.928373 0.023516 0.033094
0 0.939623 0.528813 0.020343 0.028234
0 0.160508 0.280838 0.020903 0.027077
0 0.941769 0.592340 0.022770 0.027077
0 0.393244 0.940292 0.025383 0.030086
0 0.690463 0.871905 0.026316 0.030317
0 0.185797 0.161190 0.023703 0.028928
0 0.485816 0.222865 0.020157 0.031474
0 0.185890 0.429067 0.021650 0.025920
0 0.337813 0.455450 0.022396 0.026383
0 0.743188 0.806526 0.022770 0.028697
0 0.212486 0.641634 0.021090 0.028466
0 0.470978 0.879889 0.022583 0.028697
0 0.613942 0.787781 0.022583 0.030086
0 0.786954 0.145915 0.026316 0.027540
0 0.863102 0.172877 0.023330 0.031011
0 0.086133 0.224832 0.020717 0.026614
0 0.393057 0.968989 0.025383 0.027308
0 0.581094 0.093381 0.023703 0.034483
0 0.791527 0.836843 0.024263 0.028234
0 0.094532 0.887410 0.020343 0.028928
0 0.263998 0.523027 0.024449 0.031474
0 0.363568 0.641750 0.021650 0.026383
0 0.267637 0.883129 0.023890 0.031011
0 0.917507 0.838348 0.021650 0.028928
0 0.186823 0.130988 0.025009 0.029623
0 0.138578 0.306411 0.023330 0.032400
0 0.567096 0.702268 0.022956 0.031706
0 0.464726 0.454640 0.022396 0.025688
0 0.339119 0.515737 0.022396 0.029854
0 0.537141 0.602638 0.021650 0.035177
0 0.260172 0.093381 0.021650 0.029854
0 0.392964 0.848415 0.027062 0.030086
0 0.438970 0.513307 0.022770 0.033326
0 0.068589 0.732932 0.021837 0.025920
0 0.139604 0.615251 0.021277 0.030780
0 0.415080 0.729229 0.020157 0.031011
0 0.741881 0.870285 0.021277 0.026151
0 0.144084 0.852349 0.024636 0.028234
0 0.688596 0.632492 0.021090 0.025457
0 0.688130 0.599745 0.022396 0.034946
0 0.068589 0.795649 0.019224 0.028697
0 0.168160 0.886600 0.020157 0.030086
0 0.265398 0.729229 0.023516 0.028234
0 0.444382 0.969567 0.025756 0.025688
0 0.863475 0.299468 0.024449 0.026846
0 0.211180 0.161190 0.026316 0.028003
0 0.495801 0.829785 0.020717 0.032168
0 0.315510 0.641402 0.023330 0.026614
0 0.136618 0.069081 0.024263 0.031706
0 0.566909 0.732932 0.023703 0.028697
0 0.620101 0.052534 0.035648 0.032863
0 0.838559 0.357903 0.020530 0.030317
0 0.112542 0.097547 0.024263 0.034020
0 0.540127 0.854432 0.020530 0.025920
0 0.836973 0.113053 0.024076 0.031243
0 0.529582 0.247975 0.023330 0.032631
0 0.785741 0.206202 0.023516 0.026846
0 0.070082 0.825966 0.024449 0.026846
0 0.758772 0.081925 0.024449 0.026846
0 0.712393 0.268225 0.024636 0.031011
0 0.936264 0.081810 0.020343 0.029391
0 0.792740 0.931382 0.024823 0.027540
0 0.435050 0.110738 0.025009 0.032631
0 0.241601 0.759778 0.021837 0.031937
0 0.865528 0.806411 0.021090 0.028466
0 0.310750 0.100440 0.021277 0.031011
0 0.211180 0.276903 0.022956 0.028928
0 0.912187 0.049526 0.022210 0.032400
0 0.362822 0.485420 0.024263 0.030317
0 0.165640 0.581810 0.021090 0.029623
0 0.541620 0.908007 0.024263 0.027540
0 0.528742 0.031127 0.023516 0.032168
0 0.461739 0.224717 0.019037 0.026846
0 0.236469 0.067114 0.019410 0.030548
0 0.682717 0.140940 0.023143 0.029623
0 0.484602 0.366698 0.021837 0.025688
0 0.912281 0.112821 0.022023 0.032631
0 0.115528 0.518977 0.023890 0.028928
0 0.620101 0.081694 0.037514 0.030548
0 0.863475 0.236056 0.024076 0.030548
0 0.043393 0.705855 0.018477 0.028234
0 0.483483 0.085397 0.019224 0.031937
0 0.388391 0.615830 0.019410 0.029160
0 0.459593 0.075908 0.022956 0.024994
0 0.263998 0.581810 0.022210 0.029160
0 0.341172 0.819139 0.024263 0.023837
0 0.159668 0.252372 0.021090 0.032168
0 0.112355 0.131914 0.025009 0.031011
0 0.138391 0.433580 0.023703 0.030317
0 0.561124 0.455682 0.024076 0.031011
0 0.889978 0.624045 0.021837 0.029391
0 0.135592 0.222634 0.020343 0.028234
0 0.410414 0.190349 0.019784 0.025226
0 0.815510 0.718005 0.020717 0.022911
0 0.384192 0.158644 0.020717 0.025688
0 0.064483 0.495371 0.021463 0.033557
0 0.914707 0.446887 0.020157 0.026846
0 0.063830 0.554733 0.022396 0.029623
0 0.692796 0.967137 0.023890 0.036103
0 0.733949 0.024531 0.025196 0.030086
0 0.214259 0.608077 0.021277 0.034020
0 0.436637 0.195904 0.023703 0.031243
0 0.113195 0.644990 0.020717 0.028234
0 0.740108 0.606110 0.021090 0.029160
0 0.234043 0.240801 0.021650 0.030780
0 0.866181 0.506133 0.021650 0.026846
0 0.517451 0.847605 0.021090 0.025688
0 0.112449 0.371905 0.021837 0.029623
0 0.388764 0.585050 0.023516 0.030548
0 0.185424 0.223791 0.022956 0.021754
0 0.529769 0.278061 0.020717 0.024763
0 0.261851 0.158644 0.023516 0.040037
0 0.093038 0.763018 0.019970 0.033788
0 0.611889 0.395047 0.021090 0.024531
0 0.139324 0.406966 0.024449 0.025226
0 0.089119 0.463434 0.023330 0.026614
0 0.837346 0.269845 0.025569 0.031474
0 0.383819 0.091414 0.019597 0.024994
0 0.188596 0.579148 0.020343 0.028466
0 0.239082 0.583314 0.020903 0.027540
0 0.737682 0.361259 0.022583 0.031937
0 0.440090 0.545707 0.025383 0.030548
0 0.518384 0.759084 0.021463 0.027308
0 0.739175 0.391229 0.024823 0.022911
0 0.519130 0.787433 0.022956 0.027077
0 0.068496 0.763596 0.020903 0.033094
0 0.163867 0.487850 0.022396 0.027308
0 0.717992 0.778986 0.022770 0.028234
0 0.566629 0.879426 0.023143 0.024069
0 0.286487 0.065147 0.024636 0.029391
0 0.260265 0.195325 0.022210 0.032400
0 0.614035 0.724369 0.021277 0.024994
0 0.611422 0.487271 0.024263 0.033094
0 0.236189 0.096853 0.021090 0.026151
0 0.135872 0.099398 0.021650 0.027540
0 0.386432 0.188614 0.025196 0.032400
0 0.688130 0.484610 0.022023 0.027308
0 0.143337 0.793219 0.023890 0.033094
0 0.186730 0.456492 0.024076 0.028928
0 0.242721 0.890650 0.021463 0.023837
0 0.437757 0.455103 0.023330 0.025688
0 0.564670 0.367392 0.022210 0.032631
0 0.759612 0.023721 0.025009 0.028466
0 0.912654 0.179125 0.023143 0.031474
0 0.736749 0.203078 0.024823 0.031243
0 0.344345 0.972113 0.026129 0.028466
0 0.092945 0.794492 0.025009 0.030086
0 0.763251 0.606110 0.022583 0.031474
0 0.144457 0.945846 0.025383 0.026846
0 0.392497 0.910669 0.021650 0.024531
0 0.685984 0.300856 0.024823 0.028234
0 0.840146 0.446540 0.023703 0.023837
0 0.485536 0.454177 0.020717 0.024763
0 0.188317 0.642097 0.020903 0.034483
0 0.837626 0.204119 0.022770 0.025920
0 0.505692 0.096043 0.020717 0.027771
0 0.813363 0.514233 0.023890 0.030548
0 0.589399 0.693937 0.020530 0.029391
0 0.763811 0.517357 0.019224 0.027540
0 0.407242 0.129600 0.021277 0.024994
0 0.889884 0.478130 0.021650 0.031474
0 0.436917 0.226221 0.025383 0.029391
0 0.712206 0.300741 0.023143 0.034483
0 0.562150 0.608308 0.019410 0.023374
0 0.341079 0.849109 0.022583 0.031011
0 0.338466 0.608308 0.023330 0.031706
0 0.816349 0.836496 0.019784 0.025688
0 0.168160 0.975469 0.019410 0.026383
0 0.343038 0.942490 0.021277 0.033094
0 0.411348 0.280259 0.022770 0.025457
0 0.440463 0.725758 0.022770 0.028697
0 0.787141 0.270539 0.022956 0.031474
0 0.837813 0.082388 0.025383 0.029623
0 0.791620 0.776672 0.024449 0.025920
0 0.486935 0.279912 0.020530 0.026151
0 0.090519 0.492247 0.023890 0.027771
0 0.863568 0.268456 0.022770 0.030086
0 0.111049 0.190465 0.023516 0.028697
0 0.816163 0.806526 0.021650 0.030548
0 0.888205 0.180282 0.023516 0.027771
0 0.719298 0.963434 0.021650 0.033326
0 0.188690 0.517704 0.018290 0.029160
0 0.359649 0.247859 0.020903 0.029160
0 0.263998 0.461814 0.024449 0.028466
0 0.238988 0.371558 0.025569 0.028928
0 0.892404 0.930687 0.023330 0.031243
0 0.287234 0.582504 0.023516 0.025920
0 0.937383 0.174844 0.022583 0.024300
0 0.837999 0.501967 0.024263 0.027308
0 0.589306 0.399676 0.024823 0.027308
0 0.815043 0.779218 0.021277 0.023606
0 0.312430 0.428604 0.022396 0.025457
0 0.565696 0.761976 0.022396 0.032631
0 0.742908 0.777251 0.023330 0.028003
0 0.691489 0.813353 0.028369 0.026614
0 0.707447 0.085165 0.021463 0.025457
0 0.165827 0.761629 0.019970 0.028234
0 0.913587 0.358019 0.026502 0.032863
0 0.313830 0.131335 0.023330 0.028928
0 0.865808 0.776556 0.024263 0.028003
0 0.337159 0.151470 0.022956 0.027540
0 0.415640 0.759084 0.019037 0.027771
0 0.262878 0.554154 0.020717 0.024763
0 0.684584 0.202152 0.024636 0.025688
0 0.191863 0.820065 0.024263 0.023837
0 0.784808 0.115830 0.022770 0.031243
0 0.838186 0.174728 0.024263 0.029160
0 0.589026 0.902569 0.019784 0.025920
0 0.512131 0.491437 0.026129 0.031243
0 0.112075 0.250868 0.021090 0.032400
0 0.310284 0.034020 0.018104 0.029160
0 0.064016 0.194052 0.019784 0.025688
0 0.159574 0.099398 0.020903 0.028928
0 0.412001 0.220898 0.022956 0.030780
0 0.837813 0.143254 0.024636 0.029160
0 0.362822 0.582041 0.021650 0.031937
0 0.066256 0.585165 0.023516 0.029391
0 0.087346 0.161884 0.020903 0.025688
0 0.293206 0.881393 0.023516 0.030780
0 0.287701 0.370053 0.022583 0.030086
0 0.336693 0.273548 0.025009 0.026383
0 0.465472 0.547327 0.023516 0.034251
0 0.715379 0.570123 0.024263 0.029854
0 0.360489 0.219047 0.021837 0.025688
0 0.088746 0.280259 0.022583 0.025920
0 0.340426 0.790211 0.020157 0.028928
0 0.214352 0.496297 0.026689 0.031706
0 0.192049 0.853390 0.021650 0.027540
0 0.392684 0.759778 0.023516 0.026846
0 0.792087 0.804096 0.026502 0.028928
0 0.214632 0.579727 0.022023 0.020366
0 0.460713 0.136311 0.020717 0.025457
0 0.187383 0.371210 0.023890 0.026383
0 0.338652 0.639435 0.022583 0.029160
0 0.290780 0.822148 0.020157 0.028928
0 0.362542 0.424555 0.021463 0.025688
0 0.535928 0.463087 0.024076 0.034251
0 0.512038 0.436357 0.022583 0.028003
0 0.137645 0.375607 0.022956 0.034714
0 0.837719 0.020597 0.025196 0.029623
0 0.089119 0.402106 0.018477 0.031243
0 0.462393 0.282342 0.021090 0.027771
0 0.212113 0.463434 0.023703 0.033094
0 0.518757 0.933349 0.019224 0.024994
0 0.784808 0.021870 0.023143 0.025688
0 0.505506 0.126591 0.020343 0.027771
0 0.211180 0.097894 0.020717 0.029623
0 0.211646 0.431382 0.023143 0.027771
0 0.741695 0.898172 0.020157 0.024531
0 0.689810 0.692317 0.023516 0.028928
0 0.686170 0.364846 0.021463 0.034020
0 0.863289 0.204351 0.025943 0.028697
0 0.287421 0.123351 0.024636 0.028234
0 0.937290 0.113978 0.022770 0.034483
0 0.261758 0.063296 0.024823 0.021986
0 0.637645 0.422356 0.022956 0.029623
0 0.089492 0.582388 0.020717 0.028928
0 0.814483 0.631451 0.022023 0.027077
0 0.089866 0.643948 0.018850 0.028466
0 0.690183 0.901990 0.023890 0.026151
0 0.639698 0.631451 0.021090 0.034483
0 0.192609 0.884286 0.021277 0.029160
0 0.065976 0.465749 0.024076 0.026614
0 0.217525 0.761282 0.022210 0.026151
0 0.687943 0.395395 0.026502 0.024300
0 0.519037 0.731891 0.025383 0.027540
0 0.184397 0.249942 0.022396 0.024069
0 0.470885 0.854548 0.023143 0.021060
0 0.812430 0.300509 0.023516 0.027540
0 0.587533 0.847026 0.018664 0.029160
0 0.438876 0.308841 0.024076 0.025688
0 0.483483 0.029623 0.020717 0.029623
0 0.512505 0.575214 0.020903 0.031243
0 0.241415 0.731544 0.018477 0.025920
0 0.486002 0.252488 0.019784 0.026846
0 0.317189 0.850960 0.019970 0.030548
0 0.237122 0.127517 0.024449 0.031937
0 0.710713 0.202037 0.023516 0.029623
0 0.740015 0.576834 0.021650 0.028466
0 0.866088 0.601713 0.022210 0.028697
0 0.864595 0.356862 0.021090 0.030086
0 0.639231 0.575445 0.023890 0.029391
0 0.484602 0.397130 0.021090 0.028234
0 0.184304 0.278986 0.021463 0.026614
0 0.210993 0.128790 0.021090 0.028928
0 0.889698 0.562023 0.020903 0.023374
0 0.368328 0.914603 0.022210 0.028234
0 0.189156 0.547790 0.021090 0.024994
0 0.939623 0.497339 0.022210 0.025457
0 0.065416 0.612474 0.019597 0.024763
0 0.638485 0.454640 0.022023 0.030780
0 0.217992 0.913099 0.021277 0.027540
0 0.336226 0.122078 0.022956 0.028928
0 0.262505 0.035293 0.024823 0.029854
0 0.314576 0.699722 0.018850 0.028003
0 0.212019 0.221477 0.023143 0.029160
0 0.361422 0.190465 0.025196 0.031474
0 0.162654 0.372483 0.018104 0.030780
0 0.867768 0.897362 0.024449 0.025688
0 0.069522 0.858250 0.022210 0.035871
0 0.485256 0.427679 0.022396 0.027771
0 0.742535 0.960310 0.021090 0.028003
0 0.167600 0.823883 0.019784 0.026383
0 0.266984 0.821338 0.022956 0.027771
0 0.681691 0.112705 0.023703 0.025920
0 0.964819 0.570586 0.023330 0.026614
0 0.434397 0.059824 0.022210 0.033557
0 0.390071 0.699722 0.019037 0.028466
0 0.289007 0.400602 0.021837 0.027771
0 0.096491 0.917380 0.025009 0.026383
0 0.763065 0.635617 0.018850 0.028003
0 0.064856 0.282573 0.019597 0.028234
0 0.218365 0.971650 0.023516 0.029854
0 0.115622 0.461120 0.024449 0.028466
0 0.366088 0.942259 0.020717 0.025226
0 0.588466 0.637700 0.024636 0.026614
0 0.135218 0.038417 0.020343 0.030086
0 0.214446 0.553460 0.021277 0.029854
0 0.613382 0.936242 0.021463 0.026151
0 0.117208 0.760819 0.021650 0.025688
0 0.117581 0.886253 0.019410 0.028928
0 0.762411 0.388105 0.019410 0.026846
0 0.214726 0.523606 0.021463 0.028466
0 0.815883 0.691969 0.023330 0.029160
0 0.362822 0.398403 0.022023 0.022911
0 0.886058 0.021523 0.021090 0.028234
0 0.790873 0.749016 0.020343 0.023374
0 0.116368 0.548600 0.023703 0.024300
0 0.765024 0.453599 0.022023 0.030086
0 0.291433 0.795186 0.021090 0.024069
0 0.289007 0.430456 0.021090 0.028697
0 0.537887 0.520829 0.020903 0.024300
0 0.586506 0.428026 0.023330 0.030317
0 0.435144 0.168132 0.025569 0.023837
0 0.289287 0.521060 0.023516 0.032631
0 0.763531 0.545823 0.019410 0.026151
0 0.469578 0.746239 0.023890 0.030317
0 0.460900 0.104953 0.020343 0.032631
0 0.488055 0.568966 0.019037 0.030317
0 0.443169 0.848415 0.024449 0.030548
0 0.236189 0.155520 0.025196 0.026846
0 0.134938 0.189424 0.019410 0.031243
0 0.966592 0.686531 0.021277 0.027540
0 0.490482 0.605068 0.020903 0.035871
0 0.138485 0.644758 0.020903 0.029160
0 0.495801 0.886832 0.019597 0.025457
0 0.412001 0.252141 0.026316 0.029854
0 0.216219 0.701689 0.021090 0.025920
0 0.531635 0.157255 0.023703 0.027077
0 0.916480 0.929877 0.022956 0.028697
0 0.791713 0.899445 0.019037 0.026614
0 0.243468 0.946077 0.024076 0.031937
0 0.612355 0.454062 0.023143 0.027308
0 0.889418 0.589678 0.020343 0.034251
0 0.043580 0.735594 0.024449 0.029854
0 0.543113 0.731196 0.020903 0.028466
0 0.786674 0.240569 0.022770 0.028466
0 0.358156 0.304559 0.020157 0.028697
0 0.334640 0.032747 0.020530 0.026614
0 0.759985 0.053228 0.021650 0.024531
0 0.866741 0.837769 0.019410 0.026846
0 0.387178 0.425364 0.022210 0.029623
0 0.483576 0.116755 0.021277 0.021523
0 0.187010 0.398982 0.021277 0.027308
0 0.288261 0.213839 0.025196 0.030086
0 0.288074 0.459153 0.019597 0.022217
0 0.312523 0.161074 0.022583 0.031011
0 0.561963 0.489933 0.023516 0.028697
0 0.766144 0.811965 0.021650 0.025226
0 0.111049 0.065494 0.020530 0.023143
0 0.733763 0.116177 0.020343 0.031011
0 0.111982 0.162115 0.023143 0.025226
0 0.588932 0.754339 0.018104 0.029391
0 0.538447 0.400486 0.026876 0.027540
0 0.366275 0.818792 0.020343 0.027771
0 0.144270 0.916339 0.025383 0.030317
0 0.612915 0.551840 0.021277 0.024763
0 0.265118 0.490396 0.022210 0.030086
0 0.736749 0.171720 0.025943 0.027308
0 0.235816 0.272854 0.021090 0.022680
0 0.438410 0.480213 0.020903 0.026383
0 0.862729 0.021986 0.022583 0.029160
0 0.935237 0.020019 0.021277 0.030780
0 0.483296 0.056353 0.019597 0.023374
0 0.717712 0.931844 0.021837 0.025688
0 0.488055 0.542467 0.019037 0.022217
0 0.489268 0.306758 0.024449 0.028928
0 0.070362 0.917959 0.026502 0.026151
0 0.486189 0.483453 0.021650 0.030548
0 0.341265 0.880699 0.020717 0.028928
0 0.336973 0.367160 0.018850 0.023374
0 0.712019 0.362648 0.024263 0.026846
0 0.736749 0.302245 0.021090 0.027771
0 0.159574 0.070354 0.022023 0.024994
0 0.217898 0.940639 0.024076 0.027540
0 0.288634 0.034367 0.024076 0.028003
0 0.473218 0.929993 0.027062 0.025226
0 0.639044 0.485651 0.024263 0.021986
0 0.408175 0.157834 0.021277 0.031937
0 0.315696 0.727725 0.018477 0.028928
0 0.507465 0.164892 0.023516 0.033094
0 0.185424 0.098241 0.021463 0.024300
0 0.813363 0.356978 0.020157 0.028003
0 0.092385 0.732932 0.020157 0.024069
0 0.838186 0.235015 0.022396 0.030780
0 0.566349 0.961583 0.022210 0.026383
0 0.914427 0.499306 0.020717 0.026614
0 0.688410 0.453714 0.024449 0.031243
0 0.889978 0.532053 0.019970 0.023606
0 0.688503 0.567461 0.023143 0.029160
0 0.134752 0.160032 0.019410 0.022449
0 0.292553 0.911479 0.019970 0.025226
0 0.162281 0.430687 0.018850 0.021291
0 0.291340 0.699375 0.023890 0.028697
0 0.267264 0.970262 0.022023 0.030317
0 0.911441 0.019556 0.021837 0.027540
0 0.413587 0.447119 0.022023 0.025457
0 0.939063 0.146841 0.024076 0.028928
0 0.088093 0.253066 0.022023 0.028466
0 0.562337 0.634228 0.020530 0.024763
0 0.784808 0.175885 0.022023 0.028234
0 0.312710 0.274011 0.019597 0.027771
0 0.088186 0.434159 0.023703 0.030086
0 0.110116 0.037723 0.021650 0.026383
0 0.312150 0.191622 0.021463 0.030548
0 0.136711 0.279449 0.022583 0.024300
0 0.490761 0.635270 0.020717 0.026846
0 0.339492 0.725989 0.020903 0.028697
0 0.235442 0.183869 0.020717 0.026614
0 0.786581 0.300509 0.022583 0.031243
0 0.911907 0.079727 0.022396 0.028466
0 0.470885 0.827702 0.025009 0.032631
0 0.089772 0.610275 0.019410 0.023606
0 0.237122 0.035756 0.021837 0.031243
0 0.964446 0.538186 0.024823 0.036334
0 0.761851 0.235594 0.025756 0.034714
0 0.118701 0.824693 0.020157 0.026151
0 0.812337 0.180514 0.026316 0.026846
0 0.063736 0.253761 0.019970 0.029391
0 0.788727 0.631451 0.019037 0.026151
0 0.360956 0.369938 0.024636 0.028928
0 0.135685 0.252141 0.022770 0.027077
0 0.915640 0.472460 0.021650 0.023837
0 0.242628 0.916570 0.022396 0.028003
0 0.581187 0.123698 0.025383 0.025688
0 0.212486 0.398172 0.026316 0.025688
0 0.689063 0.540616 0.026502 0.023606
0 0.261851 0.126012 0.023143 0.026614
0 0.089119 0.096621 0.017730 0.033557
0 0.614222 0.877922 0.020530 0.027540
0 0.887178 0.267878 0.022583 0.031243
0 0.936917 0.204119 0.021277 0.027771
0 0.530702 0.217427 0.023330 0.025688
0 0.763438 0.359060 0.019224 0.026614
0 0.761292 0.298889 0.020903 0.033094
0 0.437850 0.285003 0.022770 0.021986
0 0.888018 0.238255 0.020530 0.026614
0 0.496361 0.965170 0.019224 0.025226
0 0.242535 0.863226 0.023703 0.031011
0 0.941676 0.802939 0.022210 0.024300
0 0.243934 0.973964 0.022770 0.028466
0 0.089119 0.554038 0.023330 0.020829
0 0.636058 0.395742 0.020903 0.026383
0 0.460806 0.051030 0.018290 0.022449
0 0.316536 0.817403 0.021277 0.026846
0 0.266984 0.910322 0.023703 0.021986
0 0.316349 0.910900 0.020530 0.024531
0 0.114222 0.433233 0.022396 0.028234
0 0.913587 0.389609 0.022770 0.030317
0 0.865435 0.631798 0.019784 0.029623
0 0.211366 0.249016 0.020717 0.024531
0 0.338279 0.427332 0.023330 0.028928
0 0.622434 0.161305 0.033595 0.022680
0 0.487402 0.516084 0.018104 0.029160
0 0.759798 0.177274 0.021650 0.025457
0 0.508212 0.265101 0.023516 0.037723
0 0.437663 0.367508 0.021277 0.028234
0 0.459313 0.026614 0.023890 0.022217
0 0.938596 0.468410 0.023516 0.031474
0 0.564110 0.398635 0.023703 0.026151
0 0.287421 0.241611 0.021650 0.024069
0 0.312430 0.247859 0.019410 0.024069
0 0.495894 0.911016 0.019784 0.023837
0 0.813923 0.579843 0.020157 0.027077
0 0.709966 0.170447 0.022770 0.021523
0 0.817189 0.965054 0.024449 0.032400
0 0.066816 0.311965 0.019410 0.031937
0 0.289007 0.270424 0.022583 0.033557
0 0.867021 0.748322 0.023330 0.025688
0 0.714352 0.445383 0.025196 0.023837
0 0.518570 0.817403 0.022210 0.032400
0 0.044420 0.764985 0.026876 0.025688
0 0.497294 0.937399 0.019224 0.028003
0 0.622714 0.139898 0.035274 0.022911
0 0.613009 0.816015 0.019970 0.029623
0 0.237589 0.398750 0.022396 0.023606
0 0.890817 0.776209 0.018664 0.025920
0 0.264184 0.403842 0.024823 0.037954
0 0.914240 0.418075 0.022210 0.027077
0 0.541247 0.932539 0.021277 0.025226
0 0.112635 0.406040 0.024823 0.032631
0 0.942049 0.686762 0.023703 0.025226
0 0.638018 0.549178 0.022583 0.020366
0 0.587999 0.522796 0.019970 0.019903
0 0.836693 0.299699 0.022023 0.025920
0 0.940276 0.560750 0.019037 0.032400
0 0.089306 0.370979 0.019597 0.023143
0 0.590705 0.965864 0.016797 0.022911
0 0.240108 0.702152 0.018477 0.033788
0 0.484043 0.141055 0.021090 0.028928
0 0.839866 0.717195 0.021277 0.030548
0 0.814296 0.548137 0.023890 0.036334
0 0.160041 0.309303 0.019597 0.030780
0 0.514744 0.637931 0.019410 0.030317
0 0.467339 0.781648 0.024263 0.039111
0 0.365155 0.725642 0.024076 0.028928
0 0.262505 0.272854 0.022956 0.020829
0 0.505972 0.221824 0.020157 0.030317
0 0.086973 0.130757 0.018664 0.024531
0 0.963979 0.506596 0.023890 0.027771
0 0.942796 0.896089 0.021837 0.028234
0 0.760918 0.203888 0.022770 0.023606
0 0.564950 0.792525 0.018290 0.027077
0 0.916760 0.869243 0.020157 0.024994
0 0.941583 0.623235 0.022023 0.025920
0 0.715845 0.722171 0.021090 0.037260
0 0.891564 0.747744 0.018664 0.028697
0 0.841452 0.850382 0.025569 0.028928
0 0.495147 0.770192 0.020530 0.023606
0 0.915920 0.717774 0.019970 0.022449
0 0.941489 0.746586 0.020343 0.023606
0 0.888111 0.361375 0.019597 0.038186
0 0.964632 0.776903 0.020343 0.026846
0 0.914240 0.235709 0.024823 0.028003
0 0.813270 0.445962 0.024449 0.030086
0 0.839586 0.473270 0.019597 0.023606
0 0.940649 0.774011 0.020530 0.027540
0 0.359369 0.030896 0.019224 0.028466
0 0.266891 0.938787 0.020530 0.031706
0 0.512318 0.605878 0.019784 0.030548
0 0.062803 0.224369 0.020717 0.029854
0 0.417040 0.905462 0.024076 0.021060
0 0.965006 0.715922 0.019970 0.028466
0 0.518850 0.906040 0.018664 0.022217
0 0.715286 0.691854 0.020717 0.029854
0 0.212299 0.036218 0.023703 0.025226
0 0.287047 0.184332 0.025383 0.026151
0 0.413494 0.364846 0.024076 0.023374
0 0.761571 0.267299 0.022210 0.029623
0 0.580534 0.149387 0.025569 0.022911
0 0.119261 0.974774 0.020157 0.025920
0 0.841172 0.876996 0.020157 0.024763
0 0.936730 0.231196 0.018290 0.024069
0 0.583520 0.214881 0.022210 0.029854
0 0.966125 0.960426 0.019597 0.029623
0 0.962766 0.445499 0.021463 0.029160
0 0.938317 0.415992 0.020343 0.027540
0 0.789380 0.566651 0.023703 0.020134
0 0.960340 0.416339 0.019597 0.026846
0 0.938317 0.441449 0.018104 0.017357
0 0.388205 0.366582 0.024263 0.023143
0 0.892870 0.718699 0.022023 0.028466
0 0.963326 0.477783 0.022956 0.031706
0 0.537981 0.573826 0.021837 0.018746
0 0.734882 0.144411 0.022956 0.019903
0 0.912934 0.266489 0.022583 0.028466
0 0.364595 0.698102 0.023330 0.027077
0 0.816536 0.936126 0.022023 0.027308
0 0.090426 0.065031 0.014371 0.020366
0 0.967152 0.931150 0.025009 0.025226
0 0.239268 0.491784 0.020157 0.022217
0 0.959406 0.049410 0.021090 0.029854
0 0.888485 0.419810 0.021837 0.023143
0 0.888298 0.395163 0.019970 0.028466
0 0.714632 0.474659 0.024636 0.033326
0 0.964352 0.808146 0.019410 0.029160
0 0.866461 0.691159 0.019970 0.031243
0 0.561870 0.426869 0.020717 0.022449
0 0.966872 0.597894 0.024823 0.027077
0 0.788261 0.462740 0.024076 0.055311
0 0.939250 0.356630 0.020343 0.029160
0 0.261012 0.222287 0.025196 0.018283
0 0.964166 0.747859 0.020157 0.034483
0 0.708660 0.024416 0.022396 0.028928
0 0.961553 0.175307 0.020903 0.023374
0 0.312803 0.222055 0.022023 0.028466
0 0.461180 0.165124 0.020530 0.027077
0 0.358156 0.276672 0.020530 0.025688
0 0.886432 0.297269 0.021090 0.027540
0 0.042367 0.793798 0.025383 0.034251
0 0.963699 0.627054 0.018850 0.028003
0 0.066069 0.134344 0.021650 0.026151
0 0.461926 0.194515 0.020903 0.031243
0 0.467712 0.718699 0.019037 0.025226
0 0.959780 0.202037 0.020717 0.029160
0 0.470885 0.907313 0.023516 0.028003
0 0.958847 0.293335 0.020717 0.032631
0 0.936637 0.265911 0.021837 0.025457
0 0.962206 0.387873 0.018850 0.024069
0 0.891564 0.689308 0.020903 0.025226
0 0.713139 0.405925 0.023516 0.050914
0 0.960433 0.260704 0.021650 0.030780
0 0.965472 0.902569 0.019410 0.032400
0 0.494494 0.698102 0.015491 0.028003
0 0.435517 0.085513 0.023703 0.021523
0 0.941676 0.832793 0.017730 0.028003
0 0.964446 0.357325 0.021090 0.033326
0 0.867021 0.722981 0.019224 0.019440
0 0.467805 0.696714 0.020717 0.029391
0 0.957913 0.017704 0.019597 0.030780
0 0.043673 0.281301 0.019410 0.027540
0 0.958940 0.233974 0.021650 0.032400
0 0.939250 0.385675 0.020343 0.020134
0 0.956514 0.079033 0.016051 0.029391
0 0.787887 0.392155 0.024076 0.023374
0 0.043486 0.310808 0.021650 0.029160
0 0.494588 0.726915 0.021650 0.025457
0 0.937570 0.293682 0.023330 0.025920
0 0.682158 0.025110 0.026129 0.026614
0 0.841452 0.687225 0.020343 0.021986
0 0.486655 0.191622 0.015864 0.031011
0 0.964352 0.836959 0.017917 0.027540
0 0.912654 0.295649 0.020530 0.029391
0 0.467898 0.799931 0.022396 0.024763
0 0.495614 0.748091 0.019597 0.025226
0 0.043393 0.255728 0.019597 0.027308
0 0.087533 0.035408 0.017917 0.026383
0 0.960060 0.112705 0.020530 0.033788
0 0.788261 0.417727 0.022956 0.027308
0 0.046006 0.825388 0.022956 0.026151
0 0.942236 0.862648 0.025569 0.029391
0 0.966405 0.867970 0.021277 0.037723
