0 0.881795 0.070915 0.201323 0.126052
0 0.870147 0.204593 0.221168 0.117111
0 0.867414 0.345985 0.172563 0.119390
0 0.887834 0.488955 0.224331 0.131487
0 0.894162 0.623159 0.211677 0.134818
0 0.875467 0.774982 0.213978 0.127104
0 0.889704 0.931276 0.220592 0.137447
0 0.613172 0.075912 0.217429 0.131487
0 0.614898 0.210116 0.217429 0.136921
0 0.634743 0.360712 0.228358 0.127104
0 0.636468 0.504208 0.249640 0.140252
0 0.619500 0.649457 0.244464 0.154453
0 0.626546 0.795757 0.226345 0.142356
0 0.631004 0.935659 0.228358 0.128682
0 0.392005 0.076438 0.220880 0.130435
0 0.406385 0.223790 0.203049 0.146739
0 0.392867 0.373948 0.262295 0.151122
0 0.387403 0.516918 0.244464 0.143583
0 0.384814 0.663131 0.217429 0.144635
0 0.400920 0.797949 0.199597 0.129208
0 0.392867 0.944951 0.212252 0.110098
0 0.129710 0.103173 0.228358 0.151297
0 0.126977 0.245617 0.222893 0.149018
0 0.124101 0.367374 0.178027 0.118338
0 0.130285 0.520600 0.201323 0.153401
0 0.132298 0.663657 0.215703 0.117286
0 0.142077 0.802332 0.242738 0.160063
0 0.111590 0.939867 0.167386 0.115007
