0 0.360938 0.266198 0.046875 0.045423
0 0.309896 0.264469 0.043750 0.040120
0 0.309115 0.301822 0.041667 0.033664
0 0.466016 0.297325 0.042969 0.039428
0 0.204167 0.268273 0.042188 0.035278
0 0.256771 0.301130 0.045312 0.033203
0 0.271354 0.681692 0.036458 0.029283
0 0.361198 0.305395 0.044792 0.033433
0 0.270573 0.706018 0.035417 0.024441
0 0.416536 0.333987 0.040365 0.036661
0 0.625781 0.258358 0.040104 0.038967
0 0.271224 0.660134 0.034635 0.021213
0 0.415234 0.298939 0.038281 0.038967
0 0.203906 0.300899 0.040104 0.032280
0 0.324089 0.524556 0.031510 0.026285
0 0.256380 0.264469 0.041406 0.041503
0 0.467318 0.335485 0.047656 0.040120
0 0.259245 0.335485 0.044010 0.037353
0 0.417708 0.262509 0.041146 0.037584
0 0.153906 0.302974 0.040104 0.032742
0 0.311849 0.336292 0.046094 0.039428
0 0.637760 0.612290 0.031771 0.026516
0 0.271484 0.727577 0.028385 0.024671
0 0.273177 0.454462 0.028646 0.024441
0 0.626302 0.296288 0.039062 0.035047
0 0.637370 0.588540 0.030990 0.023749
0 0.323047 0.500576 0.029427 0.024902
0 0.572917 0.296288 0.041667 0.037353
0 0.640234 0.544501 0.036198 0.028361
0 0.688021 0.519484 0.030208 0.024441
0 0.204948 0.336523 0.038542 0.038967
0 0.324740 0.661517 0.032292 0.028130
0 0.246224 0.430828 0.028385 0.025133
0 0.245833 0.502536 0.024479 0.020521
0 0.638021 0.427139 0.032813 0.026055
0 0.217448 0.681577 0.036979 0.025824
0 0.154167 0.270579 0.045312 0.035278
0 0.640885 0.476020 0.034896 0.026055
0 0.427734 0.683422 0.030990 0.024902
0 0.246745 0.480171 0.024740 0.026516
0 0.637891 0.635808 0.036719 0.026516
0 0.584635 0.635347 0.039062 0.030205
0 0.362109 0.336984 0.046094 0.034817
0 0.350911 0.614134 0.023698 0.023749
0 0.194401 0.455730 0.027865 0.026516
0 0.639062 0.657943 0.033854 0.023288
0 0.467448 0.262624 0.048438 0.041042
0 0.379297 0.521213 0.029427 0.025133
0 0.216146 0.659788 0.034375 0.022827
0 0.693229 0.380678 0.029167 0.026285
0 0.323047 0.637768 0.034115 0.024441
0 0.585286 0.660710 0.032031 0.023749
0 0.324089 0.477980 0.027865 0.024902
0 0.378516 0.589578 0.027344 0.021674
0 0.274609 0.571247 0.029427 0.026055
0 0.350391 0.479018 0.026823 0.025594
0 0.575391 0.332834 0.042969 0.037122
0 0.378255 0.705557 0.028385 0.021213
0 0.380208 0.568596 0.030729 0.023980
0 0.272266 0.749942 0.027865 0.023749
0 0.223047 0.454346 0.026302 0.023288
0 0.640234 0.679848 0.034115 0.023749
0 0.377995 0.679617 0.029948 0.025594
0 0.687109 0.496196 0.031510 0.023980
0 0.218750 0.570210 0.035937 0.025363
0 0.381250 0.613327 0.031250 0.026747
0 0.429557 0.657252 0.027344 0.023749
0 0.322786 0.409384 0.028906 0.023288
0 0.430339 0.454116 0.027344 0.019599
0 0.246354 0.455730 0.027083 0.026055
0 0.690104 0.636385 0.035417 0.027208
0 0.627474 0.330759 0.042448 0.034817
0 0.429297 0.636385 0.026823 0.017985
0 0.640104 0.567789 0.032292 0.023288
0 0.679688 0.294213 0.040625 0.026747
0 0.274870 0.431174 0.026823 0.025824
0 0.193229 0.430712 0.030208 0.024902
0 0.689453 0.657482 0.029948 0.020060
0 0.272526 0.523288 0.027344 0.021905
0 0.637630 0.451695 0.030469 0.025824
0 0.638932 0.358773 0.027865 0.023980
0 0.376823 0.725963 0.026042 0.025133
0 0.349870 0.408231 0.026302 0.022827
0 0.351562 0.638575 0.026042 0.026977
0 0.218750 0.613673 0.034375 0.026516
0 0.690104 0.543463 0.032292 0.026747
0 0.273698 0.477750 0.027083 0.022135
0 0.455339 0.499769 0.024219 0.021905
0 0.689844 0.589002 0.030208 0.023749
0 0.573307 0.259396 0.041927 0.041964
0 0.351172 0.500692 0.024219 0.021905
0 0.376953 0.454116 0.027865 0.024210
0 0.273828 0.501153 0.028906 0.023749
0 0.325521 0.568481 0.028646 0.024210
0 0.535286 0.703251 0.025781 0.024441
0 0.375521 0.408923 0.029687 0.022827
0 0.430859 0.614134 0.026823 0.026055
0 0.534635 0.520636 0.027604 0.024902
0 0.690495 0.453078 0.035156 0.027208
0 0.689453 0.677773 0.033594 0.023749
0 0.171094 0.707632 0.032292 0.022596
0 0.586849 0.519022 0.026302 0.020291
0 0.378776 0.658289 0.026823 0.017062
0 0.639062 0.703366 0.031250 0.026977
0 0.273698 0.546000 0.030208 0.027208
0 0.350781 0.590039 0.026562 0.020291
0 0.379167 0.498501 0.027083 0.022596
0 0.688411 0.475098 0.032552 0.023288
0 0.666276 0.382292 0.025781 0.025824
0 0.194271 0.385866 0.029167 0.025133
0 0.321875 0.685266 0.031250 0.024441
0 0.675391 0.260549 0.042448 0.041964
0 0.585677 0.474637 0.031771 0.024671
0 0.327214 0.726885 0.029427 0.023749
0 0.690625 0.702790 0.035937 0.026285
0 0.324740 0.705326 0.025521 0.023980
0 0.429818 0.566751 0.027344 0.021674
0 0.220833 0.727807 0.029167 0.026516
0 0.350521 0.429790 0.026042 0.022596
0 0.168359 0.681692 0.032552 0.028822
0 0.350911 0.524095 0.025781 0.025824
0 0.641016 0.518907 0.035677 0.026516
0 0.429948 0.590385 0.031771 0.025133
0 0.325391 0.547498 0.029948 0.024210
0 0.273568 0.637192 0.032031 0.026977
0 0.220312 0.752709 0.030729 0.025594
0 0.218229 0.637192 0.031771 0.024210
0 0.380469 0.545538 0.028646 0.027208
0 0.221484 0.388056 0.022656 0.024902
0 0.323437 0.454807 0.032292 0.026055
0 0.584635 0.703597 0.032813 0.026516
0 0.428516 0.476251 0.025781 0.026977
0 0.689063 0.611713 0.031771 0.025824
0 0.403125 0.454462 0.026562 0.029052
0 0.586589 0.496541 0.027344 0.025594
0 0.222917 0.519022 0.026042 0.024902
0 0.522135 0.329145 0.038542 0.034817
0 0.193099 0.408923 0.028385 0.022366
0 0.247135 0.523519 0.022917 0.024210
0 0.430729 0.522712 0.027604 0.024902
0 0.156901 0.335831 0.046094 0.030205
0 0.478906 0.658635 0.028646 0.020982
0 0.270703 0.366267 0.027865 0.024210
0 0.377474 0.747752 0.026302 0.022596
0 0.666797 0.405119 0.025781 0.023980
0 0.325130 0.432788 0.031510 0.026747
0 0.584896 0.590270 0.030208 0.024902
0 0.481901 0.682384 0.036198 0.029744
0 0.219010 0.704058 0.031250 0.020982
0 0.222786 0.478326 0.023698 0.021905
0 0.688802 0.429329 0.034375 0.027208
0 0.217839 0.591077 0.034115 0.021905
0 0.428385 0.704404 0.024479 0.023057
0 0.641667 0.497464 0.029167 0.022827
0 0.431380 0.546461 0.029427 0.022596
0 0.690885 0.404888 0.027083 0.026285
0 0.520833 0.267005 0.042708 0.036431
0 0.533203 0.636730 0.032031 0.024210
0 0.325391 0.590731 0.028906 0.026285
0 0.586719 0.680309 0.032813 0.021443
0 0.677995 0.329836 0.042448 0.042656
0 0.535156 0.495965 0.027083 0.024902
0 0.637630 0.404542 0.028385 0.026055
0 0.637891 0.383329 0.026302 0.023749
0 0.667188 0.358773 0.022396 0.022135
0 0.270833 0.389209 0.025521 0.025824
0 0.275391 0.613673 0.035156 0.025594
0 0.689583 0.566751 0.030729 0.024902
0 0.378516 0.636730 0.027865 0.026516
0 0.521354 0.295942 0.041667 0.033433
0 0.613281 0.358082 0.023958 0.022135
0 0.378906 0.477634 0.026562 0.021443
0 0.324479 0.614595 0.027604 0.024210
0 0.455990 0.428983 0.026042 0.022827
0 0.531510 0.681347 0.031250 0.023519
0 0.586328 0.452271 0.030990 0.023749
0 0.692969 0.359119 0.030729 0.021443
0 0.429167 0.499308 0.023958 0.020982
0 0.405859 0.522481 0.027344 0.024441
0 0.585026 0.611252 0.030469 0.023519
0 0.481771 0.706710 0.029687 0.023057
0 0.430339 0.748674 0.029948 0.026747
0 0.584245 0.383791 0.029427 0.024210
0 0.560807 0.519599 0.025781 0.021905
0 0.533464 0.726424 0.024740 0.021443
0 0.585938 0.429329 0.038021 0.023980
0 0.402865 0.477519 0.026042 0.018446
0 0.220182 0.544616 0.029948 0.026285
0 0.507161 0.521674 0.025781 0.023749
0 0.428646 0.382638 0.027083 0.026516
0 0.169661 0.728038 0.024219 0.020060
0 0.529297 0.657943 0.030990 0.026516
0 0.640104 0.723657 0.034375 0.020982
0 0.248438 0.548305 0.025000 0.022135
0 0.270833 0.407309 0.024479 0.022827
0 0.350911 0.569057 0.024219 0.022135
0 0.455990 0.383214 0.026562 0.022135
0 0.482552 0.544847 0.028125 0.024441
0 0.583984 0.727116 0.032552 0.022827
0 0.221875 0.498155 0.019792 0.019138
0 0.483333 0.523173 0.028125 0.024902
0 0.323568 0.386327 0.028385 0.024671
0 0.222396 0.410422 0.025521 0.023980
0 0.585286 0.568711 0.036198 0.026977
0 0.402474 0.406848 0.023177 0.021905
0 0.403646 0.498386 0.022396 0.024671
0 0.195182 0.523634 0.025781 0.027208
0 0.587500 0.540005 0.027083 0.022596
0 0.195703 0.548075 0.024219 0.022135
0 0.480469 0.588656 0.027083 0.022135
0 0.456380 0.361540 0.028385 0.023057
0 0.272005 0.593844 0.032552 0.021905
0 0.165625 0.571593 0.028125 0.023980
0 0.504687 0.476251 0.030729 0.027438
0 0.378385 0.625548 0.028646 0.014296
0 0.197135 0.489163 0.029167 0.040350
0 0.376302 0.385981 0.026042 0.025363
0 0.585677 0.360272 0.028125 0.021905
0 0.222526 0.433018 0.023698 0.023519
0 0.533724 0.544386 0.028906 0.026747
0 0.456380 0.546345 0.025781 0.021905
0 0.429036 0.727000 0.029427 0.020752
0 0.480208 0.428868 0.020833 0.021213
0 0.361198 0.658981 0.032813 0.021213
0 0.481771 0.612174 0.030208 0.027669
0 0.357943 0.385751 0.040365 0.026285
0 0.505078 0.382522 0.029948 0.022596
0 0.535547 0.590616 0.031510 0.025133
0 0.246484 0.408923 0.027344 0.023288
0 0.376302 0.430597 0.027083 0.022827
0 0.350911 0.467950 0.023698 0.010376
0 0.455729 0.522481 0.022917 0.023057
0 0.560677 0.451118 0.025000 0.023288
0 0.534766 0.452271 0.026823 0.022366
0 0.482292 0.639036 0.033854 0.025594
0 0.454297 0.451810 0.023698 0.022827
0 0.506641 0.451349 0.025260 0.023288
0 0.533203 0.747982 0.030990 0.024441
0 0.172135 0.478211 0.027083 0.026285
0 0.272917 0.514180 0.028125 0.015679
0 0.274870 0.466567 0.029427 0.011759
0 0.169922 0.750288 0.025260 0.024441
0 0.585677 0.405349 0.030208 0.023980
0 0.506250 0.427254 0.024479 0.021674
0 0.480339 0.383906 0.023698 0.024902
0 0.585807 0.748444 0.029948 0.023980
0 0.481901 0.498732 0.024740 0.024902
0 0.249870 0.387365 0.030990 0.024902
0 0.533333 0.567904 0.028646 0.023519
0 0.140625 0.504150 0.030208 0.018215
0 0.169922 0.500922 0.028385 0.023749
0 0.482812 0.728153 0.022396 0.020752
0 0.450130 0.475674 0.024740 0.025824
0 0.351042 0.546922 0.024479 0.023057
0 0.481380 0.748674 0.023698 0.015679
0 0.532292 0.359811 0.026042 0.017754
0 0.558984 0.359926 0.022656 0.019829
0 0.532422 0.380793 0.023698 0.021905
0 0.560677 0.381370 0.026042 0.018907
0 0.561328 0.402813 0.024740 0.019829
0 0.560677 0.425870 0.026042 0.022135
0 0.535807 0.428983 0.023698 0.026055
0 0.534115 0.404888 0.027083 0.022135
0 0.506901 0.408116 0.024740 0.023980
0 0.506250 0.359234 0.021354 0.023057
0 0.403255 0.362001 0.023698 0.022135
0 0.428255 0.361425 0.023698 0.020982
0 0.326302 0.362001 0.026042 0.019829
0 0.351172 0.362578 0.023698 0.020982
0 0.373698 0.360387 0.021354 0.018907
0 0.483203 0.359350 0.020052 0.016832
0 0.219271 0.364077 0.022396 0.017985
0 0.196094 0.364538 0.030729 0.018907
0 0.168359 0.368227 0.022656 0.023980
0 0.142318 0.367766 0.027344 0.018907
0 0.167839 0.390247 0.023698 0.020060
0 0.164714 0.410191 0.020052 0.023980
0 0.166536 0.432211 0.021094 0.020060
0 0.166016 0.453655 0.020052 0.025133
0 0.167187 0.525940 0.025000 0.023057
0 0.170703 0.546461 0.032031 0.022135
0 0.168880 0.596149 0.028385 0.020982
0 0.171875 0.617247 0.034375 0.018907
0 0.169531 0.633964 0.031771 0.014526
0 0.168359 0.646530 0.032031 0.010606
0 0.164193 0.660134 0.030990 0.018907
0 0.691016 0.727692 0.033073 0.023980
0 0.690885 0.747637 0.026042 0.017754
