0 0.361970 0.507552 0.042020 0.040152
0 0.194632 0.431798 0.041837 0.041297
0 0.307990 0.444976 0.040694 0.039832
0 0.305805 0.487131 0.040321 0.041451
0 0.412900 0.508390 0.034171 0.042377
0 0.845049 0.314146 0.080699 0.097823
0 0.301152 0.269164 0.037374 0.037249
0 0.412687 0.386598 0.033385 0.037838
0 0.251009 0.625013 0.036384 0.037932
0 0.415309 0.553631 0.039345 0.043380
0 0.249515 0.433856 0.036623 0.035658
0 0.190990 0.269977 0.034465 0.037270
0 0.199981 0.695857 0.037842 0.031882
0 0.301859 0.310379 0.036129 0.040216
0 0.194611 0.383974 0.039135 0.046710
0 0.191773 0.227314 0.034401 0.043303
0 0.303244 0.353450 0.035142 0.040081
0 0.195915 0.659975 0.035508 0.038070
0 0.197717 0.624863 0.042139 0.034550
0 0.194015 0.588433 0.039145 0.035088
0 0.362237 0.222592 0.039825 0.035270
0 0.250140 0.229874 0.038075 0.045555
0 0.755431 0.207702 0.082727 0.087448
0 0.417959 0.596300 0.040426 0.035515
0 0.251406 0.666680 0.038368 0.034470
0 0.360339 0.264650 0.034566 0.041629
0 0.358116 0.306606 0.039528 0.043075
0 0.200692 0.735643 0.043218 0.040867
0 0.842347 0.417347 0.076846 0.101890
0 0.842516 0.210879 0.072313 0.100225
0 0.249686 0.274040 0.036505 0.037931
0 0.358298 0.550816 0.036296 0.038326
0 0.414145 0.632969 0.037860 0.036286
0 0.306660 0.781957 0.038629 0.037022
0 0.196005 0.552142 0.034674 0.032613
0 0.248161 0.586169 0.036257 0.033869
0 0.357393 0.390706 0.036484 0.037853
0 0.361003 0.468472 0.037438 0.030768
0 0.416070 0.668101 0.034933 0.030668
0 0.415264 0.733597 0.034444 0.031769
0 0.417085 0.429115 0.041024 0.035885
0 0.414101 0.767776 0.035838 0.035681
0 0.844612 0.831873 0.087855 0.101540
0 0.755271 0.319443 0.077811 0.101791
0 0.250548 0.545446 0.034821 0.035757
0 0.414792 0.227215 0.040218 0.041592
0 0.357694 0.592924 0.033263 0.036715
0 0.251118 0.710856 0.032566 0.038829
0 0.414373 0.346333 0.035582 0.035196
0 0.305108 0.657149 0.036268 0.034857
0 0.252254 0.390772 0.041157 0.036232
0 0.251332 0.508370 0.032159 0.031614
0 0.305693 0.225572 0.038686 0.041138
0 0.361160 0.434247 0.036948 0.035135
0 0.845950 0.621702 0.086496 0.091374
0 0.307687 0.618252 0.035090 0.033984
0 0.249250 0.350718 0.036711 0.036645
0 0.306172 0.720472 0.033671 0.029848
0 0.359073 0.348188 0.033590 0.036289
0 0.359015 0.631440 0.032654 0.032842
0 0.303332 0.398365 0.035268 0.037806
0 0.414734 0.812779 0.034561 0.039203
0 0.249012 0.471336 0.030317 0.035085
0 0.306196 0.750233 0.030199 0.028762
0 0.307170 0.690547 0.033469 0.030819
0 0.306307 0.820789 0.032823 0.036578
0 0.412588 0.269945 0.028714 0.036340
0 0.248511 0.310651 0.032763 0.032540
0 0.414489 0.700373 0.036037 0.030139
0 0.413522 0.465375 0.035842 0.036010
0 0.414158 0.307477 0.034062 0.031596
0 0.193463 0.337905 0.033552 0.032350
0 0.305675 0.534136 0.038444 0.048107
0 0.357294 0.664700 0.027358 0.033018
0 0.844910 0.723860 0.077153 0.086736
0 0.846029 0.517971 0.089240 0.086265
0 0.305952 0.578086 0.031275 0.032101
0 0.194379 0.305098 0.035959 0.028386
0 0.195652 0.521835 0.026388 0.024189
0 0.192575 0.469111 0.032163 0.022734
0 0.194413 0.494105 0.031252 0.024050
