0 0.646502 0.384154 0.025038 0.022940
0 0.726682 0.694283 0.026758 0.024528
0 0.537271 0.341715 0.025229 0.025234
0 0.346713 0.187665 0.029052 0.025234
0 0.290807 0.228163 0.023891 0.023646
0 0.672783 0.942209 0.024083 0.023116
0 0.427274 0.410094 0.023127 0.025410
0 0.645356 0.295836 0.024656 0.020999
0 0.589545 0.384595 0.025420 0.023469
0 0.702122 0.836686 0.025038 0.020646
0 0.540615 0.903741 0.026185 0.023822
0 0.374904 0.183783 0.025420 0.023822
0 0.486430 0.818422 0.024465 0.019411
0 0.237481 0.566084 0.026567 0.023293
0 0.260608 0.120522 0.025038 0.021881
0 0.536506 0.696047 0.025612 0.024528
0 0.429090 0.476354 0.025229 0.023116
0 0.156346 0.391830 0.027905 0.025587
0 0.454320 0.099259 0.022554 0.025940
0 0.593272 0.812511 0.027141 0.022058
0 0.401567 0.365184 0.024465 0.024881
0 0.261946 0.073231 0.025803 0.023293
0 0.536028 0.435680 0.024274 0.022940
0 0.587920 0.223134 0.022171 0.024881
0 0.697152 0.293453 0.025420 0.020822
0 0.427943 0.143374 0.022554 0.022763
0 0.507645 0.184313 0.027141 0.022763
0 0.645929 0.408505 0.024656 0.026116
0 0.674025 0.859449 0.024656 0.022058
0 0.157015 0.368184 0.026185 0.022763
0 0.346999 0.208752 0.028096 0.019764
0 0.402332 0.434004 0.024847 0.024528
0 0.508792 0.674960 0.025229 0.025763
0 0.536124 0.542968 0.024083 0.022234
0 0.592603 0.858126 0.024656 0.023293
0 0.565845 0.798835 0.024656 0.026116
0 0.318807 0.278278 0.027523 0.023999
0 0.619362 0.361391 0.028479 0.025057
0 0.696770 0.271749 0.024274 0.021528
0 0.401950 0.166843 0.026758 0.024881
0 0.566323 0.905064 0.023700 0.023999
0 0.482894 0.520646 0.025038 0.021352
0 0.773605 0.023646 0.026185 0.026116
0 0.102446 0.366508 0.022554 0.022234
0 0.103784 0.391301 0.023318 0.023822
0 0.536506 0.414329 0.022936 0.022940
0 0.292527 0.186254 0.027714 0.022763
0 0.210054 0.655903 0.024083 0.022587
0 0.153383 0.280660 0.023509 0.025587
0 0.482416 0.453238 0.022936 0.023469
0 0.592412 0.791071 0.025420 0.022940
0 0.778383 0.451562 0.026950 0.020822
0 0.376051 0.476090 0.029243 0.024352
0 0.151663 0.120258 0.025038 0.022058
0 0.698681 0.471590 0.023891 0.027351
0 0.699541 0.430298 0.025994 0.017822
0 0.700688 0.899241 0.025612 0.023646
0 0.698108 0.387065 0.023509 0.025940
0 0.832473 0.602876 0.023891 0.022410
0 0.829893 0.358920 0.024847 0.024352
0 0.129874 0.437357 0.027714 0.016764
0 0.614297 0.225075 0.024465 0.025587
0 0.375191 0.387330 0.027523 0.025763
0 0.616686 0.427828 0.024656 0.025940
0 0.537175 0.605876 0.023509 0.023469
0 0.506976 0.162255 0.025420 0.023116
0 0.127102 0.346127 0.026376 0.022763
0 0.536124 0.456767 0.023700 0.022410
0 0.646311 0.360332 0.026567 0.025410
0 0.402332 0.455267 0.025229 0.023646
0 0.755638 0.832186 0.024656 0.026116
0 0.645451 0.582760 0.025994 0.020646
0 0.372802 0.140903 0.024274 0.022058
0 0.375000 0.206547 0.024083 0.018528
0 0.538131 0.628287 0.024274 0.023469
0 0.290042 0.414946 0.025420 0.025234
0 0.455466 0.408770 0.024083 0.025940
0 0.618979 0.605259 0.025803 0.023646
0 0.343941 0.362361 0.024274 0.020999
0 0.701548 0.919622 0.025038 0.020999
0 0.402236 0.631728 0.023891 0.022234
0 0.757741 0.899065 0.024656 0.022234
0 0.456613 0.453944 0.025994 0.024175
0 0.616972 0.293453 0.021024 0.024352
0 0.728976 0.944062 0.025612 0.025057
0 0.291189 0.120611 0.026567 0.024528
0 0.291380 0.391565 0.026950 0.023646
0 0.402714 0.188636 0.024847 0.019764
0 0.375191 0.813746 0.027141 0.021352
0 0.455657 0.145844 0.022171 0.019940
0 0.156632 0.591671 0.025038 0.019764
0 0.534786 0.183342 0.025612 0.024704
0 0.401854 0.390154 0.024656 0.023999
0 0.776281 0.389007 0.024274 0.026645
0 0.454797 0.384771 0.022745 0.023822
0 0.647649 0.920240 0.025803 0.021528
0 0.317087 0.143639 0.026376 0.019764
0 0.535646 0.273602 0.025420 0.024528
0 0.077791 0.368890 0.024847 0.024881
0 0.697917 0.361920 0.024274 0.023293
0 0.345279 0.586466 0.025038 0.025234
0 0.616781 0.583113 0.024465 0.023469
0 0.508219 0.226487 0.026758 0.022763
0 0.885034 0.377360 0.023509 0.025234
0 0.700593 0.695783 0.023891 0.022587
0 0.155390 0.165255 0.029052 0.024175
0 0.262137 0.394124 0.025038 0.020646
0 0.513188 0.862361 0.026376 0.023999
0 0.127007 0.280836 0.022745 0.027704
0 0.210722 0.346568 0.023127 0.023999
0 0.510417 0.474678 0.027332 0.025057
0 0.535742 0.392095 0.022171 0.022234
0 0.564029 0.670108 0.025994 0.021352
0 0.752198 0.404800 0.029243 0.026469
0 0.509748 0.721634 0.026758 0.022058
0 0.210054 0.435504 0.022554 0.019411
0 0.290902 0.145227 0.025229 0.026822
0 0.480982 0.342950 0.022745 0.021352
0 0.562500 0.294336 0.023318 0.022940
0 0.726586 0.628022 0.025038 0.021528
0 0.291284 0.368449 0.026758 0.022940
0 0.210245 0.523822 0.025612 0.022410
0 0.646120 0.852126 0.023509 0.023999
0 0.533257 0.139051 0.024465 0.028234
0 0.428326 0.564584 0.024847 0.022763
0 0.756307 0.920152 0.022171 0.022410
0 0.237768 0.435063 0.026758 0.025587
0 0.316992 0.097318 0.022745 0.023469
0 0.700593 0.942562 0.024656 0.025234
0 0.778192 0.340480 0.027332 0.024175
0 0.403287 0.208841 0.024847 0.022410
0 0.292718 0.589377 0.023891 0.022587
0 0.344228 0.164637 0.026376 0.023999
0 0.344132 0.074466 0.025803 0.023293
0 0.348337 0.723046 0.025803 0.024175
0 0.566514 0.844097 0.024847 0.025234
0 0.673930 0.898712 0.023700 0.025057
0 0.264717 0.479354 0.027905 0.024881
0 0.401281 0.587965 0.021598 0.021881
0 0.481651 0.365096 0.024083 0.023293
0 0.291189 0.299188 0.023891 0.025587
0 0.830466 0.447856 0.025994 0.024704
0 0.235952 0.458091 0.023509 0.022234
0 0.539851 0.946356 0.025420 0.022587
0 0.373567 0.433739 0.028479 0.022940
0 0.374618 0.410799 0.028287 0.022234
0 0.479358 0.142845 0.025229 0.022410
0 0.290329 0.323540 0.024465 0.020999
0 0.429472 0.607729 0.025229 0.023293
0 0.726013 0.471855 0.025803 0.025763
0 0.263284 0.096788 0.029243 0.025587
0 0.669725 0.180342 0.025994 0.024352
0 0.454033 0.292924 0.020451 0.023999
0 0.508601 0.402859 0.023318 0.022940
0 0.482607 0.273954 0.023318 0.019587
0 0.560302 0.142139 0.023891 0.021705
0 0.669534 0.205488 0.024847 0.025940
0 0.103402 0.457297 0.023318 0.021352
0 0.347859 0.657226 0.025612 0.023822
0 0.483754 0.387065 0.025229 0.023822
0 0.699063 0.223575 0.029625 0.025410
0 0.725726 0.670372 0.023700 0.020822
0 0.648318 0.808805 0.027141 0.023469
0 0.535359 0.564408 0.021789 0.021705
0 0.589736 0.454914 0.025420 0.022940
0 0.457282 0.227898 0.024274 0.022763
0 0.617546 0.404006 0.024465 0.021705
0 0.128440 0.367920 0.026376 0.020822
0 0.780294 0.714311 0.024274 0.023999
0 0.210627 0.189165 0.024847 0.023999
0 0.401185 0.297865 0.026758 0.019411
0 0.182722 0.185548 0.024465 0.025234
0 0.485952 0.856273 0.023127 0.020293
0 0.670585 0.319305 0.022362 0.024881
0 0.292336 0.437798 0.025803 0.022587
0 0.615348 0.520293 0.023127 0.021705
0 0.153765 0.097759 0.028479 0.024704
0 0.454320 0.075260 0.024083 0.021352
0 0.535168 0.227369 0.026758 0.022410
0 0.291667 0.073231 0.026758 0.020469
0 0.179759 0.279072 0.023127 0.024175
0 0.479071 0.098641 0.023509 0.024704
0 0.372515 0.299012 0.024847 0.026645
0 0.618406 0.649109 0.025803 0.022763
0 0.673165 0.382742 0.025229 0.020116
0 0.647745 0.897477 0.025994 0.025763
0 0.620508 0.878242 0.024274 0.025057
0 0.344515 0.479178 0.027714 0.029116
0 0.561544 0.585142 0.023700 0.022587
0 0.758601 0.941239 0.025612 0.020822
0 0.673261 0.427563 0.024274 0.022940
0 0.590119 0.407976 0.026950 0.023646
0 0.319667 0.657138 0.026567 0.022940
0 0.265673 0.589906 0.024847 0.023999
0 0.698872 0.448915 0.025038 0.021528
0 0.458429 0.631728 0.025420 0.023646
0 0.511468 0.771660 0.024083 0.026116
0 0.508314 0.449797 0.021980 0.022940
0 0.153670 0.142845 0.025229 0.023469
0 0.536028 0.367037 0.021980 0.024704
0 0.641915 0.182195 0.027714 0.020646
0 0.912462 0.379478 0.025229 0.023822
0 0.210531 0.277837 0.023891 0.024175
0 0.648222 0.829187 0.024274 0.020822
0 0.621177 0.853538 0.027141 0.025763
0 0.405677 0.721987 0.025803 0.026645
0 0.535933 0.298306 0.025612 0.020646
0 0.918100 0.689871 0.027332 0.023822
0 0.589736 0.431798 0.025803 0.024352
0 0.131212 0.548350 0.023509 0.020646
0 0.181766 0.053379 0.026758 0.025234
0 0.455562 0.522146 0.022362 0.023999
0 0.317374 0.074554 0.022362 0.023469
0 0.428804 0.095200 0.028479 0.025587
0 0.485856 0.797335 0.025229 0.024881
0 0.536888 0.320540 0.024083 0.020646
0 0.375096 0.588142 0.025420 0.022587
0 0.426988 0.385918 0.022936 0.024352
0 0.724866 0.361391 0.023127 0.019411
0 0.588781 0.339774 0.023891 0.020999
0 0.532970 0.161990 0.023509 0.021881
0 0.376242 0.722075 0.026567 0.023646
0 0.643731 0.274396 0.023700 0.022234
0 0.829128 0.379478 0.026758 0.020293
0 0.620508 0.810570 0.021980 0.021705
0 0.346044 0.632257 0.023509 0.026116
0 0.752007 0.586554 0.023127 0.023646
0 0.155103 0.612758 0.025803 0.022058
0 0.210340 0.393153 0.021980 0.019058
0 0.264717 0.614082 0.022554 0.025410
0 0.918291 0.714399 0.026185 0.024528
0 0.564794 0.720046 0.025994 0.019940
0 0.481747 0.542439 0.021598 0.019764
0 0.183200 0.434533 0.027332 0.020293
0 0.400516 0.143903 0.025038 0.022058
0 0.399943 0.275896 0.023891 0.024175
0 0.645260 0.318511 0.025994 0.023293
0 0.540233 0.834480 0.025038 0.026116
0 0.478498 0.120875 0.020451 0.021175
0 0.343272 0.384948 0.025229 0.023822
0 0.399847 0.122640 0.022171 0.020469
0 0.291667 0.544380 0.025229 0.021528
0 0.344610 0.141609 0.025612 0.025587
0 0.077504 0.392800 0.024274 0.022940
0 0.751529 0.540409 0.024847 0.020646
0 0.129778 0.479266 0.028670 0.023293
0 0.482320 0.320275 0.025420 0.024352
0 0.511946 0.883713 0.025038 0.022587
0 0.292049 0.566437 0.024847 0.021528
0 0.291858 0.458002 0.023700 0.019587
0 0.345948 0.562202 0.024847 0.022940
0 0.563169 0.427563 0.021598 0.020822
0 0.400898 0.320364 0.025420 0.024528
0 0.343846 0.097230 0.024847 0.022940
0 0.183773 0.524969 0.024656 0.023646
0 0.156919 0.414593 0.024083 0.019234
0 0.562596 0.563349 0.025420 0.023116
0 0.509079 0.357597 0.026567 0.019587
0 0.104262 0.480325 0.023127 0.024352
0 0.129205 0.571378 0.022171 0.023293
0 0.508888 0.697635 0.023127 0.022410
0 0.209480 0.633316 0.021024 0.022234
0 0.563360 0.628198 0.023891 0.022940
0 0.780485 0.560526 0.024656 0.024175
0 0.620222 0.901359 0.024465 0.022587
0 0.104071 0.435945 0.021980 0.022058
0 0.561927 0.182636 0.025229 0.020116
0 0.588685 0.317981 0.024465 0.021881
0 0.156059 0.527528 0.021598 0.024175
0 0.374904 0.162167 0.026185 0.020822
0 0.461009 0.855038 0.025612 0.020999
0 0.375478 0.632257 0.026950 0.023999
0 0.674885 0.794953 0.023700 0.020822
0 0.317278 0.122816 0.024083 0.026469
0 0.671827 0.361302 0.021024 0.021352
0 0.294534 0.722075 0.023318 0.024704
0 0.123567 0.032910 0.024274 0.022410
0 0.618119 0.383801 0.028287 0.019411
0 0.701357 0.875860 0.025038 0.022763
0 0.342699 0.118317 0.024465 0.020293
0 0.588016 0.541998 0.024656 0.024175
0 0.459576 0.589995 0.026185 0.023116
0 0.854740 0.335627 0.023700 0.020822
0 0.426510 0.541645 0.025803 0.022058
0 0.698012 0.409476 0.023700 0.020999
0 0.182817 0.413093 0.024656 0.020469
0 0.728976 0.879389 0.025229 0.021352
0 0.697726 0.337304 0.026185 0.024528
0 0.260703 0.275807 0.025229 0.022587
0 0.374044 0.118317 0.027523 0.023469
0 0.640959 0.160402 0.024656 0.025763
0 0.372515 0.052409 0.025612 0.025057
0 0.562596 0.316217 0.025803 0.021528
0 0.563169 0.648579 0.023891 0.020646
0 0.431862 0.835363 0.024656 0.021528
0 0.729453 0.899947 0.025803 0.020469
0 0.612959 0.140551 0.023318 0.020999
0 0.647458 0.874978 0.024656 0.020293
0 0.210245 0.371361 0.025229 0.027351
0 0.509557 0.541292 0.022936 0.022058
0 0.619170 0.768396 0.022745 0.021705
0 0.884843 0.467972 0.022362 0.023999
0 0.344515 0.297777 0.023891 0.023822
0 0.534213 0.205753 0.024465 0.021881
0 0.698394 0.162255 0.024083 0.022410
0 0.674790 0.815423 0.023509 0.022940
0 0.075879 0.232486 0.027141 0.025587
0 0.155485 0.436298 0.021598 0.023116
0 0.480409 0.206900 0.022745 0.019940
0 0.183486 0.592112 0.025229 0.018528
0 0.347764 0.679372 0.026950 0.022234
0 0.076166 0.415740 0.023127 0.022234
0 0.342985 0.052497 0.021598 0.020293
0 0.372420 0.096171 0.025420 0.021881
0 0.615826 0.470884 0.026376 0.024528
0 0.729931 0.920769 0.023318 0.024704
0 0.621560 0.832010 0.024083 0.018705
0 0.510417 0.607641 0.025038 0.019587
0 0.431097 0.791953 0.025420 0.022940
0 0.125573 0.187489 0.020642 0.019234
0 0.728211 0.811629 0.025229 0.023116
0 0.617068 0.270072 0.022745 0.018175
0 0.344706 0.342774 0.027332 0.018881
0 0.266055 0.722781 0.023700 0.022234
0 0.347190 0.700106 0.024656 0.020999
0 0.884939 0.400124 0.022554 0.021352
0 0.674599 0.879301 0.025803 0.017999
0 0.430810 0.205841 0.024847 0.024528
0 0.150516 0.032469 0.024274 0.022940
0 0.483563 0.700018 0.023318 0.023646
0 0.263761 0.229222 0.027523 0.024352
0 0.402619 0.411241 0.024274 0.021705
0 0.427179 0.119728 0.024083 0.024528
0 0.155868 0.570055 0.022362 0.021705
0 0.644495 0.648756 0.022936 0.020293
0 0.345757 0.228692 0.025612 0.023293
0 0.753727 0.768396 0.023127 0.022410
0 0.318234 0.208135 0.024083 0.023116
0 0.457187 0.207605 0.024847 0.022410
0 0.617641 0.671608 0.025420 0.024704
0 0.506594 0.205223 0.022362 0.021175
0 0.563169 0.695430 0.026567 0.026469
0 0.508792 0.273866 0.022936 0.020822
0 0.128823 0.415740 0.023318 0.023646
0 0.750000 0.380184 0.022171 0.021705
0 0.126051 0.208488 0.023891 0.023116
0 0.698394 0.200812 0.022936 0.020469
0 0.482703 0.564761 0.023127 0.024175
0 0.183964 0.457385 0.023891 0.021881
0 0.210149 0.075613 0.029625 0.025234
0 0.670776 0.273249 0.022745 0.023822
0 0.428421 0.454826 0.023509 0.022410
0 0.262041 0.299718 0.025229 0.023822
0 0.827791 0.401888 0.025612 0.024881
0 0.536028 0.652550 0.022362 0.022234
0 0.780485 0.650697 0.023509 0.023822
0 0.645833 0.432416 0.021407 0.022410
0 0.751816 0.315246 0.026185 0.020646
0 0.430333 0.228869 0.023891 0.021528
0 0.156441 0.635786 0.023509 0.022587
0 0.182913 0.548791 0.023318 0.023646
0 0.479453 0.164373 0.024274 0.020999
0 0.537366 0.721369 0.025420 0.023646
0 0.123280 0.100671 0.023700 0.020293
0 0.752102 0.653256 0.023700 0.022940
0 0.538322 0.770690 0.024274 0.023469
0 0.399083 0.075084 0.022554 0.023116
0 0.512137 0.797600 0.024656 0.025410
0 0.455275 0.431357 0.021789 0.021705
0 0.372993 0.342245 0.021598 0.022058
0 0.508123 0.587877 0.023509 0.020293
0 0.290329 0.207517 0.022936 0.019411
0 0.398987 0.099612 0.024274 0.024528
0 0.400707 0.543409 0.021980 0.021705
0 0.183200 0.344627 0.027714 0.024352
0 0.293005 0.480766 0.024465 0.024881
0 0.478784 0.075437 0.022554 0.022058
0 0.858276 0.539880 0.022362 0.022058
0 0.374713 0.610288 0.025038 0.021705
0 0.782301 0.875684 0.025612 0.022410
0 0.724388 0.295218 0.023318 0.020469
0 0.670776 0.341009 0.022362 0.018175
0 0.673452 0.920240 0.022745 0.021528
0 0.427561 0.518528 0.023700 0.021705
0 0.261277 0.371361 0.024083 0.025234
0 0.233276 0.032380 0.021598 0.024175
0 0.539469 0.811893 0.023509 0.020469
0 0.154817 0.187930 0.025612 0.023293
0 0.427274 0.319217 0.025420 0.020469
0 0.588112 0.295483 0.024083 0.022763
0 0.289469 0.051791 0.023509 0.023116
0 0.238341 0.522234 0.024083 0.020293
0 0.671445 0.156785 0.025612 0.023469
0 0.237003 0.480148 0.023700 0.023293
0 0.374140 0.523293 0.023127 0.022410
0 0.099006 0.207341 0.023700 0.023646
0 0.344132 0.431357 0.025038 0.024528
0 0.590883 0.768396 0.024656 0.023469
0 0.829989 0.424563 0.023509 0.022940
0 0.454606 0.360244 0.021980 0.021705
0 0.672018 0.583730 0.025612 0.021528
0 0.373662 0.272896 0.025612 0.023469
0 0.317374 0.051526 0.025038 0.023293
0 0.644400 0.671519 0.025038 0.023116
0 0.883410 0.314452 0.024847 0.024704
0 0.857320 0.583201 0.022745 0.021528
0 0.782779 0.920416 0.024656 0.020116
0 0.593750 0.923240 0.023509 0.019058
0 0.538800 0.925181 0.023318 0.019764
0 0.454797 0.316305 0.022362 0.018881
0 0.235570 0.301394 0.023127 0.021881
0 0.374044 0.793012 0.024083 0.021881
0 0.319859 0.680783 0.023509 0.022587
0 0.316323 0.163490 0.025994 0.023116
0 0.509748 0.651315 0.021407 0.021881
0 0.726300 0.544380 0.022936 0.019411
0 0.210531 0.545880 0.024656 0.019234
0 0.728115 0.856538 0.023509 0.024352
0 0.756021 0.879831 0.020451 0.018352
0 0.456804 0.653785 0.022554 0.021528
0 0.345279 0.791865 0.022745 0.025234
0 0.237576 0.387418 0.024083 0.022763
0 0.675268 0.771484 0.026758 0.026116
0 0.509365 0.564761 0.025994 0.024175
0 0.829606 0.292395 0.024274 0.022234
0 0.594228 0.965590 0.022554 0.023293
0 0.586487 0.141080 0.023891 0.023116
0 0.725535 0.522410 0.022554 0.024881
0 0.263761 0.456414 0.024465 0.024528
0 0.725917 0.586642 0.023318 0.020646
0 0.123471 0.121934 0.021024 0.023999
0 0.561831 0.162167 0.026567 0.020469
0 0.154339 0.347097 0.021216 0.021175
0 0.645929 0.627051 0.023509 0.021705
0 0.670680 0.563437 0.024083 0.022234
0 0.485378 0.837568 0.020833 0.019940
0 0.183104 0.656520 0.025994 0.021705
0 0.235761 0.635521 0.023509 0.024175
0 0.318234 0.185283 0.024465 0.022234
0 0.457187 0.545439 0.025229 0.024704
0 0.317756 0.589730 0.023127 0.025410
0 0.453937 0.124669 0.022554 0.023822
0 0.647267 0.941239 0.023509 0.022234
0 0.854453 0.357685 0.024274 0.020116
0 0.290520 0.095818 0.021789 0.026116
0 0.292527 0.632963 0.023509 0.020822
0 0.123089 0.078878 0.023318 0.023999
0 0.183200 0.390330 0.021980 0.024352
0 0.724388 0.404006 0.019878 0.023116
0 0.591839 0.880360 0.023891 0.022587
0 0.050841 0.303335 0.025612 0.023293
0 0.698299 0.583466 0.024656 0.023116
0 0.587252 0.116376 0.024274 0.024881
0 0.129492 0.391212 0.024274 0.024704
0 0.775325 0.363684 0.022362 0.024352
0 0.595279 0.943180 0.025420 0.020822
0 0.318903 0.524881 0.022745 0.023469
0 0.561449 0.539439 0.021598 0.022940
0 0.854262 0.398712 0.022362 0.021705
0 0.427466 0.433386 0.021598 0.020469
0 0.375096 0.545880 0.021598 0.026645
0 0.236621 0.543497 0.023700 0.022234
0 0.536602 0.673460 0.022745 0.020999
0 0.776854 0.411505 0.023891 0.020116
0 0.344801 0.321246 0.024083 0.024528
0 0.755161 0.808276 0.022936 0.023822
0 0.701835 0.855303 0.025229 0.017999
0 0.750382 0.357950 0.025612 0.022058
0 0.181193 0.117699 0.025994 0.023293
0 0.589832 0.271837 0.024465 0.023116
0 0.210818 0.413976 0.021789 0.024352
0 0.266246 0.636668 0.024847 0.022234
0 0.157301 0.550644 0.023700 0.017470
0 0.264622 0.434710 0.022745 0.017470
0 0.779625 0.627493 0.026376 0.025410
0 0.776663 0.316481 0.021598 0.023822
0 0.616208 0.541821 0.023700 0.023822
0 0.562691 0.607641 0.024465 0.021705
0 0.454224 0.166137 0.022745 0.020999
0 0.728211 0.833774 0.022554 0.021528
0 0.593846 0.902329 0.024847 0.021705
0 0.670967 0.604994 0.024656 0.022410
0 0.589258 0.362449 0.023318 0.022234
0 0.459767 0.832892 0.023509 0.023646
0 0.458238 0.568378 0.024274 0.020116
0 0.642871 0.225781 0.025420 0.019234
0 0.429568 0.629698 0.023127 0.021352
0 0.617641 0.335716 0.022362 0.022763
0 0.400612 0.051791 0.023318 0.020293
0 0.401089 0.565202 0.023127 0.021175
0 0.643444 0.539968 0.022745 0.023293
0 0.426988 0.340833 0.025229 0.020293
0 0.699446 0.538557 0.021980 0.020469
0 0.403287 0.698253 0.021789 0.022940
0 0.566036 0.771043 0.024656 0.026293
0 0.261181 0.415211 0.020833 0.021881
0 0.480696 0.228075 0.021407 0.022763
0 0.562022 0.472031 0.022745 0.026116
0 0.374331 0.454385 0.024656 0.019058
0 0.372037 0.074378 0.021980 0.020293
0 0.641724 0.204606 0.025420 0.022410
0 0.727542 0.789042 0.023509 0.022763
0 0.910455 0.334657 0.024274 0.020646
0 0.103689 0.546585 0.022745 0.024528
0 0.401089 0.609935 0.021980 0.022763
0 0.506785 0.140815 0.023127 0.021881
0 0.751242 0.473972 0.021980 0.023999
0 0.320050 0.702841 0.022362 0.022587
0 0.153670 0.326540 0.019878 0.019587
0 0.152905 0.304394 0.023318 0.024704
0 0.234518 0.054350 0.024083 0.022940
0 0.479167 0.184577 0.023318 0.022234
0 0.399847 0.521793 0.022554 0.021881
0 0.260703 0.343568 0.025994 0.023293
0 0.236334 0.659167 0.024656 0.023116
0 0.645260 0.561055 0.022171 0.022410
0 0.318425 0.634022 0.021407 0.022234
0 0.182053 0.571996 0.024656 0.023822
0 0.459193 0.791424 0.022745 0.019411
0 0.589832 0.584260 0.024465 0.019411
0 0.754014 0.698430 0.024847 0.018705
0 0.589163 0.604641 0.025803 0.024528
0 0.209002 0.210693 0.022745 0.020469
0 0.588112 0.519852 0.019878 0.020469
0 0.345279 0.541292 0.023891 0.022058
0 0.236239 0.612758 0.023700 0.023469
0 0.778479 0.537939 0.022171 0.020999
0 0.154912 0.210252 0.023127 0.022058
0 0.237099 0.683430 0.023127 0.024352
0 0.725726 0.448827 0.021407 0.022763
0 0.235378 0.364920 0.021980 0.022587
0 0.210627 0.455444 0.020260 0.022587
0 0.458524 0.675137 0.024465 0.024704
0 0.751051 0.336421 0.023891 0.020999
0 0.209385 0.231251 0.025038 0.022763
0 0.619362 0.924651 0.023127 0.024352
0 0.293578 0.655461 0.023700 0.023469
0 0.182722 0.633933 0.024847 0.022058
0 0.181957 0.097582 0.029052 0.021528
0 0.344897 0.454120 0.026567 0.023822
0 0.560493 0.119111 0.025420 0.023293
0 0.560684 0.095641 0.026185 0.024704
0 0.156250 0.457385 0.023509 0.019058
0 0.079893 0.480325 0.024465 0.024352
0 0.181862 0.205929 0.024274 0.017293
0 0.674121 0.837568 0.022936 0.023116
0 0.402810 0.653256 0.023509 0.020822
0 0.861047 0.715017 0.022554 0.023646
0 0.345470 0.608347 0.022362 0.020646
0 0.181097 0.302717 0.022362 0.024881
0 0.755830 0.788601 0.025803 0.019411
0 0.884652 0.335980 0.023509 0.018705
0 0.616590 0.562467 0.020642 0.018528
0 0.566227 0.883713 0.021598 0.019764
0 0.726778 0.224016 0.021980 0.022410
0 0.124427 0.146197 0.022936 0.019587
0 0.429281 0.069525 0.024083 0.022940
0 0.702122 0.793983 0.024656 0.025940
0 0.211009 0.610817 0.021024 0.023822
0 0.509461 0.296630 0.023509 0.017999
0 0.290233 0.345509 0.024274 0.022587
0 0.430141 0.164461 0.023509 0.020469
0 0.540042 0.857508 0.022745 0.024175
0 0.125860 0.231339 0.023509 0.025410
0 0.129874 0.456238 0.025038 0.020646
0 0.751720 0.427298 0.025229 0.019587
0 0.724580 0.381242 0.020642 0.017117
0 0.263379 0.524881 0.022171 0.024175
0 0.207664 0.051526 0.021980 0.024352
0 0.746751 0.025057 0.021407 0.026822
0 0.182531 0.612758 0.024847 0.022410
0 0.671158 0.296277 0.020069 0.022234
0 0.260034 0.050644 0.023509 0.019764
0 0.778765 0.472296 0.024274 0.020999
0 0.647458 0.787101 0.022745 0.018881
0 0.782301 0.808717 0.023700 0.017999
0 0.459862 0.812246 0.021407 0.017293
0 0.752580 0.677607 0.023891 0.026469
0 0.749904 0.269455 0.024274 0.021175
0 0.783257 0.788248 0.022936 0.024704
0 0.482034 0.429063 0.023318 0.023116
0 0.182148 0.366949 0.022554 0.021352
0 0.103784 0.413711 0.021407 0.022763
0 0.754874 0.857244 0.023509 0.026116
0 0.376720 0.226046 0.027905 0.018705
0 0.701166 0.770337 0.022362 0.024528
0 0.047592 0.233545 0.026376 0.023116
0 0.782588 0.828834 0.023127 0.023293
0 0.885799 0.444327 0.025803 0.023646
0 0.210054 0.566967 0.023318 0.021881
0 0.615730 0.200723 0.023891 0.024881
0 0.833047 0.624846 0.022362 0.021881
0 0.431766 0.695694 0.021789 0.024881
0 0.540520 0.881066 0.023700 0.023293
0 0.855122 0.421299 0.022936 0.023116
0 0.509174 0.379478 0.022171 0.018175
0 0.427083 0.362273 0.022745 0.018352
0 0.858849 0.604288 0.023891 0.020646
0 0.075019 0.276954 0.022362 0.021705
0 0.562404 0.270602 0.024274 0.024528
0 0.674503 0.964179 0.025229 0.020116
0 0.400325 0.342597 0.022362 0.019587
0 0.592508 0.835539 0.024083 0.026116
0 0.210914 0.588407 0.021216 0.021352
0 0.293196 0.679901 0.021407 0.021528
0 0.511946 0.838627 0.022745 0.024881
0 0.048930 0.371625 0.025229 0.021175
0 0.565749 0.946268 0.022171 0.023469
0 0.726109 0.183872 0.024465 0.022587
0 0.778670 0.691636 0.023700 0.020999
0 0.483849 0.608170 0.020069 0.021352
0 0.261755 0.028939 0.027714 0.021175
0 0.672974 0.449003 0.025229 0.023822
0 0.404721 0.837568 0.023509 0.022410
0 0.374809 0.567937 0.024465 0.017117
0 0.672878 0.405858 0.025038 0.025763
0 0.511086 0.628022 0.023318 0.020822
0 0.645069 0.604906 0.024847 0.022234
0 0.856651 0.291777 0.023700 0.019587
0 0.911984 0.356626 0.024274 0.022587
0 0.585914 0.162432 0.022362 0.022410
0 0.562309 0.337392 0.022554 0.018352
0 0.696196 0.314011 0.021980 0.019940
0 0.182531 0.226840 0.021407 0.023116
0 0.723911 0.339598 0.023127 0.025234
0 0.458142 0.697106 0.022171 0.020293
0 0.779912 0.671343 0.025038 0.019940
0 0.427179 0.298218 0.022171 0.018705
0 0.104167 0.571555 0.023318 0.023646
0 0.103020 0.344715 0.021407 0.018881
0 0.831804 0.536527 0.024465 0.018528
0 0.886850 0.690577 0.021407 0.024881
0 0.616017 0.449797 0.024847 0.018352
0 0.483085 0.722516 0.019304 0.024528
0 0.860187 0.691283 0.023127 0.022058
0 0.702695 0.965326 0.025038 0.020646
0 0.403096 0.228692 0.024465 0.016587
0 0.912653 0.465855 0.025229 0.022234
0 0.563073 0.405594 0.019878 0.021352
0 0.506594 0.117346 0.023891 0.021881
0 0.701070 0.652373 0.022936 0.020822
0 0.267011 0.658814 0.025994 0.024528
0 0.484996 0.880007 0.022362 0.027881
0 0.454893 0.186254 0.023318 0.022058
0 0.859327 0.625728 0.022554 0.022940
0 0.619935 0.789483 0.023891 0.020116
0 0.855313 0.313746 0.022936 0.020822
0 0.209002 0.141698 0.020069 0.022940
0 0.534117 0.112317 0.020451 0.022058
0 0.506212 0.095906 0.022362 0.022410
0 0.591074 0.693224 0.020833 0.020646
0 0.702504 0.720134 0.025420 0.025763
0 0.459098 0.609935 0.025229 0.021352
0 0.209193 0.322657 0.023127 0.022763
0 0.099484 0.230722 0.022362 0.024175
0 0.860761 0.667990 0.022362 0.020999
0 0.536028 0.584701 0.020451 0.018881
0 0.753918 0.716781 0.025420 0.020822
0 0.782397 0.940974 0.021980 0.021352
0 0.510226 0.316128 0.026185 0.016411
0 0.078555 0.437180 0.025229 0.017117
0 0.431097 0.651226 0.022362 0.025234
0 0.455084 0.475472 0.022936 0.022763
0 0.782301 0.898094 0.024083 0.020999
0 0.566131 0.926063 0.021407 0.018705
0 0.075401 0.301747 0.021598 0.019058
0 0.831231 0.559114 0.020260 0.022058
0 0.670489 0.472296 0.021024 0.020646
0 0.123471 0.056203 0.021024 0.021352
0 0.730122 0.967972 0.023700 0.020999
0 0.612672 0.161902 0.023127 0.022058
0 0.613914 0.120963 0.023700 0.020293
0 0.458524 0.877448 0.027523 0.023822
0 0.481747 0.475031 0.023127 0.023293
0 0.780963 0.604906 0.026758 0.021881
0 0.430141 0.184224 0.023509 0.021881
0 0.426701 0.275543 0.021598 0.024881
0 0.235378 0.342597 0.022745 0.024528
0 0.535742 0.476354 0.020260 0.022058
0 0.538609 0.792306 0.020642 0.018705
0 0.859327 0.646727 0.022171 0.020469
0 0.454797 0.336157 0.019687 0.022587
0 0.562022 0.380978 0.021598 0.022940
0 0.209002 0.119287 0.021980 0.019764
0 0.129396 0.526116 0.020260 0.020999
0 0.098242 0.075260 0.021024 0.019940
0 0.210531 0.678754 0.024274 0.023469
0 0.485474 0.903300 0.022554 0.019411
0 0.103307 0.524704 0.022362 0.017470
0 0.777141 0.268837 0.025994 0.020999
0 0.180810 0.076143 0.020642 0.021705
0 0.750478 0.291953 0.022745 0.021352
0 0.290424 0.522852 0.024274 0.020116
0 0.262232 0.207694 0.026376 0.022234
0 0.458238 0.721193 0.025420 0.027528
0 0.855409 0.269367 0.022362 0.020646
0 0.210340 0.478207 0.022362 0.021175
0 0.485187 0.773249 0.020833 0.023999
0 0.776663 0.431092 0.023509 0.021175
0 0.208620 0.164990 0.023127 0.025763
0 0.262519 0.321069 0.023891 0.019234
0 0.343559 0.814805 0.021598 0.019587
0 0.778383 0.582142 0.023891 0.023999
0 0.698108 0.182019 0.023509 0.017470
0 0.075784 0.324422 0.020069 0.020646
0 0.828746 0.336686 0.021407 0.022587
0 0.566227 0.968590 0.026567 0.023293
0 0.430906 0.813923 0.023127 0.022410
0 0.180810 0.140021 0.021789 0.022763
0 0.701261 0.673902 0.022936 0.017646
0 0.401185 0.477501 0.020642 0.022940
0 0.373662 0.362890 0.019495 0.020646
0 0.645833 0.338715 0.023700 0.017470
0 0.702026 0.817011 0.022936 0.020116
0 0.856365 0.445650 0.026185 0.025234
0 0.267106 0.700635 0.023127 0.021705
0 0.589832 0.564584 0.025612 0.020999
0 0.619266 0.946974 0.021024 0.020646
0 0.260990 0.140109 0.023127 0.017999
0 0.565940 0.866331 0.021024 0.018881
0 0.888284 0.714134 0.020451 0.018705
0 0.293865 0.700635 0.023891 0.019234
0 0.155199 0.479089 0.021407 0.021528
0 0.261563 0.185460 0.023891 0.022234
0 0.562882 0.223399 0.025229 0.025763
0 0.482894 0.587965 0.020069 0.018705
0 0.669534 0.136051 0.024465 0.017646
0 0.429664 0.585848 0.021024 0.020822
0 0.343654 0.407711 0.027905 0.021352
0 0.561067 0.518617 0.020451 0.017293
0 0.647554 0.965678 0.025229 0.025940
0 0.507645 0.336863 0.021789 0.021528
0 0.402810 0.676548 0.021216 0.020469
0 0.670489 0.227104 0.021407 0.017293
0 0.616972 0.628198 0.022554 0.021175
0 0.916571 0.645844 0.018922 0.019764
0 0.887137 0.666490 0.021216 0.022940
0 0.454893 0.271396 0.022554 0.018352
0 0.565845 0.821687 0.021980 0.021352
0 0.432148 0.673196 0.025229 0.019411
0 0.512232 0.903829 0.023700 0.019764
0 0.780963 0.852920 0.020642 0.021352
0 0.320910 0.791071 0.024465 0.020469
0 0.428421 0.047821 0.023891 0.018352
0 0.099388 0.053644 0.024847 0.021528
0 0.883792 0.354773 0.019878 0.018881
0 0.344323 0.519764 0.021598 0.020293
0 0.290329 0.029822 0.025612 0.021528
0 0.049981 0.278895 0.025038 0.024881
0 0.857989 0.516058 0.022171 0.022058
0 0.535264 0.520734 0.023509 0.022587
0 0.046063 0.210870 0.023700 0.021881
0 0.124713 0.166402 0.021216 0.021881
0 0.292527 0.774749 0.025420 0.024175
0 0.126242 0.324687 0.023509 0.019411
0 0.725631 0.565114 0.022362 0.022763
0 0.099388 0.163402 0.021789 0.017999
0 0.618024 0.316040 0.022745 0.016587
0 0.235283 0.589818 0.021789 0.022058
0 0.759461 0.966561 0.026185 0.026645
0 0.725822 0.426593 0.021980 0.018528
0 0.672401 0.542527 0.025612 0.018881
0 0.290520 0.273954 0.025612 0.018881
0 0.726395 0.649462 0.024274 0.018528
0 0.458429 0.769278 0.021598 0.024528
0 0.316705 0.029028 0.024083 0.022410
0 0.834576 0.714487 0.023891 0.022234
0 0.618406 0.694812 0.027332 0.024175
0 0.181288 0.030175 0.026567 0.021528
0 0.829320 0.269014 0.022171 0.020999
0 0.100153 0.300071 0.019113 0.022058
0 0.373758 0.772278 0.022362 0.022763
0 0.857798 0.561673 0.022171 0.021175
0 0.831040 0.580995 0.020642 0.020646
0 0.208142 0.029469 0.022936 0.020116
0 0.320910 0.724104 0.022554 0.021705
0 0.590310 0.474501 0.021980 0.020822
0 0.430906 0.720663 0.023891 0.019764
0 0.210054 0.301482 0.021024 0.019587
0 0.726109 0.162961 0.023318 0.019587
0 0.725535 0.204959 0.021024 0.016764
0 0.234996 0.276425 0.017393 0.023116
0 0.077313 0.457385 0.021598 0.022587
0 0.784117 0.964179 0.022362 0.020822
0 0.749904 0.226928 0.023127 0.017293
0 0.261086 0.163226 0.021789 0.021528
0 0.294629 0.610288 0.021980 0.020293
0 0.341934 0.031057 0.019113 0.021881
0 0.482416 0.408505 0.023318 0.019058
0 0.724771 0.272013 0.022554 0.021705
0 0.207951 0.097318 0.019878 0.018881
0 0.482607 0.679813 0.021024 0.017822
0 0.562787 0.358391 0.019687 0.021528
0 0.620126 0.968767 0.022362 0.023293
0 0.726300 0.606494 0.021789 0.020116
0 0.640673 0.138257 0.019495 0.019234
0 0.048834 0.348950 0.020451 0.020293
0 0.671732 0.694547 0.028096 0.025410
0 0.590023 0.650079 0.024083 0.023646
0 0.342985 0.274131 0.020833 0.021705
0 0.374904 0.698959 0.023127 0.019411
0 0.912653 0.402947 0.024847 0.022058
0 0.799025 0.022940 0.024274 0.022587
0 0.403383 0.773249 0.023127 0.025057
0 0.482225 0.296277 0.023318 0.020116
0 0.403670 0.797512 0.023700 0.023822
0 0.152332 0.054526 0.021024 0.022234
0 0.512615 0.944239 0.027141 0.021528
0 0.884557 0.424034 0.026758 0.020116
0 0.430715 0.856361 0.022362 0.020469
0 0.775325 0.292306 0.021216 0.022410
0 0.827026 0.315070 0.022554 0.023469
0 0.181957 0.164108 0.023700 0.021175
0 0.771693 0.046762 0.022745 0.020822
0 0.049981 0.394653 0.026185 0.024881
0 0.511563 0.924299 0.023127 0.020469
0 0.317183 0.230369 0.023509 0.020293
0 0.562213 0.449885 0.018540 0.017117
0 0.643826 0.517911 0.018922 0.016940
0 0.858085 0.470972 0.026185 0.023646
0 0.154530 0.232575 0.025803 0.021881
0 0.266724 0.679725 0.022362 0.020116
0 0.050459 0.327245 0.024465 0.023469
0 0.375000 0.673902 0.027905 0.026116
0 0.888570 0.645315 0.023700 0.016234
0 0.913322 0.441503 0.021598 0.019058
0 0.782683 0.766014 0.024465 0.019411
0 0.317087 0.612846 0.021789 0.019411
0 0.698490 0.562643 0.024656 0.022058
0 0.431479 0.772102 0.025803 0.018881
0 0.910933 0.313482 0.022171 0.018528
0 0.699350 0.606758 0.022936 0.023822
0 0.237290 0.704694 0.019687 0.020646
0 0.265482 0.566790 0.021789 0.022587
0 0.670776 0.626875 0.022745 0.019234
0 0.372515 0.321952 0.021024 0.018175
0 0.181862 0.323187 0.020451 0.016764
0 0.263857 0.546585 0.021598 0.018175
0 0.101969 0.275366 0.027332 0.017117
0 0.511563 0.818511 0.023127 0.016058
0 0.750382 0.631286 0.019878 0.017822
0 0.775516 0.223222 0.023127 0.023646
0 0.539660 0.969649 0.023127 0.025410
0 0.290520 0.167196 0.022171 0.016411
0 0.072630 0.209635 0.017966 0.019411
0 0.750669 0.518528 0.024656 0.021705
0 0.101873 0.322746 0.022554 0.020116
0 0.690367 0.023205 0.021024 0.023822
0 0.370795 0.029557 0.021407 0.020646
0 0.751625 0.446974 0.022745 0.019764
0 0.618884 0.722340 0.024847 0.024175
0 0.700019 0.628992 0.021598 0.022763
0 0.883410 0.291424 0.018731 0.018528
0 0.887710 0.624669 0.020833 0.022234
0 0.508410 0.519058 0.021407 0.020293
0 0.670394 0.521440 0.021216 0.025763
0 0.751816 0.563437 0.023509 0.018705
0 0.724197 0.318334 0.025229 0.021528
0 0.373949 0.835274 0.026950 0.020999
0 0.533926 0.090965 0.023127 0.019587
0 0.097190 0.032116 0.020451 0.021175
0 0.321483 0.771572 0.023318 0.017470
0 0.096999 0.099082 0.023509 0.026293
0 0.647554 0.768043 0.024465 0.016764
0 0.800363 0.064055 0.025038 0.018705
0 0.916762 0.666226 0.018540 0.019234
0 0.830466 0.516146 0.022936 0.017293
0 0.589736 0.672666 0.021598 0.018705
0 0.455180 0.053909 0.023891 0.017822
0 0.236047 0.410446 0.020642 0.019411
0 0.505352 0.071290 0.022171 0.022587
0 0.404339 0.859273 0.022362 0.019940
0 0.726586 0.717928 0.022362 0.019234
0 0.778861 0.517117 0.023318 0.018175
0 0.183008 0.478384 0.024274 0.019764
0 0.671445 0.649197 0.024083 0.020469
0 0.484518 0.630228 0.023700 0.024881
0 0.588589 0.092112 0.026567 0.024352
0 0.835436 0.669049 0.022171 0.017470
0 0.431575 0.877272 0.021024 0.018881
0 0.726969 0.765308 0.024656 0.018705
0 0.750287 0.609582 0.022745 0.022763
0 0.075593 0.346303 0.018922 0.019234
0 0.128536 0.595818 0.021598 0.023822
0 0.854644 0.377537 0.023127 0.016764
0 0.508410 0.426504 0.020642 0.017293
0 0.719419 0.021793 0.019878 0.018528
0 0.152236 0.075084 0.023127 0.018881
0 0.099006 0.121493 0.018731 0.018175
0 0.099484 0.143374 0.023509 0.019234
0 0.458620 0.900388 0.024656 0.023822
0 0.235092 0.321069 0.022936 0.018881
0 0.561544 0.201870 0.023318 0.019058
0 0.943521 0.688195 0.018922 0.023646
0 0.614488 0.180254 0.024083 0.015705
0 0.345661 0.769984 0.022745 0.017470
0 0.376816 0.652373 0.023891 0.017293
0 0.639526 0.117081 0.019113 0.021352
0 0.592508 0.717928 0.025994 0.025587
0 0.097955 0.185195 0.021216 0.018175
0 0.700497 0.517822 0.021024 0.018881
0 0.646311 0.694989 0.023891 0.022410
0 0.913035 0.292571 0.025994 0.018705
0 0.889430 0.600406 0.023127 0.024528
0 0.746177 0.047644 0.022171 0.020822
0 0.125382 0.305806 0.019878 0.016234
0 0.912748 0.422446 0.022745 0.016587
0 0.942947 0.712899 0.019687 0.023999
0 0.671445 0.671343 0.025229 0.019940
0 0.834385 0.690224 0.022745 0.020646
0 0.238054 0.725781 0.022745 0.022234
0 0.317469 0.562026 0.022171 0.027175
0 0.404434 0.815864 0.024465 0.018175
0 0.799121 0.045527 0.024847 0.017999
0 0.776663 0.200547 0.024656 0.019940
0 0.104071 0.593877 0.023127 0.020999
0 0.831040 0.472472 0.023700 0.022058
0 0.072534 0.187136 0.018157 0.022410
0 0.749427 0.205311 0.024465 0.024528
0 0.586296 0.183695 0.023891 0.019058
0 0.399274 0.031586 0.022936 0.017293
0 0.482607 0.656697 0.022554 0.026293
0 0.663322 0.022146 0.018157 0.019587
0 0.833142 0.648932 0.021789 0.022763
0 0.587825 0.629963 0.020833 0.017999
0 0.614392 0.100582 0.021980 0.016940
0 0.291476 0.797865 0.026758 0.021352
0 0.318043 0.541733 0.021024 0.017999
0 0.648127 0.721016 0.022171 0.024704
0 0.320050 0.813129 0.020833 0.021881
0 0.828077 0.221105 0.022362 0.021528
0 0.750765 0.181489 0.021024 0.022058
0 0.053135 0.414681 0.021789 0.016940
0 0.211105 0.699929 0.023509 0.016058
0 0.698299 0.141080 0.023891 0.020646
0 0.771216 0.069878 0.024847 0.026469
0 0.184633 0.677695 0.024083 0.021352
0 0.935493 0.443092 0.016628 0.022234
0 0.129396 0.618228 0.019878 0.020646
0 0.882359 0.271837 0.019304 0.017822
0 0.746655 0.002559 0.027332 0.004764
0 0.774560 0.002735 0.026185 0.005117
0 0.943712 0.655991 0.018922 0.029469
0 0.719228 0.039615 0.019495 0.015352
0 0.266342 0.774660 0.022745 0.022587
0 0.801797 0.002559 0.025229 0.004764
0 0.480218 0.051615 0.021598 0.019940
0 0.532779 0.071378 0.026185 0.013235
0 0.669534 0.115493 0.025229 0.013235
0 0.587634 0.200988 0.023891 0.018705
0 0.936544 0.420505 0.019113 0.018705
0 0.935875 0.466296 0.022745 0.019940
0 0.883983 0.518617 0.021407 0.027528
0 0.886181 0.579319 0.023891 0.018705
0 0.914469 0.625640 0.022745 0.018881
0 0.673739 0.721634 0.026376 0.020999
0 0.484996 0.924563 0.021598 0.023116
