0 0.538965 0.189774 0.027043 0.032387
0 0.758796 0.377911 0.029369 0.032387
0 0.937627 0.221616 0.026461 0.032023
0 0.690026 0.097889 0.025589 0.032023
0 0.335708 0.379003 0.024135 0.031659
0 0.608607 0.849709 0.023844 0.032751
0 0.183484 0.557496 0.025589 0.032023
0 0.458127 0.380640 0.024135 0.032023
0 0.337889 0.730895 0.023844 0.033843
0 0.558011 0.816776 0.025007 0.033115
0 0.197150 0.190866 0.025007 0.032387
0 0.510468 0.731987 0.027043 0.030204
0 0.533731 0.816230 0.026461 0.032023
0 0.233934 0.411936 0.027043 0.032751
0 0.786711 0.760553 0.027043 0.032023
0 0.808811 0.436135 0.025880 0.035298
0 0.332509 0.496179 0.024716 0.033115
0 0.490986 0.158479 0.027043 0.032387
0 0.358534 0.494905 0.026170 0.032023
0 0.509014 0.846252 0.025298 0.033115
0 0.209945 0.409571 0.024426 0.029476
0 0.565571 0.069323 0.026752 0.028748
0 0.684792 0.817322 0.025589 0.032751
0 0.735097 0.758006 0.025589 0.034207
0 0.764612 0.069869 0.024716 0.030568
0 0.507851 0.877911 0.026461 0.031659
0 0.490695 0.071689 0.026461 0.029840
0 0.460163 0.729622 0.025298 0.030568
0 0.583018 0.403202 0.026752 0.029112
0 0.490113 0.098981 0.024716 0.029112
0 0.463507 0.218523 0.022681 0.031659
0 0.736842 0.309862 0.027334 0.029476
0 0.962489 0.221070 0.025007 0.033115
0 0.915237 0.070779 0.024135 0.029476
0 0.630852 0.522380 0.024716 0.033843
0 0.583309 0.375546 0.028497 0.032023
0 0.936173 0.280386 0.026461 0.033843
0 0.270427 0.042394 0.025007 0.031659
0 0.792527 0.042394 0.026461 0.032387
0 0.528787 0.644833 0.027624 0.029840
0 0.740477 0.099527 0.024716 0.033843
0 0.765048 0.098981 0.026170 0.032751
0 0.479209 0.564774 0.027334 0.037118
0 0.466996 0.188319 0.025589 0.031659
0 0.607444 0.879913 0.022099 0.031295
0 0.433556 0.846616 0.025007 0.031659
0 0.464815 0.157751 0.025298 0.034571
0 0.234225 0.495633 0.024135 0.033479
0 0.221431 0.042213 0.025298 0.033479
0 0.111515 0.495815 0.024716 0.035298
0 0.220704 0.190866 0.022099 0.028748
0 0.263013 0.848799 0.026461 0.031659
0 0.712126 0.308770 0.026752 0.029476
0 0.559465 0.847344 0.025589 0.030932
0 0.285839 0.437591 0.025007 0.032387
0 0.433265 0.904840 0.022681 0.030932
0 0.431957 0.407751 0.024716 0.029476
0 0.902443 0.620451 0.025880 0.032023
0 0.763303 0.190320 0.024426 0.033479
0 0.583309 0.848617 0.023263 0.030568
0 0.787438 0.190502 0.026752 0.032387
0 0.338470 0.762737 0.024426 0.031295
0 0.639866 0.042940 0.024135 0.034207
0 0.261122 0.908115 0.026752 0.033115
0 0.258942 0.647562 0.025880 0.029476
0 0.242803 0.280386 0.026170 0.032387
0 0.610788 0.278020 0.024716 0.032023
0 0.614423 0.070779 0.024426 0.025837
0 0.556412 0.525291 0.027043 0.032387
0 0.343705 0.071325 0.024426 0.032751
0 0.380343 0.615357 0.025589 0.032751
0 0.185083 0.526929 0.026461 0.032023
0 0.660076 0.759461 0.025007 0.030568
0 0.516865 0.098617 0.025298 0.036390
0 0.933847 0.433770 0.025298 0.032751
0 0.516284 0.040757 0.027043 0.031295
0 0.454202 0.645742 0.027334 0.030932
0 0.682902 0.375364 0.024135 0.030932
0 0.441844 0.070779 0.026461 0.027293
0 0.482553 0.379367 0.025880 0.032387
0 0.260395 0.380459 0.026461 0.033843
0 0.415237 0.309316 0.026752 0.029112
0 0.833091 0.911572 0.025589 0.034207
0 0.808229 0.406477 0.024716 0.029112
0 0.886013 0.729076 0.025589 0.030204
0 0.311428 0.379731 0.025007 0.032387
0 0.091887 0.730531 0.024426 0.033843
0 0.786130 0.732351 0.023553 0.031659
0 0.183774 0.496543 0.025589 0.030204
0 0.087962 0.407751 0.024135 0.031659
0 0.284385 0.525291 0.022681 0.026565
0 0.707182 0.404658 0.023844 0.028384
0 0.390375 0.158297 0.024716 0.032023
0 0.742222 0.067868 0.022390 0.030932
0 0.318988 0.072234 0.024426 0.028748
0 0.038238 0.436135 0.027624 0.033115
0 0.430939 0.495269 0.025589 0.033479
0 0.418726 0.042394 0.027334 0.031659
0 0.552486 0.613719 0.026170 0.031659
0 0.234661 0.439229 0.024426 0.028384
0 0.884123 0.849527 0.027043 0.030932
0 0.440390 0.157933 0.025880 0.033479
0 0.309101 0.525109 0.022099 0.029112
0 0.883251 0.376274 0.027624 0.029840
0 0.207764 0.556587 0.024716 0.033115
0 0.585635 0.278202 0.026170 0.032387
0 0.614859 0.098435 0.024135 0.033115
0 0.711544 0.278748 0.025007 0.032023
0 0.433702 0.815866 0.025298 0.032023
0 0.606426 0.523472 0.025298 0.033843
0 0.761704 0.309498 0.026461 0.029476
0 0.441117 0.187955 0.025589 0.029476
0 0.787438 0.159934 0.025589 0.030204
0 0.163274 0.409571 0.024135 0.030932
0 0.166327 0.731259 0.026752 0.030204
0 0.314336 0.729440 0.023844 0.028748
0 0.958709 0.526565 0.025589 0.028384
0 0.555830 0.409389 0.024135 0.032023
0 0.286857 0.378821 0.026461 0.031295
0 0.244112 0.074054 0.022972 0.029476
0 0.433265 0.876820 0.025007 0.030204
0 0.939663 0.071870 0.027043 0.031659
0 0.458273 0.846616 0.023844 0.030204
0 0.338180 0.845706 0.025007 0.033479
0 0.244257 0.103530 0.025007 0.032387
0 0.417563 0.098071 0.026752 0.033843
0 0.537947 0.218886 0.024426 0.030204
0 0.631434 0.375728 0.027043 0.032387
0 0.183920 0.586608 0.023553 0.029840
0 0.853737 0.558770 0.024426 0.032387
0 0.308375 0.554221 0.025298 0.032751
0 0.658186 0.377365 0.026461 0.034207
0 0.636231 0.279294 0.025589 0.032387
0 0.478482 0.524199 0.025298 0.034571
0 0.484298 0.846434 0.027043 0.034207
0 0.784967 0.848981 0.025880 0.034207
0 0.733062 0.847707 0.023263 0.028748
0 0.815789 0.102438 0.025880 0.033843
0 0.735534 0.279112 0.025298 0.031295
0 0.760686 0.278930 0.025007 0.030932
0 0.440971 0.219250 0.025880 0.034571
0 0.591015 0.043486 0.022390 0.036754
0 0.284530 0.584971 0.024716 0.031659
0 0.636377 0.758370 0.027043 0.032751
0 0.937627 0.191412 0.024135 0.031295
0 0.390375 0.308406 0.027043 0.030932
0 0.559610 0.729985 0.024716 0.029112
0 0.612678 0.217795 0.023263 0.030932
0 0.878598 0.559498 0.027043 0.032387
0 0.211399 0.909207 0.025589 0.033843
0 0.962780 0.190502 0.026752 0.031659
0 0.382815 0.380822 0.022972 0.036026
0 0.960454 0.434680 0.027915 0.031659
0 0.439808 0.249636 0.025298 0.029840
0 0.359116 0.377001 0.023263 0.027656
0 0.439517 0.309498 0.028206 0.029476
0 0.705147 0.494723 0.025007 0.032387
0 0.236697 0.380640 0.027334 0.033479
0 0.565426 0.041485 0.027624 0.032751
0 0.654987 0.493814 0.025880 0.035662
0 0.907677 0.434316 0.023553 0.029476
0 0.335708 0.407933 0.025880 0.029112
0 0.197441 0.101710 0.023844 0.031659
0 0.886013 0.190502 0.023263 0.030204
0 0.556703 0.379003 0.025298 0.036026
0 0.959290 0.557678 0.030241 0.036026
0 0.882524 0.434316 0.025589 0.030932
0 0.464379 0.309316 0.027334 0.029840
0 0.145100 0.278566 0.025007 0.030932
0 0.484879 0.729258 0.024135 0.029840
0 0.267956 0.158661 0.024716 0.032751
0 0.930212 0.526929 0.027334 0.034934
0 0.564554 0.099527 0.026461 0.036754
0 0.786130 0.279840 0.025298 0.032751
0 0.317680 0.310226 0.027624 0.030204
0 0.961181 0.278566 0.025298 0.033115
0 0.710526 0.731987 0.024135 0.028748
0 0.172870 0.072780 0.023553 0.029840
0 0.607299 0.433770 0.025298 0.034934
0 0.123437 0.191594 0.024135 0.031659
0 0.857081 0.880095 0.024135 0.031659
0 0.936028 0.847889 0.025007 0.034207
0 0.358680 0.407751 0.020646 0.031659
0 0.857517 0.434498 0.026170 0.033479
0 0.713289 0.187227 0.023844 0.026565
0 0.417854 0.069687 0.020936 0.026565
0 0.683047 0.847162 0.023844 0.027656
0 0.283658 0.646288 0.027624 0.030568
0 0.504216 0.526565 0.024426 0.033479
0 0.708055 0.375546 0.024426 0.030568
0 0.866676 0.043850 0.024716 0.031659
0 0.034894 0.731077 0.026170 0.030568
0 0.509160 0.761099 0.025007 0.032387
0 0.172288 0.161208 0.025880 0.032023
0 0.514685 0.188865 0.025589 0.032751
0 0.209799 0.438683 0.023553 0.033115
0 0.385286 0.846616 0.024426 0.033843
0 0.117040 0.760371 0.024716 0.032387
0 0.612678 0.308588 0.026170 0.029840
0 0.148444 0.042758 0.024135 0.032387
0 0.632451 0.847889 0.023263 0.029840
0 0.411311 0.760007 0.024135 0.030204
0 0.760541 0.759825 0.025298 0.032023
0 0.312155 0.846980 0.024716 0.028748
0 0.853010 0.619541 0.024716 0.030932
0 0.834690 0.377183 0.025880 0.031659
0 0.530241 0.524381 0.026461 0.034207
0 0.457255 0.410844 0.022972 0.030568
0 0.617040 0.042213 0.026752 0.033479
0 0.532277 0.378093 0.024135 0.033479
0 0.860134 0.278748 0.025007 0.033479
0 0.311864 0.878275 0.023553 0.035298
0 0.342978 0.189774 0.025880 0.030932
0 0.808084 0.877911 0.025589 0.033843
0 0.140157 0.729622 0.024426 0.030568
0 0.578802 0.644651 0.029951 0.030204
0 0.283803 0.495269 0.023844 0.035662
0 0.913202 0.190684 0.026461 0.034207
0 0.927886 0.617540 0.026752 0.032023
0 0.091015 0.701601 0.025589 0.028384
0 0.141611 0.759643 0.025007 0.033843
0 0.661530 0.729258 0.023263 0.032023
0 0.808956 0.846980 0.022681 0.027293
0 0.562518 0.157751 0.025880 0.035298
0 0.587671 0.309862 0.027334 0.030204
0 0.582146 0.434316 0.026170 0.035298
0 0.737569 0.217431 0.027624 0.030932
0 0.513521 0.250182 0.026752 0.033115
0 0.161530 0.495451 0.021809 0.032387
0 0.756906 0.405932 0.025589 0.027293
0 0.657604 0.434498 0.023553 0.029840
0 0.512504 0.219432 0.025298 0.031295
0 0.479500 0.644287 0.028497 0.032387
0 0.196860 0.072416 0.022099 0.029112
0 0.283076 0.554221 0.024135 0.032751
0 0.531404 0.435590 0.024135 0.030568
0 0.928613 0.559862 0.026461 0.031659
0 0.317389 0.278748 0.026461 0.033479
0 0.717650 0.068049 0.025589 0.029112
0 0.583164 0.875910 0.025298 0.032751
0 0.561937 0.247453 0.025880 0.031295
0 0.415382 0.279112 0.024716 0.032023
0 0.636958 0.309134 0.027043 0.030204
0 0.091887 0.762009 0.026170 0.033479
0 0.766938 0.039847 0.024716 0.034571
0 0.561355 0.278020 0.024716 0.032751
0 0.909858 0.280204 0.025589 0.032751
0 0.123728 0.074236 0.023553 0.028384
0 0.432684 0.936317 0.025007 0.033479
0 0.631870 0.877365 0.025007 0.032751
0 0.687555 0.309134 0.027043 0.029476
0 0.589852 0.157569 0.025298 0.032751
0 0.613114 0.187409 0.023553 0.032751
0 0.687845 0.216885 0.024135 0.028384
0 0.359698 0.939229 0.025589 0.033479
0 0.235388 0.909571 0.022972 0.033843
0 0.504071 0.495451 0.023553 0.030932
0 0.584181 0.818049 0.023844 0.034207
0 0.532277 0.407569 0.024135 0.029112
0 0.715470 0.098435 0.024716 0.035298
0 0.384123 0.907023 0.023263 0.035298
0 0.762431 0.159025 0.025589 0.033479
0 0.239459 0.732351 0.025880 0.030204
0 0.755161 0.587336 0.025007 0.033479
0 0.928758 0.590247 0.025589 0.032023
0 0.220704 0.162118 0.025007 0.031659
0 0.905641 0.972525 0.028206 0.030204
0 0.383687 0.439592 0.024135 0.034207
0 0.535039 0.703239 0.025589 0.033843
0 0.780459 0.523108 0.023844 0.032387
0 0.939081 0.100073 0.025880 0.030568
0 0.382669 0.525837 0.022099 0.029840
0 0.288601 0.761281 0.026461 0.032751
0 0.556412 0.437773 0.024135 0.032751
0 0.841524 0.043486 0.025589 0.033115
0 0.677086 0.646652 0.027043 0.032023
0 0.658331 0.407023 0.026752 0.028020
0 0.512358 0.279658 0.026170 0.032387
0 0.407967 0.435408 0.026752 0.033843
0 0.503926 0.643741 0.027334 0.031295
0 0.737714 0.187591 0.023844 0.030204
0 0.682902 0.403202 0.025880 0.027656
0 0.835272 0.435226 0.022972 0.030568
0 0.188136 0.731259 0.025589 0.030932
0 0.590724 0.100983 0.025880 0.032387
0 0.286711 0.938319 0.026170 0.033115
0 0.628090 0.584607 0.023844 0.031659
0 0.662402 0.308770 0.028497 0.029476
0 0.864932 0.072416 0.022390 0.026929
0 0.702384 0.585881 0.025298 0.029840
0 0.430358 0.552402 0.025589 0.034207
0 0.220413 0.219614 0.025007 0.030932
0 0.293399 0.159571 0.027334 0.033115
0 0.884414 0.280932 0.025880 0.032751
0 0.852573 0.588246 0.025589 0.033115
0 0.563245 0.187955 0.023844 0.028020
0 0.198023 0.042394 0.025589 0.033115
0 0.882669 0.404112 0.026461 0.030932
0 0.260395 0.939956 0.025298 0.032023
0 0.488514 0.309316 0.026752 0.029840
0 0.456237 0.439410 0.025007 0.030932
0 0.233353 0.586063 0.024716 0.030204
0 0.416109 0.249454 0.024426 0.031659
0 0.885141 0.220342 0.025589 0.031659
0 0.859116 0.376456 0.021809 0.032387
0 0.146118 0.218705 0.024135 0.033479
0 0.235679 0.526383 0.023553 0.030932
0 0.099738 0.044032 0.023263 0.033479
0 0.706892 0.909571 0.025589 0.032387
0 0.234807 0.940502 0.025880 0.031659
0 0.856208 0.973981 0.027043 0.029476
0 0.680140 0.495087 0.025007 0.032387
0 0.506252 0.409753 0.024426 0.026929
0 0.439663 0.278930 0.025589 0.031659
0 0.512067 0.310044 0.030241 0.032023
0 0.783222 0.377729 0.023553 0.032751
0 0.553359 0.644833 0.027915 0.029840
0 0.063391 0.406114 0.024426 0.028384
0 0.417272 0.218705 0.025589 0.033479
0 0.686537 0.279112 0.025589 0.032751
0 0.257924 0.585881 0.021518 0.029840
0 0.209654 0.526019 0.022681 0.029476
0 0.319715 0.101164 0.023553 0.033479
0 0.755888 0.434680 0.026461 0.030204
0 0.580547 0.493996 0.026461 0.034571
0 0.382815 0.496179 0.022972 0.031659
0 0.658186 0.853530 0.023553 0.032387
0 0.233062 0.647744 0.027624 0.029112
0 0.409858 0.905750 0.025880 0.032023
0 0.580401 0.551856 0.025589 0.030932
0 0.638994 0.099709 0.026461 0.029840
0 0.638267 0.158297 0.026752 0.034207
0 0.194969 0.309498 0.028206 0.030204
0 0.458564 0.876456 0.023263 0.030932
0 0.294708 0.043122 0.026461 0.030204
0 0.961617 0.372089 0.027915 0.035298
0 0.809538 0.819687 0.025589 0.033115
0 0.333673 0.526383 0.023553 0.028020
0 0.964379 0.758552 0.024716 0.035298
0 0.442134 0.098617 0.025298 0.032751
0 0.731172 0.404476 0.024135 0.028748
0 0.782204 0.405386 0.025007 0.029112
0 0.962925 0.849527 0.028787 0.033843
0 0.147863 0.188683 0.022390 0.028020
0 0.529805 0.583697 0.026170 0.032751
0 0.458564 0.816594 0.023263 0.032023
0 0.932829 0.912118 0.025589 0.033115
0 0.208200 0.584607 0.022681 0.027293
0 0.931666 0.972162 0.028497 0.031659
0 0.313027 0.701783 0.025298 0.031659
0 0.732044 0.376820 0.024135 0.030204
0 0.780314 0.557314 0.025298 0.034571
0 0.933265 0.405568 0.024135 0.032387
0 0.705874 0.937591 0.024716 0.030932
0 0.233789 0.556223 0.024426 0.030932
0 0.533731 0.760917 0.025298 0.036390
0 0.640448 0.072780 0.022972 0.029112
0 0.586653 0.702147 0.025298 0.033115
0 0.293545 0.226892 0.025298 0.031659
0 0.879035 0.497271 0.025589 0.030204
0 0.260541 0.409207 0.024426 0.028748
0 0.539692 0.099709 0.023844 0.035662
0 0.437046 0.731987 0.023844 0.031659
0 0.310992 0.409571 0.025880 0.028748
0 0.383396 0.938683 0.024716 0.031659
0 0.121838 0.161208 0.025007 0.029840
0 0.827421 0.617540 0.025298 0.033479
0 0.560773 0.758006 0.025298 0.031295
0 0.959000 0.495633 0.027915 0.037118
0 0.260541 0.818049 0.026170 0.034934
0 0.185519 0.408297 0.025007 0.029840
0 0.060192 0.615539 0.026170 0.031659
0 0.685955 0.757096 0.027334 0.030932
0 0.071969 0.159571 0.024135 0.035298
0 0.789328 0.098799 0.024716 0.030932
0 0.061064 0.646106 0.027334 0.030932
0 0.712416 0.247453 0.025007 0.031295
0 0.415528 0.158115 0.025589 0.033115
0 0.579093 0.612991 0.023553 0.030204
0 0.361151 0.876638 0.024426 0.029840
0 0.214306 0.727984 0.024426 0.029476
0 0.187991 0.972344 0.027043 0.030568
0 0.516429 0.068959 0.025589 0.027293
0 0.687118 0.247453 0.025007 0.033479
0 0.840215 0.072598 0.023553 0.027293
0 0.258942 0.496361 0.024716 0.032023
0 0.264321 0.761099 0.025007 0.030932
0 0.539983 0.041485 0.025007 0.032023
0 0.096830 0.249818 0.026170 0.032387
0 0.911893 0.221798 0.026752 0.030932
0 0.095667 0.280386 0.026170 0.032387
0 0.707182 0.432314 0.023263 0.029840
0 0.884996 0.310953 0.027624 0.032387
0 0.554231 0.494905 0.024426 0.033479
0 0.220704 0.071325 0.025589 0.029840
0 0.536784 0.248544 0.023844 0.030568
0 0.195551 0.221070 0.023553 0.030204
0 0.880634 0.972707 0.027043 0.030568
0 0.291655 0.309862 0.029078 0.032387
0 0.258942 0.525109 0.024135 0.026929
0 0.121111 0.311499 0.027043 0.030568
0 0.341233 0.310226 0.024716 0.028748
0 0.166764 0.761099 0.024135 0.032387
0 0.506543 0.378457 0.025007 0.034934
0 0.904333 0.558224 0.026170 0.032751
0 0.061500 0.906659 0.023553 0.032387
0 0.940826 0.042940 0.025880 0.032023
0 0.778424 0.618268 0.025007 0.032023
0 0.490695 0.041849 0.021809 0.033479
0 0.184792 0.438319 0.024716 0.033843
0 0.755598 0.523472 0.022972 0.028748
0 0.563245 0.308770 0.026752 0.028748
0 0.358971 0.437227 0.024135 0.031659
0 0.431957 0.380277 0.023553 0.032751
0 0.665455 0.100073 0.027043 0.032751
0 0.733207 0.702875 0.024716 0.028748
0 0.362751 0.756914 0.025298 0.030568
0 0.333818 0.436863 0.024426 0.032387
0 0.309101 0.495451 0.025007 0.032387
0 0.183484 0.647380 0.025589 0.028384
0 0.610643 0.703421 0.023844 0.032023
0 0.479064 0.493268 0.024716 0.028748
0 0.386886 0.699782 0.024135 0.034207
0 0.903460 0.589156 0.024426 0.033479
0 0.881506 0.912118 0.027043 0.031659
0 0.085926 0.585335 0.025298 0.029476
0 0.880052 0.527656 0.025880 0.033479
0 0.677377 0.609352 0.023553 0.029476
0 0.738296 0.158479 0.025007 0.032387
0 0.369148 0.041849 0.020646 0.034207
0 0.210236 0.939592 0.026170 0.032023
0 0.163420 0.380640 0.024426 0.031295
0 0.937482 0.250364 0.024426 0.032751
0 0.910294 0.311317 0.028206 0.031659
0 0.407967 0.937955 0.026752 0.033115
0 0.365659 0.277656 0.025298 0.032751
0 0.369439 0.072598 0.025298 0.030204
0 0.760977 0.730713 0.024426 0.028384
0 0.338180 0.878639 0.026752 0.033115
0 0.691335 0.039847 0.024135 0.033115
0 0.701512 0.647380 0.028206 0.031295
0 0.609916 0.731441 0.023553 0.029112
0 0.435010 0.762191 0.023263 0.030932
0 0.507415 0.908479 0.024426 0.030204
0 0.734661 0.728894 0.021809 0.026929
0 0.759378 0.847707 0.022972 0.028020
0 0.416400 0.187409 0.023263 0.028384
0 0.481681 0.968341 0.028787 0.031295
0 0.858534 0.848435 0.022972 0.029476
0 0.703257 0.554221 0.025298 0.034207
0 0.837744 0.159934 0.026752 0.036026
0 0.885286 0.161754 0.024135 0.030932
0 0.039837 0.248180 0.026170 0.032751
0 0.934283 0.375182 0.023844 0.034207
0 0.805321 0.555495 0.027043 0.031659
0 0.585054 0.758370 0.026170 0.033479
0 0.964234 0.728894 0.025589 0.030568
0 0.258215 0.616630 0.026170 0.033115
0 0.318843 0.219250 0.023553 0.031659
0 0.245275 0.220160 0.024135 0.032023
0 0.914801 0.043304 0.025007 0.028384
0 0.808229 0.376092 0.025298 0.035298
0 0.408258 0.381732 0.026752 0.037118
0 0.318261 0.189774 0.022972 0.030204
0 0.780314 0.588246 0.025880 0.030932
0 0.727828 0.617358 0.025007 0.033115
0 0.120093 0.249454 0.023844 0.033843
0 0.210090 0.496543 0.022390 0.032387
0 0.288165 0.877365 0.026170 0.033479
0 0.752981 0.648290 0.028787 0.030204
0 0.109043 0.605713 0.024426 0.032387
0 0.134923 0.646288 0.026752 0.030568
0 0.309974 0.439047 0.023263 0.033115
0 0.658767 0.816776 0.024716 0.027293
0 0.727246 0.648290 0.028497 0.030932
0 0.187555 0.848071 0.025589 0.031659
0 0.220413 0.100801 0.023263 0.030568
0 0.858389 0.819141 0.024426 0.032023
0 0.683484 0.909207 0.025298 0.030932
0 0.629980 0.553493 0.024135 0.033479
0 0.841088 0.100619 0.025298 0.032387
0 0.558302 0.877911 0.025589 0.032387
0 0.061500 0.874636 0.024135 0.035298
0 0.457255 0.905750 0.023553 0.031295
0 0.554231 0.582787 0.024426 0.030204
0 0.147281 0.102438 0.025298 0.033115
0 0.170253 0.308588 0.025880 0.028384
0 0.731172 0.939229 0.026461 0.031295
0 0.837162 0.247635 0.025007 0.030932
0 0.683193 0.877183 0.023553 0.033843
0 0.344577 0.101892 0.023844 0.032023
0 0.340942 0.279658 0.024716 0.031659
0 0.688136 0.187591 0.024135 0.031659
0 0.537511 0.157569 0.025298 0.034934
0 0.890957 0.073326 0.025589 0.030204
0 0.858825 0.404658 0.024135 0.026929
0 0.480954 0.407387 0.025007 0.026565
0 0.864786 0.099345 0.022681 0.030568
0 0.429340 0.644651 0.026461 0.028748
0 0.536784 0.278930 0.025589 0.031659
0 0.159058 0.647744 0.025589 0.029112
0 0.528351 0.614083 0.025589 0.031659
0 0.704274 0.523654 0.023844 0.028384
0 0.382233 0.411026 0.025298 0.027293
0 0.651643 0.645197 0.027915 0.029112
0 0.755307 0.555131 0.024135 0.036026
0 0.086362 0.525837 0.026752 0.031295
0 0.312300 0.818231 0.025589 0.033115
0 0.430939 0.523836 0.022681 0.026565
0 0.679849 0.526383 0.022681 0.031659
0 0.556703 0.937045 0.025298 0.032751
0 0.041436 0.190320 0.029369 0.034207
0 0.317825 0.248362 0.023263 0.028748
0 0.482553 0.878275 0.025880 0.033115
0 0.479354 0.436499 0.025880 0.032387
0 0.962489 0.159207 0.026170 0.034571
0 0.884269 0.818049 0.026170 0.032023
0 0.259378 0.554949 0.025007 0.031295
0 0.731317 0.433952 0.024426 0.032387
0 0.652806 0.585517 0.026170 0.033479
0 0.287438 0.847889 0.024135 0.030568
0 0.428613 0.614629 0.024426 0.032023
0 0.171998 0.220706 0.024135 0.033115
0 0.390957 0.099891 0.025880 0.035298
0 0.382233 0.584607 0.024135 0.032387
0 0.158476 0.618268 0.023263 0.029840
0 0.405932 0.585699 0.026170 0.035298
0 0.340942 0.250546 0.025880 0.030204
0 0.803431 0.618632 0.025007 0.032751
0 0.405350 0.554767 0.027334 0.031659
0 0.656005 0.523654 0.025007 0.028384
0 0.366095 0.187955 0.023263 0.025837
0 0.907677 0.404112 0.025880 0.030932
0 0.111515 0.525837 0.023553 0.028384
0 0.885286 0.250728 0.023553 0.032751
0 0.161530 0.437227 0.022390 0.028020
0 0.208345 0.615902 0.024135 0.033115
0 0.042745 0.101346 0.031404 0.035298
0 0.637104 0.730895 0.025589 0.029476
0 0.662111 0.250000 0.026170 0.032023
0 0.211108 0.380459 0.025589 0.032387
0 0.268101 0.190138 0.025007 0.034571
0 0.172870 0.101892 0.027043 0.030568
0 0.186973 0.379549 0.026170 0.029840
0 0.343268 0.159571 0.024135 0.032387
0 0.365368 0.247999 0.024716 0.032387
0 0.656005 0.554221 0.026170 0.032751
0 0.760541 0.249090 0.025298 0.030204
0 0.187409 0.817504 0.025880 0.031659
0 0.505670 0.437773 0.025007 0.033479
0 0.112533 0.437227 0.025007 0.030932
0 0.717360 0.040029 0.026752 0.030568
0 0.728264 0.585517 0.027043 0.030568
0 0.188572 0.761281 0.022390 0.032023
0 0.611951 0.248180 0.025298 0.031295
0 0.960744 0.405022 0.025007 0.033479
0 0.187845 0.877547 0.027915 0.033843
0 0.806484 0.940138 0.026461 0.034571
0 0.064408 0.758552 0.028787 0.032387
0 0.099448 0.103166 0.023263 0.035298
0 0.504507 0.563137 0.025589 0.033115
0 0.334981 0.940138 0.025589 0.032387
0 0.244548 0.158479 0.021518 0.026565
0 0.860570 0.310590 0.027043 0.030932
0 0.119366 0.280204 0.025880 0.031295
0 0.657168 0.935953 0.025007 0.030568
0 0.365949 0.216885 0.024135 0.029840
0 0.757342 0.909389 0.024135 0.032023
0 0.306921 0.615175 0.024135 0.033115
0 0.209218 0.647562 0.027624 0.028748
0 0.090724 0.877547 0.027334 0.035298
0 0.836726 0.278566 0.025880 0.032387
0 0.681303 0.431223 0.025007 0.031295
0 0.210962 0.876820 0.024716 0.032387
0 0.589416 0.187409 0.023844 0.027656
0 0.060483 0.937773 0.025007 0.032751
0 0.218232 0.279658 0.025880 0.032387
0 0.904333 0.528020 0.026170 0.033479
0 0.579093 0.583151 0.023553 0.033115
0 0.732626 0.877729 0.025880 0.034207
0 0.757051 0.939592 0.026461 0.034207
0 0.702530 0.614993 0.025589 0.031295
0 0.109770 0.565320 0.023553 0.037482
0 0.661239 0.701237 0.024426 0.027656
0 0.463798 0.278748 0.025589 0.032023
0 0.778279 0.649745 0.027043 0.030204
0 0.193806 0.279112 0.025880 0.032023
0 0.238441 0.760735 0.024426 0.029476
0 0.467723 0.097707 0.024716 0.029476
0 0.232771 0.616812 0.025880 0.032751
0 0.632306 0.433952 0.021227 0.031659
0 0.538383 0.309862 0.027043 0.030204
0 0.707764 0.846980 0.022681 0.028748
0 0.910584 0.250728 0.025880 0.031295
0 0.755307 0.494723 0.024716 0.028020
0 0.484298 0.760007 0.025880 0.032387
0 0.959145 0.650109 0.031695 0.034571
0 0.806048 0.494541 0.024426 0.028384
0 0.114714 0.846980 0.023553 0.032387
0 0.098284 0.073144 0.023263 0.029840
0 0.885723 0.756732 0.025007 0.030932
0 0.114859 0.908479 0.024426 0.029476
0 0.633469 0.818413 0.023553 0.032751
0 0.320878 0.042576 0.025298 0.034207
0 0.807357 0.973253 0.026461 0.030204
0 0.489532 0.187773 0.023553 0.028384
0 0.146990 0.159934 0.024135 0.028748
0 0.337307 0.971980 0.026752 0.030568
0 0.430794 0.583515 0.025298 0.029476
0 0.652806 0.614993 0.023263 0.029840
0 0.072986 0.189592 0.023844 0.027656
0 0.362169 0.701601 0.024135 0.031295
0 0.365077 0.308770 0.027043 0.029476
0 0.183484 0.616630 0.025589 0.032387
0 0.169090 0.278566 0.024135 0.030204
0 0.586508 0.248908 0.025007 0.029112
0 0.310701 0.938865 0.024716 0.032751
0 0.962489 0.880277 0.025589 0.032023
0 0.384850 0.877001 0.022390 0.031295
0 0.837744 0.217977 0.023844 0.029112
0 0.391974 0.042758 0.022681 0.035298
0 0.690608 0.068049 0.025007 0.029112
0 0.236697 0.848617 0.022681 0.031295
0 0.064408 0.730895 0.027043 0.028748
0 0.071242 0.250546 0.025007 0.031659
0 0.405932 0.524745 0.025007 0.032023
0 0.483135 0.816594 0.024716 0.028384
0 0.454929 0.937409 0.025880 0.034934
0 0.242803 0.250364 0.025589 0.032023
0 0.662983 0.219796 0.023844 0.032751
0 0.158331 0.554767 0.022390 0.028748
0 0.236115 0.877365 0.025007 0.029840
0 0.113550 0.408297 0.025298 0.034207
0 0.443879 0.042576 0.026461 0.032751
0 0.487787 0.279294 0.025880 0.032387
0 0.632015 0.404840 0.022972 0.028020
0 0.630416 0.907387 0.026752 0.030204
0 0.961762 0.310953 0.029369 0.032387
0 0.452893 0.584971 0.023553 0.033843
0 0.381361 0.645378 0.026461 0.031659
0 0.368712 0.101710 0.022681 0.033115
0 0.891684 0.043486 0.024135 0.033115
0 0.909421 0.374818 0.027043 0.031295
0 0.121983 0.221070 0.022390 0.029476
0 0.557139 0.967067 0.026752 0.030932
0 0.173888 0.043486 0.025007 0.032387
0 0.099157 0.190138 0.026170 0.033115
0 0.731899 0.909389 0.025007 0.036390
0 0.086944 0.437773 0.025589 0.032023
0 0.169671 0.250000 0.021809 0.029840
0 0.638122 0.218886 0.027624 0.032387
0 0.160948 0.525655 0.021809 0.030204
0 0.410003 0.815502 0.023263 0.028384
0 0.391102 0.191048 0.025589 0.034934
0 0.144373 0.249454 0.025880 0.029476
0 0.269700 0.102620 0.025880 0.032751
0 0.405060 0.615902 0.024426 0.028020
0 0.835126 0.848071 0.023263 0.030932
0 0.359698 0.346252 0.023844 0.037482
0 0.706165 0.878457 0.024716 0.034207
0 0.409712 0.846070 0.023263 0.027656
0 0.366967 0.159753 0.023844 0.032023
0 0.907967 0.911208 0.023553 0.029840
0 0.560192 0.701601 0.022972 0.031295
0 0.071242 0.219068 0.025007 0.034934
0 0.837744 0.189410 0.024426 0.026565
0 0.711399 0.158479 0.026461 0.035298
0 0.830329 0.525655 0.025880 0.032387
0 0.728700 0.554949 0.025007 0.029840
0 0.782204 0.435771 0.024426 0.030932
0 0.636522 0.249636 0.026170 0.032751
0 0.937627 0.730531 0.025298 0.029476
0 0.883396 0.880640 0.025007 0.032023
0 0.185810 0.907933 0.026752 0.032023
0 0.285984 0.407205 0.024135 0.028384
0 0.038383 0.279476 0.028497 0.034934
0 0.606717 0.908661 0.024135 0.032751
0 0.411457 0.730531 0.025007 0.029476
0 0.785984 0.250000 0.024426 0.031295
0 0.211835 0.846434 0.022972 0.027656
0 0.686101 0.729076 0.024135 0.028748
0 0.804013 0.648108 0.027915 0.030568
0 0.965106 0.043304 0.026170 0.033479
0 0.409567 0.874818 0.021809 0.029112
0 0.437191 0.701055 0.025880 0.033115
0 0.812882 0.757824 0.025880 0.033843
0 0.214016 0.700146 0.026170 0.029840
0 0.135941 0.495815 0.028206 0.035298
0 0.556412 0.906659 0.025298 0.030204
0 0.959872 0.941412 0.027334 0.032751
0 0.039983 0.042940 0.026461 0.036390
0 0.432684 0.437045 0.023844 0.032751
0 0.937336 0.757824 0.027043 0.031659
0 0.063100 0.526019 0.026170 0.031659
0 0.854754 0.525655 0.023553 0.030932
0 0.938645 0.701237 0.024426 0.032751
0 0.342396 0.219614 0.025298 0.031659
0 0.934574 0.879913 0.026752 0.032751
0 0.090142 0.908297 0.022099 0.030568
0 0.836290 0.309862 0.027334 0.030932
0 0.062664 0.845160 0.024135 0.029476
0 0.219541 0.309862 0.025007 0.030204
0 0.678104 0.573872 0.024426 0.030568
0 0.507851 0.816776 0.024716 0.028748
0 0.391102 0.226346 0.025007 0.032023
0 0.069642 0.280386 0.027043 0.032387
0 0.293545 0.191048 0.024716 0.033479
0 0.261704 0.879003 0.026170 0.031659
0 0.038529 0.377729 0.026461 0.032751
0 0.808229 0.909207 0.022972 0.030204
0 0.405932 0.646470 0.026170 0.030204
0 0.510468 0.701419 0.027043 0.033843
0 0.666182 0.039665 0.025589 0.030568
0 0.319133 0.159389 0.024135 0.032023
0 0.506833 0.937773 0.025007 0.032023
0 0.889212 0.102074 0.027334 0.031659
0 0.905205 0.496361 0.024426 0.028384
0 0.073713 0.100437 0.025298 0.032023
0 0.361588 0.971434 0.027624 0.031659
0 0.211689 0.971434 0.027915 0.030932
0 0.357517 0.465611 0.022972 0.028020
0 0.580401 0.938137 0.026170 0.032023
0 0.033585 0.645378 0.029369 0.035298
0 0.588252 0.218705 0.026752 0.033479
0 0.862315 0.189774 0.022390 0.028020
0 0.294853 0.101710 0.023844 0.033843
0 0.961617 0.910662 0.028497 0.033115
0 0.287438 0.818231 0.024716 0.032387
0 0.580692 0.524199 0.022681 0.027293
0 0.581564 0.908297 0.025589 0.032023
0 0.219250 0.249272 0.023263 0.032751
0 0.912620 0.700873 0.022972 0.030568
0 0.062373 0.816412 0.025880 0.034571
0 0.455220 0.494360 0.022972 0.032387
0 0.555103 0.554221 0.024426 0.030568
0 0.932829 0.942322 0.024426 0.030204
0 0.787584 0.219978 0.026461 0.030204
0 0.914365 0.101528 0.024716 0.034934
0 0.114859 0.729803 0.024426 0.033115
0 0.681012 0.939410 0.025589 0.030932
0 0.148299 0.072052 0.022099 0.029840
0 0.832073 0.940320 0.023553 0.032023
0 0.504362 0.603894 0.024135 0.032387
0 0.627944 0.614629 0.022390 0.029840
0 0.243821 0.043850 0.023553 0.033115
0 0.462198 0.701055 0.026461 0.030932
0 0.908549 0.879367 0.024716 0.033115
0 0.478773 0.603348 0.025880 0.033479
0 0.134487 0.605531 0.024135 0.031295
0 0.113550 0.878457 0.023553 0.032751
0 0.729863 0.525473 0.026170 0.029112
0 0.529224 0.554403 0.023844 0.027293
0 0.737133 0.249272 0.026170 0.033479
0 0.453620 0.615721 0.023844 0.030568
0 0.454638 0.525837 0.022972 0.030568
0 0.805467 0.525837 0.023844 0.029840
0 0.460163 0.758734 0.022972 0.032023
0 0.162111 0.909753 0.023553 0.032751
0 0.268392 0.228530 0.025589 0.032751
0 0.936028 0.310953 0.027915 0.032387
0 0.411021 0.701055 0.027624 0.030932
0 0.629980 0.492540 0.024716 0.029476
0 0.034022 0.701237 0.027915 0.033479
0 0.481245 0.938319 0.026170 0.032387
0 0.487060 0.249636 0.025589 0.031295
0 0.682320 0.968523 0.025880 0.029476
0 0.661966 0.279112 0.024716 0.030568
0 0.243675 0.310408 0.028497 0.029840
0 0.488659 0.218341 0.025298 0.032751
0 0.062809 0.554403 0.025589 0.030932
0 0.834836 0.405386 0.023844 0.031295
0 0.041436 0.220524 0.028206 0.029112
0 0.828875 0.586972 0.024716 0.031295
0 0.912038 0.159207 0.026461 0.029476
0 0.239605 0.702329 0.027334 0.032751
0 0.060773 0.585517 0.026170 0.031295
0 0.139575 0.899563 0.024426 0.035662
0 0.761849 0.219796 0.025007 0.030568
0 0.172143 0.190320 0.022681 0.028384
0 0.913056 0.758370 0.024426 0.032751
0 0.833527 0.879003 0.024135 0.028748
0 0.687845 0.701237 0.026461 0.031295
0 0.286420 0.910116 0.026752 0.030568
0 0.124309 0.042394 0.022972 0.037482
0 0.090433 0.846980 0.022099 0.026565
0 0.036057 0.553675 0.025007 0.033115
0 0.090142 0.817868 0.025589 0.033843
0 0.530823 0.937955 0.024716 0.031659
0 0.387613 0.758370 0.022681 0.028384
0 0.136958 0.567140 0.025589 0.036754
0 0.962198 0.817140 0.027334 0.032387
0 0.816807 0.043304 0.023844 0.034934
0 0.163565 0.847525 0.022390 0.027656
0 0.387758 0.729440 0.022390 0.029476
0 0.085926 0.556587 0.022390 0.033115
0 0.138703 0.410116 0.024426 0.029112
0 0.468305 0.041303 0.024716 0.029476
0 0.433411 0.968705 0.027043 0.029112
0 0.481972 0.905568 0.027043 0.033843
0 0.732044 0.817504 0.024135 0.033843
0 0.861588 0.759461 0.025589 0.028384
0 0.113987 0.817504 0.025007 0.032387
0 0.337017 0.816594 0.023263 0.028384
0 0.910439 0.848071 0.023263 0.028748
0 0.757633 0.817686 0.026461 0.033479
0 0.085345 0.615175 0.025880 0.031659
0 0.069933 0.310590 0.028787 0.031659
0 0.244548 0.189956 0.021518 0.030568
0 0.331346 0.608079 0.024716 0.032751
0 0.211689 0.817868 0.023263 0.033843
0 0.632306 0.968341 0.027043 0.032023
0 0.658767 0.900109 0.025880 0.032387
0 0.035912 0.584607 0.028206 0.034571
0 0.283367 0.615175 0.024135 0.030932
0 0.408404 0.970342 0.026461 0.030204
0 0.335853 0.909025 0.026752 0.031295
0 0.038238 0.406659 0.024716 0.028748
0 0.139285 0.852802 0.022681 0.028748
0 0.730154 0.493814 0.025589 0.034934
0 0.958564 0.588974 0.025880 0.032387
0 0.162402 0.941048 0.025298 0.032751
0 0.237133 0.970342 0.027624 0.030932
0 0.307502 0.646288 0.025298 0.028384
0 0.862315 0.160116 0.022390 0.026929
0 0.405350 0.494178 0.026170 0.032023
0 0.585781 0.729258 0.022390 0.025473
0 0.783367 0.889192 0.025007 0.034571
0 0.039546 0.313137 0.033731 0.033843
0 0.911021 0.817686 0.023844 0.027656
0 0.832219 0.972162 0.026170 0.028748
0 0.289619 0.703239 0.026170 0.031659
0 0.531695 0.845342 0.022972 0.028384
0 0.913202 0.728530 0.021809 0.029112
0 0.086217 0.646288 0.027624 0.031295
0 0.063245 0.435953 0.025880 0.032023
0 0.782931 0.972162 0.025880 0.030932
0 0.063536 0.377547 0.024716 0.031659
0 0.391247 0.270197 0.025298 0.033115
0 0.382669 0.555677 0.023263 0.028384
0 0.707182 0.966521 0.027915 0.032023
0 0.835417 0.817686 0.022681 0.026929
0 0.095667 0.312227 0.027915 0.031295
0 0.662547 0.188683 0.024716 0.030204
0 0.708636 0.817686 0.023263 0.029112
0 0.457546 0.968159 0.026461 0.030932
0 0.829020 0.556769 0.023844 0.030568
0 0.035185 0.842977 0.023844 0.028020
0 0.753271 0.617722 0.025298 0.031659
0 0.356354 0.553857 0.022390 0.031295
0 0.687700 0.157205 0.025007 0.032751
0 0.136813 0.526383 0.022972 0.028020
0 0.805031 0.586972 0.023553 0.032023
0 0.343559 0.042576 0.024716 0.027656
0 0.356499 0.586426 0.021518 0.033115
0 0.813754 0.700146 0.025298 0.029112
0 0.713434 0.216521 0.024135 0.030568
0 0.468596 0.070415 0.025298 0.029476
0 0.837162 0.759279 0.026170 0.031659
0 0.877726 0.619360 0.026461 0.032751
0 0.034894 0.874454 0.029078 0.034207
0 0.186537 0.939410 0.025880 0.033843
0 0.530823 0.906659 0.024135 0.031659
0 0.582146 0.968705 0.027915 0.030568
0 0.463361 0.248544 0.023553 0.027656
0 0.337744 0.701601 0.024135 0.027656
0 0.630852 0.936863 0.025298 0.033115
0 0.532422 0.875182 0.025007 0.030568
0 0.761122 0.702147 0.024716 0.030932
0 0.964379 0.100437 0.025880 0.031295
0 0.332509 0.645378 0.028787 0.032387
0 0.034603 0.762191 0.029078 0.036754
0 0.657604 0.967613 0.027624 0.031295
0 0.113841 0.377911 0.025298 0.030204
0 0.612678 0.157205 0.024426 0.032023
0 0.034312 0.936135 0.027334 0.033843
0 0.332946 0.569141 0.025007 0.033479
0 0.532568 0.967613 0.025880 0.030568
0 0.140302 0.970888 0.027043 0.029840
0 0.856644 0.910480 0.023263 0.028384
0 0.937627 0.158115 0.024716 0.028020
0 0.861442 0.219432 0.022972 0.030568
0 0.604536 0.603894 0.022681 0.030204
0 0.040273 0.072962 0.022972 0.026565
0 0.791509 0.070597 0.021518 0.030568
0 0.605990 0.492358 0.023263 0.032023
0 0.905787 0.940138 0.026752 0.033115
0 0.513812 0.157933 0.023844 0.028384
0 0.360134 0.906841 0.023553 0.029112
0 0.741785 0.038937 0.023263 0.028384
0 0.123582 0.101346 0.023844 0.028748
0 0.037220 0.524381 0.023263 0.027656
0 0.089416 0.939229 0.026461 0.033479
0 0.529514 0.495633 0.025007 0.028384
0 0.138122 0.437227 0.024426 0.030932
0 0.812300 0.159934 0.027043 0.034571
0 0.878308 0.650655 0.028787 0.029840
0 0.757633 0.971434 0.027043 0.030204
0 0.307211 0.584789 0.022390 0.026929
0 0.287584 0.969978 0.029660 0.033115
0 0.164437 0.817322 0.024716 0.032751
0 0.197732 0.159571 0.022099 0.028748
0 0.627363 0.644287 0.026461 0.029476
0 0.636668 0.701965 0.025880 0.029840
0 0.928904 0.649199 0.030532 0.034207
0 0.961471 0.972889 0.031114 0.031659
0 0.453039 0.553493 0.022681 0.027656
0 0.507706 0.968705 0.028497 0.030568
0 0.074440 0.072416 0.026752 0.030568
0 0.787293 0.703057 0.022390 0.032751
0 0.609625 0.759643 0.021809 0.030204
0 0.606281 0.377547 0.023844 0.036026
0 0.783367 0.817868 0.025007 0.028748
0 0.158622 0.587154 0.024716 0.034571
0 0.362169 0.845888 0.023553 0.029476
0 0.606572 0.938501 0.023844 0.030568
0 0.638122 0.189592 0.026461 0.029112
0 0.261995 0.969614 0.029078 0.031659
0 0.385141 0.970160 0.025880 0.030568
0 0.087816 0.377911 0.024426 0.031659
0 0.852283 0.650291 0.026752 0.029840
0 0.033149 0.616630 0.026752 0.033115
0 0.063536 0.701601 0.028206 0.036390
0 0.710962 0.703785 0.020936 0.031295
0 0.663710 0.156477 0.022972 0.029112
0 0.758651 0.877547 0.025007 0.030204
0 0.361733 0.816958 0.025007 0.029112
0 0.213580 0.758370 0.025880 0.032751
0 0.166764 0.701965 0.025298 0.030568
0 0.856354 0.940502 0.025589 0.033843
0 0.709654 0.759643 0.021809 0.031659
0 0.811137 0.266739 0.025298 0.033479
0 0.086217 0.495451 0.024716 0.033115
0 0.293254 0.268741 0.025880 0.033843
0 0.313318 0.909389 0.026461 0.029840
0 0.880634 0.941594 0.025880 0.031659
0 0.289474 0.731077 0.022972 0.026201
0 0.074149 0.042758 0.027334 0.032387
0 0.813463 0.728348 0.025298 0.028748
0 0.040128 0.159389 0.026170 0.032751
0 0.312882 0.969432 0.027334 0.030568
0 0.267956 0.268195 0.025880 0.034934
0 0.962053 0.250182 0.026461 0.028748
0 0.357081 0.523472 0.023844 0.028748
0 0.604972 0.565320 0.023553 0.035298
0 0.145536 0.308952 0.026461 0.030568
0 0.782204 0.931769 0.022099 0.030932
0 0.361733 0.728894 0.022099 0.025473
0 0.964379 0.700146 0.025298 0.032023
0 0.263594 0.702329 0.023553 0.032023
0 0.315063 0.758734 0.026461 0.031295
0 0.886740 0.700691 0.025880 0.030932
0 0.113260 0.939592 0.025298 0.032751
0 0.604245 0.643195 0.023844 0.029476
0 0.267665 0.310226 0.027043 0.030204
0 0.608607 0.818049 0.022099 0.028384
0 0.859843 0.247453 0.022099 0.027656
0 0.141466 0.701419 0.022972 0.027293
0 0.037366 0.494723 0.025880 0.030204
0 0.780314 0.492722 0.023553 0.026929
0 0.189154 0.702147 0.024135 0.030204
0 0.563391 0.218341 0.024716 0.031295
0 0.732626 0.969796 0.027043 0.029840
0 0.237278 0.816048 0.023844 0.027293
0 0.786566 0.310408 0.029078 0.029840
0 0.097703 0.160298 0.025007 0.028020
0 0.036493 0.813319 0.029951 0.034207
0 0.964525 0.070597 0.019192 0.026929
0 0.163274 0.878457 0.023553 0.032023
0 0.263739 0.730895 0.021518 0.028020
0 0.194824 0.250000 0.024426 0.030568
0 0.138849 0.938683 0.024135 0.031659
0 0.812445 0.214702 0.023263 0.025473
0 0.137976 0.382096 0.024135 0.029840
0 0.878744 0.588428 0.024426 0.034207
0 0.606572 0.968523 0.026752 0.028748
0 0.385868 0.815502 0.020355 0.026929
0 0.090142 0.970524 0.027334 0.030568
0 0.903024 0.651929 0.027624 0.030204
0 0.097267 0.219068 0.024135 0.030568
0 0.034458 0.905386 0.024716 0.030568
0 0.957837 0.618086 0.027334 0.033115
0 0.935737 0.817504 0.024426 0.028748
0 0.115586 0.701419 0.021227 0.028020
0 0.828293 0.649017 0.027043 0.030204
0 0.861006 0.730167 0.023844 0.030204
0 0.063100 0.494723 0.025007 0.033115
0 0.259523 0.436863 0.022390 0.029476
0 0.109479 0.645378 0.025298 0.031659
0 0.930067 0.495633 0.024135 0.029112
0 0.810701 0.311317 0.028497 0.030932
0 0.063681 0.969250 0.027915 0.031659
0 0.137395 0.814774 0.027624 0.032751
0 0.830329 0.494360 0.022972 0.030204
0 0.113841 0.970342 0.025298 0.030204
0 0.485461 0.700146 0.018319 0.028384
0 0.164001 0.971798 0.026752 0.030204
0 0.855481 0.494723 0.024426 0.028020
0 0.839924 0.700328 0.024716 0.029476
0 0.036639 0.968159 0.031404 0.030932
0 0.860715 0.702511 0.021518 0.029476
