0 0.730178 0.091380 0.158231 0.124386
0 0.104768 0.077878 0.138366 0.118931
0 0.242011 0.313625 0.133702 0.109520
0 0.248143 0.074809 0.131802 0.117430
0 0.703921 0.461948 0.154085 0.160666
0 0.102436 0.418372 0.139921 0.124795
0 0.110554 0.544258 0.157886 0.126705
0 0.391950 0.089948 0.131974 0.112248
0 0.240888 0.210038 0.124547 0.093017
0 0.098203 0.188080 0.124547 0.073923
0 0.551650 0.217812 0.144930 0.141026
0 0.093194 0.291598 0.136984 0.119203
0 0.244947 0.753001 0.113318 0.091653
0 0.240542 0.650164 0.132493 0.108838
0 0.548972 0.075764 0.144066 0.105974
0 0.534030 0.714130 0.202626 0.137480
0 0.531353 0.558442 0.139230 0.140344
0 0.396701 0.318876 0.124892 0.118385
0 0.883054 0.238884 0.203835 0.134888
0 0.709363 0.249250 0.143894 0.128887
0 0.389100 0.198445 0.120746 0.104474
0 0.688461 0.618863 0.130074 0.097518
0 0.089998 0.757229 0.108136 0.083470
0 0.707462 0.344381 0.126619 0.066012
0 0.544049 0.363543 0.146312 0.099427
0 0.101054 0.929965 0.130593 0.094790
0 0.534030 0.875614 0.183970 0.157392
0 0.099413 0.661825 0.102436 0.092881
0 0.242788 0.526187 0.106927 0.078560
0 0.246588 0.423009 0.126619 0.102428
0 0.870962 0.358633 0.169632 0.089880
0 0.697098 0.734656 0.106581 0.099973
0 0.896096 0.087971 0.149421 0.130660
0 0.553550 0.446399 0.101399 0.063557
0 0.090516 0.841517 0.098463 0.076378
0 0.245466 0.839607 0.111936 0.078833
0 0.245725 0.928464 0.086543 0.080060
0 0.856625 0.509070 0.124028 0.059602
0 0.726637 0.897572 0.159440 0.145663
0 0.884177 0.759274 0.189152 0.144845
0 0.871740 0.432283 0.155295 0.059329
0 0.319744 0.418712 0.061150 0.047190
0 0.162291 0.745499 0.046467 0.035734
0 0.159699 0.816285 0.049231 0.036825
0 0.317153 0.922736 0.042494 0.050327
0 0.856625 0.595949 0.135429 0.112248
0 0.934358 0.658893 0.046640 0.034643
0 0.947659 0.517321 0.043876 0.053464
0 0.866644 0.903369 0.155467 0.139525
0 0.953619 0.910666 0.045086 0.047190
0 0.778200 0.842540 0.050440 0.036688
0 0.783555 0.711879 0.050440 0.035597
