0 0.806299 0.063859 0.095748 0.056306
0 0.806299 0.159533 0.095748 0.072786
0 0.804882 0.245937 0.092913 0.058366
0 0.813386 0.336461 0.113071 0.062257
0 0.809921 0.430076 0.097323 0.060426
0 0.804724 0.530556 0.098898 0.084230
0 0.808976 0.646029 0.107402 0.059281
0 0.818425 0.739757 0.111811 0.075990
0 0.818583 0.838064 0.088819 0.083085
0 0.816378 0.928931 0.104567 0.073930
0 0.672441 0.070611 0.111496 0.071641
0 0.663937 0.159648 0.094488 0.070726
0 0.657953 0.252689 0.100157 0.080110
0 0.663937 0.344701 0.094488 0.087434
0 0.667402 0.457084 0.087559 0.076905
0 0.680157 0.546120 0.107402 0.057221
0 0.660945 0.642824 0.074646 0.086290
0 0.667402 0.733921 0.095748 0.062486
0 0.672441 0.835889 0.111496 0.091554
0 0.668661 0.926299 0.110236 0.083314
0 0.523465 0.072213 0.120315 0.074846
0 0.523465 0.169490 0.103307 0.088579
0 0.527874 0.252117 0.114646 0.051957
0 0.525669 0.349966 0.110236 0.076905
0 0.520630 0.438430 0.097638 0.060197
0 0.522047 0.531586 0.085984 0.082170
0 0.527717 0.628290 0.102992 0.069581
0 0.536378 0.729686 0.117165 0.075074
0 0.530709 0.820783 0.108976 0.069581
0 0.525669 0.921149 0.101417 0.066606
0 0.385354 0.068551 0.116220 0.063401
0 0.382362 0.166857 0.110236 0.083314
0 0.375433 0.267796 0.104567 0.079194
0 0.384567 0.360952 0.120315 0.084230
0 0.368189 0.460288 0.095748 0.064546
0 0.378110 0.566377 0.092913 0.062486
0 0.388976 0.659533 0.111496 0.086290
0 0.378898 0.739643 0.077480 0.063401
0 0.377008 0.834859 0.073071 0.070726
0 0.381732 0.932021 0.088819 0.061341
0 0.230709 0.075875 0.113071 0.078050
0 0.234961 0.174640 0.078740 0.057221
0 0.240157 0.270886 0.097323 0.077134
0 0.228504 0.375372 0.097323 0.061341
0 0.225827 0.458686 0.088819 0.053101
0 0.237795 0.551843 0.104567 0.064546
0 0.234961 0.650721 0.098898 0.091554
0 0.233701 0.748913 0.110236 0.075990
0 0.236378 0.846761 0.113071 0.090410
0 0.236535 0.930991 0.121575 0.073930
