0 0.864554 0.137464 0.109379 0.100000
0 0.860848 0.258746 0.113212 0.113411
0 0.866343 0.400292 0.095068 0.121866
0 0.867365 0.538192 0.105801 0.116618
0 0.863660 0.666910 0.106057 0.084257
0 0.732686 0.137464 0.117557 0.052187
0 0.727191 0.276822 0.106568 0.085423
0 0.725786 0.434111 0.115001 0.097959
0 0.728980 0.577405 0.102990 0.098834
0 0.728597 0.725219 0.096601 0.098834
0 0.726808 0.851603 0.098646 0.097959
0 0.599923 0.145773 0.109635 0.097959
0 0.601712 0.302332 0.111168 0.096793
0 0.606696 0.449854 0.103246 0.145773
0 0.609762 0.588192 0.122157 0.104082
0 0.608101 0.737172 0.109635 0.106414
0 0.604396 0.865743 0.102223 0.090671
0 0.401354 0.151020 0.115768 0.087464
0 0.400843 0.294606 0.100434 0.108163
0 0.405443 0.442420 0.111168 0.100000
0 0.406466 0.575656 0.113212 0.085423
0 0.398671 0.714869 0.106823 0.078134
0 0.396371 0.865160 0.120624 0.089504
0 0.285459 0.147813 0.116024 0.112536
0 0.273959 0.297813 0.118579 0.108163
0 0.279964 0.429009 0.115768 0.104082
0 0.275875 0.571137 0.118835 0.103207
0 0.286353 0.718367 0.119346 0.097959
0 0.273959 0.855248 0.127779 0.098834
0 0.149502 0.155102 0.106823 0.104373
0 0.148096 0.298251 0.131613 0.082216
0 0.141196 0.427988 0.112190 0.120700
0 0.148096 0.579446 0.118835 0.109329
0 0.149502 0.716327 0.113979 0.097959
0 0.150907 0.859621 0.104012 0.109329
