0 0.859280 0.157068 0.107066 0.114136
0 0.743554 0.142408 0.113364 0.101571
0 0.732533 0.310995 0.105491 0.126702
0 0.743161 0.466492 0.115725 0.123560
0 0.734895 0.608377 0.089746 0.114136
0 0.741980 0.740314 0.102342 0.099476
0 0.744342 0.885340 0.113364 0.134031
0 0.624287 0.152880 0.106278 0.103665
0 0.623893 0.285864 0.110215 0.109948
0 0.623499 0.445026 0.096831 0.118325
0 0.620744 0.581675 0.075576 0.079581
0 0.621138 0.729843 0.104704 0.109948
0 0.621138 0.879058 0.109427 0.087958
0 0.384964 0.168586 0.107853 0.128796
0 0.383389 0.297906 0.107853 0.104712
0 0.393623 0.434555 0.115725 0.116230
0 0.381815 0.582723 0.099980 0.083770
0 0.388900 0.735079 0.109427 0.091099
0 0.384570 0.882199 0.102342 0.106806
0 0.269632 0.161780 0.118087 0.121466
0 0.267664 0.295288 0.114151 0.099476
0 0.266877 0.447644 0.112576 0.161257
0 0.270026 0.621466 0.106278 0.121466
0 0.260185 0.744503 0.108640 0.112042
0 0.266483 0.872251 0.096044 0.099476
0 0.155875 0.157592 0.088959 0.108901
0 0.144066 0.290052 0.099980 0.103665
0 0.147609 0.444503 0.102342 0.113089
0 0.151545 0.584817 0.097619 0.100524
0 0.148790 0.726178 0.112576 0.125654
0 0.152726 0.877487 0.112576 0.116230
