0 0.851824 0.083062 0.296353 0.140123
0 0.855243 0.256952 0.289514 0.155652
0 0.862082 0.440773 0.275836 0.175153
0 0.856383 0.605995 0.287234 0.146623
0 0.866641 0.784399 0.266717 0.153124
0 0.859802 0.942579 0.280395 0.114843
0 0.513298 0.086313 0.329027 0.142290
0 0.509878 0.246659 0.272036 0.119177
0 0.533055 0.424341 0.289514 0.163958
0 0.512538 0.604370 0.395897 0.158541
0 0.523556 0.780065 0.299392 0.168292
0 0.525076 0.937703 0.379939 0.124594
0 0.162614 0.075840 0.308511 0.123510
0 0.170593 0.250813 0.315350 0.139039
0 0.164894 0.428675 0.322188 0.159624
0 0.177432 0.613759 0.319909 0.164319
0 0.171733 0.784940 0.299392 0.167208
0 0.170593 0.942037 0.306231 0.115926
