0 0.765115 0.164696 0.217050 0.161191
0 0.765719 0.333990 0.224305 0.192291
0 0.767231 0.497591 0.223700 0.166448
0 0.765115 0.657249 0.217050 0.157249
0 0.768742 0.820850 0.236397 0.174332
0 0.546252 0.163163 0.218259 0.153745
0 0.543229 0.330267 0.218259 0.169952
0 0.538694 0.490145 0.212817 0.142795
0 0.540810 0.647175 0.223096 0.144985
0 0.542322 0.821288 0.216445 0.183968
0 0.321947 0.179150 0.224305 0.164696
0 0.318319 0.346474 0.213422 0.169952
0 0.332225 0.512046 0.244861 0.176084
0 0.327690 0.677617 0.221282 0.178712
0 0.336457 0.831362 0.224305 0.131406
