0 0.841470 0.072109 0.249623 0.121461
0 0.858329 0.192247 0.249119 0.138926
0 0.858329 0.313575 0.241067 0.123313
0 0.861600 0.443768 0.222446 0.130193
0 0.867891 0.566684 0.239054 0.122519
0 0.851032 0.686293 0.226472 0.125695
0 0.853045 0.804313 0.243583 0.110347
0 0.869904 0.930934 0.231002 0.119079
0 0.595370 0.069331 0.176145 0.102673
0 0.583543 0.189997 0.190740 0.132310
0 0.602416 0.315824 0.224459 0.103467
0 0.603674 0.438211 0.213890 0.101614
0 0.604680 0.557290 0.245093 0.123313
0 0.617011 0.671871 0.228485 0.134427
0 0.614997 0.795978 0.224459 0.091559
0 0.625566 0.919952 0.241570 0.141043
0 0.371666 0.069331 0.237041 0.106907
0 0.365627 0.186822 0.186714 0.132310
0 0.373931 0.309738 0.220433 0.111405
0 0.375944 0.432654 0.228485 0.116962
0 0.373931 0.544589 0.224459 0.122255
0 0.373931 0.663668 0.236537 0.129135
0 0.372924 0.784334 0.218420 0.134427
0 0.389532 0.917703 0.251636 0.132310
0 0.152743 0.077534 0.221943 0.132310
0 0.151736 0.193967 0.215903 0.104790
0 0.153749 0.328394 0.228988 0.144483
0 0.144439 0.454750 0.201309 0.116698
0 0.155762 0.578195 0.241067 0.130193
0 0.140161 0.698465 0.231002 0.123578
0 0.162305 0.825748 0.211877 0.113522
0 0.152743 0.944297 0.213890 0.108230
