0 0.420443 0.391415 0.023177 0.041649
0 0.488411 0.820654 0.022656 0.037399
0 0.488932 0.748619 0.022656 0.037824
0 0.763802 0.219507 0.022917 0.039524
0 0.741146 0.255844 0.026042 0.041649
0 0.078776 0.310880 0.028385 0.038674
0 0.466797 0.535062 0.023698 0.037399
0 0.489453 0.432002 0.023177 0.037824
0 0.217448 0.462388 0.023958 0.035699
0 0.511589 0.469613 0.025260 0.039949
0 0.263542 0.281343 0.024479 0.042499
0 0.241016 0.351041 0.025781 0.034849
0 0.790234 0.259031 0.028385 0.041224
0 0.052995 0.310880 0.023177 0.038674
0 0.602604 0.362091 0.023958 0.039949
0 0.488281 0.607735 0.022917 0.039949
0 0.626563 0.184020 0.025521 0.041649
0 0.716797 0.646409 0.028906 0.037399
0 0.170052 0.458989 0.023958 0.036549
0 0.239453 0.423714 0.024219 0.037399
0 0.902604 0.154059 0.027604 0.040374
0 0.579688 0.679346 0.022396 0.040374
0 0.194922 0.598385 0.027344 0.044199
0 0.558073 0.893965 0.023438 0.038674
0 0.790234 0.578411 0.025781 0.039949
0 0.716146 0.328517 0.026562 0.041649
0 0.076953 0.456864 0.026302 0.037399
0 0.694531 0.220782 0.025000 0.045474
0 0.420312 0.532724 0.023438 0.039524
0 0.397656 0.603697 0.024479 0.036974
0 0.489974 0.178921 0.021615 0.035699
0 0.764974 0.471951 0.024740 0.038674
0 0.511849 0.606672 0.024740 0.038674
0 0.602865 0.322567 0.023958 0.041649
0 0.670443 0.107097 0.023698 0.045049
0 0.421224 0.430089 0.024219 0.039099
0 0.535026 0.606247 0.022135 0.037824
0 0.510677 0.569911 0.025000 0.036549
0 0.421354 0.604760 0.024479 0.034849
0 0.510938 0.749044 0.023438 0.039524
0 0.240365 0.387590 0.023438 0.041649
0 0.170313 0.351891 0.023438 0.037399
0 0.739974 0.329154 0.022656 0.037824
0 0.216927 0.280280 0.022396 0.035274
0 0.102474 0.384190 0.023698 0.039099
0 0.764062 0.575011 0.024479 0.039099
0 0.101172 0.598173 0.024219 0.045474
0 0.421354 0.747131 0.024479 0.036549
0 0.332031 0.136422 0.022396 0.042499
0 0.078255 0.125584 0.025781 0.045474
0 0.740755 0.148321 0.025260 0.038249
0 0.764583 0.787505 0.025521 0.032299
0 0.077995 0.883128 0.025260 0.043349
0 0.763932 0.184870 0.023698 0.032299
0 0.077474 0.348066 0.026302 0.039099
0 0.534245 0.712495 0.023177 0.041224
0 0.923047 0.261581 0.026302 0.038674
0 0.488932 0.892265 0.022656 0.042924
0 0.465625 0.357841 0.025000 0.037399
0 0.695312 0.107735 0.028125 0.043774
0 0.740755 0.216745 0.024219 0.039099
0 0.466927 0.430727 0.022917 0.041224
0 0.789323 0.859754 0.026042 0.039099
0 0.626563 0.145134 0.023438 0.040374
0 0.650000 0.219720 0.021875 0.042499
0 0.765625 0.859541 0.023958 0.041224
0 0.239323 0.672546 0.027083 0.038674
0 0.489193 0.322142 0.021094 0.036549
0 0.672526 0.575648 0.031510 0.046324
0 0.602995 0.643859 0.023177 0.037399
0 0.627995 0.607947 0.028906 0.038674
0 0.422135 0.817042 0.025000 0.037824
0 0.102604 0.419890 0.024479 0.033149
0 0.740495 0.292393 0.024219 0.036549
0 0.421484 0.854016 0.023698 0.039524
0 0.533724 0.143009 0.023177 0.042924
0 0.421354 0.356354 0.022917 0.031874
0 0.603385 0.252869 0.024479 0.036549
0 0.626302 0.219082 0.022396 0.034424
0 0.533984 0.821504 0.024740 0.038249
0 0.859375 0.151084 0.024479 0.042074
0 0.787891 0.786443 0.026302 0.036124
0 0.715365 0.826179 0.025000 0.039949
0 0.671354 0.679983 0.030208 0.033999
0 0.626693 0.289630 0.023177 0.036124
0 0.193359 0.425202 0.023698 0.037824
0 0.603646 0.143009 0.025521 0.040374
0 0.603385 0.286018 0.025521 0.032299
0 0.328646 0.639397 0.026042 0.036124
0 0.170443 0.168508 0.021615 0.040374
0 0.880990 0.329579 0.029687 0.049724
0 0.101953 0.345941 0.024219 0.039949
0 0.263411 0.708670 0.023698 0.038674
0 0.466536 0.500212 0.024219 0.036549
0 0.812630 0.073523 0.022656 0.040799
0 0.603906 0.181045 0.023958 0.041649
0 0.421484 0.712070 0.022656 0.037824
0 0.238542 0.709095 0.026042 0.040374
0 0.217839 0.316192 0.024219 0.039949
0 0.880990 0.717807 0.029167 0.044199
0 0.579818 0.182320 0.025781 0.042499
0 0.489583 0.927327 0.022396 0.035699
0 0.603516 0.715682 0.024740 0.038249
0 0.790625 0.435402 0.030208 0.040374
0 0.443099 0.569486 0.025781 0.036549
0 0.788672 0.147046 0.025781 0.033149
0 0.925651 0.610497 0.028385 0.042074
0 0.580729 0.718020 0.021875 0.037824
0 0.557552 0.750106 0.023438 0.039099
0 0.763672 0.647259 0.024740 0.036549
0 0.788672 0.220144 0.026302 0.038249
0 0.579167 0.362728 0.021875 0.041224
0 0.193490 0.132809 0.023958 0.039524
0 0.790755 0.472588 0.027344 0.037399
0 0.443229 0.355079 0.022396 0.041224
0 0.193490 0.280493 0.023438 0.039949
0 0.420964 0.496175 0.023698 0.036124
0 0.628125 0.715470 0.026042 0.036974
0 0.076563 0.594985 0.025521 0.040799
0 0.671875 0.471951 0.030208 0.041224
0 0.398047 0.779218 0.024740 0.038674
0 0.263411 0.637484 0.024219 0.036549
0 0.489323 0.396303 0.023958 0.036124
0 0.512109 0.179346 0.023698 0.039949
0 0.490234 0.963451 0.022135 0.039099
0 0.695052 0.147684 0.025521 0.042074
0 0.466927 0.322567 0.024479 0.037399
0 0.263672 0.565661 0.026823 0.040799
0 0.715885 0.397790 0.026042 0.043349
0 0.193229 0.386528 0.025000 0.045474
0 0.764193 0.753506 0.023698 0.039099
0 0.444271 0.604122 0.025000 0.040374
0 0.398307 0.816830 0.024740 0.039099
0 0.419922 0.321504 0.020573 0.039524
0 0.672526 0.398640 0.033073 0.037399
0 0.193099 0.169571 0.024740 0.040799
0 0.421615 0.676371 0.023958 0.034424
0 0.788151 0.715895 0.024219 0.037824
0 0.217448 0.244156 0.023958 0.036974
0 0.557031 0.250956 0.024479 0.036974
0 0.052214 0.165958 0.028385 0.038674
0 0.193620 0.494475 0.024219 0.036974
0 0.763672 0.714832 0.023698 0.039949
0 0.263281 0.528474 0.024479 0.036124
0 0.739453 0.111985 0.027344 0.043774
0 0.836849 0.075436 0.026302 0.038674
0 0.467187 0.821079 0.023958 0.036549
0 0.556380 0.287080 0.025260 0.039524
0 0.328646 0.740756 0.026562 0.037399
0 0.787891 0.111772 0.024219 0.039099
0 0.763542 0.147471 0.024479 0.040799
0 0.217708 0.206757 0.025521 0.042924
0 0.442839 0.534212 0.023698 0.039099
0 0.353385 0.744581 0.021875 0.039949
0 0.739844 0.612410 0.023438 0.043349
0 0.671875 0.221207 0.022396 0.042924
0 0.170833 0.422439 0.025000 0.039099
0 0.170182 0.313855 0.023698 0.042074
0 0.859635 0.112835 0.026042 0.040374
0 0.488802 0.784743 0.022396 0.034424
0 0.331380 0.176158 0.025781 0.039524
0 0.079557 0.273481 0.027344 0.042074
0 0.467057 0.643221 0.022135 0.040374
0 0.216406 0.424352 0.023438 0.043774
0 0.604167 0.470463 0.024479 0.038249
0 0.835547 0.111772 0.023698 0.037399
0 0.558464 0.713345 0.026823 0.039524
0 0.557422 0.787080 0.023698 0.037399
0 0.443490 0.392903 0.022917 0.037824
0 0.237891 0.563323 0.026302 0.032724
0 0.558594 0.215257 0.026562 0.037824
0 0.788542 0.647471 0.025521 0.035274
0 0.533984 0.749044 0.023698 0.034424
0 0.602083 0.679771 0.022917 0.035274
0 0.949089 0.222907 0.026823 0.041224
0 0.442969 0.429877 0.021875 0.038674
0 0.556641 0.324267 0.023177 0.037399
0 0.330469 0.351679 0.023438 0.040374
0 0.489583 0.285593 0.021354 0.034849
0 0.488151 0.711645 0.021615 0.036974
0 0.787370 0.072886 0.025781 0.041224
0 0.488932 0.644284 0.021615 0.033999
0 0.240495 0.276881 0.023177 0.031874
0 0.488672 0.359329 0.022135 0.039524
0 0.397917 0.676371 0.023438 0.037824
0 0.533854 0.569698 0.021354 0.036974
0 0.443229 0.465576 0.020833 0.037824
0 0.716406 0.437952 0.026562 0.042924
0 0.577474 0.103910 0.026823 0.042074
0 0.579036 0.286443 0.022656 0.043349
0 0.789974 0.364853 0.026302 0.039524
0 0.397526 0.499363 0.022656 0.039099
0 0.466146 0.748619 0.022396 0.042074
0 0.217188 0.349766 0.022396 0.033149
0 0.717448 0.181683 0.022917 0.033574
0 0.603385 0.608160 0.023438 0.040799
0 0.557813 0.608372 0.023438 0.035274
0 0.078255 0.421802 0.023177 0.043774
0 0.788411 0.181895 0.025781 0.039099
0 0.812370 0.184233 0.024219 0.041224
0 0.102083 0.456014 0.023438 0.042499
0 0.397266 0.743944 0.023177 0.034424
0 0.764323 0.435402 0.024479 0.038674
0 0.535026 0.856354 0.025260 0.033999
0 0.101693 0.705695 0.023698 0.035274
0 0.466667 0.786443 0.022396 0.038674
0 0.536198 0.501700 0.026042 0.037824
0 0.627474 0.326179 0.026302 0.041224
0 0.264193 0.350404 0.022135 0.033574
0 0.465885 0.855291 0.024479 0.038674
0 0.716146 0.682745 0.028125 0.041224
0 0.558203 0.858054 0.023698 0.035699
0 0.535156 0.535062 0.025000 0.033999
0 0.194010 0.349766 0.023958 0.029749
0 0.489193 0.535487 0.022135 0.034849
0 0.534115 0.218232 0.022396 0.038674
0 0.376823 0.176371 0.022917 0.037399
0 0.238542 0.921802 0.026562 0.036549
0 0.764323 0.258394 0.024479 0.037399
0 0.626953 0.893753 0.024740 0.039949
0 0.169661 0.385890 0.022656 0.031449
0 0.716276 0.892690 0.026823 0.038674
0 0.396745 0.641096 0.022656 0.038674
0 0.263021 0.850829 0.023438 0.038249
0 0.715885 0.506162 0.026042 0.040799
0 0.285938 0.099235 0.026562 0.041224
0 0.124870 0.168721 0.023177 0.037399
0 0.375130 0.567148 0.026823 0.032724
0 0.716016 0.610072 0.024740 0.040374
0 0.740755 0.396090 0.023177 0.039099
0 0.263411 0.492775 0.024740 0.038674
0 0.626953 0.752019 0.026302 0.039524
0 0.557943 0.677221 0.023698 0.036974
0 0.626953 0.107947 0.024740 0.035699
0 0.922917 0.300467 0.026562 0.044199
0 0.857943 0.188058 0.021615 0.036974
0 0.445573 0.641521 0.026042 0.036124
0 0.352604 0.319167 0.021875 0.037399
0 0.671745 0.643646 0.029427 0.046324
0 0.579427 0.325329 0.023958 0.038674
0 0.741927 0.893540 0.023438 0.039524
0 0.239974 0.495750 0.028385 0.034424
0 0.263672 0.210370 0.023177 0.040799
0 0.511719 0.534424 0.025000 0.036974
0 0.051302 0.200170 0.027083 0.033999
0 0.791016 0.895878 0.024740 0.036549
0 0.764062 0.293668 0.022917 0.033149
0 0.923307 0.224819 0.027344 0.038249
0 0.511849 0.857416 0.024219 0.039524
0 0.052344 0.124097 0.028125 0.043349
0 0.194271 0.317467 0.023438 0.036549
0 0.626432 0.253294 0.023177 0.038249
0 0.263672 0.458989 0.023698 0.032299
0 0.443099 0.500425 0.022135 0.032724
0 0.534115 0.180620 0.022396 0.036549
0 0.534635 0.784530 0.025521 0.039099
0 0.374870 0.498938 0.022656 0.040799
0 0.148177 0.815980 0.025521 0.040799
0 0.670703 0.327667 0.028906 0.042499
0 0.534635 0.641946 0.023438 0.038674
0 0.923438 0.571186 0.027604 0.041649
0 0.764583 0.396728 0.023958 0.041224
0 0.812500 0.112410 0.024479 0.037824
0 0.901693 0.113897 0.029427 0.042499
0 0.217708 0.385465 0.022396 0.035699
0 0.352344 0.495963 0.021875 0.039099
0 0.102214 0.166383 0.022656 0.037824
0 0.579036 0.144071 0.024219 0.037399
0 0.835417 0.222482 0.025521 0.039524
0 0.672526 0.434977 0.029427 0.042074
0 0.673177 0.258819 0.023438 0.035699
0 0.489844 0.500425 0.023438 0.038674
0 0.241016 0.136422 0.025260 0.045049
0 0.146745 0.349766 0.024219 0.039099
0 0.791016 0.400127 0.029427 0.039524
0 0.741146 0.825754 0.027083 0.038249
0 0.511979 0.250956 0.022917 0.033574
0 0.442969 0.211645 0.025521 0.038249
0 0.579948 0.753081 0.023438 0.035699
0 0.716276 0.471951 0.025260 0.036124
0 0.812109 0.147046 0.023177 0.036549
0 0.398177 0.889503 0.023958 0.039099
0 0.397396 0.852529 0.024479 0.037399
0 0.741797 0.788993 0.024740 0.039524
0 0.101693 0.845941 0.025781 0.039524
0 0.512109 0.322142 0.025781 0.039949
0 0.765234 0.679983 0.025260 0.032299
0 0.286719 0.674671 0.025000 0.040374
0 0.193490 0.461326 0.023958 0.036974
0 0.670703 0.148109 0.023177 0.039524
0 0.170443 0.884403 0.021094 0.039099
0 0.239583 0.242031 0.022917 0.034424
0 0.330208 0.460901 0.022396 0.039524
0 0.353255 0.460263 0.023698 0.034849
0 0.125260 0.458139 0.023958 0.039099
0 0.239974 0.461113 0.023698 0.040799
0 0.603125 0.398003 0.024479 0.033574
0 0.238021 0.814492 0.028646 0.047174
0 0.148047 0.422014 0.023698 0.037399
0 0.467969 0.176158 0.022917 0.037824
0 0.354427 0.177008 0.022917 0.040374
0 0.534115 0.287080 0.023438 0.037824
0 0.377344 0.212920 0.023438 0.038249
0 0.287891 0.848916 0.026823 0.033574
0 0.240755 0.315130 0.024740 0.040374
0 0.834635 0.329154 0.031771 0.046324
0 0.924349 0.715257 0.024219 0.045899
0 0.835677 0.149171 0.022917 0.038249
0 0.513021 0.396515 0.024479 0.033999
0 0.714844 0.859966 0.028646 0.033574
0 0.148177 0.170421 0.023958 0.037399
0 0.467969 0.287930 0.023958 0.039524
0 0.717448 0.216957 0.023438 0.037824
0 0.604688 0.217170 0.024479 0.034849
0 0.466276 0.713557 0.022656 0.035699
0 0.443620 0.746494 0.022135 0.038674
0 0.264062 0.316617 0.025000 0.032299
0 0.626172 0.788143 0.023177 0.037824
0 0.124870 0.274543 0.025781 0.043349
0 0.947786 0.262643 0.025260 0.041649
0 0.488802 0.855716 0.023438 0.032724
0 0.580078 0.540161 0.023698 0.040799
0 0.694922 0.182745 0.024219 0.034849
0 0.147526 0.884403 0.024740 0.038249
0 0.716927 0.362941 0.027083 0.033149
0 0.147396 0.561411 0.023958 0.039099
0 0.604036 0.505525 0.023177 0.037824
0 0.880990 0.793030 0.030208 0.050149
0 0.556641 0.179983 0.020052 0.034424
0 0.466146 0.889715 0.023438 0.032724
0 0.602865 0.751169 0.022396 0.036124
0 0.466797 0.679133 0.022656 0.035699
0 0.307943 0.135147 0.027865 0.044199
0 0.534766 0.677008 0.024219 0.033149
0 0.169922 0.278581 0.024219 0.033574
0 0.670964 0.714195 0.028385 0.042074
0 0.195573 0.532087 0.026042 0.042499
0 0.835938 0.184233 0.024479 0.039524
0 0.924089 0.404590 0.028385 0.044199
0 0.102474 0.310030 0.022656 0.036974
0 0.789323 0.327029 0.027083 0.044624
0 0.286979 0.885465 0.026562 0.042074
0 0.741797 0.859116 0.024219 0.031874
0 0.649349 0.144921 0.023177 0.040799
0 0.286719 0.710582 0.024479 0.036549
0 0.286589 0.172971 0.025260 0.038249
0 0.192839 0.207395 0.024740 0.045049
0 0.238411 0.956864 0.027344 0.038674
0 0.397917 0.711007 0.022396 0.033149
0 0.717578 0.290055 0.023177 0.038674
0 0.582292 0.892053 0.023958 0.040799
0 0.510938 0.713345 0.024479 0.031874
0 0.125391 0.238844 0.026302 0.033149
0 0.556901 0.142159 0.022656 0.039524
0 0.421484 0.640884 0.022656 0.036549
0 0.125521 0.385253 0.023958 0.042074
0 0.397917 0.319167 0.022917 0.036549
0 0.239323 0.851679 0.023438 0.033999
0 0.763672 0.611560 0.025260 0.037399
0 0.374479 0.743306 0.021875 0.039099
0 0.077604 0.846791 0.026042 0.037824
0 0.123568 0.706757 0.022656 0.038249
0 0.263932 0.245644 0.025260 0.034849
0 0.763672 0.327454 0.023698 0.034424
0 0.421745 0.140246 0.022656 0.039099
0 0.670964 0.825967 0.028906 0.039524
0 0.102214 0.129622 0.024219 0.036549
0 0.052474 0.384403 0.025781 0.038674
0 0.397917 0.464301 0.022396 0.036124
0 0.373698 0.852741 0.022917 0.038674
0 0.672917 0.963238 0.027604 0.040374
0 0.467187 0.466851 0.022917 0.031024
0 0.239193 0.636422 0.025260 0.039524
0 0.421875 0.781980 0.023958 0.034849
0 0.238672 0.597748 0.025260 0.040374
0 0.373698 0.602635 0.021875 0.043349
0 0.558464 0.466001 0.022656 0.036124
0 0.511849 0.679133 0.025260 0.042499
0 0.581901 0.788993 0.024740 0.035274
0 0.286849 0.279643 0.023698 0.037399
0 0.194531 0.851891 0.025000 0.040374
0 0.789974 0.822354 0.027865 0.036549
0 0.330729 0.316192 0.022396 0.033149
0 0.077474 0.669571 0.027344 0.037824
0 0.557813 0.395240 0.027083 0.041649
0 0.695833 0.293455 0.022917 0.036124
0 0.194531 0.920739 0.024479 0.041224
0 0.580729 0.501062 0.022917 0.036549
0 0.194271 0.635784 0.026562 0.039949
0 0.466016 0.392903 0.021615 0.036124
0 0.421875 0.463876 0.023958 0.031024
0 0.079297 0.166808 0.024219 0.037824
0 0.126432 0.632384 0.028385 0.041649
0 0.579297 0.641734 0.023177 0.035699
0 0.263542 0.671908 0.022917 0.036549
0 0.171224 0.849341 0.023177 0.037824
0 0.078255 0.810880 0.028385 0.035699
0 0.287240 0.350829 0.023958 0.036974
0 0.077604 0.489800 0.026042 0.034424
0 0.422266 0.961113 0.023698 0.039524
0 0.511849 0.216320 0.023698 0.035699
0 0.557682 0.821504 0.023698 0.034849
0 0.125130 0.422652 0.021615 0.033574
0 0.581250 0.821929 0.026562 0.034849
0 0.354427 0.137484 0.021875 0.041224
0 0.764844 0.822142 0.024479 0.034424
0 0.533984 0.323629 0.022656 0.036974
0 0.238151 0.529324 0.022656 0.036124
0 0.078385 0.203782 0.025000 0.042924
0 0.925260 0.648746 0.026562 0.040374
0 0.194531 0.096473 0.024479 0.037399
0 0.535547 0.429664 0.021094 0.037399
0 0.512500 0.642584 0.023438 0.034849
0 0.766016 0.895240 0.022135 0.033574
0 0.351823 0.533149 0.022396 0.036974
0 0.925781 0.508925 0.029687 0.042924
0 0.536068 0.466213 0.024219 0.036549
0 0.421615 0.890778 0.021875 0.037399
0 0.077995 0.775393 0.025260 0.042074
0 0.419271 0.568848 0.022396 0.039524
0 0.192839 0.705907 0.024740 0.037399
0 0.397526 0.392053 0.022135 0.042074
0 0.740365 0.681045 0.020833 0.038674
0 0.330469 0.389928 0.024479 0.040374
0 0.648568 0.290055 0.020573 0.041224
0 0.076693 0.706120 0.023177 0.040374
0 0.672135 0.789205 0.031250 0.040799
0 0.695312 0.258606 0.024479 0.034424
0 0.511589 0.359754 0.023698 0.043774
0 0.489844 0.213345 0.022396 0.035699
0 0.649609 0.181895 0.020052 0.035699
0 0.147266 0.849554 0.024219 0.033999
0 0.329427 0.812580 0.026042 0.040799
0 0.193620 0.886953 0.024219 0.033999
0 0.077865 0.382490 0.024479 0.032299
0 0.076693 0.631747 0.026823 0.041224
0 0.714844 0.790055 0.027604 0.035699
0 0.627083 0.680408 0.026042 0.033149
0 0.328906 0.849129 0.024479 0.035699
0 0.400000 0.177646 0.025000 0.039949
0 0.511719 0.430939 0.023958 0.038249
0 0.443750 0.177433 0.025521 0.031874
0 0.950000 0.302592 0.028125 0.042499
0 0.147656 0.668933 0.022917 0.037399
0 0.287891 0.315342 0.024219 0.035699
0 0.580599 0.466213 0.022656 0.033149
0 0.718099 0.253719 0.025260 0.034849
0 0.534245 0.892690 0.021615 0.038674
0 0.147266 0.458989 0.022656 0.040799
0 0.717318 0.929452 0.027865 0.040799
0 0.924089 0.337017 0.028385 0.033149
0 0.489063 0.465788 0.021354 0.032299
0 0.051432 0.346791 0.024219 0.033999
0 0.442708 0.318530 0.023438 0.033574
0 0.124870 0.848491 0.021615 0.033574
0 0.672005 0.506800 0.032552 0.036124
0 0.740885 0.716957 0.022396 0.036549
0 0.603776 0.784955 0.020052 0.033999
0 0.287370 0.464726 0.023177 0.040374
0 0.787891 0.752656 0.026823 0.039099
0 0.859375 0.226944 0.023438 0.044199
0 0.740495 0.470251 0.022135 0.036974
0 0.078125 0.557799 0.026562 0.039524
0 0.397786 0.429664 0.023698 0.037399
0 0.740885 0.362091 0.026042 0.033999
0 0.556641 0.357629 0.023177 0.032724
0 0.216536 0.133447 0.021094 0.030599
0 0.420964 0.284105 0.021615 0.040374
0 0.123958 0.669358 0.023438 0.039099
0 0.488151 0.676583 0.020573 0.035699
0 0.741146 0.434552 0.023438 0.036124
0 0.511719 0.502762 0.025521 0.030599
0 0.374219 0.922439 0.022396 0.038674
0 0.625781 0.643646 0.022396 0.042074
0 0.375911 0.534849 0.026823 0.035274
0 0.444792 0.818317 0.022396 0.034424
0 0.170703 0.561198 0.026302 0.035274
0 0.467448 0.213345 0.022917 0.039099
0 0.444271 0.140034 0.021875 0.039524
0 0.262630 0.601997 0.024740 0.036974
0 0.239193 0.884828 0.023698 0.035699
0 0.649219 0.255631 0.022917 0.031874
0 0.146875 0.385040 0.021354 0.036549
0 0.789453 0.681895 0.025260 0.036124
0 0.217448 0.169358 0.023438 0.033574
0 0.511979 0.284318 0.021354 0.034849
0 0.627214 0.500637 0.024740 0.033999
0 0.603125 0.539099 0.022917 0.035274
0 0.626953 0.067573 0.026302 0.041649
0 0.126042 0.132597 0.022917 0.042499
0 0.467057 0.604335 0.023177 0.039949
0 0.263932 0.743731 0.023698 0.034849
0 0.285807 0.136847 0.020573 0.038249
0 0.374740 0.355504 0.028125 0.039524
0 0.373177 0.317680 0.023958 0.040374
0 0.443880 0.709520 0.021615 0.033574
0 0.443229 0.853591 0.022396 0.037824
0 0.374479 0.461538 0.021875 0.037399
0 0.740365 0.182108 0.026042 0.032724
0 0.078385 0.522312 0.026042 0.033149
0 0.051953 0.271356 0.027344 0.036124
0 0.194141 0.670421 0.027865 0.037824
0 0.443750 0.781980 0.020833 0.033149
0 0.467448 0.140034 0.022396 0.035274
0 0.510677 0.821292 0.021875 0.036974
0 0.352734 0.603485 0.021094 0.041649
0 0.124349 0.525287 0.022656 0.034849
0 0.671615 0.860178 0.032813 0.042499
0 0.834635 0.291543 0.029167 0.033149
0 0.444141 0.676158 0.024219 0.035699
0 0.557552 0.641734 0.023438 0.033999
0 0.489583 0.249894 0.022917 0.034849
0 0.331250 0.600722 0.029167 0.042074
0 0.487630 0.569698 0.020573 0.037824
0 0.167839 0.206545 0.025781 0.039099
0 0.535156 0.358691 0.026042 0.035699
0 0.740104 0.647684 0.023438 0.029749
0 0.398958 0.140246 0.022917 0.040799
0 0.398177 0.534424 0.020833 0.035274
0 0.534375 0.252869 0.023438 0.034849
0 0.328906 0.674246 0.025521 0.036124
0 0.193880 0.741819 0.025781 0.040374
0 0.124740 0.883765 0.024479 0.041224
0 0.811849 0.221419 0.023698 0.039949
0 0.880729 0.186783 0.021354 0.045474
0 0.194922 0.957714 0.026302 0.040374
0 0.309115 0.460051 0.022396 0.035274
0 0.467708 0.958139 0.022917 0.041224
0 0.672135 0.184020 0.022917 0.035699
0 0.193359 0.777306 0.026823 0.038249
0 0.328906 0.886103 0.025521 0.039949
0 0.351562 0.852741 0.020313 0.047174
0 0.237630 0.776881 0.025781 0.034849
0 0.330208 0.425627 0.023438 0.033574
0 0.051302 0.237569 0.027604 0.040799
0 0.329688 0.706545 0.027083 0.036974
0 0.286719 0.922864 0.024479 0.032724
0 0.102474 0.811517 0.023177 0.035274
0 0.329167 0.776031 0.026562 0.036549
0 0.671354 0.364428 0.029167 0.036124
0 0.169922 0.956651 0.021615 0.043349
0 0.924219 0.186358 0.026562 0.040374
0 0.834375 0.259669 0.026042 0.037399
0 0.925260 0.368041 0.026042 0.036549
0 0.671484 0.291330 0.022656 0.031874
0 0.285938 0.058011 0.030729 0.045474
0 0.101953 0.525924 0.022656 0.031874
0 0.397917 0.211857 0.022396 0.036124
0 0.923958 0.794093 0.029167 0.052274
0 0.626953 0.360816 0.026302 0.033149
0 0.467187 0.921802 0.023958 0.031449
0 0.627344 0.927964 0.025000 0.031024
0 0.398307 0.354866 0.022656 0.039949
0 0.287500 0.745219 0.023438 0.036974
0 0.947396 0.149171 0.029167 0.041649
0 0.148177 0.239907 0.024479 0.040374
0 0.467448 0.250319 0.022917 0.037399
0 0.262760 0.886103 0.022396 0.036549
0 0.713542 0.718870 0.032813 0.041224
0 0.374479 0.389290 0.022917 0.033149
0 0.626172 0.537399 0.025260 0.042924
0 0.398047 0.925202 0.026302 0.037399
0 0.374219 0.888440 0.024479 0.033574
0 0.716406 0.573948 0.026562 0.038674
0 0.924089 0.471313 0.027344 0.038249
0 0.102083 0.775393 0.022917 0.037824
0 0.422135 0.924352 0.022396 0.035699
0 0.354036 0.426052 0.024219 0.036974
0 0.948177 0.184870 0.026042 0.035699
0 0.511198 0.785168 0.020833 0.037824
0 0.422005 0.211220 0.023177 0.038249
0 0.511719 0.141309 0.022396 0.031874
0 0.397786 0.568211 0.021094 0.034849
0 0.558203 0.431364 0.025260 0.033999
0 0.194922 0.563323 0.024740 0.028474
0 0.148828 0.131322 0.022656 0.039949
0 0.124609 0.812792 0.021615 0.034424
0 0.124219 0.493413 0.021354 0.031449
0 0.670182 0.539312 0.030469 0.035699
0 0.307943 0.208245 0.027344 0.043349
0 0.101953 0.559074 0.024740 0.036124
0 0.560286 0.964513 0.024740 0.038674
0 0.740755 0.505312 0.023698 0.033999
0 0.376953 0.140459 0.023177 0.036974
0 0.102083 0.493413 0.023438 0.036549
0 0.444141 0.890353 0.023177 0.031449
0 0.467448 0.568211 0.023438 0.031449
0 0.288151 0.814067 0.025781 0.041224
0 0.264323 0.387803 0.025521 0.043774
0 0.352865 0.354229 0.021875 0.037824
0 0.626823 0.962813 0.026042 0.041224
0 0.264974 0.425414 0.024740 0.038249
0 0.511979 0.890353 0.023438 0.030599
0 0.308984 0.316192 0.021615 0.033149
0 0.194922 0.814067 0.027865 0.042924
0 0.558724 0.501275 0.021094 0.037824
0 0.077083 0.239269 0.022917 0.032299
0 0.351302 0.891415 0.019792 0.032724
0 0.716016 0.541224 0.027344 0.035274
0 0.286979 0.637909 0.025000 0.038249
0 0.603516 0.820654 0.022135 0.034849
0 0.100391 0.884403 0.021615 0.042499
0 0.740365 0.574373 0.024479 0.036974
0 0.627995 0.468126 0.024219 0.031874
0 0.443359 0.923502 0.022135 0.037399
0 0.672396 0.752869 0.029167 0.038674
0 0.126042 0.204207 0.025000 0.038674
0 0.626693 0.398215 0.025781 0.039949
0 0.329818 0.920314 0.024740 0.029324
0 0.287630 0.602422 0.026823 0.041224
0 0.353385 0.281555 0.022396 0.042074
0 0.147135 0.527624 0.021354 0.032724
0 0.741016 0.540161 0.024219 0.037399
0 0.512240 0.922864 0.022396 0.036124
0 0.625260 0.823629 0.023438 0.035699
0 0.241406 0.173821 0.025000 0.033999
0 0.104036 0.203570 0.024219 0.042499
0 0.352734 0.390565 0.022656 0.037399
0 0.791146 0.541861 0.026042 0.037399
0 0.741276 0.755206 0.023177 0.033999
0 0.309505 0.246069 0.026302 0.033149
0 0.374609 0.959839 0.022135 0.039524
0 0.581120 0.216532 0.017969 0.027624
0 0.308984 0.170846 0.022135 0.033149
0 0.879687 0.473863 0.028646 0.041649
0 0.604948 0.893753 0.021875 0.034849
0 0.398047 0.959626 0.023698 0.036549
0 0.352995 0.641096 0.022135 0.036974
0 0.626172 0.855929 0.021615 0.030599
0 0.241406 0.205907 0.023958 0.041224
0 0.788932 0.614322 0.023698 0.036124
0 0.716797 0.146834 0.021094 0.032724
0 0.308984 0.352529 0.021615 0.036974
0 0.375781 0.424989 0.022396 0.030599
0 0.714583 0.753931 0.029167 0.039099
0 0.879687 0.611985 0.032292 0.042499
0 0.557422 0.570548 0.024740 0.041224
0 0.514062 0.960476 0.024479 0.043349
0 0.421875 0.176371 0.017188 0.031449
0 0.331120 0.953889 0.024740 0.039524
0 0.580339 0.608160 0.024219 0.033999
0 0.375130 0.709307 0.024219 0.033149
0 0.330729 0.566511 0.026042 0.033149
0 0.169531 0.598173 0.022917 0.040374
0 0.264583 0.813430 0.023958 0.040799
0 0.287500 0.779218 0.025000 0.034424
0 0.374609 0.279218 0.022135 0.038249
0 0.124479 0.347004 0.022396 0.035274
0 0.626823 0.575011 0.023438 0.032299
0 0.603255 0.433277 0.025781 0.039524
0 0.490234 0.141734 0.021615 0.038674
0 0.579297 0.574373 0.023177 0.038674
0 0.765755 0.540374 0.025260 0.032724
0 0.581641 0.855929 0.024740 0.033999
0 0.263802 0.131534 0.023438 0.036974
0 0.148047 0.313430 0.023698 0.036124
0 0.104557 0.236932 0.017969 0.027624
0 0.264323 0.776668 0.024479 0.037824
0 0.124870 0.777943 0.024219 0.036974
0 0.604427 0.573098 0.026562 0.039524
0 0.147396 0.277093 0.022396 0.038249
0 0.286328 0.529537 0.022656 0.034849
0 0.078385 0.739694 0.025000 0.032724
0 0.193620 0.245006 0.023177 0.036974
0 0.102474 0.739482 0.022656 0.033999
0 0.125130 0.314280 0.024219 0.041224
0 0.790104 0.960901 0.028125 0.042499
0 0.604557 0.857841 0.025781 0.040374
0 0.627734 0.434764 0.025260 0.036549
0 0.052604 0.419677 0.020833 0.031024
0 0.329688 0.495750 0.023958 0.030174
0 0.398568 0.284530 0.022656 0.037824
0 0.147917 0.494688 0.024479 0.034849
0 0.262891 0.919465 0.021615 0.035274
0 0.534635 0.394390 0.022396 0.035699
0 0.101172 0.635359 0.022135 0.039099
0 0.124089 0.742456 0.023177 0.037399
0 0.580599 0.397578 0.017448 0.027624
0 0.353776 0.957076 0.022656 0.036549
0 0.672266 0.926902 0.026823 0.036549
0 0.444401 0.283468 0.025781 0.039099
0 0.238672 0.742669 0.025781 0.036124
0 0.124740 0.561198 0.023438 0.037824
0 0.766146 0.931364 0.025521 0.042074
0 0.171094 0.242244 0.025000 0.040799
0 0.330859 0.210795 0.025781 0.038249
0 0.169401 0.919677 0.023698 0.038249
0 0.102734 0.271993 0.017969 0.033999
0 0.352734 0.922864 0.021615 0.033574
0 0.375130 0.675096 0.022135 0.039524
0 0.374609 0.641096 0.023698 0.037824
0 0.286979 0.388228 0.025521 0.039524
0 0.170052 0.636422 0.021354 0.033574
0 0.169922 0.493200 0.023177 0.038674
0 0.101953 0.670421 0.021615 0.035274
0 0.308333 0.280280 0.023438 0.040374
0 0.764583 0.507650 0.026042 0.038674
0 0.297135 0.425414 0.044271 0.041649
0 0.557422 0.536549 0.023177 0.031024
0 0.352083 0.708032 0.021354 0.034849
0 0.579948 0.248831 0.016667 0.031024
0 0.171094 0.526774 0.025521 0.035274
0 0.146875 0.706120 0.024479 0.038674
0 0.444010 0.251806 0.026042 0.043774
0 0.399089 0.247131 0.024219 0.037824
0 0.789844 0.507225 0.027604 0.036974
0 0.671745 0.894178 0.033594 0.033149
0 0.287500 0.209520 0.025521 0.038249
0 0.287500 0.498300 0.024479 0.030174
0 0.331641 0.281343 0.025260 0.038249
0 0.671094 0.609010 0.032813 0.024649
0 0.580208 0.430302 0.016146 0.031024
0 0.422135 0.247981 0.022917 0.035274
0 0.168359 0.132172 0.017969 0.030599
0 0.791146 0.927327 0.025000 0.028049
0 0.125391 0.596048 0.023698 0.033574
0 0.147396 0.206757 0.022396 0.032724
0 0.308594 0.495325 0.021875 0.037824
0 0.330078 0.530599 0.026302 0.042074
0 0.923307 0.752656 0.022135 0.029749
0 0.147266 0.599023 0.024219 0.039524
0 0.445182 0.958564 0.024219 0.036124
0 0.286979 0.955801 0.026042 0.039949
0 0.169401 0.705482 0.023698 0.035699
0 0.741927 0.951126 0.028646 0.074798
0 0.373958 0.776881 0.022396 0.033999
0 0.147917 0.634297 0.022917 0.035274
0 0.880599 0.752231 0.022135 0.026349
0 0.535807 0.961326 0.022656 0.038249
0 0.265234 0.170421 0.020573 0.041649
0 0.170052 0.670633 0.021875 0.036549
0 0.170182 0.813430 0.020573 0.039949
0 0.354297 0.212282 0.023177 0.031874
0 0.352344 0.778793 0.021875 0.033574
0 0.352214 0.812155 0.020573 0.037399
0 0.352734 0.675096 0.022135 0.034424
0 0.101823 0.955164 0.027604 0.042924
0 0.263672 0.953676 0.023177 0.035699
0 0.535417 0.928177 0.023958 0.034849
0 0.307943 0.389928 0.023698 0.038674
0 0.308464 0.533787 0.022135 0.039949
0 0.286589 0.243731 0.024740 0.036124
0 0.927474 0.680833 0.016927 0.022099
0 0.352604 0.566723 0.019792 0.032724
0 0.558333 0.929239 0.022917 0.036124
0 0.583594 0.964088 0.026042 0.036124
0 0.374740 0.803655 0.023958 0.056099
0 0.125130 0.919252 0.024740 0.039949
0 0.582682 0.929027 0.025260 0.035699
0 0.376432 0.247981 0.020573 0.031874
0 0.419661 0.341691 0.020052 0.018700
0 0.881641 0.679983 0.021094 0.028049
0 0.286068 0.563536 0.025260 0.033999
0 0.101432 0.918190 0.023177 0.031874
0 0.124219 0.955376 0.021354 0.035699
0 0.331901 0.243731 0.023698 0.031874
0 0.170964 0.741394 0.019010 0.036974
0 0.669792 0.126009 0.022917 0.015725
0 0.148307 0.919252 0.022656 0.038249
0 0.078776 0.922227 0.023177 0.040799
0 0.466667 0.767956 0.021354 0.016150
0 0.716016 0.311305 0.023698 0.022524
0 0.833464 0.198683 0.024740 0.023374
0 0.169792 0.778581 0.020313 0.034849
0 0.146484 0.776881 0.022135 0.031449
0 0.147266 0.958351 0.020573 0.034849
