0 0.753662 0.131771 0.046387 0.045312
0 0.606323 0.346484 0.037842 0.041406
0 0.508301 0.304036 0.045410 0.047656
0 0.509155 0.387109 0.043213 0.043490
0 0.461426 0.260286 0.046875 0.044010
0 0.756348 0.258984 0.046387 0.046615
0 0.557373 0.173828 0.044434 0.047656
0 0.457764 0.346224 0.046875 0.043490
0 0.556152 0.220052 0.045898 0.046875
0 0.509521 0.216016 0.043945 0.042969
0 0.607666 0.304297 0.040527 0.045573
0 0.509277 0.258333 0.042480 0.041667
0 0.556274 0.302214 0.039795 0.045052
0 0.608887 0.173047 0.044922 0.047656
0 0.459229 0.388411 0.044434 0.041927
0 0.757202 0.303125 0.045166 0.041146
0 0.658813 0.344141 0.040771 0.040885
0 0.459106 0.301823 0.043213 0.044271
0 0.753906 0.386198 0.043457 0.041146
0 0.659302 0.218620 0.046143 0.040365
0 0.557251 0.260807 0.042236 0.039323
0 0.605835 0.386589 0.041260 0.039323
0 0.754761 0.342187 0.041260 0.040625
0 0.507080 0.172526 0.039062 0.040885
0 0.510986 0.346354 0.044434 0.039583
0 0.108521 0.237500 0.040771 0.045312
0 0.806641 0.132031 0.043945 0.042188
0 0.458984 0.216276 0.040527 0.046094
0 0.608521 0.259896 0.040283 0.044792
0 0.756104 0.174479 0.041992 0.041667
0 0.657959 0.302734 0.045898 0.042448
0 0.534180 0.730469 0.019043 0.019792
0 0.706055 0.303776 0.044434 0.042969
0 0.558960 0.344401 0.041748 0.040885
0 0.705566 0.259245 0.041992 0.044531
0 0.608643 0.216406 0.040527 0.040104
0 0.704102 0.344141 0.040039 0.039323
0 0.658936 0.384766 0.041992 0.040365
0 0.513306 0.750521 0.016357 0.017188
0 0.658691 0.259505 0.044922 0.037240
0 0.756348 0.216406 0.040039 0.037500
0 0.576172 0.733594 0.018066 0.018229
0 0.197998 0.745703 0.017578 0.020573
0 0.460083 0.171745 0.042725 0.043490
0 0.114868 0.724089 0.017822 0.020052
0 0.535522 0.807161 0.017334 0.019010
0 0.116577 0.743359 0.017334 0.020052
0 0.108643 0.162630 0.037598 0.033073
0 0.534912 0.712109 0.018066 0.016406
0 0.699951 0.733594 0.016602 0.017188
0 0.658691 0.173698 0.041992 0.049479
0 0.197998 0.764714 0.015137 0.016927
0 0.807007 0.048438 0.047607 0.044792
0 0.760620 0.790495 0.013916 0.016406
0 0.176392 0.741797 0.017822 0.019010
0 0.413696 0.729818 0.018311 0.020052
0 0.355591 0.653385 0.017822 0.017708
0 0.220215 0.688542 0.018066 0.017708
0 0.555908 0.731510 0.016602 0.018229
0 0.700317 0.753255 0.016846 0.016927
0 0.707642 0.168880 0.041748 0.053385
0 0.576416 0.712240 0.017578 0.020833
0 0.556641 0.386068 0.045410 0.038802
0 0.707642 0.215755 0.043213 0.040885
0 0.512939 0.732292 0.016602 0.019792
0 0.412964 0.768620 0.017822 0.017969
0 0.110352 0.277604 0.044922 0.042708
0 0.114868 0.703906 0.015869 0.017708
0 0.263794 0.708203 0.017334 0.019010
0 0.492065 0.731250 0.016846 0.018750
0 0.413940 0.709896 0.017334 0.020313
0 0.176392 0.722917 0.016357 0.017708
0 0.199097 0.782161 0.018311 0.019010
0 0.493042 0.749609 0.018311 0.019010
0 0.705200 0.385156 0.035400 0.038021
0 0.196899 0.725260 0.016846 0.017708
0 0.739014 0.735417 0.017090 0.018229
0 0.074097 0.761198 0.016846 0.017188
0 0.606934 0.674089 0.022461 0.020052
0 0.239624 0.728125 0.017334 0.019271
0 0.116211 0.820312 0.019531 0.018750
0 0.809204 0.090885 0.042725 0.036458
0 0.739868 0.755208 0.016846 0.019792
0 0.109131 0.195703 0.036621 0.037760
0 0.681274 0.732682 0.015869 0.016406
0 0.200317 0.801172 0.019287 0.019010
0 0.073730 0.779557 0.017578 0.019531
0 0.854004 0.555208 0.020020 0.020313
0 0.491333 0.808203 0.018311 0.018490
0 0.314087 0.635938 0.021729 0.018229
0 0.413574 0.748958 0.017090 0.018750
0 0.535034 0.750000 0.019287 0.018750
0 0.238525 0.688932 0.018555 0.017969
0 0.576782 0.751172 0.017334 0.017448
0 0.853149 0.177214 0.044189 0.054427
0 0.758545 0.088672 0.040527 0.041406
0 0.701782 0.694661 0.016357 0.016406
0 0.852905 0.574870 0.020264 0.020573
0 0.324463 0.690625 0.019043 0.019271
0 0.184204 0.637760 0.022217 0.022917
0 0.197021 0.687500 0.015625 0.016146
0 0.094849 0.741406 0.015869 0.017708
0 0.682983 0.714193 0.016357 0.017969
0 0.492920 0.788672 0.016113 0.017969
0 0.141846 0.601302 0.020996 0.022396
0 0.347168 0.748307 0.014160 0.016406
0 0.556030 0.711719 0.015869 0.019792
0 0.620117 0.752083 0.017090 0.017188
0 0.494019 0.770312 0.017334 0.018229
0 0.760498 0.734896 0.016113 0.016667
0 0.346802 0.692448 0.018311 0.017188
0 0.176270 0.762760 0.016602 0.021354
0 0.285034 0.707422 0.017822 0.020052
0 0.576294 0.694271 0.018311 0.016146
0 0.660278 0.714453 0.017334 0.017448
0 0.305908 0.747135 0.015625 0.017188
0 0.145264 0.663151 0.020996 0.020573
0 0.661011 0.733333 0.017822 0.017708
0 0.347656 0.766797 0.015625 0.019010
0 0.534668 0.693359 0.018555 0.019010
0 0.720581 0.714193 0.016357 0.017448
0 0.739014 0.810156 0.016602 0.017188
0 0.536255 0.769661 0.017822 0.020052
0 0.175781 0.686979 0.016113 0.015625
0 0.116577 0.761849 0.016846 0.017448
0 0.187744 0.668750 0.021484 0.019792
0 0.413452 0.788411 0.017334 0.020052
0 0.660767 0.752474 0.015869 0.016927
0 0.701538 0.713542 0.016846 0.019792
0 0.640503 0.695182 0.018799 0.018490
0 0.780884 0.829818 0.017334 0.017448
0 0.556519 0.750651 0.016357 0.018490
0 0.721069 0.695182 0.016846 0.017969
0 0.491211 0.827865 0.017090 0.017188
0 0.720093 0.734766 0.014893 0.018490
0 0.620117 0.771484 0.018555 0.017448
0 0.355469 0.673698 0.020020 0.020313
0 0.620483 0.732031 0.018799 0.018750
0 0.760742 0.810547 0.014648 0.021094
0 0.738770 0.791927 0.017578 0.017708
0 0.074219 0.741927 0.016602 0.020313
0 0.145142 0.641667 0.017822 0.018229
0 0.305542 0.707812 0.015381 0.018750
0 0.240356 0.706641 0.016357 0.016927
0 0.354736 0.635417 0.020508 0.017708
0 0.700928 0.771875 0.017578 0.017708
0 0.219849 0.705859 0.015869 0.016406
0 0.264526 0.725651 0.015869 0.017448
0 0.398926 0.555339 0.018555 0.021615
0 0.199341 0.822266 0.018799 0.019010
0 0.093506 0.703255 0.018066 0.017969
0 0.555542 0.693099 0.016357 0.015885
0 0.782715 0.811979 0.019043 0.020833
0 0.227783 0.671745 0.018555 0.016406
0 0.143066 0.559635 0.022461 0.019792
0 0.144409 0.684245 0.020264 0.019531
0 0.219238 0.746094 0.016113 0.017188
0 0.576660 0.769661 0.017578 0.017969
0 0.619263 0.829167 0.018799 0.019792
0 0.523560 0.556120 0.020752 0.023698
0 0.513794 0.770703 0.015869 0.020573
0 0.659912 0.850260 0.019531 0.019271
0 0.219238 0.726432 0.015137 0.020052
0 0.305176 0.728385 0.015625 0.017708
0 0.273438 0.670182 0.021973 0.020573
0 0.178101 0.782813 0.016357 0.017188
0 0.284302 0.728646 0.016846 0.017708
0 0.095581 0.763281 0.014893 0.019792
0 0.114990 0.685937 0.017578 0.018229
0 0.316772 0.673307 0.020752 0.016927
0 0.414062 0.806771 0.017090 0.016667
0 0.117310 0.781250 0.017334 0.018750
0 0.176514 0.703776 0.016602 0.016927
0 0.197510 0.705729 0.017578 0.016667
0 0.524536 0.579818 0.023682 0.019531
0 0.347534 0.728646 0.015381 0.017188
0 0.640503 0.751563 0.016357 0.017188
0 0.803833 0.752214 0.016357 0.019010
0 0.186157 0.653776 0.018799 0.014323
0 0.646973 0.673698 0.019043 0.018229
0 0.536743 0.789974 0.015869 0.017969
0 0.576050 0.791276 0.018311 0.016927
0 0.492432 0.846484 0.018555 0.016927
0 0.283936 0.689844 0.017090 0.017708
0 0.648071 0.656641 0.020264 0.016406
0 0.731323 0.635807 0.020264 0.022656
0 0.682495 0.695182 0.016357 0.016406
0 0.219360 0.764323 0.014404 0.016146
0 0.739380 0.772786 0.016846 0.016406
0 0.599609 0.732682 0.016113 0.016406
0 0.199463 0.841016 0.018555 0.017448
0 0.103394 0.665495 0.017822 0.019531
0 0.640747 0.731901 0.016846 0.020052
0 0.781494 0.791146 0.018066 0.017188
0 0.143921 0.621745 0.019287 0.022135
0 0.097290 0.558464 0.018799 0.023177
0 0.480347 0.580729 0.021729 0.017188
0 0.325806 0.709115 0.016846 0.017708
0 0.433228 0.691536 0.015381 0.015885
0 0.658447 0.810286 0.021484 0.018490
0 0.439575 0.596094 0.019287 0.019271
0 0.117554 0.842318 0.019287 0.021615
0 0.620117 0.808203 0.019043 0.020052
0 0.399414 0.592708 0.022949 0.021354
0 0.075195 0.820312 0.020020 0.019792
0 0.353516 0.590885 0.020996 0.022396
0 0.575684 0.808333 0.017090 0.017188
0 0.314941 0.654297 0.017090 0.018490
0 0.699585 0.810547 0.017334 0.017969
0 0.413696 0.825260 0.016846 0.017188
0 0.803467 0.733594 0.015625 0.017188
0 0.440796 0.672917 0.018311 0.018750
0 0.640625 0.712500 0.017090 0.016667
0 0.618530 0.849349 0.019287 0.019010
0 0.074585 0.839323 0.016846 0.018750
0 0.141846 0.579297 0.020020 0.020573
0 0.680908 0.752214 0.015137 0.021615
0 0.701050 0.791276 0.018311 0.019531
0 0.760864 0.773047 0.016846 0.017448
0 0.347656 0.708984 0.016602 0.017448
0 0.110229 0.354557 0.032959 0.033073
0 0.729248 0.674089 0.018066 0.017448
0 0.536133 0.826042 0.019531 0.019792
0 0.228516 0.635417 0.024414 0.026042
0 0.183594 0.585286 0.022461 0.023177
0 0.071777 0.724479 0.015625 0.014583
0 0.698364 0.851172 0.018311 0.019010
0 0.074219 0.800521 0.021484 0.021354
0 0.093506 0.722396 0.017090 0.019792
0 0.285522 0.747396 0.018311 0.019271
0 0.648560 0.596484 0.018799 0.020573
0 0.271606 0.592057 0.026123 0.028385
0 0.609253 0.655339 0.018799 0.016406
0 0.116699 0.799740 0.017090 0.020313
0 0.608643 0.636458 0.018555 0.021354
0 0.177368 0.799479 0.015869 0.017708
0 0.398926 0.573307 0.019043 0.016927
0 0.097656 0.588151 0.019531 0.019010
0 0.479004 0.556901 0.020508 0.024740
0 0.305542 0.689714 0.015869 0.016406
0 0.526489 0.675521 0.016846 0.018750
0 0.058594 0.654297 0.017090 0.015885
0 0.564697 0.556510 0.020508 0.023958
0 0.740845 0.713281 0.017334 0.020833
0 0.241211 0.802474 0.019043 0.018490
0 0.659790 0.696094 0.016846 0.018750
0 0.813477 0.554297 0.020508 0.023698
0 0.607178 0.596224 0.019043 0.021094
0 0.226196 0.561198 0.023682 0.029167
0 0.811279 0.574870 0.020996 0.017448
0 0.270996 0.635156 0.022461 0.020833
0 0.620361 0.789974 0.016602 0.014323
0 0.401489 0.635156 0.021240 0.020313
0 0.618652 0.694792 0.017578 0.019271
0 0.739868 0.828646 0.017822 0.018229
0 0.699707 0.829297 0.018066 0.018490
0 0.047241 0.738802 0.019287 0.018229
0 0.284790 0.766276 0.016846 0.016406
0 0.719360 0.754167 0.014404 0.018750
0 0.659912 0.830078 0.020996 0.017448
0 0.619873 0.713542 0.016113 0.014063
0 0.510620 0.711458 0.021729 0.019792
0 0.853760 0.534375 0.019531 0.022396
0 0.060669 0.668490 0.016357 0.016146
0 0.780029 0.773177 0.016113 0.015104
0 0.565674 0.636458 0.020508 0.022396
0 0.224976 0.580990 0.020264 0.011979
0 0.599487 0.712760 0.015869 0.016146
0 0.356689 0.563021 0.026367 0.033333
0 0.242188 0.784505 0.016602 0.016406
0 0.781128 0.734766 0.016357 0.017969
0 0.770630 0.674609 0.020752 0.021094
0 0.648804 0.636068 0.020752 0.021094
0 0.143188 0.539453 0.018799 0.021615
0 0.057983 0.638411 0.019287 0.017448
0 0.432373 0.732943 0.016602 0.019531
0 0.660767 0.792448 0.027588 0.018750
0 0.730103 0.655599 0.019775 0.017969
0 0.739990 0.851562 0.020996 0.021875
0 0.414551 0.691146 0.018066 0.016146
0 0.779297 0.851693 0.016113 0.016927
0 0.779907 0.716016 0.018799 0.021615
0 0.285278 0.822135 0.015381 0.016667
0 0.284424 0.802344 0.015625 0.017188
0 0.804077 0.713151 0.014893 0.018490
0 0.046021 0.685417 0.017822 0.020833
0 0.263428 0.688672 0.016602 0.017448
0 0.284790 0.784635 0.017334 0.019271
0 0.534180 0.848568 0.018066 0.016927
0 0.438843 0.557813 0.021240 0.025521
0 0.413574 0.846354 0.019531 0.015625
0 0.441284 0.653385 0.020264 0.019792
0 0.780151 0.696745 0.017334 0.017969
0 0.093262 0.685547 0.012695 0.012760
0 0.070190 0.707943 0.017822 0.025260
0 0.811279 0.595833 0.018555 0.023438
0 0.567383 0.673958 0.020508 0.022396
0 0.480835 0.635677 0.016846 0.017188
0 0.691528 0.574089 0.019775 0.014844
0 0.326660 0.732031 0.022461 0.018750
0 0.649292 0.576172 0.018311 0.016406
0 0.760864 0.715104 0.016846 0.017708
0 0.072021 0.685026 0.022949 0.019010
0 0.761719 0.753776 0.017578 0.017969
0 0.659912 0.772396 0.019531 0.019792
0 0.365845 0.691146 0.015381 0.017188
0 0.439941 0.578255 0.018066 0.015885
0 0.479736 0.652865 0.019043 0.018750
0 0.491211 0.713542 0.013184 0.012500
0 0.600830 0.693620 0.017578 0.017448
0 0.389038 0.691146 0.018799 0.017188
0 0.049194 0.763151 0.016846 0.019010
0 0.366577 0.710547 0.015381 0.017969
0 0.691284 0.634766 0.024170 0.021094
0 0.691528 0.593490 0.023193 0.025000
0 0.432007 0.710156 0.018311 0.015104
0 0.478394 0.597135 0.021729 0.018229
0 0.328125 0.745703 0.020996 0.016406
0 0.183350 0.560026 0.020508 0.027865
0 0.101807 0.638672 0.026367 0.025781
0 0.327515 0.765755 0.019775 0.021615
0 0.741455 0.694661 0.017578 0.016927
0 0.048950 0.780729 0.016846 0.017708
0 0.522949 0.604688 0.021484 0.017708
0 0.770996 0.552604 0.021973 0.026042
0 0.098145 0.575130 0.019043 0.011198
0 0.402588 0.675391 0.021484 0.017969
0 0.222656 0.592708 0.021484 0.015625
0 0.769653 0.637370 0.022705 0.022135
0 0.691284 0.672526 0.021729 0.019531
0 0.770996 0.573828 0.019531 0.015885
0 0.433472 0.749089 0.014404 0.016927
0 0.045532 0.666927 0.015381 0.017188
0 0.286987 0.843490 0.018311 0.019271
0 0.692749 0.554036 0.017822 0.022135
0 0.728271 0.555469 0.025391 0.025521
0 0.762573 0.696224 0.015381 0.019531
0 0.525635 0.633203 0.020508 0.017969
0 0.783203 0.755729 0.015625 0.018750
0 0.511841 0.692708 0.018311 0.015104
0 0.643311 0.773177 0.023926 0.022917
0 0.388550 0.766536 0.011963 0.020052
0 0.046387 0.704036 0.014648 0.013802
0 0.389526 0.728255 0.011475 0.016927
0 0.378052 0.765234 0.027588 0.020052
0 0.680054 0.744922 0.013428 0.009635
0 0.294189 0.638932 0.014648 0.018490
0 0.379883 0.785026 0.025879 0.017969
0 0.270630 0.573177 0.019287 0.015104
0 0.051514 0.588802 0.018066 0.017188
0 0.381348 0.707292 0.018066 0.023438
0 0.378052 0.742578 0.027100 0.018490
0 0.325439 0.721745 0.018555 0.011198
0 0.413574 0.739974 0.017090 0.016927
0 0.051880 0.558594 0.022217 0.020833
0 0.771973 0.754427 0.014160 0.018750
0 0.480957 0.673958 0.018066 0.021354
0 0.391235 0.708854 0.016357 0.018229
0 0.730957 0.575911 0.016602 0.015885
0 0.378296 0.560026 0.013916 0.015365
0 0.129272 0.627083 0.012451 0.016146
0 0.367188 0.728776 0.015137 0.015885
0 0.324219 0.785937 0.023438 0.017708
0 0.270264 0.556771 0.020020 0.021354
0 0.183472 0.569661 0.017822 0.009635
0 0.452271 0.692969 0.016846 0.015104
0 0.682983 0.804427 0.015381 0.025000
0 0.713989 0.655339 0.015381 0.019010
0 0.069580 0.654948 0.007812 0.017188
0 0.369385 0.765625 0.014648 0.016146
0 0.080933 0.637240 0.013428 0.017188
0 0.853638 0.596615 0.024658 0.021354
0 0.851562 0.637760 0.018555 0.020313
0 0.606323 0.574349 0.020264 0.018490
0 0.047852 0.724349 0.018555 0.013802
0 0.791504 0.202734 0.024414 0.025781
0 0.805054 0.695443 0.016357 0.014844
0 0.440918 0.632161 0.019043 0.020052
0 0.775879 0.598958 0.017578 0.012500
0 0.814941 0.635938 0.013672 0.017708
0 0.814941 0.654687 0.019531 0.013542
0 0.815918 0.674479 0.013672 0.013542
0 0.852539 0.654687 0.016602 0.015625
0 0.854492 0.673438 0.014648 0.013542
0 0.824219 0.695312 0.014648 0.015625
0 0.823730 0.714583 0.017578 0.020833
0 0.824707 0.738542 0.015625 0.016667
0 0.825684 0.757812 0.013672 0.013542
0 0.823242 0.771354 0.016602 0.015625
0 0.821777 0.792188 0.015625 0.017708
0 0.822266 0.832292 0.014648 0.016667
0 0.819824 0.852604 0.017578 0.017708
0 0.649414 0.555729 0.016602 0.019792
0 0.607910 0.553125 0.017578 0.018750
0 0.576172 0.827083 0.014648 0.014583
0 0.573730 0.852604 0.013672 0.019792
0 0.472168 0.729688 0.011719 0.011458
0 0.471191 0.748958 0.013672 0.012500
0 0.473145 0.768229 0.011719 0.013542
0 0.454102 0.770833 0.014648 0.012500
0 0.314941 0.554688 0.015625 0.015625
0 0.315430 0.592187 0.012695 0.013542
0 0.051758 0.574479 0.020508 0.011458
0 0.241211 0.745833 0.016602 0.014583
0 0.241211 0.766667 0.014648 0.012500
0 0.327148 0.801562 0.016602 0.015625
0 0.328125 0.825521 0.014648 0.015625
0 0.328125 0.843229 0.016602 0.017708
0 0.370117 0.805208 0.014648 0.016667
0 0.369141 0.825000 0.014648 0.016667
0 0.371582 0.845313 0.015625 0.015625
0 0.454590 0.789583 0.017578 0.016667
0 0.453613 0.807813 0.015625 0.017708
0 0.729492 0.596354 0.012695 0.017708
0 0.853516 0.616667 0.018555 0.018750
0 0.566895 0.579688 0.023438 0.013542
0 0.565918 0.598958 0.017578 0.018750
