0 0.903159 0.062218 0.193683 0.122700
0 0.884535 0.201579 0.227354 0.097709
0 0.886472 0.322544 0.219905 0.100833
0 0.874255 0.501388 0.251490 0.146477
0 0.877980 0.633894 0.244041 0.135543
0 0.887366 0.775946 0.225268 0.135717
0 0.886472 0.911576 0.227056 0.102916
0 0.625745 0.055710 0.268176 0.092329
0 0.618296 0.211906 0.241955 0.133287
0 0.619190 0.368709 0.228844 0.134502
0 0.632300 0.514491 0.225268 0.135543
0 0.617253 0.633287 0.247616 0.112808
0 0.619190 0.778115 0.243743 0.118188
0 0.611740 0.917477 0.236591 0.108469
0 0.378874 0.056838 0.232718 0.109511
0 0.381853 0.198369 0.260727 0.128081
0 0.371424 0.327404 0.214243 0.125824
0 0.341627 0.489587 0.217819 0.167997
0 0.355632 0.630597 0.227354 0.116106
0 0.359356 0.775946 0.197259 0.144394
0 0.344458 0.922943 0.241955 0.121486
0 0.113528 0.053020 0.190107 0.101874
0 0.104291 0.215724 0.167461 0.140923
0 0.109058 0.353523 0.217521 0.121486
0 0.100566 0.631725 0.189809 0.137799
0 0.102652 0.786272 0.201132 0.123742
0 0.096990 0.913745 0.193385 0.094412
