0 0.603662 0.194892 0.032749 0.033922
0 0.671609 0.049347 0.033265 0.036482
0 0.570204 0.121224 0.036230 0.032002
0 0.203649 0.870200 0.033909 0.031490
0 0.407040 0.085061 0.034812 0.036226
0 0.136733 0.089158 0.037004 0.036226
0 0.639569 0.158922 0.034167 0.032642
0 0.436501 0.905402 0.033909 0.034562
0 0.536552 0.765425 0.032362 0.030338
0 0.336385 0.399450 0.032491 0.035458
0 0.470861 0.499040 0.033265 0.031874
0 0.571106 0.700653 0.038293 0.033922
0 0.603791 0.665387 0.033265 0.034306
0 0.537068 0.122824 0.031588 0.033666
0 0.370101 0.767537 0.032104 0.032258
0 0.273401 0.125320 0.033136 0.035586
0 0.439273 0.295699 0.032749 0.033282
0 0.604048 0.496608 0.030170 0.027266
0 0.670513 0.799475 0.035199 0.032642
0 0.570977 0.734191 0.035972 0.029826
0 0.706227 0.158986 0.035199 0.033538
0 0.804732 0.363095 0.033136 0.032898
0 0.305505 0.086150 0.032620 0.033794
0 0.914067 0.080517 0.036230 0.033538
0 0.570719 0.158154 0.036230 0.034690
0 0.670642 0.260689 0.034683 0.032386
0 0.103791 0.598118 0.035585 0.033154
0 0.604306 0.363095 0.032491 0.034946
0 0.877192 0.082821 0.033394 0.036098
0 0.305957 0.123720 0.032749 0.034946
0 0.913293 0.261649 0.035199 0.033026
0 0.605918 0.048195 0.033394 0.035714
0 0.839737 0.361111 0.035327 0.033794
0 0.569817 0.940156 0.035714 0.035458
0 0.372937 0.262033 0.033394 0.029186
0 0.567947 0.563428 0.031717 0.030594
0 0.172769 0.767025 0.033007 0.037634
0 0.840768 0.082693 0.036101 0.039171
0 0.570139 0.086598 0.033522 0.038274
0 0.805570 0.764145 0.033007 0.034690
0 0.504384 0.564196 0.032233 0.035970
0 0.638989 0.937148 0.032749 0.032770
0 0.370552 0.430364 0.032749 0.029698
0 0.439273 0.051203 0.031717 0.032514
0 0.404526 0.563556 0.033136 0.031106
0 0.172318 0.052611 0.035714 0.033282
0 0.207259 0.564068 0.030041 0.033410
0 0.705518 0.833013 0.034812 0.031362
0 0.138345 0.231695 0.030686 0.035586
0 0.705196 0.260561 0.031331 0.035458
0 0.535456 0.363863 0.030944 0.033922
0 0.639054 0.086662 0.032104 0.035330
0 0.338512 0.087814 0.036488 0.035074
0 0.136926 0.051139 0.037648 0.035970
0 0.171158 0.196813 0.031331 0.035714
0 0.535714 0.868600 0.035843 0.035458
0 0.637442 0.498720 0.030686 0.033282
0 0.670771 0.432732 0.030815 0.029826
0 0.874613 0.328981 0.032620 0.029442
0 0.471184 0.937532 0.033394 0.035074
0 0.271080 0.195725 0.032620 0.035586
0 0.303378 0.797491 0.036101 0.030722
0 0.771016 0.598374 0.034038 0.031106
0 0.705260 0.904506 0.034812 0.034818
0 0.237945 0.799923 0.033136 0.029698
0 0.875000 0.765169 0.032362 0.036482
0 0.671093 0.597670 0.031717 0.032258
0 0.171609 0.088774 0.033265 0.035970
0 0.440369 0.087622 0.033136 0.036226
0 0.873840 0.529634 0.031331 0.034690
0 0.912326 0.796531 0.032491 0.035458
0 0.874226 0.362967 0.030815 0.036482
0 0.238074 0.090566 0.034425 0.038018
0 0.537261 0.050435 0.033780 0.034562
0 0.839221 0.394265 0.035070 0.033282
0 0.171674 0.837302 0.033651 0.031234
0 0.404783 0.331413 0.031073 0.033794
0 0.138409 0.629416 0.031588 0.033794
0 0.407298 0.050499 0.033780 0.031362
0 0.240523 0.566692 0.035972 0.029698
0 0.604306 0.834101 0.031202 0.031234
0 0.637442 0.732911 0.033265 0.030594
0 0.104306 0.732847 0.034812 0.034562
0 0.240201 0.938940 0.035070 0.036866
0 0.207581 0.367256 0.027849 0.034306
0 0.403945 0.598630 0.034296 0.033666
0 0.840575 0.327765 0.032104 0.032642
0 0.504706 0.700077 0.029010 0.027138
0 0.671609 0.293331 0.035070 0.034690
0 0.570784 0.296083 0.034812 0.035074
0 0.207323 0.468574 0.030944 0.032898
0 0.637829 0.429724 0.032233 0.033538
0 0.535650 0.733103 0.033651 0.030466
0 0.371325 0.630504 0.033007 0.029570
0 0.909747 0.397657 0.034296 0.034946
0 0.337932 0.531554 0.029397 0.029058
0 0.704616 0.666347 0.031460 0.035970
0 0.604758 0.733359 0.034425 0.028418
0 0.874355 0.595302 0.032878 0.031874
0 0.839350 0.496544 0.033522 0.030978
0 0.772886 0.123208 0.030557 0.027010
0 0.838254 0.430428 0.033909 0.032898
0 0.946558 0.695405 0.032878 0.032642
0 0.370101 0.905594 0.031588 0.035458
0 0.671029 0.327765 0.033651 0.033410
0 0.704358 0.596902 0.032491 0.034562
0 0.504448 0.429403 0.030041 0.034690
0 0.102695 0.765041 0.033651 0.029058
0 0.402592 0.868536 0.032104 0.030210
0 0.503804 0.329301 0.030557 0.031362
0 0.803958 0.530146 0.030299 0.034178
0 0.503030 0.297107 0.032104 0.032258
0 0.208097 0.401242 0.031202 0.033410
0 0.671867 0.867640 0.035843 0.033282
0 0.406846 0.159114 0.033909 0.029442
0 0.503868 0.598374 0.029139 0.031618
0 0.568721 0.532514 0.032491 0.030210
0 0.405879 0.297619 0.033522 0.033794
0 0.371261 0.564644 0.029010 0.031234
0 0.206485 0.498784 0.032104 0.030338
0 0.205518 0.196557 0.035070 0.033154
0 0.136411 0.940412 0.034038 0.034178
0 0.604629 0.799091 0.034941 0.032642
0 0.138280 0.163850 0.033394 0.037634
0 0.303120 0.736239 0.031975 0.035970
0 0.470732 0.193228 0.034296 0.030594
0 0.438370 0.498656 0.029654 0.034178
0 0.172898 0.232719 0.032491 0.034306
0 0.737751 0.464990 0.030944 0.034178
0 0.605015 0.938044 0.035456 0.030466
0 0.872679 0.629992 0.033394 0.033922
0 0.239234 0.051331 0.030299 0.037890
0 0.773466 0.158794 0.033780 0.033410
0 0.705518 0.226575 0.031975 0.033282
0 0.404461 0.531618 0.034554 0.030466
0 0.808277 0.119560 0.031460 0.034050
0 0.504448 0.800819 0.031073 0.030466
0 0.669546 0.764337 0.031460 0.030722
0 0.272047 0.229007 0.031460 0.031234
0 0.373582 0.229071 0.032104 0.037506
0 0.173350 0.264593 0.033909 0.032258
0 0.372357 0.331413 0.034296 0.032514
0 0.804087 0.630888 0.030299 0.031362
0 0.172641 0.732783 0.034554 0.034690
0 0.604435 0.631208 0.030428 0.032002
0 0.840382 0.904378 0.037906 0.036354
0 0.403623 0.940796 0.030299 0.034946
0 0.670771 0.085189 0.031073 0.037506
0 0.772628 0.294483 0.029526 0.029058
0 0.504706 0.227727 0.032104 0.031746
0 0.771338 0.430876 0.030299 0.032258
0 0.605144 0.158858 0.031588 0.036610
0 0.105467 0.435100 0.033265 0.035586
0 0.704358 0.629800 0.033007 0.031234
0 0.911166 0.664235 0.034812 0.033026
0 0.439079 0.125128 0.030557 0.031362
0 0.405364 0.262417 0.031202 0.030466
0 0.505415 0.159306 0.029912 0.034178
0 0.773466 0.048195 0.033522 0.029826
0 0.535908 0.902714 0.034941 0.033026
0 0.670642 0.122120 0.030815 0.035330
0 0.370294 0.801203 0.030686 0.030210
0 0.602953 0.465054 0.030041 0.035074
0 0.670062 0.630376 0.031460 0.032130
0 0.874484 0.866551 0.036230 0.037506
0 0.704874 0.327957 0.032491 0.034818
0 0.437468 0.869048 0.035327 0.036098
0 0.103146 0.837046 0.034296 0.030210
0 0.805505 0.866103 0.034683 0.037122
0 0.338061 0.262481 0.029912 0.038274
0 0.271532 0.296595 0.029912 0.032258
0 0.337803 0.666603 0.034812 0.030594
0 0.772821 0.191564 0.030686 0.030338
0 0.271145 0.050563 0.032233 0.033794
0 0.370681 0.464350 0.034296 0.031874
0 0.173736 0.630952 0.033136 0.036866
0 0.470023 0.532450 0.033909 0.035202
0 0.876805 0.157066 0.039324 0.033794
0 0.570333 0.193292 0.031331 0.033026
0 0.604435 0.083205 0.035843 0.033538
0 0.839028 0.465374 0.032878 0.033410
0 0.104951 0.700333 0.034038 0.030978
0 0.137378 0.802163 0.036230 0.031362
0 0.839673 0.731887 0.030557 0.030850
0 0.207259 0.433820 0.033136 0.031234
0 0.371003 0.700397 0.029783 0.032386
0 0.505351 0.122504 0.031588 0.035330
0 0.369391 0.837366 0.032749 0.032386
0 0.468927 0.731247 0.029912 0.026498
0 0.605144 0.867192 0.032104 0.026754
0 0.771016 0.867320 0.032233 0.031618
0 0.804281 0.664427 0.033007 0.031618
0 0.706356 0.083973 0.033909 0.043011
0 0.536552 0.158538 0.030041 0.035202
0 0.304538 0.049795 0.032233 0.037378
0 0.803185 0.565220 0.031588 0.030850
0 0.370101 0.533026 0.032104 0.028674
0 0.639698 0.226639 0.031073 0.031362
0 0.504384 0.262737 0.032749 0.033666
0 0.238589 0.835125 0.030815 0.031490
0 0.808535 0.935996 0.036875 0.034050
0 0.806150 0.831541 0.032362 0.029698
0 0.637506 0.630632 0.031331 0.034178
0 0.239041 0.126600 0.034554 0.032002
0 0.705647 0.293395 0.033522 0.032770
0 0.371454 0.363415 0.031460 0.028418
0 0.138087 0.764849 0.033780 0.030466
0 0.207259 0.598246 0.031073 0.031618
0 0.438241 0.430364 0.028881 0.030722
0 0.638731 0.259729 0.030944 0.032770
0 0.503804 0.498208 0.032362 0.031234
0 0.636668 0.765681 0.028623 0.033666
0 0.605531 0.260369 0.032620 0.030722
0 0.240652 0.433500 0.029783 0.038274
0 0.204938 0.701677 0.033394 0.030850
0 0.403236 0.699629 0.033651 0.032386
0 0.437726 0.802291 0.033522 0.031362
0 0.404848 0.432988 0.033265 0.033154
0 0.841284 0.120328 0.033780 0.033538
0 0.838899 0.563172 0.033909 0.033666
0 0.949781 0.900410 0.032878 0.027138
0 0.239879 0.230287 0.032362 0.030466
0 0.771338 0.699117 0.032104 0.027778
0 0.671029 0.363159 0.031588 0.034306
0 0.205647 0.734127 0.033265 0.030466
0 0.806472 0.158474 0.031717 0.034562
0 0.535714 0.397273 0.033265 0.031618
0 0.570397 0.834229 0.029654 0.028418
0 0.771145 0.361367 0.031975 0.029954
0 0.439273 0.328149 0.032749 0.033154
0 0.774433 0.083141 0.036230 0.037250
0 0.140085 0.399386 0.033394 0.033538
0 0.908458 0.530594 0.033007 0.032258
0 0.173672 0.397977 0.031975 0.031234
0 0.669546 0.399002 0.030428 0.032002
0 0.470346 0.769073 0.035585 0.034562
0 0.470732 0.297043 0.028365 0.028290
0 0.503804 0.765937 0.033136 0.032130
0 0.271919 0.086086 0.034038 0.031874
0 0.946686 0.830965 0.031073 0.029058
0 0.536939 0.833333 0.031846 0.030210
0 0.770242 0.496928 0.034296 0.026370
0 0.908007 0.563428 0.030815 0.033154
0 0.137893 0.698861 0.033394 0.031874
0 0.140665 0.499552 0.030944 0.025730
0 0.911037 0.730927 0.031460 0.031746
0 0.298994 0.944124 0.032749 0.028802
0 0.639956 0.048131 0.030815 0.029186
0 0.338254 0.196109 0.029783 0.034306
0 0.672769 0.938876 0.037390 0.034434
0 0.538100 0.262993 0.031846 0.032898
0 0.741104 0.226446 0.033522 0.031490
0 0.471635 0.330453 0.034038 0.033154
0 0.407298 0.228559 0.031717 0.033154
0 0.537261 0.295123 0.033265 0.030850
0 0.877127 0.226767 0.031717 0.034178
0 0.874742 0.396633 0.028752 0.028290
0 0.570333 0.764273 0.034683 0.027010
0 0.403043 0.664619 0.029912 0.027138
0 0.838706 0.596966 0.034812 0.029826
0 0.671996 0.901690 0.033265 0.033282
0 0.638087 0.295443 0.029654 0.032514
0 0.802733 0.598310 0.029139 0.030978
0 0.103533 0.498080 0.031975 0.027650
0 0.873259 0.464670 0.028365 0.029698
0 0.569366 0.802099 0.032233 0.030978
0 0.238396 0.365719 0.031717 0.032514
0 0.438435 0.465886 0.031073 0.032642
0 0.911230 0.830261 0.030557 0.032770
0 0.436823 0.940540 0.035327 0.036482
0 0.503417 0.464798 0.030041 0.032002
0 0.303700 0.530082 0.030299 0.027650
0 0.805119 0.697133 0.031073 0.030210
0 0.536101 0.229391 0.032233 0.032002
0 0.105015 0.468126 0.035456 0.029442
0 0.439273 0.834357 0.032749 0.028674
0 0.140214 0.597158 0.034167 0.029698
0 0.205067 0.049603 0.035456 0.033154
0 0.239234 0.869496 0.034683 0.029314
0 0.739750 0.868216 0.031588 0.032386
0 0.838770 0.193100 0.033394 0.030338
0 0.914131 0.938492 0.033522 0.031106
0 0.705970 0.194636 0.033394 0.030082
0 0.841800 0.046083 0.033780 0.029954
0 0.303765 0.295955 0.028623 0.033538
0 0.839995 0.156234 0.034296 0.033410
0 0.950619 0.085189 0.032749 0.033410
0 0.502837 0.734831 0.031717 0.030850
0 0.839866 0.529890 0.035327 0.031874
0 0.910070 0.594470 0.030041 0.028930
0 0.137313 0.835125 0.033780 0.032514
0 0.170513 0.937532 0.033651 0.029698
0 0.603468 0.395673 0.031846 0.031234
0 0.772692 0.939900 0.038422 0.040579
0 0.438757 0.396441 0.028107 0.030466
0 0.604951 0.226831 0.034038 0.030210
0 0.770694 0.465182 0.030557 0.029442
0 0.336256 0.870456 0.031202 0.036610
0 0.604500 0.700461 0.031331 0.035330
0 0.537197 0.192652 0.032104 0.032258
0 0.174317 0.500768 0.030944 0.032514
0 0.371325 0.296915 0.033265 0.031362
0 0.671351 0.698285 0.031717 0.029698
0 0.703649 0.496480 0.031331 0.027266
0 0.336320 0.942652 0.033909 0.036098
0 0.949974 0.158218 0.030428 0.032002
0 0.471055 0.800115 0.030815 0.029570
0 0.571880 0.048451 0.030041 0.034178
0 0.915227 0.157322 0.034683 0.033538
0 0.636926 0.831349 0.028623 0.031106
0 0.912842 0.045763 0.035327 0.030594
0 0.738912 0.798003 0.029397 0.026882
0 0.945526 0.730415 0.033394 0.033794
0 0.770242 0.528418 0.030170 0.027650
0 0.471377 0.226703 0.030686 0.028162
0 0.204100 0.940220 0.030170 0.034562
0 0.739363 0.046979 0.032104 0.030466
0 0.739879 0.430940 0.031588 0.032642
0 0.771919 0.665899 0.031202 0.037122
0 0.602630 0.565732 0.031460 0.027266
0 0.605144 0.298195 0.031073 0.033666
0 0.840768 0.941564 0.029654 0.035202
0 0.840317 0.796851 0.030299 0.035330
0 0.472215 0.086982 0.032104 0.033922
0 0.535714 0.328789 0.033522 0.029058
0 0.873904 0.664875 0.030944 0.034562
0 0.372615 0.396505 0.030944 0.036226
0 0.138151 0.263889 0.034683 0.028802
0 0.239234 0.767473 0.034941 0.033410
0 0.738009 0.764913 0.029654 0.032130
0 0.370616 0.731439 0.031588 0.026370
0 0.704745 0.563748 0.032749 0.032258
0 0.272757 0.158602 0.032362 0.030722
0 0.534941 0.531618 0.031202 0.034306
0 0.173801 0.534050 0.031975 0.033538
0 0.670835 0.731247 0.029654 0.026754
0 0.503417 0.530658 0.029526 0.026498
0 0.911875 0.228239 0.037519 0.034050
0 0.470217 0.566308 0.032491 0.032770
0 0.300155 0.881208 0.033522 0.033538
0 0.440949 0.227599 0.031717 0.028418
0 0.503804 0.868984 0.030041 0.031618
0 0.570075 0.868408 0.033909 0.029186
0 0.469379 0.397785 0.031331 0.035458
0 0.139634 0.563364 0.034812 0.032002
0 0.915549 0.192972 0.033007 0.032642
0 0.206743 0.664171 0.033136 0.032386
0 0.305505 0.498016 0.028752 0.031618
0 0.173092 0.298323 0.030815 0.031618
0 0.206679 0.162826 0.033007 0.035074
0 0.839221 0.662698 0.032491 0.030466
0 0.174317 0.331797 0.033265 0.033282
0 0.874678 0.830645 0.032491 0.027138
0 0.704874 0.799411 0.031202 0.035330
0 0.436307 0.363607 0.031202 0.032642
0 0.805634 0.295635 0.031588 0.033154
0 0.140407 0.434908 0.035327 0.032386
0 0.141761 0.468638 0.033909 0.033026
0 0.603210 0.530274 0.031331 0.028034
0 0.502837 0.667179 0.027334 0.030978
0 0.471893 0.833973 0.028107 0.031746
0 0.773272 0.261521 0.031588 0.031234
0 0.302282 0.626472 0.031073 0.024322
0 0.876354 0.260753 0.032233 0.033538
0 0.738267 0.563876 0.029397 0.030210
0 0.877772 0.192012 0.039969 0.030466
0 0.436565 0.733935 0.031975 0.032130
0 0.838577 0.831989 0.031202 0.031362
0 0.139312 0.663722 0.034683 0.029954
0 0.914067 0.120200 0.034941 0.034050
0 0.704616 0.466078 0.031460 0.031234
0 0.101276 0.802291 0.036488 0.034690
0 0.403881 0.733871 0.034167 0.029698
0 0.768953 0.563108 0.031202 0.036098
0 0.337610 0.296211 0.031588 0.031234
0 0.238718 0.700397 0.031073 0.030850
0 0.138538 0.730479 0.031073 0.033410
0 0.239492 0.160074 0.027720 0.029314
0 0.639440 0.123528 0.031331 0.035842
0 0.336127 0.908090 0.034038 0.030210
0 0.099794 0.128648 0.038164 0.036866
0 0.105402 0.398810 0.034167 0.031874
0 0.671351 0.159498 0.030944 0.027138
0 0.671802 0.192780 0.028236 0.026114
0 0.875774 0.903610 0.032362 0.033794
0 0.837932 0.628648 0.032491 0.030978
0 0.637055 0.799859 0.031717 0.029826
0 0.239943 0.397529 0.032749 0.028802
0 0.950812 0.121288 0.031846 0.029826
0 0.874549 0.296851 0.032491 0.032002
0 0.772112 0.396377 0.030041 0.036226
0 0.568205 0.667563 0.031717 0.030978
0 0.336965 0.732783 0.028752 0.033154
0 0.672641 0.226510 0.030170 0.029826
0 0.945397 0.629800 0.029010 0.033282
0 0.473053 0.867320 0.037390 0.031874
0 0.808084 0.079813 0.028494 0.031106
0 0.948491 0.291731 0.028494 0.027650
0 0.804216 0.798515 0.032104 0.030466
0 0.569624 0.227983 0.030686 0.029698
0 0.706034 0.867576 0.032491 0.033922
0 0.534812 0.497184 0.029139 0.025858
0 0.470346 0.262353 0.028365 0.034946
0 0.336256 0.498912 0.028881 0.034434
0 0.704036 0.733231 0.031846 0.030978
0 0.305634 0.226703 0.033394 0.030210
0 0.571106 0.263313 0.030299 0.029442
0 0.739428 0.830581 0.029654 0.029826
0 0.874226 0.731759 0.035972 0.030338
0 0.303442 0.683244 0.033651 0.032130
0 0.137184 0.124488 0.036617 0.033410
0 0.170900 0.125704 0.030815 0.028674
0 0.272241 0.331733 0.030557 0.031362
0 0.436243 0.767089 0.031073 0.029314
0 0.104435 0.631272 0.033522 0.030338
0 0.102824 0.528866 0.034425 0.030338
0 0.807310 0.045827 0.032104 0.030210
0 0.638280 0.395801 0.030815 0.029442
0 0.840253 0.227215 0.031460 0.033794
0 0.771145 0.730863 0.028365 0.029314
0 0.738718 0.633065 0.030557 0.032898
0 0.535005 0.700909 0.031588 0.032642
0 0.804538 0.396441 0.034038 0.032002
0 0.138280 0.197197 0.029783 0.026242
0 0.736849 0.497248 0.029912 0.027266
0 0.337094 0.699053 0.029268 0.031234
0 0.301766 0.599142 0.031331 0.031618
0 0.240137 0.667627 0.033394 0.033666
0 0.102243 0.165259 0.036359 0.032770
0 0.469121 0.363351 0.033394 0.029058
0 0.637184 0.465886 0.030428 0.031362
0 0.604951 0.120136 0.031460 0.032898
0 0.946686 0.662954 0.030299 0.026114
0 0.138602 0.334485 0.033522 0.032514
0 0.704100 0.763249 0.033265 0.028546
0 0.911359 0.362775 0.036488 0.032002
0 0.205003 0.126024 0.033780 0.029826
0 0.638087 0.698925 0.032749 0.029698
0 0.739814 0.906298 0.027592 0.029186
0 0.240072 0.467166 0.032491 0.027010
0 0.339930 0.159946 0.030815 0.031874
0 0.637635 0.867512 0.029526 0.032002
0 0.438306 0.195405 0.030041 0.029826
0 0.950361 0.934524 0.032749 0.027266
0 0.337029 0.564388 0.035070 0.029442
0 0.239492 0.731119 0.035456 0.029826
0 0.535070 0.663978 0.032491 0.032258
0 0.704487 0.396825 0.029397 0.030722
0 0.737880 0.699693 0.026560 0.028162
0 0.239750 0.261457 0.031073 0.033154
0 0.436823 0.665835 0.033007 0.030082
0 0.738074 0.328277 0.029268 0.029570
0 0.738203 0.665771 0.030557 0.030210
0 0.739943 0.121224 0.028881 0.035074
0 0.337158 0.465182 0.029139 0.031746
0 0.506060 0.085829 0.026302 0.026754
0 0.170384 0.803571 0.036746 0.036994
0 0.943850 0.560420 0.032620 0.028674
0 0.804861 0.496416 0.030299 0.029954
0 0.738783 0.294995 0.029912 0.034946
0 0.470603 0.467038 0.028107 0.027266
0 0.171867 0.161610 0.031460 0.031362
0 0.337545 0.632232 0.031460 0.031490
0 0.204874 0.800307 0.030170 0.031490
0 0.839544 0.699821 0.032362 0.032514
0 0.704036 0.698669 0.031073 0.027650
0 0.469894 0.630952 0.030041 0.027650
0 0.604887 0.329685 0.031331 0.025730
0 0.707065 0.941116 0.033780 0.034818
0 0.306988 0.157706 0.032491 0.032258
0 0.302604 0.565988 0.029397 0.025730
0 0.604371 0.903738 0.035199 0.035330
0 0.705776 0.363095 0.031460 0.029058
0 0.238396 0.532642 0.031717 0.033026
0 0.239814 0.630632 0.029654 0.027778
0 0.568334 0.497376 0.032749 0.029314
0 0.204551 0.836726 0.029783 0.031106
0 0.369263 0.870264 0.029654 0.030338
0 0.503610 0.194124 0.029654 0.029826
0 0.670449 0.465822 0.029912 0.027906
0 0.947267 0.797875 0.031717 0.029442
0 0.668773 0.561444 0.031202 0.031234
0 0.949587 0.192076 0.030686 0.033410
0 0.469443 0.701485 0.026302 0.030978
0 0.737429 0.528610 0.027978 0.032642
0 0.637313 0.565412 0.030944 0.030722
0 0.403881 0.632360 0.031073 0.025858
0 0.437661 0.629864 0.029268 0.026754
0 0.336836 0.331733 0.031846 0.029058
0 0.739750 0.192396 0.030299 0.029698
0 0.472022 0.159882 0.029139 0.034306
0 0.945977 0.361815 0.030686 0.033666
0 0.944043 0.526434 0.031460 0.033410
0 0.911230 0.699373 0.036488 0.028290
0 0.239943 0.298387 0.030944 0.033026
0 0.535908 0.800115 0.026173 0.031874
0 0.840382 0.866103 0.034554 0.029186
0 0.950103 0.258577 0.031202 0.027394
0 0.174317 0.564196 0.030686 0.029826
0 0.906460 0.496480 0.031331 0.029314
0 0.951135 0.225550 0.035843 0.031746
0 0.739041 0.260625 0.033522 0.029186
0 0.669095 0.833205 0.029526 0.028930
0 0.772821 0.228239 0.027076 0.031490
0 0.874226 0.698029 0.032878 0.027906
0 0.603017 0.430428 0.032233 0.031874
0 0.369456 0.498656 0.031073 0.029570
0 0.945010 0.761905 0.027720 0.027906
0 0.536230 0.630248 0.032233 0.029314
0 0.438370 0.530274 0.028365 0.028034
0 0.239621 0.498848 0.028494 0.028162
0 0.536939 0.565476 0.028494 0.027778
0 0.371003 0.047875 0.031588 0.027394
0 0.738267 0.362455 0.030170 0.031362
0 0.805376 0.729007 0.030557 0.030210
0 0.239428 0.334101 0.029912 0.031490
0 0.912197 0.293331 0.037133 0.030594
0 0.473118 0.049603 0.035456 0.033922
0 0.140278 0.366743 0.032491 0.029954
0 0.303958 0.365271 0.025658 0.032898
0 0.207194 0.628712 0.032491 0.031362
0 0.406460 0.124104 0.030041 0.033666
0 0.873904 0.496800 0.028881 0.025858
0 0.104435 0.335829 0.033007 0.031874
0 0.206163 0.296851 0.032749 0.032002
0 0.169740 0.903098 0.031846 0.037122
0 0.535392 0.432540 0.029268 0.030466
0 0.636797 0.361879 0.029654 0.028930
0 0.604306 0.598758 0.029139 0.032130
0 0.338963 0.050563 0.035327 0.030978
0 0.637442 0.597222 0.029654 0.030338
0 0.373259 0.159050 0.036101 0.025218
0 0.603404 0.763057 0.028623 0.028674
0 0.504899 0.904570 0.028623 0.029058
0 0.948105 0.325653 0.031588 0.028674
0 0.570010 0.328469 0.035070 0.024322
0 0.908458 0.629032 0.034554 0.034306
0 0.103081 0.564260 0.036230 0.034050
0 0.337352 0.767345 0.031846 0.028034
0 0.535779 0.465566 0.026689 0.027394
0 0.137442 0.297939 0.029139 0.029570
0 0.100632 0.940604 0.033909 0.032002
0 0.503417 0.363287 0.028494 0.034050
0 0.471313 0.598950 0.032104 0.027394
0 0.404074 0.834357 0.034038 0.030210
0 0.771338 0.328853 0.029526 0.026626
0 0.706937 0.122888 0.033780 0.026626
0 0.439660 0.160330 0.030170 0.026242
0 0.173027 0.698669 0.028365 0.032770
0 0.102630 0.870136 0.031202 0.032642
0 0.637313 0.664363 0.028881 0.031490
0 0.736140 0.598118 0.030557 0.027778
0 0.568270 0.903802 0.031846 0.029058
0 0.910521 0.433372 0.031717 0.030082
0 0.737751 0.732271 0.027076 0.032642
0 0.877127 0.939580 0.037648 0.030978
0 0.099407 0.901242 0.034296 0.032130
0 0.568657 0.393497 0.028752 0.029186
0 0.804474 0.466654 0.030299 0.029570
0 0.537906 0.086150 0.032233 0.031746
0 0.636475 0.531298 0.029526 0.030850
0 0.337545 0.599014 0.031460 0.030082
0 0.403816 0.798195 0.031717 0.028290
0 0.806021 0.262609 0.032362 0.032386
0 0.175155 0.467294 0.027463 0.034178
0 0.704616 0.430876 0.030170 0.028418
0 0.205325 0.532002 0.032104 0.029954
0 0.436694 0.700141 0.029139 0.028546
0 0.405041 0.466782 0.031331 0.027522
0 0.877643 0.120136 0.032233 0.030850
0 0.805119 0.330197 0.033136 0.030082
0 0.770887 0.798323 0.030686 0.028802
0 0.403945 0.901050 0.033007 0.025090
0 0.534876 0.598566 0.026173 0.026626
0 0.946042 0.395033 0.031588 0.028162
0 0.303894 0.769073 0.034296 0.026626
0 0.304281 0.652842 0.033007 0.027138
0 0.839221 0.763505 0.029912 0.029826
0 0.304732 0.193036 0.031846 0.033282
0 0.771080 0.832629 0.028752 0.027522
0 0.438241 0.262353 0.032491 0.030338
0 0.637829 0.330133 0.029654 0.027906
0 0.370487 0.943100 0.033136 0.031106
0 0.704358 0.529634 0.030944 0.028546
0 0.504126 0.395353 0.027076 0.025986
0 0.169933 0.868664 0.029654 0.028162
0 0.103275 0.665579 0.028881 0.031874
0 0.205454 0.088902 0.030815 0.034434
0 0.239428 0.194956 0.026302 0.030466
0 0.567561 0.361047 0.030428 0.029058
0 0.371454 0.596262 0.026818 0.027906
0 0.471313 0.430172 0.033394 0.028034
0 0.105144 0.367448 0.030557 0.029826
0 0.205003 0.230991 0.032749 0.029314
0 0.237622 0.902970 0.030686 0.031234
0 0.470474 0.903418 0.033265 0.029058
0 0.173543 0.596646 0.031717 0.029442
0 0.874549 0.798003 0.033265 0.029698
0 0.204938 0.765745 0.027205 0.028674
0 0.337545 0.430940 0.026818 0.025986
0 0.207581 0.331157 0.030686 0.025858
0 0.174768 0.431900 0.029783 0.031490
0 0.803314 0.431900 0.028236 0.030722
0 0.437855 0.561572 0.029912 0.027138
0 0.739621 0.940092 0.031588 0.029442
0 0.669353 0.529250 0.030041 0.026242
0 0.910650 0.326613 0.033522 0.032898
0 0.469701 0.668587 0.029139 0.026626
0 0.304990 0.327893 0.031331 0.023938
0 0.505415 0.942332 0.033265 0.033154
0 0.102759 0.230223 0.037390 0.033154
0 0.405170 0.395929 0.027720 0.027138
0 0.638409 0.900410 0.028752 0.026370
0 0.738976 0.396825 0.030299 0.031234
0 0.372421 0.085061 0.034425 0.028290
0 0.912068 0.862391 0.036359 0.027906
0 0.946686 0.595942 0.030299 0.031874
0 0.103017 0.051203 0.028623 0.035074
0 0.271790 0.260945 0.029654 0.027522
0 0.305699 0.260497 0.030944 0.030466
0 0.946042 0.465758 0.031073 0.031618
0 0.404590 0.363223 0.027334 0.026498
0 0.302862 0.824373 0.033522 0.025602
0 0.471893 0.124232 0.033522 0.028290
0 0.371068 0.665323 0.027849 0.026242
0 0.805183 0.901370 0.033522 0.028034
0 0.945268 0.495136 0.032620 0.025602
0 0.174897 0.363415 0.034167 0.029186
0 0.505995 0.049667 0.026689 0.035330
0 0.373195 0.123848 0.029526 0.035970
0 0.769856 0.629736 0.031202 0.028802
0 0.337416 0.801459 0.028623 0.026370
0 0.806279 0.226575 0.030815 0.034818
0 0.102953 0.296531 0.034683 0.035714
0 0.739299 0.083141 0.027592 0.030594
0 0.804538 0.192844 0.032233 0.032386
0 0.335611 0.363159 0.033007 0.028674
0 0.502901 0.630696 0.026689 0.026882
0 0.336127 0.834933 0.029912 0.029058
0 0.945913 0.430620 0.031073 0.027138
0 0.770694 0.763057 0.028752 0.027394
0 0.140665 0.530018 0.031717 0.028034
0 0.568850 0.466206 0.029397 0.026882
0 0.873904 0.429211 0.031460 0.028674
0 0.568141 0.630760 0.027720 0.027522
0 0.241104 0.596710 0.034038 0.029826
0 0.304087 0.428571 0.029783 0.027138
0 0.505931 0.832373 0.027076 0.027266
0 0.405621 0.193676 0.028365 0.033282
0 0.299897 0.913146 0.032749 0.031618
0 0.911939 0.900218 0.034812 0.028034
0 0.102114 0.088582 0.030686 0.028930
0 0.947396 0.864119 0.029912 0.028546
0 0.669868 0.661162 0.029783 0.030978
0 0.437532 0.597926 0.029526 0.028418
0 0.339092 0.229135 0.027592 0.024834
0 0.910456 0.463198 0.031846 0.028290
0 0.101986 0.197645 0.033780 0.026626
0 0.740201 0.158922 0.031202 0.033666
0 0.304345 0.395929 0.028494 0.023810
0 0.303636 0.708589 0.030170 0.019329
0 0.568914 0.431196 0.028494 0.036482
0 0.670449 0.493984 0.029139 0.027138
0 0.205067 0.262481 0.026947 0.026242
0 0.771209 0.901434 0.029268 0.024578
0 0.639505 0.193804 0.029654 0.028418
0 0.873002 0.561316 0.027334 0.026370
0 0.137184 0.903418 0.027334 0.026498
0 0.137055 0.868472 0.027849 0.023682
0 0.204680 0.903162 0.032620 0.027266
0 0.401818 0.764849 0.028752 0.022273
0 0.568721 0.600742 0.024755 0.027650
0 0.910650 0.762673 0.030428 0.027138
0 0.876418 0.045123 0.030041 0.027778
0 0.840317 0.258769 0.030299 0.023682
0 0.706872 0.046595 0.026431 0.025346
0 0.839801 0.293075 0.032620 0.026242
0 0.951070 0.047747 0.027978 0.025090
0 0.306021 0.464862 0.026173 0.025730
0 0.303056 0.850166 0.032620 0.030338
0 0.173865 0.662634 0.029268 0.020609
0 0.339544 0.123528 0.029010 0.026626
0 0.535650 0.938556 0.024368 0.023554
0 0.405041 0.497120 0.035199 0.023169
0 0.272628 0.362135 0.023853 0.022273
0 0.373388 0.192652 0.025529 0.023554
0 0.101792 0.262481 0.033136 0.023682
