0 0.849816 0.143642 0.300368 0.195507
0 0.841847 0.326123 0.291786 0.182361
0 0.843277 0.511472 0.313445 0.179254
0 0.830405 0.704230 0.339191 0.176147
0 0.832652 0.888265 0.334696 0.177103
0 0.543523 0.130617 0.312219 0.200048
0 0.514712 0.329469 0.295464 0.208652
0 0.513895 0.520076 0.315897 0.155354
0 0.515734 0.703035 0.326931 0.189054
0 0.524111 0.889460 0.336330 0.188098
0 0.211279 0.130617 0.319575 0.173757
0 0.214753 0.318595 0.337965 0.186902
0 0.214957 0.505975 0.334287 0.211759
0 0.190642 0.701482 0.293829 0.187859
0 0.189824 0.885636 0.295464 0.182361
