0 0.415937 0.392622 0.025269 0.017166
0 0.195682 0.303506 0.023677 0.025201
0 0.563072 0.609569 0.023876 0.023009
0 0.833168 0.547206 0.024075 0.023923
0 0.195583 0.096056 0.025865 0.025566
0 0.564465 0.778123 0.025865 0.022279
0 0.538002 0.321676 0.023876 0.022462
0 0.857441 0.664445 0.025269 0.024288
0 0.488758 0.458455 0.025269 0.022096
0 0.142161 0.895818 0.025667 0.026479
0 0.325109 0.096877 0.025865 0.025749
0 0.093912 0.051497 0.023080 0.022644
0 0.387087 0.946220 0.023279 0.024653
0 0.297951 0.053050 0.026064 0.026114
0 0.119877 0.114317 0.025269 0.023375
0 0.858237 0.617878 0.024871 0.026114
0 0.296259 0.100986 0.026661 0.027392
0 0.318842 0.370069 0.024075 0.022462
0 0.536411 0.590121 0.024274 0.022827
0 0.615798 0.208912 0.025865 0.022644
0 0.386689 0.896914 0.023677 0.023192
0 0.412853 0.872626 0.025865 0.025018
0 0.298349 0.026479 0.026462 0.026662
0 0.317151 0.697863 0.024274 0.028305
0 0.291186 0.778853 0.022881 0.024105
0 0.343812 0.278397 0.018703 0.023923
0 0.170613 0.343955 0.024871 0.023923
0 0.537903 0.774288 0.026860 0.018627
0 0.684739 0.545289 0.020096 0.020453
0 0.858138 0.592495 0.024672 0.025383
0 0.615897 0.187180 0.025667 0.020818
0 0.882511 0.724708 0.025667 0.026479
0 0.489057 0.415358 0.025070 0.024653
0 0.092519 0.701150 0.024672 0.022462
0 0.685635 0.567020 0.022682 0.018627
0 0.439912 0.347882 0.021488 0.023375
0 0.462097 0.075146 0.026064 0.025018
0 0.511739 0.897279 0.027059 0.023923
0 0.219558 0.328342 0.021687 0.025201
0 0.888181 0.164262 0.025865 0.023923
0 0.832471 0.400566 0.024274 0.029766
0 0.380521 0.026570 0.027258 0.027210
0 0.438420 0.669467 0.024473 0.022644
0 0.118484 0.800219 0.022483 0.024105
0 0.635694 0.658875 0.020294 0.023009
0 0.564664 0.231921 0.027059 0.021183
0 0.291683 0.641344 0.025865 0.025201
0 0.461600 0.608930 0.023080 0.022462
0 0.145842 0.051771 0.020692 0.022827
0 0.319041 0.346877 0.023279 0.022827
0 0.094906 0.027666 0.024672 0.024288
0 0.883904 0.571676 0.026064 0.021001
0 0.142459 0.922023 0.023478 0.027027
0 0.380720 0.071311 0.025667 0.023923
0 0.564365 0.705807 0.024871 0.023740
0 0.407979 0.097973 0.025667 0.026479
0 0.808396 0.463112 0.021488 0.017166
0 0.067748 0.212838 0.024473 0.023192
0 0.462197 0.585920 0.023876 0.023923
0 0.192996 0.779584 0.024274 0.025931
0 0.092519 0.726534 0.025865 0.024653
0 0.461003 0.191472 0.025468 0.025383
0 0.415539 0.371165 0.024075 0.023192
0 0.487963 0.120069 0.026064 0.026844
0 0.462296 0.546658 0.022881 0.022096
0 0.562376 0.634131 0.024075 0.024288
0 0.961401 0.445763 0.027457 0.021183
0 0.408774 0.025566 0.026064 0.027392
0 0.291186 0.799580 0.023677 0.018079
0 0.412157 0.897553 0.025269 0.025566
0 0.365201 0.847425 0.022483 0.022096
0 0.066454 0.642988 0.022682 0.027757
0 0.536411 0.637509 0.020692 0.023740
0 0.587545 0.829803 0.024672 0.023009
0 0.194489 0.071220 0.025269 0.024105
0 0.685734 0.611486 0.023279 0.020270
0 0.341226 0.578433 0.024274 0.024288
0 0.438420 0.372535 0.020493 0.022644
0 0.243136 0.370617 0.024672 0.023923
0 0.344608 0.436815 0.025070 0.023009
0 0.093812 0.370982 0.023279 0.027210
0 0.390370 0.369613 0.022284 0.022279
0 0.415042 0.457907 0.025468 0.020636
0 0.353959 0.233291 0.025468 0.020636
0 0.689017 0.117969 0.024274 0.026662
0 0.240052 0.921476 0.024075 0.021914
0 0.536908 0.822224 0.022085 0.022096
0 0.462495 0.099251 0.023279 0.023192
0 0.412555 0.799854 0.024871 0.022644
0 0.170712 0.320307 0.025468 0.018992
0 0.490251 0.276297 0.024274 0.022279
0 0.909471 0.684715 0.022284 0.023557
0 0.914047 0.191107 0.024274 0.026114
0 0.342817 0.390248 0.021488 0.018627
0 0.820931 0.028214 0.025865 0.025749
0 0.146836 0.027210 0.021090 0.023009
0 0.487764 0.208090 0.025667 0.020270
0 0.636092 0.708546 0.022682 0.021914
0 0.732392 0.610939 0.023478 0.022462
0 0.290290 0.933163 0.023478 0.021914
0 0.462595 0.800402 0.023876 0.026297
0 0.931755 0.570946 0.022682 0.022096
0 0.344310 0.414354 0.020493 0.020088
0 0.387684 0.921293 0.022483 0.024105
0 0.684938 0.659697 0.024473 0.023923
0 0.734580 0.726991 0.023876 0.023009
0 0.908973 0.595416 0.022085 0.025018
0 0.635296 0.685080 0.020692 0.024653
0 0.439813 0.463203 0.021687 0.020636
0 0.267012 0.672480 0.025070 0.025018
0 0.563967 0.523649 0.025269 0.022096
0 0.270493 0.189007 0.023677 0.021549
0 0.636391 0.566381 0.024473 0.023557
0 0.295265 0.346421 0.023080 0.021549
0 0.353064 0.070124 0.026462 0.027027
0 0.733386 0.541728 0.024274 0.022096
0 0.708217 0.547389 0.023677 0.026114
0 0.486072 0.691654 0.022284 0.024288
0 0.637684 0.902118 0.024274 0.025201
0 0.438022 0.845051 0.021687 0.025383
0 0.315957 0.828433 0.022682 0.023923
0 0.712893 0.420015 0.023876 0.023375
0 0.538102 0.710099 0.024871 0.022462
0 0.564465 0.681337 0.026661 0.022279
0 0.684441 0.683802 0.023080 0.021731
0 0.439614 0.395636 0.020891 0.021366
0 0.536809 0.797115 0.021886 0.024105
0 0.264823 0.916728 0.023080 0.023009
0 0.296458 0.174580 0.026661 0.026662
0 0.589037 0.458820 0.023677 0.022827
0 0.884401 0.696129 0.025468 0.027027
0 0.340927 0.603178 0.023677 0.023740
0 0.462296 0.122078 0.021687 0.024288
0 0.241743 0.527210 0.021488 0.024105
0 0.711998 0.187272 0.026064 0.024288
0 0.511043 0.550767 0.022881 0.023740
0 0.485476 0.646092 0.022682 0.020453
0 0.196080 0.347882 0.023279 0.024105
0 0.325706 0.049945 0.025865 0.024288
0 0.588838 0.298028 0.022085 0.022644
0 0.636789 0.590942 0.024473 0.024836
0 0.413947 0.652757 0.022483 0.025018
0 0.093514 0.170562 0.024672 0.028488
0 0.291086 0.844777 0.022284 0.025201
0 0.636789 0.439463 0.023677 0.020270
0 0.858138 0.440376 0.025865 0.024288
0 0.242539 0.097882 0.023080 0.027392
0 0.145543 0.114408 0.024473 0.022096
0 0.091624 0.927776 0.021289 0.022462
0 0.438420 0.696859 0.024473 0.026297
0 0.437326 0.027666 0.025865 0.025749
0 0.905392 0.524470 0.024075 0.024836
0 0.092519 0.876826 0.021488 0.025749
0 0.434640 0.164262 0.026462 0.019905
0 0.146041 0.417093 0.023876 0.025201
0 0.146140 0.076516 0.026860 0.025931
0 0.947871 0.067202 0.024672 0.027392
0 0.194887 0.398740 0.022483 0.022827
0 0.636590 0.851534 0.022085 0.023740
0 0.883804 0.304328 0.024672 0.025383
0 0.536013 0.545106 0.024672 0.022644
0 0.324910 0.167641 0.025865 0.025931
0 0.883904 0.394722 0.021687 0.017348
0 0.438122 0.959459 0.021488 0.021914
0 0.219459 0.350712 0.022682 0.019540
0 0.437226 0.914536 0.020891 0.028123
0 0.364604 0.914262 0.022483 0.021731
0 0.390072 0.440376 0.022881 0.023923
0 0.686431 0.873265 0.022682 0.024836
0 0.265519 0.851899 0.022085 0.022644
0 0.217071 0.801863 0.021090 0.025201
0 0.808695 0.654492 0.025667 0.024836
0 0.488858 0.437728 0.025070 0.018992
0 0.461998 0.166636 0.025468 0.025018
0 0.194588 0.046293 0.021090 0.024288
0 0.438122 0.544010 0.024274 0.019357
0 0.242837 0.324416 0.022085 0.020270
0 0.093016 0.143262 0.022881 0.027210
0 0.319538 0.412071 0.023876 0.023557
0 0.486172 0.603999 0.024473 0.021731
0 0.685038 0.634953 0.025070 0.023009
0 0.093315 0.671841 0.025865 0.024105
0 0.687226 0.824963 0.022284 0.021001
0 0.341325 0.553232 0.024473 0.026114
0 0.217569 0.550402 0.022881 0.018627
0 0.436431 0.070946 0.023677 0.024653
0 0.353462 0.044193 0.028054 0.024470
0 0.339335 0.869887 0.024075 0.021001
0 0.292380 0.703251 0.024075 0.023009
0 0.324513 0.072589 0.023478 0.022827
0 0.318046 0.650201 0.023677 0.019905
0 0.488261 0.321402 0.023080 0.024470
0 0.536311 0.566837 0.024075 0.020818
0 0.242638 0.550310 0.023279 0.019905
0 0.240748 0.826242 0.021886 0.022462
0 0.244031 0.395179 0.025269 0.022644
0 0.145245 0.185628 0.024672 0.021366
0 0.511938 0.615595 0.025468 0.020453
0 0.780740 0.523009 0.021886 0.024470
0 0.145742 0.482743 0.022483 0.021366
0 0.196677 0.023649 0.025667 0.018444
0 0.806606 0.564646 0.024274 0.022279
0 0.093414 0.343864 0.023279 0.025566
0 0.562674 0.947863 0.025070 0.022462
0 0.659371 0.612582 0.023080 0.022827
0 0.269499 0.320946 0.025269 0.023923
0 0.240848 0.642348 0.022085 0.023192
0 0.562276 0.924123 0.023080 0.025383
0 0.243335 0.049123 0.024274 0.018627
0 0.091027 0.904036 0.020096 0.023923
0 0.588341 0.804785 0.023876 0.027392
0 0.714982 0.117787 0.023677 0.018992
0 0.351671 0.162984 0.023677 0.025018
0 0.660864 0.523831 0.022085 0.023192
0 0.366494 0.778123 0.022284 0.022644
0 0.709312 0.703068 0.021488 0.022644
0 0.319936 0.322863 0.020692 0.024470
0 0.219658 0.302776 0.022284 0.025931
0 0.294668 0.482286 0.019897 0.021549
0 0.269897 0.164810 0.022483 0.024288
0 0.685535 0.588203 0.026064 0.022644
0 0.144847 0.302045 0.023080 0.024836
0 0.612515 0.395362 0.027656 0.023375
0 0.511242 0.658053 0.022483 0.023923
0 0.219558 0.277757 0.023677 0.023009
0 0.242041 0.570398 0.022483 0.019905
0 0.794867 0.027392 0.025865 0.027027
0 0.562575 0.439372 0.022881 0.021549
0 0.170414 0.297115 0.024871 0.025201
0 0.195285 0.163167 0.025269 0.019540
0 0.708217 0.522462 0.024075 0.020818
0 0.342718 0.458181 0.022085 0.018992
0 0.352467 0.188002 0.024871 0.024288
0 0.612018 0.684076 0.024672 0.021549
0 0.343613 0.366234 0.019897 0.023557
0 0.563172 0.395179 0.020891 0.021914
0 0.436331 0.095416 0.023876 0.026479
0 0.437923 0.609660 0.023876 0.023923
0 0.613808 0.919558 0.024274 0.025383
0 0.115897 0.887600 0.024871 0.026114
0 0.782829 0.482743 0.028054 0.017714
0 0.319339 0.436085 0.023080 0.024470
0 0.120573 0.545380 0.026263 0.022096
0 0.389475 0.671019 0.022483 0.024288
0 0.714087 0.138422 0.023478 0.021183
0 0.118484 0.977995 0.023279 0.021366
0 0.143056 0.946220 0.023080 0.023192
0 0.712793 0.443481 0.024473 0.023192
0 0.436828 0.819668 0.022085 0.023923
0 0.884302 0.618335 0.025269 0.024105
0 0.171508 0.369613 0.022682 0.023009
0 0.241246 0.868426 0.021289 0.026114
0 0.487366 0.163258 0.025269 0.022644
0 0.635396 0.634405 0.022085 0.023375
0 0.486769 0.544102 0.023677 0.018079
0 0.365002 0.563459 0.023279 0.018079
0 0.615897 0.164080 0.022483 0.026114
0 0.325507 0.026297 0.025865 0.025201
0 0.266912 0.801224 0.022483 0.025383
0 0.587943 0.322042 0.023080 0.022827
0 0.612018 0.893444 0.022284 0.024653
0 0.857939 0.364226 0.026263 0.021001
0 0.811480 0.157232 0.024075 0.022279
0 0.637784 0.418462 0.027656 0.022462
0 0.315659 0.896731 0.020891 0.016983
0 0.537903 0.686815 0.024473 0.025201
0 0.636988 0.366965 0.020891 0.023557
0 0.367589 0.435354 0.022483 0.023375
0 0.561679 0.827246 0.019897 0.026662
0 0.908774 0.416180 0.022483 0.023375
0 0.859133 0.691381 0.024274 0.026297
0 0.437127 0.564189 0.024672 0.021001
0 0.317151 0.571402 0.023080 0.024836
0 0.663351 0.277392 0.022284 0.024470
0 0.933347 0.441928 0.023080 0.023740
0 0.437027 0.118882 0.025667 0.020818
0 0.561779 0.546202 0.026860 0.023009
0 0.412157 0.847151 0.025667 0.022279
0 0.808197 0.279858 0.022284 0.026114
0 0.242439 0.801224 0.023677 0.024653
0 0.440211 0.419558 0.022881 0.024653
0 0.145842 0.666362 0.023478 0.024105
0 0.119081 0.706172 0.025269 0.020453
0 0.687525 0.415175 0.022483 0.022827
0 0.413251 0.701333 0.024672 0.021001
0 0.168723 0.942568 0.023876 0.022096
0 0.486371 0.914080 0.021289 0.022827
0 0.462396 0.144083 0.023080 0.018992
0 0.389276 0.563824 0.020096 0.020270
0 0.512137 0.800128 0.024672 0.027575
0 0.192897 0.831446 0.025667 0.026662
0 0.463689 0.777301 0.024871 0.020636
0 0.290589 0.820581 0.022085 0.021001
0 0.269897 0.048850 0.026462 0.021731
0 0.242240 0.233291 0.020493 0.024653
0 0.142459 0.800310 0.024672 0.022096
0 0.515320 0.138057 0.023080 0.019722
0 0.217270 0.871256 0.022284 0.023740
0 0.538002 0.846695 0.027059 0.021001
0 0.120076 0.364226 0.024871 0.026479
0 0.316156 0.919010 0.024274 0.023923
0 0.782033 0.280771 0.021687 0.027210
0 0.412953 0.677958 0.022483 0.023557
0 0.664047 0.300310 0.022881 0.020270
0 0.833068 0.619978 0.021886 0.023740
0 0.269797 0.025840 0.026661 0.023923
0 0.067151 0.593864 0.022881 0.017166
0 0.486669 0.142714 0.025468 0.018809
0 0.296458 0.459642 0.023478 0.021183
0 0.438221 0.867513 0.022881 0.019905
0 0.170016 0.186907 0.023677 0.025018
0 0.408277 0.211468 0.025865 0.026297
0 0.220155 0.095325 0.021687 0.024470
0 0.488261 0.186450 0.027855 0.021914
0 0.434938 0.234478 0.023876 0.020818
0 0.364505 0.654127 0.024274 0.025931
0 0.120573 0.418645 0.023080 0.022096
0 0.832869 0.570581 0.024672 0.022827
0 0.563370 0.460281 0.023677 0.020636
0 0.066454 0.300219 0.021090 0.023375
0 0.193394 0.547389 0.022682 0.025018
0 0.406785 0.144083 0.028054 0.024836
0 0.067648 0.323320 0.025865 0.021366
0 0.193593 0.571768 0.023478 0.021914
0 0.462197 0.026479 0.024274 0.025931
0 0.513430 0.346056 0.022483 0.022279
0 0.733685 0.520362 0.025269 0.018809
0 0.858337 0.641070 0.023080 0.020270
0 0.270096 0.212290 0.026462 0.023192
0 0.738361 0.147462 0.025865 0.022827
0 0.291882 0.728086 0.023478 0.024105
0 0.661958 0.458272 0.021886 0.022827
0 0.435933 0.140888 0.024672 0.024288
0 0.389674 0.586194 0.021289 0.024836
0 0.462296 0.051315 0.022881 0.023009
0 0.365997 0.825694 0.021289 0.018809
0 0.636590 0.876552 0.021289 0.022644
0 0.364505 0.868608 0.021886 0.016983
0 0.141464 0.866600 0.022284 0.023192
0 0.195682 0.372809 0.022483 0.025383
0 0.935933 0.232104 0.023478 0.023740
0 0.316653 0.779310 0.024075 0.023557
0 0.168424 0.802045 0.022881 0.026662
0 0.325905 0.143535 0.027059 0.023009
0 0.341723 0.778305 0.023677 0.024836
0 0.295663 0.075785 0.024274 0.023009
0 0.325109 0.192841 0.026263 0.025201
0 0.168225 0.918828 0.022483 0.024653
0 0.066156 0.670015 0.024075 0.024470
0 0.463191 0.460373 0.022682 0.022644
0 0.195086 0.278214 0.022085 0.023923
0 0.734381 0.821494 0.026661 0.026844
0 0.513530 0.322316 0.021488 0.023375
0 0.809391 0.350438 0.022284 0.021183
0 0.318345 0.480186 0.023478 0.023557
0 0.294867 0.411614 0.024274 0.023375
0 0.510147 0.574233 0.021488 0.024288
0 0.145742 0.459551 0.024871 0.022462
0 0.218663 0.686541 0.024274 0.022827
0 0.217171 0.892440 0.022881 0.017531
0 0.140867 0.842586 0.022682 0.021914
0 0.781039 0.591764 0.020096 0.023192
0 0.411659 0.924763 0.024274 0.023009
0 0.566156 0.166728 0.025269 0.021183
0 0.265818 0.875730 0.021886 0.023557
0 0.515519 0.161249 0.024672 0.023740
0 0.295364 0.321311 0.020493 0.024288
0 0.366395 0.321768 0.023279 0.022644
0 0.365300 0.607560 0.023876 0.026662
0 0.636590 0.801315 0.020096 0.026297
0 0.379924 0.049580 0.024871 0.020636
0 0.661162 0.850621 0.024274 0.024105
0 0.146339 0.548393 0.024473 0.020088
0 0.662754 0.778031 0.022284 0.023923
0 0.711699 0.395453 0.024274 0.022096
0 0.216872 0.824233 0.021886 0.021001
0 0.192499 0.804876 0.022881 0.022096
0 0.899025 0.072042 0.024075 0.024653
0 0.613012 0.325055 0.022284 0.024470
0 0.415639 0.413167 0.025468 0.018809
0 0.931556 0.524927 0.022284 0.024653
0 0.463490 0.418736 0.023279 0.024105
0 0.243036 0.025475 0.024473 0.026479
0 0.464684 0.725712 0.025269 0.024105
0 0.146339 0.570489 0.024473 0.021914
0 0.241544 0.777940 0.023876 0.021549
0 0.365698 0.678871 0.025070 0.022096
0 0.807203 0.722243 0.023876 0.024470
0 0.563868 0.346238 0.024672 0.019722
0 0.710406 0.595234 0.023279 0.022827
0 0.910167 0.619522 0.022483 0.021366
0 0.537306 0.920836 0.022085 0.021001
0 0.563569 0.370161 0.022483 0.024470
0 0.117290 0.915997 0.024075 0.028123
0 0.145245 0.139609 0.026661 0.027940
0 0.413351 0.542001 0.023677 0.020088
0 0.535316 0.895544 0.025667 0.026297
0 0.119777 0.185811 0.022682 0.025749
0 0.857441 0.411888 0.024473 0.025018
0 0.217867 0.960464 0.023478 0.018079
0 0.193096 0.619248 0.024473 0.025201
0 0.219359 0.233473 0.020493 0.027210
0 0.565161 0.730551 0.024075 0.025383
0 0.195285 0.424397 0.024473 0.022279
0 0.712992 0.321585 0.024473 0.021183
0 0.440609 0.321950 0.020891 0.024105
0 0.192400 0.857834 0.021488 0.025749
0 0.637187 0.827429 0.022881 0.021914
0 0.562873 0.854091 0.025468 0.022279
0 0.093613 0.544193 0.023279 0.022279
0 0.461202 0.234843 0.026661 0.023009
0 0.615997 0.231738 0.023876 0.019357
0 0.269399 0.117969 0.026263 0.025931
0 0.487664 0.368608 0.023478 0.023923
0 0.832372 0.594412 0.022483 0.024470
0 0.511540 0.680515 0.026263 0.019540
0 0.407382 0.165084 0.024871 0.019722
0 0.266713 0.701424 0.025269 0.023375
0 0.091823 0.823868 0.021687 0.022462
0 0.659272 0.635866 0.021289 0.022644
0 0.462495 0.934441 0.024075 0.021183
0 0.412654 0.947589 0.024274 0.023740
0 0.832073 0.523557 0.025468 0.024470
0 0.390768 0.416180 0.021886 0.025201
0 0.411858 0.824233 0.021090 0.023923
0 0.267509 0.727356 0.023279 0.022279
0 0.512336 0.391435 0.023478 0.020270
0 0.685535 0.901205 0.022085 0.023740
0 0.219956 0.420836 0.022483 0.021001
0 0.563271 0.322589 0.020692 0.021731
0 0.512336 0.944485 0.019897 0.024836
0 0.267310 0.776388 0.023279 0.019905
0 0.806307 0.522644 0.024473 0.017896
0 0.343016 0.301680 0.020692 0.021914
0 0.217569 0.572407 0.024075 0.025749
0 0.836251 0.228634 0.022284 0.028853
0 0.066554 0.874543 0.025269 0.027027
0 0.379626 0.112308 0.025070 0.022279
0 0.808794 0.395088 0.022284 0.025749
0 0.588639 0.853543 0.022881 0.023740
0 0.380521 0.186267 0.025667 0.024470
0 0.909272 0.369613 0.025468 0.019722
0 0.566255 0.187728 0.027059 0.020818
0 0.883406 0.414810 0.023876 0.020270
0 0.612216 0.417093 0.022682 0.017896
0 0.146041 0.391527 0.025865 0.025931
0 0.660565 0.546293 0.022284 0.021731
0 0.093514 0.075511 0.023478 0.025018
0 0.170215 0.461377 0.022881 0.024288
0 0.661560 0.899744 0.024274 0.025931
0 0.511441 0.920836 0.023677 0.021731
0 0.487067 0.721512 0.019897 0.027757
0 0.511242 0.774196 0.024871 0.018444
0 0.365599 0.545106 0.022881 0.018262
0 0.092419 0.849708 0.022483 0.024836
0 0.806208 0.696311 0.023876 0.021549
0 0.882909 0.549763 0.021687 0.022462
0 0.731795 0.565102 0.023876 0.022096
0 0.327895 0.121713 0.029845 0.022462
0 0.118384 0.393444 0.025070 0.026114
0 0.118882 0.633857 0.024075 0.028123
0 0.588440 0.416819 0.024871 0.022096
0 0.462992 0.702246 0.022682 0.025018
0 0.091425 0.316654 0.020493 0.024470
0 0.588739 0.274014 0.023478 0.021001
0 0.440410 0.298393 0.023279 0.020818
0 0.315659 0.804967 0.020891 0.022644
0 0.858337 0.567568 0.022682 0.024836
0 0.366693 0.300037 0.023876 0.020088
0 0.463191 0.346786 0.022682 0.023375
0 0.242141 0.071311 0.021488 0.023923
0 0.379924 0.160701 0.026064 0.027392
0 0.291584 0.911340 0.024473 0.021366
0 0.390967 0.277575 0.018703 0.021914
0 0.435137 0.210555 0.024274 0.024836
0 0.536510 0.870891 0.022483 0.025566
0 0.462296 0.888331 0.022085 0.022827
0 0.537803 0.415632 0.023876 0.025201
0 0.782431 0.659240 0.024075 0.026297
0 0.436729 0.049306 0.024672 0.019722
0 0.782829 0.725804 0.024473 0.024653
0 0.637684 0.942202 0.022284 0.025018
0 0.066753 0.163897 0.024473 0.023557
0 0.216773 0.847060 0.021289 0.023923
0 0.908177 0.641618 0.021687 0.021731
0 0.614107 0.300219 0.022085 0.022279
0 0.637585 0.344138 0.023279 0.018809
0 0.120871 0.680789 0.026064 0.024470
0 0.166733 0.870982 0.023478 0.019905
0 0.120971 0.213660 0.023478 0.025931
0 0.367489 0.277392 0.024672 0.021183
0 0.242141 0.617878 0.020692 0.021731
0 0.909670 0.278214 0.022284 0.021001
0 0.513629 0.368974 0.022483 0.020636
0 0.909869 0.392896 0.024672 0.020636
0 0.317350 0.548941 0.023876 0.019357
0 0.168225 0.777118 0.019300 0.020636
0 0.170513 0.212290 0.026263 0.023192
0 0.591524 0.232286 0.025468 0.018992
0 0.737963 0.168736 0.026263 0.017166
0 0.462595 0.632305 0.022284 0.021001
0 0.266116 0.629748 0.024473 0.020636
0 0.687823 0.458181 0.023080 0.020818
0 0.567549 0.208912 0.027656 0.023740
0 0.562873 0.481738 0.024672 0.022279
0 0.588142 0.777392 0.020692 0.024105
0 0.269399 0.367787 0.023876 0.024105
0 0.587445 0.370982 0.022483 0.025383
0 0.637087 0.321585 0.025468 0.022644
0 0.194588 0.187911 0.021886 0.025201
0 0.461898 0.911888 0.023279 0.022096
0 0.485774 0.668645 0.024871 0.021366
0 0.486968 0.958820 0.021687 0.022827
0 0.296657 0.125000 0.025468 0.022827
0 0.588341 0.346421 0.023080 0.022644
0 0.390569 0.525292 0.022284 0.021366
0 0.488460 0.391435 0.022682 0.018809
0 0.119379 0.729456 0.025468 0.025383
0 0.241444 0.944485 0.022881 0.025201
0 0.898329 0.048667 0.023876 0.023192
0 0.146140 0.163349 0.020096 0.016983
0 0.118782 0.606556 0.024672 0.025749
0 0.733884 0.701607 0.026462 0.022279
0 0.861122 0.148101 0.024274 0.023375
0 0.243534 0.300858 0.020692 0.023557
0 0.167131 0.826516 0.022284 0.017531
0 0.380123 0.134679 0.025667 0.024288
0 0.364007 0.936724 0.020891 0.021366
0 0.486470 0.777575 0.021090 0.024105
0 0.539495 0.299397 0.022085 0.021731
0 0.462992 0.368974 0.022284 0.019540
0 0.737167 0.322133 0.022682 0.023009
0 0.191206 0.902392 0.023478 0.021731
0 0.637386 0.545289 0.022085 0.018992
0 0.588440 0.393992 0.019300 0.017348
0 0.881616 0.526114 0.019897 0.023740
0 0.637087 0.731465 0.023080 0.023557
0 0.219160 0.373813 0.022881 0.023009
0 0.266813 0.607743 0.022682 0.021183
0 0.439515 0.442933 0.021488 0.020270
0 0.686928 0.798028 0.020891 0.025566
0 0.407581 0.072863 0.022483 0.021914
0 0.387585 0.873813 0.021090 0.017896
0 0.222145 0.445581 0.026064 0.027757
0 0.684938 0.706264 0.025667 0.019905
0 0.686431 0.849069 0.023080 0.022462
0 0.170712 0.725621 0.023080 0.024653
0 0.268504 0.546658 0.023677 0.022096
0 0.486470 0.818572 0.024274 0.020270
0 0.461301 0.213203 0.022085 0.019540
0 0.244528 0.277301 0.023876 0.021001
0 0.145145 0.594960 0.023279 0.027027
0 0.218762 0.598156 0.023677 0.024288
0 0.689216 0.276297 0.024274 0.023009
0 0.612813 0.869613 0.023876 0.020818
0 0.486868 0.583638 0.022682 0.020088
0 0.908973 0.708272 0.022881 0.020636
0 0.437724 0.586012 0.025070 0.021183
0 0.438619 0.888422 0.022483 0.019722
0 0.388579 0.646731 0.021488 0.020636
0 0.612018 0.371165 0.025468 0.022827
0 0.145941 0.641070 0.021687 0.024653
0 0.536411 0.941563 0.023080 0.019722
0 0.435137 0.185537 0.023080 0.021914
0 0.464186 0.393627 0.023478 0.024653
0 0.120275 0.092312 0.026064 0.018809
0 0.463888 0.440102 0.023677 0.017166
0 0.436530 0.938367 0.025070 0.016253
0 0.612117 0.586833 0.022085 0.020636
0 0.408476 0.051041 0.025468 0.023923
0 0.169419 0.628926 0.022085 0.023375
0 0.663848 0.322955 0.022881 0.023557
0 0.660963 0.568663 0.022682 0.019357
0 0.563569 0.875639 0.025667 0.022279
0 0.511540 0.526114 0.022284 0.026297
0 0.883904 0.594138 0.024075 0.023557
0 0.613410 0.276297 0.023080 0.022644
0 0.540887 0.140522 0.024473 0.021001
0 0.514723 0.277027 0.019101 0.021183
0 0.389176 0.697133 0.021886 0.023557
0 0.407879 0.121622 0.026263 0.022644
0 0.487067 0.231008 0.024274 0.024105
0 0.341922 0.730643 0.022483 0.020818
0 0.439614 0.483199 0.022085 0.020088
0 0.688022 0.437546 0.023080 0.020088
0 0.067748 0.188824 0.026462 0.025201
0 0.734381 0.892531 0.025865 0.023923
0 0.488559 0.481191 0.023279 0.023009
0 0.340529 0.894631 0.023677 0.023740
0 0.934242 0.619248 0.023677 0.023740
0 0.267409 0.526297 0.024672 0.018992
0 0.686132 0.729182 0.023279 0.021183
0 0.660267 0.707725 0.022085 0.022462
0 0.413052 0.584368 0.021488 0.022279
0 0.464684 0.296567 0.018902 0.020818
0 0.293374 0.525931 0.025667 0.022644
0 0.684938 0.523740 0.022085 0.022279
0 0.808794 0.630113 0.022284 0.020636
0 0.589335 0.606921 0.021488 0.020270
0 0.269101 0.435080 0.023677 0.018444
0 0.092519 0.776205 0.022682 0.018079
0 0.294270 0.368791 0.021886 0.022827
0 0.785913 0.164445 0.025865 0.025383
0 0.243136 0.123174 0.022682 0.023923
0 0.538201 0.345416 0.021488 0.022096
0 0.612913 0.660701 0.023677 0.021183
0 0.712595 0.345142 0.025269 0.020818
0 0.511142 0.635135 0.025865 0.020818
0 0.808794 0.371439 0.019897 0.021183
0 0.465082 0.322133 0.020891 0.023740
0 0.537604 0.661706 0.022682 0.023923
0 0.167529 0.846969 0.023080 0.023375
0 0.637187 0.776114 0.025269 0.020818
0 0.462197 0.864865 0.021488 0.021549
0 0.857043 0.298393 0.023677 0.021549
0 0.561978 0.801497 0.024075 0.021914
0 0.267111 0.828616 0.024075 0.027575
0 0.294767 0.389244 0.022085 0.016983
0 0.293374 0.550584 0.022483 0.025566
0 0.663550 0.120617 0.026263 0.018809
0 0.636590 0.523923 0.023677 0.023375
0 0.688221 0.368608 0.024274 0.019540
0 0.352766 0.021640 0.023876 0.020270
0 0.637485 0.298119 0.023478 0.022096
0 0.786212 0.140614 0.026860 0.024105
0 0.412953 0.563002 0.022881 0.019357
0 0.486968 0.563550 0.022881 0.018992
0 0.439216 0.981465 0.025667 0.016983
0 0.269698 0.276936 0.022085 0.020636
0 0.216673 0.776297 0.019897 0.024105
0 0.267509 0.071768 0.025667 0.023740
0 0.315360 0.851808 0.023080 0.023192
0 0.193096 0.595142 0.025269 0.021914
0 0.487465 0.522918 0.025070 0.023923
0 0.195583 0.212199 0.025070 0.017896
0 0.439117 0.629748 0.023478 0.014427
0 0.931357 0.548393 0.021488 0.020453
0 0.883207 0.439098 0.020294 0.027575
0 0.119678 0.319394 0.024871 0.024105
0 0.661261 0.803415 0.023279 0.023923
0 0.292280 0.601991 0.022284 0.027940
0 0.363908 0.979091 0.024274 0.022462
0 0.269698 0.344686 0.022881 0.019175
0 0.931954 0.593590 0.021886 0.018809
0 0.365798 0.726808 0.024473 0.019722
0 0.169519 0.135318 0.022682 0.024470
0 0.292081 0.575237 0.021886 0.023009
0 0.387784 0.826790 0.020692 0.020636
0 0.462595 0.565559 0.022682 0.016435
0 0.734381 0.587473 0.022682 0.023375
0 0.170911 0.564737 0.023478 0.021366
0 0.243335 0.346695 0.022682 0.020270
0 0.269897 0.299123 0.022483 0.020818
0 0.920513 0.025201 0.026064 0.025566
0 0.688619 0.345964 0.023478 0.022462
0 0.538301 0.732012 0.026064 0.021731
0 0.193693 0.705259 0.024075 0.021549
0 0.539495 0.276662 0.023677 0.022279
0 0.464883 0.978543 0.024473 0.022096
0 0.364604 0.889974 0.019300 0.023192
0 0.737167 0.299397 0.023876 0.018809
0 0.296558 0.296749 0.020493 0.021914
0 0.539495 0.228999 0.021687 0.023375
0 0.933546 0.674763 0.023876 0.026297
0 0.612913 0.959733 0.021687 0.023557
0 0.169817 0.586377 0.021687 0.018992
0 0.407581 0.186907 0.024871 0.023923
0 0.487266 0.345508 0.021090 0.018627
0 0.861620 0.174580 0.027656 0.025931
0 0.780541 0.683437 0.024274 0.021731
0 0.064465 0.942659 0.022284 0.020088
0 0.662555 0.826333 0.023080 0.018992
0 0.437923 0.524562 0.025070 0.019905
0 0.381516 0.232925 0.023677 0.024653
0 0.537405 0.522462 0.025468 0.019357
0 0.317151 0.670836 0.023876 0.019905
0 0.381417 0.092038 0.025070 0.018262
0 0.511242 0.728269 0.026064 0.023009
0 0.638878 0.275383 0.024672 0.020818
0 0.240947 0.665814 0.021886 0.022279
0 0.883506 0.352630 0.026462 0.020818
0 0.959710 0.545836 0.023677 0.020818
0 0.464485 0.274288 0.024075 0.018262
0 0.217370 0.527666 0.020891 0.025018
0 0.365997 0.477995 0.020096 0.022462
0 0.487266 0.798667 0.024672 0.018079
0 0.661560 0.872991 0.023478 0.022827
0 0.588540 0.521731 0.022682 0.020453
0 0.297155 0.149105 0.025667 0.026114
0 0.884600 0.483747 0.025468 0.018627
0 0.738062 0.098338 0.024473 0.028305
0 0.737963 0.123722 0.023876 0.022462
0 0.588938 0.482286 0.023478 0.019722
0 0.587644 0.630935 0.024075 0.017531
0 0.145842 0.731738 0.025070 0.020088
0 0.440012 0.276662 0.019698 0.020088
0 0.639475 0.133309 0.023876 0.026297
0 0.119081 0.137783 0.024075 0.020636
0 0.090529 0.950420 0.022682 0.022096
0 0.785615 0.232834 0.026462 0.024105
0 0.588341 0.543371 0.023080 0.018809
0 0.268006 0.413532 0.021886 0.022827
0 0.241643 0.593042 0.020493 0.025018
0 0.093414 0.798484 0.023677 0.025383
0 0.588440 0.876826 0.022085 0.024288
0 0.487167 0.936724 0.022085 0.021366
0 0.733486 0.635866 0.024473 0.021914
0 0.092320 0.646275 0.021886 0.021914
0 0.121070 0.236030 0.025269 0.018809
0 0.487266 0.841490 0.023478 0.025931
0 0.192201 0.881026 0.023478 0.019175
0 0.415738 0.346329 0.026064 0.022096
0 0.662455 0.414536 0.023279 0.018627
0 0.612117 0.800676 0.022483 0.026479
0 0.688022 0.775110 0.022682 0.018809
0 0.663550 0.232743 0.021488 0.022827
0 0.389176 0.544923 0.021090 0.017166
0 0.365599 0.702885 0.024871 0.022279
0 0.366494 0.802776 0.023478 0.020818
0 0.540589 0.183711 0.023478 0.020088
0 0.121866 0.025931 0.025667 0.019722
0 0.437823 0.722608 0.025667 0.021549
0 0.093116 0.397279 0.023080 0.022827
0 0.265619 0.649014 0.023876 0.016435
0 0.318146 0.526662 0.023080 0.023009
0 0.295961 0.436998 0.024473 0.023740
0 0.662256 0.923576 0.020891 0.019905
0 0.195981 0.326424 0.019897 0.016618
0 0.510943 0.872352 0.020294 0.022644
0 0.832471 0.665449 0.020294 0.017166
0 0.065062 0.920289 0.022284 0.023192
0 0.832372 0.482469 0.022881 0.017896
0 0.612415 0.540267 0.023080 0.016983
0 0.066156 0.826424 0.022085 0.021731
0 0.170513 0.393170 0.021886 0.019722
0 0.515718 0.206994 0.027855 0.022827
0 0.486570 0.625091 0.022483 0.019357
0 0.352467 0.092768 0.025667 0.021914
0 0.320036 0.458729 0.020096 0.018992
0 0.065460 0.848977 0.023478 0.021549
0 0.661958 0.589116 0.022284 0.023009
0 0.240848 0.895727 0.020493 0.025931
0 0.315659 0.979730 0.022085 0.021183
0 0.343116 0.480369 0.022881 0.020636
0 0.268703 0.478908 0.022483 0.019905
0 0.565659 0.142988 0.023876 0.025566
0 0.713191 0.466125 0.022881 0.022462
0 0.340927 0.844047 0.024075 0.022644
0 0.884302 0.373904 0.022483 0.021366
0 0.736769 0.189098 0.022682 0.023192
0 0.366594 0.525566 0.024075 0.019722
0 0.295464 0.198594 0.023080 0.023923
0 0.145941 0.618974 0.019698 0.018444
0 0.611819 0.562363 0.020294 0.024288
0 0.486271 0.889244 0.022284 0.024653
0 0.588341 0.582268 0.023478 0.025383
0 0.413947 0.630752 0.021687 0.017166
0 0.612515 0.636779 0.022483 0.021914
0 0.145145 0.347516 0.022881 0.021549
0 0.269399 0.456172 0.025468 0.022279
0 0.271289 0.391253 0.024075 0.018809
0 0.093016 0.098156 0.025269 0.022462
0 0.316454 0.630205 0.024075 0.016070
0 0.662157 0.435263 0.022284 0.021731
0 0.961401 0.305241 0.023876 0.023923
0 0.319439 0.390979 0.022483 0.016801
0 0.170314 0.438733 0.021488 0.020636
0 0.909172 0.301132 0.025667 0.017166
0 0.781337 0.703798 0.023876 0.018627
0 0.783128 0.460464 0.027059 0.023557
0 0.364903 0.582816 0.021090 0.021001
0 0.323816 0.216034 0.023677 0.022279
0 0.855551 0.320946 0.021886 0.021731
0 0.366096 0.388970 0.019897 0.017896
0 0.145643 0.692568 0.022682 0.025018
0 0.536908 0.612217 0.020493 0.021001
0 0.217569 0.621713 0.021289 0.021001
0 0.119081 0.295836 0.025269 0.021183
0 0.689515 0.165906 0.026860 0.018809
0 0.782730 0.373722 0.025468 0.021731
0 0.663848 0.184715 0.024473 0.020270
0 0.956825 0.590303 0.023478 0.023557
0 0.781735 0.568207 0.027457 0.024288
0 0.806307 0.587381 0.026462 0.020636
0 0.268802 0.234204 0.024274 0.022462
0 0.688321 0.189280 0.021687 0.024288
0 0.391564 0.299945 0.022284 0.018079
0 0.635694 0.613952 0.020294 0.017166
0 0.462495 0.843682 0.022483 0.018627
0 0.831974 0.685902 0.025269 0.021914
0 0.316554 0.727538 0.020692 0.019357
0 0.884103 0.328981 0.023677 0.022827
0 0.934540 0.315741 0.022682 0.020818
0 0.365101 0.957725 0.021886 0.016983
0 0.689614 0.143535 0.024672 0.024105
0 0.341425 0.803506 0.023876 0.021549
0 0.588241 0.942841 0.025269 0.017896
0 0.562674 0.657505 0.021488 0.017714
0 0.591325 0.208912 0.018703 0.024105
0 0.216176 0.937820 0.020096 0.021366
0 0.612614 0.776114 0.025070 0.022279
0 0.462793 0.956629 0.024672 0.020636
0 0.119379 0.275383 0.022682 0.016435
0 0.119777 0.160336 0.023080 0.023375
0 0.341126 0.952520 0.023677 0.038714
0 0.810983 0.131848 0.021886 0.027757
0 0.932451 0.648101 0.022085 0.025931
0 0.907382 0.439737 0.023279 0.021549
0 0.341325 0.918188 0.020096 0.024105
0 0.438221 0.646731 0.022085 0.021001
0 0.145245 0.527118 0.024672 0.021001
0 0.121369 0.047297 0.024274 0.018262
0 0.269996 0.140705 0.024672 0.019540
0 0.587744 0.982652 0.025070 0.019722
0 0.485973 0.866508 0.024075 0.020453
0 0.067250 0.138970 0.025070 0.024836
0 0.511938 0.701790 0.024274 0.022279
0 0.688420 0.300493 0.024274 0.023923
0 0.193792 0.727264 0.023080 0.020636
0 0.858138 0.464299 0.025468 0.019175
0 0.194588 0.444028 0.023478 0.016253
0 0.612018 0.706172 0.024274 0.016801
0 0.831476 0.278853 0.021488 0.023375
0 0.412555 0.777027 0.023279 0.020818
0 0.291982 0.680880 0.023279 0.020636
0 0.833068 0.643718 0.023080 0.023375
0 0.516017 0.184624 0.026064 0.021914
0 0.561978 0.900292 0.023279 0.018992
0 0.067350 0.804054 0.025269 0.019722
0 0.415340 0.435537 0.023279 0.020453
0 0.389873 0.392348 0.022483 0.020270
0 0.067051 0.615321 0.021886 0.023923
0 0.413351 0.608656 0.020096 0.025566
0 0.883406 0.462747 0.020294 0.020818
0 0.169717 0.607104 0.022284 0.019905
0 0.191703 0.925402 0.022085 0.021001
0 0.169916 0.415632 0.021488 0.021549
0 0.390271 0.480734 0.024075 0.022096
0 0.365997 0.456629 0.022085 0.018444
0 0.462495 0.823868 0.019300 0.016983
0 0.041683 0.622352 0.023279 0.024836
0 0.117489 0.938824 0.023279 0.017166
0 0.539196 0.162071 0.021886 0.020636
0 0.389773 0.461103 0.022682 0.016435
0 0.713589 0.161614 0.021687 0.020818
0 0.637187 0.394083 0.019698 0.021914
0 0.736470 0.419649 0.021687 0.024105
0 0.587545 0.901297 0.022682 0.023557
0 0.195285 0.139061 0.025667 0.025018
0 0.342519 0.325146 0.020891 0.022462
0 0.661560 0.369430 0.021488 0.024470
0 0.067847 0.571311 0.021488 0.026114
0 0.219658 0.028488 0.021886 0.028123
0 0.193096 0.660793 0.025269 0.021731
0 0.736470 0.370069 0.019698 0.020636
0 0.661560 0.731556 0.024672 0.021549
0 0.688520 0.233839 0.025667 0.021366
0 0.067947 0.345416 0.022881 0.020270
0 0.069041 0.546293 0.021488 0.022462
0 0.387883 0.850712 0.021289 0.022462
0 0.170215 0.044923 0.023677 0.018992
0 0.562774 0.298758 0.021289 0.023375
0 0.408874 0.236213 0.023080 0.021731
0 0.786112 0.187728 0.027457 0.021914
0 0.686828 0.390614 0.022682 0.022644
0 0.536212 0.438367 0.021886 0.016618
0 0.806506 0.608382 0.024075 0.020270
0 0.170314 0.275292 0.023080 0.018444
0 0.612117 0.845234 0.019698 0.024653
0 0.145941 0.439098 0.024075 0.018079
0 0.438221 0.776388 0.022881 0.018444
0 0.781834 0.544649 0.024075 0.020636
0 0.145046 0.278397 0.020692 0.020636
0 0.639475 0.160245 0.021886 0.025383
0 0.662157 0.481921 0.022284 0.022644
0 0.143554 0.776570 0.024473 0.019540
0 0.858635 0.545015 0.020891 0.019905
0 0.218961 0.397644 0.022881 0.021001
0 0.119678 0.341673 0.025269 0.018627
0 0.092419 0.564280 0.023279 0.016070
0 0.217668 0.646092 0.021488 0.025201
0 0.782829 0.350712 0.027656 0.023923
0 0.888878 0.187272 0.026860 0.020636
0 0.119877 0.567111 0.024075 0.019540
0 0.363908 0.630205 0.021886 0.018262
0 0.193195 0.682067 0.023876 0.017166
0 0.735575 0.394996 0.021090 0.023375
0 0.042977 0.348795 0.021488 0.025931
0 0.832869 0.324233 0.019897 0.018444
0 0.738162 0.276023 0.021488 0.022096
0 0.119081 0.524288 0.024075 0.017896
0 0.958217 0.568755 0.022284 0.020636
0 0.514425 0.299397 0.020096 0.018809
0 0.540589 0.205533 0.022284 0.019905
0 0.244329 0.419284 0.022682 0.020453
0 0.710704 0.729547 0.023876 0.020453
0 0.092021 0.293736 0.022881 0.018444
0 0.857939 0.389153 0.024274 0.019357
0 0.515519 0.229821 0.025865 0.022462
0 0.145046 0.325146 0.019499 0.016983
0 0.342817 0.527392 0.023478 0.025931
0 0.461799 0.524744 0.022682 0.022827
0 0.908874 0.480095 0.022682 0.019722
0 0.367390 0.411888 0.019300 0.020270
0 0.341524 0.625913 0.020096 0.021731
0 0.341524 0.651388 0.020493 0.025201
0 0.714684 0.275383 0.025070 0.021183
0 0.909471 0.321402 0.024274 0.019722
0 0.785913 0.117421 0.025468 0.020088
0 0.390569 0.345782 0.021488 0.024288
0 0.833168 0.345508 0.025667 0.019722
0 0.510744 0.596603 0.021090 0.017531
0 0.885296 0.138057 0.023677 0.026662
0 0.340728 0.980917 0.021687 0.023192
0 0.219061 0.207907 0.021090 0.021731
0 0.366594 0.344138 0.023279 0.017714
0 0.218365 0.980186 0.023279 0.022827
0 0.066355 0.898557 0.021289 0.018079
0 0.807402 0.676041 0.019897 0.016435
0 0.637386 0.459642 0.023279 0.020818
0 0.713987 0.297115 0.022881 0.020088
0 0.938221 0.162253 0.026064 0.024288
0 0.316852 0.611578 0.024075 0.020088
0 0.092220 0.625274 0.024473 0.017531
0 0.218563 0.710464 0.024871 0.020636
0 0.662853 0.345599 0.024473 0.019540
0 0.934640 0.462564 0.022483 0.016801
0 0.961998 0.234021 0.021090 0.022827
0 0.846797 0.044375 0.023876 0.017166
0 0.638082 0.482195 0.021090 0.021001
0 0.564465 0.275018 0.022682 0.018992
0 0.438520 0.796749 0.022682 0.020818
0 0.352368 0.117330 0.025070 0.027210
0 0.145145 0.368608 0.023677 0.017714
0 0.688918 0.212107 0.024473 0.020270
0 0.709610 0.847151 0.024473 0.024105
0 0.413649 0.276936 0.021488 0.021366
0 0.934242 0.699324 0.023279 0.020636
0 0.220354 0.161158 0.024075 0.019905
0 0.922901 0.045928 0.025269 0.017714
0 0.587744 0.651297 0.022284 0.018444
0 0.120076 0.069668 0.021687 0.022096
0 0.414843 0.480095 0.022682 0.021183
0 0.859331 0.523009 0.025070 0.024470
0 0.514425 0.114774 0.022483 0.022827
0 0.612216 0.611943 0.021488 0.025566
0 0.192400 0.945946 0.021886 0.020453
0 0.091027 0.976625 0.027258 0.029949
0 0.537306 0.964390 0.023279 0.023740
0 0.414843 0.322042 0.023080 0.019905
0 0.639475 0.233656 0.022284 0.019175
0 0.833068 0.727995 0.023876 0.022827
0 0.884401 0.638879 0.024274 0.018079
0 0.296359 0.277027 0.021289 0.018262
0 0.687923 0.479821 0.024871 0.019540
0 0.218762 0.183985 0.022881 0.025383
0 0.242240 0.690285 0.022085 0.025931
0 0.167031 0.893444 0.021687 0.023192
0 0.119678 0.658784 0.024473 0.019175
0 0.489057 0.298028 0.022284 0.018262
0 0.537803 0.391070 0.020692 0.021731
0 0.414047 0.523192 0.021090 0.017166
0 0.169916 0.161249 0.025070 0.021914
0 0.612913 0.823594 0.020891 0.018262
0 0.661858 0.393627 0.020891 0.020270
0 0.736570 0.213294 0.026263 0.024470
0 0.912157 0.164627 0.022881 0.022827
0 0.242439 0.187820 0.023677 0.019540
0 0.292579 0.662345 0.021687 0.015705
0 0.170215 0.091855 0.022085 0.019722
0 0.563172 0.417093 0.021289 0.022279
0 0.316156 0.940102 0.023478 0.017166
0 0.389773 0.609021 0.021886 0.019722
0 0.215877 0.913988 0.020294 0.024105
0 0.195881 0.117969 0.022085 0.018262
0 0.116494 0.844047 0.022881 0.018262
0 0.365698 0.366782 0.020692 0.021366
0 0.938818 0.186176 0.022881 0.022827
0 0.169419 0.542549 0.020891 0.019357
0 0.092718 0.195215 0.020294 0.017531
0 0.192300 0.965577 0.020891 0.019175
0 0.832770 0.303141 0.022483 0.021914
0 0.884998 0.280679 0.025070 0.021914
0 0.461898 0.677137 0.019300 0.022644
0 0.218265 0.730734 0.024274 0.018809
0 0.537903 0.460007 0.021289 0.024105
0 0.936729 0.208912 0.024672 0.023375
0 0.042081 0.549763 0.024473 0.020270
0 0.871568 0.024927 0.024075 0.025749
0 0.170215 0.672389 0.023279 0.021183
0 0.590927 0.183072 0.019897 0.024653
0 0.781934 0.616874 0.027457 0.024470
0 0.709212 0.680424 0.023279 0.020088
0 0.860127 0.234478 0.025865 0.021914
0 0.709610 0.794193 0.022085 0.018992
0 0.193991 0.524196 0.021090 0.016618
0 0.267708 0.566928 0.023677 0.016618
0 0.733685 0.938641 0.024075 0.021183
0 0.663749 0.162893 0.022284 0.021549
0 0.612813 0.348977 0.023478 0.019722
0 0.320832 0.277757 0.021289 0.021183
0 0.588440 0.437911 0.025269 0.016801
0 0.243036 0.208912 0.023677 0.022279
0 0.906188 0.778397 0.030044 0.027940
0 0.614107 0.482286 0.025269 0.022644
0 0.391365 0.320581 0.018305 0.021366
0 0.117290 0.957359 0.022085 0.018444
0 0.612714 0.982743 0.021687 0.019905
0 0.712396 0.211560 0.020493 0.021001
0 0.734779 0.848795 0.025070 0.024836
0 0.264823 0.940011 0.021488 0.022096
0 0.387585 0.976899 0.024672 0.032688
0 0.415340 0.299580 0.022881 0.020270
0 0.687624 0.322955 0.023478 0.019905
0 0.169916 0.698594 0.022284 0.027575
0 0.511838 0.827611 0.023279 0.024105
0 0.961102 0.422389 0.028054 0.025566
0 0.846598 0.023375 0.021488 0.022279
0 0.170115 0.066746 0.022284 0.025383
0 0.513231 0.457451 0.021289 0.018262
0 0.907581 0.459368 0.021687 0.016253
0 0.811679 0.225895 0.022881 0.039810
0 0.786709 0.209551 0.025468 0.022462
0 0.168922 0.652118 0.023876 0.017896
0 0.809093 0.326972 0.019698 0.022096
0 0.146737 0.096695 0.028054 0.017714
0 0.808197 0.442659 0.021090 0.019722
0 0.487963 0.981191 0.021289 0.021914
0 0.170016 0.024744 0.020493 0.018809
0 0.068942 0.364408 0.024075 0.017348
0 0.806506 0.542184 0.024075 0.019357
0 0.660466 0.684350 0.021289 0.025383
0 0.961699 0.281410 0.021289 0.023375
0 0.906984 0.548302 0.021289 0.023192
0 0.411460 0.725712 0.024274 0.021549
0 0.588639 0.922297 0.025269 0.019175
0 0.093315 0.216855 0.024672 0.021001
0 0.709511 0.818846 0.018703 0.026297
0 0.320135 0.299032 0.021090 0.022827
0 0.612415 0.459094 0.021090 0.021549
0 0.538102 0.483839 0.019300 0.019540
0 0.462893 0.652118 0.022881 0.018992
0 0.663550 0.963934 0.024274 0.024653
0 0.315460 0.874726 0.019698 0.023740
0 0.341624 0.673667 0.020692 0.016801
0 0.316156 0.592495 0.019499 0.014792
0 0.352766 0.210555 0.021886 0.022279
0 0.709809 0.657140 0.021687 0.019540
0 0.194588 0.234021 0.024274 0.022827
0 0.042280 0.595873 0.021687 0.024470
0 0.243235 0.711742 0.022483 0.018079
0 0.267807 0.094229 0.022682 0.021914
0 0.736968 0.236030 0.025070 0.019905
0 0.341325 0.823320 0.024871 0.016618
0 0.066156 0.277666 0.018504 0.020270
0 0.612415 0.437089 0.019897 0.020270
0 0.782630 0.398009 0.021289 0.024288
0 0.219558 0.051041 0.022881 0.017348
0 0.812873 0.194485 0.024871 0.023009
0 0.463589 0.483108 0.021090 0.018809
0 0.511838 0.968408 0.023279 0.022279
0 0.933943 0.337107 0.021488 0.020088
0 0.115897 0.863678 0.024473 0.019540
0 0.638480 0.185811 0.022284 0.022096
0 0.908476 0.344412 0.022284 0.021549
0 0.169618 0.483382 0.021687 0.018992
0 0.295961 0.218682 0.024871 0.015888
0 0.324513 0.236669 0.024274 0.016801
0 0.637286 0.964938 0.022682 0.018262
0 0.219359 0.070489 0.019698 0.023740
0 0.093414 0.118243 0.023677 0.022462
0 0.117688 0.823046 0.024473 0.020818
0 0.241444 0.846329 0.022881 0.016253
0 0.315460 0.958455 0.022483 0.019540
0 0.513331 0.436541 0.020294 0.020270
0 0.067549 0.234660 0.022085 0.021183
0 0.873160 0.047206 0.026462 0.022462
0 0.192300 0.640614 0.020891 0.016435
0 0.562276 0.566837 0.025468 0.014974
0 0.887286 0.208638 0.024075 0.023192
0 0.381616 0.209551 0.023876 0.022462
0 0.562077 0.980460 0.023478 0.025201
0 0.712595 0.233930 0.021687 0.023740
0 0.784123 0.324598 0.025468 0.027210
0 0.067051 0.781410 0.023478 0.025931
0 0.708715 0.571676 0.019499 0.017348
0 0.732889 0.960738 0.022483 0.019722
0 0.387087 0.803415 0.021289 0.019905
0 0.922105 0.064463 0.020891 0.017166
0 0.412853 0.985299 0.022682 0.018079
0 0.832869 0.464299 0.022682 0.019175
0 0.737465 0.345599 0.024473 0.022827
0 0.064962 0.965668 0.023677 0.023740
0 0.513331 0.414627 0.020294 0.019540
0 0.145842 0.712929 0.020294 0.014244
0 0.069339 0.047936 0.023677 0.019540
0 0.911062 0.214938 0.020294 0.021549
0 0.389873 0.626552 0.023279 0.016070
0 0.194887 0.462107 0.022483 0.016983
0 0.588938 0.560993 0.023478 0.016070
0 0.068046 0.026114 0.022284 0.022279
0 0.067350 0.117056 0.024473 0.017531
0 0.168723 0.984295 0.022284 0.020088
0 0.963291 0.326972 0.026064 0.019905
0 0.121070 0.440650 0.020096 0.021183
0 0.340828 0.692568 0.023478 0.021001
0 0.708118 0.869248 0.017907 0.015705
0 0.141663 0.821676 0.023478 0.015888
0 0.488957 0.093408 0.022881 0.026114
0 0.613211 0.522279 0.023876 0.016801
0 0.935137 0.481465 0.022682 0.019540
0 0.908376 0.825694 0.028452 0.021731
0 0.266415 0.961286 0.021886 0.017896
0 0.042877 0.571585 0.021289 0.021549
0 0.093613 0.524196 0.018902 0.015888
0 0.640470 0.209277 0.023080 0.023740
0 0.591524 0.157688 0.017907 0.016983
0 0.588540 0.962199 0.023478 0.017896
0 0.143852 0.981921 0.022284 0.017531
0 0.244429 0.167367 0.024075 0.023192
0 0.808595 0.304785 0.022284 0.021914
0 0.857541 0.341216 0.019101 0.015888
0 0.119678 0.584733 0.024473 0.014974
0 0.836550 0.202064 0.022881 0.023192
0 0.663749 0.141161 0.021886 0.020453
0 0.562077 0.585464 0.021090 0.022279
0 0.092419 0.584916 0.024871 0.021549
0 0.735774 0.440924 0.019897 0.016253
0 0.269001 0.585190 0.026263 0.020270
0 0.659670 0.659514 0.020493 0.022827
0 0.290688 0.955077 0.021090 0.020818
0 0.709212 0.636687 0.021289 0.018079
0 0.664047 0.208090 0.021687 0.025749
0 0.290489 0.978999 0.019499 0.024470
0 0.934739 0.294923 0.021886 0.020453
0 0.858536 0.729547 0.017907 0.020453
0 0.860824 0.200603 0.024075 0.019905
0 0.169717 0.963842 0.022682 0.021914
0 0.909968 0.730004 0.021289 0.021366
0 0.066454 0.093682 0.024672 0.025201
0 0.832670 0.370069 0.020294 0.028305
0 0.897334 0.024836 0.020294 0.023375
0 0.194091 0.484569 0.024473 0.020636
0 0.514425 0.480643 0.021289 0.023009
0 0.884003 0.657779 0.022682 0.017896
0 0.783028 0.637418 0.025269 0.015157
0 0.537405 0.367421 0.023478 0.020453
0 0.663550 0.942750 0.023876 0.017348
0 0.956725 0.681154 0.019698 0.017531
0 0.837246 0.158145 0.023876 0.019357
0 0.808297 0.481830 0.019698 0.019175
0 0.956924 0.701790 0.018106 0.018992
0 0.342817 0.344138 0.019897 0.015157
0 0.117788 0.776388 0.021090 0.023557
0 0.637286 0.982012 0.022682 0.015522
0 0.041584 0.644449 0.019499 0.016435
0 0.956725 0.616508 0.020493 0.020818
0 0.295862 0.236486 0.022284 0.020453
0 0.043076 0.323868 0.020096 0.022096
0 0.043971 0.371896 0.022682 0.018444
0 0.735078 0.870161 0.024473 0.016070
0 0.219857 0.116417 0.024672 0.017714
0 0.934341 0.419832 0.019499 0.020088
0 0.145344 0.231465 0.022483 0.021366
0 0.707023 0.946585 0.020891 0.021366
0 0.821329 0.055332 0.028253 0.026662
0 0.911062 0.236669 0.022682 0.019357
0 0.242041 0.983382 0.020096 0.019722
0 0.733784 0.679511 0.023080 0.018627
0 0.858635 0.484204 0.024473 0.016253
0 0.413947 0.967677 0.023677 0.017166
0 0.340529 0.939646 0.020891 0.018809
0 0.689912 0.092768 0.026064 0.020088
0 0.837644 0.178689 0.025070 0.024288
0 0.221846 0.468682 0.027059 0.020636
0 0.736271 0.459277 0.020493 0.016801
0 0.858337 0.277210 0.024274 0.018992
0 0.883804 0.675037 0.023876 0.013331
0 0.171011 0.114500 0.024473 0.016801
0 0.267012 0.896183 0.022682 0.016618
0 0.068842 0.067933 0.021886 0.018992
0 0.708018 0.907232 0.021687 0.018992
0 0.092220 0.606099 0.024075 0.019722
0 0.733088 0.657232 0.023677 0.018992
0 0.220454 0.137144 0.025070 0.022644
0 0.735873 0.480734 0.021289 0.019175
0 0.946777 0.090851 0.022881 0.018444
0 0.973538 0.051224 0.025468 0.023923
0 0.511242 0.850438 0.023677 0.018992
0 0.732789 0.774379 0.024672 0.018079
0 0.948170 0.044193 0.023279 0.017896
0 0.591126 0.138696 0.023080 0.016253
0 0.713788 0.369978 0.022483 0.023375
0 0.934242 0.357286 0.019698 0.019905
0 0.837047 0.135135 0.026263 0.025566
0 0.909371 0.662984 0.020493 0.018444
0 0.290589 0.867148 0.023279 0.020636
0 0.192201 0.983291 0.021488 0.016618
0 0.243235 0.729912 0.021687 0.019357
0 0.858934 0.711742 0.018703 0.014061
0 0.613908 0.941837 0.023279 0.012600
0 0.833565 0.705533 0.025269 0.023192
0 0.291484 0.622626 0.021488 0.010044
0 0.093315 0.422023 0.024274 0.025566
0 0.954835 0.659697 0.019101 0.019905
0 0.044568 0.276388 0.019101 0.019905
0 0.351970 0.140431 0.022682 0.018627
0 0.734182 0.916454 0.026661 0.019175
0 0.615002 0.140066 0.018703 0.018627
0 0.921608 0.085738 0.024672 0.024653
0 0.907979 0.570672 0.020493 0.021914
0 0.043076 0.121713 0.024473 0.024653
0 0.960107 0.465851 0.024075 0.019722
0 0.958914 0.524927 0.024473 0.020270
0 0.092917 0.275383 0.021090 0.016435
0 0.715778 0.095325 0.021687 0.024836
0 0.341126 0.711468 0.022085 0.019722
0 0.709212 0.888148 0.020096 0.016983
0 0.872762 0.071585 0.024075 0.026297
0 0.266017 0.980278 0.020294 0.018992
0 0.733187 0.798302 0.022284 0.013331
0 0.812177 0.175767 0.026661 0.015888
0 0.539495 0.116782 0.024075 0.025749
0 0.663649 0.098977 0.021687 0.020818
0 0.067350 0.386413 0.022085 0.020453
0 0.044170 0.299123 0.019897 0.023740
0 0.908078 0.848795 0.028253 0.026662
0 0.143554 0.964938 0.022881 0.015705
0 0.040489 0.667184 0.023279 0.021001
0 0.536311 0.984295 0.021289 0.018262
0 0.145245 0.208729 0.025070 0.019722
0 0.170115 0.235939 0.024274 0.020818
0 0.807899 0.421567 0.020493 0.019175
0 0.562575 0.965760 0.024075 0.013696
0 0.887187 0.231373 0.024274 0.021549
0 0.709710 0.616691 0.022284 0.018627
0 0.022881 0.567020 0.018305 0.022644
0 0.388480 0.778853 0.017708 0.024470
0 0.241544 0.966399 0.019499 0.014974
0 0.637585 0.923941 0.023279 0.012235
0 0.170016 0.523009 0.022881 0.016801
0 0.290788 0.888696 0.024075 0.021731
0 0.961202 0.211560 0.019499 0.019905
0 0.217569 0.666454 0.022085 0.016618
0 0.686928 0.944668 0.021687 0.020088
0 0.041385 0.852812 0.021090 0.025566
0 0.783227 0.303050 0.026064 0.015522
0 0.092817 0.236669 0.023279 0.017166
0 0.709710 0.773923 0.019897 0.017166
0 0.243733 0.145179 0.023080 0.020088
0 0.686828 0.924215 0.022682 0.020453
0 0.933347 0.719686 0.025468 0.017166
0 0.707919 0.976899 0.022284 0.027940
0 0.043872 0.394266 0.019698 0.020453
0 0.906685 0.805515 0.027059 0.023009
0 0.734381 0.980460 0.021886 0.019357
0 0.846996 0.066107 0.023478 0.022644
0 0.862018 0.126644 0.024075 0.019540
0 0.511540 0.984843 0.023080 0.018262
0 0.782630 0.418645 0.022085 0.016253
0 0.860724 0.216490 0.024274 0.015157
0 0.934739 0.274927 0.021090 0.017348
0 0.042678 0.217312 0.021687 0.021183
0 0.663749 0.982286 0.023080 0.019722
0 0.611520 0.730278 0.023677 0.020453
0 0.714385 0.483930 0.019698 0.016070
0 0.388082 0.966308 0.021687 0.014792
0 0.974234 0.073229 0.021289 0.021914
0 0.042380 0.196311 0.019897 0.017531
0 0.121070 0.482195 0.019698 0.021731
0 0.389077 0.723886 0.020096 0.025931
0 0.041186 0.876735 0.020294 0.020818
0 0.072423 0.525292 0.017509 0.015522
0 0.708715 0.925584 0.019499 0.016983
0 0.067051 0.406318 0.021090 0.018627
0 0.905690 0.870161 0.027457 0.018627
0 0.067549 0.692476 0.022881 0.018992
0 0.043772 0.413714 0.021488 0.018444
0 0.220553 0.485208 0.025269 0.017896
0 0.020294 0.547206 0.016713 0.016618
0 0.066554 0.983017 0.022483 0.015705
0 0.017807 0.641161 0.020096 0.025931
0 0.835953 0.114865 0.020096 0.016801
0 0.123856 0.460738 0.016514 0.021183
0 0.958615 0.729273 0.024672 0.030131
0 0.932949 0.734112 0.022284 0.013879
0 0.042778 0.142257 0.023478 0.020453
0 0.041086 0.172297 0.022085 0.024653
0 0.039395 0.238313 0.021090 0.017166
0 0.744429 0.027849 0.026860 0.023557
0 0.794270 0.051954 0.023478 0.024653
0 0.786610 0.094412 0.017708 0.019357
0 0.961600 0.187363 0.018703 0.020453
0 0.896637 0.093316 0.024473 0.021549
0 0.921210 0.110573 0.022284 0.023557
0 0.021787 0.414536 0.023279 0.017166
0 0.784819 0.438733 0.028054 0.024653
0 0.833963 0.425767 0.025667 0.022462
0 0.832869 0.446129 0.023478 0.018262
0 0.957421 0.485939 0.019897 0.016070
0 0.958018 0.638422 0.021090 0.018262
0 0.018902 0.615869 0.019897 0.026844
0 0.018305 0.590212 0.023478 0.020453
0 0.022384 0.875365 0.015320 0.021366
0 0.017111 0.848977 0.018703 0.018262
0 0.686033 0.964025 0.019897 0.018262
0 0.687226 0.981738 0.019897 0.017166
0 0.041683 0.984386 0.016514 0.016253
0 0.040489 0.964025 0.016514 0.020453
0 0.039893 0.943024 0.022085 0.021549
