0 0.923193 0.121537 0.088706 0.074307
0 0.926006 0.181150 0.071830 0.055835
0 0.923193 0.252309 0.088706 0.075567
0 0.923842 0.337322 0.087408 0.088581
0 0.926655 0.419186 0.068801 0.070949
0 0.931415 0.491814 0.068801 0.074307
0 0.933795 0.568850 0.078754 0.068850
0 0.935526 0.638749 0.070965 0.075147
0 0.934660 0.712427 0.078754 0.078925
0 0.934877 0.792611 0.069667 0.077246
0 0.940502 0.864190 0.085244 0.076826
0 0.813933 0.107473 0.054522 0.057095
0 0.808957 0.164987 0.046300 0.060453
0 0.810472 0.224811 0.063176 0.052477
0 0.807226 0.287154 0.067936 0.065491
0 0.813933 0.358732 0.071830 0.077666
0 0.815664 0.439547 0.082215 0.088161
0 0.811121 0.519102 0.075725 0.077666
0 0.818910 0.602645 0.080052 0.081024
0 0.813284 0.681780 0.080052 0.064652
0 0.817828 0.746432 0.066638 0.057935
0 0.819991 0.798489 0.057984 0.046180
0 0.822155 0.865869 0.066638 0.092779
0 0.705322 0.118178 0.074427 0.078505
0 0.699697 0.198363 0.074427 0.079345
0 0.700779 0.274349 0.073994 0.074307
0 0.697966 0.354534 0.070965 0.081864
0 0.699048 0.436188 0.091302 0.083963
0 0.704024 0.518682 0.083081 0.082704
0 0.704673 0.597397 0.080052 0.088161
0 0.704673 0.679051 0.080052 0.071788
0 0.704673 0.755458 0.068801 0.071788
0 0.710082 0.808774 0.070965 0.043241
0 0.716789 0.872166 0.075725 0.081864
0 0.577023 0.129513 0.095630 0.079345
0 0.583730 0.198992 0.062311 0.054576
0 0.575508 0.262385 0.078754 0.076406
0 0.578105 0.332494 0.070965 0.072208
0 0.581350 0.398195 0.053224 0.054996
0 0.577672 0.473971 0.078754 0.086482
0 0.431199 0.188707 0.083514 0.098657
0 0.429468 0.285055 0.080052 0.087322
0 0.435526 0.363560 0.069667 0.072208
0 0.434444 0.430311 0.045868 0.068010
0 0.432280 0.510705 0.067503 0.096977
0 0.431631 0.597187 0.080052 0.082704
0 0.434011 0.663938 0.055387 0.052477
0 0.437689 0.723552 0.072263 0.066751
0 0.449373 0.774979 0.026395 0.037783
0 0.439420 0.826616 0.057551 0.061293
0 0.438987 0.885181 0.049762 0.062552
0 0.316097 0.180730 0.068801 0.078505
0 0.317395 0.258816 0.075725 0.077666
0 0.321289 0.346977 0.065340 0.073468
0 0.320857 0.412049 0.057551 0.054996
0 0.320857 0.472922 0.064474 0.064232
0 0.323020 0.530017 0.060147 0.055835
0 0.317828 0.612930 0.061013 0.049538
0 0.318910 0.674223 0.058849 0.071369
0 0.212029 0.265113 0.064042 0.079345
0 0.212029 0.340050 0.062311 0.065491
0 0.207486 0.399664 0.060147 0.060453
0 0.213111 0.462217 0.057551 0.064652
0 0.210948 0.532116 0.064474 0.088581
0 0.209866 0.602015 0.059714 0.064652
0 0.207053 0.661419 0.067936 0.055835
0 0.215275 0.718304 0.064474 0.056255
0 0.210731 0.762385 0.051060 0.045340
0 0.212678 0.815071 0.061013 0.062552
0 0.213111 0.866919 0.053224 0.042821
0 0.146906 0.261965 0.061013 0.060453
0 0.143877 0.325987 0.061013 0.063392
0 0.147122 0.374265 0.038944 0.044081
0 0.144959 0.422964 0.063176 0.059194
0 0.146041 0.482578 0.065340 0.073468
0 0.144310 0.551008 0.055820 0.067590
0 0.144743 0.620487 0.061013 0.057935
0 0.148204 0.672754 0.061013 0.059194
0 0.145392 0.735097 0.062311 0.061293
0 0.143228 0.787783 0.066638 0.054996
0 0.139983 0.835013 0.057551 0.046180
0 0.081566 0.555206 0.054089 0.052477
0 0.079403 0.617128 0.052358 0.062133
0 0.084812 0.675903 0.063176 0.050378
