0 0.905891 0.042797 0.188218 0.078578
0 0.914129 0.132601 0.171742 0.103368
0 0.910634 0.245323 0.165751 0.092610
0 0.911633 0.345182 0.140789 0.069224
0 0.913879 0.438260 0.163255 0.065949
0 0.914878 0.543031 0.170245 0.081852
0 0.907139 0.628508 0.185721 0.089102
0 0.918372 0.734799 0.163255 0.106174
0 0.908138 0.841558 0.160759 0.111553
0 0.912631 0.949018 0.165751 0.090271
0 0.714428 0.041745 0.190714 0.068054
0 0.725662 0.147451 0.227159 0.088167
0 0.716176 0.238307 0.177234 0.074369
0 0.719920 0.342610 0.201697 0.104303
0 0.713180 0.449953 0.179231 0.100094
0 0.707439 0.542914 0.181727 0.090505
0 0.711932 0.643943 0.185721 0.071328
0 0.700449 0.740178 0.190714 0.106174
0 0.708437 0.848573 0.206690 0.083022
0 0.710684 0.949602 0.211183 0.089102
0 0.500999 0.054490 0.168248 0.076707
0 0.503245 0.153064 0.181727 0.103134
0 0.507738 0.252923 0.185721 0.083957
0 0.497504 0.356876 0.197204 0.094481
0 0.498752 0.448901 0.199700 0.080683
0 0.507738 0.540809 0.231653 0.100795
0 0.499750 0.645580 0.206690 0.104069
0 0.499750 0.747661 0.201697 0.093545
0 0.494009 0.842727 0.177234 0.094715
0 0.490764 0.944808 0.165751 0.109448
0 0.294558 0.041160 0.158762 0.066885
0 0.304543 0.148036 0.165751 0.101964
0 0.305791 0.251169 0.213180 0.089336
0 0.308038 0.353718 0.199700 0.075538
0 0.289566 0.444691 0.190714 0.072264
0 0.289316 0.553672 0.179231 0.083957
0 0.300050 0.653064 0.188717 0.068054
0 0.301548 0.755496 0.172741 0.088167
0 0.304543 0.856993 0.174738 0.091441
0 0.295806 0.949135 0.179231 0.083957
0 0.100349 0.048059 0.183724 0.083022
0 0.107089 0.145931 0.188218 0.104303
0 0.102846 0.252222 0.183724 0.104069
0 0.099101 0.349977 0.195207 0.091441
0 0.086870 0.445159 0.147778 0.092376
0 0.087619 0.550982 0.174239 0.097755
0 0.094858 0.656104 0.167748 0.083022
0 0.103844 0.751286 0.185721 0.107343
0 0.082876 0.853601 0.164753 0.081852
0 0.092361 0.949252 0.172741 0.101497
