0 0.828488 0.103586 0.296512 0.192461
0 0.807875 0.298498 0.303911 0.203494
0 0.809197 0.509194 0.305497 0.217898
0 0.829281 0.701348 0.309725 0.155378
0 0.820825 0.891051 0.334038 0.206865
0 0.509249 0.110788 0.322939 0.217898
0 0.497357 0.290224 0.317125 0.180815
0 0.485729 0.507508 0.328753 0.212075
0 0.474366 0.689090 0.347252 0.201348
0 0.482030 0.894422 0.355180 0.204413
0 0.178911 0.099908 0.337738 0.193687
0 0.167812 0.284248 0.311311 0.163960
0 0.168605 0.481306 0.336152 0.208091
0 0.148520 0.686945 0.295983 0.227705
0 0.160677 0.895035 0.320296 0.201348
