0 0.890197 0.071416 0.219607 0.125824
0 0.889154 0.199410 0.221692 0.095453
0 0.876192 0.349618 0.247616 0.126866
0 0.893027 0.494967 0.195471 0.122527
0 0.890197 0.634328 0.219607 0.138841
0 0.891985 0.775425 0.212455 0.104131
0 0.889154 0.924592 0.221692 0.142138
0 0.626639 0.074714 0.262813 0.136585
0 0.603248 0.211906 0.245828 0.127039
0 0.608015 0.343631 0.221395 0.121486
0 0.611740 0.495574 0.243743 0.136585
0 0.615465 0.638754 0.251192 0.127907
0 0.618296 0.773776 0.219905 0.109511
0 0.635876 0.904460 0.255066 0.141097
0 0.359356 0.076362 0.234803 0.120444
0 0.373361 0.237938 0.240167 0.137799
0 0.363975 0.381118 0.214243 0.127039
0 0.369636 0.506942 0.217819 0.127039
0 0.369636 0.642485 0.221395 0.105172
0 0.380959 0.783582 0.221395 0.137799
0 0.386472 0.927890 0.225268 0.133461
0 0.105930 0.075755 0.204708 0.123742
0 0.101758 0.214596 0.202920 0.134502
0 0.116508 0.373481 0.232420 0.133287
0 0.109952 0.502083 0.208582 0.078098
0 0.114720 0.652291 0.228844 0.120271
0 0.119338 0.803107 0.238081 0.126866
0 0.110697 0.932662 0.202920 0.106213
