0 0.892588 0.062560 0.100549 0.082003
0 0.201184 0.077841 0.082533 0.073816
0 0.780456 0.344249 0.084248 0.069041
0 0.901167 0.148178 0.100892 0.054578
0 0.543754 0.056761 0.094372 0.073134
0 0.935827 0.799359 0.094029 0.067267
0 0.304907 0.462341 0.089568 0.070542
0 0.904684 0.458248 0.097289 0.065630
0 0.313744 0.354755 0.103466 0.122254
0 0.789894 0.510233 0.108614 0.074635
0 0.552763 0.691772 0.095573 0.095238
0 0.328500 0.169259 0.087337 0.054714
0 0.465854 0.677036 0.037749 0.037113
0 0.072495 0.305499 0.086307 0.063583
0 0.427419 0.335039 0.052505 0.039978
0 0.902025 0.361987 0.069664 0.062491
0 0.547958 0.342543 0.077042 0.068904
0 0.907258 0.713603 0.070865 0.091418
0 0.784918 0.604448 0.092485 0.064947
0 0.604581 0.397667 0.046500 0.033975
0 0.550704 0.602947 0.073610 0.054305
0 0.480010 0.141834 0.045813 0.047892
0 0.438487 0.935257 0.045127 0.066721
0 0.104152 0.063174 0.083734 0.050757
0 0.776167 0.140060 0.063315 0.049256
0 0.468857 0.580980 0.042382 0.042843
0 0.787577 0.688839 0.073439 0.079001
0 0.841112 0.691909 0.038092 0.036567
0 0.477265 0.486765 0.041352 0.044071
0 0.605868 0.541274 0.030199 0.031655
0 0.426561 0.059899 0.069321 0.067676
0 0.421328 0.402238 0.069835 0.069041
0 0.912234 0.256652 0.082876 0.088689
0 0.319664 0.229499 0.073439 0.037113
0 0.777196 0.227657 0.088367 0.081457
0 0.967141 0.370514 0.030371 0.042707
0 0.449725 0.851276 0.103981 0.080229
0 0.472289 0.050280 0.034489 0.036704
0 0.601235 0.923045 0.045642 0.044754
0 0.605868 0.664142 0.037406 0.039160
0 0.604753 0.322964 0.039293 0.036294
0 0.082704 0.396643 0.108442 0.084595
0 0.675532 0.180379 0.081332 0.072315
0 0.349691 0.321599 0.041181 0.047755
0 0.549588 0.461386 0.078586 0.074635
0 0.329873 0.083913 0.083219 0.091145
0 0.206675 0.196548 0.109643 0.110656
0 0.480782 0.395415 0.038092 0.038750
0 0.070093 0.214831 0.101407 0.083640
0 0.967828 0.732910 0.038950 0.038614
0 0.566918 0.136922 0.075841 0.062082
0 0.938229 0.951835 0.087165 0.059217
0 0.300532 0.312798 0.046156 0.041616
0 0.561170 0.256652 0.104839 0.070132
0 0.899623 0.541411 0.073095 0.081048
0 0.406314 0.588484 0.063830 0.050757
0 0.482670 0.833333 0.042210 0.044071
0 0.059798 0.506276 0.073953 0.105199
0 0.608528 0.768932 0.033459 0.047346
0 0.305765 0.394870 0.074125 0.041752
0 0.361874 0.437236 0.039808 0.035612
0 0.122083 0.816210 0.041695 0.036294
0 0.783545 0.426457 0.085621 0.077637
0 0.919097 0.630236 0.085621 0.046391
0 0.435741 0.506413 0.115820 0.087461
0 0.070264 0.619593 0.126802 0.102879
0 0.078844 0.724041 0.143960 0.106017
0 0.052419 0.825283 0.091112 0.094556
0 0.049846 0.913426 0.096259 0.086096
0 0.113847 0.923387 0.050275 0.036704
0 0.165323 0.813754 0.042382 0.033565
0 0.121139 0.750239 0.051476 0.042980
0 0.130319 0.607450 0.048902 0.028380
0 0.117193 0.520876 0.040837 0.046255
0 0.076184 0.123073 0.059369 0.048301
0 0.423387 0.230181 0.091112 0.090326
0 0.658974 0.086369 0.116163 0.111339
0 0.558596 0.815800 0.081846 0.130168
0 0.429307 0.751330 0.065889 0.078728
0 0.413435 0.662028 0.058167 0.087051
0 0.482155 0.757607 0.042210 0.038887
0 0.481383 0.917656 0.030371 0.023059
0 0.534832 0.932392 0.087165 0.071360
0 0.926905 0.884022 0.057996 0.069314
0 0.972461 0.892414 0.033116 0.035612
0 0.966455 0.655751 0.047529 0.032474
0 0.963281 0.551917 0.051476 0.040933
