0 0.747895 0.146157 0.157847 0.094498
0 0.740379 0.254830 0.130788 0.087148
0 0.744137 0.372428 0.147324 0.124948
0 0.739627 0.493175 0.147324 0.093448
0 0.741130 0.610248 0.162357 0.123898
0 0.747895 0.737295 0.151834 0.102898
0 0.741882 0.854368 0.148827 0.093448
0 0.578773 0.156657 0.165364 0.117598
0 0.578022 0.270580 0.157847 0.110248
0 0.585538 0.387127 0.169874 0.120748
0 0.575015 0.497375 0.154841 0.091348
0 0.586290 0.607098 0.168370 0.117598
0 0.581028 0.729945 0.160854 0.119698
0 0.577270 0.848593 0.156344 0.109198
0 0.421678 0.151407 0.154841 0.107098
0 0.414913 0.262705 0.153337 0.100798
0 0.411906 0.395002 0.162357 0.134397
0 0.418671 0.509975 0.163860 0.093448
0 0.412658 0.621798 0.148827 0.125997
0 0.419423 0.740445 0.168370 0.107098
0 0.417919 0.852268 0.144317 0.101848
0 0.256314 0.152457 0.154841 0.115498
0 0.242784 0.267430 0.127781 0.106048
0 0.251052 0.383452 0.150331 0.104998
0 0.260824 0.856993 0.160854 0.094498
