0 0.704567 0.080406 0.119055 0.077783
0 0.714488 0.184649 0.107402 0.093294
0 0.714016 0.311131 0.100157 0.087135
0 0.711811 0.426779 0.095748 0.090328
0 0.716063 0.549156 0.104252 0.098312
0 0.705354 0.668453 0.111811 0.081889
0 0.711654 0.788093 0.118740 0.101734
0 0.713858 0.906820 0.111811 0.096487
0 0.552756 0.074818 0.136063 0.080748
0 0.547087 0.187842 0.119055 0.078695
0 0.547717 0.313298 0.094488 0.103786
0 0.553543 0.433622 0.120000 0.068431
0 0.551496 0.558508 0.110236 0.100593
0 0.534961 0.668910 0.117480 0.080976
0 0.538583 0.796419 0.127244 0.059991
0 0.523465 0.908417 0.103307 0.111998
0 0.380945 0.081547 0.113071 0.094206
0 0.382520 0.198107 0.113071 0.070484
0 0.378268 0.309078 0.121575 0.091241
0 0.374646 0.430429 0.108661 0.091241
0 0.368189 0.545506 0.104567 0.064097
0 0.370236 0.676665 0.128819 0.098312
0 0.358110 0.791743 0.121575 0.094434
0 0.370236 0.909443 0.134488 0.072536
0 0.196220 0.077897 0.110236 0.089188
0 0.214961 0.195027 0.130079 0.099453
0 0.205039 0.319001 0.130394 0.094206
0 0.201417 0.435105 0.128819 0.100593
0 0.207874 0.545050 0.121575 0.077783
0 0.202835 0.670963 0.134803 0.095575
0 0.197165 0.788207 0.100157 0.074589
0 0.209291 0.915146 0.101732 0.102646
