0 0.807315 0.123566 0.371475 0.216061
0 0.808337 0.309871 0.328566 0.158461
0 0.807315 0.507648 0.323253 0.191205
0 0.817736 0.705306 0.354720 0.199809
0 0.820392 0.886711 0.319166 0.186902
0 0.468329 0.115440 0.284430 0.199809
0 0.491622 0.310349 0.356355 0.216300
0 0.485084 0.503705 0.321210 0.190010
0 0.483245 0.695029 0.332244 0.203155
0 0.465468 0.879063 0.319575 0.167304
0 0.164691 0.116993 0.286065 0.198614
0 0.181242 0.320148 0.361667 0.194312
0 0.161831 0.505378 0.295055 0.171845
0 0.161831 0.695985 0.287699 0.203155
0 0.162852 0.881214 0.304454 0.152008
