0 0.885379 0.149151 0.123252 0.109029
0 0.596496 0.615275 0.126187 0.105499
0 0.762904 0.828921 0.141032 0.124915
0 0.734680 0.284521 0.130157 0.111202
0 0.583376 0.253971 0.108234 0.089206
0 0.430779 0.823422 0.134127 0.095723
0 0.581478 0.822403 0.116865 0.103462
0 0.583290 0.719077 0.101157 0.098574
0 0.736233 0.399593 0.107371 0.093686
0 0.887019 0.349762 0.109615 0.073863
0 0.892456 0.530007 0.113931 0.092736
0 0.588469 0.351663 0.133264 0.104005
0 0.290178 0.602172 0.119109 0.098574
0 0.576644 0.161914 0.127223 0.091650
0 0.903245 0.635981 0.166580 0.107807
0 0.421630 0.591174 0.118937 0.131161
0 0.748576 0.605974 0.144485 0.100475
0 0.901088 0.925187 0.122562 0.119756
0 0.128690 0.558316 0.138961 0.120842
0 0.731659 0.181942 0.098912 0.081195
0 0.573364 0.065988 0.117901 0.087441
0 0.757293 0.936320 0.124633 0.085268
0 0.128776 0.326748 0.156396 0.100339
0 0.593993 0.933333 0.120835 0.115954
0 0.740980 0.502308 0.116865 0.097624
0 0.422924 0.294094 0.117038 0.087712
0 0.277059 0.104820 0.131193 0.105635
0 0.738305 0.697556 0.110823 0.087305
0 0.889781 0.258520 0.108234 0.096673
0 0.119368 0.079022 0.118937 0.094501
0 0.426722 0.714325 0.121871 0.103734
0 0.890040 0.434759 0.108061 0.087984
0 0.426204 0.075017 0.118419 0.094094
0 0.422924 0.385675 0.101502 0.085947
0 0.122562 0.199932 0.143276 0.128853
0 0.278785 0.217244 0.106335 0.104820
0 0.590540 0.504549 0.109097 0.104549
0 0.425600 0.469925 0.100293 0.081466
0 0.885552 0.054990 0.115657 0.083096
0 0.283273 0.501833 0.110478 0.080380
0 0.284654 0.411948 0.107371 0.077393
0 0.906007 0.805567 0.116865 0.104005
0 0.133782 0.439240 0.129812 0.100204
0 0.275246 0.324033 0.102020 0.087576
0 0.435871 0.188934 0.113585 0.094908
0 0.433023 0.913781 0.110996 0.073863
0 0.135077 0.923218 0.160021 0.123422
0 0.126618 0.684521 0.132401 0.092736
0 0.722596 0.078615 0.120835 0.108079
0 0.588641 0.423150 0.113240 0.037067
0 0.128603 0.795112 0.149836 0.103734
