0 0.725212 0.083005 0.125151 0.100307
0 0.724607 0.169514 0.109432 0.087604
0 0.724305 0.271792 0.123337 0.098555
0 0.722189 0.364433 0.119105 0.097240
0 0.720677 0.456636 0.128174 0.095050
0 0.730351 0.548182 0.133011 0.099431
0 0.723096 0.633377 0.126965 0.096364
0 0.720677 0.725142 0.154776 0.098555
0 0.709190 0.820631 0.148730 0.109943
0 0.714027 0.915681 0.135429 0.099431
0 0.585248 0.080815 0.122128 0.081034
0 0.590085 0.173894 0.141475 0.102497
0 0.586759 0.267849 0.143289 0.094174
0 0.579807 0.353263 0.126965 0.094174
0 0.587969 0.447219 0.131197 0.087604
0 0.577690 0.533947 0.125151 0.074463
0 0.581620 0.626807 0.114873 0.096364
0 0.583736 0.722514 0.119105 0.084538
0 0.580713 0.814498 0.119105 0.090670
0 0.580713 0.907797 0.133615 0.094174
0 0.439238 0.084100 0.125151 0.083224
0 0.437727 0.172799 0.128174 0.081034
0 0.447098 0.269601 0.123942 0.109943
0 0.448912 0.359834 0.117896 0.085414
0 0.444377 0.450504 0.120919 0.098555
0 0.448609 0.542488 0.133011 0.091546
0 0.442866 0.635348 0.123942 0.095926
0 0.442563 0.728866 0.120919 0.088480
0 0.451028 0.819755 0.134220 0.101183
0 0.449516 0.911739 0.122733 0.095050
0 0.304111 0.086947 0.120919 0.099431
0 0.308041 0.180902 0.125151 0.086728
0 0.313785 0.270696 0.131802 0.097240
0 0.307739 0.356548 0.113664 0.072711
0 0.309250 0.452037 0.125151 0.077968
0 0.316203 0.541393 0.141475 0.087604
0 0.317715 0.632063 0.144498 0.091984
0 0.316808 0.723171 0.125756 0.102497
0 0.321947 0.816032 0.142080 0.096364
0 0.327993 0.911739 0.129988 0.099431
0 0.188634 0.088918 0.140266 0.101621
0 0.183797 0.183092 0.134220 0.092860
0 0.180472 0.274201 0.123942 0.102497
0 0.191354 0.365528 0.143289 0.095050
0 0.187122 0.460797 0.137243 0.091108
0 0.186215 0.548401 0.129383 0.088480
0 0.191959 0.639290 0.138452 0.099431
0 0.189843 0.739597 0.119710 0.067017
0 0.190750 0.832019 0.129988 0.079282
0 0.200121 0.918528 0.146312 0.081472
