0 0.828224 0.093013 0.307611 0.178670
0 0.811311 0.294055 0.266385 0.219124
0 0.817918 0.484064 0.313425 0.176218
0 0.811311 0.682807 0.326638 0.212075
0 0.813161 0.888293 0.337738 0.197058
0 0.501850 0.101440 0.334567 0.183880
0 0.504757 0.279344 0.331924 0.187251
0 0.496300 0.481306 0.326638 0.205639
0 0.502907 0.673920 0.328224 0.205945
0 0.497093 0.875268 0.320825 0.205945
0 0.171512 0.104812 0.341966 0.194913
0 0.182082 0.287925 0.339852 0.195832
0 0.178118 0.497702 0.324524 0.199203
0 0.168605 0.685412 0.309725 0.187251
0 0.166755 0.867606 0.313425 0.159975
