0 0.869742 0.152880 0.108108 0.126702
0 0.879902 0.303665 0.108921 0.124607
0 0.880715 0.447120 0.113798 0.145550
0 0.877464 0.598429 0.104044 0.113089
0 0.879090 0.718325 0.102418 0.099476
0 0.883154 0.871728 0.107295 0.123560
0 0.756757 0.157592 0.108108 0.113089
0 0.753912 0.283246 0.094290 0.123560
0 0.755537 0.442932 0.105670 0.116230
0 0.755944 0.600000 0.104857 0.135079
0 0.754318 0.717801 0.104857 0.085864
0 0.761227 0.865969 0.107295 0.116230
0 0.633611 0.149215 0.099167 0.125654
0 0.639707 0.279581 0.114611 0.118325
0 0.640114 0.444503 0.113798 0.152880
0 0.643365 0.578534 0.113798 0.119372
0 0.637675 0.701571 0.092664 0.105759
0 0.638488 0.862304 0.115424 0.142408
0 0.397887 0.159162 0.104044 0.116230
0 0.400732 0.298953 0.109734 0.125654
0 0.403983 0.443979 0.112985 0.143455
0 0.399919 0.581675 0.109734 0.110995
0 0.401138 0.718325 0.095915 0.124607
0 0.402357 0.867016 0.106482 0.120419
0 0.280024 0.155497 0.108921 0.142408
0 0.284495 0.301571 0.111359 0.141361
0 0.280024 0.430890 0.100793 0.102618
0 0.280431 0.565445 0.112985 0.072251
0 0.278805 0.724084 0.117862 0.131937
0 0.278399 0.858639 0.113798 0.126702
0 0.164194 0.153403 0.122739 0.113089
0 0.167039 0.301047 0.115424 0.100524
0 0.162975 0.436649 0.123552 0.112042
0 0.161349 0.598953 0.113798 0.149738
0 0.158098 0.731414 0.108921 0.110995
0 0.159724 0.864398 0.120301 0.117277
