0 0.865018 0.071416 0.240167 0.125824
0 0.863826 0.215810 0.268176 0.134502
0 0.865018 0.373048 0.243743 0.091114
0 0.866061 0.484207 0.230930 0.137799
0 0.864124 0.628428 0.234803 0.146477
0 0.875298 0.773776 0.230930 0.131378
0 0.883641 0.921295 0.199344 0.109511
0 0.594011 0.072024 0.242253 0.122527
0 0.601460 0.201579 0.227354 0.119229
0 0.595799 0.353436 0.230930 0.143179
0 0.596841 0.504165 0.210369 0.130163
0 0.602503 0.636585 0.240167 0.114891
0 0.595799 0.778028 0.260727 0.131204
0 0.592074 0.928237 0.223480 0.127907
0 0.344607 0.066557 0.186234 0.116106
0 0.339839 0.212947 0.206496 0.139882
0 0.350119 0.350746 0.223480 0.111767
0 0.345352 0.500434 0.236591 0.140056
0 0.347288 0.658799 0.210667 0.127039
0 0.357718 0.786880 0.230930 0.105172
0 0.357420 0.925026 0.216031 0.121486
0 0.122914 0.080614 0.216031 0.150816
0 0.122914 0.229781 0.216031 0.140923
0 0.126639 0.645783 0.238379 0.139882
0 0.134982 0.796598 0.225268 0.129122
0 0.122914 0.925113 0.189809 0.125824
