0 0.912584 0.069033 0.174831 0.108410
0 0.915329 0.193364 0.169341 0.098444
0 0.898226 0.327662 0.195946 0.112786
0 0.902872 0.445309 0.194257 0.109383
0 0.899071 0.579971 0.201858 0.113758
0 0.891470 0.700049 0.182432 0.108410
0 0.902027 0.818182 0.195946 0.105980
0 0.904772 0.941298 0.190456 0.107195
0 0.711782 0.067331 0.165118 0.105007
0 0.699535 0.188381 0.193834 0.119105
0 0.704392 0.315873 0.218750 0.118376
0 0.698480 0.436923 0.195946 0.119349
0 0.706926 0.562956 0.190034 0.108410
0 0.713894 0.690447 0.165118 0.111570
0 0.714527 0.817574 0.190034 0.094069
0 0.716639 0.939961 0.190034 0.120078
0 0.517525 0.054205 0.172720 0.085075
0 0.504645 0.185707 0.161318 0.113758
0 0.518792 0.308216 0.178632 0.085075
0 0.517948 0.434127 0.187922 0.133690
0 0.512247 0.562956 0.168919 0.125912
0 0.503801 0.686193 0.201858 0.105007
0 0.509291 0.829849 0.205236 0.138065
0 0.508446 0.948347 0.191723 0.103306
0 0.295397 0.061254 0.207348 0.105980
0 0.293285 0.177929 0.180321 0.105007
0 0.295397 0.314779 0.199747 0.109383
0 0.295186 0.438624 0.218750 0.120321
0 0.298986 0.571220 0.176520 0.131259
0 0.316512 0.699927 0.187922 0.106223
0 0.309755 0.826932 0.193834 0.101604
0 0.313556 0.949927 0.213260 0.100146
0 0.089949 0.059067 0.176520 0.105980
0 0.090794 0.207705 0.174831 0.131502
0 0.087627 0.332402 0.174409 0.115946
0 0.084459 0.440204 0.168074 0.101604
0 0.097973 0.563563 0.195101 0.111570
0 0.098818 0.693850 0.196791 0.111570
0 0.085515 0.814414 0.170186 0.140253
0 0.095650 0.945309 0.180321 0.109383
