0 0.858594 0.072323 0.025521 0.021978
0 0.699870 0.069512 0.024740 0.019422
0 0.514844 0.166880 0.023958 0.021467
0 0.413021 0.330181 0.024479 0.021467
0 0.763672 0.845387 0.023698 0.020956
0 0.922266 0.586379 0.026302 0.019678
0 0.129167 0.181702 0.026562 0.021978
0 0.417969 0.127907 0.023958 0.022234
0 0.543229 0.329926 0.027083 0.020445
0 0.446094 0.588934 0.023958 0.020189
0 0.890625 0.332993 0.023438 0.021467
0 0.444922 0.073729 0.023177 0.021211
0 0.827734 0.071812 0.028385 0.022489
0 0.923177 0.073601 0.025000 0.024534
0 0.543099 0.091490 0.026823 0.022489
0 0.670964 0.330565 0.024219 0.020189
0 0.801693 0.426783 0.022656 0.020445
0 0.575000 0.309992 0.027604 0.023511
0 0.603255 0.848326 0.025781 0.022745
0 0.096484 0.328904 0.029948 0.019422
0 0.219792 0.848709 0.026042 0.021978
0 0.961068 0.920521 0.023177 0.021978
0 0.417708 0.147713 0.026042 0.021467
0 0.413932 0.090340 0.026823 0.022745
0 0.800781 0.407105 0.022917 0.022489
0 0.952734 0.587145 0.026823 0.021211
0 0.865495 0.426016 0.023698 0.019934
0 0.920573 0.565295 0.027083 0.023511
0 0.733464 0.847559 0.024740 0.019678
0 0.381380 0.566829 0.028385 0.023000
0 0.798698 0.166752 0.025000 0.023256
0 0.698047 0.590851 0.024219 0.021978
0 0.859245 0.311526 0.026823 0.027600
0 0.283984 0.828648 0.025781 0.023256
0 0.060937 0.309481 0.025521 0.023511
0 0.732943 0.165857 0.023698 0.021978
0 0.602344 0.089445 0.024479 0.022489
0 0.636979 0.826987 0.024479 0.023000
0 0.031510 0.565806 0.026562 0.023000
0 0.546615 0.409532 0.022396 0.023767
0 0.413151 0.071301 0.025781 0.019422
0 0.445182 0.331459 0.025260 0.021467
0 0.057292 0.868899 0.026562 0.019422
0 0.540625 0.570151 0.025521 0.026067
0 0.384766 0.311398 0.027344 0.025811
0 0.199089 0.445694 0.028385 0.021978
0 0.507161 0.826731 0.025781 0.025045
0 0.413672 0.588168 0.027344 0.020700
0 0.385156 0.963327 0.026042 0.019678
0 0.859115 0.092001 0.025521 0.020956
0 0.094661 0.308331 0.026823 0.027345
0 0.923828 0.051495 0.027344 0.023767
0 0.380208 0.848326 0.025000 0.022234
0 0.795312 0.310503 0.031250 0.025045
0 0.676823 0.369282 0.023438 0.019934
0 0.579557 0.168413 0.022135 0.020956
0 0.923307 0.095196 0.025260 0.022745
0 0.572396 0.588934 0.023438 0.020700
0 0.124870 0.068873 0.027344 0.020700
0 0.734635 0.330820 0.024479 0.020700
0 0.800000 0.368771 0.023438 0.018911
0 0.954818 0.071684 0.024740 0.023767
0 0.891276 0.312037 0.024219 0.025556
0 0.668750 0.828776 0.024479 0.024534
0 0.354818 0.145796 0.026302 0.022745
0 0.769401 0.426399 0.023177 0.022234
0 0.190885 0.569384 0.024479 0.023511
0 0.131771 0.446844 0.028646 0.022234
0 0.412500 0.308331 0.029167 0.026323
0 0.600000 0.571301 0.023438 0.025811
0 0.669271 0.848454 0.024479 0.018400
0 0.579688 0.129057 0.023958 0.021978
0 0.766276 0.147202 0.023698 0.021978
0 0.126693 0.329926 0.025260 0.023511
0 0.418750 0.407488 0.025000 0.020700
0 0.665885 0.591234 0.025000 0.020700
0 0.192448 0.926783 0.022917 0.020700
0 0.357422 0.428699 0.023177 0.021211
0 0.478385 0.071045 0.026562 0.024534
0 0.541016 0.071429 0.025781 0.022234
0 0.832682 0.184769 0.028906 0.020445
0 0.446484 0.052901 0.026302 0.027089
0 0.859375 0.051112 0.024479 0.025045
0 0.315234 0.848582 0.024740 0.021722
0 0.509635 0.050856 0.027604 0.024022
0 0.321615 0.390621 0.023438 0.021722
0 0.475911 0.827754 0.026823 0.023511
0 0.733464 0.310248 0.024740 0.023000
0 0.708464 0.408382 0.025260 0.021978
0 0.574089 0.608485 0.024219 0.022489
0 0.288802 0.333376 0.027083 0.020700
0 0.419141 0.368899 0.025260 0.019678
0 0.292839 0.429083 0.023177 0.020445
0 0.665885 0.610273 0.024479 0.023000
0 0.316667 0.867749 0.023958 0.020700
0 0.386068 0.332609 0.025260 0.023256
0 0.643620 0.408255 0.022656 0.022234
0 0.699479 0.569384 0.026042 0.022489
0 0.670052 0.867110 0.023958 0.021978
0 0.571094 0.848326 0.022396 0.021722
0 0.347135 0.070534 0.025000 0.024534
0 0.161198 0.166624 0.022917 0.021467
0 0.315234 0.567467 0.029948 0.024278
0 0.193490 0.946333 0.022917 0.021467
0 0.699609 0.088679 0.024740 0.021978
0 0.827083 0.090595 0.026042 0.021722
0 0.863411 0.129185 0.023698 0.022745
0 0.548568 0.166880 0.024740 0.021978
0 0.671354 0.146691 0.022917 0.021978
0 0.668229 0.570534 0.025521 0.023256
0 0.220312 0.828520 0.024479 0.024022
0 0.574870 0.330437 0.024740 0.019422
0 0.761328 0.070023 0.026302 0.019422
0 0.358073 0.409021 0.022917 0.022234
0 0.761849 0.090084 0.023698 0.023256
0 0.030729 0.586634 0.023958 0.021722
0 0.445182 0.309992 0.026302 0.025556
0 0.220312 0.049323 0.026042 0.024022
0 0.677214 0.427549 0.023698 0.020956
0 0.255208 0.685791 0.022396 0.021722
0 0.865104 0.407105 0.022917 0.020445
0 0.445703 0.568873 0.024219 0.022489
0 0.094531 0.568234 0.023958 0.024278
0 0.099740 0.427294 0.024479 0.021467
0 0.930208 0.166880 0.026562 0.020445
0 0.511068 0.071940 0.025781 0.024278
0 0.092057 0.068362 0.025260 0.022234
0 0.640104 0.350498 0.023958 0.018656
0 0.858984 0.606951 0.025260 0.020445
0 0.446875 0.349732 0.024479 0.019678
0 0.701432 0.828393 0.025781 0.023256
0 0.729036 0.069767 0.022656 0.020956
0 0.677083 0.388065 0.023958 0.019167
0 0.895964 0.129696 0.023177 0.021722
0 0.251693 0.828265 0.023177 0.023000
0 0.864193 0.110273 0.022135 0.018145
0 0.127734 0.349987 0.023698 0.020700
0 0.739062 0.941860 0.022396 0.020700
0 0.092057 0.867110 0.026823 0.023511
0 0.352604 0.684258 0.022917 0.020700
0 0.259505 0.945311 0.021094 0.019422
0 0.059896 0.066956 0.022396 0.022489
0 0.347656 0.568490 0.025000 0.023256
0 0.601953 0.070151 0.023177 0.021211
0 0.475651 0.848709 0.025260 0.021467
0 0.283724 0.607846 0.025260 0.022234
0 0.292969 0.390238 0.022396 0.021978
0 0.763802 0.822515 0.025521 0.027856
0 0.356901 0.388449 0.023698 0.023511
0 0.834505 0.683491 0.022656 0.020189
0 0.546875 0.128290 0.024479 0.020956
0 0.122396 0.850498 0.025521 0.019934
0 0.318620 0.588040 0.027344 0.020956
0 0.638542 0.166241 0.024479 0.022234
0 0.632943 0.069895 0.025260 0.021722
0 0.058594 0.849987 0.023438 0.023000
0 0.544401 0.906466 0.022656 0.019934
0 0.448177 0.962944 0.027604 0.019934
0 0.824609 0.588423 0.022135 0.021211
0 0.644141 0.962050 0.024219 0.019678
0 0.225781 0.663941 0.023958 0.021467
0 0.577865 0.664707 0.022396 0.019422
0 0.384375 0.628290 0.022917 0.022234
0 0.098958 0.165474 0.023438 0.021722
0 0.606250 0.146435 0.021875 0.021467
0 0.953125 0.825581 0.024479 0.022745
0 0.221094 0.070023 0.025521 0.019422
0 0.570182 0.867876 0.025260 0.021978
0 0.895312 0.148991 0.023438 0.020956
0 0.191797 0.590212 0.026302 0.020189
0 0.638411 0.665219 0.022135 0.020445
0 0.675130 0.943777 0.023698 0.020445
0 0.605729 0.167007 0.025000 0.020700
0 0.792448 0.608229 0.024479 0.023000
0 0.061198 0.087273 0.026042 0.022234
0 0.482812 0.684641 0.022396 0.022489
0 0.542057 0.309481 0.022656 0.022489
0 0.547656 0.387810 0.023958 0.024789
0 0.924609 0.312292 0.025260 0.026578
0 0.672266 0.683235 0.021615 0.022745
0 0.380599 0.045489 0.026302 0.023511
0 0.928255 0.644135 0.021615 0.019678
0 0.703125 0.147074 0.023958 0.022745
0 0.832943 0.665602 0.022135 0.020189
0 0.260807 0.963200 0.027344 0.019934
0 0.062630 0.567723 0.025260 0.026834
0 0.928516 0.681702 0.023177 0.020189
0 0.929036 0.700869 0.024740 0.019167
0 0.122656 0.048684 0.031250 0.022745
0 0.124740 0.088040 0.025000 0.023767
0 0.442969 0.828009 0.026042 0.025045
0 0.665755 0.070023 0.025781 0.020956
0 0.895964 0.110657 0.023177 0.018911
0 0.636719 0.847304 0.022396 0.021722
0 0.897266 0.389471 0.024740 0.021467
0 0.542708 0.348965 0.025000 0.020700
0 0.832812 0.646563 0.022396 0.023000
0 0.832943 0.427166 0.021094 0.021722
0 0.025260 0.865832 0.023958 0.021467
0 0.832161 0.165857 0.024740 0.020956
0 0.348568 0.091234 0.025260 0.021978
0 0.833203 0.407743 0.023177 0.020700
0 0.539193 0.826987 0.024219 0.022489
0 0.068359 0.426271 0.024219 0.020956
0 0.322786 0.447483 0.027865 0.019422
0 0.764844 0.347815 0.025000 0.024534
0 0.315885 0.607079 0.026042 0.022234
0 0.580990 0.428060 0.025521 0.020956
0 0.314323 0.827370 0.023438 0.023256
0 0.291667 0.409660 0.022396 0.021467
0 0.447656 0.924994 0.021875 0.020700
0 0.477474 0.091490 0.022135 0.023000
0 0.195182 0.127779 0.022135 0.019422
0 0.572526 0.568362 0.025260 0.024022
0 0.031901 0.645285 0.024740 0.020445
0 0.384766 0.924738 0.022135 0.020700
0 0.252344 0.868643 0.025000 0.019934
0 0.162891 0.409149 0.024219 0.021978
0 0.064323 0.946588 0.022396 0.020445
0 0.634245 0.088934 0.026302 0.020445
0 0.159115 0.311398 0.028125 0.025811
0 0.379948 0.587912 0.025521 0.022234
0 0.126432 0.613596 0.024219 0.018400
0 0.830599 0.146052 0.024219 0.020189
0 0.952995 0.844748 0.024219 0.020189
0 0.256641 0.705213 0.025260 0.018145
0 0.677083 0.407360 0.023958 0.021978
0 0.862109 0.646563 0.022656 0.021467
0 0.159375 0.907488 0.025000 0.021467
0 0.670833 0.310248 0.025521 0.024022
0 0.860156 0.349732 0.028125 0.020189
0 0.410286 0.867621 0.024219 0.020445
0 0.639062 0.147329 0.021354 0.019678
0 0.228385 0.447227 0.026042 0.019934
0 0.414193 0.349859 0.024740 0.022489
0 0.451302 0.629313 0.022396 0.020189
0 0.191667 0.887554 0.023958 0.020445
0 0.260807 0.428316 0.023177 0.020445
0 0.223568 0.312803 0.025781 0.029134
0 0.380469 0.608101 0.025521 0.021211
0 0.800521 0.186047 0.023958 0.019934
0 0.220964 0.868899 0.026302 0.024022
0 0.124089 0.868771 0.022656 0.022234
0 0.194922 0.185024 0.025260 0.019422
0 0.420443 0.684002 0.024219 0.020700
0 0.386198 0.684130 0.021875 0.019934
0 0.793880 0.088168 0.026823 0.025556
0 0.443490 0.092384 0.024479 0.022234
0 0.194792 0.646946 0.023438 0.021722
0 0.348438 0.608485 0.025521 0.023511
0 0.061979 0.349093 0.024479 0.020956
0 0.062109 0.330054 0.023698 0.021211
0 0.769792 0.407616 0.020833 0.019934
0 0.861849 0.626885 0.022656 0.021467
0 0.162109 0.447099 0.026823 0.020700
0 0.221094 0.088551 0.025521 0.021722
0 0.666667 0.088807 0.025000 0.021722
0 0.733073 0.826859 0.024479 0.022234
0 0.513932 0.425760 0.024219 0.022489
0 0.091797 0.046512 0.023177 0.025556
0 0.579688 0.388832 0.022917 0.021722
0 0.889323 0.825326 0.025000 0.025300
0 0.126693 0.585868 0.022656 0.018656
0 0.730078 0.049578 0.023698 0.024534
0 0.609375 0.906721 0.022396 0.023000
0 0.800651 0.387043 0.023177 0.021211
0 0.289974 0.185024 0.023698 0.018911
0 0.546875 0.701763 0.025521 0.020956
0 0.792448 0.846537 0.025000 0.020700
0 0.834245 0.700869 0.023177 0.018145
0 0.920703 0.861998 0.026823 0.023511
0 0.667448 0.049706 0.027083 0.025811
0 0.385156 0.647713 0.023438 0.021722
0 0.889323 0.864298 0.025000 0.023000
0 0.064583 0.926655 0.024479 0.022489
0 0.159766 0.967544 0.028906 0.017889
0 0.606380 0.702658 0.026302 0.020700
0 0.347526 0.588807 0.023698 0.020956
0 0.514844 0.702658 0.026562 0.021211
0 0.831641 0.110273 0.023698 0.020189
0 0.100651 0.445694 0.025781 0.019422
0 0.766276 0.684002 0.021615 0.019678
0 0.067839 0.445311 0.027344 0.021211
0 0.636719 0.868515 0.024479 0.022234
0 0.507161 0.848965 0.026302 0.020445
0 0.451302 0.444544 0.025521 0.019167
0 0.862760 0.664707 0.022396 0.019422
0 0.445833 0.609123 0.022917 0.023256
0 0.285026 0.589062 0.025781 0.018911
0 0.894922 0.683619 0.023698 0.021978
0 0.355339 0.942755 0.021615 0.021467
0 0.734375 0.349604 0.029167 0.021978
0 0.897396 0.427166 0.020313 0.020189
0 0.792188 0.825837 0.022917 0.022234
0 0.510156 0.092001 0.026042 0.023000
0 0.921354 0.605418 0.025521 0.023000
0 0.770833 0.920905 0.022917 0.022234
0 0.191276 0.609762 0.025781 0.021978
0 0.419010 0.445055 0.024479 0.019678
0 0.477734 0.050345 0.025260 0.022489
0 0.891276 0.352798 0.024219 0.022745
0 0.410026 0.827754 0.025260 0.023000
0 0.930339 0.409277 0.021615 0.020189
0 0.632552 0.589829 0.025000 0.021978
0 0.130990 0.427677 0.024479 0.021211
0 0.639062 0.332098 0.024479 0.021211
0 0.674479 0.962561 0.025000 0.018656
0 0.794531 0.348837 0.027083 0.024022
0 0.480469 0.963583 0.024479 0.020189
0 0.539062 0.866982 0.026562 0.025300
0 0.573047 0.071556 0.025260 0.019422
0 0.764193 0.865065 0.025260 0.021467
0 0.733854 0.127651 0.022396 0.022745
0 0.830859 0.922821 0.023698 0.021978
0 0.770833 0.940838 0.020833 0.020189
0 0.160156 0.948761 0.023438 0.021722
0 0.572917 0.090084 0.023958 0.021211
0 0.766146 0.166496 0.022917 0.020700
0 0.603516 0.867749 0.025781 0.018656
0 0.193880 0.166752 0.023698 0.021722
0 0.547135 0.147329 0.024479 0.021211
0 0.128646 0.567212 0.025521 0.024278
0 0.952734 0.606057 0.023698 0.020189
0 0.762760 0.049323 0.030208 0.026067
0 0.225391 0.165857 0.023177 0.023000
0 0.161589 0.427805 0.024740 0.020445
0 0.605859 0.349348 0.026823 0.027089
0 0.194141 0.685791 0.023698 0.021722
0 0.638932 0.127651 0.022656 0.023767
0 0.959635 0.663557 0.024479 0.022234
0 0.571745 0.827626 0.022656 0.022234
0 0.638932 0.185024 0.026302 0.019422
0 0.282161 0.848071 0.026302 0.021211
0 0.291276 0.146179 0.024219 0.023000
0 0.188151 0.866215 0.024219 0.024278
0 0.132292 0.406849 0.022396 0.023511
0 0.409505 0.848582 0.024740 0.020700
0 0.031250 0.925760 0.025000 0.020700
0 0.415365 0.944927 0.022917 0.021211
0 0.511849 0.906977 0.022656 0.021978
0 0.197526 0.389599 0.023698 0.022745
0 0.413021 0.568234 0.025521 0.022234
0 0.825130 0.608485 0.023698 0.022489
0 0.895833 0.941094 0.022396 0.020189
0 0.189193 0.049067 0.028906 0.023511
0 0.707812 0.427805 0.021875 0.021467
0 0.896354 0.921799 0.022396 0.020445
0 0.155469 0.867237 0.026042 0.023767
0 0.732031 0.146818 0.023958 0.021211
0 0.705599 0.942244 0.022135 0.020956
0 0.128516 0.126501 0.024740 0.021978
0 0.677344 0.446461 0.025521 0.020445
0 0.767188 0.184641 0.025000 0.019167
0 0.353255 0.126757 0.022135 0.020956
0 0.100391 0.407616 0.023177 0.021467
0 0.798568 0.682341 0.022656 0.021467
0 0.416276 0.167135 0.024740 0.021467
0 0.094271 0.588551 0.022396 0.021467
0 0.545052 0.945438 0.024479 0.021722
0 0.289974 0.166113 0.022135 0.021978
0 0.706641 0.388449 0.025781 0.021978
0 0.898438 0.408127 0.022396 0.021978
0 0.187370 0.828904 0.024219 0.023767
0 0.095443 0.349987 0.026823 0.024789
0 0.863672 0.683746 0.021615 0.021211
0 0.126302 0.307692 0.024479 0.020445
0 0.929427 0.389088 0.022917 0.023767
0 0.858594 0.332481 0.027604 0.017889
0 0.028255 0.607973 0.022656 0.024534
0 0.379557 0.867110 0.024740 0.018911
0 0.791927 0.589062 0.023958 0.017378
0 0.225391 0.146946 0.023177 0.020445
0 0.633724 0.609890 0.022656 0.022745
0 0.285417 0.086379 0.027604 0.023000
0 0.289453 0.683874 0.022135 0.020445
0 0.131380 0.905827 0.024219 0.019678
0 0.610156 0.962305 0.023438 0.017634
0 0.388542 0.390493 0.022396 0.021467
0 0.703385 0.167007 0.024479 0.020700
0 0.643880 0.427933 0.022135 0.020189
0 0.250651 0.608229 0.025260 0.022489
0 0.708854 0.445183 0.026042 0.020445
0 0.032943 0.627268 0.025260 0.018656
0 0.195052 0.109251 0.023958 0.020700
0 0.257422 0.166113 0.022135 0.020445
0 0.290495 0.946333 0.022656 0.019934
0 0.893750 0.663174 0.023958 0.021467
0 0.955339 0.092640 0.024219 0.023256
0 0.095964 0.946333 0.021094 0.019934
0 0.322135 0.371965 0.023438 0.019678
0 0.514193 0.683491 0.023698 0.021211
0 0.484375 0.146435 0.021875 0.020445
0 0.856901 0.568362 0.024740 0.024534
0 0.673047 0.703041 0.025260 0.019422
0 0.866797 0.444288 0.023698 0.018145
0 0.099089 0.127013 0.022656 0.021978
0 0.229557 0.389471 0.023177 0.019422
0 0.227604 0.964222 0.027083 0.019422
0 0.514714 0.185280 0.026302 0.018911
0 0.737760 0.387810 0.022396 0.021722
0 0.319792 0.352543 0.025000 0.022745
0 0.066536 0.368515 0.024219 0.019422
0 0.414583 0.607718 0.026562 0.021467
0 0.482161 0.664835 0.020052 0.019678
0 0.384766 0.666113 0.021615 0.019678
0 0.289062 0.926783 0.022396 0.022234
0 0.508073 0.589062 0.024479 0.018911
0 0.099089 0.183363 0.026823 0.020189
0 0.225651 0.108229 0.022135 0.020189
0 0.415365 0.925505 0.023958 0.020189
0 0.672005 0.184513 0.023177 0.018400
0 0.164323 0.646179 0.021875 0.021722
0 0.698438 0.048428 0.026042 0.024789
0 0.895312 0.902377 0.021875 0.020956
0 0.766016 0.665985 0.022135 0.021467
0 0.609115 0.945055 0.021354 0.019422
0 0.258464 0.108485 0.024219 0.020700
0 0.352344 0.311398 0.026562 0.025300
0 0.288932 0.645413 0.023177 0.023767
0 0.577995 0.702274 0.024740 0.020445
0 0.418750 0.387810 0.024479 0.020700
0 0.194922 0.705086 0.023698 0.020445
0 0.952604 0.566573 0.024479 0.024022
0 0.607031 0.684385 0.025000 0.019934
0 0.735026 0.684130 0.023177 0.019422
0 0.191667 0.310376 0.026562 0.022745
0 0.388932 0.446077 0.026302 0.019678
0 0.540495 0.050984 0.027865 0.024789
0 0.158984 0.888321 0.023177 0.018911
0 0.379427 0.827243 0.027083 0.022489
0 0.607812 0.886404 0.023958 0.020700
0 0.260417 0.410171 0.023438 0.019934
0 0.252214 0.587273 0.024740 0.023511
0 0.099740 0.388832 0.023958 0.021722
0 0.891276 0.050473 0.026302 0.024278
0 0.506901 0.567723 0.024740 0.024278
0 0.066406 0.701124 0.025000 0.020189
0 0.575911 0.627907 0.022656 0.020956
0 0.157943 0.088040 0.028906 0.024278
0 0.891927 0.088551 0.028125 0.027856
0 0.452604 0.701763 0.024479 0.019934
0 0.320703 0.108996 0.022656 0.020189
0 0.580078 0.186047 0.022135 0.018911
0 0.065234 0.165730 0.024219 0.022234
0 0.771094 0.883338 0.023438 0.019167
0 0.287109 0.312037 0.027344 0.025556
0 0.642839 0.925249 0.021615 0.019678
0 0.602214 0.826604 0.026302 0.024278
0 0.801953 0.445183 0.024740 0.020445
0 0.737891 0.369410 0.022135 0.019167
0 0.257812 0.312292 0.026562 0.027600
0 0.707552 0.369410 0.024479 0.021211
0 0.348568 0.864682 0.023698 0.024789
0 0.576953 0.963072 0.027865 0.020189
0 0.739193 0.903271 0.021615 0.022745
0 0.607161 0.184896 0.025781 0.020189
0 0.418750 0.425888 0.022396 0.019678
0 0.605990 0.127140 0.022917 0.019678
0 0.228255 0.408255 0.022656 0.022234
0 0.856901 0.826859 0.024740 0.023767
0 0.064844 0.682980 0.021875 0.019678
0 0.513151 0.626757 0.025260 0.020700
0 0.164193 0.685280 0.022135 0.021211
0 0.798438 0.146818 0.023958 0.018656
0 0.194922 0.146818 0.023177 0.022234
0 0.704688 0.184769 0.022917 0.019422
0 0.354297 0.885638 0.022656 0.019678
0 0.250911 0.566317 0.024740 0.020445
0 0.411849 0.051495 0.024740 0.025811
0 0.579948 0.408638 0.022396 0.022489
0 0.252083 0.049834 0.028125 0.025045
0 0.673047 0.647329 0.024219 0.023511
0 0.061589 0.605801 0.025260 0.023256
0 0.256510 0.664707 0.022396 0.021467
0 0.601562 0.050728 0.025521 0.025811
0 0.198307 0.426527 0.024219 0.020956
0 0.483854 0.166496 0.021875 0.022234
0 0.283333 0.567595 0.023958 0.026067
0 0.672396 0.166880 0.023958 0.020956
0 0.863542 0.921544 0.022917 0.019934
0 0.600000 0.609123 0.026562 0.022234
0 0.323047 0.409405 0.021094 0.022489
0 0.572656 0.050728 0.025521 0.025811
0 0.896875 0.185024 0.026042 0.019422
0 0.478906 0.348198 0.023958 0.022745
0 0.703906 0.108101 0.022917 0.018400
0 0.475521 0.589957 0.022917 0.024789
0 0.481771 0.907743 0.020833 0.023511
0 0.791927 0.865193 0.023958 0.020700
0 0.158594 0.569640 0.024479 0.023511
0 0.287760 0.351904 0.025521 0.020956
0 0.025911 0.828776 0.025781 0.024534
0 0.057943 0.827626 0.024219 0.025300
0 0.097005 0.927421 0.022656 0.021978
0 0.644661 0.943138 0.022656 0.019167
0 0.734245 0.183746 0.024740 0.018911
0 0.858854 0.862637 0.027604 0.021722
0 0.577214 0.943649 0.026302 0.019167
0 0.158073 0.927805 0.022396 0.022234
0 0.100260 0.369921 0.023438 0.021722
0 0.158464 0.606823 0.025260 0.025811
0 0.129297 0.146818 0.022656 0.022234
0 0.889062 0.845643 0.022917 0.017889
0 0.579557 0.369793 0.023698 0.019934
0 0.257943 0.350882 0.028385 0.025045
0 0.766797 0.110018 0.023698 0.020700
0 0.415104 0.963838 0.026562 0.019678
0 0.251172 0.848965 0.023698 0.020956
0 0.454036 0.146946 0.024740 0.020445
0 0.863802 0.941222 0.020833 0.019934
0 0.672005 0.665474 0.021615 0.016356
0 0.291016 0.126885 0.022135 0.020189
0 0.258854 0.146435 0.025000 0.023000
0 0.926693 0.883721 0.024219 0.021978
0 0.699349 0.609635 0.026823 0.020700
0 0.098958 0.146435 0.022396 0.019422
0 0.322396 0.963583 0.025521 0.018656
0 0.321745 0.429210 0.021615 0.020700
0 0.386589 0.127779 0.024219 0.020956
0 0.793620 0.050345 0.026302 0.025045
0 0.639453 0.702786 0.026302 0.019934
0 0.321094 0.184002 0.026042 0.021467
0 0.737500 0.408255 0.020313 0.023767
0 0.258333 0.906849 0.022396 0.022745
0 0.929557 0.129824 0.022135 0.021467
0 0.703776 0.682852 0.022656 0.020445
0 0.792318 0.569384 0.025260 0.024022
0 0.129427 0.967544 0.026042 0.017889
0 0.857161 0.588551 0.026302 0.019422
0 0.544792 0.646691 0.023438 0.021722
0 0.163281 0.388193 0.022917 0.024534
0 0.769661 0.388193 0.023177 0.020445
0 0.478906 0.309992 0.024479 0.023511
0 0.386589 0.702786 0.028385 0.020956
0 0.067839 0.106440 0.023177 0.020700
0 0.765365 0.310376 0.024479 0.024789
0 0.131901 0.666241 0.026302 0.020445
0 0.034245 0.163941 0.023698 0.021722
0 0.515365 0.387938 0.023438 0.020445
0 0.386198 0.943522 0.022917 0.021467
0 0.545312 0.963327 0.026042 0.018656
0 0.930208 0.369154 0.023958 0.019678
0 0.317318 0.050089 0.026823 0.026578
0 0.320052 0.904421 0.022917 0.019422
0 0.131380 0.631101 0.021615 0.019167
0 0.515365 0.446716 0.027083 0.021467
0 0.639714 0.310503 0.025781 0.025045
0 0.221745 0.567723 0.027865 0.023767
0 0.094271 0.607335 0.022396 0.021722
0 0.259766 0.389343 0.023698 0.025300
0 0.701953 0.848454 0.025260 0.017889
0 0.256641 0.645796 0.023177 0.020956
0 0.962891 0.408766 0.022656 0.022234
0 0.643359 0.387938 0.022656 0.020956
0 0.546875 0.427294 0.024479 0.017378
0 0.887630 0.604779 0.025260 0.024789
0 0.672266 0.349476 0.023177 0.021722
0 0.452344 0.648224 0.022396 0.020189
0 0.578906 0.109123 0.023958 0.020956
0 0.191146 0.088295 0.029687 0.026323
0 0.962891 0.387427 0.024219 0.024022
0 0.605599 0.311270 0.024219 0.025045
0 0.195443 0.666752 0.026302 0.019422
0 0.291406 0.964733 0.027083 0.019934
0 0.770573 0.445694 0.025000 0.019422
0 0.317969 0.087018 0.025521 0.024789
0 0.826432 0.049962 0.026302 0.025300
0 0.510026 0.310759 0.025781 0.024022
0 0.798568 0.942244 0.020573 0.020445
0 0.354948 0.962561 0.026042 0.020700
0 0.452214 0.683746 0.019531 0.020189
0 0.258203 0.184002 0.022656 0.019422
0 0.958724 0.682852 0.024219 0.019934
0 0.862891 0.903016 0.022135 0.019167
0 0.703125 0.665474 0.021875 0.019422
0 0.420312 0.627651 0.023958 0.020445
0 0.955339 0.311781 0.024219 0.027089
0 0.826302 0.312548 0.022917 0.025556
0 0.735807 0.703552 0.024219 0.019422
0 0.128125 0.107590 0.023438 0.018911
0 0.064323 0.906082 0.022396 0.022234
0 0.161849 0.147329 0.022656 0.023256
0 0.861849 0.883976 0.022656 0.020956
0 0.862891 0.149629 0.022656 0.021722
0 0.096224 0.907360 0.022656 0.021211
0 0.481120 0.427549 0.021615 0.020956
0 0.090755 0.827881 0.025260 0.021722
0 0.830469 0.902760 0.021875 0.019678
0 0.192969 0.964222 0.025000 0.018400
0 0.953255 0.864810 0.022656 0.022489
0 0.446745 0.885510 0.022656 0.022489
0 0.289062 0.906721 0.022917 0.019934
0 0.670443 0.107846 0.024219 0.018911
0 0.322396 0.147329 0.026042 0.022234
0 0.160547 0.107846 0.024219 0.020445
0 0.614193 0.425760 0.022656 0.020445
0 0.127995 0.948633 0.021094 0.021978
0 0.064714 0.965500 0.025781 0.019422
0 0.260286 0.447099 0.026302 0.019167
0 0.702995 0.310759 0.026823 0.025045
0 0.576302 0.907105 0.023958 0.023767
0 0.895312 0.166880 0.022917 0.020445
0 0.036719 0.445949 0.025000 0.020445
0 0.131641 0.386660 0.022656 0.019422
0 0.544271 0.887554 0.022396 0.018911
0 0.154688 0.828648 0.027604 0.022745
0 0.220833 0.587784 0.025000 0.021467
0 0.832161 0.388065 0.023698 0.022745
0 0.863151 0.167519 0.021615 0.018656
0 0.670833 0.126885 0.024479 0.021722
0 0.514844 0.664835 0.022917 0.018656
0 0.483594 0.129057 0.021875 0.017889
0 0.703646 0.702147 0.024479 0.019678
0 0.421745 0.702147 0.025781 0.020189
0 0.614583 0.406466 0.021354 0.017634
0 0.385417 0.352287 0.025521 0.018656
0 0.225911 0.349604 0.026823 0.025556
0 0.321094 0.945055 0.022396 0.020956
0 0.770312 0.901354 0.022917 0.018911
0 0.225651 0.645285 0.021615 0.017889
0 0.388411 0.145924 0.024740 0.020956
0 0.703776 0.127268 0.023177 0.022489
0 0.897396 0.370943 0.022917 0.018656
0 0.510547 0.347304 0.027344 0.023511
0 0.415885 0.904932 0.021875 0.021978
0 0.831901 0.128418 0.022656 0.018145
0 0.515625 0.406082 0.022396 0.019422
0 0.420833 0.665474 0.020833 0.020956
0 0.703646 0.867237 0.021354 0.023256
0 0.927865 0.662407 0.020833 0.019422
0 0.251823 0.069640 0.023438 0.018656
0 0.864844 0.702658 0.026042 0.020189
0 0.604427 0.646946 0.023958 0.019678
0 0.220443 0.607462 0.025260 0.018911
0 0.127734 0.926399 0.022656 0.024534
0 0.156901 0.049451 0.026302 0.026834
0 0.228516 0.427933 0.022656 0.020700
0 0.733724 0.866599 0.024219 0.021978
0 0.322396 0.627013 0.023438 0.021722
0 0.420443 0.646946 0.023177 0.018145
0 0.675000 0.924099 0.023438 0.020956
0 0.963542 0.427166 0.022396 0.020700
0 0.827474 0.348582 0.026823 0.026578
0 0.163932 0.703808 0.024219 0.018911
0 0.702865 0.628290 0.023438 0.021722
0 0.825000 0.567851 0.023958 0.024022
0 0.798307 0.109379 0.023698 0.019422
0 0.197266 0.408638 0.023698 0.018911
0 0.447917 0.905188 0.022396 0.018911
0 0.388672 0.370943 0.023177 0.020700
0 0.865495 0.185280 0.024219 0.018400
0 0.931250 0.427294 0.021875 0.018911
0 0.579948 0.148863 0.022396 0.021211
0 0.131641 0.648224 0.022656 0.018145
0 0.638542 0.683746 0.022917 0.020189
0 0.704557 0.344876 0.027344 0.027345
0 0.960417 0.901099 0.021354 0.019422
0 0.447656 0.944672 0.022917 0.019678
0 0.354297 0.703552 0.024219 0.019422
0 0.798047 0.128290 0.023177 0.020956
0 0.224870 0.127779 0.023698 0.022489
0 0.096224 0.965372 0.027865 0.021211
0 0.483203 0.704063 0.023177 0.019422
0 0.347266 0.049195 0.024219 0.019678
0 0.575130 0.926016 0.024219 0.018656
0 0.738542 0.446205 0.024479 0.020445
0 0.545312 0.626374 0.022917 0.020445
0 0.453385 0.184641 0.027083 0.021211
0 0.283464 0.049706 0.026302 0.024278
0 0.922917 0.349348 0.026562 0.024022
0 0.829948 0.883721 0.022396 0.021978
0 0.674740 0.906593 0.020313 0.017634
0 0.100651 0.664324 0.020052 0.018145
0 0.479167 0.329798 0.022917 0.018145
0 0.094792 0.087401 0.026042 0.023511
0 0.226302 0.926271 0.023438 0.019678
0 0.574219 0.349348 0.024479 0.021978
0 0.388542 0.429338 0.021875 0.016867
0 0.963021 0.445694 0.025000 0.020956
0 0.760807 0.569001 0.023698 0.023256
0 0.707292 0.922566 0.021875 0.021978
0 0.577474 0.683108 0.021615 0.020445
0 0.474479 0.869282 0.025000 0.023256
0 0.926042 0.921799 0.025521 0.019422
0 0.632943 0.568745 0.023698 0.021211
0 0.035807 0.388065 0.021094 0.022745
0 0.067057 0.388065 0.024740 0.023256
0 0.734245 0.646307 0.022135 0.020956
0 0.031641 0.965372 0.025260 0.021722
0 0.615104 0.444416 0.024479 0.019422
0 0.225911 0.945183 0.021615 0.020700
0 0.383724 0.904804 0.022135 0.021211
0 0.451823 0.407488 0.022396 0.020700
0 0.897656 0.445566 0.023958 0.018656
0 0.886719 0.568106 0.023438 0.024534
0 0.356901 0.446972 0.025260 0.018911
0 0.292057 0.370176 0.023177 0.020189
0 0.635026 0.049706 0.025260 0.023256
0 0.163411 0.665602 0.020052 0.019678
0 0.099089 0.701124 0.026302 0.019167
0 0.799479 0.645285 0.021875 0.020445
0 0.865104 0.388321 0.022917 0.020700
0 0.158333 0.348837 0.026042 0.024534
0 0.451693 0.666113 0.020573 0.019167
0 0.929427 0.185791 0.025521 0.019422
0 0.226302 0.184130 0.024479 0.018656
0 0.321224 0.923588 0.022135 0.019422
0 0.798307 0.904038 0.021615 0.020700
0 0.032552 0.664068 0.022917 0.021211
0 0.386849 0.108229 0.022135 0.020700
0 0.161979 0.184513 0.027604 0.021467
0 0.319141 0.333248 0.028385 0.019422
0 0.067578 0.126374 0.024219 0.020189
0 0.063672 0.886660 0.022135 0.019167
0 0.581120 0.445822 0.027344 0.020189
0 0.259115 0.127140 0.022917 0.019167
0 0.066667 0.626501 0.021875 0.020700
0 0.576823 0.645796 0.023958 0.019934
0 0.161589 0.126885 0.022656 0.019678
0 0.604557 0.628674 0.023698 0.018400
0 0.318490 0.312803 0.025521 0.026578
0 0.830990 0.961027 0.025521 0.019167
0 0.066797 0.145157 0.023177 0.023511
0 0.798698 0.923205 0.022917 0.020189
0 0.224740 0.907871 0.022917 0.020700
0 0.643490 0.905316 0.023438 0.023256
0 0.766667 0.128546 0.022396 0.018400
0 0.513802 0.110273 0.023438 0.020189
0 0.291016 0.107973 0.022135 0.020700
0 0.228646 0.371326 0.023438 0.019934
0 0.289714 0.702274 0.024219 0.017378
0 0.735417 0.665857 0.021875 0.020700
0 0.289193 0.665346 0.022135 0.019167
0 0.737370 0.427294 0.019531 0.020445
0 0.453255 0.165219 0.022656 0.021211
0 0.225651 0.702147 0.023698 0.019678
0 0.192578 0.348454 0.028385 0.026323
0 0.033594 0.125990 0.026042 0.019934
0 0.030469 0.697036 0.024479 0.019678
0 0.833854 0.444544 0.025521 0.019678
0 0.029297 0.085868 0.023698 0.024022
0 0.638802 0.629057 0.020833 0.019678
0 0.481120 0.944672 0.021615 0.019678
0 0.099479 0.107207 0.021354 0.019678
0 0.098568 0.682469 0.021615 0.019678
0 0.927214 0.903527 0.022135 0.019167
0 0.223177 0.889854 0.027083 0.020445
0 0.739062 0.921416 0.021354 0.018145
0 0.482682 0.446716 0.025260 0.020445
0 0.544141 0.925760 0.023698 0.021722
0 0.894661 0.884488 0.023698 0.019934
0 0.512370 0.646946 0.023177 0.021722
0 0.729167 0.089318 0.023958 0.021211
0 0.352604 0.349476 0.024479 0.026834
0 0.514453 0.146946 0.021615 0.018911
0 0.096094 0.887427 0.023958 0.020700
0 0.388151 0.409916 0.020573 0.021467
0 0.547266 0.444416 0.027344 0.019422
0 0.799089 0.663813 0.021094 0.018145
0 0.258984 0.887810 0.023698 0.020445
0 0.100521 0.646179 0.022396 0.021211
0 0.066797 0.407616 0.024740 0.019422
0 0.225651 0.684385 0.021615 0.019934
0 0.729427 0.604779 0.024479 0.026323
0 0.822786 0.826987 0.025260 0.024022
0 0.920703 0.825709 0.025260 0.022489
0 0.192057 0.906849 0.023698 0.020189
0 0.738021 0.960644 0.026562 0.019422
0 0.760938 0.607462 0.022917 0.023511
0 0.643620 0.445822 0.025781 0.019678
0 0.477474 0.609123 0.023698 0.018656
0 0.252344 0.088295 0.024479 0.022234
0 0.514583 0.369026 0.025521 0.019934
0 0.831250 0.943138 0.019792 0.018656
0 0.476172 0.568106 0.024219 0.020445
0 0.769661 0.369410 0.023698 0.018656
0 0.770964 0.957705 0.024740 0.018145
0 0.895052 0.702658 0.025521 0.020189
0 0.257031 0.627013 0.023438 0.018656
0 0.798568 0.884488 0.021094 0.020445
0 0.321094 0.127013 0.022396 0.020445
0 0.352604 0.108868 0.023438 0.017889
0 0.959245 0.701252 0.026823 0.019934
0 0.415234 0.885510 0.021615 0.019422
0 0.513281 0.128546 0.024479 0.019422
0 0.548047 0.185280 0.026302 0.019422
0 0.864844 0.368515 0.022917 0.019934
0 0.321224 0.664707 0.023698 0.018400
0 0.544792 0.682085 0.022917 0.018911
0 0.893620 0.644135 0.021094 0.018145
0 0.705599 0.902888 0.023177 0.018911
0 0.824870 0.863915 0.023698 0.022234
0 0.543750 0.606568 0.029687 0.024789
0 0.733073 0.627779 0.021875 0.019678
0 0.353776 0.923716 0.022135 0.018656
0 0.033854 0.183363 0.026562 0.020700
0 0.065885 0.664452 0.021875 0.019934
0 0.604297 0.108101 0.024219 0.020445
0 0.613672 0.388065 0.021615 0.022234
0 0.547266 0.367493 0.021615 0.017378
0 0.672266 0.888321 0.024740 0.023000
0 0.729167 0.570279 0.021875 0.021722
0 0.766406 0.702019 0.024479 0.018911
0 0.764844 0.646435 0.023438 0.019167
0 0.734375 0.108485 0.024479 0.018145
0 0.321354 0.647202 0.022917 0.020189
0 0.442057 0.863915 0.026302 0.022234
0 0.128776 0.164707 0.022135 0.016611
0 0.066927 0.184258 0.021875 0.018400
0 0.029297 0.907232 0.022656 0.021978
0 0.956120 0.349604 0.026302 0.026067
0 0.643099 0.368771 0.023177 0.020445
0 0.507682 0.607590 0.024219 0.021211
0 0.482422 0.407616 0.021615 0.021978
0 0.036979 0.409405 0.023958 0.020956
0 0.384505 0.885127 0.023698 0.019678
0 0.451953 0.425760 0.020573 0.017889
0 0.737630 0.883338 0.020573 0.016611
0 0.293229 0.447099 0.025000 0.018656
0 0.029427 0.887171 0.023438 0.021211
0 0.353646 0.904804 0.023438 0.019678
0 0.258724 0.927166 0.021615 0.018911
0 0.353255 0.664324 0.022656 0.019678
0 0.799740 0.701508 0.022917 0.018911
0 0.356250 0.370687 0.021354 0.016611
0 0.451823 0.367110 0.022396 0.017634
0 0.030859 0.944799 0.022656 0.020956
0 0.347656 0.825837 0.024479 0.023767
0 0.099089 0.627140 0.022135 0.018911
0 0.575521 0.886660 0.023438 0.019167
0 0.066276 0.646179 0.021094 0.018656
0 0.195703 0.628035 0.022656 0.018145
0 0.929427 0.148479 0.021875 0.018400
0 0.321224 0.165346 0.023177 0.017378
0 0.546094 0.664835 0.021354 0.017634
0 0.507943 0.868643 0.025781 0.019934
0 0.284375 0.868515 0.022396 0.024278
0 0.451432 0.386788 0.024219 0.021211
0 0.798177 0.627524 0.023958 0.018656
0 0.483464 0.110273 0.022656 0.021722
0 0.894010 0.624712 0.020833 0.017634
0 0.451432 0.110657 0.025781 0.019934
0 0.354557 0.165219 0.024219 0.019678
0 0.035937 0.427038 0.021354 0.019422
0 0.033724 0.143113 0.023177 0.017889
0 0.703255 0.647457 0.022135 0.018145
0 0.927083 0.624968 0.023958 0.019678
0 0.638802 0.107462 0.020833 0.017122
0 0.416797 0.109507 0.024219 0.018656
0 0.380339 0.091107 0.022135 0.018145
0 0.608594 0.926144 0.021875 0.020445
0 0.959245 0.111168 0.022656 0.018400
0 0.929036 0.113340 0.024219 0.018145
0 0.510938 0.924610 0.025521 0.023511
0 0.162109 0.368643 0.022656 0.017634
0 0.419141 0.185280 0.024740 0.018911
0 0.706380 0.960644 0.023698 0.017889
0 0.352083 0.644774 0.022396 0.019422
0 0.164193 0.626757 0.020573 0.017634
0 0.864844 0.960133 0.023958 0.019422
0 0.453516 0.128290 0.026302 0.020445
0 0.126042 0.599796 0.022396 0.014822
0 0.480208 0.887427 0.022917 0.020700
0 0.514193 0.945183 0.018490 0.022234
0 0.831250 0.627268 0.020833 0.017122
0 0.958073 0.643879 0.022396 0.019678
0 0.547005 0.110912 0.025260 0.017889
0 0.224740 0.626501 0.021354 0.021211
0 0.642188 0.886660 0.021354 0.016100
0 0.706380 0.885765 0.023177 0.016867
0 0.483594 0.386404 0.021354 0.021978
0 0.799479 0.959877 0.025000 0.017889
0 0.481510 0.926144 0.021354 0.019934
0 0.604818 0.666369 0.024219 0.020700
0 0.831641 0.368387 0.022135 0.016611
0 0.958984 0.167391 0.023698 0.020956
0 0.638672 0.647329 0.021094 0.017378
0 0.128125 0.888449 0.020833 0.019678
0 0.511458 0.885382 0.024479 0.021211
0 0.320833 0.885254 0.021875 0.017889
0 0.132031 0.366854 0.021354 0.017122
0 0.612500 0.369154 0.022396 0.017122
0 0.354036 0.184130 0.024740 0.019678
0 0.352604 0.626501 0.021354 0.016611
0 0.060286 0.045873 0.028385 0.023767
0 0.287760 0.626374 0.024479 0.017889
0 0.028125 0.348071 0.023958 0.026067
0 0.765104 0.627013 0.022396 0.018145
0 0.034896 0.106696 0.023958 0.021722
0 0.959505 0.882443 0.020052 0.017378
0 0.672526 0.627524 0.021615 0.016100
0 0.932943 0.444288 0.023177 0.019167
0 0.197656 0.369410 0.022917 0.017634
0 0.481901 0.646691 0.020052 0.018145
0 0.955599 0.049067 0.026302 0.026067
0 0.261068 0.369282 0.021094 0.016867
0 0.482422 0.627651 0.021094 0.022489
0 0.032161 0.680169 0.023177 0.015589
0 0.289193 0.886532 0.020573 0.016356
0 0.028776 0.308715 0.026302 0.026578
0 0.485417 0.185535 0.025000 0.019422
0 0.033333 0.368899 0.020833 0.016611
0 0.122786 0.829798 0.022656 0.027089
0 0.483594 0.366599 0.019792 0.017122
0 0.028255 0.065040 0.025260 0.022745
0 0.960807 0.624712 0.025781 0.020700
0 0.895964 0.959622 0.024740 0.019422
0 0.963151 0.368515 0.021615 0.016356
0 0.539453 0.845515 0.022656 0.018656
0 0.960156 0.185280 0.025000 0.019934
0 0.413672 0.319065 0.025260 0.015078
0 0.513151 0.966011 0.023177 0.025556
0 0.957161 0.147202 0.026302 0.012267
0 0.960677 0.941094 0.022396 0.022234
0 0.958984 0.130974 0.020573 0.018145
0 0.380599 0.063251 0.029427 0.017122
0 0.379557 0.078201 0.024740 0.012778
0 0.027474 0.045106 0.021615 0.021211
