0 0.554453 0.819359 0.079806 0.045131
0 0.720128 0.565261 0.083995 0.045724
0 0.463404 0.616390 0.083333 0.043468
0 0.637125 0.813777 0.077601 0.044418
0 0.636243 0.712055 0.070547 0.051425
0 0.722222 0.718765 0.088183 0.052732
0 0.635472 0.764786 0.078263 0.051900
0 0.812280 0.762827 0.083113 0.049881
0 0.721781 0.815499 0.079806 0.045724
0 0.460869 0.716983 0.081349 0.042993
0 0.300265 0.572268 0.086420 0.045724
0 0.816358 0.662827 0.092152 0.046556
0 0.717703 0.611105 0.083995 0.045012
0 0.823523 0.560392 0.106041 0.053563
0 0.551257 0.772268 0.082672 0.051900
0 0.721230 0.768587 0.080467 0.043587
0 0.467262 0.569893 0.078704 0.040736
0 0.718695 0.666330 0.078483 0.050713
0 0.635692 0.862945 0.073854 0.043943
0 0.557540 0.914667 0.075838 0.040974
0 0.814594 0.711876 0.092152 0.048694
0 0.806878 0.817458 0.090829 0.054394
0 0.718034 0.858729 0.076720 0.040261
0 0.553131 0.616746 0.082451 0.047743
0 0.386574 0.868824 0.078263 0.048812
0 0.301477 0.625178 0.079586 0.044418
0 0.457672 0.762055 0.082011 0.044774
0 0.819665 0.612886 0.098765 0.046912
0 0.550595 0.717518 0.080467 0.049287
0 0.553902 0.868943 0.072972 0.047150
0 0.381834 0.573990 0.069224 0.042993
0 0.553241 0.567162 0.075617 0.035748
0 0.637566 0.664192 0.078483 0.047625
0 0.464616 0.814311 0.094136 0.045249
0 0.720128 0.908551 0.077381 0.056295
0 0.385692 0.622625 0.072531 0.035986
0 0.468254 0.863302 0.082451 0.041805
0 0.636574 0.615974 0.066799 0.047150
0 0.490631 0.162648 0.089286 0.060214
0 0.201830 0.719477 0.080026 0.051781
0 0.812500 0.866746 0.095018 0.044418
0 0.196539 0.567577 0.096781 0.051069
0 0.634590 0.912352 0.071649 0.045606
0 0.200066 0.625000 0.078263 0.043824
0 0.462081 0.667399 0.083333 0.045249
0 0.470348 0.912945 0.078263 0.036342
0 0.379078 0.157245 0.108245 0.054869
0 0.368386 0.297150 0.129630 0.061758
0 0.622354 0.229572 0.117284 0.053919
0 0.821759 0.916390 0.104277 0.051781
0 0.488095 0.230404 0.109347 0.060333
0 0.378197 0.675950 0.071208 0.051425
0 0.634590 0.568112 0.069885 0.047387
0 0.616843 0.159323 0.122575 0.054988
0 0.619599 0.369596 0.108245 0.059620
0 0.624669 0.303979 0.110009 0.053563
0 0.363536 0.365796 0.118166 0.062945
0 0.203483 0.826306 0.078924 0.048100
0 0.383157 0.918884 0.074956 0.037767
0 0.201940 0.773040 0.080688 0.039905
0 0.486332 0.367458 0.117284 0.066271
0 0.489308 0.293290 0.103395 0.059739
0 0.369158 0.227078 0.114859 0.064133
0 0.202601 0.670249 0.063933 0.036223
