0 0.826856 0.274929 0.165313 0.094901
0 0.848028 0.351841 0.145012 0.069688
0 0.833527 0.432861 0.138051 0.068555
0 0.846868 0.500567 0.138051 0.073088
0 0.840197 0.590510 0.156032 0.078470
0 0.841067 0.667280 0.145012 0.092635
0 0.828886 0.746176 0.120650 0.061190
0 0.841067 0.838244 0.145012 0.088385
0 0.839327 0.935269 0.145012 0.092635
0 0.598028 0.261898 0.118329 0.075071
0 0.599478 0.347875 0.129350 0.086119
0 0.597158 0.432861 0.129350 0.070822
0 0.599188 0.515156 0.138051 0.080737
0 0.606148 0.588244 0.120650 0.067705
0 0.594838 0.664023 0.129350 0.073088
0 0.599188 0.736402 0.147332 0.058640
0 0.602378 0.804533 0.100348 0.070822
0 0.593677 0.905241 0.172274 0.104533
0 0.362819 0.247167 0.120070 0.065439
0 0.357019 0.303258 0.131671 0.066572
0 0.350638 0.394759 0.167633 0.066572
0 0.350638 0.472663 0.122390 0.073938
0 0.343677 0.542351 0.131671 0.076204
0 0.343968 0.715156 0.118329 0.079603
0 0.339327 0.781161 0.122970 0.065439
0 0.360499 0.832861 0.120070 0.044759
0 0.125290 0.072805 0.140371 0.061190
0 0.136601 0.149008 0.136311 0.069688
0 0.125290 0.228187 0.118329 0.066572
0 0.131961 0.296742 0.127030 0.066572
0 0.122970 0.383286 0.131090 0.071955
0 0.124130 0.462323 0.125290 0.068555
0 0.124130 0.534278 0.120650 0.077620
0 0.113979 0.611615 0.136311 0.068555
0 0.126450 0.687394 0.151972 0.065439
0 0.126160 0.757082 0.129350 0.067705
0 0.126160 0.836686 0.138631 0.073938
0 0.130800 0.899858 0.133991 0.050142
0 0.127320 0.952550 0.127030 0.049008
