0 0.816847 0.245113 0.032716 0.056632
0 0.913159 0.471041 0.055801 0.058628
0 0.585389 0.189540 0.037570 0.053423
0 0.312945 0.572855 0.056614 0.053458
0 0.910374 0.411835 0.051049 0.059695
0 0.308355 0.632086 0.053931 0.059343
0 0.066498 0.468920 0.039431 0.047067
0 0.392448 0.630976 0.046477 0.061211
0 0.913335 0.582434 0.057743 0.052430
0 0.911173 0.642403 0.054618 0.060168
0 0.736891 0.472755 0.039735 0.049841
0 0.853359 0.522965 0.038732 0.053116
0 0.066710 0.525158 0.037765 0.048239
0 0.695408 0.637883 0.038216 0.054096
0 0.777058 0.470832 0.040544 0.048986
0 0.394115 0.235827 0.058695 0.060896
0 0.390748 0.753323 0.060113 0.054812
0 0.911526 0.525944 0.057311 0.052021
0 0.390604 0.694045 0.052136 0.064803
0 0.656928 0.587060 0.036480 0.047449
0 0.586570 0.244611 0.037352 0.045690
0 0.774444 0.583989 0.040908 0.049594
0 0.658019 0.702748 0.038133 0.048032
0 0.738479 0.186773 0.039666 0.052360
0 0.254188 0.521805 0.040287 0.044512
0 0.102321 0.634322 0.040937 0.046467
0 0.395454 0.295233 0.068097 0.056996
0 0.751818 0.698580 0.060622 0.054194
0 0.103101 0.748278 0.033771 0.036888
0 0.233901 0.859738 0.069600 0.050833
0 0.753980 0.808945 0.054067 0.064477
0 0.777321 0.302755 0.039582 0.052981
0 0.656785 0.640329 0.034873 0.047002
0 0.064541 0.581332 0.035438 0.052060
0 0.735483 0.528308 0.038358 0.048567
0 0.777760 0.187667 0.038266 0.046318
0 0.105612 0.467176 0.038091 0.053031
0 0.750122 0.867785 0.055679 0.052538
0 0.140252 0.807773 0.036489 0.046417
0 0.926485 0.862966 0.033083 0.038913
0 0.816783 0.182762 0.037356 0.043343
0 0.910289 0.242520 0.053533 0.058256
0 0.736076 0.580837 0.036277 0.044998
0 0.677189 0.187982 0.058573 0.049923
0 0.694452 0.415905 0.033230 0.038520
0 0.850884 0.750246 0.037846 0.050668
0 0.657667 0.758126 0.038560 0.044494
0 0.395350 0.351487 0.064612 0.058620
0 0.391105 0.178136 0.059353 0.044232
0 0.776727 0.357142 0.039078 0.048832
0 0.371014 0.858738 0.037265 0.039280
0 0.215832 0.574959 0.036940 0.047690
0 0.177159 0.521458 0.034565 0.046931
0 0.313947 0.293353 0.054458 0.058855
0 0.657980 0.357010 0.036566 0.041716
0 0.812287 0.866955 0.041358 0.050907
0 0.585826 0.414777 0.033403 0.049181
0 0.811927 0.811696 0.035376 0.050505
0 0.695036 0.582896 0.041715 0.046274
0 0.141266 0.746230 0.036633 0.043551
0 0.852456 0.576746 0.033959 0.045199
0 0.693404 0.698229 0.034993 0.051233
0 0.910636 0.354004 0.059505 0.045285
0 0.853363 0.695209 0.042071 0.048524
0 0.103153 0.577003 0.036223 0.047250
0 0.855136 0.185118 0.036739 0.043610
0 0.233020 0.293779 0.050943 0.049788
0 0.143885 0.462028 0.033682 0.036803
0 0.777797 0.243381 0.039315 0.040150
0 0.818752 0.301226 0.033073 0.047012
0 0.815201 0.699179 0.036665 0.043886
0 0.818573 0.355294 0.035929 0.053225
0 0.927117 0.809128 0.033808 0.042822
0 0.736571 0.359726 0.039012 0.049573
0 0.586303 0.473061 0.035784 0.048563
0 0.217559 0.466020 0.036991 0.049443
0 0.410917 0.860019 0.038340 0.048821
0 0.312194 0.521273 0.053228 0.049894
0 0.654998 0.812783 0.040506 0.047807
0 0.218146 0.630467 0.037081 0.044464
0 0.217233 0.519128 0.036320 0.042573
0 0.620626 0.472022 0.034258 0.039709
0 0.678237 0.245642 0.059240 0.053797
0 0.694264 0.360130 0.038729 0.048097
0 0.104936 0.693314 0.037030 0.047669
0 0.290486 0.182968 0.038450 0.046346
0 0.065455 0.692357 0.038129 0.048882
0 0.817086 0.525489 0.034311 0.041882
0 0.737725 0.245910 0.038372 0.042820
0 0.911157 0.303507 0.053508 0.048853
0 0.178657 0.749415 0.037354 0.050556
0 0.622025 0.186975 0.040169 0.048900
0 0.930569 0.184444 0.035142 0.045282
0 0.216185 0.805427 0.034255 0.049039
0 0.621065 0.299469 0.035440 0.037642
0 0.736875 0.417458 0.040115 0.051598
0 0.855593 0.246651 0.040747 0.048957
0 0.180527 0.464448 0.034027 0.044875
0 0.776765 0.530307 0.044948 0.054182
0 0.693675 0.754880 0.034633 0.048314
0 0.253110 0.576074 0.034684 0.045214
0 0.813987 0.753991 0.037719 0.041017
0 0.621705 0.415475 0.035093 0.052032
0 0.178086 0.805406 0.037702 0.053303
0 0.067824 0.408349 0.036562 0.038798
0 0.102149 0.523477 0.034849 0.044154
0 0.893210 0.810045 0.035992 0.045757
0 0.141794 0.521903 0.032246 0.049488
0 0.753028 0.751948 0.055294 0.042425
0 0.658481 0.416033 0.036501 0.050091
0 0.734430 0.631194 0.035268 0.044009
0 0.925810 0.751883 0.038372 0.051887
0 0.924657 0.696466 0.036765 0.043579
0 0.179585 0.402906 0.034548 0.036395
0 0.693744 0.806962 0.036905 0.042499
0 0.067262 0.809539 0.037103 0.048261
0 0.584701 0.358780 0.032980 0.048067
0 0.892387 0.864234 0.035535 0.047576
0 0.332504 0.177584 0.041250 0.043966
0 0.253238 0.626969 0.038200 0.039412
0 0.776844 0.414649 0.038499 0.050208
0 0.105321 0.407906 0.035764 0.036850
0 0.856044 0.300611 0.038262 0.041699
0 0.850446 0.809555 0.037952 0.046016
0 0.142346 0.578211 0.039408 0.051750
0 0.894028 0.184317 0.033908 0.047368
0 0.817556 0.582934 0.036919 0.047680
0 0.818811 0.411469 0.036169 0.049623
0 0.620305 0.241070 0.037029 0.047681
0 0.815614 0.641064 0.033307 0.049089
0 0.066926 0.746334 0.037794 0.034900
0 0.232334 0.352700 0.053400 0.041199
0 0.142277 0.635861 0.033898 0.043757
0 0.855374 0.352881 0.038116 0.043894
0 0.692873 0.474944 0.038740 0.045711
0 0.102909 0.808845 0.033629 0.048714
0 0.178263 0.690175 0.038300 0.038938
0 0.393520 0.407445 0.063217 0.042940
0 0.587136 0.585807 0.041895 0.052675
0 0.773524 0.632294 0.038391 0.038065
0 0.586795 0.530469 0.038178 0.049247
0 0.735973 0.301437 0.038342 0.045574
0 0.254091 0.465682 0.036704 0.045273
0 0.063606 0.631379 0.033154 0.038444
0 0.331243 0.237672 0.039207 0.043900
0 0.653578 0.866278 0.039242 0.040054
0 0.690384 0.857165 0.036545 0.038002
0 0.694409 0.525802 0.039073 0.042836
0 0.616659 0.754014 0.040005 0.045256
0 0.588198 0.302963 0.038923 0.048757
0 0.412101 0.806689 0.038066 0.042513
0 0.179709 0.636140 0.037434 0.050676
0 0.619947 0.352551 0.035657 0.036797
0 0.657600 0.532868 0.036936 0.050924
0 0.618631 0.531911 0.032756 0.051243
0 0.392103 0.575131 0.049843 0.048748
0 0.142940 0.404957 0.031646 0.033910
0 0.852690 0.633760 0.039470 0.054897
0 0.312902 0.408113 0.051502 0.047844
0 0.818974 0.469899 0.036519 0.048945
0 0.620381 0.580535 0.036355 0.038825
0 0.657377 0.474238 0.035449 0.044413
0 0.312619 0.466820 0.052087 0.051697
0 0.392152 0.519738 0.050222 0.048776
0 0.892995 0.694160 0.032466 0.039189
0 0.584304 0.638862 0.034216 0.044260
0 0.855528 0.412481 0.034767 0.037368
0 0.584979 0.701301 0.039571 0.048215
0 0.236161 0.687830 0.063385 0.047998
0 0.311294 0.351437 0.048013 0.044583
0 0.620952 0.698247 0.037302 0.038721
0 0.854984 0.470821 0.038714 0.039156
0 0.218962 0.749478 0.037169 0.052710
0 0.891274 0.752436 0.033997 0.045395
0 0.140800 0.686780 0.031868 0.031336
0 0.219424 0.407984 0.035696 0.040476
0 0.251151 0.805640 0.035975 0.050409
0 0.658009 0.302373 0.031798 0.045513
0 0.140178 0.861156 0.038290 0.038583
0 0.597914 0.868804 0.042089 0.041599
0 0.373159 0.810467 0.037425 0.049311
0 0.176415 0.863973 0.039504 0.038395
0 0.618533 0.641345 0.039378 0.052391
0 0.690090 0.305989 0.045043 0.048953
0 0.394996 0.464364 0.057873 0.052098
0 0.252616 0.743843 0.031553 0.032564
0 0.178142 0.573689 0.032437 0.033580
0 0.599479 0.809996 0.043755 0.040662
0 0.250187 0.407991 0.042064 0.051048
0 0.851599 0.866185 0.039221 0.047558
