0 0.843085 0.082521 0.306231 0.152040
0 0.840805 0.242687 0.297112 0.129289
0 0.848404 0.420549 0.243921 0.143373
0 0.859802 0.599494 0.280395 0.148790
0 0.854103 0.765980 0.291793 0.148790
0 0.835486 0.934272 0.329027 0.131455
0 0.465426 0.086854 0.315350 0.147707
0 0.487082 0.253160 0.344985 0.161069
0 0.476824 0.421632 0.319909 0.134706
0 0.489362 0.585229 0.349544 0.157819
0 0.480243 0.760925 0.331307 0.119177
0 0.500760 0.932105 0.272036 0.135789
0 0.167173 0.081257 0.322188 0.154568
0 0.161474 0.240520 0.315350 0.150957
0 0.155775 0.415132 0.303951 0.149874
0 0.150836 0.591730 0.298632 0.166486
0 0.157675 0.767606 0.271277 0.143373
0 0.151976 0.929397 0.282675 0.134706
