0 0.287818 0.061469 0.093238 0.097635
0 0.523005 0.936675 0.104217 0.095847
0 0.516992 0.063944 0.105437 0.092959
0 0.293133 0.268152 0.093412 0.086359
0 0.528320 0.839590 0.103346 0.084571
0 0.513419 0.644458 0.090275 0.080171
0 0.516295 0.344472 0.104740 0.086634
0 0.766992 0.147827 0.100383 0.086359
0 0.644301 0.069238 0.104566 0.102723
0 0.521000 0.441350 0.100209 0.089796
0 0.763681 0.056931 0.113280 0.088559
0 0.402928 0.529290 0.094458 0.090484
0 0.641164 0.172717 0.095155 0.087734
0 0.401795 0.429387 0.089404 0.092822
0 0.524573 0.744981 0.097595 0.085396
0 0.284942 0.360011 0.095504 0.081408
0 0.400575 0.061056 0.100906 0.092684
0 0.399704 0.163985 0.105437 0.084571
0 0.515511 0.160822 0.099686 0.083471
0 0.283374 0.166048 0.098989 0.105748
0 0.397874 0.245875 0.097246 0.076458
0 0.631143 0.339590 0.100558 0.079620
0 0.406152 0.932068 0.096375 0.086634
0 0.152056 0.389026 0.107877 0.077283
0 0.291304 0.445820 0.105089 0.077558
0 0.517341 0.529153 0.100209 0.075633
0 0.626786 0.518152 0.084873 0.072057
0 0.402231 0.334227 0.089230 0.076045
0 0.633147 0.429593 0.097246 0.080033
0 0.403799 0.623144 0.094458 0.082646
0 0.280324 0.628438 0.116591 0.084983
0 0.628878 0.706202 0.106135 0.085671
0 0.899094 0.368949 0.094109 0.091034
0 0.514639 0.254194 0.089927 0.077695
0 0.762984 0.418798 0.090972 0.092547
0 0.403799 0.827283 0.094109 0.088559
0 0.631056 0.930624 0.082259 0.090897
0 0.899617 0.147552 0.090275 0.095160
0 0.625392 0.612899 0.097769 0.092684
0 0.634367 0.256463 0.097246 0.080858
0 0.888114 0.063256 0.097944 0.076733
0 0.153538 0.307825 0.097246 0.069169
0 0.280324 0.532522 0.120774 0.082646
0 0.138637 0.686400 0.098466 0.076870
0 0.898832 0.476210 0.101255 0.091584
0 0.750174 0.623075 0.082433 0.049505
0 0.147177 0.532178 0.078947 0.058306
0 0.401272 0.719884 0.095329 0.100660
0 0.146218 0.235767 0.083304 0.060094
0 0.758104 0.534378 0.099338 0.119087
0 0.766121 0.234805 0.091321 0.071095
0 0.758975 0.784378 0.103172 0.065182
0 0.891774 0.841447 0.093412 0.071782
0 0.905019 0.256532 0.082956 0.092547
0 0.634193 0.826595 0.093412 0.076733
0 0.891948 0.679112 0.103172 0.089521
0 0.154148 0.155391 0.085570 0.064356
0 0.150052 0.460465 0.077727 0.051018
0 0.885239 0.932068 0.087313 0.072332
0 0.896305 0.583058 0.078773 0.085259
0 0.140119 0.602860 0.089927 0.047855
0 0.766033 0.323432 0.098466 0.077558
0 0.255403 0.887514 0.123562 0.100660
0 0.762809 0.939288 0.087835 0.065869
0 0.406326 0.687362 0.082433 0.042492
0 0.894824 0.769183 0.089055 0.071370
0 0.135326 0.786166 0.127396 0.096260
0 0.253921 0.783485 0.117811 0.099422
0 0.137330 0.876031 0.112583 0.098322
0 0.751917 0.700976 0.111363 0.099422
