0 0.809764 0.079616 0.108976 0.076870
0 0.814961 0.190345 0.113071 0.084191
0 0.811339 0.313544 0.114646 0.093571
0 0.821890 0.437886 0.113071 0.090597
0 0.824252 0.550789 0.120315 0.074811
0 0.816378 0.671929 0.115906 0.071837
0 0.822677 0.797186 0.111496 0.101807
0 0.821417 0.916724 0.125984 0.091512
0 0.641575 0.078586 0.104567 0.070693
0 0.637953 0.194006 0.123150 0.087394
0 0.648031 0.308968 0.114331 0.096774
0 0.652441 0.420728 0.123150 0.083276
0 0.642362 0.543468 0.123150 0.083047
0 0.644567 0.659460 0.113071 0.078014
0 0.632283 0.776481 0.131969 0.091512
0 0.639370 0.889728 0.105827 0.075040
0 0.481260 0.078129 0.115906 0.063372
0 0.476220 0.200297 0.117165 0.095859
0 0.484094 0.322466 0.119055 0.092656
0 0.478425 0.435827 0.104567 0.092427
0 0.477638 0.560055 0.114331 0.102036
0 0.476220 0.673416 0.105827 0.112331
0 0.488346 0.793526 0.133228 0.069778
0 0.479055 0.909517 0.114646 0.104095
0 0.322992 0.088538 0.128819 0.092427
0 0.313071 0.212766 0.120315 0.099748
0 0.306614 0.319835 0.124409 0.091512
0 0.319528 0.445207 0.118740 0.102951
0 0.315906 0.561084 0.088819 0.081217
0 0.316693 0.682910 0.081575 0.045756
0 0.316535 0.799359 0.115906 0.091512
0 0.328819 0.923587 0.131654 0.080073
