0 0.785671 0.081472 0.137243 0.101621
0 0.791717 0.179369 0.131197 0.104687
0 0.790206 0.269601 0.128174 0.084538
0 0.796856 0.362462 0.133011 0.095050
0 0.789299 0.460140 0.123942 0.113447
0 0.790810 0.557381 0.123337 0.081034
0 0.796856 0.648708 0.141475 0.103373
0 0.795345 0.750110 0.138452 0.099431
0 0.793833 0.843189 0.133011 0.097240
0 0.790810 0.934516 0.141475 0.091546
0 0.646312 0.077749 0.126965 0.094174
0 0.650242 0.169076 0.137243 0.088480
0 0.648428 0.264126 0.137243 0.101621
0 0.644196 0.360929 0.119105 0.093736
0 0.656590 0.455322 0.147521 0.099431
0 0.652358 0.553876 0.147521 0.095050
0 0.649335 0.644985 0.155985 0.104687
0 0.653567 0.743320 0.141475 0.096364
0 0.653869 0.833552 0.150544 0.097240
0 0.651451 0.929260 0.139661 0.095926
0 0.511487 0.076216 0.142684 0.088480
0 0.511487 0.163601 0.140266 0.099431
0 0.508464 0.255585 0.148730 0.095050
0 0.520254 0.353263 0.145707 0.100307
0 0.518138 0.447657 0.147521 0.106877
0 0.515115 0.542488 0.147521 0.098555
0 0.513603 0.635348 0.138452 0.089794
0 0.517533 0.729304 0.113664 0.091984
0 0.509371 0.828077 0.117896 0.099431
0 0.524788 0.930355 0.113664 0.096364
0 0.374244 0.077311 0.119710 0.084538
0 0.374849 0.174551 0.141475 0.090670
0 0.377872 0.262593 0.139057 0.102935
0 0.387545 0.363557 0.131802 0.098993
0 0.386034 0.454884 0.119105 0.095926
0 0.383313 0.551686 0.140266 0.095050
0 0.385429 0.649803 0.138452 0.099431
0 0.383313 0.746605 0.140266 0.095926
0 0.386638 0.843189 0.138452 0.097240
0 0.386941 0.937363 0.135429 0.097240
0 0.249698 0.081034 0.129383 0.091984
0 0.248186 0.174551 0.142080 0.095050
0 0.241536 0.269601 0.119105 0.095050
0 0.247279 0.362900 0.134220 0.094174
0 0.249698 0.459702 0.133011 0.105563
0 0.242140 0.555410 0.129988 0.087604
0 0.242745 0.648270 0.131197 0.096364
0 0.244559 0.743320 0.125151 0.098117
0 0.248791 0.840999 0.131197 0.097240
0 0.248186 0.938677 0.136034 0.102497
