0 0.179504 0.538243 0.024395 0.031548
0 0.889935 0.091239 0.025355 0.029051
0 0.920188 0.854630 0.028621 0.033818
0 0.684979 0.059578 0.024203 0.030640
0 0.182962 0.058216 0.025547 0.034725
0 0.371206 0.063777 0.038609 0.034044
0 0.890895 0.856219 0.024587 0.036995
0 0.253458 0.807876 0.025547 0.036087
0 0.787073 0.510213 0.024011 0.036314
0 0.258836 0.057195 0.024011 0.030413
0 0.306281 0.539832 0.027852 0.035633
0 0.660008 0.063323 0.023434 0.028597
0 0.735498 0.061961 0.025355 0.037676
0 0.561660 0.063890 0.024203 0.029732
0 0.179024 0.478892 0.026124 0.031321
0 0.919804 0.772015 0.028237 0.032456
0 0.207261 0.089650 0.024203 0.028143
0 0.079235 0.836927 0.025163 0.030186
0 0.257299 0.119950 0.026700 0.030640
0 0.154821 0.599864 0.024971 0.030867
0 0.181425 0.090445 0.025163 0.029732
0 0.637342 0.926464 0.024203 0.030413
0 0.660392 0.032229 0.023434 0.032229
0 0.613811 0.892079 0.024779 0.036541
0 0.082981 0.209828 0.024971 0.030640
0 0.279005 0.778143 0.027852 0.031548
0 0.131195 0.628688 0.022666 0.029505
0 0.207069 0.149115 0.025355 0.025420
0 0.208221 0.119610 0.025740 0.029959
0 0.057722 0.364730 0.023242 0.033137
0 0.082885 0.180209 0.024011 0.028597
0 0.083846 0.151384 0.026316 0.030413
0 0.916250 0.561621 0.025355 0.032910
0 0.660680 0.180549 0.025547 0.032456
0 0.205148 0.360191 0.024971 0.032683
0 0.181329 0.305039 0.023819 0.028597
0 0.109201 0.176464 0.023627 0.027009
0 0.333557 0.508738 0.026316 0.032456
0 0.278525 0.478552 0.021514 0.032910
0 0.686035 0.848048 0.026700 0.034271
0 0.278525 0.957671 0.028045 0.032456
0 0.253650 0.775760 0.024779 0.029505
0 0.891471 0.593168 0.025740 0.029732
0 0.610161 0.032229 0.022474 0.034044
0 0.157895 0.836019 0.026508 0.029278
0 0.734921 0.778711 0.024587 0.034498
0 0.889647 0.203813 0.025932 0.037676
0 0.282847 0.094757 0.023627 0.032910
0 0.130811 0.720041 0.026508 0.031548
0 0.331733 0.445188 0.025740 0.032002
0 0.661929 0.711643 0.021129 0.027916
0 0.638590 0.775420 0.024779 0.035633
0 0.380811 0.837608 0.028621 0.030640
0 0.254322 0.869496 0.026892 0.030867
0 0.458605 0.059578 0.021322 0.032456
0 0.057146 0.304812 0.024395 0.029051
0 0.332405 0.477985 0.025932 0.031321
0 0.430081 0.745461 0.024203 0.031094
0 0.383116 0.806060 0.027852 0.032456
0 0.762966 0.953586 0.028813 0.028824
0 0.083269 0.302202 0.022474 0.033818
0 0.609873 0.359850 0.026508 0.030186
0 0.129850 0.897299 0.023050 0.035179
0 0.372551 0.128007 0.037457 0.038584
0 0.305801 0.868588 0.023819 0.034952
0 0.232808 0.058897 0.025355 0.027463
0 0.785536 0.713005 0.023627 0.029278
0 0.534095 0.625057 0.023242 0.032229
0 0.132059 0.144462 0.024011 0.032456
0 0.153861 0.397299 0.023434 0.028824
0 0.080004 0.749433 0.024011 0.028597
0 0.483865 0.687472 0.023434 0.031775
0 0.181329 0.717771 0.026508 0.033364
0 0.483481 0.538811 0.024203 0.027690
0 0.866212 0.623581 0.024395 0.033364
0 0.533807 0.592941 0.023819 0.028824
0 0.587591 0.743985 0.023819 0.026782
0 0.511909 0.805266 0.023434 0.028597
0 0.332981 0.744326 0.024395 0.025193
0 0.231848 0.119383 0.021514 0.034044
0 0.373223 0.033591 0.035728 0.028597
0 0.611602 0.209147 0.028045 0.028824
0 0.661064 0.147413 0.023627 0.030186
0 0.178160 0.508965 0.025163 0.024285
0 0.155782 0.628915 0.025355 0.026782
0 0.537361 0.766568 0.027468 0.026101
0 0.206877 0.210735 0.025740 0.032910
0 0.608337 0.274058 0.025740 0.027463
0 0.918652 0.059351 0.025547 0.029278
0 0.458221 0.745688 0.027084 0.028370
0 0.586631 0.396391 0.021514 0.032456
0 0.661160 0.741829 0.023050 0.031094
0 0.587975 0.772129 0.026508 0.030413
0 0.080676 0.720154 0.023819 0.029505
0 0.332597 0.097708 0.024395 0.027463
0 0.430465 0.454267 0.024971 0.032002
0 0.253554 0.718452 0.024203 0.031548
0 0.457069 0.392419 0.023627 0.028597
0 0.130522 0.452451 0.024011 0.031548
0 0.687476 0.537676 0.024587 0.033137
0 0.737226 0.386859 0.022282 0.029278
0 0.636957 0.417839 0.024587 0.030413
0 0.459854 0.150023 0.024203 0.026782
0 0.736554 0.565592 0.021706 0.029051
0 0.383596 0.775533 0.021898 0.030867
0 0.384364 0.716409 0.023434 0.036541
0 0.483289 0.446096 0.023819 0.030640
0 0.254226 0.481276 0.024011 0.030640
0 0.433058 0.064798 0.025547 0.033818
0 0.711103 0.208920 0.024587 0.031094
0 0.537649 0.210735 0.027276 0.033364
0 0.786208 0.474921 0.023434 0.035179
0 0.383500 0.684067 0.024395 0.029051
0 0.484249 0.773831 0.023434 0.032456
0 0.204284 0.420336 0.023627 0.027690
0 0.838648 0.476963 0.026508 0.033364
0 0.371302 0.094871 0.038801 0.032229
0 0.282559 0.181684 0.026892 0.022469
0 0.710430 0.086586 0.025163 0.026101
0 0.357664 0.777576 0.024203 0.034498
0 0.432578 0.486042 0.023434 0.032456
0 0.685267 0.741148 0.024395 0.028824
0 0.280638 0.360985 0.023819 0.032456
0 0.205244 0.871766 0.021322 0.029505
0 0.206204 0.837381 0.023627 0.032456
0 0.947657 0.543123 0.027084 0.026782
0 0.840857 0.888788 0.026316 0.024966
0 0.460046 0.180095 0.024971 0.033364
0 0.206781 0.058897 0.019785 0.028824
0 0.487130 0.804471 0.023819 0.029278
0 0.863523 0.300613 0.029773 0.033818
0 0.639070 0.685769 0.023050 0.027916
0 0.708125 0.028824 0.024011 0.031321
0 0.279197 0.717544 0.025163 0.026101
0 0.359681 0.541534 0.025163 0.028143
0 0.788129 0.954607 0.025740 0.030867
0 0.539858 0.796414 0.026700 0.034044
0 0.256339 0.088289 0.023242 0.028143
0 0.203899 0.451884 0.021706 0.033591
0 0.712159 0.624376 0.021706 0.032683
0 0.815117 0.770427 0.025163 0.024739
0 0.080196 0.867000 0.026316 0.028597
0 0.638974 0.955969 0.024395 0.029505
0 0.813388 0.415002 0.024395 0.027463
0 0.512197 0.302996 0.027468 0.027236
0 0.280254 0.390831 0.023434 0.028143
0 0.761237 0.918407 0.024971 0.038357
0 0.508356 0.688153 0.018248 0.026328
0 0.559931 0.393441 0.024203 0.028824
0 0.610834 0.242170 0.023819 0.036314
0 0.358433 0.569224 0.024971 0.027690
0 0.535440 0.359623 0.024011 0.031094
0 0.483289 0.716409 0.023434 0.025647
0 0.585574 0.802429 0.026316 0.031094
0 0.917403 0.109850 0.026508 0.030867
0 0.917403 0.140490 0.025740 0.029051
0 0.891279 0.798797 0.023819 0.026101
0 0.813580 0.504653 0.024779 0.032002
0 0.107568 0.302429 0.019977 0.032002
0 0.562908 0.362347 0.025163 0.034271
0 0.105647 0.835565 0.024971 0.033818
0 0.078851 0.806514 0.024011 0.030640
0 0.205244 0.546981 0.023242 0.037222
0 0.082981 0.266568 0.026124 0.036995
0 0.737034 0.119610 0.025740 0.025420
0 0.585574 0.064231 0.019785 0.032683
0 0.132251 0.482637 0.025547 0.028824
0 0.484057 0.743985 0.025740 0.028143
0 0.634364 0.389128 0.024395 0.028370
0 0.535728 0.060145 0.021129 0.031321
0 0.864387 0.567522 0.023050 0.034725
0 0.686131 0.812755 0.026124 0.038130
0 0.637342 0.714480 0.020745 0.029505
0 0.156454 0.180890 0.024395 0.031321
0 0.945928 0.471516 0.026316 0.032910
0 0.865060 0.536428 0.024395 0.028824
0 0.814541 0.301521 0.025163 0.027463
0 0.762390 0.856559 0.026124 0.030413
0 0.105839 0.511462 0.019593 0.027463
0 0.636765 0.837267 0.022666 0.029959
0 0.660584 0.476396 0.023050 0.029051
0 0.081829 0.120177 0.019977 0.030640
0 0.636861 0.169315 0.024395 0.027236
0 0.509220 0.742964 0.023050 0.031094
0 0.683442 0.386405 0.024203 0.024285
0 0.107568 0.206537 0.020361 0.028143
0 0.105935 0.748298 0.024395 0.029505
0 0.636669 0.140604 0.023242 0.028824
0 0.232904 0.178847 0.024779 0.030413
0 0.662121 0.802769 0.021514 0.029051
0 0.207933 0.243645 0.025932 0.030640
0 0.637438 0.809010 0.022474 0.028824
0 0.737226 0.623581 0.024203 0.026101
0 0.310123 0.280527 0.026700 0.038584
0 0.761237 0.056514 0.023819 0.027690
0 0.305417 0.689287 0.026508 0.031775
0 0.484057 0.507603 0.023819 0.034271
0 0.179793 0.361099 0.023434 0.029959
0 0.661736 0.624149 0.024203 0.029505
0 0.386381 0.536995 0.024779 0.029505
0 0.588360 0.893668 0.026124 0.033818
0 0.305609 0.508171 0.026892 0.029959
0 0.685459 0.774966 0.022474 0.035179
0 0.457837 0.446777 0.021322 0.029278
0 0.661352 0.508284 0.022666 0.032910
0 0.837399 0.118248 0.023627 0.031775
0 0.332981 0.124262 0.025547 0.028370
0 0.890511 0.501702 0.026892 0.027463
0 0.611410 0.390944 0.023434 0.032002
0 0.636765 0.061053 0.023050 0.029051
0 0.132155 0.179074 0.023434 0.027236
0 0.815117 0.947912 0.025547 0.027009
0 0.710526 0.360191 0.023050 0.034044
0 0.916635 0.526328 0.024971 0.031775
0 0.763062 0.209260 0.026700 0.027236
0 0.921629 0.948593 0.024587 0.031548
0 0.131291 0.778597 0.024779 0.027463
0 0.660104 0.089537 0.023242 0.024285
0 0.254706 0.627440 0.026124 0.035633
0 0.588552 0.948479 0.023434 0.032229
0 0.562044 0.623581 0.024587 0.030640
0 0.916154 0.468452 0.025547 0.029051
0 0.865732 0.742624 0.022666 0.031775
0 0.306569 0.750000 0.025740 0.033364
0 0.205340 0.749546 0.023050 0.026101
0 0.056089 0.570813 0.022282 0.027690
0 0.281022 0.060372 0.019209 0.030867
0 0.788705 0.740695 0.023434 0.026555
0 0.661640 0.773264 0.020937 0.030413
0 0.612178 0.687358 0.020361 0.032002
0 0.182290 0.627099 0.026124 0.032683
0 0.109585 0.119950 0.025547 0.027916
0 0.887630 0.468793 0.026124 0.034725
0 0.056761 0.123241 0.024779 0.033137
0 0.864579 0.172265 0.028045 0.026328
0 0.612947 0.718566 0.024203 0.032229
0 0.181137 0.901044 0.024587 0.028597
0 0.456685 0.475828 0.024395 0.027463
0 0.457357 0.536541 0.024203 0.034044
0 0.842778 0.947231 0.029389 0.028824
0 0.562332 0.272923 0.020937 0.027463
0 0.332981 0.150590 0.025163 0.028370
0 0.891760 0.713118 0.024011 0.031321
0 0.587015 0.552882 0.022666 0.034952
0 0.179504 0.419542 0.024395 0.033364
0 0.685651 0.177826 0.023242 0.035633
0 0.181905 0.872447 0.024971 0.027690
0 0.105263 0.717998 0.023434 0.028824
0 0.356416 0.745347 0.022858 0.032229
0 0.684307 0.506128 0.026316 0.029051
0 0.178640 0.449728 0.024587 0.027463
0 0.660680 0.565479 0.024779 0.025647
0 0.254322 0.841012 0.025740 0.030186
0 0.279869 0.418747 0.024971 0.023150
0 0.635997 0.360985 0.023050 0.027009
0 0.711007 0.834544 0.022090 0.037676
0 0.562620 0.213005 0.024971 0.028370
0 0.430273 0.570245 0.023434 0.027916
0 0.864003 0.507149 0.023434 0.030186
0 0.838744 0.509759 0.022474 0.029505
0 0.762678 0.823082 0.022858 0.032456
0 0.916443 0.358261 0.024971 0.031094
0 0.278717 0.810713 0.025740 0.033591
0 0.611218 0.564231 0.023434 0.035406
0 0.080964 0.446437 0.027084 0.034044
0 0.733673 0.027916 0.022474 0.029505
0 0.306377 0.780300 0.023434 0.027690
0 0.917979 0.593168 0.025740 0.027916
0 0.278333 0.842034 0.024587 0.028597
0 0.890895 0.947798 0.025740 0.028597
0 0.916443 0.388334 0.024203 0.029505
0 0.918748 0.683840 0.025355 0.033137
0 0.587015 0.833069 0.029197 0.031548
0 0.129946 0.930663 0.022090 0.030640
0 0.536208 0.301634 0.022090 0.032229
0 0.509028 0.775647 0.024971 0.027463
0 0.305225 0.898888 0.024971 0.027916
0 0.232232 0.150363 0.023434 0.025647
0 0.206589 0.390490 0.027852 0.026101
0 0.206396 0.777803 0.023242 0.027690
0 0.685267 0.570018 0.022474 0.029278
0 0.613619 0.830118 0.022090 0.025647
0 0.613427 0.772923 0.022474 0.031548
0 0.056185 0.541988 0.025932 0.032229
0 0.918940 0.622674 0.028045 0.027916
0 0.279197 0.745688 0.024779 0.029732
0 0.183154 0.836246 0.023242 0.038811
0 0.609201 0.150817 0.025163 0.031548
0 0.945448 0.569451 0.024587 0.025874
0 0.154917 0.059237 0.022474 0.027690
0 0.536016 0.091012 0.022858 0.030413
0 0.332405 0.864843 0.025163 0.029732
0 0.610834 0.180436 0.027660 0.028597
0 0.331252 0.567975 0.024395 0.032456
0 0.253650 0.927939 0.025932 0.025647
0 0.460814 0.119950 0.024587 0.031094
0 0.129850 0.387653 0.018824 0.028143
0 0.204187 0.511916 0.021514 0.028370
0 0.384748 0.448025 0.025355 0.034044
0 0.131483 0.304925 0.020937 0.027916
0 0.560603 0.594303 0.026700 0.026555
0 0.484153 0.363141 0.022858 0.034498
0 0.612370 0.064685 0.024203 0.029959
0 0.708990 0.057876 0.022666 0.026782
0 0.181329 0.773945 0.025355 0.027236
0 0.155013 0.089197 0.023819 0.031775
0 0.331637 0.956537 0.026316 0.032456
0 0.811948 0.175216 0.024587 0.024512
0 0.563100 0.122333 0.027468 0.029959
0 0.612082 0.093282 0.025163 0.029959
0 0.305609 0.475715 0.026508 0.036314
0 0.787841 0.802996 0.025163 0.033591
0 0.331925 0.621879 0.020361 0.030413
0 0.510277 0.445302 0.024395 0.027236
0 0.735594 0.093395 0.022858 0.026555
0 0.384172 0.505561 0.020361 0.030640
0 0.536208 0.270313 0.021706 0.029051
0 0.737226 0.211643 0.022282 0.025647
0 0.131579 0.511916 0.023434 0.027463
0 0.181233 0.210622 0.023627 0.034498
0 0.180849 0.390831 0.020553 0.025874
0 0.155302 0.207331 0.022858 0.024739
0 0.920572 0.887426 0.026700 0.028597
0 0.458029 0.806287 0.025932 0.030186
0 0.920572 0.917612 0.026316 0.030413
0 0.736074 0.537222 0.023819 0.026328
0 0.734345 0.746482 0.021898 0.024966
0 0.253746 0.900250 0.028429 0.031094
0 0.205724 0.178393 0.019977 0.028597
0 0.384940 0.920903 0.026508 0.029278
0 0.253458 0.511008 0.025547 0.027916
0 0.611794 0.503064 0.022282 0.027916
0 0.611890 0.532342 0.023627 0.026101
0 0.613715 0.924762 0.021898 0.029278
0 0.510181 0.953813 0.031886 0.035179
0 0.155398 0.775647 0.021514 0.030640
0 0.533903 0.475261 0.027468 0.032229
0 0.737034 0.468112 0.023819 0.031548
0 0.205628 0.602360 0.024779 0.026328
0 0.431809 0.922152 0.025355 0.027690
0 0.711391 0.179528 0.025163 0.027236
0 0.057338 0.508171 0.024779 0.031775
0 0.360161 0.512710 0.023050 0.030867
0 0.893200 0.238198 0.026124 0.029732
0 0.561660 0.563436 0.023819 0.031094
0 0.107376 0.483545 0.025355 0.024739
0 0.305897 0.807762 0.025163 0.025420
0 0.430657 0.597708 0.023434 0.025193
0 0.760853 0.467998 0.024203 0.028597
0 0.180273 0.275987 0.024395 0.028143
0 0.953035 0.092941 0.035152 0.030640
0 0.155398 0.364843 0.026892 0.035179
0 0.812812 0.148320 0.022858 0.027916
0 0.891375 0.769859 0.022474 0.029505
0 0.281790 0.124830 0.020745 0.026328
0 0.685171 0.473218 0.023050 0.026782
0 0.788225 0.772129 0.022858 0.030867
0 0.278621 0.574330 0.024011 0.034725
0 0.509220 0.714480 0.019977 0.025874
0 0.949097 0.715275 0.024971 0.033364
0 0.306857 0.719814 0.027084 0.031094
0 0.661256 0.211076 0.025932 0.023604
0 0.332021 0.806400 0.028237 0.027236
0 0.130330 0.688379 0.024395 0.031321
0 0.332405 0.070926 0.021322 0.027009
0 0.684883 0.087494 0.022858 0.022469
0 0.359585 0.483659 0.024587 0.028143
0 0.840473 0.772583 0.025547 0.029051
0 0.919228 0.029051 0.025932 0.032229
0 0.252113 0.956083 0.021322 0.029278
0 0.562236 0.091239 0.025740 0.024966
0 0.736842 0.595325 0.021898 0.030413
0 0.231848 0.088856 0.022282 0.025193
0 0.279869 0.445869 0.023819 0.030640
0 0.945832 0.517476 0.025740 0.027236
0 0.205628 0.576146 0.025547 0.021562
0 0.280542 0.302429 0.024011 0.033364
0 0.561564 0.031548 0.022474 0.034044
0 0.709278 0.471743 0.022090 0.027916
0 0.762870 0.271221 0.024395 0.030867
0 0.841817 0.802882 0.026316 0.031548
0 0.384940 0.953813 0.027660 0.033364
0 0.761909 0.793350 0.021706 0.024739
0 0.456396 0.714253 0.021514 0.027690
0 0.483481 0.569564 0.023819 0.028824
0 0.254322 0.535747 0.026508 0.020654
0 0.709374 0.391398 0.023434 0.028370
0 0.563388 0.153427 0.026508 0.029505
0 0.684211 0.414889 0.022282 0.026782
0 0.082213 0.895597 0.028429 0.028597
0 0.536400 0.122220 0.024011 0.031094
0 0.080772 0.571266 0.022474 0.029505
0 0.432290 0.194961 0.026316 0.036768
0 0.635613 0.534498 0.023434 0.026782
0 0.433442 0.282569 0.022858 0.027690
0 0.155302 0.890490 0.024395 0.027463
0 0.737418 0.180663 0.023819 0.036768
0 0.636765 0.114957 0.024203 0.023377
0 0.229831 0.740695 0.022858 0.029732
0 0.130715 0.751135 0.022090 0.028370
0 0.055513 0.626192 0.023434 0.033591
0 0.253842 0.747503 0.022858 0.027009
0 0.917499 0.741716 0.024011 0.030867
0 0.131387 0.833636 0.023434 0.026782
0 0.458413 0.859510 0.028237 0.032683
0 0.560027 0.420109 0.025163 0.023604
0 0.279581 0.927031 0.023627 0.027463
0 0.306665 0.102587 0.024011 0.030867
0 0.787265 0.267817 0.025547 0.028143
0 0.813773 0.711416 0.021322 0.032002
0 0.456781 0.686677 0.019209 0.028824
0 0.257299 0.148207 0.025163 0.028597
0 0.638110 0.742510 0.023434 0.027463
0 0.130234 0.087381 0.023050 0.026328
0 0.431233 0.539832 0.024971 0.036087
0 0.228967 0.451543 0.021514 0.034271
0 0.508740 0.385837 0.022090 0.028597
0 0.081060 0.360872 0.026124 0.029959
0 0.180849 0.244326 0.022858 0.030186
0 0.864291 0.684181 0.020553 0.032002
0 0.484057 0.599750 0.023819 0.030640
0 0.156454 0.300386 0.021322 0.037449
0 0.919132 0.169542 0.026508 0.029505
0 0.131675 0.273831 0.024011 0.031094
0 0.761429 0.179982 0.023819 0.031321
0 0.229447 0.418293 0.020553 0.026328
0 0.610065 0.120971 0.023050 0.025420
0 0.562236 0.304017 0.024971 0.032910
0 0.709662 0.120858 0.025163 0.032002
0 0.837591 0.089197 0.023627 0.025874
0 0.613427 0.803109 0.021706 0.025647
0 0.838264 0.744439 0.022282 0.031775
0 0.252689 0.450749 0.020553 0.027690
0 0.106992 0.452678 0.023434 0.033818
0 0.254994 0.209941 0.024395 0.029959
0 0.252017 0.563663 0.021129 0.028370
0 0.563196 0.536882 0.024971 0.023377
0 0.056089 0.270994 0.025355 0.034498
0 0.862947 0.116319 0.023242 0.025647
0 0.661929 0.834884 0.023434 0.033364
0 0.813292 0.856673 0.024971 0.025647
0 0.863715 0.085452 0.023242 0.032002
0 0.533615 0.417499 0.022282 0.023377
0 0.157030 0.805379 0.025932 0.030186
0 0.734057 0.717771 0.020937 0.031548
0 0.685459 0.711984 0.020937 0.028597
0 0.105359 0.689401 0.017480 0.027009
0 0.205820 0.900023 0.023242 0.028824
0 0.332789 0.895030 0.025547 0.029278
0 0.309547 0.248525 0.027468 0.030867
0 0.735882 0.494553 0.022666 0.022696
0 0.839608 0.566046 0.024587 0.029051
0 0.864867 0.025193 0.024395 0.031321
0 0.457165 0.595778 0.025740 0.024512
0 0.358433 0.627894 0.023434 0.029278
0 0.788033 0.556627 0.025163 0.044712
0 0.179793 0.958466 0.023434 0.029051
0 0.737899 0.242283 0.024395 0.031548
0 0.762101 0.084998 0.023242 0.026101
0 0.155398 0.568883 0.025740 0.028824
0 0.056281 0.597708 0.020361 0.020654
0 0.637822 0.503291 0.024395 0.025193
0 0.055705 0.152292 0.023819 0.024966
0 0.456685 0.568883 0.022858 0.029278
0 0.863619 0.233999 0.023050 0.032683
0 0.154149 0.539038 0.024779 0.029505
0 0.762486 0.359850 0.024011 0.033818
0 0.891375 0.145030 0.025547 0.027690
0 0.081156 0.539832 0.021706 0.033364
0 0.358721 0.894235 0.023627 0.024512
0 0.761237 0.391625 0.022666 0.027916
0 0.154533 0.951657 0.025547 0.034498
0 0.431329 0.625284 0.021706 0.029959
0 0.279485 0.898661 0.024587 0.026555
0 0.660488 0.446210 0.022858 0.028597
0 0.762774 0.884589 0.024971 0.022015
0 0.889935 0.561507 0.024971 0.029505
0 0.281310 0.153995 0.022858 0.031094
0 0.509412 0.060826 0.021514 0.027690
0 0.710046 0.417158 0.024779 0.022696
0 0.205340 0.805833 0.023819 0.029732
0 0.837879 0.059691 0.022666 0.032683
0 0.635805 0.029732 0.020745 0.029051
0 0.712063 0.281661 0.026124 0.032229
0 0.508740 0.355765 0.019785 0.025193
0 0.430945 0.423173 0.023627 0.026555
0 0.512486 0.832047 0.026892 0.023604
0 0.432002 0.360077 0.024203 0.029278
0 0.685075 0.442919 0.022858 0.026555
0 0.104783 0.776328 0.022090 0.023831
0 0.786400 0.182138 0.021129 0.029732
0 0.129754 0.804585 0.023242 0.024966
0 0.686035 0.230141 0.021322 0.027690
0 0.155686 0.746596 0.023627 0.025647
0 0.864195 0.055833 0.022666 0.026782
0 0.510277 0.089650 0.024779 0.026328
0 0.890127 0.063096 0.025740 0.029959
0 0.432098 0.231956 0.024779 0.033137
0 0.306089 0.131752 0.021322 0.028370
0 0.357472 0.805152 0.022666 0.024739
0 0.892624 0.622560 0.021898 0.027690
0 0.685939 0.356446 0.024587 0.030640
0 0.205244 0.689287 0.020169 0.031321
0 0.918556 0.714594 0.023434 0.028824
0 0.106896 0.267590 0.021706 0.024058
0 0.836151 0.027690 0.024203 0.030413
0 0.081060 0.478212 0.026508 0.030867
0 0.889551 0.118134 0.023434 0.026555
0 0.457645 0.361552 0.021706 0.033591
0 0.587879 0.863368 0.024395 0.029505
0 0.533999 0.562301 0.024971 0.026101
0 0.862562 0.474921 0.022090 0.032456
0 0.131675 0.239787 0.024395 0.033364
0 0.305513 0.361325 0.023627 0.029959
0 0.661640 0.538016 0.026700 0.025193
0 0.055609 0.478212 0.022858 0.027690
0 0.814157 0.742170 0.022090 0.027690
0 0.179889 0.146505 0.025932 0.026555
0 0.206396 0.926237 0.024779 0.024058
0 0.459662 0.833069 0.027660 0.022015
0 0.229255 0.803109 0.021322 0.025193
0 0.330388 0.775306 0.020361 0.029505
0 0.332405 0.538243 0.026700 0.027463
0 0.080868 0.389582 0.024203 0.028370
0 0.181809 0.747390 0.025163 0.023604
0 0.788993 0.058670 0.018632 0.030640
0 0.786496 0.394122 0.026700 0.030640
0 0.080676 0.416478 0.027660 0.023150
0 0.737995 0.270200 0.022282 0.024285
0 0.307530 0.160690 0.023050 0.028143
0 0.863235 0.202338 0.023819 0.030186
0 0.946024 0.441330 0.024203 0.027009
0 0.837111 0.150477 0.022666 0.033591
0 0.786784 0.865070 0.021514 0.032456
0 0.155398 0.864163 0.023819 0.021108
0 0.711967 0.152065 0.025547 0.030413
0 0.946792 0.383227 0.024203 0.027463
0 0.762294 0.686904 0.024011 0.034271
0 0.456396 0.503972 0.024587 0.028370
0 0.510085 0.177258 0.025932 0.031321
0 0.457165 0.420449 0.021514 0.025193
0 0.953899 0.125738 0.030350 0.035860
0 0.105551 0.389015 0.019017 0.029959
0 0.761429 0.519178 0.023819 0.023377
0 0.483000 0.475261 0.023627 0.028597
0 0.081060 0.954040 0.021898 0.035179
0 0.459374 0.212211 0.024395 0.031321
0 0.812428 0.203813 0.024395 0.026328
0 0.562620 0.685656 0.021514 0.029051
0 0.254322 0.398434 0.022666 0.033364
0 0.331829 0.039378 0.027468 0.035633
0 0.735690 0.356673 0.022282 0.027916
0 0.156262 0.236609 0.024779 0.026555
0 0.685843 0.205742 0.022858 0.019746
0 0.814349 0.914662 0.022858 0.026782
0 0.786784 0.091580 0.021898 0.035179
0 0.786208 0.027349 0.019977 0.031094
0 0.105551 0.540740 0.022090 0.029278
0 0.303112 0.442692 0.020361 0.030640
0 0.280446 0.208466 0.022282 0.029732
0 0.278909 0.870064 0.023050 0.028370
0 0.709662 0.753745 0.022858 0.026782
0 0.153477 0.426010 0.020745 0.027690
0 0.431329 0.393100 0.023627 0.034498
0 0.562716 0.716523 0.020937 0.030867
0 0.812140 0.386291 0.022282 0.027690
0 0.812524 0.472424 0.022666 0.024739
0 0.179312 0.570813 0.022858 0.024512
0 0.508260 0.415229 0.023050 0.028370
0 0.429985 0.953926 0.024011 0.034952
0 0.254610 0.361666 0.022858 0.037449
0 0.509988 0.207671 0.026124 0.031775
0 0.279869 0.237631 0.021898 0.024966
0 0.385421 0.565819 0.024779 0.028597
0 0.129754 0.567068 0.020169 0.027916
0 0.837015 0.444054 0.022474 0.031094
0 0.483769 0.301067 0.026700 0.032456
0 0.734921 0.812415 0.024971 0.032456
0 0.587303 0.714821 0.020937 0.029278
0 0.842009 0.917726 0.026316 0.031548
0 0.231560 0.623581 0.021322 0.026101
0 0.864003 0.267476 0.024587 0.031548
0 0.946312 0.594757 0.023242 0.026101
0 0.685075 0.953586 0.026700 0.027916
0 0.611986 0.419882 0.024203 0.025420
0 0.916443 0.415343 0.025740 0.023150
0 0.636765 0.090218 0.023819 0.025193
0 0.613331 0.858375 0.021129 0.030413
0 0.787937 0.301861 0.023434 0.038130
0 0.106800 0.417953 0.022666 0.030640
0 0.760085 0.027122 0.023819 0.030186
0 0.891087 0.824103 0.022666 0.026328
0 0.253458 0.688606 0.025163 0.030413
0 0.893104 0.267590 0.025163 0.034044
0 0.787457 0.924762 0.021706 0.029278
0 0.154053 0.509759 0.017672 0.027690
0 0.559931 0.479006 0.026124 0.033818
0 0.813773 0.884249 0.023242 0.024058
0 0.660584 0.116886 0.024971 0.028143
0 0.611698 0.474353 0.021322 0.026782
0 0.303880 0.836360 0.019977 0.029051
0 0.432578 0.141966 0.026508 0.028370
0 0.104111 0.804471 0.022282 0.027463
0 0.946504 0.355878 0.021322 0.027690
0 0.762390 0.240014 0.023819 0.030640
0 0.081444 0.922946 0.025740 0.027463
0 0.333173 0.178847 0.024395 0.030867
0 0.839896 0.535974 0.023242 0.022469
0 0.483481 0.212211 0.023819 0.029959
0 0.456685 0.774739 0.022858 0.030186
0 0.892144 0.742056 0.024011 0.022469
0 0.813965 0.797208 0.025547 0.022923
0 0.106512 0.928166 0.024011 0.028824
0 0.180465 0.118021 0.025547 0.021335
0 0.841337 0.856673 0.026892 0.033818
0 0.482712 0.393781 0.020745 0.025874
0 0.636189 0.475715 0.024587 0.024512
0 0.760853 0.717431 0.020745 0.026782
0 0.304745 0.956310 0.021322 0.024285
0 0.688725 0.625057 0.026700 0.026782
0 0.712351 0.442238 0.024779 0.023831
0 0.383884 0.746596 0.022474 0.023377
0 0.535056 0.535747 0.027852 0.026101
0 0.280061 0.268951 0.024587 0.034952
0 0.561468 0.510440 0.023050 0.029505
0 0.204860 0.720154 0.021322 0.030413
0 0.533615 0.390490 0.020361 0.029732
0 0.154821 0.147299 0.020361 0.032229
0 0.107856 0.239446 0.021706 0.032229
0 0.839800 0.716296 0.022666 0.029051
0 0.304456 0.388788 0.023819 0.024966
0 0.207453 0.953926 0.028045 0.033137
0 0.687284 0.899682 0.028429 0.024058
0 0.764118 0.625965 0.025740 0.024512
0 0.687092 0.876532 0.026124 0.023604
0 0.109009 0.148094 0.022090 0.024739
0 0.228871 0.507717 0.022090 0.024966
0 0.056377 0.091807 0.022474 0.028824
0 0.358240 0.398207 0.020361 0.035179
0 0.484153 0.180776 0.024395 0.032002
0 0.384556 0.389469 0.021129 0.029051
0 0.330388 0.833749 0.025355 0.030640
0 0.332309 0.413981 0.025740 0.028597
0 0.945832 0.414775 0.023819 0.026555
0 0.510853 0.859964 0.025163 0.032683
0 0.306185 0.215842 0.025355 0.034498
0 0.762101 0.598616 0.024011 0.031548
0 0.510757 0.891058 0.028045 0.027690
0 0.839992 0.684862 0.024587 0.033818
0 0.306377 0.627099 0.025355 0.031775
0 0.786977 0.151611 0.023050 0.029505
0 0.760853 0.493985 0.023434 0.024739
0 0.253842 0.425443 0.022474 0.021562
0 0.737514 0.300272 0.025163 0.029959
0 0.277949 0.688947 0.020361 0.027916
0 0.762966 0.115524 0.026124 0.031321
0 0.864387 0.714026 0.022282 0.029051
0 0.947368 0.743985 0.022282 0.024966
0 0.129274 0.957444 0.021129 0.022015
0 0.536881 0.028484 0.023434 0.026555
0 0.532559 0.443600 0.019785 0.027009
0 0.430081 0.892760 0.023050 0.028370
0 0.080676 0.689968 0.020745 0.030867
0 0.636765 0.251362 0.020745 0.027916
0 0.635997 0.277009 0.021898 0.024285
0 0.762582 0.147413 0.021514 0.027009
0 0.948233 0.869042 0.025163 0.034498
0 0.131195 0.116092 0.017288 0.021562
0 0.638110 0.893554 0.021898 0.034498
0 0.737322 0.146164 0.024779 0.030867
0 0.954476 0.060826 0.034575 0.032683
0 0.892336 0.683273 0.022858 0.030640
0 0.865252 0.387199 0.023242 0.028597
0 0.611602 0.300272 0.023434 0.027690
0 0.105551 0.957671 0.023627 0.029732
0 0.712735 0.234907 0.025932 0.020427
0 0.130330 0.596459 0.022090 0.030867
0 0.536400 0.180776 0.021322 0.025647
0 0.838840 0.595211 0.026124 0.027009
0 0.684307 0.141625 0.022474 0.037676
0 0.483289 0.419882 0.022282 0.021788
0 0.232040 0.596686 0.023434 0.029051
0 0.948905 0.915683 0.021129 0.024739
0 0.762101 0.302088 0.024779 0.031321
0 0.130619 0.538470 0.022666 0.021562
0 0.229831 0.566046 0.019017 0.029051
0 0.055033 0.725601 0.022090 0.024058
0 0.431809 0.714707 0.021129 0.030867
0 0.837495 0.414548 0.021898 0.028824
0 0.081060 0.508057 0.024203 0.027009
0 0.686035 0.598502 0.024779 0.024966
0 0.229159 0.388107 0.018440 0.027690
0 0.862755 0.441897 0.024011 0.027690
0 0.585094 0.030413 0.021898 0.034952
0 0.736074 0.865978 0.021898 0.026101
0 0.356128 0.951543 0.019593 0.032002
0 0.562428 0.182705 0.024587 0.028597
0 0.457165 0.623241 0.026508 0.031321
0 0.636477 0.199160 0.020169 0.030186
0 0.055321 0.752951 0.022666 0.031548
0 0.812812 0.444394 0.023242 0.029959
0 0.891375 0.360531 0.022090 0.033364
0 0.814157 0.827054 0.026316 0.026782
0 0.813965 0.084657 0.022090 0.034952
0 0.155974 0.717771 0.019593 0.030186
0 0.331829 0.714934 0.022090 0.031321
0 0.055225 0.449047 0.020937 0.030186
0 0.839416 0.622560 0.026892 0.027690
0 0.331541 0.594303 0.023050 0.019746
0 0.762774 0.441784 0.024203 0.023377
0 0.105455 0.626192 0.020361 0.032683
0 0.384076 0.895824 0.025163 0.021788
0 0.082213 0.627894 0.026124 0.031094
0 0.710526 0.723218 0.023050 0.035633
0 0.130907 0.356446 0.022858 0.022923
0 0.457933 0.029505 0.024587 0.027236
0 0.762486 0.745120 0.024395 0.028143
0 0.180273 0.928961 0.024011 0.027236
0 0.588167 0.601112 0.021129 0.026555
0 0.130811 0.862460 0.021514 0.031321
0 0.207261 0.303336 0.026508 0.027916
0 0.179504 0.176237 0.019401 0.023377
0 0.710910 0.526555 0.021514 0.026782
0 0.660104 0.684181 0.017480 0.026101
0 0.865156 0.595778 0.023050 0.022242
0 0.254322 0.271562 0.026508 0.026101
0 0.278429 0.508511 0.020937 0.026101
0 0.786784 0.420903 0.022282 0.024739
0 0.661160 0.358148 0.021898 0.031321
0 0.383884 0.418520 0.021706 0.025420
0 0.431809 0.686904 0.023434 0.025647
0 0.686516 0.684748 0.022282 0.025874
0 0.948713 0.764980 0.026124 0.021562
0 0.355743 0.833976 0.019209 0.029278
0 0.586727 0.515093 0.023627 0.041080
0 0.761909 0.567975 0.024011 0.028824
0 0.304552 0.928507 0.022858 0.029959
0 0.660488 0.242624 0.022858 0.029505
0 0.711967 0.560940 0.025547 0.039265
0 0.459086 0.091012 0.025740 0.024966
0 0.662217 0.412279 0.022858 0.030186
0 0.131579 0.208806 0.021898 0.027236
0 0.433442 0.118361 0.026316 0.022469
0 0.537265 0.242737 0.025355 0.023831
0 0.891567 0.892419 0.028237 0.034952
0 0.635613 0.448479 0.021514 0.028143
0 0.534960 0.506695 0.027660 0.029278
0 0.304648 0.414094 0.024971 0.023377
0 0.539474 0.871312 0.025932 0.034952
0 0.383020 0.869383 0.024203 0.031094
0 0.660488 0.595211 0.023627 0.027463
0 0.306665 0.595211 0.027468 0.036995
0 0.509796 0.269746 0.021514 0.031094
0 0.561852 0.242056 0.024971 0.028370
0 0.736650 0.439287 0.021514 0.025647
0 0.334038 0.203586 0.022282 0.019065
0 0.920572 0.825919 0.027852 0.023604
0 0.813100 0.565025 0.021514 0.032002
0 0.307146 0.075238 0.021898 0.025647
0 0.106416 0.595552 0.022666 0.024058
0 0.030542 0.820926 0.028429 0.036314
0 0.890127 0.531548 0.021898 0.029505
0 0.735786 0.413981 0.019785 0.021335
0 0.917979 0.084771 0.025740 0.021562
0 0.259316 0.030640 0.023819 0.019973
0 0.180177 0.596459 0.023434 0.027236
0 0.154821 0.920222 0.020745 0.023377
0 0.536304 0.152746 0.024971 0.029505
0 0.079139 0.778030 0.023050 0.025420
0 0.762966 0.768951 0.023819 0.022242
0 0.227910 0.867794 0.018632 0.032002
0 0.950250 0.620177 0.029581 0.025647
0 0.359009 0.597594 0.023434 0.028597
0 0.331541 0.686791 0.022282 0.028143
0 0.813484 0.268724 0.021898 0.033137
0 0.916347 0.439968 0.023242 0.023831
0 0.761429 0.542556 0.021898 0.024285
0 0.635421 0.562074 0.023050 0.027916
0 0.230695 0.773718 0.019593 0.027690
0 0.203227 0.482864 0.021514 0.023831
0 0.587111 0.686110 0.022090 0.027236
0 0.228774 0.538016 0.017672 0.022469
0 0.863907 0.413640 0.024395 0.023377
0 0.083750 0.087608 0.023819 0.026328
0 0.253458 0.594417 0.022858 0.029959
0 0.636957 0.624149 0.023434 0.034498
0 0.106320 0.865524 0.023242 0.027009
0 0.787937 0.896391 0.024587 0.029278
0 0.205052 0.629483 0.018632 0.025647
0 0.155302 0.264299 0.019785 0.024739
0 0.916347 0.497049 0.024011 0.020881
0 0.279197 0.625511 0.020553 0.030413
0 0.612658 0.746142 0.024395 0.020654
0 0.457165 0.923059 0.024971 0.029051
0 0.509124 0.032342 0.023627 0.030640
0 0.662025 0.895370 0.020937 0.029051
0 0.333461 0.388221 0.026124 0.026101
0 0.154053 0.034612 0.024587 0.019292
0 0.429697 0.801294 0.025740 0.033818
0 0.057050 0.177031 0.024203 0.026328
0 0.685363 0.924194 0.025740 0.027690
0 0.711967 0.861325 0.021322 0.016795
0 0.511333 0.144803 0.021898 0.027690
0 0.431233 0.512710 0.023050 0.019065
0 0.511141 0.919542 0.027276 0.027009
0 0.615348 0.954948 0.024779 0.033364
0 0.918652 0.200409 0.024011 0.034952
0 0.333750 0.226055 0.026700 0.027236
0 0.484057 0.060372 0.021514 0.028597
0 0.130234 0.419428 0.022666 0.032229
0 0.861890 0.144916 0.023050 0.025193
0 0.813388 0.678734 0.020169 0.029732
0 0.357472 0.865184 0.026124 0.031321
0 0.485690 0.267136 0.025932 0.028597
0 0.305033 0.569678 0.024203 0.024058
0 0.180945 0.686337 0.021129 0.028143
0 0.889743 0.441897 0.023434 0.019519
0 0.813100 0.232637 0.024203 0.030413
0 0.152997 0.453132 0.019017 0.022923
0 0.787553 0.242283 0.023819 0.024739
0 0.030638 0.098729 0.022474 0.028597
0 0.154725 0.479800 0.020553 0.025420
0 0.890607 0.390831 0.021706 0.026782
0 0.255955 0.238652 0.023627 0.027009
0 0.811660 0.358375 0.023627 0.030867
0 0.432674 0.094190 0.024011 0.027236
0 0.229159 0.479687 0.021514 0.018838
0 0.180657 0.801748 0.020937 0.027009
0 0.255474 0.179528 0.021514 0.024966
0 0.457069 0.954040 0.025163 0.033364
0 0.661352 0.865411 0.021898 0.029051
0 0.080292 0.599750 0.023050 0.028370
0 0.734345 0.684975 0.024203 0.030867
0 0.229255 0.955288 0.019401 0.033591
0 0.358721 0.361666 0.019401 0.035179
0 0.947849 0.810713 0.024011 0.019065
0 0.889839 0.418861 0.022474 0.025193
0 0.107376 0.355424 0.024587 0.024512
0 0.712831 0.252156 0.025355 0.023150
0 0.636381 0.303109 0.021129 0.030186
0 0.787361 0.121993 0.022282 0.027009
0 0.104975 0.571266 0.020169 0.026782
0 0.230887 0.211076 0.022666 0.034044
0 0.712063 0.881412 0.019593 0.025647
0 0.837303 0.385724 0.023050 0.030640
0 0.229831 0.357467 0.021322 0.029959
0 0.684403 0.113141 0.021514 0.018384
0 0.428544 0.861212 0.022666 0.033818
0 0.279005 0.540853 0.020553 0.030413
0 0.055705 0.692465 0.023819 0.037676
0 0.282751 0.029846 0.021898 0.020200
0 0.786688 0.684294 0.021706 0.029505
0 0.587879 0.578983 0.022474 0.017703
0 0.949097 0.894576 0.024203 0.017476
0 0.558970 0.447118 0.024971 0.029505
0 0.811660 0.029392 0.020169 0.030640
0 0.540242 0.907172 0.025547 0.041761
0 0.918171 0.800726 0.026508 0.027236
0 0.430177 0.773718 0.025932 0.020427
0 0.358240 0.712665 0.025740 0.030867
0 0.919900 0.240354 0.024203 0.021335
0 0.107280 0.089083 0.021706 0.027916
0 0.659143 0.384816 0.020553 0.022015
0 0.433346 0.258852 0.023050 0.017476
0 0.710046 0.500681 0.022474 0.023150
0 0.736746 0.894235 0.022474 0.032229
0 0.206589 0.274285 0.024779 0.021562
0 0.106992 0.895597 0.021898 0.031775
0 0.056089 0.417272 0.023434 0.027916
0 0.786881 0.214934 0.020553 0.031321
0 0.484921 0.090899 0.023242 0.033364
0 0.255570 0.301067 0.025932 0.032456
0 0.585959 0.423854 0.020553 0.023831
0 0.383884 0.473332 0.022474 0.025647
0 0.279485 0.602247 0.023434 0.021562
0 0.484633 0.032002 0.020745 0.028143
0 0.637053 0.225828 0.022474 0.020427
0 0.788705 0.541080 0.021898 0.017703
0 0.384556 0.358261 0.022282 0.024739
0 0.510181 0.116659 0.021898 0.029051
0 0.786784 0.444507 0.022666 0.022469
0 0.891760 0.033477 0.021706 0.031548
0 0.485978 0.835452 0.021514 0.029959
0 0.154437 0.118815 0.022666 0.021562
0 0.536016 0.739560 0.021706 0.027463
0 0.761909 0.418066 0.024779 0.024512
0 0.864771 0.351680 0.021514 0.022923
0 0.841145 0.828870 0.024587 0.020427
0 0.082021 0.238084 0.018056 0.019065
0 0.955916 0.156037 0.032078 0.025647
0 0.735882 0.839877 0.021514 0.027009
0 0.029869 0.538243 0.023627 0.020200
0 0.812524 0.117567 0.020361 0.032683
0 0.030926 0.780300 0.028429 0.039946
0 0.228871 0.833863 0.021706 0.034498
0 0.948905 0.787449 0.026124 0.027916
0 0.154053 0.687812 0.021898 0.022923
0 0.232424 0.031548 0.021514 0.019065
0 0.331925 0.924762 0.023819 0.030640
0 0.787937 0.834090 0.023050 0.028143
0 0.484729 0.122787 0.020553 0.021335
0 0.229543 0.711303 0.022282 0.024058
0 0.032078 0.850772 0.022282 0.022015
0 0.228967 0.916478 0.017672 0.029051
0 0.710526 0.594644 0.023819 0.028597
0 0.812716 0.055493 0.025740 0.023377
0 0.056377 0.242397 0.022858 0.023604
0 0.839608 0.352587 0.022282 0.028824
0 0.945544 0.495801 0.024395 0.016114
0 0.813773 0.538357 0.025163 0.018611
0 0.891663 0.918407 0.026892 0.026101
0 0.056377 0.392646 0.023627 0.022242
0 0.709758 0.774172 0.023819 0.017703
0 0.372455 0.157172 0.037649 0.021562
0 0.537841 0.841920 0.024203 0.027916
0 0.658375 0.301067 0.022474 0.030186
0 0.637149 0.868702 0.023434 0.034271
0 0.385517 0.595325 0.026508 0.020881
0 0.660200 0.274172 0.021514 0.023604
0 0.589320 0.922606 0.024203 0.020881
0 0.028333 0.717204 0.024395 0.023604
0 0.509316 0.237971 0.022090 0.027009
0 0.736170 0.515207 0.022474 0.018157
0 0.611602 0.448366 0.023050 0.023377
0 0.030926 0.515887 0.022666 0.027690
0 0.460238 0.238992 0.026892 0.027236
0 0.030061 0.562755 0.021706 0.027009
0 0.635133 0.593736 0.027084 0.029505
0 0.382155 0.621425 0.023627 0.031321
0 0.057242 0.061847 0.024971 0.029732
0 0.457261 0.892192 0.025163 0.031321
0 0.233769 0.240014 0.024203 0.025647
0 0.432578 0.166364 0.024971 0.017703
0 0.030158 0.066614 0.020745 0.028824
0 0.030158 0.750681 0.028045 0.042442
0 0.484921 0.142760 0.020937 0.023604
0 0.483577 0.628575 0.024395 0.023377
0 0.972148 0.714934 0.020745 0.029505
0 0.359777 0.920676 0.021514 0.022469
0 0.587783 0.489673 0.021898 0.024739
0 0.180177 0.032910 0.017288 0.014072
0 0.031118 0.481616 0.021129 0.031775
0 0.229351 0.686450 0.018440 0.022015
0 0.033039 0.359623 0.024203 0.026555
0 0.228678 0.891512 0.018248 0.017703
0 0.357376 0.684748 0.024011 0.020427
0 0.333173 0.358261 0.022090 0.021108
0 0.083077 0.059578 0.021706 0.027009
0 0.536784 0.715502 0.024779 0.026555
0 0.585670 0.445415 0.023050 0.020200
0 0.029581 0.586360 0.028429 0.022015
0 0.105743 0.060145 0.021322 0.028143
0 0.737034 0.374035 0.024203 0.017249
0 0.918748 0.222197 0.023050 0.017703
0 0.483673 0.238765 0.023050 0.022242
0 0.359969 0.428961 0.022282 0.028597
0 0.432290 0.659782 0.024779 0.027690
0 0.952939 0.025760 0.026508 0.025193
0 0.970611 0.683613 0.018824 0.031321
0 0.318191 0.805946 0.015943 0.026782
0 0.207261 0.034044 0.015367 0.012256
0 0.837783 0.495574 0.021706 0.021108
0 0.971955 0.530073 0.021898 0.031094
0 0.429793 0.029278 0.026316 0.024966
0 0.029005 0.305152 0.024587 0.033364
0 0.129274 0.057308 0.019209 0.024739
0 0.031406 0.447231 0.022858 0.024739
0 0.358817 0.456083 0.021129 0.023831
0 0.587207 0.465388 0.025355 0.023831
0 0.970899 0.560259 0.024395 0.025647
0 0.971283 0.498865 0.020169 0.022696
0 0.971859 0.448252 0.020937 0.026782
0 0.968690 0.417385 0.019977 0.026782
0 0.948233 0.836246 0.024395 0.028824
0 0.710238 0.799591 0.023627 0.038130
0 0.540434 0.820245 0.027852 0.021788
0 0.427776 0.829437 0.024587 0.032002
0 0.030061 0.870744 0.023627 0.017476
0 0.030061 0.892419 0.021706 0.027690
