0 0.228745 0.279300 0.019635 0.027758
0 0.359317 0.796444 0.025525 0.023948
0 0.306205 0.614115 0.024936 0.023585
0 0.245729 0.074746 0.039466 0.026488
0 0.454055 0.793179 0.023365 0.023948
0 0.868152 0.679880 0.026507 0.016872
0 0.157078 0.072932 0.029845 0.023948
0 0.103770 0.188951 0.026900 0.021589
0 0.305714 0.703647 0.024347 0.024492
0 0.697428 0.478774 0.021206 0.025036
0 0.652268 0.727322 0.026703 0.022859
0 0.430296 0.819666 0.024151 0.021045
0 0.625565 0.208908 0.022776 0.025581
0 0.724720 0.655388 0.024347 0.035377
0 0.156784 0.096789 0.026114 0.023403
0 0.603083 0.798712 0.023758 0.025943
0 0.818476 0.568215 0.023758 0.027576
0 0.890242 0.230134 0.022384 0.026669
0 0.204987 0.025127 0.025918 0.027758
0 0.244551 0.101959 0.035932 0.027939
0 0.796780 0.322932 0.023562 0.022496
0 0.700373 0.637246 0.024740 0.024129
0 0.941881 0.407565 0.025525 0.023403
0 0.576576 0.277667 0.022580 0.026669
0 0.334282 0.817580 0.027292 0.019049
0 0.576968 0.801252 0.023365 0.023403
0 0.180738 0.143052 0.024543 0.026306
0 0.305812 0.727413 0.023365 0.022315
0 0.722266 0.590983 0.021402 0.024129
0 0.577263 0.727413 0.025133 0.021952
0 0.625859 0.614115 0.025329 0.026488
0 0.625074 0.433781 0.024151 0.025399
0 0.307285 0.818215 0.026703 0.025036
0 0.528274 0.841981 0.028078 0.019231
0 0.306008 0.591618 0.022973 0.021408
0 0.866680 0.547623 0.022776 0.023766
0 0.551443 0.569122 0.024936 0.025036
0 0.724917 0.277848 0.024347 0.028483
0 0.481543 0.815856 0.026507 0.025399
0 0.578146 0.590802 0.024151 0.024855
0 0.817200 0.166999 0.023169 0.024855
0 0.624583 0.365203 0.021991 0.025036
0 0.105635 0.347152 0.024347 0.023041
0 0.868251 0.568124 0.025525 0.016509
0 0.455233 0.816128 0.025329 0.018687
0 0.894561 0.864387 0.026311 0.024129
0 0.649715 0.166455 0.023169 0.023041
0 0.869330 0.840983 0.024936 0.024492
0 0.380522 0.296988 0.023169 0.024311
0 0.721579 0.475962 0.021598 0.026306
0 0.502356 0.550163 0.024151 0.024492
0 0.601119 0.366564 0.021009 0.021952
0 0.454840 0.839623 0.024543 0.026488
0 0.428824 0.726052 0.025525 0.019231
0 0.406048 0.704372 0.025133 0.024855
0 0.211270 0.862210 0.024740 0.025581
0 0.205380 0.319666 0.024347 0.029753
0 0.399863 0.097152 0.026114 0.023403
0 0.204005 0.277576 0.023562 0.025762
0 0.652268 0.797442 0.023562 0.019049
0 0.698900 0.614750 0.021795 0.021226
0 0.650795 0.276760 0.027292 0.024129
0 0.404182 0.658110 0.023758 0.021589
0 0.650697 0.685776 0.023169 0.021408
0 0.625957 0.681422 0.024347 0.026125
0 0.130964 0.213353 0.025918 0.022134
0 0.868447 0.792997 0.027489 0.025762
0 0.553014 0.182420 0.023758 0.027032
0 0.748282 0.233491 0.025525 0.023222
0 0.404968 0.341618 0.024936 0.023222
0 0.843413 0.569303 0.024151 0.025036
0 0.651973 0.301433 0.024543 0.024129
0 0.328588 0.049619 0.023365 0.026306
0 0.552719 0.230316 0.024347 0.027395
0 0.553112 0.319394 0.023169 0.024129
0 0.111918 0.614840 0.027096 0.021045
0 0.524445 0.615566 0.022776 0.026125
0 0.601021 0.591981 0.019242 0.026488
0 0.818476 0.367108 0.023365 0.023403
0 0.247595 0.026397 0.037699 0.028483
0 0.455429 0.725417 0.027292 0.019775
0 0.624681 0.410287 0.022580 0.021226
0 0.772138 0.726687 0.023758 0.021589
0 0.772433 0.704100 0.024347 0.021045
0 0.795307 0.798077 0.022973 0.022859
0 0.601119 0.431422 0.022187 0.024673
0 0.864029 0.139423 0.021009 0.021952
0 0.676811 0.278302 0.021598 0.027213
0 0.104850 0.278574 0.023562 0.024492
0 0.358040 0.726959 0.021402 0.023585
0 0.258983 0.639695 0.023169 0.022496
0 0.129590 0.234670 0.023169 0.021589
0 0.333301 0.910015 0.023365 0.023948
0 0.551149 0.726324 0.025133 0.021952
0 0.867072 0.277123 0.022384 0.022315
0 0.816513 0.142235 0.024543 0.024673
0 0.820342 0.638879 0.026703 0.021952
0 0.650697 0.116564 0.023954 0.025218
0 0.914883 0.116292 0.024151 0.024311
0 0.819164 0.889604 0.023954 0.022678
0 0.480071 0.840893 0.022384 0.022496
0 0.842333 0.703465 0.022776 0.022315
0 0.455233 0.866564 0.022973 0.027395
0 0.358826 0.565675 0.024543 0.019956
0 0.354408 0.120192 0.026703 0.020501
0 0.576674 0.408926 0.020420 0.019956
0 0.699980 0.525218 0.025525 0.025399
0 0.773414 0.635522 0.023954 0.025036
0 0.244748 0.052068 0.038681 0.023222
0 0.724720 0.681694 0.023169 0.017598
0 0.328785 0.140693 0.022187 0.023041
0 0.479187 0.297261 0.025722 0.024129
0 0.552818 0.454554 0.025329 0.023766
0 0.773316 0.845247 0.023758 0.023585
0 0.820047 0.866201 0.025329 0.023041
0 0.233458 0.863570 0.020420 0.026125
0 0.602297 0.164731 0.024151 0.023585
0 0.602494 0.477413 0.026507 0.023403
0 0.551934 0.634706 0.025133 0.025943
0 0.914981 0.140602 0.025525 0.022859
0 0.942176 0.383618 0.025329 0.020501
0 0.866385 0.407021 0.021009 0.025218
0 0.205478 0.347242 0.023365 0.023222
0 0.890242 0.115022 0.025525 0.021771
0 0.426370 0.049347 0.025722 0.026488
0 0.527391 0.121462 0.023562 0.022678
0 0.549578 0.594430 0.025133 0.023766
0 0.867858 0.723966 0.026703 0.023766
0 0.940605 0.132892 0.022580 0.024492
0 0.796289 0.864750 0.021795 0.021952
0 0.399568 0.073657 0.024740 0.024673
0 0.405557 0.477866 0.026507 0.024673
0 0.894463 0.838262 0.023365 0.025581
0 0.602592 0.869739 0.024347 0.027939
0 0.137149 0.840258 0.023365 0.027032
0 0.106322 0.454463 0.025722 0.025399
0 0.699980 0.908019 0.023169 0.021408
0 0.306106 0.433509 0.023954 0.023403
0 0.162380 0.726959 0.025525 0.023585
0 0.774985 0.161919 0.025525 0.018324
0 0.333988 0.363752 0.024347 0.025036
0 0.162380 0.864750 0.025133 0.022315
0 0.479776 0.728501 0.021402 0.023041
0 0.427940 0.474601 0.022187 0.026125
0 0.920086 0.839169 0.026311 0.025581
0 0.725015 0.932783 0.024543 0.021589
0 0.452876 0.341165 0.022580 0.024855
0 0.306008 0.385795 0.024543 0.023041
0 0.502945 0.164731 0.023365 0.024673
0 0.601021 0.658745 0.022384 0.027939
0 0.725211 0.777032 0.022580 0.025036
0 0.451797 0.409017 0.020813 0.024492
0 0.453073 0.434416 0.021795 0.022678
0 0.724328 0.888335 0.026311 0.023403
0 0.674259 0.678792 0.022776 0.023041
0 0.333301 0.386883 0.022973 0.020864
0 0.210583 0.816038 0.021795 0.022859
0 0.427646 0.618560 0.019242 0.019412
0 0.724720 0.207638 0.024740 0.023403
0 0.942077 0.523766 0.023562 0.021408
0 0.526507 0.685414 0.024543 0.022496
0 0.477911 0.210087 0.024740 0.024311
0 0.722659 0.366382 0.022973 0.024492
0 0.137345 0.887700 0.022973 0.026125
0 0.749264 0.889967 0.023562 0.021589
0 0.478696 0.233128 0.024347 0.022496
0 0.503436 0.865929 0.020027 0.023948
0 0.892794 0.702558 0.023954 0.021952
0 0.842627 0.797261 0.021402 0.020138
0 0.160122 0.546172 0.019831 0.020864
0 0.551934 0.407202 0.023169 0.018687
0 0.236207 0.685232 0.021991 0.019231
0 0.357157 0.865112 0.022776 0.025218
0 0.625368 0.457729 0.023169 0.022134
0 0.526703 0.478774 0.025722 0.023222
0 0.675339 0.611575 0.024936 0.021408
0 0.842431 0.384706 0.023758 0.021952
0 0.773513 0.545174 0.025329 0.022859
0 0.210485 0.156477 0.024740 0.026669
0 0.261045 0.723694 0.026900 0.025762
0 0.211172 0.837718 0.023365 0.017961
0 0.259179 0.909380 0.025525 0.021952
0 0.575692 0.932783 0.022384 0.023041
0 0.552425 0.933781 0.022187 0.022496
0 0.528176 0.820210 0.025918 0.022134
0 0.525722 0.639786 0.025329 0.022315
0 0.674553 0.544721 0.022973 0.020138
0 0.915472 0.164913 0.024151 0.026125
0 0.919988 0.864296 0.024543 0.024673
0 0.626939 0.588443 0.025918 0.022315
0 0.674750 0.702014 0.019831 0.022315
0 0.649519 0.232674 0.023169 0.025943
0 0.130179 0.299165 0.024347 0.022134
0 0.210878 0.614024 0.024740 0.021589
0 0.774004 0.051070 0.023954 0.022678
0 0.576870 0.636792 0.021206 0.025762
0 0.841351 0.726959 0.023954 0.022496
0 0.527881 0.797533 0.025722 0.022134
0 0.603475 0.822750 0.024151 0.021771
0 0.624681 0.278030 0.021009 0.027032
0 0.943157 0.546172 0.024151 0.020864
0 0.599548 0.527395 0.021009 0.030116
0 0.675339 0.567580 0.025722 0.024129
0 0.383173 0.773222 0.022187 0.023585
0 0.867072 0.615203 0.023562 0.026488
0 0.626252 0.869648 0.022973 0.020864
0 0.553898 0.658926 0.027096 0.022496
0 0.406637 0.915820 0.026703 0.023948
0 0.577950 0.076560 0.025329 0.027213
0 0.525231 0.726415 0.023562 0.019956
0 0.333693 0.546263 0.024543 0.021045
0 0.889358 0.139786 0.021402 0.024855
0 0.748675 0.095882 0.023562 0.025218
0 0.105242 0.302885 0.023562 0.021589
0 0.700275 0.793723 0.022187 0.018142
0 0.432456 0.913643 0.025722 0.027213
0 0.359120 0.637246 0.027489 0.027032
0 0.917632 0.615747 0.022580 0.022859
0 0.577656 0.431422 0.021991 0.020319
0 0.553112 0.141782 0.024347 0.022678
0 0.476242 0.186865 0.025722 0.021771
0 0.400059 0.048803 0.025722 0.024311
0 0.945710 0.953737 0.024151 0.022496
0 0.841155 0.294176 0.022384 0.016872
0 0.576576 0.526034 0.022187 0.027395
0 0.331632 0.772496 0.025133 0.023585
0 0.182113 0.168269 0.025722 0.022315
0 0.601905 0.843523 0.023365 0.020501
0 0.724229 0.414641 0.022973 0.028120
0 0.600726 0.726143 0.022973 0.019412
0 0.772924 0.208999 0.024151 0.022134
0 0.840173 0.334543 0.022384 0.026125
0 0.748576 0.776306 0.021795 0.024311
0 0.234439 0.909289 0.022384 0.022134
0 0.771942 0.476324 0.021402 0.028120
0 0.478009 0.683872 0.019046 0.022315
0 0.235225 0.795809 0.024347 0.021226
0 0.333104 0.722968 0.028470 0.018868
0 0.940507 0.156386 0.021991 0.018142
0 0.918123 0.708726 0.023954 0.018687
0 0.524740 0.589804 0.019831 0.025762
0 0.772138 0.413462 0.021402 0.028302
0 0.749264 0.915457 0.027096 0.025762
0 0.700864 0.114568 0.026114 0.023041
0 0.746711 0.591709 0.023954 0.023766
0 0.700471 0.139332 0.025722 0.025036
0 0.405557 0.849238 0.024543 0.022134
0 0.915472 0.204917 0.024936 0.025943
0 0.302179 0.161738 0.027096 0.024492
0 0.648046 0.640058 0.019438 0.025036
0 0.077067 0.210087 0.027685 0.024311
0 0.746515 0.706005 0.024347 0.023041
0 0.867661 0.432783 0.022776 0.024129
0 0.819556 0.820755 0.025133 0.022859
0 0.941586 0.227776 0.025722 0.027758
0 0.917828 0.550617 0.022187 0.022859
0 0.676320 0.349782 0.025722 0.024673
0 0.129197 0.164731 0.024347 0.024311
0 0.650010 0.093342 0.024936 0.023403
0 0.153642 0.189949 0.024936 0.024311
0 0.772629 0.909017 0.022384 0.021952
0 0.772531 0.612028 0.021402 0.020864
0 0.526114 0.382529 0.022973 0.027395
0 0.358139 0.362573 0.023169 0.018324
0 0.307088 0.889332 0.026311 0.025036
0 0.723051 0.910649 0.021402 0.021226
0 0.051934 0.278483 0.020224 0.027576
0 0.129688 0.190403 0.021009 0.024492
0 0.405164 0.680606 0.024151 0.023041
0 0.771942 0.933509 0.020224 0.024855
0 0.184763 0.548984 0.025918 0.023222
0 0.893678 0.679608 0.024151 0.021408
0 0.258885 0.816673 0.024151 0.024129
0 0.552130 0.387246 0.022776 0.017598
0 0.724131 0.025308 0.023562 0.023766
0 0.079030 0.364931 0.022973 0.027758
0 0.453171 0.477413 0.023954 0.022678
0 0.865698 0.342072 0.023562 0.025943
0 0.235028 0.569757 0.023169 0.021952
0 0.357746 0.385160 0.024740 0.022134
0 0.578245 0.231313 0.024347 0.025762
0 0.130964 0.412645 0.022384 0.019775
0 0.895543 0.976324 0.025133 0.021226
0 0.156195 0.366382 0.024151 0.027758
0 0.334282 0.409924 0.023365 0.023766
0 0.353917 0.051070 0.023365 0.024855
0 0.356175 0.610849 0.025133 0.023585
0 0.894561 0.914187 0.021991 0.022134
0 0.306303 0.409289 0.025525 0.024311
0 0.914883 0.453647 0.022580 0.022315
0 0.893874 0.934688 0.024543 0.020319
0 0.187807 0.908745 0.021402 0.024673
0 0.405360 0.634978 0.023365 0.023948
0 0.870312 0.912554 0.024936 0.022134
0 0.137934 0.794811 0.020617 0.019231
0 0.867465 0.476597 0.026703 0.026488
0 0.455036 0.681513 0.022580 0.020864
0 0.675437 0.164097 0.023562 0.021952
0 0.723738 0.341618 0.026703 0.023948
0 0.650795 0.546081 0.022187 0.022134
0 0.578146 0.704554 0.022187 0.021952
0 0.603083 0.117199 0.021795 0.025036
0 0.551738 0.206549 0.023169 0.018324
0 0.845180 0.862482 0.023758 0.020319
0 0.576576 0.384978 0.021795 0.025399
0 0.428333 0.639877 0.021795 0.022134
0 0.577656 0.775581 0.024740 0.026488
0 0.866385 0.699837 0.025329 0.022678
0 0.772236 0.340167 0.021598 0.029753
0 0.866778 0.317489 0.025722 0.022859
0 0.332712 0.657928 0.021795 0.017961
0 0.077067 0.233218 0.023758 0.024129
0 0.452091 0.617562 0.024151 0.022496
0 0.894758 0.889967 0.022384 0.026669
0 0.306401 0.682420 0.026114 0.018324
0 0.381995 0.678973 0.020617 0.022315
0 0.477027 0.548803 0.023365 0.022496
0 0.407127 0.543179 0.024543 0.020682
0 0.404869 0.798168 0.025133 0.026669
0 0.915669 0.230316 0.024543 0.024855
0 0.137640 0.864387 0.023562 0.020138
0 0.155017 0.320483 0.023365 0.023403
0 0.427646 0.796263 0.020027 0.022496
0 0.893285 0.341709 0.022187 0.024492
0 0.156293 0.390874 0.022776 0.021589
0 0.210976 0.181513 0.027292 0.024129
0 0.602297 0.297261 0.021009 0.021589
0 0.724818 0.068668 0.022187 0.021226
0 0.724131 0.439405 0.021598 0.021045
0 0.578343 0.319757 0.022973 0.024129
0 0.649421 0.364840 0.023758 0.027939
0 0.576968 0.566582 0.023365 0.021771
0 0.724524 0.304699 0.023562 0.023403
0 0.134891 0.594975 0.023954 0.021589
0 0.722855 0.568396 0.022973 0.020319
0 0.162380 0.821753 0.023169 0.022678
0 0.602297 0.275762 0.022973 0.021408
0 0.866091 0.096426 0.023562 0.021952
0 0.526016 0.358218 0.021206 0.020864
0 0.357746 0.588534 0.023954 0.020319
0 0.773218 0.451288 0.025133 0.023041
0 0.867269 0.588534 0.025918 0.023585
0 0.357746 0.340530 0.022384 0.023948
0 0.525525 0.662101 0.022187 0.023403
0 0.894758 0.638697 0.024740 0.020501
0 0.676026 0.302885 0.023169 0.021589
0 0.676320 0.725417 0.022580 0.024855
0 0.110544 0.888425 0.023562 0.021408
0 0.700177 0.701651 0.023954 0.020501
0 0.818476 0.297714 0.020224 0.022859
0 0.772236 0.568668 0.022776 0.021589
0 0.375515 0.051615 0.019831 0.021226
0 0.725407 0.091346 0.021402 0.021226
0 0.675535 0.822025 0.026114 0.021408
0 0.817102 0.615022 0.022973 0.022859
0 0.723248 0.862754 0.021402 0.023766
0 0.206853 0.050617 0.024543 0.021771
0 0.527783 0.143868 0.023954 0.022496
0 0.748675 0.637700 0.022776 0.025762
0 0.210780 0.906840 0.022187 0.022678
0 0.773807 0.887972 0.025133 0.017598
0 0.601610 0.046263 0.023954 0.023585
0 0.380719 0.845065 0.023954 0.023948
0 0.891518 0.163552 0.022580 0.020864
0 0.188101 0.972787 0.023169 0.022134
0 0.552229 0.296535 0.023365 0.021226
0 0.111133 0.593795 0.022776 0.021771
0 0.184763 0.639514 0.025133 0.022496
0 0.843609 0.839804 0.023365 0.023222
0 0.406735 0.588443 0.023365 0.025581
0 0.451895 0.366110 0.020617 0.022859
0 0.453662 0.550435 0.020617 0.019956
0 0.746908 0.569303 0.021206 0.019594
0 0.179560 0.388697 0.021402 0.027395
0 0.154624 0.165094 0.022973 0.024311
0 0.967308 0.139967 0.021795 0.022315
0 0.674357 0.909289 0.023365 0.022134
0 0.748478 0.208908 0.023169 0.022678
0 0.602788 0.092888 0.020027 0.017779
0 0.502651 0.597877 0.022384 0.022315
0 0.722953 0.231495 0.020027 0.022859
0 0.796093 0.727141 0.022187 0.021045
0 0.502847 0.525308 0.023954 0.024492
0 0.650501 0.614478 0.023954 0.022496
0 0.794424 0.933962 0.022384 0.021408
0 0.603083 0.188861 0.022187 0.021771
0 0.816906 0.542362 0.020617 0.021589
0 0.625761 0.847424 0.020813 0.023222
0 0.381406 0.819938 0.023365 0.024129
0 0.131455 0.119376 0.024936 0.021771
0 0.305419 0.524311 0.024936 0.022134
0 0.382191 0.655751 0.018653 0.024129
0 0.403888 0.409833 0.024740 0.022134
0 0.477224 0.342525 0.024543 0.022859
0 0.650501 0.142326 0.025133 0.023403
0 0.843903 0.638335 0.023562 0.025218
0 0.500589 0.574746 0.020224 0.024311
0 0.332123 0.703374 0.022580 0.019594
0 0.333595 0.796263 0.023954 0.021408
0 0.502062 0.232311 0.020420 0.023766
0 0.845376 0.909017 0.024543 0.024129
0 0.748380 0.410377 0.022973 0.025036
0 0.381111 0.895319 0.024347 0.021771
0 0.776360 0.274946 0.023954 0.025581
0 0.892500 0.366655 0.022187 0.022859
0 0.106519 0.390965 0.024543 0.024311
0 0.155704 0.294630 0.024740 0.025036
0 0.626252 0.549528 0.024151 0.025036
0 0.406440 0.564496 0.023169 0.020501
0 0.699195 0.415094 0.024347 0.024311
0 0.650108 0.894140 0.023169 0.026306
0 0.626546 0.890512 0.021991 0.019412
0 0.626350 0.799800 0.022776 0.024492
0 0.648635 0.842163 0.025722 0.026488
0 0.080208 0.338806 0.027685 0.023041
0 0.332515 0.591981 0.023365 0.020319
0 0.259572 0.886702 0.025525 0.021952
0 0.503338 0.299528 0.021795 0.026488
0 0.383271 0.565947 0.023169 0.020138
0 0.650403 0.340348 0.025329 0.021045
0 0.795798 0.820845 0.023954 0.022315
0 0.577067 0.344884 0.022384 0.022496
0 0.772531 0.799075 0.022187 0.023766
0 0.163558 0.799619 0.022776 0.024129
0 0.626448 0.775943 0.022580 0.025036
0 0.624877 0.723512 0.025329 0.021408
0 0.795504 0.434144 0.023758 0.026125
0 0.945317 0.866927 0.024151 0.021589
0 0.748282 0.187500 0.024347 0.020501
0 0.794915 0.344975 0.020617 0.019049
0 0.160220 0.614659 0.024740 0.022134
0 0.893678 0.615657 0.022187 0.023766
0 0.307383 0.912010 0.025329 0.021771
0 0.258983 0.795174 0.023169 0.020319
0 0.578441 0.682602 0.024347 0.022678
0 0.698017 0.725962 0.020027 0.024129
0 0.749264 0.163824 0.022776 0.023948
0 0.842038 0.546535 0.022187 0.021226
0 0.333104 0.932420 0.025329 0.019049
0 0.840762 0.138697 0.021598 0.025218
0 0.185254 0.569938 0.026507 0.019775
0 0.772433 0.775036 0.023169 0.023585
0 0.815727 0.232402 0.022973 0.023222
0 0.357157 0.704735 0.023562 0.023403
0 0.550461 0.429427 0.021795 0.026125
0 0.895150 0.795991 0.023562 0.019049
0 0.917239 0.320392 0.022973 0.023948
0 0.380620 0.610577 0.023365 0.022678
0 0.624681 0.656749 0.025329 0.024311
0 0.077950 0.164459 0.024347 0.021226
0 0.404869 0.319394 0.023954 0.022678
0 0.815629 0.457819 0.019635 0.022678
0 0.156784 0.120555 0.023365 0.023403
0 0.797074 0.298984 0.021402 0.023948
0 0.576281 0.910105 0.022384 0.021952
0 0.649519 0.523131 0.021206 0.020864
0 0.941783 0.340348 0.021795 0.023948
0 0.579325 0.101415 0.028863 0.023222
0 0.601708 0.141056 0.023758 0.021952
0 0.527194 0.522224 0.021991 0.019412
0 0.918417 0.573113 0.023758 0.022134
0 0.181524 0.191401 0.025722 0.021771
0 0.379541 0.457729 0.021991 0.022134
0 0.674161 0.523585 0.024151 0.021408
0 0.793540 0.611484 0.019831 0.020864
0 0.332417 0.569394 0.022384 0.021952
0 0.893285 0.297079 0.022580 0.021952
0 0.260161 0.662827 0.025918 0.021952
0 0.188396 0.795991 0.021402 0.023041
0 0.675437 0.774220 0.024740 0.025943
0 0.969762 0.867925 0.023169 0.025762
0 0.211565 0.636339 0.022580 0.023403
0 0.374926 0.093614 0.023758 0.021045
0 0.159631 0.591528 0.024347 0.022678
0 0.159631 0.523403 0.021598 0.022134
0 0.817593 0.345065 0.020420 0.019231
0 0.527783 0.863752 0.023954 0.023222
0 0.747104 0.525127 0.022776 0.022678
0 0.749362 0.662464 0.021795 0.020864
0 0.162380 0.954009 0.022776 0.025218
0 0.381897 0.588534 0.022384 0.021045
0 0.818280 0.843160 0.022580 0.021952
0 0.917534 0.594249 0.023954 0.019049
0 0.453564 0.703828 0.021598 0.020864
0 0.940997 0.276851 0.022973 0.022134
0 0.602297 0.951288 0.022973 0.021952
0 0.700177 0.163371 0.023169 0.025218
0 0.301885 0.076197 0.025329 0.023948
0 0.940605 0.179427 0.025329 0.022134
0 0.052916 0.118469 0.025329 0.020682
0 0.865993 0.208273 0.024936 0.024311
0 0.085804 0.658472 0.027489 0.021952
0 0.162282 0.842979 0.022187 0.020138
0 0.129688 0.320936 0.021795 0.019594
0 0.109955 0.842798 0.022776 0.025943
0 0.258296 0.863389 0.024543 0.022859
0 0.576772 0.476143 0.022580 0.022315
0 0.307579 0.455733 0.027685 0.019956
0 0.700766 0.050163 0.023169 0.023403
0 0.651090 0.475780 0.027489 0.027032
0 0.971333 0.893052 0.025133 0.021952
0 0.334282 0.478320 0.021402 0.024129
0 0.578245 0.208817 0.022384 0.018142
0 0.235127 0.838625 0.021402 0.019775
0 0.479776 0.864840 0.024151 0.020682
0 0.675830 0.844340 0.026311 0.022134
0 0.356764 0.410015 0.021206 0.025399
0 0.136069 0.704644 0.022384 0.019231
0 0.137542 0.773766 0.023758 0.021045
0 0.501276 0.704735 0.021991 0.021952
0 0.405557 0.611575 0.021795 0.020682
0 0.577263 0.049347 0.021598 0.022134
0 0.649323 0.569394 0.022776 0.023041
0 0.453956 0.571753 0.023169 0.020864
0 0.725506 0.976687 0.023954 0.019412
0 0.211074 0.952921 0.021598 0.020138
0 0.429511 0.301615 0.023758 0.026306
0 0.527489 0.930697 0.025329 0.018142
0 0.184763 0.614387 0.025918 0.026669
0 0.699784 0.884978 0.021598 0.022134
0 0.155900 0.413643 0.022384 0.022134
0 0.917730 0.477050 0.023169 0.024129
0 0.454153 0.638788 0.021598 0.018868
0 0.405164 0.772859 0.022973 0.022859
0 0.526900 0.313679 0.022580 0.025399
0 0.358531 0.683690 0.023169 0.021226
0 0.258492 0.406840 0.024936 0.021589
0 0.452287 0.387427 0.024151 0.017598
0 0.841940 0.408563 0.025133 0.025399
0 0.845867 0.933599 0.023562 0.024311
0 0.576870 0.955370 0.022384 0.022496
0 0.795700 0.634706 0.021402 0.021952
0 0.253485 0.276306 0.026311 0.021408
0 0.335264 0.680878 0.024936 0.025036
0 0.180149 0.320755 0.023365 0.024311
0 0.746809 0.547351 0.022973 0.022859
0 0.380424 0.321480 0.023365 0.022496
0 0.526801 0.337446 0.025133 0.021408
0 0.131749 0.071843 0.024740 0.021045
0 0.747693 0.614478 0.025525 0.021408
0 0.624877 0.073930 0.021795 0.020864
0 0.941096 0.067761 0.023954 0.018687
0 0.212154 0.521136 0.025722 0.019775
0 0.700275 0.682057 0.022187 0.018687
0 0.817691 0.592888 0.022580 0.020319
0 0.552327 0.365566 0.023169 0.024311
0 0.357255 0.888697 0.019046 0.022315
0 0.331533 0.613933 0.022580 0.021771
0 0.477911 0.453284 0.020813 0.022678
0 0.842922 0.614387 0.022384 0.020501
0 0.481347 0.932420 0.023365 0.020138
0 0.404575 0.432692 0.022580 0.023948
0 0.868938 0.639514 0.025329 0.022134
0 0.077459 0.142326 0.026114 0.018687
0 0.749264 0.291909 0.022776 0.023948
0 0.079717 0.432874 0.021598 0.026125
0 0.675044 0.429608 0.023562 0.021408
0 0.651188 0.774673 0.022580 0.025036
0 0.160907 0.636430 0.023758 0.023585
0 0.773316 0.869013 0.025329 0.021408
0 0.675044 0.954191 0.025133 0.021589
0 0.332024 0.887065 0.021598 0.021952
0 0.870607 0.888788 0.024740 0.024311
0 0.579128 0.825381 0.023758 0.021952
0 0.153642 0.235033 0.021795 0.021226
0 0.163067 0.910559 0.024543 0.023948
0 0.942372 0.479136 0.022580 0.022859
0 0.915767 0.390058 0.021206 0.022134
0 0.501963 0.477050 0.023365 0.019412
0 0.817887 0.775762 0.023758 0.024311
0 0.700373 0.342525 0.023562 0.022859
0 0.725407 0.138335 0.025329 0.019049
0 0.453073 0.275036 0.022973 0.021408
0 0.844100 0.817308 0.023562 0.019231
0 0.234243 0.662373 0.023954 0.025036
0 0.105144 0.097242 0.025722 0.022859
0 0.699195 0.365475 0.021206 0.020501
0 0.945219 0.913371 0.025918 0.023766
0 0.550363 0.546535 0.025133 0.021589
0 0.773611 0.073839 0.022384 0.021045
0 0.893481 0.726869 0.023365 0.020864
0 0.625663 0.141147 0.021795 0.022859
0 0.477322 0.388697 0.023562 0.020864
0 0.650697 0.868741 0.023169 0.025581
0 0.161202 0.680787 0.023954 0.016872
0 0.405557 0.824383 0.021795 0.026851
0 0.352739 0.098059 0.025722 0.023041
0 0.333988 0.524492 0.026703 0.022496
0 0.552621 0.956187 0.023758 0.023403
0 0.188789 0.951016 0.023758 0.020682
0 0.795995 0.407021 0.023169 0.021952
0 0.819360 0.912192 0.024740 0.020319
0 0.841744 0.592979 0.023169 0.019412
0 0.430395 0.864840 0.025133 0.023222
0 0.453073 0.593614 0.022580 0.022496
0 0.865403 0.185595 0.021009 0.022134
0 0.137542 0.662373 0.026114 0.020319
0 0.944728 0.889967 0.025329 0.021589
0 0.083644 0.866473 0.024347 0.023222
0 0.110544 0.866110 0.021206 0.020682
0 0.301492 0.209724 0.024936 0.021408
0 0.772825 0.821118 0.021598 0.019956
0 0.213430 0.727594 0.024740 0.023403
0 0.184862 0.590711 0.021795 0.021408
0 0.841155 0.476506 0.020420 0.021589
0 0.404968 0.296898 0.022187 0.020864
0 0.625565 0.341709 0.022776 0.019412
0 0.578539 0.454282 0.022973 0.018505
0 0.187807 0.773857 0.023365 0.020864
0 0.501473 0.622188 0.018064 0.024129
0 0.968388 0.296081 0.023954 0.021771
0 0.359317 0.545265 0.023169 0.018324
0 0.725604 0.114931 0.022580 0.020864
0 0.624975 0.524764 0.021206 0.020501
0 0.578048 0.847877 0.020813 0.021952
0 0.103279 0.234307 0.020813 0.023766
0 0.893187 0.658745 0.022776 0.018505
0 0.602494 0.070573 0.023758 0.023585
0 0.328490 0.096789 0.022384 0.020138
0 0.129001 0.140965 0.021598 0.021771
0 0.865011 0.163552 0.022580 0.021226
0 0.845769 0.885613 0.024151 0.021226
0 0.939525 0.109216 0.021598 0.021408
0 0.840958 0.206368 0.026703 0.019049
0 0.841155 0.451923 0.021991 0.021045
0 0.793246 0.588353 0.021598 0.024311
0 0.155115 0.213897 0.022776 0.020682
0 0.795111 0.367834 0.021402 0.024855
0 0.503338 0.840711 0.021795 0.026125
0 0.477813 0.524038 0.024151 0.025218
0 0.186825 0.863026 0.022580 0.021408
0 0.815531 0.119739 0.021402 0.020319
0 0.380326 0.412645 0.025133 0.028846
0 0.552130 0.772587 0.023954 0.024129
0 0.453269 0.456640 0.026114 0.020319
0 0.941783 0.298893 0.020617 0.023403
0 0.407618 0.892144 0.025133 0.022315
0 0.794522 0.775308 0.019438 0.023041
0 0.103672 0.211176 0.024347 0.023222
0 0.869723 0.816945 0.022973 0.021771
0 0.130375 0.096154 0.022776 0.024311
0 0.106224 0.324746 0.023562 0.022134
0 0.154820 0.342525 0.023365 0.014877
0 0.480758 0.910468 0.023758 0.021589
0 0.918614 0.888425 0.022580 0.022496
0 0.700569 0.815131 0.023169 0.021045
0 0.302474 0.187137 0.026900 0.022678
0 0.137051 0.953193 0.024347 0.025036
0 0.526409 0.886430 0.022776 0.021771
0 0.892892 0.592344 0.023365 0.021771
0 0.237188 0.706005 0.022776 0.019775
0 0.428235 0.450290 0.024740 0.022134
0 0.478598 0.774220 0.021402 0.024129
0 0.816709 0.095882 0.023365 0.027032
0 0.602003 0.700018 0.021991 0.024855
0 0.551934 0.117471 0.022776 0.025218
0 0.229334 0.318668 0.024347 0.025581
0 0.380915 0.344521 0.024347 0.021045
0 0.747497 0.728048 0.023562 0.019956
0 0.551541 0.976597 0.022776 0.019231
0 0.209700 0.479227 0.025525 0.024492
0 0.259277 0.931422 0.024936 0.020682
0 0.749853 0.120011 0.024347 0.023041
0 0.816120 0.071662 0.022187 0.019594
0 0.916258 0.526216 0.021795 0.025943
0 0.076870 0.186956 0.022973 0.020864
0 0.891812 0.454463 0.021206 0.027213
0 0.428431 0.391056 0.021206 0.020501
0 0.841155 0.095882 0.023169 0.019775
0 0.136069 0.640965 0.024740 0.021408
0 0.916552 0.071753 0.022384 0.022678
0 0.163754 0.660649 0.023954 0.020501
0 0.131848 0.389695 0.023365 0.025762
0 0.106421 0.431060 0.025918 0.022134
0 0.603377 0.974692 0.023562 0.024492
0 0.401335 0.161103 0.022776 0.018505
0 0.077754 0.097877 0.021598 0.023766
0 0.258198 0.433418 0.022384 0.027576
0 0.137640 0.725871 0.023954 0.022134
0 0.723248 0.700835 0.022187 0.019594
0 0.700177 0.862663 0.021991 0.022496
0 0.891616 0.525762 0.023954 0.025036
0 0.480463 0.887700 0.023562 0.020682
0 0.674651 0.887065 0.022384 0.024129
0 0.969664 0.976869 0.026507 0.021952
0 0.699882 0.660377 0.022187 0.018868
0 0.112213 0.657202 0.023365 0.021226
0 0.430493 0.888607 0.020617 0.022134
0 0.455920 0.914006 0.020813 0.023585
0 0.917730 0.297805 0.020813 0.019775
0 0.162871 0.774764 0.022973 0.024855
0 0.675241 0.931785 0.023954 0.022496
0 0.084822 0.888153 0.025133 0.020138
0 0.454742 0.317217 0.021991 0.021952
0 0.084331 0.596154 0.024936 0.019956
0 0.210780 0.795174 0.018653 0.017054
0 0.188396 0.884797 0.024543 0.022134
0 0.551640 0.275308 0.022580 0.021226
0 0.455233 0.891691 0.020617 0.021045
0 0.502945 0.346789 0.022187 0.024129
0 0.649224 0.664278 0.021009 0.023041
0 0.724917 0.802431 0.021598 0.025036
0 0.649519 0.817217 0.021991 0.020501
0 0.651482 0.706096 0.023954 0.020319
0 0.211172 0.662827 0.021009 0.027032
0 0.555468 0.840530 0.023562 0.024311
0 0.527489 0.293541 0.022580 0.017054
0 0.525722 0.566582 0.023365 0.017417
0 0.701649 0.389514 0.024151 0.026125
0 0.914981 0.094158 0.021991 0.019231
0 0.677106 0.050073 0.019046 0.021408
0 0.112998 0.679517 0.022580 0.024492
0 0.429413 0.347424 0.021991 0.023948
0 0.236108 0.772587 0.024151 0.021226
0 0.503338 0.889242 0.019438 0.020864
0 0.478500 0.320029 0.023954 0.022134
0 0.625074 0.117834 0.021795 0.023403
0 0.747693 0.867925 0.025525 0.023222
0 0.503829 0.813226 0.020027 0.026306
0 0.206951 0.073476 0.025133 0.024311
0 0.078441 0.277032 0.026507 0.022859
0 0.894659 0.815040 0.024151 0.018687
0 0.452876 0.526760 0.024151 0.026306
0 0.795307 0.208001 0.018260 0.021589
0 0.525722 0.706005 0.023365 0.019049
0 0.112998 0.701923 0.024936 0.018868
0 0.130670 0.342798 0.020617 0.020864
0 0.136265 0.617925 0.022384 0.023585
0 0.722659 0.724692 0.026507 0.025943
0 0.477813 0.365747 0.024151 0.022134
0 0.332515 0.975327 0.027685 0.019956
0 0.796682 0.842707 0.022973 0.020682
0 0.479383 0.795446 0.024543 0.016509
0 0.551247 0.887790 0.020224 0.022678
0 0.425780 0.092798 0.022973 0.024855
0 0.155606 0.142507 0.022580 0.019775
0 0.331141 0.839532 0.022973 0.023403
0 0.865894 0.523403 0.024740 0.022859
0 0.478304 0.572750 0.023954 0.025762
0 0.773414 0.680425 0.022384 0.023403
0 0.916945 0.275308 0.021206 0.023766
0 0.840565 0.429699 0.024740 0.019049
0 0.104653 0.166818 0.021991 0.020501
0 0.916552 0.410831 0.021991 0.018687
0 0.246024 0.124728 0.034557 0.017961
0 0.747791 0.845428 0.021795 0.020682
0 0.186138 0.841074 0.021206 0.019594
0 0.374730 0.164913 0.024543 0.024673
0 0.577656 0.614115 0.024740 0.019594
0 0.819458 0.976597 0.023365 0.024673
0 0.526311 0.456368 0.021795 0.021226
0 0.382486 0.544993 0.021206 0.018142
0 0.375810 0.073022 0.026311 0.019412
0 0.650992 0.591346 0.021009 0.020501
0 0.425584 0.116745 0.026507 0.020501
0 0.185254 0.525036 0.024543 0.022859
0 0.306008 0.547714 0.025722 0.023948
0 0.163460 0.887518 0.023365 0.023222
0 0.327312 0.118469 0.022384 0.021771
0 0.259670 0.616201 0.021402 0.025218
0 0.129393 0.275762 0.024740 0.022134
0 0.374435 0.027758 0.021991 0.024673
0 0.600137 0.404844 0.022187 0.027032
0 0.358629 0.772950 0.025329 0.021589
0 0.700962 0.839713 0.024347 0.021589
0 0.233261 0.887155 0.021991 0.022496
0 0.303161 0.050798 0.024347 0.024311
0 0.503927 0.369467 0.022580 0.021952
0 0.552130 0.523676 0.024347 0.019412
0 0.940899 0.044539 0.025133 0.022678
0 0.749656 0.822025 0.025133 0.020319
0 0.427842 0.773676 0.022384 0.021589
0 0.865600 0.364296 0.022973 0.017417
0 0.674848 0.799619 0.021598 0.023403
0 0.893481 0.570120 0.023758 0.019049
0 0.869821 0.935504 0.023562 0.023766
0 0.050560 0.054064 0.024151 0.024673
0 0.941979 0.362935 0.023758 0.020864
0 0.403691 0.364840 0.021598 0.022134
0 0.399274 0.119104 0.024543 0.019412
0 0.648243 0.432511 0.022580 0.029753
0 0.699195 0.316491 0.022384 0.023403
0 0.602984 0.929517 0.025133 0.019412
0 0.649813 0.071118 0.027292 0.019594
0 0.453858 0.296444 0.024151 0.019956
0 0.816807 0.479409 0.018849 0.021952
0 0.211172 0.773676 0.019831 0.022678
0 0.054192 0.162554 0.024347 0.018142
0 0.773316 0.522769 0.023758 0.020138
0 0.130375 0.433599 0.022384 0.020319
0 0.772531 0.314405 0.023365 0.019594
0 0.772531 0.389151 0.021402 0.019231
0 0.258296 0.523131 0.023758 0.023041
0 0.649813 0.917453 0.021009 0.021771
0 0.771647 0.591528 0.020813 0.018324
0 0.404771 0.870011 0.020617 0.019775
0 0.700079 0.187954 0.024151 0.022496
0 0.527194 0.773222 0.022776 0.022134
0 0.941488 0.201832 0.023562 0.017961
0 0.381308 0.869104 0.023562 0.027395
0 0.627233 0.913552 0.021795 0.025943
0 0.868643 0.864478 0.022776 0.020682
0 0.501963 0.142326 0.024936 0.021226
0 0.356568 0.298077 0.023169 0.020682
0 0.552327 0.682420 0.023954 0.021952
0 0.186531 0.725236 0.022384 0.020138
0 0.699980 0.976143 0.023954 0.023041
0 0.674848 0.589441 0.023169 0.018505
0 0.137051 0.570845 0.025133 0.024492
0 0.699882 0.550435 0.024151 0.022134
0 0.076772 0.075472 0.020813 0.021045
0 0.626055 0.954644 0.024151 0.025036
0 0.626448 0.823930 0.019831 0.022678
0 0.675928 0.231676 0.023758 0.021045
0 0.893579 0.774855 0.021206 0.021408
0 0.722855 0.524855 0.020617 0.024311
0 0.304830 0.570029 0.021009 0.019956
0 0.155017 0.050980 0.023365 0.020682
0 0.699195 0.025762 0.020420 0.023222
0 0.700275 0.572388 0.022973 0.019956
0 0.747987 0.800345 0.023758 0.022678
0 0.160416 0.702558 0.023169 0.024855
0 0.112507 0.724510 0.026311 0.024129
0 0.526801 0.274673 0.023562 0.019956
0 0.306695 0.638788 0.027096 0.021771
0 0.211467 0.546353 0.024740 0.025218
0 0.380326 0.723331 0.021206 0.028302
0 0.578441 0.123095 0.024740 0.023041
0 0.552621 0.705552 0.026507 0.021045
0 0.258688 0.591346 0.024936 0.022678
0 0.841351 0.231132 0.025918 0.021408
0 0.550658 0.911284 0.022187 0.023948
0 0.649224 0.405842 0.021009 0.020682
0 0.211958 0.685595 0.022973 0.018868
0 0.578441 0.145591 0.021598 0.021952
0 0.675633 0.453284 0.024347 0.026306
0 0.430591 0.546535 0.021991 0.023403
0 0.940310 0.087990 0.022384 0.018505
0 0.305419 0.863843 0.022580 0.022678
0 0.526212 0.207638 0.023954 0.021952
0 0.111329 0.636430 0.023954 0.021045
0 0.724328 0.955552 0.023169 0.022859
0 0.258688 0.546807 0.021795 0.021408
0 0.673866 0.634071 0.023954 0.019956
0 0.160809 0.568578 0.020420 0.022496
0 0.228745 0.344067 0.020027 0.026306
0 0.429413 0.702467 0.023562 0.025399
0 0.892990 0.275671 0.018457 0.020864
0 0.502454 0.455914 0.021598 0.021771
0 0.917239 0.684960 0.021795 0.025943
0 0.178971 0.276306 0.024151 0.022859
0 0.699686 0.593342 0.021009 0.020864
0 0.674161 0.187500 0.024151 0.023403
0 0.304928 0.841255 0.021206 0.019231
0 0.502160 0.413643 0.020224 0.019231
0 0.258099 0.568578 0.020224 0.020319
0 0.794915 0.910649 0.021402 0.025218
0 0.357157 0.819394 0.019242 0.020138
0 0.773120 0.659017 0.022973 0.017961
0 0.649421 0.976959 0.021402 0.022496
0 0.943452 0.976869 0.022384 0.023041
0 0.356961 0.433055 0.020813 0.019594
0 0.818476 0.679971 0.021795 0.025036
0 0.211172 0.930425 0.023365 0.023766
0 0.773905 0.095791 0.022580 0.020319
0 0.104555 0.142689 0.023758 0.027758
0 0.077165 0.051252 0.019635 0.025218
0 0.674553 0.975508 0.022187 0.020682
0 0.137836 0.816310 0.023169 0.020138
0 0.403299 0.455914 0.021206 0.021408
0 0.841744 0.361030 0.021598 0.022134
0 0.302769 0.099147 0.025525 0.023041
0 0.084233 0.636430 0.026703 0.022134
0 0.794915 0.704917 0.020617 0.022315
0 0.136069 0.548077 0.021991 0.020682
0 0.053014 0.140784 0.021206 0.022859
0 0.234047 0.817580 0.020420 0.019775
0 0.816709 0.435776 0.021402 0.021771
0 0.428137 0.522315 0.021009 0.020319
0 0.502749 0.275762 0.020224 0.020682
0 0.130670 0.365929 0.023758 0.020319
0 0.943648 0.807874 0.021598 0.022859
0 0.477125 0.431694 0.019635 0.019049
0 0.105439 0.368469 0.021991 0.019231
0 0.526212 0.186411 0.025918 0.017961
0 0.724524 0.160015 0.020027 0.022496
0 0.674750 0.865022 0.021009 0.017417
0 0.866680 0.297986 0.025918 0.016147
0 0.247202 0.142779 0.038484 0.019594
0 0.749264 0.026669 0.018849 0.021771
0 0.308168 0.477957 0.025722 0.023403
0 0.454447 0.659289 0.019831 0.020319
0 0.430198 0.569485 0.023562 0.022496
0 0.772433 0.232583 0.020027 0.021771
0 0.700471 0.274583 0.020617 0.019775
0 0.080404 0.300163 0.024936 0.024855
0 0.111918 0.909742 0.025918 0.019412
0 0.970646 0.914913 0.023365 0.021045
0 0.919596 0.977322 0.022973 0.021408
0 0.186923 0.819031 0.021206 0.023766
0 0.552719 0.863933 0.023562 0.018505
0 0.675731 0.096698 0.021009 0.020682
0 0.502062 0.391872 0.020813 0.023222
0 0.477911 0.476778 0.021598 0.024673
0 0.429806 0.276125 0.021991 0.023948
0 0.841547 0.180878 0.023562 0.025762
0 0.774789 0.139786 0.023954 0.021589
0 0.355979 0.841528 0.019635 0.021226
0 0.479285 0.618469 0.024740 0.023948
0 0.577754 0.189314 0.023365 0.021226
0 0.578637 0.869920 0.024347 0.020319
0 0.551738 0.093433 0.022776 0.021771
0 0.576281 0.548258 0.023562 0.015602
0 0.724033 0.184416 0.018260 0.017961
0 0.650304 0.026306 0.023954 0.025762
0 0.136462 0.525036 0.020813 0.022134
0 0.053112 0.095519 0.023758 0.023041
0 0.258296 0.953102 0.022973 0.021226
0 0.578343 0.660649 0.022580 0.020138
0 0.501865 0.434597 0.021598 0.021952
0 0.526212 0.232311 0.021206 0.023403
0 0.602592 0.892779 0.022776 0.017779
0 0.331043 0.864478 0.018849 0.021771
0 0.358139 0.661829 0.024347 0.024311
0 0.969762 0.525308 0.023169 0.024129
0 0.919988 0.813316 0.024151 0.023585
0 0.234832 0.637246 0.021991 0.021226
0 0.578048 0.299528 0.023562 0.017054
0 0.382388 0.633255 0.019831 0.017961
0 0.402808 0.387881 0.023365 0.022134
0 0.078539 0.408926 0.022776 0.019956
0 0.893579 0.318215 0.022384 0.022134
0 0.354899 0.187137 0.022973 0.022678
0 0.302081 0.027213 0.024151 0.023585
0 0.381210 0.366110 0.022580 0.022134
0 0.328686 0.207910 0.023954 0.019956
0 0.675339 0.371734 0.022580 0.018868
0 0.357550 0.911466 0.022776 0.019231
0 0.699980 0.234488 0.022384 0.020138
0 0.429315 0.841618 0.019831 0.021045
0 0.380424 0.387427 0.019831 0.020138
0 0.624877 0.317398 0.022187 0.025581
0 0.602395 0.453012 0.025133 0.017417
0 0.601806 0.319031 0.022776 0.018324
0 0.027096 0.098331 0.025133 0.024311
0 0.867367 0.454644 0.022580 0.020319
0 0.526605 0.544630 0.021206 0.024673
0 0.478794 0.662010 0.023758 0.022134
0 0.111035 0.571027 0.022973 0.023041
0 0.406048 0.272134 0.024740 0.022859
0 0.675044 0.119739 0.019635 0.023948
0 0.424112 0.025399 0.025918 0.022496
0 0.552818 0.340802 0.024543 0.020138
0 0.795504 0.681876 0.021009 0.024855
0 0.302867 0.232765 0.025722 0.022496
0 0.890929 0.071480 0.025329 0.021771
0 0.429707 0.325290 0.025722 0.020682
0 0.839486 0.115566 0.020617 0.018142
0 0.332024 0.636339 0.019635 0.020864
0 0.969664 0.204372 0.027292 0.027395
0 0.457785 0.975508 0.022973 0.023948
0 0.818476 0.414369 0.019046 0.018868
0 0.260652 0.772134 0.021795 0.022859
0 0.795602 0.886792 0.019635 0.021045
0 0.179069 0.299165 0.020027 0.018505
0 0.772531 0.183962 0.022187 0.022496
0 0.864324 0.073295 0.022384 0.023585
0 0.428726 0.594793 0.020224 0.026669
0 0.625368 0.096245 0.018064 0.017598
0 0.970155 0.231041 0.022776 0.021226
0 0.083742 0.615929 0.023758 0.019956
0 0.892107 0.549710 0.024543 0.021408
0 0.675731 0.393324 0.024151 0.024311
0 0.968290 0.573295 0.025722 0.026125
0 0.502356 0.187319 0.022580 0.019775
0 0.526605 0.165004 0.020813 0.020501
0 0.430493 0.662010 0.024151 0.021045
0 0.970646 0.934688 0.022973 0.018505
0 0.916258 0.431422 0.020224 0.021045
0 0.254761 0.300163 0.024151 0.025218
0 0.920381 0.955007 0.024151 0.021771
0 0.477518 0.162827 0.022384 0.024129
0 0.527096 0.408019 0.023758 0.021771
0 0.211859 0.591890 0.021206 0.020501
0 0.624975 0.027123 0.023169 0.024129
0 0.968683 0.549256 0.023758 0.021589
0 0.700275 0.295628 0.021795 0.017598
0 0.501473 0.726597 0.020420 0.021045
0 0.303259 0.140965 0.030041 0.018868
0 0.794718 0.093705 0.017868 0.020501
0 0.698802 0.212355 0.021598 0.024855
0 0.331828 0.341528 0.028274 0.021226
0 0.723935 0.390512 0.024740 0.018324
0 0.892990 0.429517 0.021991 0.023041
0 0.624386 0.233853 0.019242 0.019594
0 0.841940 0.274129 0.023169 0.017417
0 0.210878 0.570120 0.025133 0.023041
0 0.917927 0.728229 0.023169 0.018505
0 0.302670 0.120737 0.024936 0.020864
0 0.331435 0.321299 0.027489 0.020682
0 0.358335 0.932692 0.021991 0.022496
0 0.868741 0.231041 0.026114 0.023766
0 0.625172 0.186139 0.024347 0.017054
0 0.773709 0.117290 0.020617 0.021226
0 0.818182 0.276125 0.020027 0.019594
0 0.237090 0.727685 0.021795 0.023948
0 0.235618 0.594430 0.021598 0.025218
0 0.109758 0.931785 0.025525 0.023585
0 0.354212 0.141237 0.023562 0.022678
0 0.235028 0.475689 0.023169 0.023222
0 0.602003 0.342253 0.021206 0.026669
0 0.136560 0.683781 0.021402 0.023948
0 0.397605 0.025581 0.021991 0.023222
0 0.432162 0.976869 0.024740 0.020864
0 0.359709 0.973422 0.027096 0.022678
0 0.481249 0.953374 0.024347 0.023948
0 0.795896 0.976324 0.020224 0.022315
0 0.775476 0.028483 0.022187 0.022496
0 0.526801 0.432329 0.022384 0.025762
0 0.748773 0.386883 0.021009 0.020501
0 0.749853 0.141963 0.022384 0.020501
0 0.375515 0.139786 0.022580 0.021952
0 0.916159 0.048530 0.022384 0.022315
0 0.699784 0.951742 0.023169 0.025399
0 0.186334 0.704554 0.019242 0.017961
0 0.235323 0.526851 0.018260 0.030842
0 0.943255 0.933327 0.019635 0.018687
0 0.819753 0.321753 0.020813 0.021952
0 0.969075 0.368197 0.023365 0.023766
0 0.817691 0.393052 0.022973 0.023041
0 0.554094 0.817671 0.024740 0.017417
0 0.477322 0.410196 0.023954 0.019594
0 0.892794 0.479409 0.023562 0.022678
0 0.864127 0.117108 0.018457 0.018687
0 0.650206 0.049165 0.019831 0.018142
0 0.232967 0.951742 0.022187 0.023948
0 0.576870 0.975780 0.025525 0.018324
0 0.503338 0.911647 0.017475 0.022134
0 0.429118 0.410740 0.019831 0.018142
0 0.674848 0.142417 0.020813 0.020319
0 0.234832 0.615657 0.022384 0.021226
0 0.890634 0.049438 0.025525 0.020864
0 0.306597 0.660196 0.025329 0.022134
0 0.186923 0.661194 0.023562 0.020864
0 0.626644 0.978229 0.024543 0.019231
0 0.105733 0.119829 0.026114 0.019775
0 0.333301 0.434325 0.021402 0.026488
0 0.477420 0.595337 0.024151 0.017961
0 0.673179 0.655842 0.025329 0.021771
0 0.701060 0.771499 0.024151 0.017235
0 0.967112 0.160468 0.022187 0.018324
0 0.601119 0.568033 0.021009 0.019594
0 0.328392 0.074837 0.025722 0.023041
0 0.601512 0.209815 0.019438 0.017235
0 0.456607 0.935323 0.021009 0.019412
0 0.842333 0.774401 0.020813 0.023766
0 0.058021 0.615203 0.021402 0.019956
0 0.379737 0.478774 0.019635 0.019231
0 0.525034 0.909561 0.021206 0.020864
0 0.405262 0.522859 0.022776 0.018142
0 0.257805 0.478229 0.021991 0.021771
0 0.481936 0.975689 0.022187 0.022134
0 0.552916 0.796898 0.022384 0.019049
0 0.971922 0.955098 0.025525 0.021952
0 0.945023 0.829917 0.023169 0.017961
0 0.205871 0.387155 0.027292 0.022859
0 0.603574 0.774220 0.023169 0.022315
0 0.162380 0.931967 0.024740 0.020319
0 0.944924 0.847877 0.021795 0.017961
0 0.841547 0.524220 0.020813 0.024129
0 0.840664 0.073839 0.020224 0.022496
0 0.795111 0.477866 0.023365 0.025762
0 0.575594 0.890149 0.020617 0.019049
0 0.330257 0.184234 0.025525 0.022678
0 0.502749 0.645319 0.021009 0.021408
0 0.795602 0.072388 0.016886 0.019594
0 0.477715 0.705914 0.022384 0.022134
0 0.749166 0.683599 0.023365 0.021045
0 0.479187 0.641872 0.025329 0.019956
0 0.329177 0.027032 0.026114 0.018142
0 0.868545 0.660649 0.022973 0.018687
0 0.674062 0.324927 0.022776 0.023222
0 0.306499 0.364387 0.027096 0.018687
0 0.968093 0.274764 0.021402 0.019775
0 0.895248 0.955461 0.024936 0.021589
0 0.699489 0.073113 0.021402 0.022496
0 0.084920 0.908654 0.026507 0.023766
0 0.307481 0.933418 0.023954 0.019594
0 0.260848 0.697932 0.024151 0.025762
0 0.359022 0.953193 0.025329 0.017054
0 0.966326 0.179608 0.022580 0.021045
0 0.649224 0.206549 0.019438 0.018324
0 0.889554 0.093795 0.020617 0.017779
0 0.501963 0.322750 0.019831 0.020319
0 0.819654 0.934053 0.024936 0.021589
0 0.086786 0.681422 0.028274 0.021045
0 0.817495 0.727504 0.021009 0.018868
0 0.602984 0.910287 0.025525 0.017235
0 0.400353 0.139060 0.026311 0.019049
0 0.795995 0.658382 0.021206 0.022496
0 0.673375 0.024673 0.020224 0.025399
0 0.817396 0.704463 0.024347 0.021408
0 0.772531 0.956187 0.023758 0.019775
0 0.817200 0.200290 0.025525 0.037373
0 0.084528 0.844340 0.022187 0.024673
0 0.577656 0.166727 0.020027 0.021045
0 0.866091 0.383890 0.021598 0.018505
0 0.381013 0.437046 0.020617 0.019231
0 0.152661 0.026941 0.030434 0.026306
0 0.724328 0.546626 0.021598 0.017417
0 0.674848 0.209180 0.018457 0.017779
0 0.187414 0.684416 0.026114 0.024129
0 0.432751 0.955007 0.025133 0.022134
0 0.479187 0.273766 0.026900 0.022496
0 0.675339 0.073748 0.022580 0.025218
0 0.747497 0.455098 0.020420 0.023766
0 0.890438 0.184416 0.021991 0.021952
0 0.817789 0.799075 0.022384 0.019775
0 0.916552 0.347696 0.020813 0.030298
0 0.184469 0.474782 0.020617 0.026851
0 0.700079 0.930062 0.024543 0.017235
0 0.428431 0.369739 0.021991 0.021045
0 0.059690 0.593342 0.020813 0.023403
0 0.080012 0.121372 0.026507 0.021771
0 0.377086 0.188498 0.019831 0.021408
0 0.136069 0.911103 0.021991 0.020319
0 0.079423 0.387065 0.024151 0.013970
0 0.699588 0.436139 0.023169 0.019594
0 0.180640 0.361484 0.022384 0.021952
0 0.425879 0.071662 0.025133 0.016691
0 0.205380 0.367199 0.023954 0.012700
0 0.526703 0.952558 0.021795 0.023041
0 0.892794 0.409017 0.021991 0.019049
0 0.307677 0.953465 0.025133 0.019049
0 0.724917 0.823476 0.021206 0.016691
0 0.127823 0.049982 0.019635 0.019775
0 0.941685 0.319031 0.020420 0.017598
0 0.432162 0.936321 0.024347 0.017054
0 0.405164 0.725689 0.026114 0.015239
0 0.841351 0.681422 0.021598 0.021771
0 0.233163 0.431967 0.021009 0.026851
0 0.969664 0.320483 0.026507 0.028120
0 0.966032 0.117562 0.021206 0.020319
0 0.428333 0.429880 0.021402 0.019775
0 0.793246 0.232221 0.018457 0.021771
0 0.137247 0.975962 0.022776 0.021952
0 0.624583 0.165457 0.018849 0.019956
0 0.526703 0.095065 0.024543 0.029390
0 0.795307 0.564768 0.020224 0.021771
0 0.623601 0.049891 0.017671 0.018868
0 0.136855 0.929608 0.021991 0.019594
0 0.110937 0.549528 0.026703 0.022859
0 0.356666 0.478048 0.025329 0.022859
0 0.699195 0.455461 0.023169 0.021226
0 0.207245 0.111938 0.023758 0.019231
0 0.798351 0.276216 0.022384 0.022678
0 0.162576 0.976415 0.023562 0.017054
0 0.888965 0.206549 0.020224 0.021589
0 0.795896 0.542181 0.019046 0.019775
0 0.969664 0.843705 0.022973 0.021952
0 0.033772 0.613298 0.020027 0.027395
0 0.354310 0.028030 0.021009 0.020501
0 0.749166 0.937772 0.021795 0.018868
0 0.080012 0.320029 0.023758 0.011611
0 0.917338 0.368106 0.025133 0.023222
0 0.449048 0.024946 0.019635 0.020138
0 0.212547 0.706187 0.025722 0.022678
0 0.380130 0.273494 0.023169 0.019049
0 0.795209 0.185323 0.016886 0.024129
0 0.376301 0.208817 0.021009 0.019231
0 0.381602 0.796988 0.017868 0.020682
0 0.333104 0.456821 0.019831 0.020682
0 0.942470 0.704554 0.023169 0.016147
0 0.356961 0.318850 0.025133 0.015784
0 0.304928 0.976234 0.021598 0.019231
0 0.551345 0.477141 0.024740 0.013788
0 0.350677 0.166183 0.019635 0.019594
0 0.940507 0.683781 0.018849 0.021408
0 0.112409 0.975145 0.026507 0.021045
0 0.259866 0.974782 0.024936 0.020682
0 0.054290 0.458636 0.021795 0.023948
0 0.624877 0.390149 0.022973 0.016509
0 0.601316 0.232039 0.022580 0.021771
0 0.649028 0.387065 0.024151 0.012881
0 0.253976 0.340802 0.025722 0.024855
0 0.748871 0.048984 0.020027 0.019956
0 0.749067 0.070210 0.021991 0.023948
0 0.059788 0.676978 0.024151 0.020864
0 0.942863 0.568850 0.023169 0.019412
0 0.156293 0.434869 0.023562 0.021408
0 0.942666 0.427431 0.024740 0.017417
0 0.625761 0.702739 0.025918 0.013244
0 0.773218 0.977413 0.024740 0.021226
0 0.969566 0.820483 0.023169 0.021589
0 0.700177 0.092888 0.024740 0.017417
0 0.307579 0.795718 0.025329 0.017779
0 0.577361 0.365022 0.025722 0.012337
0 0.939230 0.023041 0.021009 0.017417
0 0.232280 0.929608 0.017671 0.016328
0 0.429609 0.680969 0.023954 0.018324
0 0.502553 0.775036 0.019438 0.023585
0 0.307383 0.773585 0.020617 0.020319
0 0.916945 0.661194 0.021206 0.020864
0 0.966817 0.457547 0.019635 0.023585
0 0.187610 0.930969 0.022187 0.017961
0 0.259081 0.838716 0.022973 0.016328
0 0.867760 0.771589 0.024543 0.015602
0 0.525722 0.972515 0.021795 0.021952
0 0.550069 0.613843 0.025329 0.012518
0 0.453858 0.233400 0.024543 0.019412
0 0.917828 0.639151 0.023758 0.022496
0 0.448655 0.073930 0.018849 0.020864
0 0.381504 0.933872 0.021206 0.023766
0 0.920086 0.913008 0.024347 0.024492
0 0.381111 0.699746 0.022384 0.018868
0 0.723346 0.627812 0.020027 0.020138
0 0.180935 0.340530 0.022580 0.013062
0 0.774004 0.296263 0.023169 0.013425
0 0.406342 0.953102 0.024151 0.019412
0 0.260652 0.680243 0.024151 0.015421
0 0.870312 0.974057 0.025329 0.025762
0 0.820538 0.659742 0.025133 0.016147
0 0.793835 0.116382 0.018457 0.023403
0 0.449440 0.049891 0.021598 0.023585
0 0.968683 0.434144 0.019831 0.019594
0 0.374632 0.115657 0.022384 0.020501
0 0.722659 0.610396 0.022187 0.014695
0 0.405753 0.935958 0.024543 0.015965
0 0.724720 0.047079 0.023169 0.015421
0 0.650304 0.955461 0.020027 0.020138
0 0.030728 0.638970 0.023758 0.023948
0 0.332908 0.952649 0.022187 0.021045
0 0.749264 0.328465 0.017671 0.016509
0 0.082859 0.576016 0.022384 0.022134
0 0.111329 0.953012 0.024740 0.020682
0 0.724720 0.841890 0.021991 0.015784
0 0.749362 0.270501 0.024151 0.015239
0 0.723149 0.457547 0.025525 0.011248
0 0.748086 0.480134 0.025133 0.023766
0 0.257707 0.456368 0.024151 0.014332
0 0.054781 0.346335 0.022776 0.018868
0 0.205184 0.297351 0.025133 0.012700
0 0.796289 0.955642 0.022580 0.020864
0 0.846947 0.976143 0.026900 0.024492
0 0.601512 0.680878 0.022973 0.012700
0 0.795995 0.160196 0.016886 0.022134
0 0.600432 0.550345 0.023169 0.013607
0 0.358139 0.522496 0.021598 0.017417
0 0.054094 0.319394 0.020617 0.027395
0 0.796682 0.521589 0.020224 0.017779
0 0.649912 0.454100 0.023562 0.011248
0 0.210092 0.455914 0.021206 0.021045
0 0.155311 0.270682 0.023169 0.014877
0 0.600825 0.633890 0.024347 0.021408
0 0.352543 0.074746 0.022187 0.022859
0 0.914981 0.184688 0.022776 0.014151
0 0.079717 0.454644 0.023562 0.012337
0 0.208718 0.886157 0.017671 0.020138
0 0.453858 0.769503 0.026114 0.012881
0 0.356568 0.452921 0.021206 0.021952
0 0.675241 0.478683 0.023954 0.016509
0 0.111231 0.818306 0.023365 0.018687
0 0.968781 0.798984 0.021206 0.019956
0 0.840467 0.312772 0.021795 0.016328
0 0.919596 0.933781 0.022973 0.019956
0 0.625957 0.635341 0.025133 0.011974
0 0.650108 0.187319 0.022384 0.012155
0 0.423228 0.139877 0.019831 0.022496
0 0.845572 0.955733 0.022580 0.020319
0 0.771746 0.365294 0.022973 0.017598
0 0.651384 0.322388 0.024936 0.015602
0 0.748184 0.434234 0.022580 0.017235
0 0.502258 0.207638 0.022776 0.017961
0 0.211172 0.973966 0.021009 0.020864
0 0.057726 0.656205 0.026703 0.018868
0 0.114471 0.774311 0.019242 0.019594
0 0.026507 0.075562 0.021598 0.021589
0 0.054487 0.301433 0.023365 0.011430
0 0.029649 0.682783 0.025525 0.024855
0 0.354310 0.210994 0.022187 0.022134
0 0.428922 0.232221 0.021009 0.023585
0 0.254271 0.318759 0.022384 0.013062
0 0.102199 0.053701 0.024151 0.027939
0 0.408207 0.975236 0.020027 0.017961
0 0.724622 0.322660 0.024543 0.012518
0 0.795405 0.387972 0.022776 0.013607
0 0.055076 0.390693 0.020224 0.022678
0 0.058708 0.636248 0.022776 0.019231
0 0.380326 0.523313 0.025133 0.020138
0 0.965835 0.480225 0.020420 0.019956
0 0.057334 0.861575 0.023562 0.022134
0 0.457196 0.955642 0.020224 0.019049
0 0.504320 0.933962 0.018653 0.021045
0 0.113685 0.796716 0.018849 0.023403
0 0.105832 0.410287 0.024347 0.012155
0 0.553898 0.070664 0.024740 0.019049
0 0.028863 0.476052 0.025918 0.026851
0 0.503043 0.684779 0.021598 0.017961
0 0.051640 0.074655 0.023562 0.015784
0 0.819753 0.953374 0.024347 0.023585
0 0.625663 0.568668 0.025722 0.012518
0 0.207442 0.092888 0.023758 0.019594
0 0.602003 0.385522 0.022776 0.014151
0 0.179855 0.410196 0.021991 0.012337
0 0.969272 0.412736 0.022580 0.022496
0 0.232280 0.974510 0.020813 0.019049
0 0.028667 0.277758 0.024347 0.022859
0 0.624975 0.479681 0.022776 0.017054
0 0.843413 0.660377 0.024151 0.017054
0 0.941586 0.459271 0.022973 0.014332
0 0.083448 0.928973 0.018849 0.015784
0 0.552719 0.160740 0.023562 0.015239
0 0.476536 0.141056 0.021991 0.017235
0 0.749264 0.345791 0.016493 0.019231
0 0.053898 0.428338 0.028078 0.035922
0 0.601217 0.027395 0.021991 0.012337
0 0.599548 0.613480 0.024543 0.015421
0 0.796289 0.052794 0.015904 0.016691
0 0.891321 0.389060 0.022187 0.021952
0 0.627332 0.934779 0.020813 0.015058
0 0.103966 0.075472 0.027292 0.020682
0 0.083055 0.558599 0.020813 0.019594
0 0.130179 0.457003 0.023954 0.024311
0 0.673866 0.411284 0.025525 0.011974
0 0.650403 0.938316 0.020224 0.019594
0 0.380719 0.914550 0.021598 0.015965
0 0.380915 0.954463 0.018457 0.016691
0 0.967308 0.686865 0.024151 0.022134
0 0.748478 0.956549 0.021598 0.019775
0 0.772236 0.434053 0.023169 0.011067
0 0.500098 0.117290 0.021991 0.025581
0 0.795896 0.455098 0.022580 0.013970
0 0.578245 0.030207 0.023954 0.015784
0 0.446986 0.096063 0.017082 0.021226
0 0.625074 0.299256 0.023365 0.010704
0 0.840467 0.162736 0.022580 0.017417
0 0.749264 0.977504 0.022384 0.021408
0 0.055272 0.367199 0.023758 0.022859
0 0.229629 0.300073 0.021795 0.010885
0 0.942568 0.590167 0.021402 0.023222
0 0.869821 0.954372 0.023562 0.016509
0 0.230316 0.364478 0.024740 0.013788
0 0.866287 0.051705 0.018457 0.018142
0 0.969959 0.344884 0.025133 0.022496
0 0.329472 0.163099 0.023954 0.019231
0 0.031317 0.120374 0.015119 0.020864
0 0.179658 0.431513 0.023169 0.023403
0 0.748675 0.311502 0.021598 0.015239
0 0.818673 0.520229 0.018653 0.019049
0 0.505400 0.954917 0.018064 0.020138
0 0.027489 0.304155 0.025525 0.025943
0 0.968584 0.391872 0.022384 0.020682
0 0.503240 0.665820 0.021991 0.016691
0 0.397605 0.185323 0.017279 0.021589
0 0.030827 0.141872 0.021206 0.020319
0 0.382780 0.975417 0.021795 0.020864
0 0.502749 0.793632 0.019831 0.014695
0 0.943746 0.442671 0.023758 0.015239
0 0.305419 0.343070 0.023758 0.018868
0 0.079619 0.476506 0.024151 0.023403
0 0.112507 0.531567 0.021598 0.013788
0 0.333497 0.298893 0.021009 0.021226
0 0.965737 0.083454 0.022973 0.041364
0 0.794326 0.137972 0.018653 0.016509
0 0.753878 0.364931 0.022187 0.016147
0 0.128019 0.031114 0.019242 0.015784
0 0.404379 0.235849 0.021402 0.022496
0 0.237777 0.550254 0.015315 0.015239
0 0.029354 0.456459 0.021009 0.015602
0 0.088160 0.702467 0.020813 0.020682
0 0.030532 0.160831 0.023365 0.020864
0 0.054192 0.480044 0.022384 0.015602
0 0.030336 0.441219 0.022187 0.019956
0 0.203220 0.408291 0.020420 0.019412
0 0.942077 0.722242 0.022384 0.016328
0 0.816415 0.053520 0.020813 0.014877
0 0.945612 0.785377 0.028667 0.023585
0 0.967799 0.594793 0.021206 0.015421
0 0.299921 0.277576 0.019831 0.018142
0 0.233065 0.451832 0.022776 0.013607
0 0.649519 0.195573 0.021598 0.018868
0 0.084822 0.955552 0.020813 0.024311
0 0.504025 0.975871 0.020813 0.015965
0 0.919792 0.789731 0.025329 0.019231
0 0.032201 0.661103 0.021991 0.022496
0 0.026998 0.412917 0.020617 0.017054
0 0.028765 0.391056 0.024151 0.022315
0 0.028176 0.370283 0.022973 0.023585
0 0.208914 0.433237 0.021991 0.023585
0 0.233752 0.410740 0.022973 0.019231
0 0.257510 0.385160 0.028863 0.017054
