0 0.737372 0.151932 0.139808 0.112348
0 0.726097 0.255355 0.144317 0.102898
0 0.730607 0.372953 0.150331 0.094498
0 0.735869 0.495800 0.139808 0.100798
0 0.744137 0.618648 0.144317 0.102898
0 0.743385 0.733095 0.145821 0.115498
0 0.738876 0.852268 0.130788 0.085048
0 0.584035 0.144582 0.145821 0.091348
0 0.583283 0.248530 0.150331 0.091348
0 0.577270 0.383452 0.141311 0.109198
0 0.577270 0.499475 0.138304 0.108148
0 0.577270 0.606048 0.120265 0.096598
0 0.578022 0.731520 0.121768 0.074549
0 0.593055 0.849118 0.163860 0.110248
0 0.432952 0.153507 0.162357 0.111298
0 0.430698 0.273730 0.154841 0.114448
0 0.435207 0.385027 0.139808 0.070349
0 0.432952 0.495800 0.141311 0.102898
0 0.432952 0.619173 0.147324 0.082948
0 0.429194 0.733620 0.154841 0.106048
0 0.429946 0.848068 0.159351 0.114448
0 0.263830 0.144582 0.154841 0.085048
0 0.263079 0.265330 0.150331 0.120748
0 0.264582 0.386077 0.153337 0.097648
0 0.266837 0.506300 0.151834 0.090298
0 0.272850 0.632297 0.151834 0.098698
0 0.267589 0.751470 0.165364 0.099748
0 0.267589 0.859093 0.147324 0.088198
