0 0.251953 0.137555 0.034831 0.036867
0 0.877523 0.662953 0.099772 0.119941
0 0.389811 0.129854 0.040365 0.032279
0 0.096191 0.152220 0.034831 0.028511
0 0.390951 0.163117 0.037435 0.028347
0 0.747477 0.132722 0.029460 0.023595
0 0.095459 0.181222 0.027507 0.025233
0 0.092122 0.890628 0.034180 0.031624
0 0.745117 0.159921 0.027344 0.023923
0 0.247070 0.283795 0.095703 0.117319
0 0.741130 0.286417 0.089030 0.122890
0 0.114665 0.435278 0.100098 0.144355
0 0.971842 0.645748 0.025065 0.025889
0 0.377116 0.288547 0.094401 0.109454
0 0.111003 0.282238 0.093424 0.119777
0 0.085775 0.826233 0.076172 0.068327
0 0.596354 0.178928 0.039714 0.040963
0 0.748617 0.419220 0.105306 0.094544
0 0.101888 0.630100 0.106771 0.121088
0 0.594482 0.131411 0.032064 0.027855
0 0.388672 0.467147 0.110677 0.154023
0 0.376221 0.654432 0.096517 0.117975
0 0.251383 0.623874 0.083496 0.087334
0 0.100586 0.742340 0.098633 0.084057
0 0.892741 0.264460 0.094401 0.078650
0 0.894857 0.435933 0.094401 0.089628
0 0.639323 0.744552 0.091146 0.086187
0 0.244873 0.447485 0.079264 0.095035
