0 0.840576 0.410831 0.101098 0.062972
0 0.840805 0.539295 0.096981 0.061965
0 0.843092 0.287909 0.092406 0.088161
0 0.715005 0.272292 0.091491 0.067003
0 0.716834 0.406045 0.086002 0.086650
0 0.723925 0.551385 0.098353 0.078086
0 0.732845 0.685642 0.093321 0.079597
0 0.733074 0.801763 0.101098 0.085139
0 0.610476 0.268010 0.098353 0.092695
0 0.607731 0.566751 0.105672 0.055416
0 0.605215 0.671537 0.096981 0.057431
0 0.603385 0.795970 0.095151 0.054408
0 0.402333 0.269773 0.101098 0.059950
0 0.399588 0.515365 0.102928 0.103778
0 0.402333 0.647859 0.085544 0.100756
0 0.402790 0.786398 0.102013 0.096725
0 0.288426 0.261713 0.088289 0.080101
0 0.284081 0.394458 0.084172 0.051385
0 0.290027 0.524685 0.091491 0.053904
0 0.158966 0.259698 0.100183 0.067003
0 0.168344 0.413350 0.085087 0.097229
0 0.163998 0.544584 0.101098 0.082620
0 0.161253 0.669521 0.072736 0.078589
0 0.157365 0.807053 0.082342 0.074559
