0 0.843555 0.193387 0.114580 0.091071
0 0.847503 0.330105 0.111825 0.118682
0 0.836118 0.455244 0.087587 0.114674
0 0.840525 0.590514 0.101542 0.138945
0 0.842270 0.733578 0.105031 0.121799
0 0.843555 0.851258 0.112743 0.111334
0 0.718509 0.194945 0.109438 0.132487
0 0.723742 0.329103 0.109254 0.114451
0 0.723834 0.445780 0.105766 0.080606
0 0.723375 0.568136 0.115498 0.121799
0 0.720253 0.722445 0.119905 0.099532
0 0.722916 0.847584 0.116416 0.118682
0 0.598237 0.190158 0.110173 0.118904
0 0.595299 0.322757 0.112743 0.101759
0 0.600073 0.445224 0.105031 0.115564
0 0.595667 0.568693 0.105031 0.118904
0 0.600533 0.716099 0.104113 0.112224
0 0.591260 0.845469 0.117150 0.125139
0 0.391113 0.177466 0.112009 0.097528
0 0.381014 0.310510 0.091811 0.087954
0 0.394142 0.429303 0.111091 0.102872
0 0.393683 0.555444 0.115314 0.094188
0 0.392857 0.681140 0.113661 0.108216
0 0.389644 0.829548 0.107602 0.120908
0 0.273412 0.194389 0.107602 0.133601
0 0.270382 0.322200 0.108520 0.096638
0 0.267352 0.447784 0.096952 0.122912
0 0.271300 0.568693 0.108520 0.105990
0 0.269097 0.703407 0.105949 0.133601
0 0.271667 0.837453 0.111091 0.111334
0 0.159383 0.188599 0.101359 0.128257
0 0.158098 0.321643 0.105766 0.106212
0 0.158006 0.435092 0.095299 0.086840
0 0.151855 0.559675 0.105766 0.113338
0 0.148825 0.701291 0.111825 0.093298
0 0.160026 0.832109 0.088322 0.132710
