0 0.833831 0.100865 0.332338 0.159942
0 0.840553 0.270353 0.318895 0.176873
0 0.843540 0.446866 0.311426 0.169669
0 0.839432 0.634906 0.321135 0.172550
0 0.844660 0.797911 0.288275 0.162104
0 0.853622 0.941643 0.292756 0.116715
0 0.477969 0.092039 0.309186 0.127161
0 0.486184 0.265130 0.265870 0.149135
0 0.509709 0.444164 0.320388 0.168588
0 0.492158 0.615274 0.285288 0.159222
0 0.517177 0.788545 0.309933 0.141210
0 0.512696 0.945785 0.314414 0.093300
0 0.159074 0.093480 0.283794 0.158141
0 0.168783 0.259366 0.294249 0.169308
0 0.158327 0.433718 0.303211 0.166427
0 0.174384 0.603026 0.296490 0.162104
0 0.157954 0.777378 0.250187 0.141931
0 0.164675 0.932097 0.294996 0.135807
