0 0.908333 0.503849 0.030729 0.035810
0 0.882161 0.274096 0.031510 0.038822
0 0.914974 0.259538 0.030990 0.031794
0 0.847917 0.851573 0.029687 0.038487
0 0.954948 0.136546 0.038542 0.035475
0 0.576562 0.348394 0.030208 0.044177
0 0.877995 0.455154 0.031510 0.042838
0 0.093490 0.653782 0.029687 0.041834
0 0.917448 0.165495 0.032813 0.036479
0 0.094922 0.611278 0.029948 0.037818
0 0.883724 0.236948 0.029427 0.038822
0 0.954036 0.102410 0.034635 0.041499
0 0.546745 0.851573 0.030469 0.035810
0 0.875521 0.638387 0.029167 0.042503
0 0.853906 0.239625 0.032292 0.042169
0 0.514323 0.644746 0.029687 0.043842
0 0.916927 0.197959 0.031250 0.034471
0 0.879427 0.379351 0.030729 0.033133
0 0.784896 0.647256 0.029687 0.033467
0 0.912891 0.343708 0.032031 0.038822
0 0.907682 0.620482 0.029427 0.036814
0 0.483984 0.647423 0.029427 0.043842
0 0.918750 0.132195 0.031771 0.037483
0 0.515104 0.813588 0.029167 0.034806
0 0.575911 0.850234 0.027344 0.033133
0 0.875000 0.525770 0.029167 0.034137
0 0.576042 0.817436 0.027604 0.034471
0 0.876953 0.493809 0.029427 0.038487
0 0.632422 0.816432 0.027865 0.037818
0 0.795052 0.161312 0.032292 0.036145
0 0.846484 0.490964 0.028385 0.039491
0 0.726562 0.851573 0.030208 0.037149
0 0.575651 0.610609 0.033073 0.040495
0 0.759766 0.330154 0.030990 0.040495
0 0.095573 0.573461 0.028125 0.037149
0 0.885156 0.166667 0.029687 0.036145
0 0.885807 0.201640 0.032031 0.038487
0 0.827083 0.126339 0.030208 0.043842
0 0.875000 0.679050 0.031250 0.034137
0 0.880729 0.307564 0.028125 0.034806
0 0.790234 0.310241 0.030990 0.034806
0 0.851042 0.343039 0.031250 0.040161
0 0.846354 0.817938 0.027604 0.030790
0 0.791016 0.254853 0.030469 0.033802
0 0.915625 0.230087 0.035937 0.039157
0 0.093229 0.730087 0.027604 0.041165
0 0.755859 0.653782 0.027865 0.038487
0 0.855469 0.186914 0.029167 0.039826
0 0.303906 0.637885 0.030208 0.038822
0 0.879818 0.343541 0.030469 0.039826
0 0.907552 0.588353 0.028646 0.033467
0 0.906771 0.558066 0.031250 0.036479
0 0.851953 0.291165 0.030990 0.040161
0 0.094922 0.692102 0.033594 0.038153
0 0.789714 0.340696 0.030990 0.033467
0 0.243620 0.811078 0.030469 0.039157
0 0.575000 0.530288 0.029167 0.041165
0 0.516276 0.849398 0.028385 0.041499
0 0.333984 0.770917 0.026823 0.037149
0 0.876953 0.852242 0.028906 0.035810
0 0.816016 0.678380 0.028385 0.034137
0 0.846484 0.783969 0.027344 0.041834
0 0.909375 0.407965 0.031771 0.034806
0 0.575260 0.652276 0.033854 0.041499
0 0.095573 0.310241 0.029687 0.035475
0 0.912891 0.287483 0.027344 0.030120
0 0.483203 0.434572 0.029948 0.045850
0 0.094010 0.427209 0.030208 0.040495
0 0.857422 0.131024 0.029427 0.039157
0 0.912240 0.377175 0.030729 0.036145
0 0.123047 0.657296 0.029948 0.038822
0 0.906380 0.729083 0.033073 0.035810
0 0.874740 0.789659 0.028646 0.027108
0 0.817057 0.434739 0.029427 0.040830
0 0.421224 0.812082 0.030469 0.036479
0 0.546094 0.783635 0.027604 0.032463
0 0.755729 0.614960 0.027604 0.035141
0 0.906641 0.698628 0.032552 0.033133
0 0.575130 0.697791 0.034115 0.042838
0 0.845573 0.686412 0.028125 0.036814
0 0.845964 0.635877 0.029948 0.043507
0 0.819661 0.375335 0.031510 0.041834
0 0.095052 0.466700 0.027604 0.037149
0 0.876693 0.597055 0.030469 0.042838
0 0.095703 0.348561 0.032031 0.039826
0 0.151302 0.808066 0.029167 0.034471
0 0.603255 0.814759 0.025781 0.033133
0 0.607161 0.302209 0.028385 0.038153
0 0.784505 0.616801 0.027344 0.030120
0 0.909635 0.470214 0.031250 0.035475
0 0.886849 0.131024 0.029427 0.039157
0 0.094271 0.159806 0.029167 0.037149
0 0.516146 0.572456 0.031771 0.045181
0 0.604818 0.487617 0.029948 0.039491
0 0.576562 0.303046 0.031250 0.045850
0 0.094792 0.272088 0.029687 0.038153
0 0.758333 0.379183 0.030208 0.040161
0 0.909505 0.438922 0.028906 0.033133
0 0.794792 0.192604 0.029167 0.032463
0 0.953906 0.169009 0.031250 0.038153
0 0.794271 0.125000 0.030729 0.041834
0 0.878516 0.414826 0.030990 0.040495
0 0.876823 0.820114 0.028125 0.037818
0 0.484766 0.366633 0.034115 0.045850
0 0.095052 0.389224 0.026562 0.037483
0 0.517969 0.367470 0.031250 0.046185
0 0.152604 0.252677 0.031250 0.040830
0 0.573307 0.741466 0.032031 0.043173
0 0.488542 0.180556 0.030208 0.041834
0 0.122135 0.844378 0.026562 0.034806
0 0.907422 0.761379 0.029427 0.036145
0 0.094792 0.505355 0.028125 0.036145
0 0.575130 0.391901 0.033073 0.043507
0 0.514453 0.781459 0.032552 0.039491
0 0.483594 0.809237 0.027083 0.028112
0 0.483724 0.781459 0.027865 0.034806
0 0.095052 0.539659 0.028125 0.033802
0 0.573177 0.487450 0.029687 0.042503
0 0.545443 0.630187 0.028385 0.042169
0 0.849740 0.389893 0.028646 0.038822
0 0.574089 0.570950 0.030469 0.038822
0 0.845833 0.731426 0.026562 0.037149
0 0.483984 0.709672 0.029427 0.044511
0 0.122005 0.808233 0.029427 0.035475
0 0.876042 0.559237 0.028646 0.035475
0 0.244531 0.845047 0.032292 0.037483
0 0.846484 0.535810 0.030990 0.039491
0 0.845573 0.586513 0.032292 0.039826
0 0.816536 0.553213 0.030469 0.039491
0 0.064974 0.474732 0.031510 0.041834
0 0.726432 0.817771 0.029427 0.035810
0 0.786328 0.465027 0.027865 0.037818
0 0.755859 0.570448 0.028385 0.039157
0 0.755729 0.692102 0.030208 0.038153
0 0.788932 0.372155 0.028385 0.033467
0 0.693620 0.671687 0.028385 0.036814
0 0.725000 0.760207 0.029167 0.044511
0 0.515365 0.434906 0.031771 0.043173
0 0.761719 0.231258 0.029687 0.041499
0 0.815885 0.732262 0.027083 0.038153
0 0.420312 0.778949 0.028125 0.031124
0 0.452474 0.442771 0.028906 0.039491
0 0.875651 0.713855 0.028906 0.035475
0 0.793099 0.224230 0.027865 0.034137
0 0.692708 0.762718 0.025000 0.039491
0 0.849219 0.439926 0.032813 0.045181
0 0.121875 0.570281 0.028125 0.036814
0 0.820964 0.311245 0.032031 0.044177
0 0.577344 0.215863 0.034896 0.043507
0 0.243359 0.253514 0.030990 0.043842
0 0.520964 0.177711 0.031510 0.045515
0 0.094271 0.198126 0.027604 0.035475
0 0.786328 0.556392 0.030990 0.034471
0 0.661849 0.820448 0.026302 0.032463
0 0.790495 0.282798 0.028906 0.030120
0 0.822786 0.254518 0.030990 0.041165
0 0.757292 0.423527 0.028125 0.037149
0 0.122656 0.204317 0.027083 0.035141
0 0.786849 0.851740 0.027344 0.032798
0 0.816797 0.495315 0.031510 0.042169
0 0.303776 0.726908 0.028906 0.042169
0 0.787760 0.434906 0.027604 0.033133
0 0.874870 0.753681 0.030990 0.045515
0 0.093359 0.809906 0.025260 0.036145
0 0.908203 0.529284 0.029427 0.027778
0 0.785547 0.587015 0.030990 0.034137
0 0.483464 0.572959 0.032552 0.048193
0 0.602995 0.764558 0.027865 0.039157
0 0.550391 0.288487 0.029948 0.038822
0 0.452604 0.808066 0.032813 0.034471
0 0.489323 0.114123 0.027604 0.036814
0 0.241276 0.618976 0.027865 0.037818
0 0.066016 0.116131 0.034115 0.038822
0 0.304036 0.682396 0.030469 0.040161
0 0.454036 0.329819 0.030469 0.038487
0 0.094661 0.117303 0.025781 0.040495
0 0.638411 0.243474 0.031510 0.041834
0 0.552344 0.115629 0.029167 0.037149
0 0.758073 0.818775 0.029167 0.035141
0 0.757682 0.471720 0.028906 0.042503
0 0.757552 0.853414 0.027604 0.036145
0 0.303646 0.807062 0.029167 0.034471
0 0.305859 0.544009 0.028906 0.039826
0 0.725521 0.673193 0.028646 0.036479
0 0.907422 0.652276 0.027865 0.033467
0 0.699479 0.306894 0.028646 0.037483
0 0.667839 0.305054 0.029948 0.041165
0 0.908073 0.813420 0.033854 0.034471
0 0.515234 0.711847 0.031510 0.042169
0 0.785677 0.730924 0.028125 0.035475
0 0.825391 0.191432 0.029427 0.041499
0 0.210417 0.322122 0.030208 0.043842
0 0.578385 0.257865 0.030729 0.039157
0 0.755990 0.738286 0.029167 0.047523
0 0.452474 0.780288 0.025260 0.027778
0 0.580729 0.170348 0.031771 0.043507
0 0.364714 0.678213 0.030990 0.039157
0 0.333724 0.688588 0.025260 0.036479
0 0.662760 0.956995 0.026562 0.039157
0 0.210938 0.845047 0.028646 0.034137
0 0.064453 0.657631 0.024219 0.036145
0 0.274349 0.111278 0.034115 0.035810
0 0.064453 0.808400 0.026302 0.039157
0 0.452214 0.903614 0.024740 0.032129
0 0.453385 0.941934 0.025000 0.027778
0 0.518750 0.306058 0.032292 0.043842
0 0.756510 0.787483 0.027604 0.029451
0 0.123177 0.384873 0.026562 0.035475
0 0.453385 0.842369 0.031771 0.047523
0 0.520182 0.115127 0.029948 0.038153
0 0.095312 0.233434 0.031771 0.038487
0 0.695703 0.491633 0.029427 0.040161
0 0.755599 0.519578 0.029427 0.041834
0 0.486589 0.248327 0.030990 0.040161
0 0.210156 0.764224 0.029687 0.039826
0 0.304427 0.501841 0.028646 0.040495
0 0.788411 0.403949 0.029427 0.034137
0 0.668099 0.244645 0.030469 0.041499
0 0.364323 0.381861 0.031771 0.041499
0 0.575521 0.440428 0.028646 0.040161
0 0.515234 0.504518 0.027865 0.035810
0 0.519531 0.249331 0.030208 0.034806
0 0.210547 0.390395 0.029948 0.038487
0 0.180729 0.111278 0.027604 0.032463
0 0.363932 0.851908 0.024740 0.035141
0 0.364323 0.329819 0.033333 0.043842
0 0.815365 0.617135 0.028646 0.036145
0 0.151562 0.383869 0.028125 0.040830
0 0.121354 0.113119 0.025000 0.038153
0 0.210547 0.688253 0.029948 0.038487
0 0.787370 0.910810 0.025260 0.040495
0 0.632552 0.851573 0.027083 0.031124
0 0.786589 0.496821 0.029427 0.035141
0 0.604297 0.669511 0.027344 0.043173
0 0.546354 0.816600 0.027604 0.036145
0 0.764844 0.187918 0.030208 0.035141
0 0.765234 0.124498 0.027344 0.039491
0 0.662500 0.851573 0.026562 0.032463
0 0.093880 0.772088 0.026302 0.040161
0 0.663932 0.671352 0.030469 0.041499
0 0.632422 0.764558 0.027865 0.035810
0 0.726172 0.588521 0.026823 0.041165
0 0.910156 0.851908 0.033333 0.045850
0 0.604948 0.580489 0.029687 0.037818
0 0.484375 0.901941 0.025000 0.033467
0 0.574870 0.781627 0.027865 0.033802
0 0.210156 0.810576 0.028646 0.040161
0 0.241927 0.766566 0.029167 0.037149
0 0.606250 0.391566 0.028646 0.042169
0 0.363542 0.277610 0.029167 0.039826
0 0.786589 0.526272 0.030469 0.033133
0 0.304167 0.394746 0.029167 0.039157
0 0.760026 0.279618 0.029427 0.040495
0 0.210156 0.544344 0.028125 0.037818
0 0.303125 0.769411 0.027083 0.036145
0 0.419661 0.847390 0.026302 0.036814
0 0.609635 0.215696 0.029167 0.038487
0 0.332422 0.621319 0.025781 0.034471
0 0.179688 0.144411 0.026042 0.035141
0 0.242318 0.321118 0.029948 0.043173
0 0.210417 0.617135 0.029167 0.040161
0 0.695573 0.587182 0.030208 0.037818
0 0.636198 0.302711 0.031250 0.043173
0 0.066406 0.297189 0.029167 0.040161
0 0.786328 0.763052 0.029427 0.032129
0 0.064714 0.842035 0.027865 0.031459
0 0.363802 0.816098 0.026042 0.037818
0 0.576172 0.956325 0.026823 0.039157
0 0.546745 0.934906 0.027865 0.043173
0 0.816797 0.852410 0.029427 0.040830
0 0.124089 0.296519 0.028385 0.036814
0 0.365885 0.571954 0.034375 0.042838
0 0.209896 0.467871 0.028646 0.038153
0 0.092839 0.936245 0.027344 0.021084
0 0.605469 0.955991 0.025521 0.040495
0 0.150781 0.657463 0.022917 0.034471
0 0.363802 0.774766 0.026562 0.034806
0 0.701432 0.218876 0.031510 0.036814
0 0.420833 0.669177 0.029687 0.041165
0 0.486068 0.305556 0.028906 0.042169
0 0.305078 0.302544 0.033073 0.044177
0 0.064714 0.203146 0.029948 0.036145
0 0.153255 0.524096 0.030990 0.036145
0 0.663542 0.553548 0.029167 0.038153
0 0.730729 0.308902 0.029167 0.036814
0 0.697786 0.397590 0.028906 0.037483
0 0.363411 0.729250 0.029427 0.046854
0 0.212240 0.181058 0.031250 0.036814
0 0.788021 0.820783 0.025521 0.028447
0 0.515625 0.957329 0.026562 0.039157
0 0.633724 0.701473 0.031510 0.034137
0 0.423958 0.329150 0.030729 0.038487
0 0.424740 0.214859 0.026042 0.036814
0 0.242448 0.907296 0.030729 0.053548
0 0.365755 0.628347 0.032031 0.038487
0 0.332161 0.371653 0.027865 0.037149
0 0.634375 0.560743 0.027604 0.041165
0 0.092578 0.893407 0.024740 0.032463
0 0.363672 0.527778 0.033073 0.038153
0 0.301823 0.257028 0.030729 0.042169
0 0.604167 0.903280 0.023958 0.030120
0 0.514844 0.903447 0.025000 0.027778
0 0.211849 0.252510 0.029948 0.041834
0 0.484766 0.844545 0.029948 0.049866
0 0.208854 0.949799 0.027604 0.040830
0 0.334245 0.280455 0.027344 0.036814
0 0.728776 0.397088 0.026302 0.039826
0 0.633854 0.489960 0.030208 0.038153
0 0.664583 0.430556 0.025000 0.035141
0 0.062630 0.385710 0.025781 0.039157
0 0.240625 0.389726 0.027604 0.037818
0 0.064062 0.753179 0.023958 0.036479
0 0.663411 0.493307 0.027344 0.040161
0 0.908724 0.943440 0.024219 0.024766
0 0.787109 0.790830 0.026302 0.030790
0 0.420052 0.444277 0.030729 0.039826
0 0.240755 0.467202 0.027865 0.041499
0 0.150911 0.774431 0.031510 0.038153
0 0.547135 0.902108 0.022917 0.029116
0 0.816927 0.788655 0.028646 0.040495
0 0.305469 0.590863 0.029167 0.040495
0 0.911589 0.315930 0.031510 0.033467
0 0.848307 0.902778 0.023698 0.027108
0 0.604818 0.849565 0.026823 0.045181
0 0.634896 0.427376 0.029687 0.035475
0 0.581901 0.116633 0.026823 0.035141
0 0.393229 0.078815 0.032813 0.039826
0 0.663021 0.613119 0.026562 0.030790
0 0.575130 0.903112 0.022656 0.027108
0 0.515365 0.925703 0.026562 0.025435
0 0.149740 0.113454 0.026562 0.037483
0 0.662370 0.730756 0.027865 0.035810
0 0.420312 0.900937 0.026042 0.033467
0 0.484375 0.928046 0.025000 0.024766
0 0.093490 0.847055 0.027604 0.040161
0 0.305859 0.448126 0.033073 0.039491
0 0.359245 0.484270 0.023698 0.042169
0 0.483594 0.508199 0.027083 0.040495
0 0.242318 0.951975 0.028385 0.041165
0 0.736979 0.122657 0.028125 0.040495
0 0.815365 0.648260 0.027604 0.032798
0 0.064193 0.952309 0.022135 0.022423
0 0.065625 0.569277 0.030208 0.036145
0 0.212500 0.113621 0.027083 0.033133
0 0.151693 0.950803 0.026823 0.038822
0 0.242057 0.112450 0.026302 0.034806
0 0.092578 0.954317 0.024219 0.023762
0 0.546484 0.448963 0.028385 0.041834
0 0.122656 0.752175 0.028125 0.039826
0 0.333724 0.808902 0.026823 0.033467
0 0.785417 0.699130 0.031250 0.032129
0 0.241927 0.544177 0.029687 0.040161
0 0.632812 0.956827 0.026562 0.038822
0 0.455469 0.216700 0.029687 0.037818
0 0.453255 0.668842 0.029948 0.041834
0 0.422135 0.555054 0.028125 0.039826
0 0.877865 0.944277 0.025521 0.023762
0 0.734245 0.220214 0.027865 0.034137
0 0.274870 0.144244 0.029427 0.035475
0 0.694661 0.957831 0.028385 0.036814
0 0.669792 0.184404 0.027604 0.036145
0 0.663151 0.917336 0.025781 0.043507
0 0.453516 0.961680 0.023177 0.021084
0 0.906901 0.675368 0.027344 0.023427
0 0.122005 0.935910 0.026302 0.025100
0 0.848698 0.944277 0.027604 0.023762
0 0.910547 0.907296 0.024740 0.031459
0 0.333464 0.897590 0.023698 0.027443
0 0.633594 0.638220 0.031250 0.041499
0 0.332813 0.919846 0.025521 0.023092
0 0.662760 0.789659 0.026562 0.033802
0 0.848437 0.964023 0.025521 0.025770
0 0.121875 0.893407 0.026562 0.027778
0 0.452995 0.923862 0.024219 0.019746
0 0.726693 0.901104 0.027344 0.029116
0 0.665885 0.364290 0.028646 0.037149
0 0.362500 0.430890 0.033333 0.041165
0 0.304036 0.897423 0.024740 0.027778
0 0.152474 0.896252 0.026302 0.030790
0 0.877344 0.903614 0.025521 0.026774
0 0.333203 0.940930 0.025260 0.025100
0 0.305339 0.349732 0.032031 0.042169
0 0.274219 0.079485 0.031771 0.035810
0 0.604167 0.927711 0.024479 0.023427
0 0.728125 0.957329 0.028125 0.036479
0 0.151302 0.855422 0.027604 0.027443
0 0.785026 0.674866 0.030469 0.027778
0 0.575781 0.926874 0.023958 0.024431
0 0.242448 0.689424 0.031250 0.038822
0 0.817839 0.818440 0.027344 0.029116
0 0.303776 0.852242 0.024740 0.031124
0 0.692969 0.913822 0.029167 0.049197
0 0.907552 0.788822 0.028125 0.023427
0 0.122656 0.477912 0.026562 0.036145
0 0.547396 0.963353 0.025000 0.023762
0 0.817839 0.902108 0.027865 0.035141
0 0.063151 0.921352 0.026823 0.041499
0 0.484115 0.956660 0.026562 0.037149
0 0.121615 0.916165 0.024479 0.023762
0 0.092318 0.916165 0.025781 0.019746
0 0.245833 0.183735 0.032813 0.034806
0 0.639062 0.183066 0.029687 0.040830
0 0.152083 0.921854 0.025000 0.024431
0 0.363542 0.900435 0.021875 0.027778
0 0.759766 0.899933 0.027344 0.027443
0 0.879036 0.965027 0.026302 0.026439
0 0.333203 0.464525 0.026823 0.036145
0 0.363281 0.923695 0.022396 0.020750
0 0.122266 0.955991 0.025260 0.025770
0 0.632812 0.904284 0.022396 0.028112
0 0.455208 0.112617 0.030729 0.039157
0 0.635677 0.363956 0.030729 0.039826
0 0.611068 0.120649 0.027865 0.041834
0 0.758464 0.923025 0.025260 0.022758
0 0.304427 0.207497 0.036458 0.049531
0 0.694531 0.812918 0.022396 0.026104
0 0.151562 0.833333 0.029167 0.023427
0 0.333984 0.852075 0.027344 0.028782
0 0.788281 0.965696 0.016667 0.024431
0 0.420833 0.945950 0.031250 0.051205
0 0.332943 0.962349 0.022656 0.023762
0 0.909766 0.964692 0.025781 0.026439
0 0.304297 0.938420 0.025260 0.025435
0 0.063021 0.890562 0.025000 0.029451
0 0.693880 0.859605 0.020052 0.023092
0 0.208854 0.906794 0.029687 0.049197
0 0.425651 0.113119 0.026823 0.037483
0 0.847917 0.925870 0.029167 0.027778
0 0.304297 0.959003 0.023177 0.023092
0 0.333594 0.541667 0.027083 0.036479
0 0.723437 0.494813 0.028646 0.038487
0 0.877865 0.925870 0.026042 0.025770
0 0.305469 0.113286 0.026042 0.036479
0 0.453906 0.553046 0.030208 0.041834
0 0.337109 0.112952 0.030990 0.035141
0 0.305339 0.159973 0.029427 0.036145
0 0.393620 0.143407 0.029427 0.037818
0 0.818359 0.955823 0.028385 0.040161
0 0.909896 0.925535 0.021875 0.017738
0 0.363151 0.226740 0.033594 0.043842
0 0.363411 0.961011 0.022135 0.024431
0 0.303255 0.829317 0.027344 0.024766
0 0.304427 0.920013 0.025000 0.023427
0 0.704948 0.121821 0.029687 0.040830
0 0.726693 0.924866 0.027344 0.027108
0 0.817969 0.928548 0.023958 0.022423
0 0.758984 0.942102 0.023177 0.023427
0 0.759505 0.963019 0.024219 0.026439
0 0.633984 0.927711 0.024740 0.023427
0 0.788932 0.940930 0.025260 0.025100
0 0.334245 0.651439 0.023698 0.027108
0 0.332943 0.834672 0.025781 0.023427
0 0.362500 0.943273 0.023438 0.023092
0 0.640755 0.119813 0.028385 0.038822
0 0.670833 0.120817 0.031771 0.040830
0 0.364063 0.168842 0.031771 0.038487
0 0.336849 0.195448 0.029427 0.033467
0 0.366536 0.112952 0.028385 0.039826
0 0.694010 0.835007 0.026042 0.022088
