0 0.773881 0.181559 0.169287 0.104687
0 0.771765 0.319755 0.159008 0.122646
0 0.780532 0.453789 0.174123 0.132282
0 0.773277 0.595269 0.155985 0.127026
0 0.587364 0.167981 0.156590 0.129216
0 0.597642 0.305300 0.165054 0.139290
0 0.603688 0.442181 0.185611 0.123960
0 0.601270 0.584757 0.157799 0.127026
0 0.599154 0.726894 0.165659 0.133596
0 0.597037 0.860491 0.166264 0.129216
0 0.414148 0.166886 0.166868 0.122646
0 0.421403 0.301577 0.163241 0.129216
0 0.417775 0.431231 0.165659 0.128340
0 0.424426 0.567017 0.172914 0.138852
0 0.414450 0.711783 0.163845 0.133158
0 0.420798 0.861586 0.174123 0.131406
