0 0.827145 0.477219 0.092708 0.094922
0 0.713095 0.246678 0.104269 0.098007
0 0.714540 0.364737 0.101378 0.099193
0 0.714540 0.469981 0.101378 0.092786
0 0.719764 0.589226 0.108270 0.093972
0 0.605825 0.481965 0.104491 0.106312
0 0.604269 0.707285 0.105380 0.103227
0 0.608159 0.816682 0.103379 0.097057
0 0.397955 0.251780 0.112050 0.089701
0 0.399956 0.364737 0.104491 0.107262
0 0.394620 0.481372 0.101378 0.097057
0 0.398510 0.587684 0.103379 0.098956
0 0.400400 0.702658 0.109382 0.100142
0 0.393619 0.809445 0.091819 0.113431
0 0.289240 0.811462 0.097821 0.086616
0 0.183304 0.250831 0.108270 0.106312
0 0.181525 0.365804 0.102490 0.109397
0 0.179080 0.471049 0.103379 0.096820
0 0.182414 0.583531 0.106492 0.099193
