0 0.823876 0.118387 0.334594 0.228043
0 0.815048 0.316384 0.327869 0.193631
0 0.823665 0.496020 0.324086 0.157422
0 0.814208 0.687083 0.321984 0.199024
0 0.815889 0.899718 0.308533 0.200565
0 0.499790 0.103364 0.341320 0.174371
0 0.503363 0.295455 0.372846 0.188238
0 0.494536 0.483693 0.282051 0.196970
0 0.505885 0.684900 0.308113 0.201335
0 0.507566 0.886620 0.329130 0.174371
0 0.167928 0.115177 0.269441 0.212892
0 0.184531 0.306626 0.299285 0.153056
0 0.188945 0.501926 0.311475 0.201079
0 0.201976 0.704160 0.341740 0.190550
0 0.199454 0.900103 0.343422 0.183873
