0 0.205990 0.208852 0.028125 0.039419
0 0.347656 0.210235 0.031771 0.042877
0 0.644010 0.510546 0.028646 0.039073
0 0.176823 0.540284 0.027083 0.039073
0 0.257292 0.762621 0.026042 0.040456
0 0.319792 0.172891 0.029167 0.042185
0 0.177344 0.469225 0.029167 0.040802
0 0.263672 0.095781 0.027865 0.040802
0 0.231120 0.648513 0.028385 0.039765
0 0.285026 0.762275 0.028906 0.041148
0 0.786198 0.110650 0.027083 0.037344
0 0.313542 0.875346 0.028646 0.039073
0 0.348177 0.135546 0.031250 0.040111
0 0.146615 0.646957 0.027604 0.040111
0 0.178516 0.211100 0.026823 0.038382
0 0.370964 0.650761 0.028385 0.040111
0 0.405078 0.099758 0.025781 0.039073
0 0.207422 0.171162 0.027344 0.037344
0 0.146615 0.608057 0.026562 0.036307
0 0.565755 0.141079 0.027344 0.037344
0 0.402604 0.210754 0.028125 0.038382
0 0.645182 0.913555 0.030990 0.038728
0 0.844661 0.114972 0.029427 0.036999
0 0.347786 0.249308 0.029948 0.036653
0 0.873437 0.115318 0.027604 0.035615
0 0.264323 0.209544 0.030208 0.038728
0 0.344141 0.611515 0.028385 0.037690
0 0.178125 0.249654 0.028646 0.038036
0 0.260807 0.397476 0.029427 0.037690
0 0.146745 0.574170 0.025781 0.033541
0 0.230729 0.573824 0.028125 0.039073
0 0.173568 0.761757 0.028906 0.035961
0 0.371094 0.612033 0.027083 0.035270
0 0.120573 0.430325 0.028125 0.037690
0 0.121615 0.246715 0.028125 0.035615
0 0.749609 0.800311 0.030469 0.034924
0 0.235417 0.210408 0.029687 0.042531
0 0.807422 0.445539 0.032031 0.039073
0 0.537500 0.141425 0.029167 0.037344
0 0.287891 0.574343 0.028385 0.038728
0 0.566276 0.103389 0.027865 0.038036
0 0.235807 0.171508 0.029427 0.038728
0 0.511328 0.101660 0.027344 0.039419
0 0.695833 0.874308 0.026042 0.036307
0 0.229427 0.763313 0.029687 0.037690
0 0.785156 0.186203 0.026042 0.041148
0 0.227865 0.875519 0.027604 0.040111
0 0.170443 0.878285 0.027344 0.037344
0 0.533594 0.763485 0.029687 0.033887
0 0.177604 0.395747 0.027083 0.035615
0 0.348047 0.096819 0.025260 0.040111
0 0.398438 0.614972 0.025000 0.034232
0 0.121745 0.208852 0.030469 0.042185
0 0.200260 0.837483 0.027083 0.038036
0 0.147917 0.503804 0.027083 0.036653
0 0.177604 0.504495 0.027083 0.034578
0 0.314583 0.649723 0.029687 0.035270
0 0.695182 0.837656 0.029427 0.036307
0 0.537760 0.064315 0.027083 0.040802
0 0.235547 0.135546 0.027344 0.036653
0 0.289062 0.470954 0.028125 0.040802
0 0.203906 0.540111 0.025000 0.032503
0 0.205469 0.396093 0.028125 0.037690
0 0.257943 0.722683 0.028385 0.040111
0 0.258724 0.575207 0.025781 0.037690
0 0.178906 0.131397 0.028125 0.034578
0 0.342708 0.837828 0.027604 0.039419
0 0.148438 0.431535 0.026562 0.035961
0 0.732161 0.145747 0.026302 0.041148
0 0.593229 0.141252 0.027604 0.036999
0 0.179297 0.171162 0.027865 0.042185
0 0.284375 0.837656 0.027083 0.039765
0 0.620052 0.254495 0.028125 0.037344
0 0.283984 0.956777 0.030469 0.042185
0 0.232813 0.284924 0.028646 0.037344
0 0.897656 0.186203 0.027083 0.036307
0 0.258203 0.686722 0.027344 0.033195
0 0.614714 0.912690 0.029427 0.038382
0 0.644401 0.874654 0.029948 0.041148
0 0.809635 0.336791 0.032813 0.040111
0 0.426302 0.578492 0.027083 0.038036
0 0.890365 0.624136 0.032813 0.036653
0 0.230990 0.610996 0.026562 0.038036
0 0.173958 0.646957 0.026562 0.040802
0 0.722396 0.765560 0.026042 0.032503
0 0.348568 0.172545 0.029427 0.038728
0 0.255599 0.915975 0.027344 0.040111
0 0.123177 0.132780 0.027604 0.040111
0 0.202865 0.575035 0.025521 0.039419
0 0.291016 0.208333 0.025781 0.037690
0 0.229948 0.723721 0.030729 0.038728
0 0.317578 0.361169 0.027865 0.040456
0 0.899870 0.151798 0.028385 0.035961
0 0.143880 0.762275 0.028906 0.039765
0 0.234245 0.248617 0.028906 0.035961
0 0.891276 0.555152 0.033073 0.037690
0 0.119010 0.504668 0.027083 0.036307
0 0.262109 0.360131 0.024740 0.036307
0 0.177865 0.286826 0.029687 0.036999
0 0.723177 0.875173 0.028646 0.038036
0 0.227344 0.916494 0.027083 0.039765
0 0.751563 0.620505 0.028125 0.034924
0 0.264193 0.173409 0.027344 0.037690
0 0.403646 0.137275 0.028125 0.038728
0 0.286589 0.724239 0.028385 0.036999
0 0.233594 0.396266 0.026562 0.038728
0 0.208333 0.132780 0.027604 0.038036
0 0.174349 0.722683 0.026823 0.040111
0 0.201823 0.722683 0.028125 0.038728
0 0.179557 0.091978 0.028385 0.039419
0 0.565104 0.177386 0.026562 0.033195
0 0.202083 0.683610 0.027604 0.038728
0 0.175130 0.608230 0.026823 0.035270
0 0.891927 0.411999 0.031771 0.039765
0 0.170964 0.916148 0.026823 0.036999
0 0.643880 0.838347 0.027865 0.034232
0 0.723307 0.688970 0.027344 0.036307
0 0.256120 0.800484 0.029427 0.035961
0 0.425391 0.836791 0.030469 0.038036
0 0.291927 0.136238 0.028125 0.033887
0 0.342187 0.914419 0.027604 0.036999
0 0.319922 0.095781 0.026823 0.037344
0 0.695052 0.913209 0.028125 0.037344
0 0.732812 0.108230 0.028646 0.038728
0 0.432943 0.101660 0.029427 0.035270
0 0.697135 0.547026 0.027083 0.035961
0 0.233203 0.434129 0.025781 0.036307
0 0.645182 0.583333 0.029427 0.036653
0 0.890885 0.518499 0.029167 0.036999
0 0.119401 0.468534 0.027865 0.037344
0 0.373958 0.358921 0.027604 0.040111
0 0.319010 0.435512 0.029687 0.038382
0 0.591667 0.214212 0.026042 0.036307
0 0.928385 0.187586 0.026562 0.035615
0 0.227995 0.956086 0.028906 0.039419
0 0.646354 0.547545 0.032292 0.041148
0 0.207552 0.095436 0.026562 0.041494
0 0.538542 0.102697 0.027604 0.038036
0 0.810026 0.298064 0.033073 0.039419
0 0.176693 0.574862 0.028385 0.032158
0 0.233464 0.470781 0.027865 0.038382
0 0.205078 0.469571 0.026302 0.040111
0 0.141927 0.839039 0.029687 0.041840
0 0.342318 0.876902 0.028385 0.034578
0 0.367969 0.956259 0.026042 0.043914
0 0.750000 0.837137 0.027604 0.036653
0 0.283854 0.915111 0.028125 0.038382
0 0.258203 0.649550 0.027344 0.036307
0 0.263672 0.135373 0.028385 0.039073
0 0.318620 0.471819 0.026302 0.034924
0 0.319922 0.133472 0.025781 0.042185
0 0.644531 0.475622 0.027604 0.033541
0 0.890234 0.659232 0.027865 0.039073
0 0.312891 0.913209 0.029948 0.039419
0 0.236589 0.095954 0.025781 0.041840
0 0.615495 0.512448 0.028385 0.036653
0 0.345313 0.507261 0.026562 0.031812
0 0.458854 0.251037 0.028125 0.035270
0 0.613802 0.953147 0.029687 0.042531
0 0.260547 0.507780 0.027344 0.035615
0 0.174089 0.685685 0.026823 0.033887
0 0.284115 0.876729 0.029687 0.036307
0 0.784896 0.147994 0.026042 0.037344
0 0.289974 0.397303 0.027344 0.033195
0 0.256120 0.835927 0.028906 0.034924
0 0.228255 0.800484 0.028906 0.033195
0 0.319141 0.323824 0.027865 0.037690
0 0.376042 0.209544 0.025521 0.038036
0 0.566927 0.063451 0.028646 0.041840
0 0.344271 0.540802 0.028125 0.035270
0 0.722656 0.837137 0.024479 0.034578
0 0.147917 0.467324 0.026562 0.036307
0 0.703516 0.182400 0.028906 0.039765
0 0.290234 0.286826 0.029948 0.033541
0 0.757682 0.181362 0.024740 0.029391
0 0.749870 0.876037 0.030469 0.034924
0 0.146224 0.685685 0.028385 0.036653
0 0.511068 0.141079 0.026302 0.037344
0 0.286979 0.612725 0.028125 0.038036
0 0.486328 0.101833 0.026823 0.041840
0 0.425391 0.687932 0.027865 0.040456
0 0.891016 0.482538 0.029948 0.039765
0 0.199089 0.916148 0.027865 0.037690
0 0.888672 0.695021 0.027865 0.033195
0 0.805990 0.623271 0.032292 0.043914
0 0.340755 0.955048 0.024740 0.038036
0 0.260026 0.433610 0.027344 0.035961
0 0.538411 0.177732 0.028385 0.037344
0 0.120052 0.538382 0.026562 0.032503
0 0.892578 0.447960 0.030990 0.036999
0 0.750000 0.727870 0.027083 0.038036
0 0.622005 0.139350 0.026302 0.035961
0 0.177083 0.431708 0.027604 0.036307
0 0.120052 0.572960 0.026562 0.038036
0 0.398568 0.579357 0.026302 0.037690
0 0.343620 0.575726 0.027865 0.034578
0 0.674870 0.145920 0.029427 0.037344
0 0.342187 0.687586 0.029167 0.037690
0 0.290885 0.096646 0.025000 0.038382
0 0.231771 0.540456 0.029167 0.033887
0 0.314193 0.955740 0.027865 0.038728
0 0.813021 0.185685 0.030729 0.037344
0 0.202865 0.612552 0.025000 0.034924
0 0.751432 0.550311 0.026823 0.032849
0 0.345833 0.436722 0.026562 0.034578
0 0.202865 0.647476 0.027083 0.037690
0 0.172135 0.955394 0.026562 0.036653
0 0.425391 0.726487 0.029427 0.037344
0 0.171224 0.838174 0.028385 0.037344
0 0.314323 0.836791 0.029167 0.038036
0 0.811589 0.222337 0.033594 0.038728
0 0.426302 0.615491 0.028646 0.035961
0 0.723437 0.914073 0.026042 0.038382
0 0.205729 0.248271 0.027083 0.040111
0 0.121224 0.283887 0.026823 0.037344
0 0.290104 0.323479 0.027604 0.037690
0 0.806771 0.481501 0.031771 0.037690
0 0.751563 0.515560 0.028646 0.038036
0 0.289974 0.361687 0.028906 0.038036
0 0.149089 0.358057 0.025260 0.036307
0 0.748958 0.914246 0.026042 0.038036
0 0.120182 0.321058 0.030990 0.038382
0 0.506510 0.912690 0.031250 0.039765
0 0.254818 0.957469 0.025781 0.039419
0 0.177865 0.359267 0.028125 0.038036
0 0.345313 0.473029 0.026042 0.038036
0 0.262891 0.247061 0.027344 0.037690
0 0.315495 0.613416 0.029948 0.038728
0 0.234115 0.320885 0.030729 0.031812
0 0.844531 0.075035 0.031250 0.041494
0 0.895964 0.263485 0.029948 0.038036
0 0.205599 0.432227 0.026823 0.037344
0 0.319141 0.399723 0.029427 0.036653
0 0.287240 0.649032 0.027604 0.038036
0 0.148307 0.539938 0.026302 0.036999
0 0.724870 0.514869 0.025781 0.035270
0 0.814063 0.147649 0.027604 0.041494
0 0.262760 0.284405 0.027083 0.036307
0 0.148307 0.395055 0.026302 0.039073
0 0.504557 0.650934 0.030469 0.036307
0 0.346484 0.324170 0.026823 0.039765
0 0.200781 0.799101 0.025521 0.033195
0 0.141797 0.800657 0.029427 0.037690
0 0.693880 0.728734 0.029948 0.038382
0 0.753776 0.477524 0.028906 0.040802
0 0.566016 0.214039 0.026302 0.039419
0 0.591927 0.177732 0.027083 0.035270
0 0.376953 0.174793 0.025260 0.034232
0 0.342969 0.650242 0.025521 0.035615
0 0.722656 0.653181 0.025521 0.032503
0 0.201172 0.762794 0.026823 0.035961
0 0.199219 0.877939 0.028125 0.039419
0 0.393750 0.955048 0.025521 0.036653
0 0.732552 0.071231 0.029167 0.036653
0 0.614453 0.688624 0.033073 0.037690
0 0.694661 0.801176 0.027344 0.035270
0 0.259635 0.470781 0.027604 0.040456
0 0.504297 0.764696 0.026302 0.036307
0 0.928125 0.227524 0.033854 0.041494
0 0.319401 0.249308 0.025781 0.035270
0 0.231901 0.506570 0.026302 0.036653
0 0.172135 0.799965 0.027083 0.039073
0 0.759505 0.110304 0.026823 0.034578
0 0.510156 0.063451 0.027604 0.036307
0 0.151302 0.210927 0.025000 0.035961
0 0.890755 0.589557 0.029948 0.034578
0 0.812500 0.259163 0.032813 0.038382
0 0.287370 0.686549 0.030990 0.039073
0 0.376823 0.135201 0.028646 0.042877
0 0.290625 0.172026 0.026042 0.036999
0 0.622135 0.103907 0.027604 0.035615
0 0.644271 0.954357 0.029167 0.038728
0 0.808464 0.408195 0.035156 0.039765
0 0.897266 0.223375 0.027865 0.040111
0 0.724609 0.584198 0.028906 0.035615
0 0.893490 0.337656 0.032813 0.039073
0 0.341536 0.764523 0.027865 0.039419
0 0.288281 0.541148 0.029687 0.033887
0 0.316016 0.576245 0.027344 0.038382
0 0.644792 0.687932 0.028125 0.034924
0 0.534766 0.687068 0.029427 0.040111
0 0.373698 0.397994 0.026562 0.035270
0 0.205990 0.358230 0.026042 0.038036
0 0.289323 0.432573 0.028125 0.038036
0 0.703385 0.144191 0.026562 0.036653
0 0.613672 0.800138 0.029427 0.038728
0 0.593880 0.103734 0.025781 0.040802
0 0.924870 0.264177 0.028385 0.036653
0 0.534115 0.726141 0.027604 0.036653
0 0.873828 0.077628 0.028385 0.039765
0 0.370833 0.690007 0.030208 0.039765
0 0.229297 0.684474 0.026302 0.033541
0 0.723958 0.953320 0.026042 0.034578
0 0.757292 0.145401 0.026042 0.035615
0 0.695052 0.652317 0.027604 0.035615
0 0.142318 0.877593 0.030469 0.033887
0 0.722786 0.728043 0.027865 0.039073
0 0.318620 0.211100 0.027344 0.036307
0 0.204427 0.505014 0.026042 0.034924
0 0.432943 0.061895 0.032552 0.045643
0 0.458073 0.365491 0.028125 0.034578
0 0.431250 0.173928 0.028125 0.034578
0 0.430469 0.250519 0.028646 0.041148
0 0.206380 0.321750 0.026302 0.037690
0 0.893099 0.374481 0.031510 0.038728
0 0.430208 0.211618 0.028125 0.033195
0 0.199089 0.956432 0.026302 0.042185
0 0.345833 0.400415 0.026042 0.038036
0 0.422656 0.956259 0.028646 0.039073
0 0.643880 0.801349 0.025781 0.037690
0 0.694401 0.766252 0.028385 0.035961
0 0.258333 0.612552 0.026562 0.036999
0 0.460026 0.101487 0.026302 0.039765
0 0.587760 0.617047 0.027083 0.038382
0 0.645703 0.441217 0.028906 0.036653
0 0.787760 0.073479 0.033854 0.038382
0 0.505208 0.728043 0.027604 0.037690
0 0.403385 0.174965 0.026562 0.035270
0 0.425000 0.764696 0.028125 0.036307
0 0.431120 0.137275 0.027865 0.037344
0 0.398177 0.687241 0.025000 0.034924
0 0.458333 0.288900 0.030729 0.039073
0 0.615885 0.582123 0.027604 0.034232
0 0.315885 0.724412 0.028646 0.038728
0 0.118750 0.643845 0.027083 0.042877
0 0.261979 0.322787 0.025000 0.036307
0 0.315104 0.686895 0.026562 0.035615
0 0.316406 0.539073 0.028125 0.038036
0 0.233073 0.356846 0.028646 0.037344
0 0.120573 0.394018 0.027604 0.034924
0 0.615755 0.547372 0.028385 0.037344
0 0.286068 0.799620 0.028385 0.033541
0 0.371745 0.577974 0.027344 0.031466
0 0.537891 0.214730 0.027865 0.037344
0 0.485807 0.140387 0.027865 0.033887
0 0.289323 0.507089 0.029687 0.033541
0 0.176953 0.322787 0.027865 0.035615
0 0.650000 0.179633 0.026562 0.035615
0 0.291276 0.249136 0.028385 0.041148
0 0.894010 0.301176 0.030729 0.037344
0 0.402865 0.252075 0.027604 0.041494
0 0.621354 0.178942 0.029167 0.039073
0 0.342318 0.724412 0.028906 0.038036
0 0.615234 0.839212 0.028906 0.040802
0 0.123307 0.170470 0.030469 0.037344
0 0.929036 0.152490 0.028385 0.035961
0 0.725651 0.479772 0.026823 0.036999
0 0.535937 0.474412 0.028125 0.038036
0 0.704427 0.107019 0.027604 0.039073
0 0.696615 0.582988 0.025521 0.036653
0 0.901953 0.115837 0.029948 0.039419
0 0.617057 0.440007 0.028385 0.038382
0 0.144792 0.723202 0.026562 0.034924
0 0.724219 0.550484 0.026042 0.035270
0 0.458464 0.174965 0.028906 0.037344
0 0.313802 0.800138 0.025000 0.031812
0 0.453646 0.725795 0.027083 0.040111
0 0.731771 0.181535 0.026562 0.028354
0 0.804036 0.689661 0.033073 0.042531
0 0.511458 0.176349 0.023958 0.031120
0 0.486068 0.174274 0.025260 0.038036
0 0.750781 0.584716 0.024479 0.038728
0 0.806120 0.586272 0.030990 0.035615
0 0.319661 0.286480 0.027865 0.035615
0 0.591276 0.292358 0.027865 0.039765
0 0.141667 0.916321 0.029687 0.040111
0 0.728906 0.330394 0.026562 0.034924
0 0.398047 0.651625 0.024219 0.035615
0 0.808594 0.372234 0.036458 0.040456
0 0.751302 0.689661 0.028646 0.036307
0 0.587630 0.548064 0.025781 0.031812
0 0.621224 0.216978 0.028385 0.037690
0 0.755599 0.334025 0.028385 0.038036
0 0.644661 0.725795 0.031510 0.037344
0 0.314844 0.764177 0.026042 0.039419
0 0.227604 0.835408 0.024479 0.032503
0 0.644531 0.619467 0.028646 0.035615
0 0.342448 0.801003 0.029167 0.030775
0 0.504948 0.687932 0.028646 0.036307
0 0.347917 0.286826 0.027083 0.036999
0 0.727995 0.369122 0.026302 0.036307
0 0.373698 0.543568 0.027604 0.036653
0 0.119531 0.607538 0.026042 0.030429
0 0.589323 0.475450 0.023958 0.037344
0 0.254036 0.875000 0.027344 0.041148
0 0.695443 0.689142 0.028906 0.035961
0 0.643880 0.762967 0.026302 0.036999
0 0.424740 0.876037 0.030729 0.037690
0 0.750130 0.955394 0.029427 0.040802
0 0.458594 0.211100 0.031250 0.041840
0 0.650000 0.214903 0.027604 0.036307
0 0.151172 0.095609 0.024740 0.036307
0 0.698438 0.477351 0.026562 0.033541
0 0.722396 0.798755 0.026042 0.033887
0 0.151432 0.132607 0.025781 0.039073
0 0.723437 0.618430 0.026562 0.036307
0 0.749870 0.765387 0.025260 0.033541
0 0.372917 0.472510 0.027083 0.037690
0 0.806510 0.516943 0.027604 0.034578
0 0.430208 0.399378 0.026562 0.033887
0 0.693359 0.954184 0.029948 0.039073
0 0.696224 0.618084 0.025260 0.035615
0 0.729036 0.293741 0.026302 0.036307
0 0.427865 0.437414 0.028125 0.039419
0 0.458333 0.327628 0.028646 0.039765
0 0.592448 0.251902 0.027083 0.034232
0 0.509245 0.211964 0.030469 0.039419
0 0.803385 0.803769 0.029167 0.041840
0 0.926693 0.301349 0.030990 0.037690
0 0.614844 0.651798 0.026042 0.035270
0 0.563802 0.475622 0.026042 0.034232
0 0.424870 0.800311 0.032031 0.036307
0 0.505729 0.875346 0.032292 0.036307
0 0.754818 0.370332 0.030990 0.037344
0 0.205339 0.285270 0.025781 0.035961
0 0.457813 0.138313 0.026562 0.032503
0 0.508333 0.252766 0.030208 0.039419
0 0.375260 0.095263 0.026042 0.040456
0 0.617057 0.476660 0.026302 0.034924
0 0.397656 0.725968 0.023958 0.036307
0 0.373828 0.508990 0.026302 0.033195
0 0.757943 0.294433 0.027344 0.039765
0 0.345573 0.362033 0.027604 0.034578
0 0.428646 0.361687 0.028125 0.035961
0 0.400521 0.473721 0.026562 0.038036
0 0.505859 0.955048 0.031510 0.040802
0 0.510417 0.028181 0.029687 0.031466
0 0.429818 0.288209 0.026302 0.036999
0 0.453646 0.652144 0.027604 0.035961
0 0.399479 0.541148 0.022917 0.036653
0 0.617318 0.401625 0.026823 0.036999
0 0.148568 0.283714 0.026823 0.037690
0 0.453255 0.688624 0.026823 0.032158
0 0.613281 0.726487 0.027604 0.035961
0 0.119531 0.357538 0.030208 0.038036
0 0.426172 0.542185 0.026302 0.035270
0 0.615495 0.616701 0.026823 0.033541
0 0.536849 0.512448 0.033594 0.040111
0 0.151302 0.172199 0.027083 0.041494
0 0.374479 0.286826 0.026562 0.035615
0 0.368099 0.914765 0.024740 0.039073
0 0.258724 0.540456 0.026302 0.035270
0 0.375781 0.249308 0.025000 0.038728
0 0.648958 0.253458 0.026042 0.040802
0 0.143229 0.956086 0.031771 0.034578
0 0.650391 0.143845 0.024219 0.035270
0 0.425521 0.650588 0.026042 0.033541
0 0.729818 0.257261 0.025260 0.033887
0 0.150781 0.247752 0.026042 0.031466
0 0.505469 0.801003 0.027083 0.033541
0 0.372917 0.436203 0.027083 0.038382
0 0.652734 0.067600 0.033073 0.047372
0 0.458203 0.401107 0.027865 0.032503
0 0.317057 0.505533 0.027344 0.031812
0 0.699219 0.511929 0.026042 0.034924
0 0.644401 0.651798 0.023698 0.033195
0 0.615234 0.762275 0.028385 0.032849
0 0.453906 0.580394 0.027083 0.038382
0 0.869141 0.184820 0.027344 0.045989
0 0.729297 0.220090 0.025260 0.035615
0 0.453516 0.617047 0.024740 0.033541
0 0.423568 0.916494 0.028385 0.038382
0 0.701953 0.329530 0.027865 0.035270
0 0.590365 0.438105 0.024479 0.030429
0 0.534115 0.579876 0.028646 0.036653
0 0.750911 0.654391 0.026823 0.034232
0 0.726432 0.442600 0.026302 0.035961
0 0.589714 0.366701 0.025260 0.038382
0 0.563932 0.290284 0.026823 0.036307
0 0.805859 0.551521 0.028906 0.038036
0 0.563281 0.437414 0.029687 0.038728
0 0.375260 0.323306 0.026562 0.034578
0 0.591146 0.330567 0.024479 0.035961
0 0.395313 0.765214 0.029167 0.040802
0 0.701562 0.291494 0.028646 0.042185
0 0.562500 0.362898 0.029167 0.039765
0 0.646745 0.365837 0.028385 0.035270
0 0.505339 0.838520 0.029948 0.039419
0 0.589453 0.404391 0.025781 0.037690
0 0.428646 0.325553 0.028646 0.035615
0 0.651823 0.030602 0.030208 0.030775
0 0.646224 0.402317 0.029948 0.038382
0 0.504427 0.614799 0.029687 0.036653
0 0.124219 0.092324 0.029167 0.037344
0 0.562760 0.401279 0.028125 0.034924
0 0.503776 0.512967 0.031510 0.039073
0 0.402474 0.363762 0.028906 0.036653
0 0.461458 0.062759 0.025521 0.037690
0 0.453255 0.543568 0.025260 0.034578
0 0.726823 0.406466 0.026562 0.036999
0 0.800000 0.727351 0.036979 0.036307
0 0.702083 0.220781 0.026562 0.034232
0 0.534115 0.650069 0.027604 0.033195
0 0.402995 0.289419 0.027344 0.034578
0 0.369141 0.876556 0.024219 0.034578
0 0.536198 0.546853 0.027083 0.031466
0 0.675911 0.183437 0.027865 0.040456
0 0.368880 0.762275 0.027344 0.035615
0 0.864323 0.261584 0.030729 0.043914
0 0.614323 0.873617 0.029687 0.025242
0 0.563411 0.325380 0.026302 0.033887
0 0.401302 0.436549 0.026042 0.034924
0 0.426953 0.505878 0.025781 0.032503
0 0.394661 0.838520 0.026302 0.041494
0 0.676432 0.108057 0.021615 0.034924
0 0.510026 0.290456 0.028385 0.035961
0 0.503516 0.548237 0.031510 0.032158
0 0.700391 0.370851 0.027865 0.038382
0 0.395313 0.917531 0.027083 0.036999
0 0.454297 0.506224 0.027865 0.035961
0 0.401953 0.400588 0.027344 0.037690
0 0.757031 0.218534 0.027083 0.040111
0 0.400130 0.508126 0.024740 0.030775
0 0.456250 0.438451 0.032292 0.039419
0 0.587630 0.513485 0.025260 0.038036
0 0.564974 0.254322 0.026302 0.039073
0 0.148828 0.321404 0.028385 0.037690
0 0.539714 0.028354 0.025781 0.030429
0 0.804297 0.764004 0.024740 0.031466
0 0.538021 0.252248 0.027083 0.036307
0 0.648568 0.295124 0.029427 0.039073
0 0.806380 0.655947 0.024219 0.024896
0 0.369271 0.838693 0.025000 0.032849
0 0.393229 0.878285 0.026042 0.038036
0 0.394922 0.801867 0.028385 0.033195
0 0.536849 0.400588 0.024219 0.032158
0 0.428125 0.473548 0.025521 0.030083
0 0.402604 0.326072 0.026042 0.035961
0 0.371224 0.727006 0.027865 0.032158
0 0.652865 0.107711 0.024479 0.033541
0 0.700000 0.440007 0.027083 0.035615
0 0.865495 0.222683 0.027865 0.031812
0 0.588021 0.580740 0.027083 0.036307
0 0.616667 0.367566 0.026042 0.036653
0 0.455208 0.473893 0.027604 0.032158
0 0.369141 0.801694 0.024219 0.033541
0 0.619661 0.293223 0.026823 0.035961
0 0.889193 0.732192 0.029427 0.034924
0 0.535026 0.616528 0.026823 0.033887
0 0.619271 0.330048 0.027083 0.032158
0 0.872786 0.147476 0.027344 0.028700
0 0.506510 0.434129 0.030729 0.040456
0 0.506380 0.473375 0.029948 0.038036
0 0.509766 0.367047 0.026823 0.036999
0 0.537109 0.290802 0.024740 0.038728
0 0.756380 0.256916 0.026302 0.031120
0 0.502474 0.578492 0.031510 0.031812
0 0.647917 0.331950 0.026562 0.029737
0 0.702083 0.253285 0.026042 0.027317
0 0.754557 0.442773 0.027865 0.028008
0 0.757812 0.411999 0.033333 0.046680
0 0.509896 0.329011 0.029167 0.040456
0 0.118880 0.555498 0.027865 0.016252
0 0.622917 0.158887 0.028646 0.010719
0 0.288151 0.553596 0.029948 0.015906
0 0.847005 0.299793 0.034635 0.035961
0 0.535286 0.327628 0.023698 0.035615
