0 0.105794 0.278907 0.112305 0.120747
0 0.227214 0.777255 0.103190 0.124050
0 0.753255 0.625702 0.117188 0.120581
0 0.228516 0.622398 0.105143 0.122233
0 0.346517 0.791460 0.096029 0.126032
0 0.245931 0.288570 0.101237 0.109019
0 0.355387 0.462422 0.101400 0.131979
0 0.878906 0.280971 0.085612 0.116617
0 0.884847 0.450446 0.106934 0.130823
0 0.101318 0.439627 0.087402 0.106541
0 0.091634 0.604972 0.087565 0.103568
0 0.891113 0.770895 0.097982 0.094153
0 0.623535 0.794929 0.111979 0.120747
0 0.260661 0.153370 0.035645 0.026264
0 0.750814 0.456392 0.099284 0.128180
0 0.760010 0.798233 0.100098 0.116122
0 0.460368 0.428890 0.030762 0.035514
0 0.358398 0.629006 0.107096 0.144367
0 0.745361 0.298315 0.097168 0.124215
0 0.969808 0.420135 0.029460 0.034192
0 0.619710 0.298893 0.083496 0.102246
0 0.765625 0.896762 0.036133 0.045920
0 0.970133 0.758094 0.024902 0.026264
0 0.628337 0.895606 0.028158 0.027420
0 0.353841 0.421539 0.079427 0.055500
0 0.780436 0.166749 0.022135 0.029237
0 0.378418 0.289891 0.090169 0.106376
0 0.613851 0.461926 0.105306 0.134291
0 0.628418 0.657417 0.084635 0.100099
0 0.881266 0.604063 0.099772 0.112322
