0 0.760194 0.582995 0.155764 0.160481
0 0.587342 0.237460 0.163244 0.162656
0 0.587196 0.412873 0.163244 0.163526
0 0.586169 0.587054 0.157378 0.157582
0 0.408111 0.764787 0.160311 0.168310
0 0.410164 0.415918 0.158844 0.164106
0 0.230199 0.242824 0.155617 0.165555
0 0.413171 0.588214 0.162511 0.159901
0 0.589689 0.762612 0.159431 0.168890
0 0.407818 0.241084 0.157671 0.159756
0 0.761587 0.235865 0.157084 0.168455
0 0.761954 0.410046 0.154884 0.157292
0 0.234820 0.418600 0.157524 0.169469
0 0.756600 0.761308 0.157671 0.167440
0 0.235333 0.771238 0.155031 0.159467
