0 0.605399 0.754651 0.062273 0.055200
0 0.583757 0.176343 0.034084 0.037800
0 0.603709 0.641021 0.052205 0.057623
0 0.912296 0.691300 0.056253 0.056902
0 0.827057 0.170840 0.058018 0.051001
0 0.602688 0.862836 0.060035 0.053957
0 0.390521 0.175585 0.053871 0.055628
0 0.602015 0.517977 0.053470 0.057223
0 0.911938 0.748889 0.055720 0.056548
0 0.298011 0.174913 0.033042 0.045664
0 0.915696 0.628890 0.064675 0.057070
0 0.395033 0.279210 0.053939 0.058608
0 0.603921 0.697838 0.057453 0.059703
0 0.392540 0.398687 0.054708 0.056063
0 0.104593 0.753582 0.042217 0.051296
0 0.602232 0.459545 0.054326 0.056139
0 0.623750 0.177770 0.041970 0.045203
0 0.603878 0.581334 0.057007 0.055602
0 0.893036 0.334143 0.037301 0.048627
0 0.387190 0.462528 0.054791 0.058925
0 0.684651 0.464137 0.069234 0.051437
0 0.065781 0.525334 0.044065 0.050479
0 0.106999 0.577867 0.045227 0.050540
0 0.110197 0.398215 0.043287 0.049936
0 0.908770 0.858809 0.055463 0.058960
0 0.104778 0.807403 0.041849 0.043915
0 0.410689 0.805615 0.038674 0.050352
0 0.408812 0.631220 0.044992 0.048781
0 0.910302 0.803509 0.054886 0.054716
0 0.066400 0.460825 0.041995 0.050295
0 0.679678 0.230792 0.053445 0.051185
0 0.684029 0.517500 0.071004 0.052048
0 0.371338 0.805705 0.037029 0.051075
0 0.371864 0.577198 0.037437 0.049474
0 0.333373 0.338228 0.040882 0.049056
0 0.586741 0.281443 0.034915 0.046053
0 0.777607 0.575728 0.036671 0.042587
0 0.395497 0.340061 0.057558 0.052047
0 0.832542 0.863433 0.071643 0.048213
0 0.741146 0.225449 0.033680 0.050470
0 0.062336 0.585104 0.038086 0.052791
0 0.755046 0.865445 0.056031 0.048518
0 0.412077 0.746739 0.036742 0.038994
0 0.680931 0.401793 0.057065 0.057027
0 0.832057 0.807506 0.059696 0.060299
0 0.682078 0.337659 0.053116 0.051651
0 0.218247 0.806549 0.040365 0.045535
0 0.931974 0.331328 0.038097 0.045332
0 0.298263 0.339763 0.034158 0.044054
0 0.107750 0.519663 0.037438 0.039748
0 0.334991 0.174568 0.041603 0.043354
0 0.931494 0.222626 0.036019 0.045801
0 0.700592 0.575867 0.045738 0.049976
0 0.678724 0.178932 0.051651 0.049429
0 0.666377 0.695906 0.034168 0.044309
0 0.932507 0.277197 0.042307 0.044526
0 0.680260 0.281889 0.052632 0.054752
0 0.914828 0.571654 0.061986 0.056430
0 0.775595 0.693712 0.039842 0.057788
0 0.627025 0.336220 0.037503 0.044842
0 0.702971 0.692899 0.040283 0.045953
0 0.891559 0.222890 0.035346 0.046646
0 0.217829 0.749719 0.033982 0.036897
0 0.890914 0.395210 0.035316 0.050845
0 0.585567 0.231091 0.033543 0.049539
0 0.892202 0.281344 0.032109 0.047953
0 0.370585 0.748445 0.038236 0.048531
0 0.757435 0.805821 0.049424 0.050800
0 0.385574 0.521303 0.051027 0.057499
0 0.891038 0.168124 0.035410 0.044220
0 0.407043 0.573197 0.040543 0.052057
0 0.409628 0.692178 0.041010 0.050330
0 0.369815 0.632054 0.036043 0.048550
0 0.257197 0.397827 0.043599 0.055754
0 0.299070 0.227599 0.032572 0.048086
0 0.775811 0.227007 0.035143 0.048600
0 0.370939 0.863007 0.035621 0.048849
0 0.702885 0.748422 0.041657 0.047964
0 0.626561 0.283078 0.035757 0.039149
0 0.066605 0.401059 0.039896 0.052553
0 0.813737 0.520028 0.033778 0.038394
0 0.063286 0.867386 0.034715 0.047271
0 0.253770 0.695155 0.044478 0.053712
0 0.061905 0.696035 0.034777 0.041874
0 0.061919 0.750370 0.036349 0.045430
0 0.183117 0.457985 0.040410 0.049077
0 0.255965 0.753005 0.039244 0.044253
0 0.774043 0.281472 0.032175 0.038595
0 0.215560 0.860973 0.033479 0.044062
0 0.831069 0.748723 0.058613 0.055442
0 0.105189 0.693885 0.038072 0.041927
0 0.851844 0.520612 0.034940 0.047602
0 0.740568 0.456888 0.033693 0.051110
0 0.222752 0.580352 0.040583 0.044617
0 0.587988 0.337008 0.038864 0.049617
0 0.062338 0.807810 0.037608 0.045512
0 0.739748 0.172423 0.034661 0.046159
0 0.216835 0.640287 0.038630 0.048394
0 0.930141 0.166905 0.035511 0.041374
0 0.108999 0.462754 0.040522 0.055499
0 0.849286 0.459838 0.036625 0.051905
0 0.775746 0.170369 0.036240 0.047957
0 0.104687 0.634583 0.034828 0.043092
0 0.740888 0.575244 0.033011 0.046083
0 0.893144 0.456863 0.039144 0.056801
0 0.370931 0.690804 0.037324 0.044425
0 0.061613 0.639018 0.036002 0.046481
0 0.258497 0.520109 0.040584 0.038505
0 0.103465 0.867584 0.044629 0.040538
0 0.602909 0.804421 0.057696 0.048232
0 0.182265 0.753784 0.039551 0.043629
0 0.813333 0.457919 0.033596 0.036510
0 0.298440 0.397209 0.034136 0.052643
0 0.813719 0.283424 0.036825 0.053025
0 0.225172 0.461773 0.041490 0.050001
0 0.239567 0.283502 0.047403 0.046874
0 0.846927 0.231883 0.041887 0.046710
0 0.180523 0.521415 0.037899 0.046252
0 0.626705 0.231305 0.041286 0.049129
0 0.848256 0.398541 0.039979 0.040567
0 0.251229 0.863857 0.039485 0.048251
0 0.179855 0.693128 0.039599 0.044928
0 0.852690 0.634197 0.041256 0.047849
0 0.222891 0.396746 0.029535 0.036995
0 0.776324 0.518300 0.031387 0.044221
0 0.853352 0.695764 0.041213 0.043960
0 0.146693 0.807926 0.034366 0.046417
0 0.927775 0.512751 0.043051 0.046522
0 0.853255 0.580271 0.036546 0.042696
0 0.333313 0.280227 0.041437 0.042421
0 0.625090 0.399886 0.042857 0.053204
0 0.333397 0.229512 0.038020 0.048551
0 0.741606 0.522263 0.034818 0.053730
0 0.178915 0.580523 0.039477 0.053107
0 0.259529 0.458148 0.040413 0.051712
0 0.773345 0.629378 0.034523 0.046153
0 0.298373 0.283266 0.030083 0.048319
0 0.930183 0.391188 0.032550 0.037378
0 0.772967 0.747825 0.041936 0.046288
0 0.254518 0.806148 0.038838 0.043523
0 0.146823 0.638012 0.035569 0.047889
0 0.222950 0.525932 0.034984 0.045902
0 0.741766 0.691205 0.032210 0.038323
0 0.145059 0.865569 0.035169 0.036719
0 0.848239 0.332757 0.033023 0.037517
0 0.775453 0.336228 0.032121 0.047491
0 0.664138 0.577628 0.029883 0.049207
0 0.742887 0.393747 0.035804 0.045759
0 0.411376 0.858072 0.036897 0.034781
0 0.700157 0.796920 0.041581 0.048837
0 0.256837 0.582883 0.038695 0.049184
0 0.774891 0.455959 0.032325 0.044532
0 0.931182 0.450955 0.039714 0.044795
0 0.179780 0.804966 0.037073 0.045904
0 0.739270 0.630273 0.030099 0.049221
0 0.814785 0.577912 0.032960 0.043046
0 0.145902 0.578539 0.030843 0.036999
0 0.699490 0.858785 0.043185 0.055347
0 0.741743 0.335527 0.035556 0.046015
0 0.184117 0.392727 0.039194 0.045036
0 0.334861 0.396204 0.038408 0.052311
0 0.666451 0.748381 0.030819 0.040378
0 0.850292 0.279626 0.031992 0.031201
0 0.148599 0.520367 0.031042 0.052338
0 0.146513 0.696571 0.033828 0.056923
0 0.150314 0.461709 0.034807 0.046728
0 0.774866 0.393908 0.033052 0.044847
0 0.741121 0.277798 0.030091 0.032073
0 0.666647 0.636356 0.036264 0.050747
0 0.150814 0.399343 0.032516 0.054427
0 0.815030 0.334972 0.034218 0.031909
0 0.177751 0.637249 0.039254 0.039872
0 0.663976 0.860204 0.035102 0.045340
0 0.816521 0.632469 0.034367 0.043956
0 0.216585 0.695125 0.035861 0.033670
0 0.810818 0.229587 0.030671 0.041228
0 0.242055 0.339921 0.057733 0.036721
0 0.701650 0.630157 0.037485 0.039777
0 0.145765 0.754338 0.035283 0.042215
0 0.393633 0.225503 0.048931 0.041865
0 0.664045 0.799609 0.032025 0.042190
0 0.180370 0.863400 0.037220 0.044874
0 0.255026 0.637651 0.039105 0.034413
0 0.812551 0.387760 0.030967 0.022200
