0 0.813819 0.572995 0.025365 0.025580
0 0.201806 0.021469 0.037541 0.026128
0 0.337459 0.115019 0.027192 0.022109
0 0.337459 0.160150 0.027192 0.020647
0 0.336648 0.183720 0.027192 0.027225
0 0.135450 0.478440 0.024959 0.029783
0 0.787845 0.818838 0.024148 0.026128
0 0.439631 0.434131 0.025771 0.024118
0 0.134740 0.703545 0.023945 0.023570
0 0.287033 0.408642 0.022524 0.022109
0 0.185166 0.431116 0.023742 0.024301
0 0.762784 0.620409 0.025162 0.025032
0 0.336343 0.208113 0.024554 0.021560
0 0.814428 0.425726 0.026989 0.026676
0 0.390321 0.048237 0.026583 0.024118
0 0.317370 0.023388 0.023945 0.027773
0 0.462155 0.820665 0.025771 0.023205
0 0.537744 0.905993 0.023539 0.027225
0 0.688718 0.707473 0.023539 0.022291
0 0.712155 0.402796 0.026177 0.025397
0 0.464387 0.047049 0.021713 0.024301
0 0.813616 0.597387 0.023336 0.023936
0 0.712865 0.290791 0.025974 0.025397
0 0.200081 0.045587 0.040179 0.024301
0 0.260146 0.860771 0.024351 0.024118
0 0.058239 0.366253 0.025568 0.024301
0 0.840199 0.666910 0.024148 0.024484
0 0.201096 0.093824 0.035714 0.027590
0 0.588677 0.703727 0.024756 0.023936
0 0.813109 0.821853 0.023539 0.024118
0 0.161830 0.065229 0.027394 0.024118
0 0.440442 0.317833 0.024554 0.025397
0 0.387987 0.545222 0.021916 0.020830
0 0.895089 0.552713 0.023945 0.025946
0 0.389610 0.347524 0.023945 0.026676
0 0.085329 0.071076 0.023336 0.022657
0 0.787642 0.571533 0.023742 0.022657
0 0.920049 0.551800 0.024756 0.025946
0 0.709517 0.880778 0.023742 0.025763
0 0.185775 0.596474 0.024554 0.021012
0 0.336546 0.870638 0.024148 0.027042
0 0.563718 0.598027 0.023539 0.023022
0 0.310775 0.548511 0.024148 0.025215
0 0.488332 0.183172 0.023742 0.022839
0 0.337561 0.091632 0.029018 0.025032
0 0.438718 0.410835 0.026380 0.021743
0 0.892756 0.801389 0.023742 0.024484
0 0.489042 0.339667 0.025162 0.024118
0 0.339387 0.066600 0.026177 0.023570
0 0.263697 0.359766 0.026583 0.023753
0 0.265219 0.046592 0.026786 0.023022
0 0.389915 0.099671 0.024554 0.026494
0 0.662946 0.727480 0.023133 0.025763
0 0.260958 0.837566 0.025162 0.022291
0 0.210735 0.865796 0.024959 0.021378
0 0.485085 0.858761 0.025771 0.020830
0 0.361404 0.819295 0.027192 0.023022
0 0.413555 0.204915 0.023945 0.026859
0 0.201603 0.068975 0.039570 0.024301
0 0.439123 0.367806 0.023133 0.020830
0 0.894683 0.297460 0.024351 0.022657
0 0.919947 0.363420 0.024148 0.025580
0 0.945008 0.726749 0.024756 0.023936
0 0.589692 0.544948 0.025568 0.024667
0 0.260856 0.709483 0.021713 0.023388
0 0.059659 0.300201 0.026380 0.023022
0 0.664164 0.320574 0.027597 0.026494
0 0.536526 0.596565 0.026380 0.021560
0 0.160511 0.192947 0.025568 0.024484
0 0.438312 0.140325 0.020698 0.024118
0 0.059659 0.229033 0.024351 0.029052
0 0.564428 0.977709 0.023336 0.023753
0 0.311080 0.724466 0.027597 0.027407
0 0.894582 0.457793 0.028206 0.026494
0 0.613839 0.824319 0.023539 0.026859
0 0.439326 0.456605 0.023945 0.017906
0 0.057833 0.183720 0.025974 0.020647
0 0.264813 0.102138 0.024756 0.031062
0 0.514103 0.187374 0.023336 0.025032
0 0.286323 0.613101 0.021104 0.020647
0 0.387378 0.823497 0.023945 0.023022
0 0.411425 0.888361 0.023336 0.023388
0 0.259537 0.882240 0.024351 0.018089
0 0.815747 0.451946 0.025974 0.019916
0 0.868912 0.550247 0.027597 0.022839
0 0.160613 0.871551 0.023742 0.024118
0 0.867796 0.594829 0.024959 0.022474
0 0.490361 0.138041 0.027800 0.025032
0 0.486607 0.624429 0.025974 0.023936
0 0.811790 0.797734 0.021713 0.021560
0 0.261972 0.635118 0.021916 0.022657
0 0.841315 0.524484 0.024756 0.019185
0 0.562399 0.548511 0.024554 0.023388
0 0.638088 0.803216 0.025365 0.026676
0 0.159395 0.297552 0.022119 0.023936
0 0.364854 0.046958 0.024351 0.020099
0 0.737317 0.658871 0.022524 0.022291
0 0.892756 0.871825 0.024148 0.021378
0 0.535207 0.547963 0.024148 0.023388
0 0.919541 0.210671 0.025365 0.024849
0 0.813920 0.619404 0.024756 0.018272
0 0.640828 0.686369 0.021510 0.019185
0 0.660816 0.908277 0.020901 0.021195
0 0.642654 0.575005 0.024756 0.023753
0 0.413352 0.158231 0.024756 0.024118
0 0.336648 0.689110 0.023133 0.026494
0 0.762175 0.729033 0.025162 0.025580
0 0.517147 0.062306 0.024959 0.026676
0 0.589692 0.160058 0.025568 0.027042
0 0.437297 0.547963 0.023945 0.021195
0 0.058644 0.097113 0.023539 0.022474
0 0.562399 0.663165 0.023336 0.022109
0 0.813007 0.547597 0.024959 0.021560
0 0.160207 0.320574 0.021307 0.020281
0 0.689022 0.202997 0.023742 0.023388
0 0.413961 0.131646 0.023133 0.025763
0 0.388088 0.728394 0.025365 0.023205
0 0.059761 0.390736 0.025365 0.021743
0 0.262378 0.434588 0.025568 0.025763
0 0.787744 0.641239 0.022321 0.022474
0 0.816254 0.185273 0.024959 0.024118
0 0.838170 0.867988 0.022930 0.023570
0 0.413961 0.724009 0.023945 0.027590
0 0.211648 0.664170 0.026380 0.021560
0 0.213474 0.725562 0.027192 0.024484
0 0.414164 0.453408 0.022727 0.022839
0 0.893872 0.710031 0.023539 0.023388
0 0.414164 0.313631 0.024756 0.022474
0 0.812906 0.846428 0.021916 0.023205
0 0.311688 0.866983 0.023539 0.023022
0 0.946124 0.185639 0.023336 0.025580
0 0.390321 0.073177 0.023742 0.023570
0 0.514407 0.412205 0.027192 0.023022
0 0.184253 0.299379 0.023539 0.024301
0 0.787845 0.686826 0.022119 0.024118
0 0.511769 0.935227 0.024756 0.026494
0 0.738636 0.403070 0.025568 0.025215
0 0.868101 0.116481 0.023539 0.023205
0 0.617086 0.624886 0.025568 0.021195
0 0.385146 0.929107 0.025568 0.026676
0 0.111404 0.206651 0.023945 0.023753
0 0.411932 0.865978 0.027597 0.021743
0 0.737419 0.590444 0.023945 0.023570
0 0.438312 0.167184 0.022727 0.027042
0 0.212256 0.441257 0.028409 0.024484
0 0.459517 0.621962 0.021713 0.024118
0 0.841822 0.426183 0.026583 0.021012
0 0.310268 0.635392 0.025568 0.023936
0 0.438819 0.389549 0.022119 0.019002
0 0.892959 0.139503 0.023742 0.022109
0 0.637175 0.384707 0.024756 0.024667
0 0.637480 0.882240 0.023336 0.022839
0 0.386769 0.800749 0.025162 0.023205
0 0.867796 0.662799 0.026583 0.022109
0 0.637683 0.408916 0.022524 0.022291
0 0.336648 0.573726 0.024351 0.023753
0 0.668933 0.548511 0.024554 0.022291
0 0.485897 0.816006 0.022930 0.024118
0 0.412642 0.799105 0.023742 0.023205
0 0.840199 0.642061 0.026177 0.025946
0 0.511567 0.904988 0.024756 0.026676
0 0.812297 0.728120 0.021916 0.023388
0 0.891944 0.896492 0.026989 0.026128
0 0.814631 0.386443 0.024554 0.024849
0 0.787946 0.548511 0.022321 0.022657
0 0.813007 0.640873 0.021307 0.023936
0 0.312094 0.799836 0.023133 0.022474
0 0.613332 0.473963 0.024148 0.025946
0 0.057731 0.803216 0.026989 0.022657
0 0.761262 0.883976 0.026583 0.022291
0 0.387277 0.189476 0.024554 0.023753
0 0.894278 0.371643 0.024756 0.021926
0 0.436587 0.884981 0.024959 0.023205
0 0.291498 0.020738 0.025365 0.022474
0 0.865666 0.891102 0.025162 0.025215
0 0.337561 0.550155 0.023336 0.023388
0 0.918730 0.620409 0.024148 0.026128
0 0.761567 0.820300 0.024756 0.023205
0 0.868912 0.343504 0.025162 0.019733
0 0.057731 0.845514 0.024148 0.023570
0 0.386769 0.775626 0.024756 0.026311
0 0.288048 0.338388 0.024554 0.024118
0 0.688616 0.365065 0.022119 0.021926
0 0.109984 0.627809 0.020698 0.024849
0 0.336851 0.138133 0.024756 0.023388
0 0.437297 0.978348 0.023133 0.022474
0 0.311485 0.429107 0.023945 0.021743
0 0.917614 0.801115 0.022321 0.021378
0 0.712967 0.361776 0.024959 0.025946
0 0.590605 0.318473 0.025365 0.019733
0 0.841518 0.617303 0.025974 0.022474
0 0.437601 0.909373 0.024148 0.026676
0 0.713271 0.452311 0.026786 0.022839
0 0.692167 0.576010 0.025162 0.024667
0 0.490564 0.045862 0.027394 0.020464
0 0.639813 0.706103 0.023539 0.018089
0 0.536323 0.525032 0.022727 0.022474
0 0.588474 0.477891 0.020292 0.023570
0 0.512378 0.476704 0.026786 0.023388
0 0.486607 0.599214 0.026380 0.023570
0 0.841112 0.344235 0.025568 0.025946
0 0.516031 0.134387 0.024351 0.031975
0 0.283685 0.930111 0.024351 0.026128
0 0.134537 0.630915 0.022727 0.024118
0 0.388291 0.613649 0.024554 0.026128
0 0.363738 0.406176 0.026989 0.023753
0 0.535207 0.687009 0.025365 0.021926
0 0.086648 0.325781 0.023945 0.025580
0 0.461851 0.868171 0.021510 0.023205
0 0.264712 0.072721 0.024148 0.025946
0 0.287439 0.526494 0.022930 0.025032
0 0.411627 0.912662 0.024959 0.023753
0 0.894683 0.347250 0.025568 0.026128
0 0.414265 0.477526 0.022119 0.021012
0 0.894785 0.603965 0.025771 0.022839
0 0.084517 0.680340 0.025365 0.025763
0 0.540990 0.342408 0.023539 0.025215
0 0.461648 0.844327 0.022727 0.022657
0 0.259639 0.904440 0.024959 0.025580
0 0.135248 0.803399 0.023336 0.028869
0 0.135755 0.296912 0.023539 0.024118
0 0.084619 0.634844 0.024756 0.024667
0 0.083300 0.728394 0.024148 0.021378
0 0.361810 0.660150 0.026380 0.024484
0 0.185471 0.838206 0.022727 0.022474
0 0.637074 0.904988 0.023742 0.022657
0 0.310369 0.910104 0.026177 0.024118
0 0.691254 0.603234 0.025365 0.026859
0 0.361607 0.207838 0.023133 0.020281
0 0.564834 0.477343 0.023336 0.022839
0 0.918324 0.713137 0.021307 0.014983
0 0.487723 0.458341 0.024959 0.023570
0 0.486607 0.793075 0.023133 0.021378
0 0.642553 0.621140 0.025771 0.023205
0 0.837459 0.845058 0.022321 0.023753
0 0.361607 0.612461 0.023945 0.022657
0 0.788352 0.451306 0.024756 0.024118
0 0.616376 0.548420 0.024554 0.025032
0 0.159294 0.778915 0.020698 0.025215
0 0.917512 0.777088 0.021713 0.026311
0 0.186688 0.572812 0.023945 0.024849
0 0.032873 0.366983 0.024351 0.027590
0 0.336952 0.230769 0.026583 0.021926
0 0.057934 0.911200 0.024554 0.023022
0 0.684862 0.908916 0.021916 0.023570
0 0.490564 0.021743 0.025365 0.026676
0 0.337967 0.437329 0.022119 0.026128
0 0.613738 0.729125 0.026177 0.022839
0 0.463474 0.409556 0.024756 0.024301
0 0.209720 0.935502 0.025771 0.020830
0 0.286323 0.776083 0.023945 0.026494
0 0.893669 0.321396 0.024756 0.023753
0 0.210938 0.273068 0.022930 0.024301
0 0.895698 0.580303 0.025568 0.025580
0 0.919947 0.525032 0.024959 0.025032
0 0.361303 0.635666 0.025365 0.025946
0 0.763900 0.227754 0.023742 0.024667
0 0.438515 0.191577 0.024756 0.019916
0 0.311790 0.453590 0.025771 0.023570
0 0.285410 0.881875 0.023336 0.019551
0 0.734781 0.910287 0.021510 0.023022
0 0.290990 0.073451 0.025974 0.026311
0 0.868202 0.318655 0.025365 0.024849
0 0.289164 0.229856 0.025974 0.024118
0 0.762987 0.570802 0.022727 0.025580
0 0.613738 0.846976 0.024554 0.018454
0 0.919643 0.317833 0.024351 0.023570
0 0.482549 0.695597 0.019481 0.025215
0 0.868304 0.526494 0.025568 0.023936
0 0.788352 0.427371 0.023133 0.020464
0 0.262581 0.588891 0.023133 0.021195
0 0.289874 0.100402 0.026177 0.026128
0 0.465503 0.277088 0.021510 0.025763
0 0.514610 0.337566 0.023945 0.022474
0 0.185775 0.728851 0.025365 0.027042
0 0.109578 0.392107 0.022727 0.023388
0 0.812094 0.935502 0.023945 0.024484
0 0.462967 0.202357 0.023742 0.022839
0 0.209619 0.296273 0.024351 0.021012
0 0.667715 0.525580 0.023742 0.023205
0 0.538352 0.956605 0.023133 0.023936
0 0.390828 0.372922 0.026786 0.025580
0 0.685572 0.931665 0.023742 0.018272
0 0.159395 0.361867 0.025365 0.022839
0 0.109882 0.345788 0.021307 0.023570
0 0.686891 0.413393 0.023945 0.022474
0 0.488738 0.161063 0.024554 0.019551
0 0.565544 0.277453 0.022727 0.023936
0 0.918628 0.649187 0.024351 0.028138
0 0.262581 0.338206 0.022727 0.020099
0 0.362723 0.275809 0.024554 0.024301
0 0.561384 0.524575 0.022119 0.021926
0 0.612926 0.405262 0.024959 0.017175
0 0.941356 0.776357 0.021104 0.022291
0 0.436181 0.955966 0.025771 0.020830
0 0.437906 0.727024 0.023133 0.025946
0 0.662033 0.976338 0.023742 0.023570
0 0.057021 0.933492 0.026380 0.020830
0 0.159497 0.384159 0.022321 0.021378
0 0.212459 0.597387 0.025162 0.025032
0 0.535714 0.573177 0.022321 0.025215
0 0.387581 0.844509 0.023539 0.017541
0 0.840503 0.594738 0.024756 0.022657
0 0.616680 0.575096 0.025162 0.026859
0 0.587865 0.411292 0.020292 0.022291
0 0.212054 0.640599 0.026786 0.023022
0 0.841924 0.137219 0.024351 0.023022
0 0.791802 0.136123 0.024351 0.019733
0 0.263900 0.384250 0.026583 0.024118
0 0.866680 0.140234 0.023539 0.023205
0 0.564326 0.800292 0.023133 0.022657
0 0.666700 0.595560 0.022930 0.023205
0 0.134030 0.344783 0.021713 0.023753
0 0.921368 0.164718 0.023336 0.019551
0 0.337865 0.525580 0.021916 0.023936
0 0.540787 0.095743 0.025162 0.023022
0 0.486100 0.838754 0.022119 0.018820
0 0.868506 0.617760 0.023539 0.022657
0 0.944298 0.617394 0.024959 0.020099
0 0.258218 0.972410 0.022930 0.023388
0 0.736303 0.797095 0.024148 0.020647
0 0.436384 0.817193 0.023336 0.026494
0 0.056615 0.979901 0.025974 0.022657
0 0.388291 0.684908 0.023336 0.024667
0 0.535917 0.619404 0.025974 0.024484
0 0.736912 0.634752 0.023742 0.023753
0 0.665483 0.683172 0.024959 0.023388
0 0.109578 0.849077 0.022727 0.020464
0 0.737622 0.681984 0.023539 0.019185
0 0.840097 0.207473 0.021510 0.021012
0 0.437601 0.794354 0.024148 0.018454
0 0.364042 0.116390 0.025162 0.023388
0 0.385045 0.954413 0.026177 0.024301
0 0.109375 0.930568 0.022727 0.026311
0 0.894785 0.433583 0.026989 0.021926
0 0.389915 0.295999 0.023336 0.022657
0 0.668324 0.619313 0.025365 0.018820
0 0.764813 0.277088 0.021510 0.023936
0 0.108462 0.826695 0.026177 0.024667
0 0.336445 0.296090 0.023539 0.018454
0 0.510755 0.546227 0.022321 0.020281
0 0.361709 0.844053 0.025365 0.025397
0 0.262175 0.208661 0.023945 0.020830
0 0.288657 0.384615 0.023742 0.024484
0 0.361912 0.586424 0.024148 0.026128
0 0.536932 0.879591 0.025162 0.021926
0 0.341011 0.020007 0.022119 0.023570
0 0.684558 0.793715 0.024148 0.021926
0 0.616173 0.601407 0.023336 0.023205
0 0.686993 0.435776 0.026989 0.019733
0 0.135146 0.169468 0.021916 0.018820
0 0.664367 0.203727 0.025974 0.021926
0 0.361810 0.360680 0.025162 0.024118
0 0.735593 0.864151 0.022727 0.017723
0 0.763697 0.367714 0.024148 0.021743
0 0.713575 0.627809 0.023742 0.026311
0 0.363129 0.139686 0.024554 0.020647
0 0.363028 0.318198 0.025974 0.023570
0 0.684355 0.815914 0.022930 0.019551
0 0.865158 0.776996 0.027800 0.026494
0 0.365260 0.094555 0.021104 0.019185
0 0.133523 0.978074 0.023539 0.024118
0 0.437094 0.934497 0.027192 0.023936
0 0.788454 0.977069 0.024148 0.021012
0 0.840706 0.547597 0.022727 0.023388
0 0.286830 0.589439 0.020495 0.021195
0 0.411729 0.957062 0.022727 0.017906
0 0.265422 0.021926 0.024756 0.025215
0 0.488433 0.436506 0.023539 0.019733
0 0.764205 0.596382 0.025162 0.024118
0 0.310877 0.592180 0.025162 0.022291
0 0.839692 0.571442 0.023945 0.022839
0 0.514002 0.454047 0.024756 0.019002
0 0.184862 0.273981 0.021510 0.024667
0 0.837865 0.892472 0.024351 0.023205
0 0.337054 0.275900 0.023133 0.021926
0 0.057934 0.142975 0.024554 0.019916
0 0.920759 0.387904 0.026177 0.021926
0 0.285714 0.633382 0.022727 0.018089
0 0.511871 0.818564 0.024959 0.025580
0 0.867390 0.165905 0.023742 0.024484
0 0.112317 0.070711 0.027800 0.026311
0 0.709720 0.775900 0.025365 0.027225
0 0.663657 0.387447 0.023336 0.023936
0 0.135450 0.678878 0.022930 0.022474
0 0.160207 0.273616 0.021307 0.022109
0 0.485085 0.575553 0.023336 0.023022
0 0.637886 0.359675 0.023336 0.020647
0 0.463373 0.325142 0.022119 0.028321
0 0.561384 0.572812 0.025771 0.024484
0 0.637480 0.454778 0.021713 0.023388
0 0.684355 0.883702 0.024554 0.025397
0 0.365767 0.070802 0.024148 0.024301
0 0.463271 0.178056 0.023133 0.020647
0 0.944704 0.640325 0.024148 0.021378
0 0.438515 0.478074 0.024351 0.023205
0 0.337256 0.795450 0.023539 0.017723
0 0.590199 0.612918 0.025365 0.022109
0 0.264407 0.128540 0.026786 0.021743
0 0.687703 0.388452 0.022321 0.023388
0 0.316558 0.049516 0.022727 0.020830
0 0.362723 0.450119 0.024554 0.019916
0 0.613535 0.887082 0.022524 0.023022
0 0.262683 0.183172 0.024554 0.031610
0 0.511567 0.857939 0.023133 0.019551
0 0.738738 0.474968 0.023336 0.025032
0 0.589489 0.775900 0.023539 0.024667
0 0.511871 0.568975 0.023336 0.025580
0 0.814326 0.475699 0.024351 0.025032
0 0.487114 0.526585 0.021307 0.028138
0 0.415280 0.378129 0.021713 0.023205
0 0.589894 0.928193 0.022321 0.022291
0 0.135958 0.146629 0.023945 0.026128
0 0.310674 0.658688 0.023539 0.020099
0 0.813210 0.663347 0.024959 0.018454
0 0.311790 0.382880 0.022930 0.018089
0 0.160511 0.704458 0.024351 0.022109
0 0.587561 0.204641 0.022930 0.021926
0 0.058847 0.551708 0.025568 0.019551
0 0.261668 0.685913 0.021307 0.022291
0 0.563718 0.882240 0.023133 0.020647
0 0.389205 0.022748 0.026380 0.024301
0 0.388088 0.232688 0.025771 0.018089
0 0.919947 0.276448 0.024148 0.020464
0 0.691761 0.647634 0.024756 0.022109
0 0.762277 0.842774 0.024148 0.019551
0 0.034497 0.095012 0.023539 0.024484
0 0.812399 0.887082 0.023742 0.019733
0 0.841518 0.184999 0.023945 0.019916
0 0.615463 0.688014 0.025568 0.024667
0 0.262683 0.525489 0.024554 0.020830
0 0.461749 0.550886 0.022119 0.024484
0 0.311080 0.775809 0.022727 0.023753
0 0.587459 0.728942 0.022321 0.023570
0 0.335938 0.595560 0.023742 0.019551
0 0.661222 0.931116 0.023742 0.020464
0 0.085126 0.152110 0.022524 0.027225
0 0.460532 0.576740 0.020089 0.026859
0 0.285308 0.859857 0.023133 0.022291
0 0.083705 0.850630 0.022524 0.021743
0 0.286932 0.433309 0.022321 0.025397
0 0.310471 0.699251 0.025568 0.022291
0 0.084619 0.373104 0.023945 0.023022
0 0.535308 0.643888 0.022321 0.022657
0 0.893364 0.628540 0.024959 0.024118
0 0.540686 0.121140 0.024148 0.026676
0 0.284294 0.903344 0.023133 0.020099
0 0.262581 0.153389 0.026380 0.027225
0 0.160816 0.659510 0.026177 0.020647
0 0.689732 0.276357 0.021916 0.022474
0 0.262886 0.409739 0.024554 0.023570
0 0.339590 0.043943 0.024148 0.021743
0 0.311891 0.404349 0.025974 0.023388
0 0.161425 0.455600 0.025365 0.026128
0 0.638494 0.726293 0.021713 0.020099
0 0.788149 0.663804 0.021916 0.021926
0 0.787338 0.730404 0.021510 0.023205
0 0.790280 0.226932 0.026177 0.024484
0 0.664671 0.227298 0.024148 0.020830
0 0.815950 0.291887 0.023945 0.023205
0 0.311181 0.888909 0.024554 0.019002
0 0.211648 0.779006 0.028003 0.026494
0 0.085938 0.349991 0.026989 0.021012
0 0.787439 0.953316 0.023336 0.022839
0 0.463271 0.453408 0.022321 0.019551
0 0.362723 0.384067 0.024554 0.019002
0 0.386769 0.212498 0.023133 0.022291
0 0.461546 0.917230 0.022930 0.023753
0 0.920150 0.186187 0.023336 0.023753
0 0.336140 0.894482 0.023336 0.019916
0 0.110085 0.978714 0.022119 0.019551
0 0.560166 0.726293 0.022930 0.026676
0 0.613231 0.382057 0.023133 0.025946
0 0.641741 0.551434 0.023336 0.021560
0 0.564326 0.859218 0.025162 0.022474
0 0.213271 0.524575 0.026380 0.022657
0 0.485998 0.552713 0.024351 0.020099
0 0.458198 0.705098 0.023539 0.023022
0 0.210735 0.979079 0.026989 0.021743
0 0.589387 0.388087 0.021307 0.023388
0 0.662439 0.412754 0.021713 0.025215
0 0.362013 0.474968 0.025162 0.025032
0 0.663149 0.365065 0.024351 0.021195
0 0.414265 0.429015 0.023742 0.027407
0 0.864752 0.803033 0.024959 0.025215
0 0.083604 0.826055 0.022727 0.025580
0 0.613028 0.910926 0.023133 0.025397
0 0.735998 0.727846 0.023539 0.024301
0 0.085329 0.177599 0.024148 0.023388
0 0.693182 0.526676 0.024351 0.026128
0 0.264205 0.293715 0.025568 0.023936
0 0.440747 0.069706 0.023539 0.025032
0 0.814428 0.360406 0.024148 0.025763
0 0.692979 0.552074 0.024351 0.021378
0 0.760958 0.976978 0.025974 0.019733
0 0.788758 0.885346 0.024351 0.020647
0 0.664468 0.277727 0.022524 0.025580
0 0.440037 0.344327 0.020901 0.023936
0 0.587967 0.135301 0.021713 0.020647
0 0.892553 0.229582 0.022524 0.022839
0 0.388900 0.523296 0.021713 0.020830
0 0.336546 0.843779 0.024148 0.027407
0 0.667614 0.642244 0.025568 0.021926
0 0.712155 0.730861 0.024554 0.021560
0 0.589894 0.364974 0.021510 0.021012
0 0.161019 0.680614 0.023336 0.023388
0 0.183340 0.777362 0.025771 0.022474
0 0.712561 0.476795 0.026177 0.022839
0 0.638393 0.861685 0.022321 0.016810
0 0.921165 0.141147 0.023336 0.025763
0 0.641640 0.643705 0.023945 0.019002
0 0.412845 0.630550 0.024554 0.023753
0 0.766031 0.176868 0.022727 0.019733
0 0.084314 0.910470 0.022524 0.020464
0 0.312094 0.477526 0.024351 0.025397
0 0.588575 0.679426 0.026177 0.021743
0 0.185471 0.862233 0.022321 0.021926
0 0.085126 0.398228 0.023742 0.027225
0 0.385653 0.864334 0.025365 0.019916
0 0.287439 0.568518 0.022119 0.017723
0 0.895089 0.525671 0.021510 0.025580
0 0.134334 0.423625 0.020698 0.022839
0 0.513494 0.775991 0.023742 0.025580
0 0.917512 0.822949 0.022119 0.021926
0 0.387581 0.587521 0.022727 0.024301
0 0.388799 0.320574 0.021104 0.024301
0 0.388494 0.145807 0.022930 0.019733
0 0.361709 0.684360 0.023336 0.021378
0 0.946834 0.346428 0.024756 0.021560
0 0.789062 0.385986 0.024959 0.022839
0 0.291396 0.046318 0.024351 0.027225
0 0.589184 0.432761 0.021307 0.017358
0 0.895698 0.275991 0.021916 0.019185
0 0.764002 0.411383 0.024756 0.017723
0 0.489550 0.112187 0.023336 0.025580
0 0.762886 0.647268 0.023336 0.026494
0 0.765016 0.302942 0.024351 0.025215
0 0.161729 0.040197 0.024351 0.025580
0 0.362317 0.184816 0.021713 0.023205
0 0.059152 0.323771 0.023336 0.023022
0 0.811891 0.774255 0.021104 0.022839
0 0.061384 0.073177 0.023336 0.021378
0 0.506595 0.701718 0.023742 0.024301
0 0.918730 0.674402 0.024554 0.020830
0 0.564529 0.930386 0.023133 0.020099
0 0.288149 0.314818 0.023945 0.021926
0 0.461851 0.524392 0.024756 0.026311
0 0.312399 0.524849 0.025771 0.021378
0 0.262378 0.612004 0.022727 0.022474
0 0.537338 0.837566 0.025974 0.020464
0 0.414976 0.105518 0.023539 0.023570
0 0.111810 0.227480 0.027192 0.021560
0 0.135349 0.320939 0.021916 0.021743
0 0.488738 0.363695 0.024554 0.019551
0 0.440747 0.046684 0.021510 0.019916
0 0.738941 0.451306 0.023336 0.022657
0 0.412338 0.585419 0.023133 0.023022
0 0.412946 0.674584 0.023945 0.019002
0 0.211242 0.805134 0.026786 0.023936
0 0.111404 0.297643 0.025162 0.025215
0 0.667512 0.570893 0.020495 0.020281
0 0.184456 0.903618 0.022727 0.021743
0 0.108462 0.802302 0.022524 0.020830
0 0.565341 0.413484 0.021916 0.021560
0 0.413251 0.181893 0.022930 0.017723
0 0.764915 0.202631 0.022930 0.025215
0 0.866883 0.937055 0.025974 0.022474
0 0.838575 0.936598 0.026583 0.023753
0 0.111100 0.184360 0.025771 0.020830
0 0.161120 0.568427 0.026786 0.024484
0 0.789164 0.618765 0.023539 0.023205
0 0.085532 0.199982 0.024148 0.021378
0 0.788048 0.842317 0.023742 0.018272
0 0.588373 0.228211 0.024554 0.024484
0 0.362825 0.231043 0.025568 0.022839
0 0.362317 0.563676 0.023742 0.018272
0 0.892654 0.851270 0.023539 0.020464
0 0.761871 0.800018 0.022524 0.016262
0 0.539367 0.475333 0.023133 0.026128
0 0.439631 0.093459 0.023742 0.023205
0 0.416092 0.060479 0.024148 0.023022
0 0.058746 0.869085 0.024148 0.024301
0 0.638697 0.205463 0.022524 0.022474
0 0.084720 0.224374 0.023742 0.027042
0 0.562094 0.621323 0.022321 0.022474
0 0.840097 0.689750 0.024756 0.020830
0 0.612723 0.355655 0.024554 0.021012
0 0.159801 0.977526 0.024148 0.020830
0 0.687601 0.300292 0.020901 0.022839
0 0.461648 0.892929 0.025162 0.023753
0 0.211952 0.573634 0.022930 0.021743
0 0.284598 0.956514 0.023742 0.022291
0 0.486607 0.907363 0.023539 0.025215
0 0.160004 0.729399 0.024148 0.024484
0 0.811993 0.703545 0.023336 0.023570
0 0.690138 0.685090 0.021916 0.021378
0 0.944704 0.662342 0.023336 0.020099
0 0.336851 0.365704 0.022727 0.025032
0 0.260958 0.730495 0.023539 0.018637
0 0.337155 0.389640 0.024554 0.022474
0 0.058543 0.824045 0.024959 0.018272
0 0.336039 0.317742 0.023539 0.024118
0 0.737723 0.613192 0.023742 0.018637
0 0.812196 0.978622 0.023336 0.021560
0 0.866680 0.723187 0.027192 0.025215
0 0.311282 0.822858 0.026786 0.020281
0 0.739448 0.275809 0.026786 0.023205
0 0.159700 0.801389 0.020698 0.021195
0 0.336445 0.818473 0.020698 0.023205
0 0.285511 0.680979 0.021104 0.025946
0 0.865666 0.915129 0.022727 0.022109
0 0.261668 0.660333 0.021713 0.024849
0 0.387886 0.639046 0.022930 0.023205
0 0.508726 0.676868 0.025974 0.019551
0 0.763799 0.345332 0.023133 0.020464
0 0.589489 0.840490 0.020292 0.019733
0 0.462967 0.476338 0.023336 0.020099
0 0.336039 0.638498 0.021916 0.022839
0 0.412744 0.934862 0.023539 0.022839
0 0.839894 0.709940 0.025162 0.020647
0 0.786526 0.791157 0.022321 0.026311
0 0.513393 0.797460 0.023945 0.017358
0 0.687601 0.456605 0.025365 0.018272
0 0.337662 0.340581 0.023133 0.022657
0 0.710024 0.930386 0.022727 0.017906
0 0.160816 0.591632 0.024148 0.023022
0 0.612520 0.426183 0.022930 0.022109
0 0.486100 0.931665 0.023336 0.020099
0 0.160207 0.406450 0.023742 0.020281
0 0.160106 0.614654 0.024351 0.019002
0 0.463981 0.112278 0.022930 0.026128
0 0.459111 0.665266 0.023742 0.021926
0 0.890828 0.979719 0.024756 0.022657
0 0.563312 0.684086 0.024756 0.018637
0 0.813007 0.524849 0.023742 0.023936
0 0.892147 0.826969 0.022930 0.027773
0 0.464489 0.433035 0.023539 0.019002
0 0.365057 0.022474 0.023945 0.024118
0 0.790381 0.339576 0.023133 0.018089
0 0.210532 0.416134 0.028206 0.025397
0 0.109172 0.547963 0.023133 0.021926
0 0.488636 0.386260 0.023539 0.020464
0 0.685572 0.858213 0.024554 0.023388
0 0.211749 0.701535 0.026989 0.021012
0 0.133624 0.728759 0.022930 0.026128
0 0.160004 0.636031 0.022524 0.022657
0 0.760450 0.906176 0.025365 0.018454
0 0.812399 0.865704 0.025771 0.019002
0 0.514407 0.387539 0.026786 0.021926
0 0.866274 0.188105 0.021510 0.017358
0 0.868202 0.415494 0.024959 0.019368
0 0.110998 0.321579 0.021916 0.020464
0 0.160816 0.340946 0.024148 0.019733
0 0.413352 0.403161 0.022727 0.022474
0 0.334517 0.969761 0.027394 0.037457
0 0.335938 0.663256 0.021713 0.023022
0 0.386262 0.902430 0.024554 0.023753
0 0.535816 0.665723 0.023742 0.021743
0 0.539874 0.275717 0.021307 0.024484
0 0.564123 0.904805 0.021916 0.023388
0 0.864854 0.868902 0.026380 0.018454
0 0.663555 0.344966 0.025974 0.019002
0 0.211546 0.548420 0.024959 0.026128
0 0.185978 0.615750 0.021307 0.019368
0 0.263393 0.317193 0.023133 0.018637
0 0.460024 0.600219 0.023133 0.017906
0 0.361100 0.798557 0.022119 0.019185
0 0.942675 0.818929 0.023336 0.019733
0 0.436181 0.656404 0.020901 0.026128
0 0.589692 0.798739 0.024756 0.021378
0 0.919643 0.577197 0.021510 0.023388
0 0.895292 0.413302 0.024351 0.018272
0 0.762480 0.546775 0.022119 0.018820
0 0.211140 0.956879 0.025365 0.022291
0 0.946327 0.277270 0.025771 0.023205
0 0.415686 0.336013 0.024959 0.020099
0 0.160714 0.168920 0.025162 0.024301
0 0.943588 0.841677 0.023133 0.024667
0 0.867390 0.640508 0.023336 0.021743
0 0.060166 0.275534 0.022930 0.023388
0 0.918121 0.868354 0.022524 0.021012
0 0.685065 0.836287 0.024756 0.020464
0 0.816660 0.136031 0.021713 0.023570
0 0.112622 0.043852 0.026380 0.025580
0 0.919338 0.845240 0.023742 0.020464
0 0.791193 0.182532 0.023945 0.027042
0 0.537439 0.980267 0.025771 0.018272
0 0.437601 0.772885 0.024554 0.021560
0 0.638596 0.431299 0.025162 0.023936
0 0.762886 0.524849 0.023742 0.023205
0 0.641843 0.665174 0.022321 0.022474
0 0.892553 0.186369 0.020901 0.016810
0 0.639610 0.776357 0.023945 0.027773
0 0.059659 0.204367 0.021916 0.021378
0 0.663149 0.481272 0.024351 0.021195
0 0.490057 0.084688 0.023133 0.022474
0 0.311587 0.316006 0.023336 0.023570
0 0.159598 0.429837 0.023742 0.022109
0 0.287135 0.360954 0.022321 0.018089
0 0.616579 0.646172 0.022524 0.018820
0 0.790990 0.317193 0.020698 0.024118
0 0.439123 0.294811 0.022727 0.017723
0 0.489347 0.205555 0.024959 0.019733
0 0.815747 0.336105 0.023945 0.022839
0 0.891944 0.206559 0.022524 0.020647
0 0.942776 0.906176 0.023133 0.022839
0 0.136871 0.273159 0.023336 0.021560
0 0.285207 0.725836 0.022524 0.020647
0 0.210836 0.392381 0.027597 0.019916
0 0.160106 0.480541 0.024351 0.022657
0 0.842735 0.295724 0.025568 0.020281
0 0.894176 0.392563 0.023742 0.018089
0 0.894075 0.163895 0.025974 0.024849
0 0.540990 0.431756 0.025162 0.021926
0 0.186485 0.547780 0.023945 0.023388
0 0.486709 0.881692 0.023742 0.024667
0 0.310877 0.678604 0.023945 0.018637
0 0.837967 0.957610 0.024148 0.019002
0 0.415280 0.081856 0.023742 0.021560
0 0.385248 0.976887 0.026177 0.019916
0 0.613433 0.798922 0.021916 0.022109
0 0.185369 0.667824 0.024148 0.016444
0 0.389205 0.123698 0.020292 0.019002
0 0.639205 0.228851 0.022321 0.024667
0 0.866680 0.209209 0.025162 0.020830
0 0.763393 0.437237 0.023539 0.028138
0 0.564428 0.824319 0.025365 0.022839
0 0.413454 0.820665 0.025365 0.018820
0 0.310877 0.613557 0.024351 0.017175
0 0.713373 0.428284 0.025365 0.020830
0 0.311790 0.340672 0.024554 0.020281
0 0.335430 0.916956 0.024756 0.024301
0 0.917715 0.939978 0.023742 0.023205
0 0.867999 0.572264 0.024554 0.023022
0 0.030641 0.578202 0.023539 0.027225
0 0.185166 0.642792 0.023742 0.032889
0 0.412439 0.544034 0.024148 0.021012
0 0.563109 0.187923 0.021916 0.026494
0 0.841924 0.161886 0.024756 0.018272
0 0.284801 0.838480 0.022930 0.017175
0 0.059659 0.614745 0.021104 0.021743
0 0.086039 0.047323 0.022727 0.023388
0 0.788961 0.477709 0.023539 0.019916
0 0.061790 0.050338 0.021713 0.023205
0 0.133726 0.934314 0.020292 0.021743
0 0.709416 0.905445 0.023945 0.026128
0 0.942675 0.865339 0.022119 0.021560
0 0.058746 0.527133 0.022119 0.025215
0 0.736100 0.841769 0.022524 0.023753
0 0.159395 0.932304 0.024148 0.020647
0 0.662033 0.435227 0.022524 0.016444
0 0.135349 0.911749 0.021510 0.021195
0 0.390929 0.395304 0.023742 0.021378
0 0.159700 0.826238 0.022321 0.022291
0 0.614651 0.775443 0.025162 0.024484
0 0.688007 0.729856 0.022930 0.022474
0 0.641843 0.598483 0.022727 0.020647
0 0.517350 0.035721 0.026177 0.024301
0 0.943283 0.954230 0.024554 0.022839
0 0.135450 0.827974 0.024554 0.019916
0 0.866985 0.229764 0.023336 0.018089
0 0.085024 0.800384 0.023945 0.022109
0 0.184355 0.345697 0.022930 0.021195
0 0.462967 0.156039 0.022930 0.018272
0 0.943283 0.977983 0.025365 0.018820
0 0.487216 0.977617 0.023539 0.020281
0 0.539265 0.452494 0.022930 0.020281
0 0.111607 0.137676 0.025162 0.026494
0 0.463271 0.229490 0.025568 0.021560
0 0.412845 0.775169 0.022930 0.025032
0 0.736201 0.774164 0.024351 0.023753
0 0.086140 0.276083 0.026583 0.023022
0 0.816558 0.313813 0.023539 0.018454
0 0.263697 0.458341 0.024148 0.019185
0 0.057528 0.890462 0.024148 0.018820
0 0.515828 0.085145 0.024351 0.017906
0 0.464083 0.070711 0.022321 0.019733
0 0.563210 0.953590 0.023742 0.022291
0 0.920556 0.410561 0.024148 0.019368
0 0.534700 0.708661 0.024351 0.023570
0 0.057123 0.955966 0.023336 0.024118
0 0.435877 0.587703 0.022321 0.021743
0 0.763393 0.671570 0.023539 0.021012
0 0.506494 0.726749 0.023539 0.019185
0 0.108462 0.728394 0.026177 0.023205
0 0.709720 0.855564 0.024554 0.022839
0 0.564326 0.391924 0.023945 0.023022
0 0.943588 0.798100 0.023539 0.016810
0 0.788555 0.594921 0.022727 0.024118
0 0.613028 0.865156 0.022727 0.020464
0 0.688616 0.343048 0.022119 0.017723
0 0.865260 0.979901 0.020292 0.021560
0 0.945820 0.159510 0.023539 0.021195
0 0.260146 0.929198 0.024351 0.024301
0 0.842532 0.274804 0.029221 0.020099
0 0.760552 0.950393 0.022321 0.026128
0 0.109781 0.908277 0.022321 0.020099
0 0.057934 0.590353 0.024554 0.025946
0 0.462155 0.369724 0.024554 0.019916
0 0.895191 0.117943 0.025771 0.018454
0 0.688819 0.227937 0.021307 0.024301
0 0.084517 0.109264 0.024959 0.018637
0 0.160004 0.848895 0.022524 0.021560
0 0.109375 0.699982 0.025162 0.025580
0 0.210532 0.911383 0.026177 0.024118
0 0.564935 0.325781 0.020292 0.023022
0 0.761567 0.926549 0.025568 0.019368
0 0.662135 0.456788 0.023133 0.028138
0 0.135958 0.448748 0.023945 0.024484
0 0.867999 0.390554 0.023336 0.026494
0 0.735390 0.885803 0.022727 0.022291
0 0.761262 0.776448 0.020495 0.027225
0 0.286019 0.654577 0.021713 0.021743
0 0.589894 0.589987 0.024756 0.021926
0 0.894278 0.687466 0.022727 0.022474
0 0.412135 0.978166 0.024351 0.019185
0 0.869825 0.275809 0.025365 0.022109
0 0.360187 0.774895 0.019481 0.025215
0 0.210532 0.887722 0.024959 0.021743
0 0.186181 0.524301 0.020495 0.023570
0 0.184761 0.816645 0.023336 0.018089
0 0.437703 0.861776 0.026380 0.021743
0 0.713575 0.337658 0.023336 0.023022
0 0.360795 0.870546 0.023539 0.025397
0 0.059963 0.434679 0.020901 0.025946
0 0.945211 0.208935 0.023945 0.018089
0 0.708705 0.977161 0.023336 0.019002
0 0.308340 0.978074 0.022524 0.024118
0 0.259334 0.951855 0.025162 0.016262
0 0.516234 0.361685 0.025974 0.021378
0 0.791802 0.205372 0.024756 0.016810
0 0.788251 0.525123 0.020901 0.023753
0 0.660917 0.882514 0.021104 0.027773
0 0.541092 0.364243 0.021307 0.016993
0 0.590097 0.634844 0.025162 0.019916
0 0.109781 0.869085 0.022321 0.019185
0 0.337256 0.774164 0.023539 0.021560
0 0.716518 0.550886 0.021104 0.019002
0 0.389509 0.478348 0.023336 0.022657
0 0.663352 0.298739 0.022727 0.016810
0 0.134740 0.607162 0.022321 0.021195
0 0.083705 0.934131 0.022119 0.023936
0 0.893973 0.776813 0.022524 0.022474
0 0.287135 0.548602 0.021916 0.018454
0 0.737013 0.703088 0.024756 0.020464
0 0.841924 0.449845 0.023133 0.020464
0 0.135552 0.777818 0.022321 0.021926
0 0.685268 0.772246 0.021510 0.020647
0 0.135248 0.655125 0.022930 0.023570
0 0.538657 0.191942 0.024959 0.025032
0 0.110390 0.480541 0.024756 0.023388
0 0.464184 0.299653 0.022930 0.020464
0 0.084416 0.614197 0.023133 0.018454
0 0.589083 0.903070 0.022321 0.020281
0 0.892553 0.938516 0.024554 0.022109
0 0.816153 0.160881 0.024351 0.019916
0 0.287033 0.797917 0.020901 0.017175
0 0.738636 0.229033 0.023133 0.021012
0 0.637175 0.336653 0.020698 0.023570
0 0.893669 0.649187 0.023133 0.016444
0 0.441558 0.022474 0.023539 0.025946
0 0.488231 0.228668 0.023945 0.021378
0 0.589387 0.655125 0.024148 0.019916
0 0.361912 0.542755 0.023336 0.021743
0 0.437196 0.524667 0.023742 0.024667
0 0.362926 0.428102 0.025771 0.020464
0 0.414671 0.230312 0.022119 0.021012
0 0.261871 0.796821 0.024959 0.020464
0 0.262784 0.547415 0.024351 0.019733
0 0.537439 0.814910 0.020901 0.023753
0 0.111201 0.454687 0.025568 0.027590
0 0.085633 0.871460 0.023539 0.021012
0 0.765929 0.151014 0.024148 0.025032
0 0.764610 0.325416 0.023945 0.018637
0 0.736404 0.818564 0.020698 0.020830
0 0.945617 0.300932 0.023945 0.020099
0 0.589996 0.568884 0.024959 0.019185
0 0.637886 0.478348 0.022930 0.019002
0 0.133624 0.398593 0.021713 0.025397
0 0.310978 0.362690 0.023742 0.019368
0 0.787744 0.709117 0.019886 0.019368
0 0.733969 0.933674 0.020698 0.022657
0 0.812804 0.681893 0.023742 0.017906
0 0.739144 0.428376 0.024554 0.019551
0 0.713068 0.314270 0.026380 0.020099
0 0.714286 0.652567 0.023133 0.018454
0 0.837662 0.979170 0.023133 0.020830
0 0.537236 0.931756 0.022119 0.019916
0 0.590199 0.951763 0.023742 0.017541
0 0.636465 0.948109 0.020901 0.020830
0 0.710329 0.817924 0.024148 0.021743
0 0.135045 0.869450 0.022119 0.026494
0 0.184659 0.365978 0.022727 0.017541
0 0.561384 0.702631 0.023742 0.018089
0 0.636465 0.927645 0.022524 0.019733
0 0.186485 0.704458 0.020698 0.021012
0 0.309456 0.933400 0.023133 0.023570
0 0.436790 0.630733 0.020901 0.023753
0 0.615970 0.666179 0.025771 0.019002
0 0.791498 0.157775 0.023336 0.018820
0 0.842532 0.318838 0.021916 0.020464
0 0.490361 0.064681 0.025771 0.016444
0 0.866173 0.959072 0.022119 0.020464
0 0.085430 0.300018 0.020698 0.024484
0 0.162135 0.089165 0.025162 0.023753
0 0.564022 0.775169 0.022524 0.025032
0 0.691558 0.626622 0.020698 0.019185
0 0.868304 0.478531 0.026380 0.024118
0 0.110085 0.369176 0.019683 0.019551
0 0.509943 0.653755 0.023539 0.022291
0 0.412439 0.653024 0.022930 0.019002
0 0.541599 0.410287 0.022321 0.019185
0 0.464184 0.021469 0.023742 0.025032
0 0.811993 0.910287 0.025365 0.020830
0 0.946530 0.323771 0.026177 0.023753
0 0.564529 0.137219 0.021916 0.023753
0 0.537033 0.229308 0.025365 0.022291
0 0.390118 0.417870 0.022930 0.022291
0 0.133218 0.956240 0.022930 0.019551
0 0.690442 0.666636 0.020901 0.016262
0 0.868912 0.435136 0.022321 0.016993
0 0.311587 0.844235 0.023336 0.020647
0 0.057325 0.663987 0.024554 0.021926
0 0.437094 0.568153 0.023133 0.017723
0 0.133015 0.371003 0.024959 0.024667
0 0.868202 0.453316 0.022524 0.019368
0 0.111506 0.273707 0.020901 0.020099
0 0.184050 0.409008 0.022321 0.021012
0 0.202719 0.116846 0.037744 0.018454
0 0.944907 0.595286 0.022524 0.022291
0 0.838981 0.728851 0.023336 0.020464
0 0.210024 0.343779 0.026380 0.025032
0 0.110390 0.112370 0.023539 0.022657
0 0.308036 0.954869 0.022321 0.020099
0 0.588880 0.860406 0.023539 0.017906
0 0.944704 0.230495 0.023742 0.021012
0 0.511567 0.523570 0.024351 0.020647
0 0.134639 0.847890 0.024554 0.017358
0 0.083604 0.959437 0.023945 0.025580
0 0.135146 0.588160 0.025162 0.016444
0 0.661729 0.835739 0.020698 0.019002
0 0.362825 0.729582 0.023133 0.024118
0 0.486912 0.954504 0.022524 0.017906
0 0.641437 0.526768 0.022321 0.024484
0 0.285207 0.703727 0.021307 0.018089
0 0.864752 0.826147 0.026989 0.018454
0 0.262784 0.567696 0.022321 0.017175
0 0.459923 0.643066 0.021307 0.016993
0 0.589894 0.819295 0.021510 0.020830
0 0.362723 0.706834 0.023336 0.022474
0 0.615767 0.524301 0.024554 0.021378
0 0.463575 0.349534 0.019683 0.016810
0 0.713170 0.708661 0.023336 0.021743
0 0.134740 0.569797 0.021916 0.018820
0 0.838880 0.915037 0.024351 0.019368
0 0.944095 0.683537 0.023742 0.018272
0 0.210227 0.318016 0.025974 0.022474
0 0.918628 0.696236 0.023133 0.023205
0 0.085329 0.569158 0.023336 0.024849
0 0.614651 0.334003 0.021510 0.018637
0 0.389509 0.439704 0.021713 0.023570
0 0.337662 0.462361 0.023945 0.025032
0 0.488231 0.480175 0.021916 0.021195
0 0.488535 0.314087 0.022524 0.021195
0 0.538758 0.794171 0.024351 0.018454
0 0.920657 0.340490 0.024756 0.018454
0 0.161120 0.546501 0.024756 0.018272
0 0.685572 0.980724 0.020089 0.019916
0 0.285613 0.818747 0.024959 0.020099
0 0.158381 0.955692 0.023336 0.023570
0 0.335329 0.939978 0.024959 0.019916
0 0.538352 0.773251 0.024756 0.022291
0 0.566153 0.347159 0.023133 0.019733
0 0.894278 0.732596 0.023945 0.018089
0 0.363332 0.297186 0.021713 0.018089
0 0.059355 0.345058 0.020089 0.017358
0 0.438819 0.231866 0.023336 0.022657
0 0.863941 0.846702 0.022119 0.021926
0 0.487216 0.771423 0.024756 0.019368
0 0.031960 0.121962 0.025365 0.026859
0 0.262480 0.229856 0.024959 0.024118
0 0.485897 0.645898 0.021307 0.017906
0 0.515726 0.105883 0.022524 0.022474
0 0.462865 0.979719 0.024351 0.018272
0 0.841518 0.230952 0.023539 0.022291
0 0.389813 0.273342 0.025974 0.021560
0 0.811993 0.956697 0.020495 0.016444
0 0.337764 0.412754 0.021713 0.022657
0 0.360187 0.893751 0.023539 0.019185
0 0.212358 0.846428 0.026177 0.016993
0 0.837561 0.773159 0.022930 0.018820
0 0.135856 0.188014 0.021307 0.019368
0 0.589489 0.974785 0.023945 0.023753
0 0.513596 0.434588 0.025162 0.018454
0 0.288454 0.275169 0.022119 0.018272
0 0.565239 0.454047 0.020495 0.021560
0 0.688413 0.322584 0.022524 0.021378
0 0.109071 0.649004 0.023336 0.018637
0 0.868304 0.364334 0.022727 0.020464
0 0.083807 0.479993 0.023539 0.023388
0 0.336546 0.615841 0.024148 0.018820
0 0.511769 0.976795 0.021510 0.022657
0 0.388088 0.706285 0.020495 0.015896
0 0.488535 0.411657 0.022930 0.024484
0 0.462967 0.388361 0.024148 0.017358
0 0.945718 0.570619 0.025365 0.025580
0 0.637480 0.975973 0.022524 0.024301
0 0.761465 0.863420 0.023742 0.018454
0 0.185978 0.323497 0.023742 0.021743
0 0.109274 0.888726 0.024554 0.020099
0 0.661729 0.797826 0.018263 0.016262
0 0.412845 0.842500 0.022524 0.022657
0 0.662135 0.816189 0.020698 0.019733
0 0.413149 0.523022 0.019886 0.016993
0 0.789062 0.406998 0.023336 0.017358
0 0.713474 0.672574 0.023133 0.021560
0 0.564834 0.112735 0.023336 0.024118
0 0.511364 0.839302 0.020292 0.015896
0 0.661729 0.856751 0.020698 0.023022
0 0.709314 0.952585 0.020089 0.022839
0 0.841619 0.389275 0.023336 0.022839
0 0.311993 0.570437 0.020901 0.017906
0 0.638088 0.835008 0.023336 0.035447
0 0.919136 0.232962 0.021307 0.017541
0 0.763393 0.389001 0.024351 0.018637
0 0.589894 0.341495 0.021916 0.024118
0 0.286729 0.456148 0.019481 0.018089
0 0.613231 0.448383 0.021916 0.019368
0 0.685166 0.955509 0.020495 0.028686
0 0.462256 0.797552 0.020292 0.021926
0 0.060471 0.411475 0.020292 0.019368
0 0.387480 0.661703 0.020901 0.021012
0 0.817167 0.209757 0.023539 0.024484
0 0.261567 0.775169 0.024351 0.022109
0 0.085126 0.705555 0.020901 0.020647
0 0.566051 0.433583 0.022119 0.018272
0 0.762581 0.705463 0.022727 0.020464
0 0.540381 0.319843 0.022321 0.019916
0 0.972200 0.151928 0.024756 0.025397
0 0.338170 0.729216 0.022119 0.020464
0 0.388088 0.565321 0.021713 0.017541
0 0.614347 0.708021 0.020901 0.016079
0 0.564428 0.161429 0.023336 0.023570
0 0.542411 0.298831 0.028003 0.022109
0 0.868608 0.296547 0.024554 0.017541
0 0.162439 0.524941 0.021713 0.024118
0 0.894278 0.666910 0.023945 0.019002
0 0.838474 0.797552 0.023945 0.025580
0 0.541700 0.386260 0.021307 0.023022
0 0.867390 0.684634 0.024959 0.019002
0 0.034294 0.069706 0.025974 0.025397
0 0.059050 0.569614 0.023539 0.017358
0 0.111810 0.021012 0.023133 0.018272
0 0.084517 0.526768 0.020495 0.023753
0 0.032265 0.396309 0.023945 0.027407
0 0.565341 0.369267 0.020698 0.023022
0 0.161425 0.125343 0.024554 0.017175
0 0.715402 0.600585 0.019683 0.023022
0 0.537642 0.856203 0.024959 0.017175
0 0.515016 0.295724 0.022321 0.023205
0 0.212459 0.682807 0.025974 0.017175
0 0.413454 0.608076 0.024554 0.018272
0 0.288657 0.207199 0.021713 0.020830
0 0.184456 0.929015 0.023133 0.025397
0 0.415483 0.290883 0.022930 0.020830
0 0.764205 0.480632 0.025568 0.020647
0 0.158989 0.893660 0.025771 0.019002
0 0.613231 0.977161 0.021510 0.018637
0 0.386871 0.166545 0.022524 0.021012
0 0.666599 0.662982 0.024756 0.015165
0 0.663352 0.775260 0.021916 0.026311
0 0.790889 0.294902 0.022930 0.021560
0 0.943892 0.929563 0.024148 0.019551
0 0.664570 0.704458 0.022727 0.016993
0 0.438413 0.115476 0.021713 0.021560
0 0.288454 0.295085 0.020901 0.016810
0 0.184963 0.481546 0.020901 0.022839
0 0.866376 0.702814 0.024148 0.015165
0 0.973519 0.638133 0.028612 0.025397
0 0.512074 0.957062 0.024959 0.016079
0 0.972707 0.178056 0.024959 0.021378
0 0.895495 0.481089 0.021510 0.018637
0 0.211648 0.618034 0.020698 0.020647
0 0.636769 0.295542 0.025974 0.023205
0 0.058644 0.119587 0.023945 0.019551
0 0.183847 0.386077 0.023945 0.022291
0 0.590300 0.276539 0.021510 0.024301
0 0.687601 0.476704 0.021307 0.022291
0 0.841518 0.367349 0.021104 0.017358
0 0.590097 0.298282 0.021916 0.020281
0 0.714083 0.690206 0.021510 0.016627
0 0.108157 0.778641 0.023133 0.026859
0 0.161120 0.018637 0.024756 0.017175
0 0.787845 0.862141 0.019683 0.022474
0 0.464793 0.088982 0.022930 0.016810
0 0.917918 0.979810 0.023742 0.022474
0 0.838068 0.822401 0.022321 0.022291
0 0.717938 0.526311 0.025568 0.024667
0 0.437297 0.841221 0.020698 0.017906
0 0.084821 0.422437 0.023133 0.019002
0 0.436181 0.701535 0.020901 0.022839
0 0.540483 0.145441 0.026177 0.021560
0 0.284598 0.977435 0.026583 0.018089
0 0.919643 0.296364 0.023539 0.017541
0 0.057630 0.686187 0.021916 0.021012
0 0.184761 0.798100 0.024148 0.018272
0 0.539773 0.167093 0.025974 0.023570
0 0.210938 0.370181 0.025771 0.024484
0 0.211648 0.826877 0.024351 0.020281
0 0.109375 0.525215 0.022321 0.022109
0 0.972098 0.662068 0.025365 0.024667
0 0.715503 0.573817 0.019886 0.024301
0 0.363129 0.161612 0.023336 0.018454
0 0.737723 0.566143 0.023336 0.017358
0 0.032670 0.143980 0.021104 0.016079
0 0.513393 0.209026 0.023133 0.017541
0 0.483969 0.668920 0.019481 0.024849
0 0.439834 0.273251 0.024554 0.021743
0 0.160207 0.912023 0.026177 0.017723
0 0.918019 0.913941 0.025162 0.023753
0 0.413251 0.697150 0.022119 0.019185
0 0.462358 0.942262 0.021713 0.023388
0 0.083807 0.592911 0.021916 0.021560
0 0.514915 0.272520 0.022524 0.019185
0 0.462865 0.961995 0.019886 0.018637
0 0.185166 0.456879 0.024148 0.027225
0 0.031757 0.684816 0.022119 0.023022
0 0.030946 0.170382 0.024148 0.024301
0 0.415584 0.356934 0.022727 0.018820
0 0.891944 0.918052 0.021307 0.015896
0 0.134740 0.529052 0.025568 0.029417
0 0.708807 0.797917 0.021510 0.016810
0 0.917614 0.959803 0.023539 0.019368
0 0.084720 0.459529 0.024554 0.017906
0 0.436688 0.608533 0.021916 0.017723
0 0.563109 0.641604 0.024351 0.017723
0 0.738738 0.340581 0.022119 0.019368
0 0.058340 0.163439 0.026989 0.021378
0 0.738738 0.203362 0.026583 0.020099
0 0.511161 0.591449 0.020698 0.015714
0 0.109781 0.955692 0.022727 0.022839
0 0.588271 0.184177 0.021916 0.017541
0 0.438312 0.210579 0.023945 0.020647
0 0.202618 0.135118 0.037135 0.019551
0 0.790990 0.273890 0.023945 0.021560
0 0.032062 0.893842 0.025162 0.021926
0 0.511972 0.227846 0.021104 0.022291
0 0.534091 0.729947 0.023133 0.023388
0 0.058644 0.458341 0.024351 0.021378
0 0.945617 0.410744 0.022727 0.021195
0 0.788961 0.360406 0.022727 0.024301
0 0.210735 0.481454 0.022930 0.022291
0 0.946631 0.368628 0.023539 0.024301
0 0.032062 0.871094 0.023133 0.021743
0 0.057833 0.778641 0.026380 0.021378
0 0.613636 0.230952 0.023133 0.023388
0 0.185268 0.685456 0.024351 0.018820
0 0.787845 0.929929 0.023336 0.019551
0 0.968344 0.805134 0.023945 0.027955
0 0.059050 0.479627 0.022321 0.022657
0 0.946530 0.138955 0.023336 0.017358
0 0.925528 0.114106 0.028815 0.025763
0 0.738738 0.361959 0.020495 0.023022
0 0.462764 0.136123 0.022930 0.017175
0 0.084619 0.548237 0.021916 0.015896
0 0.615158 0.190024 0.025365 0.025580
0 0.084213 0.658049 0.022727 0.019185
0 0.971997 0.127261 0.023539 0.024301
0 0.542005 0.072995 0.022727 0.022109
0 0.946124 0.390462 0.023336 0.017906
0 0.947342 0.522657 0.026583 0.023570
0 0.059456 0.640599 0.023539 0.023388
0 0.336749 0.482459 0.020089 0.016627
0 0.920252 0.597570 0.023945 0.016262
0 0.460430 0.727754 0.021916 0.020464
0 0.511364 0.879865 0.023133 0.018820
0 0.946124 0.485474 0.020089 0.016810
0 0.385045 0.882606 0.024148 0.015896
0 0.034192 0.340764 0.022524 0.021560
0 0.084111 0.982916 0.025365 0.021012
0 0.943588 0.703727 0.022727 0.017723
0 0.032468 0.602046 0.023133 0.016810
0 0.084416 0.128723 0.025162 0.016627
0 0.086445 0.441166 0.025162 0.021012
0 0.817877 0.231866 0.023336 0.021560
0 0.110390 0.582405 0.021916 0.022109
0 0.589387 0.881418 0.022930 0.019733
0 0.062196 0.024484 0.022524 0.027042
0 0.436688 0.680888 0.021104 0.017723
0 0.737825 0.544857 0.022321 0.020099
0 0.891640 0.959346 0.024351 0.016627
0 0.363433 0.339028 0.023133 0.017358
0 0.263088 0.479445 0.020901 0.023022
0 0.109781 0.673305 0.021916 0.026311
0 0.588778 0.456057 0.019278 0.019002
0 0.312804 0.276631 0.024959 0.021560
0 0.918730 0.890280 0.022930 0.022474
0 0.637784 0.314635 0.022727 0.018637
0 0.085024 0.090718 0.022727 0.011146
0 0.565747 0.302668 0.019481 0.021743
0 0.184659 0.977252 0.021916 0.020647
0 0.390422 0.459346 0.023945 0.017541
0 0.946834 0.545770 0.026380 0.020464
0 0.613941 0.210579 0.020901 0.016262
0 0.510958 0.610999 0.022321 0.021195
0 0.514407 0.163073 0.023945 0.023570
0 0.288860 0.145624 0.024148 0.023753
0 0.031960 0.849443 0.020495 0.020830
0 0.185674 0.883610 0.023945 0.017175
0 0.739347 0.297186 0.024554 0.018454
0 0.742086 0.177690 0.021510 0.021743
0 0.034192 0.420062 0.023336 0.017541
0 0.289468 0.122876 0.025365 0.020281
0 0.734679 0.957062 0.020901 0.021926
0 0.733868 0.978531 0.022119 0.024667
0 0.562094 0.228303 0.023539 0.026859
0 0.033381 0.234058 0.024148 0.023022
0 0.513900 0.316463 0.021713 0.016079
0 0.709720 0.836744 0.021713 0.015165
0 0.762581 0.689110 0.022727 0.014800
0 0.033888 0.274895 0.024351 0.020281
0 0.510856 0.631829 0.023336 0.016810
0 0.565138 0.088525 0.023945 0.022839
0 0.613941 0.954230 0.020089 0.022474
0 0.110085 0.432487 0.022524 0.017175
0 0.084213 0.777362 0.021510 0.020647
0 0.589286 0.112918 0.023133 0.025215
0 0.083198 0.891193 0.023133 0.018820
0 0.112216 0.092088 0.025568 0.017906
0 0.638596 0.184908 0.019886 0.017906
0 0.110390 0.565229 0.022727 0.011511
0 0.787236 0.907820 0.023742 0.020281
0 0.613636 0.934314 0.022321 0.017723
0 0.363129 0.520738 0.023742 0.020464
0 0.034700 0.046227 0.022727 0.020099
0 0.462256 0.773525 0.020292 0.023570
0 0.031960 0.192764 0.023336 0.017541
0 0.972808 0.706468 0.029221 0.026859
0 0.134740 0.891010 0.021104 0.018820
0 0.970982 0.684451 0.024351 0.016810
0 0.261262 0.816554 0.024148 0.017541
0 0.590503 0.522291 0.027192 0.016993
0 0.031960 0.709026 0.023742 0.022474
0 0.943385 0.885164 0.022727 0.016262
0 0.537541 0.211219 0.019075 0.013521
0 0.134334 0.549699 0.024351 0.017723
0 0.162642 0.108167 0.027800 0.014983
0 0.290077 0.188105 0.026177 0.021378
0 0.337155 0.710305 0.022930 0.018089
0 0.110795 0.162068 0.022727 0.023022
0 0.944399 0.462361 0.028003 0.026128
0 0.360593 0.913576 0.022727 0.019002
0 0.764103 0.459255 0.021713 0.016262
0 0.057731 0.710214 0.023742 0.024849
0 0.815341 0.407729 0.025974 0.011146
0 0.031149 0.526037 0.022119 0.023753
0 0.109984 0.414033 0.021510 0.019733
0 0.840199 0.476430 0.024959 0.026494
0 0.739347 0.522474 0.018872 0.018089
0 0.636364 0.272794 0.025974 0.022291
0 0.411323 0.563676 0.022727 0.015348
0 0.184659 0.951672 0.020292 0.016993
0 0.459111 0.684725 0.021713 0.015531
0 0.110694 0.604604 0.021307 0.021560
0 0.972707 0.476156 0.029424 0.027042
0 0.211952 0.460990 0.024148 0.018637
0 0.031351 0.211493 0.029018 0.019551
0 0.968344 0.957701 0.020292 0.021743
0 0.564428 0.841951 0.024554 0.015714
0 0.516843 0.016170 0.025568 0.016627
0 0.562399 0.209300 0.023742 0.016627
0 0.286019 0.478348 0.022524 0.023022
0 0.489651 0.293075 0.023945 0.016444
0 0.713068 0.382971 0.023945 0.013155
0 0.087561 0.022839 0.023336 0.025215
0 0.714489 0.270510 0.023539 0.014800
0 0.971692 0.197332 0.024959 0.020099
0 0.264610 0.271971 0.022727 0.017358
0 0.969359 0.850174 0.022321 0.022657
0 0.841315 0.404166 0.024756 0.020830
0 0.615057 0.311164 0.020698 0.021926
0 0.612723 0.273159 0.022930 0.021195
0 0.739042 0.318838 0.022727 0.022291
0 0.661222 0.953042 0.022930 0.019002
0 0.966721 0.977161 0.020292 0.020464
0 0.713170 0.188745 0.020901 0.017175
0 0.967837 0.778001 0.026583 0.024484
0 0.032873 0.461995 0.022727 0.018089
0 0.034801 0.915129 0.016031 0.016993
0 0.416396 0.017815 0.021916 0.021012
0 0.737825 0.384798 0.023945 0.012790
0 0.032062 0.827426 0.021916 0.019551
0 0.311282 0.295359 0.023133 0.014800
0 0.032062 0.294811 0.025162 0.015896
0 0.056311 0.728851 0.023336 0.021195
0 0.614245 0.168737 0.021510 0.017723
0 0.414367 0.272246 0.023945 0.020830
0 0.967431 0.871917 0.023336 0.017906
0 0.288251 0.168463 0.023742 0.022657
0 0.970881 0.730312 0.023336 0.020464
0 0.613231 0.292344 0.020698 0.014252
0 0.971997 0.234241 0.027192 0.019002
0 0.034091 0.481180 0.020698 0.020647
0 0.947037 0.115293 0.023539 0.022657
0 0.968953 0.936506 0.019886 0.019185
0 0.030438 0.315640 0.027192 0.023205
0 0.417309 0.039010 0.021307 0.016262
0 0.489651 0.273799 0.023133 0.018454
0 0.967634 0.827243 0.022119 0.017723
0 0.029931 0.471953 0.031047 0.035812
0 0.893364 0.100767 0.021713 0.012607
0 0.842938 0.116298 0.022321 0.016627
0 0.030946 0.659510 0.023742 0.022839
0 0.033381 0.439795 0.023336 0.021195
0 0.971489 0.108076 0.019278 0.014069
0 0.713677 0.209940 0.022321 0.028504
0 0.786323 0.770236 0.023539 0.015531
0 0.821226 0.273068 0.019886 0.016627
0 0.033381 0.021195 0.026989 0.025580
0 0.033888 0.618034 0.022727 0.015165
0 0.637581 0.421067 0.023133 0.018089
0 0.029728 0.980084 0.022524 0.027407
0 0.334314 0.956514 0.022524 0.017541
0 0.973113 0.217157 0.031047 0.022474
0 0.942167 0.437420 0.023945 0.018272
0 0.713575 0.232231 0.024959 0.016079
0 0.920049 0.731409 0.022727 0.021560
0 0.482549 0.714782 0.021510 0.018272
0 0.484375 0.731409 0.022727 0.014983
0 0.967735 0.892655 0.020292 0.023570
0 0.031351 0.957153 0.021307 0.019185
0 0.030743 0.935136 0.022524 0.018272
0 0.031960 0.803490 0.022524 0.023570
