0 0.626172 0.386262 0.024740 0.033138
0 0.165625 0.928892 0.027604 0.028305
0 0.338932 0.121505 0.024740 0.032447
0 0.708594 0.082154 0.023958 0.033138
0 0.466927 0.795996 0.024479 0.033138
0 0.165495 0.882982 0.023177 0.028305
0 0.364583 0.089921 0.025000 0.033483
0 0.815755 0.758371 0.024740 0.032447
0 0.342578 0.734726 0.024219 0.032793
0 0.734766 0.081636 0.025781 0.031412
0 0.679688 0.167587 0.022396 0.024508
0 0.134766 0.465309 0.025260 0.031757
0 0.570833 0.532275 0.026562 0.028305
0 0.680599 0.384881 0.024740 0.033138
0 0.652995 0.387297 0.025781 0.036590
0 0.953255 0.539869 0.023177 0.028305
0 0.707812 0.114946 0.025000 0.033138
0 0.160286 0.467035 0.023698 0.032447
0 0.870703 0.513462 0.021615 0.032102
0 0.678776 0.081636 0.025781 0.031412
0 0.815625 0.285295 0.027083 0.025889
0 0.678646 0.505868 0.023438 0.031412
0 0.441276 0.927511 0.022135 0.028305
0 0.490104 0.054884 0.023958 0.030376
0 0.952214 0.413186 0.024740 0.033138
0 0.870964 0.416120 0.025260 0.033483
0 0.922135 0.872109 0.021875 0.024508
0 0.816016 0.045910 0.025260 0.033138
0 0.342839 0.766828 0.024219 0.030721
0 0.925781 0.414394 0.025521 0.032793
0 0.896484 0.631688 0.024740 0.024853
0 0.842448 0.284777 0.025521 0.025544
0 0.598437 0.050224 0.026562 0.034864
0 0.652604 0.452537 0.025521 0.034518
0 0.814974 0.632896 0.026302 0.025198
0 0.763411 0.626683 0.025781 0.028650
0 0.162891 0.738868 0.023698 0.032793
0 0.389974 0.088712 0.024219 0.033138
0 0.344401 0.950984 0.021615 0.028305
0 0.467187 0.875906 0.023958 0.029341
0 0.261068 0.176217 0.022656 0.032102
0 0.814583 0.161201 0.024479 0.033138
0 0.131901 0.094408 0.022135 0.032793
0 0.735417 0.758371 0.025521 0.031757
0 0.441536 0.953227 0.022135 0.027960
0 0.789583 0.757680 0.023438 0.029686
0 0.212760 0.737660 0.023438 0.030376
0 0.896354 0.510701 0.023958 0.029341
0 0.465234 0.221781 0.022135 0.026579
0 0.709635 0.725233 0.025000 0.033138
0 0.870052 0.721954 0.024479 0.033483
0 0.762500 0.757680 0.025000 0.032447
0 0.440625 0.795823 0.023958 0.032102
0 0.816667 0.534346 0.024479 0.031757
0 0.763802 0.447187 0.025000 0.032793
0 0.735807 0.601139 0.022135 0.026579
0 0.708333 0.627718 0.026562 0.028650
0 0.414714 0.226786 0.022656 0.027615
0 0.321875 0.974111 0.026562 0.028996
0 0.897526 0.185364 0.022656 0.027615
0 0.084635 0.861754 0.022396 0.030031
0 0.186198 0.465136 0.025000 0.032793
0 0.844141 0.414222 0.025260 0.032447
0 0.108333 0.639109 0.025521 0.028650
0 0.366927 0.601657 0.020833 0.025544
0 0.465495 0.624439 0.022135 0.024163
0 0.895573 0.722472 0.023438 0.032447
0 0.892969 0.897135 0.021875 0.028305
0 0.083333 0.400414 0.023438 0.031067
0 0.543880 0.537453 0.024219 0.030376
0 0.789453 0.414912 0.023698 0.029686
0 0.515104 0.121160 0.024479 0.037970
0 0.571875 0.762168 0.028646 0.028996
0 0.365365 0.292371 0.024479 0.023473
0 0.110156 0.885571 0.022396 0.031412
0 0.464453 0.244218 0.020573 0.025198
0 0.839583 0.924922 0.021875 0.025889
0 0.367318 0.625992 0.023177 0.026579
0 0.418359 0.764584 0.021615 0.031757
0 0.761068 0.079910 0.022656 0.032102
0 0.313802 0.515533 0.022396 0.028650
0 0.291146 0.800828 0.023958 0.030376
0 0.922396 0.945633 0.024479 0.027270
0 0.867057 0.847428 0.022656 0.027615
0 0.491927 0.731964 0.023958 0.034173
0 0.844531 0.382637 0.026042 0.029341
0 0.950521 0.754919 0.024479 0.031757
0 0.131250 0.125129 0.023958 0.032102
0 0.678385 0.898516 0.023438 0.026924
0 0.570182 0.454608 0.022656 0.034518
0 0.491797 0.795996 0.024219 0.032447
0 0.545312 0.454781 0.024479 0.032793
0 0.788672 0.113048 0.025781 0.034173
0 0.107161 0.180186 0.021615 0.031757
0 0.135156 0.805316 0.025000 0.033138
0 0.893099 0.847774 0.026302 0.026924
0 0.491146 0.764066 0.022396 0.031412
0 0.416406 0.568347 0.025000 0.029341
0 0.237370 0.612703 0.022135 0.026234
0 0.733464 0.918191 0.023698 0.028996
0 0.815885 0.843459 0.023958 0.029341
0 0.706901 0.167587 0.024219 0.028650
0 0.133724 0.231619 0.023177 0.028305
0 0.600651 0.897135 0.022656 0.028305
0 0.652083 0.760269 0.022396 0.032102
0 0.391146 0.459786 0.022396 0.033828
0 0.653516 0.580428 0.022656 0.025198
0 0.060156 0.982396 0.025521 0.024163
0 0.187109 0.541250 0.022656 0.025544
0 0.896875 0.607870 0.023438 0.027615
0 0.923307 0.896962 0.022135 0.029341
0 0.736458 0.446324 0.023958 0.031757
0 0.133854 0.639972 0.026562 0.026924
0 0.207682 0.091474 0.021094 0.031757
0 0.131510 0.060580 0.021875 0.034864
0 0.924219 0.109596 0.025000 0.037625
0 0.191146 0.972903 0.025521 0.025889
0 0.370312 0.733172 0.023958 0.031067
0 0.134115 0.568001 0.020833 0.025889
0 0.571484 0.794270 0.025260 0.033138
0 0.570573 0.386779 0.023438 0.030721
0 0.735807 0.528996 0.024219 0.031412
0 0.085938 0.808423 0.022396 0.031757
0 0.313932 0.628581 0.025260 0.025544
0 0.952214 0.788229 0.023698 0.034173
0 0.869401 0.789265 0.024219 0.029341
0 0.598177 0.966172 0.025000 0.027615
0 0.366406 0.460476 0.026042 0.032447
0 0.258854 0.124266 0.024479 0.030376
0 0.870703 0.448740 0.024740 0.031757
0 0.542839 0.763548 0.025260 0.033138
0 0.390365 0.201243 0.021354 0.028996
0 0.338411 0.090611 0.024219 0.031412
0 0.438672 0.055230 0.023698 0.032447
0 0.843880 0.723162 0.024740 0.034518
0 0.441797 0.764239 0.024740 0.032447
0 0.517057 0.847083 0.023177 0.025544
0 0.341276 0.513807 0.023177 0.030031
0 0.897266 0.414912 0.024740 0.033828
0 0.083073 0.125129 0.023958 0.032793
0 0.241016 0.903348 0.026823 0.026234
0 0.735417 0.048153 0.024479 0.036244
0 0.263411 0.636866 0.025781 0.026234
0 0.762500 0.724197 0.023958 0.032447
0 0.600260 0.387988 0.025000 0.033828
0 0.815625 0.721609 0.024479 0.034173
0 0.081901 0.181740 0.023177 0.030031
0 0.465495 0.603383 0.021615 0.023473
0 0.288932 0.632896 0.024740 0.025889
0 0.788021 0.845012 0.023958 0.033138
0 0.108984 0.400932 0.026302 0.032102
0 0.159375 0.611667 0.019271 0.030376
0 0.108594 0.518122 0.023438 0.028996
0 0.438542 0.088195 0.022396 0.032102
0 0.368099 0.951502 0.021615 0.028650
0 0.293099 0.879531 0.022656 0.027615
0 0.707031 0.940283 0.024479 0.030376
0 0.735026 0.838799 0.023177 0.027615
0 0.625911 0.049189 0.024740 0.034173
0 0.844922 0.538661 0.024740 0.031412
0 0.111328 0.936141 0.021094 0.028305
0 0.284896 0.090784 0.021875 0.031067
0 0.319531 0.912668 0.023958 0.032447
0 0.868229 0.042458 0.026562 0.035209
0 0.415365 0.622886 0.023958 0.027960
0 0.516146 0.510183 0.025000 0.035209
0 0.814193 0.237832 0.023698 0.026924
0 0.515625 0.196928 0.021875 0.026579
0 0.925911 0.381947 0.025260 0.032793
0 0.414062 0.120124 0.022396 0.026924
0 0.158854 0.127028 0.027083 0.031757
0 0.653255 0.116845 0.024740 0.033483
0 0.055078 0.062133 0.026302 0.034518
0 0.491016 0.898343 0.021615 0.025889
0 0.388672 0.056438 0.023177 0.030721
0 0.896224 0.449430 0.025260 0.035899
0 0.788672 0.724370 0.024219 0.033483
0 0.489583 0.222644 0.021354 0.026234
0 0.463672 0.089403 0.022135 0.028305
0 0.895964 0.536762 0.020573 0.028305
0 0.789193 0.898688 0.022656 0.027960
0 0.392839 0.798757 0.025260 0.035899
0 0.492057 0.922506 0.021094 0.025198
0 0.438932 0.200035 0.022135 0.030031
0 0.238932 0.801864 0.024740 0.031757
0 0.208203 0.059199 0.022656 0.029341
0 0.925521 0.448222 0.025000 0.032102
0 0.467318 0.902140 0.023177 0.029341
0 0.815234 0.447532 0.025781 0.034864
0 0.841927 0.236969 0.021354 0.026579
0 0.339714 0.057646 0.024740 0.032447
0 0.157943 0.231964 0.021094 0.026234
0 0.367448 0.533138 0.023958 0.027960
0 0.417318 0.876769 0.021094 0.028305
0 0.159896 0.398688 0.023438 0.029686
0 0.237240 0.637556 0.025521 0.028305
0 0.515365 0.290991 0.024479 0.022782
0 0.314974 0.462375 0.024219 0.034864
0 0.187630 0.738523 0.024740 0.030031
0 0.600000 0.421988 0.023438 0.035554
0 0.841406 0.845702 0.021875 0.031067
0 0.679297 0.264411 0.023177 0.026234
0 0.369661 0.765965 0.024219 0.032447
0 0.158073 0.206938 0.020833 0.028650
0 0.466927 0.764757 0.023438 0.030721
0 0.262891 0.613911 0.022656 0.027270
0 0.317188 0.766828 0.021875 0.032102
0 0.815495 0.506041 0.023698 0.026924
0 0.187109 0.639109 0.025260 0.027270
0 0.133203 0.205557 0.020573 0.027270
0 0.107943 0.206938 0.020573 0.024508
0 0.733203 0.945461 0.022656 0.028996
0 0.466797 0.731619 0.023698 0.031412
0 0.897396 0.157749 0.023958 0.026234
0 0.570573 0.084225 0.022917 0.031757
0 0.440625 0.901622 0.021875 0.028305
0 0.185938 0.567138 0.022917 0.027615
0 0.317578 0.798757 0.024740 0.031067
0 0.517839 0.795651 0.024740 0.035209
0 0.442188 0.623404 0.023438 0.024853
0 0.542318 0.292371 0.024219 0.024853
0 0.707812 0.533138 0.021354 0.024508
0 0.571484 0.604764 0.024219 0.028996
0 0.367318 0.580083 0.021615 0.021747
0 0.464193 0.119434 0.022656 0.033828
0 0.600000 0.845702 0.022396 0.026924
0 0.953255 0.563341 0.022135 0.024853
0 0.160417 0.640145 0.026042 0.027270
0 0.464323 0.172247 0.023438 0.032447
0 0.314583 0.428547 0.023958 0.028650
0 0.363932 0.121332 0.023177 0.027960
0 0.466276 0.560580 0.023698 0.027615
0 0.544792 0.894891 0.022396 0.029341
0 0.083464 0.931826 0.020573 0.026579
0 0.133203 0.542630 0.019531 0.027615
0 0.340885 0.426648 0.022396 0.032447
0 0.518750 0.897135 0.021875 0.027615
0 0.843099 0.160511 0.025260 0.033828
0 0.340625 0.204867 0.022917 0.027960
0 0.263281 0.737314 0.024479 0.031757
0 0.734375 0.892648 0.021875 0.028305
0 0.600651 0.919745 0.021615 0.023127
0 0.869141 0.633069 0.024740 0.024163
0 0.707422 0.416638 0.022135 0.031067
0 0.211979 0.396962 0.022917 0.033138
0 0.680208 0.791163 0.025521 0.033828
0 0.083203 0.638764 0.024219 0.027270
0 0.734896 0.790818 0.023438 0.033828
0 0.186589 0.614429 0.022135 0.026924
0 0.760677 0.945979 0.022917 0.027960
0 0.653255 0.285986 0.025781 0.024508
0 0.514453 0.054884 0.024740 0.028996
0 0.110937 0.547118 0.021875 0.030376
0 0.157031 0.058854 0.021875 0.034173
0 0.544792 0.922506 0.021875 0.026579
0 0.842839 0.112530 0.027344 0.035209
0 0.763021 0.166552 0.023958 0.032102
0 0.652734 0.792544 0.023698 0.033138
0 0.895703 0.583190 0.022135 0.025889
0 0.515885 0.454436 0.022917 0.034173
0 0.054297 0.536244 0.022656 0.031412
0 0.678906 0.557646 0.022917 0.025198
0 0.311458 0.121678 0.026042 0.034864
0 0.599740 0.941146 0.020833 0.024508
0 0.789974 0.532620 0.024219 0.028996
0 0.735156 0.194857 0.022396 0.026579
0 0.677995 0.049361 0.025260 0.034518
0 0.160156 0.542113 0.021354 0.023127
0 0.261979 0.519848 0.022396 0.030376
0 0.708464 0.446842 0.024219 0.030721
0 0.158333 0.093545 0.025000 0.033828
0 0.080859 0.061443 0.023698 0.029686
0 0.735547 0.112530 0.026823 0.033138
0 0.208333 0.202278 0.020313 0.029686
0 0.237370 0.542458 0.020573 0.023818
0 0.185286 0.227649 0.020573 0.027270
0 0.543750 0.624612 0.027604 0.034864
0 0.598698 0.120642 0.023438 0.039006
0 0.869661 0.284777 0.025260 0.024163
0 0.107813 0.230929 0.019271 0.028996
0 0.364844 0.057128 0.020833 0.030721
0 0.489583 0.292544 0.024479 0.023127
0 0.841146 0.045047 0.025521 0.036244
0 0.733333 0.972213 0.024479 0.026579
0 0.706120 0.839144 0.023177 0.029686
0 0.571615 0.943217 0.020313 0.026579
0 0.465234 0.267691 0.022135 0.027270
0 0.055078 0.561615 0.021615 0.024853
0 0.816016 0.261305 0.023698 0.028305
0 0.652474 0.506386 0.024219 0.028305
0 0.190495 0.899896 0.021094 0.028305
0 0.895964 0.041250 0.025781 0.034864
0 0.157812 0.180877 0.024479 0.028996
0 0.788932 0.605281 0.021615 0.027960
0 0.208984 0.295478 0.025260 0.026234
0 0.868359 0.109596 0.024740 0.035554
0 0.707422 0.265447 0.022135 0.026234
0 0.135807 0.946842 0.022656 0.028996
0 0.708854 0.557473 0.023438 0.026234
0 0.789062 0.192268 0.019792 0.026234
0 0.679557 0.580946 0.023698 0.025544
0 0.814193 0.110977 0.027344 0.032102
0 0.388672 0.121332 0.023698 0.029341
0 0.438932 0.226614 0.022135 0.026579
0 0.211719 0.464446 0.022396 0.036244
0 0.788672 0.447187 0.022656 0.032793
0 0.184245 0.060062 0.024219 0.031067
0 0.844401 0.447359 0.024740 0.033828
0 0.365365 0.270280 0.020313 0.025544
0 0.162630 0.802727 0.026302 0.033483
0 0.600521 0.582844 0.023438 0.025889
0 0.289323 0.516051 0.021875 0.026234
0 0.789193 0.166034 0.022656 0.031067
0 0.541927 0.085606 0.022396 0.031757
0 0.236849 0.566966 0.021094 0.026579
0 0.923698 0.537453 0.022917 0.025544
0 0.817448 0.563341 0.022396 0.028996
0 0.261198 0.203832 0.020833 0.026579
0 0.920964 0.846048 0.024740 0.031757
0 0.516406 0.626683 0.026042 0.025198
0 0.465755 0.849327 0.021094 0.027960
0 0.788802 0.240076 0.025000 0.032102
0 0.110286 0.911978 0.021615 0.025544
0 0.464323 0.291336 0.024479 0.023473
0 0.924479 0.561788 0.022917 0.028650
0 0.897526 0.260960 0.022656 0.026924
0 0.680339 0.192095 0.023698 0.029341
0 0.414323 0.089921 0.021875 0.032793
0 0.288672 0.542975 0.020573 0.028996
0 0.951823 0.722126 0.025521 0.031067
0 0.317188 0.734553 0.022917 0.033138
0 0.735286 0.166724 0.023698 0.029686
0 0.763021 0.789783 0.026042 0.033828
0 0.515885 0.561098 0.021875 0.026579
0 0.081120 0.092509 0.021094 0.033828
0 0.391406 0.580946 0.019792 0.020711
0 0.264974 0.854159 0.023698 0.032793
0 0.680078 0.627718 0.027344 0.026579
0 0.289193 0.429410 0.021615 0.033138
0 0.922135 0.921816 0.023438 0.024508
0 0.237891 0.738005 0.021094 0.032447
0 0.572135 0.580083 0.022396 0.028650
0 0.283724 0.058164 0.021615 0.033483
0 0.789583 0.579565 0.021354 0.024853
0 0.653776 0.627201 0.024740 0.026924
0 0.211849 0.637211 0.022656 0.026234
0 0.214193 0.972040 0.021094 0.024853
0 0.951302 0.257163 0.023958 0.027615
0 0.285026 0.122886 0.022656 0.035209
0 0.598828 0.219537 0.020052 0.024163
0 0.514583 0.085261 0.021875 0.031067
0 0.263021 0.464101 0.023438 0.032793
0 0.707422 0.969106 0.026823 0.030031
0 0.490755 0.871764 0.021615 0.027960
0 0.952344 0.107525 0.027083 0.032793
0 0.186328 0.398343 0.023698 0.033138
0 0.544271 0.794788 0.023958 0.030031
0 0.133854 0.613393 0.020833 0.026234
0 0.734896 0.866586 0.021875 0.028650
0 0.707812 0.385399 0.023958 0.029341
0 0.393880 0.732309 0.022135 0.032102
0 0.815365 0.874008 0.020833 0.026234
0 0.814193 0.900069 0.021094 0.027270
0 0.816276 0.609251 0.022135 0.026234
0 0.440755 0.875906 0.021094 0.024508
0 0.764062 0.220400 0.022917 0.024508
0 0.680208 0.841215 0.025000 0.031067
0 0.815234 0.924405 0.020052 0.026234
0 0.365885 0.177252 0.023438 0.031412
0 0.895964 0.559890 0.021094 0.025544
0 0.598568 0.630652 0.025781 0.026234
0 0.134115 0.589748 0.020313 0.024508
0 0.735807 0.626683 0.026823 0.027960
0 0.841276 0.874008 0.021615 0.027615
0 0.652604 0.846393 0.022396 0.027615
0 0.137109 0.916465 0.020573 0.030376
0 0.158984 0.275457 0.023177 0.026234
0 0.840495 0.971004 0.024219 0.024163
0 0.289844 0.768899 0.022396 0.029341
0 0.289714 0.736452 0.022135 0.030031
0 0.391146 0.560235 0.020833 0.024853
0 0.158724 0.253366 0.019010 0.024853
0 0.736458 0.577839 0.023958 0.025544
0 0.390365 0.625820 0.023958 0.024163
0 0.414323 0.199689 0.021354 0.028650
0 0.261979 0.273041 0.022396 0.025544
0 0.366406 0.559199 0.022396 0.025544
0 0.417969 0.731446 0.021875 0.032447
0 0.339714 0.228685 0.024219 0.027960
0 0.490104 0.086124 0.021875 0.034173
0 0.760938 0.896445 0.021354 0.028305
0 0.625130 0.941146 0.024219 0.027270
0 0.390885 0.602347 0.020313 0.026234
0 0.707161 0.192958 0.021094 0.024163
0 0.789062 0.874180 0.020833 0.024508
0 0.339323 0.605454 0.022396 0.025544
0 0.924219 0.632033 0.027604 0.025544
0 0.544922 0.967380 0.025260 0.024508
0 0.415234 0.926993 0.019531 0.025889
0 0.789062 0.383673 0.022396 0.031412
0 0.789193 0.285295 0.026302 0.023818
0 0.238151 0.879358 0.020052 0.023127
0 0.599740 0.457542 0.024479 0.030721
0 0.233464 0.178115 0.020052 0.030376
0 0.651432 0.940973 0.023177 0.027615
0 0.084635 0.958405 0.021354 0.028650
0 0.136589 0.741457 0.026302 0.033138
0 0.058854 0.861236 0.022396 0.028305
0 0.735938 0.416638 0.025521 0.031757
0 0.440885 0.535381 0.023958 0.028996
0 0.370052 0.796341 0.022917 0.029686
0 0.572005 0.420435 0.026823 0.035899
0 0.762500 0.112185 0.023958 0.033828
0 0.055990 0.610287 0.022396 0.026234
0 0.896745 0.075423 0.025260 0.033483
0 0.238802 0.770107 0.022396 0.030376
0 0.542318 0.197446 0.021615 0.026924
0 0.626953 0.919399 0.021615 0.022437
0 0.924479 0.258889 0.021875 0.026234
0 0.544141 0.390749 0.026302 0.034518
0 0.313802 0.293925 0.025000 0.025889
0 0.236979 0.429928 0.021875 0.031412
0 0.679167 0.532965 0.022396 0.026924
0 0.653125 0.870556 0.022917 0.025544
0 0.190365 0.946151 0.020833 0.027615
0 0.763542 0.195547 0.023438 0.028650
0 0.923698 0.040387 0.023958 0.035899
0 0.789323 0.630652 0.024479 0.026234
0 0.211328 0.543493 0.019010 0.026579
0 0.392057 0.951156 0.021615 0.027270
0 0.735156 0.265965 0.022396 0.026579
0 0.518359 0.729893 0.022656 0.034864
0 0.761979 0.047463 0.025000 0.030031
0 0.080729 0.538488 0.022917 0.027615
0 0.760417 0.971695 0.025521 0.024853
0 0.544531 0.945806 0.021875 0.024853
0 0.923698 0.609078 0.022917 0.025889
0 0.414844 0.395064 0.024479 0.028650
0 0.185026 0.129272 0.025781 0.032793
0 0.651693 0.967553 0.024219 0.026234
0 0.060156 0.958750 0.021875 0.026579
0 0.926042 0.186572 0.023958 0.031412
0 0.132812 0.515878 0.021354 0.025889
0 0.952604 0.512254 0.022396 0.031757
0 0.678255 0.968070 0.028906 0.030721
0 0.107161 0.061270 0.025260 0.034864
0 0.159245 0.297722 0.024740 0.024508
0 0.515234 0.268726 0.022656 0.025889
0 0.924349 0.283051 0.026302 0.026234
0 0.263932 0.801001 0.023698 0.030031
0 0.415234 0.951156 0.021615 0.026579
0 0.164062 0.856403 0.020313 0.028305
0 0.213672 0.803935 0.024219 0.034518
0 0.159766 0.564722 0.021094 0.026234
0 0.236198 0.517432 0.022396 0.029686
0 0.340104 0.561098 0.020313 0.025889
0 0.261458 0.294960 0.025000 0.025889
0 0.082682 0.274767 0.021615 0.024853
0 0.439453 0.268208 0.022135 0.026234
0 0.897135 0.213324 0.021354 0.032447
0 0.896875 0.382810 0.023438 0.028996
0 0.344141 0.880739 0.022656 0.029341
0 0.491927 0.968070 0.025000 0.024508
0 0.679036 0.287539 0.024740 0.024163
0 0.627214 0.873317 0.020052 0.024163
0 0.626563 0.897135 0.022396 0.026924
0 0.814323 0.078184 0.023958 0.034173
0 0.489583 0.605799 0.020833 0.024853
0 0.870833 0.541595 0.021875 0.029686
0 0.238802 0.853297 0.021354 0.031067
0 0.490234 0.626855 0.025260 0.023473
0 0.416667 0.902658 0.021354 0.024853
0 0.626563 0.792717 0.022917 0.034173
0 0.491016 0.563514 0.020573 0.028650
0 0.266276 0.883155 0.021615 0.026579
0 0.922266 0.723507 0.022135 0.031757
0 0.392708 0.902831 0.019792 0.025198
0 0.842969 0.633069 0.023438 0.023473
0 0.132682 0.298757 0.025260 0.024508
0 0.135937 0.859855 0.022917 0.029686
0 0.624609 0.967207 0.027344 0.027615
0 0.491797 0.945633 0.021615 0.025889
0 0.208333 0.229375 0.021354 0.030031
0 0.571745 0.895754 0.021094 0.030376
0 0.540755 0.118916 0.025260 0.034173
0 0.843359 0.510183 0.022656 0.028996
0 0.951693 0.381256 0.022656 0.030031
0 0.707161 0.865723 0.023698 0.028305
0 0.600391 0.556783 0.020573 0.027615
0 0.262240 0.546600 0.023438 0.025889
0 0.869531 0.186400 0.021354 0.024163
0 0.627604 0.847774 0.022396 0.027615
0 0.952734 0.631170 0.024219 0.022437
0 0.467839 0.928719 0.022656 0.029341
0 0.488411 0.118744 0.021615 0.032447
0 0.488802 0.172075 0.023438 0.030721
0 0.314193 0.584743 0.021094 0.024163
0 0.651953 0.894028 0.021094 0.024853
0 0.761719 0.842768 0.022396 0.032102
0 0.813281 0.948913 0.021875 0.026234
0 0.491667 0.392993 0.024479 0.034864
0 0.189974 0.876079 0.020573 0.024163
0 0.416667 0.798412 0.019792 0.031067
0 0.491146 0.510010 0.021875 0.027960
0 0.288672 0.589575 0.020052 0.023473
0 0.788281 0.922679 0.020833 0.025544
0 0.570964 0.268381 0.022135 0.025889
0 0.517839 0.923024 0.021615 0.025544
0 0.287760 0.610459 0.020313 0.022437
0 0.787500 0.946842 0.021875 0.026234
0 0.654297 0.726441 0.024740 0.032793
0 0.266406 0.974111 0.024479 0.026234
0 0.413411 0.056783 0.020052 0.032793
0 0.870313 0.589575 0.018750 0.022782
0 0.626042 0.117018 0.027083 0.033138
0 0.736979 0.724543 0.021875 0.034518
0 0.787760 0.970487 0.025000 0.025198
0 0.950911 0.897653 0.023177 0.030721
0 0.951302 0.922506 0.022396 0.025889
0 0.416146 0.594581 0.021875 0.027270
0 0.789844 0.789437 0.025521 0.031067
0 0.895964 0.109251 0.025260 0.031412
0 0.135026 0.398516 0.024219 0.030721
0 0.569010 0.051950 0.021354 0.031412
0 0.627214 0.454090 0.023177 0.039006
0 0.654427 0.532275 0.021354 0.026234
0 0.572786 0.629789 0.027865 0.026579
0 0.466146 0.535381 0.020313 0.025544
0 0.708073 0.504660 0.024479 0.031067
0 0.285938 0.176389 0.021875 0.031757
0 0.340755 0.627718 0.025260 0.025198
0 0.571094 0.243355 0.021354 0.028305
0 0.414323 0.539696 0.021875 0.030721
0 0.952995 0.586469 0.020573 0.026924
0 0.897917 0.285123 0.024479 0.024853
0 0.188802 0.771660 0.025000 0.029341
0 0.055078 0.230929 0.021094 0.025544
0 0.598698 0.508112 0.023958 0.033828
0 0.844141 0.588540 0.021615 0.024163
0 0.894010 0.945806 0.022396 0.026924
0 0.393359 0.851398 0.022135 0.027960
0 0.392448 0.926648 0.018750 0.026579
0 0.598828 0.243183 0.020573 0.025889
0 0.391276 0.537280 0.021094 0.026579
0 0.571875 0.197446 0.024479 0.030376
0 0.086328 0.981533 0.023698 0.023127
0 0.518099 0.871074 0.021094 0.026579
0 0.599479 0.534001 0.020833 0.022782
0 0.570964 0.291508 0.024219 0.023127
0 0.924479 0.511736 0.024479 0.027960
0 0.185677 0.251985 0.020313 0.024853
0 0.490625 0.536072 0.020313 0.028305
0 0.598568 0.266828 0.022135 0.026234
0 0.681250 0.726096 0.026042 0.034864
0 0.542188 0.245771 0.020833 0.027615
0 0.262109 0.430963 0.024219 0.032793
0 0.136719 0.888160 0.021354 0.028996
0 0.893099 0.789092 0.023698 0.033138
0 0.653646 0.602175 0.022396 0.025889
0 0.106380 0.122368 0.022656 0.033483
0 0.789062 0.077667 0.023958 0.034518
0 0.869010 0.261650 0.021875 0.026924
0 0.439063 0.291854 0.023958 0.024508
0 0.924089 0.073352 0.024740 0.030721
0 0.652083 0.918019 0.021875 0.025198
0 0.490104 0.270280 0.020833 0.024853
0 0.294531 0.973593 0.026042 0.027270
0 0.653646 0.241802 0.021875 0.024508
0 0.389323 0.176562 0.020833 0.023818
0 0.465495 0.199172 0.021615 0.022782
0 0.366146 0.247843 0.020313 0.024163
0 0.763672 0.554367 0.020573 0.026234
0 0.441927 0.599413 0.020833 0.026579
0 0.236589 0.464619 0.021615 0.035899
0 0.707422 0.790473 0.024219 0.032447
0 0.544401 0.591819 0.023177 0.027960
0 0.490755 0.454781 0.022135 0.033483
0 0.842318 0.260787 0.022656 0.027960
0 0.466536 0.954090 0.023698 0.027615
0 0.293229 0.948222 0.021354 0.026234
0 0.925130 0.236279 0.021094 0.025198
0 0.262891 0.397308 0.025781 0.033138
0 0.158854 0.514843 0.021354 0.030031
0 0.652734 0.219883 0.020052 0.021401
0 0.464323 0.423196 0.022917 0.027615
0 0.570182 0.118226 0.026302 0.036244
0 0.213151 0.771833 0.022656 0.026924
0 0.543880 0.423887 0.022656 0.028996
0 0.815234 0.790128 0.021094 0.028305
0 0.239974 0.927166 0.022135 0.024853
0 0.735547 0.555747 0.021615 0.024163
0 0.340365 0.291854 0.024479 0.025198
0 0.736719 0.383500 0.022917 0.033828
0 0.516536 0.538315 0.021615 0.023127
0 0.598177 0.084570 0.023958 0.033138
0 0.213151 0.900932 0.018490 0.028305
0 0.163672 0.953055 0.023177 0.027615
0 0.061979 0.737832 0.023438 0.034173
0 0.599349 0.727649 0.024219 0.033828
0 0.159245 0.586987 0.020052 0.024508
0 0.186068 0.515361 0.022135 0.026924
0 0.869141 0.161892 0.022656 0.026924
0 0.842578 0.211253 0.021615 0.029686
0 0.625781 0.558164 0.020313 0.024853
0 0.312109 0.057473 0.025260 0.032793
0 0.393750 0.764239 0.022917 0.032447
0 0.060547 0.887642 0.021094 0.027270
0 0.235807 0.396790 0.021094 0.032102
0 0.186068 0.202796 0.020573 0.023818
0 0.572396 0.920608 0.019271 0.025544
0 0.843880 0.565930 0.023698 0.025889
0 0.951302 0.967898 0.026042 0.024853
0 0.514583 0.221436 0.020313 0.027960
0 0.571224 0.728340 0.020573 0.033828
0 0.108073 0.469624 0.026562 0.035554
0 0.598958 0.607180 0.021875 0.025544
0 0.186068 0.178978 0.021615 0.024508
0 0.440234 0.729720 0.022656 0.033828
0 0.313411 0.562996 0.019531 0.023473
0 0.440495 0.508112 0.022135 0.026234
0 0.232943 0.124266 0.021094 0.035899
0 0.816927 0.585778 0.022396 0.024853
0 0.763021 0.265274 0.021875 0.026579
0 0.870313 0.383328 0.021875 0.031412
0 0.188932 0.802209 0.021615 0.031067
0 0.706120 0.913531 0.020573 0.025198
0 0.707682 0.758198 0.023698 0.029341
0 0.185156 0.274594 0.021354 0.025889
0 0.762760 0.576976 0.020313 0.023818
0 0.233854 0.151536 0.020313 0.023473
0 0.950130 0.945633 0.024219 0.026579
0 0.708203 0.603038 0.022135 0.024853
0 0.133333 0.276148 0.021875 0.026234
0 0.571615 0.848119 0.022396 0.033138
0 0.286849 0.295305 0.025781 0.025889
0 0.867188 0.945288 0.022396 0.027270
0 0.212630 0.613911 0.020052 0.025198
0 0.413932 0.461857 0.021615 0.032447
0 0.414062 0.509493 0.020313 0.029686
0 0.866927 0.897480 0.020833 0.030376
0 0.762109 0.871419 0.021615 0.026579
0 0.319010 0.880566 0.023438 0.033138
0 0.080990 0.469624 0.024479 0.033483
0 0.542839 0.507939 0.022656 0.030721
0 0.626042 0.582672 0.020313 0.026924
0 0.678255 0.867622 0.022135 0.024508
0 0.543750 0.728857 0.019792 0.032793
0 0.840104 0.946669 0.021354 0.025889
0 0.514844 0.392130 0.022396 0.035899
0 0.680208 0.217984 0.021875 0.026579
0 0.950911 0.210735 0.022135 0.023127
0 0.291927 0.851225 0.022396 0.028996
0 0.343620 0.851398 0.021094 0.030031
0 0.314063 0.606835 0.020833 0.024853
0 0.442448 0.976355 0.023958 0.025198
0 0.924740 0.213497 0.022396 0.028650
0 0.652734 0.082672 0.023177 0.028650
0 0.289583 0.567311 0.020833 0.024508
0 0.440755 0.423369 0.022135 0.032102
0 0.543620 0.565412 0.020573 0.028305
0 0.814844 0.190542 0.019271 0.027615
0 0.788932 0.503797 0.022656 0.028650
0 0.541406 0.052468 0.023438 0.031067
0 0.951693 0.846048 0.022135 0.026234
0 0.293750 0.904039 0.021875 0.026924
0 0.390104 0.248360 0.021875 0.026579
0 0.184375 0.296514 0.023438 0.024853
0 0.440755 0.849845 0.021094 0.025544
0 0.653906 0.557301 0.021875 0.023818
0 0.239974 0.950293 0.022656 0.027615
0 0.626823 0.506559 0.021354 0.026579
0 0.599479 0.168795 0.020833 0.031067
0 0.953255 0.609078 0.021615 0.025889
0 0.440365 0.459268 0.023438 0.034864
0 0.290104 0.463583 0.021875 0.031757
0 0.707422 0.580773 0.020573 0.025198
0 0.262891 0.770970 0.022135 0.027270
0 0.082552 0.252330 0.020313 0.023473
0 0.705990 0.890576 0.020833 0.023473
0 0.763281 0.600449 0.022917 0.027960
0 0.488932 0.198654 0.021094 0.025198
0 0.625651 0.628409 0.025260 0.026579
0 0.085026 0.885571 0.021094 0.023127
0 0.390625 0.225233 0.020313 0.023127
0 0.389583 0.291508 0.023958 0.023127
0 0.312370 0.204867 0.021615 0.024508
0 0.541797 0.222126 0.021094 0.026579
0 0.788932 0.557473 0.021615 0.024163
0 0.706380 0.219020 0.022656 0.028650
0 0.544010 0.870556 0.021354 0.022782
0 0.892969 0.921988 0.021354 0.025544
0 0.761198 0.920953 0.021354 0.026234
0 0.214583 0.945288 0.020313 0.026579
0 0.138802 0.976182 0.024479 0.028305
0 0.340234 0.539006 0.021094 0.022437
0 0.573307 0.556783 0.022656 0.025544
0 0.342448 0.796341 0.021354 0.028305
0 0.133464 0.254401 0.019010 0.023473
0 0.438151 0.173628 0.021615 0.024163
0 0.187500 0.591129 0.022917 0.025198
0 0.265755 0.907491 0.020573 0.026234
0 0.842578 0.791163 0.022656 0.034518
0 0.895052 0.968416 0.025000 0.023818
0 0.571224 0.966344 0.025781 0.025889
0 0.893620 0.872109 0.020573 0.025198
0 0.339714 0.583535 0.020052 0.024508
0 0.237500 0.590438 0.018750 0.023127
0 0.680339 0.241802 0.020573 0.023127
0 0.319922 0.943390 0.022135 0.028305
0 0.345833 0.975492 0.023958 0.026234
0 0.707682 0.287366 0.025781 0.024508
0 0.516146 0.603210 0.022917 0.025889
0 0.489583 0.247325 0.020313 0.026579
0 0.954818 0.448395 0.025260 0.034518
0 0.210677 0.515706 0.021875 0.031067
0 0.815625 0.381774 0.023958 0.033138
0 0.517448 0.762168 0.023438 0.029686
0 0.110807 0.578875 0.022135 0.030376
0 0.950521 0.162409 0.024479 0.032102
0 0.135677 0.773214 0.025000 0.031757
0 0.897266 0.238177 0.023177 0.022782
0 0.416406 0.850880 0.019271 0.028305
0 0.681771 0.450293 0.025000 0.032102
0 0.465625 0.508802 0.020313 0.031067
0 0.189193 0.852261 0.020573 0.024853
0 0.570703 0.507594 0.021094 0.030031
0 0.653646 0.263894 0.021875 0.024508
0 0.054557 0.183466 0.024740 0.032102
0 0.870182 0.566621 0.022656 0.029341
0 0.054427 0.510183 0.022396 0.025544
0 0.490234 0.585088 0.019531 0.021401
0 0.082292 0.229548 0.021354 0.024163
0 0.736068 0.219365 0.022135 0.025889
0 0.951302 0.870556 0.020833 0.024163
0 0.056641 0.640318 0.026302 0.029686
0 0.869531 0.611495 0.022396 0.025198
0 0.368880 0.926648 0.017969 0.026579
0 0.677734 0.931653 0.024740 0.031067
0 0.626953 0.727994 0.020573 0.032447
0 0.414453 0.426476 0.024219 0.033483
0 0.867839 0.872282 0.020052 0.024163
0 0.626823 0.533138 0.019271 0.027270
0 0.416146 0.976182 0.025000 0.024853
0 0.311849 0.177252 0.024219 0.032793
0 0.084115 0.776493 0.022396 0.027270
0 0.544792 0.846220 0.021875 0.025889
0 0.764062 0.242147 0.020313 0.024508
0 0.465755 0.392475 0.024740 0.034518
0 0.787760 0.214705 0.019271 0.022092
0 0.924479 0.585088 0.023958 0.027615
0 0.110026 0.858647 0.022656 0.025198
0 0.212240 0.589921 0.019792 0.026234
0 0.080078 0.615809 0.019531 0.024853
0 0.082031 0.207629 0.020833 0.023127
0 0.369531 0.975492 0.024479 0.024853
0 0.060547 0.937004 0.021094 0.023818
0 0.287760 0.273386 0.023438 0.025544
0 0.950391 0.233000 0.019531 0.026234
0 0.924089 0.969279 0.027344 0.026234
0 0.265625 0.949085 0.021354 0.026579
0 0.762370 0.505005 0.022656 0.031067
0 0.394271 0.878668 0.022396 0.026579
0 0.313932 0.540387 0.020052 0.027270
0 0.625521 0.083880 0.022396 0.034518
0 0.922526 0.788920 0.024740 0.034173
0 0.055469 0.209355 0.021354 0.023127
0 0.600130 0.871074 0.019010 0.024508
0 0.734896 0.288402 0.025521 0.024508
0 0.414583 0.273386 0.022396 0.024163
0 0.413281 0.293407 0.021354 0.021401
0 0.240495 0.974284 0.024740 0.025198
0 0.440365 0.391439 0.023438 0.032447
0 0.285938 0.203659 0.020313 0.026924
0 0.708594 0.048844 0.025521 0.034173
0 0.869141 0.211771 0.021615 0.028650
0 0.414974 0.250604 0.020573 0.025544
0 0.924740 0.158095 0.021875 0.028305
0 0.262630 0.568174 0.021094 0.024853
0 0.081510 0.513290 0.022396 0.026234
0 0.209245 0.273041 0.021094 0.023473
0 0.841016 0.898343 0.019531 0.027960
0 0.131250 0.179669 0.025000 0.028650
0 0.258333 0.058681 0.019792 0.030376
0 0.107813 0.738350 0.025000 0.036590
0 0.626302 0.288057 0.023958 0.023818
0 0.079557 0.595444 0.019531 0.020711
0 0.108203 0.254746 0.020052 0.024853
0 0.368229 0.902485 0.017188 0.025889
0 0.057031 0.273904 0.019271 0.025889
0 0.262891 0.590093 0.020052 0.024508
0 0.165755 0.975492 0.024740 0.025544
0 0.599219 0.195720 0.019792 0.026234
0 0.213151 0.851225 0.021615 0.028305
0 0.517318 0.947359 0.022656 0.026579
0 0.541927 0.170176 0.020833 0.031067
0 0.680208 0.418019 0.026042 0.034518
0 0.514844 0.244909 0.021354 0.025889
0 0.843229 0.756645 0.023958 0.031757
0 0.762630 0.288057 0.024740 0.024508
0 0.843359 0.610632 0.021615 0.026924
0 0.293750 0.926476 0.021354 0.022092
0 0.464974 0.457542 0.024219 0.036935
0 0.570964 0.220573 0.020052 0.021401
0 0.679427 0.603210 0.022396 0.025198
0 0.391536 0.510528 0.022656 0.031067
0 0.056250 0.251985 0.018750 0.022092
0 0.763542 0.530721 0.020833 0.023127
0 0.413672 0.174836 0.020573 0.024508
0 0.110156 0.808768 0.022917 0.033138
0 0.867448 0.922506 0.019271 0.024508
0 0.598437 0.288920 0.025000 0.023473
0 0.516276 0.582499 0.021094 0.022437
0 0.490625 0.847083 0.020313 0.024163
0 0.366276 0.509838 0.021094 0.024163
0 0.369792 0.878322 0.020313 0.027960
0 0.082161 0.296514 0.023177 0.025544
0 0.763802 0.415602 0.023958 0.031067
0 0.439583 0.247325 0.019792 0.018295
0 0.677604 0.115464 0.023438 0.035554
0 0.079167 0.570418 0.020313 0.031412
0 0.950651 0.188816 0.022656 0.025544
0 0.952995 0.281153 0.028906 0.026579
0 0.441406 0.577149 0.020313 0.025544
0 0.653776 0.196410 0.022135 0.029686
0 0.466927 0.583362 0.022396 0.022782
0 0.867057 0.968933 0.024219 0.025544
0 0.868359 0.236969 0.021094 0.028650
0 0.211458 0.566966 0.019792 0.023818
0 0.084115 0.907318 0.018750 0.022437
0 0.626042 0.246634 0.020833 0.027270
0 0.213151 0.877287 0.018490 0.023127
0 0.789974 0.263894 0.022135 0.023818
0 0.341536 0.391439 0.023177 0.033138
0 0.164453 0.905592 0.020052 0.023818
0 0.626042 0.605281 0.018229 0.022437
0 0.060547 0.777528 0.022656 0.028650
0 0.815495 0.214014 0.020573 0.026234
0 0.339714 0.174491 0.026823 0.034864
0 0.059766 0.808423 0.022135 0.030376
0 0.344141 0.908699 0.022135 0.029341
0 0.055990 0.584398 0.020833 0.026234
0 0.339714 0.460304 0.025260 0.031412
0 0.707812 0.244046 0.020833 0.022092
0 0.057682 0.400759 0.022135 0.032447
0 0.842448 0.186227 0.021875 0.022437
0 0.463542 0.057128 0.021354 0.030721
0 0.572266 0.872454 0.020573 0.023127
0 0.813932 0.970832 0.023698 0.021747
0 0.208073 0.177080 0.018750 0.021401
0 0.190365 0.922506 0.017188 0.021747
0 0.368359 0.395927 0.023177 0.033138
0 0.735286 0.501381 0.020573 0.023818
0 0.109635 0.609941 0.019792 0.028305
0 0.317708 0.851916 0.021354 0.025544
0 0.262370 0.229720 0.021615 0.029341
0 0.392578 0.974284 0.020573 0.023127
0 0.468490 0.973421 0.023438 0.020711
0 0.438802 0.116845 0.021875 0.024508
0 0.515104 0.170521 0.020833 0.030376
0 0.085026 0.741284 0.022135 0.031412
0 0.517057 0.969624 0.024740 0.023473
0 0.108073 0.276320 0.019792 0.024508
0 0.262630 0.252503 0.020573 0.021747
0 0.366016 0.205903 0.021615 0.022437
0 0.571745 0.169658 0.023177 0.028650
0 0.366276 0.225578 0.020573 0.023818
0 0.055729 0.469624 0.022917 0.037625
0 0.599349 0.794615 0.025781 0.036590
0 0.441276 0.556783 0.020052 0.020021
0 0.626432 0.268208 0.021615 0.022782
0 0.055729 0.124439 0.025000 0.039696
0 0.108203 0.297894 0.020573 0.022782
0 0.950130 0.040214 0.023177 0.032102
0 0.791797 0.044529 0.027865 0.031067
0 0.214583 0.921816 0.018750 0.023818
0 0.736589 0.242492 0.022656 0.024508
0 0.286328 0.229548 0.020573 0.026924
0 0.315104 0.393683 0.023438 0.034864
0 0.187500 0.431653 0.025000 0.030031
0 0.541927 0.268726 0.019792 0.025889
0 0.625781 0.219192 0.019271 0.028305
0 0.111849 0.962202 0.023698 0.028650
0 0.208724 0.253020 0.019531 0.021401
0 0.652083 0.169831 0.020833 0.026234
0 0.288802 0.394891 0.019792 0.032447
0 0.652734 0.046945 0.022135 0.033138
0 0.265755 0.928029 0.019531 0.019676
0 0.814583 0.413359 0.020833 0.027270
0 0.207813 0.130825 0.025521 0.034518
0 0.312370 0.227649 0.021094 0.022437
0 0.625260 0.166897 0.020313 0.023127
0 0.369531 0.853814 0.018229 0.021056
0 0.060807 0.914567 0.020573 0.026579
0 0.338932 0.270280 0.021615 0.024853
0 0.313021 0.252157 0.022396 0.027960
0 0.625260 0.192268 0.019271 0.030376
0 0.391406 0.393856 0.020833 0.033828
0 0.112500 0.979116 0.024479 0.026579
0 0.339453 0.249914 0.020573 0.022782
0 0.389062 0.263894 0.021354 0.035554
0 0.286719 0.252503 0.019271 0.024508
0 0.056250 0.297031 0.021875 0.023818
0 0.763281 0.386434 0.022396 0.038315
0 0.344661 0.928892 0.021094 0.020711
0 0.086328 0.833794 0.021094 0.021747
0 0.314193 0.273559 0.023177 0.021747
0 0.603776 0.010701 0.019010 0.020021
0 0.788542 0.592509 0.022396 0.027270
0 0.541016 0.210217 0.020573 0.015878
0 0.653385 0.824301 0.020833 0.021401
0 0.311198 0.090093 0.025000 0.030376
0 0.576693 0.009665 0.017448 0.017950
