0 0.301544 0.342291 0.043752 0.054531
0 0.663426 0.391526 0.037175 0.052570
0 0.663569 0.441938 0.036889 0.053747
0 0.722905 0.340722 0.046897 0.052962
0 0.664427 0.341899 0.040892 0.049823
0 0.905204 0.141820 0.047755 0.058454
0 0.721904 0.289721 0.044324 0.058454
0 0.840149 0.340918 0.044038 0.052570
0 0.306548 0.245783 0.043466 0.050608
0 0.842150 0.190663 0.041178 0.057277
0 0.422219 0.811887 0.024307 0.032562
0 0.661710 0.193605 0.039462 0.055316
0 0.782385 0.242056 0.041750 0.057277
0 0.662282 0.291683 0.043466 0.056100
0 0.543037 0.347783 0.041178 0.055316
0 0.423506 0.196940 0.042322 0.053354
0 0.951244 0.773244 0.024878 0.031385
0 0.119531 0.390545 0.039462 0.046685
0 0.365313 0.342291 0.040892 0.051393
0 0.600372 0.442330 0.039748 0.052177
0 0.951244 0.801883 0.023163 0.030600
0 0.418502 0.392899 0.038033 0.055316
0 0.841864 0.289918 0.041750 0.057277
0 0.365027 0.246175 0.040892 0.052962
0 0.374893 0.754806 0.022877 0.033739
0 0.482413 0.449392 0.043466 0.058454
0 0.496426 0.753629 0.024021 0.031385
0 0.205891 0.813652 0.024593 0.030600
0 0.838290 0.439584 0.043180 0.056100
0 0.108665 0.786191 0.023449 0.029031
0 0.721190 0.390938 0.042894 0.052962
0 0.120532 0.441546 0.041464 0.056885
0 0.362311 0.390545 0.040034 0.046685
0 0.362168 0.442330 0.037461 0.052962
0 0.300829 0.395449 0.040034 0.051785
0 0.109094 0.815614 0.024307 0.031385
0 0.447812 0.752648 0.023449 0.030993
0 0.303260 0.291487 0.039176 0.050216
0 0.843151 0.139466 0.038033 0.056100
0 0.544467 0.399568 0.041750 0.052177
0 0.905347 0.089839 0.050329 0.054923
0 0.853875 0.802864 0.022877 0.032562
0 0.121390 0.194782 0.041464 0.056885
0 0.544610 0.447627 0.039748 0.050216
0 0.479983 0.390153 0.039176 0.055316
0 0.121247 0.246371 0.038890 0.049431
0 0.230626 0.816399 0.023163 0.029031
0 0.543609 0.198313 0.038319 0.057670
0 0.903632 0.037662 0.046325 0.056493
0 0.254790 0.813652 0.024021 0.032169
0 0.417358 0.341899 0.038605 0.052962
0 0.480555 0.294233 0.039748 0.054923
0 0.062625 0.391918 0.040606 0.047077
0 0.063197 0.194782 0.038890 0.049039
0 0.108093 0.756179 0.021733 0.028639
0 0.779525 0.390741 0.040606 0.044723
0 0.722476 0.191644 0.045468 0.052177
0 0.133257 0.813849 0.024021 0.029423
0 0.843151 0.085524 0.039748 0.056493
0 0.229482 0.787171 0.023163 0.031777
0 0.158136 0.757944 0.022305 0.030600
0 0.365313 0.294625 0.038033 0.047862
0 0.662139 0.242644 0.039176 0.045116
0 0.838290 0.390545 0.041464 0.044331
0 0.780240 0.439780 0.038605 0.051785
0 0.119817 0.340918 0.038319 0.051785
0 0.601802 0.340133 0.042036 0.052570
0 0.374464 0.812475 0.023163 0.034523
0 0.422648 0.753433 0.024021 0.030208
0 0.061338 0.340330 0.036889 0.049823
0 0.421075 0.244606 0.040320 0.045116
0 0.397484 0.810318 0.021733 0.031777
0 0.418931 0.293056 0.040606 0.051785
0 0.927366 0.774421 0.020589 0.026677
0 0.058193 0.814045 0.020303 0.032954
0 0.903775 0.805414 0.022019 0.032954
0 0.721476 0.440369 0.040034 0.049039
0 0.603231 0.293645 0.039176 0.045116
0 0.841721 0.239898 0.039748 0.046685
0 0.602373 0.390741 0.042036 0.047077
0 0.962539 0.189486 0.043466 0.064339
0 0.854161 0.744998 0.024593 0.036877
0 0.781813 0.338172 0.037747 0.053354
0 0.416357 0.444096 0.037747 0.047077
0 0.133686 0.755590 0.022591 0.033739
0 0.349585 0.812279 0.023163 0.034131
0 0.326137 0.753825 0.023735 0.030993
0 0.231198 0.756767 0.024878 0.030600
0 0.155133 0.896234 0.023735 0.030208
0 0.758936 0.801883 0.018873 0.031385
0 0.481842 0.244017 0.038319 0.056493
0 0.541607 0.293252 0.037175 0.053747
0 0.736488 0.800314 0.022591 0.031385
0 0.641264 0.771675 0.023735 0.028246
0 0.325136 0.783641 0.025736 0.032562
0 0.133114 0.786779 0.024307 0.030208
0 0.275379 0.894468 0.018301 0.026677
0 0.927795 0.801687 0.022019 0.031777
0 0.722190 0.240486 0.036317 0.047077
0 0.082070 0.897803 0.019445 0.029423
0 0.083071 0.814045 0.023163 0.034523
0 0.880326 0.746371 0.023163 0.025500
0 0.448241 0.783052 0.024878 0.027462
0 0.496283 0.781483 0.020303 0.026677
0 0.033028 0.815418 0.025450 0.028639
0 0.950529 0.745390 0.024021 0.030600
0 0.602659 0.244213 0.039176 0.049039
0 0.780669 0.292664 0.040606 0.045508
0 0.058622 0.845037 0.018873 0.025893
0 0.783815 0.190075 0.038319 0.048254
0 0.472262 0.753825 0.021447 0.028639
0 0.364884 0.196155 0.037747 0.052570
0 0.181155 0.757160 0.020875 0.031385
0 0.758936 0.772264 0.020017 0.027854
0 0.691164 0.798745 0.025736 0.035308
0 0.781384 0.774617 0.020875 0.029423
0 0.904919 0.745390 0.023163 0.033739
0 0.324564 0.813064 0.022877 0.029423
0 0.473120 0.811102 0.023163 0.034131
0 0.520732 0.809925 0.022877 0.030993
0 0.205462 0.786191 0.023735 0.028246
0 0.497283 0.810710 0.022305 0.030993
0 0.085073 0.755787 0.022591 0.032562
0 0.106663 0.923107 0.021161 0.026677
0 0.325422 0.921146 0.021161 0.026677
0 0.421361 0.782268 0.021447 0.029031
0 0.061910 0.246960 0.033457 0.052177
0 0.397912 0.753040 0.022591 0.028639
0 0.205605 0.756767 0.021733 0.029816
0 0.714470 0.746175 0.020875 0.029816
0 0.121390 0.292271 0.040892 0.045508
0 0.806120 0.774225 0.023449 0.027854
0 0.304833 0.196548 0.036031 0.054923
0 0.854590 0.775402 0.024307 0.027854
0 0.664856 0.798941 0.021733 0.034131
0 0.059337 0.755002 0.020303 0.030208
0 0.475693 0.892703 0.020875 0.027069
0 0.483843 0.196155 0.042894 0.047862
0 0.805691 0.745587 0.024307 0.033346
0 0.640549 0.743625 0.021733 0.030208
0 0.640120 0.800314 0.020875 0.031385
0 0.131827 0.895449 0.020017 0.027069
0 0.828853 0.803452 0.022591 0.035308
0 0.758507 0.746175 0.020875 0.029816
0 0.616385 0.797764 0.022019 0.034131
0 0.735916 0.772852 0.020875 0.025893
0 0.879897 0.774814 0.021161 0.032954
0 0.158707 0.785602 0.020589 0.024716
0 0.782099 0.745390 0.021161 0.029816
0 0.447098 0.810318 0.022019 0.030208
0 0.951673 0.830129 0.020589 0.026677
0 0.905061 0.775794 0.021733 0.029423
0 0.781384 0.803845 0.022591 0.030600
0 0.926508 0.745979 0.020589 0.030993
0 0.106520 0.895645 0.019159 0.027462
0 0.205891 0.867007 0.018301 0.025893
0 0.300543 0.755590 0.023449 0.031385
0 0.035316 0.842291 0.019731 0.027462
0 0.424078 0.892899 0.020589 0.029031
0 0.325851 0.893684 0.020303 0.028246
0 0.350014 0.755590 0.022305 0.031385
0 0.253646 0.922911 0.018873 0.025500
0 0.276380 0.922519 0.018015 0.026285
0 0.061767 0.292664 0.038319 0.043154
0 0.253789 0.755983 0.019159 0.031385
0 0.082213 0.924480 0.020303 0.025500
0 0.830283 0.746175 0.023163 0.032169
0 0.034601 0.925265 0.020589 0.026285
0 0.156992 0.869557 0.020017 0.023931
0 0.831141 0.905649 0.018015 0.023931
0 0.591364 0.744213 0.022305 0.032169
0 0.780812 0.907415 0.018587 0.026677
0 0.130969 0.951746 0.018873 0.025893
0 0.474264 0.864849 0.019731 0.029423
0 0.181012 0.896234 0.020017 0.027854
0 0.714041 0.799922 0.019445 0.033739
0 0.479125 0.338956 0.038605 0.042370
0 0.737203 0.744802 0.021733 0.030208
0 0.447812 0.917615 0.020017 0.028246
0 0.955390 0.904668 0.023449 0.032169
0 0.158564 0.815418 0.024878 0.032562
0 0.590506 0.799333 0.023449 0.034131
0 0.349299 0.864849 0.018587 0.027854
0 0.058193 0.897215 0.018015 0.028246
0 0.374178 0.920361 0.019731 0.027462
0 0.567200 0.803256 0.021447 0.034131
0 0.277667 0.814241 0.022305 0.029423
0 0.927652 0.831110 0.018873 0.027854
0 0.854447 0.831503 0.020017 0.027069
0 0.447240 0.863868 0.019445 0.027462
0 0.181584 0.867595 0.022305 0.028639
0 0.205176 0.895057 0.019731 0.029423
0 0.349442 0.921734 0.018873 0.028639
0 0.060909 0.441153 0.032599 0.048254
0 0.130969 0.924872 0.018301 0.027854
0 0.592079 0.909769 0.020303 0.024323
0 0.665999 0.744998 0.022877 0.028246
0 0.545896 0.913888 0.019445 0.026285
0 0.180297 0.787368 0.022591 0.032169
0 0.108951 0.867791 0.020017 0.026677
0 0.300543 0.892899 0.017729 0.025108
0 0.397055 0.919969 0.018587 0.029031
0 0.880469 0.716948 0.022877 0.036485
0 0.590935 0.937426 0.018587 0.027069
0 0.591793 0.881326 0.020303 0.026285
0 0.327138 0.866811 0.021733 0.027069
0 0.130969 0.869164 0.021733 0.027854
0 0.253217 0.894665 0.018015 0.024716
0 0.475407 0.921146 0.018015 0.022754
0 0.229625 0.866222 0.019445 0.025893
0 0.423935 0.918596 0.018015 0.023146
0 0.904204 0.908199 0.018873 0.026677
0 0.229482 0.923696 0.018015 0.024716
0 0.180297 0.816791 0.023163 0.030600
0 0.252359 0.865241 0.023163 0.027854
0 0.181012 0.923499 0.018873 0.023539
0 0.277095 0.785798 0.022877 0.027462
0 0.398484 0.947038 0.019159 0.024323
0 0.781956 0.933111 0.020875 0.024716
0 0.229339 0.897999 0.018873 0.028246
0 0.806263 0.907807 0.019159 0.028246
0 0.542894 0.750883 0.022019 0.032954
0 0.806691 0.935073 0.017729 0.022362
0 0.831284 0.932915 0.017729 0.024323
0 0.974979 0.771283 0.020303 0.033739
0 0.254647 0.841310 0.021447 0.024716
0 0.603231 0.191251 0.037461 0.038054
0 0.374035 0.892115 0.018873 0.025893
0 0.903918 0.833464 0.020017 0.023931
0 0.035030 0.755198 0.025450 0.032954
0 0.830140 0.832679 0.020589 0.027854
0 0.035888 0.785995 0.024307 0.030993
0 0.568630 0.834641 0.018015 0.025500
0 0.447526 0.836995 0.020017 0.023146
0 0.616385 0.767556 0.021447 0.027854
0 0.276809 0.868184 0.017729 0.022754
0 0.230197 0.949392 0.020589 0.025108
0 0.446526 0.946450 0.021447 0.026285
0 0.350300 0.891918 0.019445 0.026285
0 0.181298 0.948803 0.019445 0.023931
0 0.373606 0.841114 0.017444 0.022754
0 0.665570 0.908395 0.018015 0.024716
0 0.107235 0.949392 0.020017 0.025108
0 0.546325 0.883091 0.020303 0.029031
0 0.972548 0.715967 0.022305 0.036093
0 0.397912 0.892703 0.018587 0.026285
0 0.616242 0.883484 0.018301 0.025108
0 0.205748 0.947823 0.019159 0.024323
0 0.640263 0.909572 0.017158 0.025500
0 0.690306 0.908788 0.018301 0.024716
0 0.543323 0.808945 0.023449 0.029031
0 0.324993 0.840526 0.019159 0.023146
0 0.780812 0.879561 0.018015 0.025893
0 0.447383 0.889957 0.018587 0.026285
0 0.590649 0.854649 0.019731 0.027069
0 0.854590 0.904865 0.016872 0.023146
0 0.156992 0.923696 0.019445 0.023931
0 0.373892 0.949000 0.020303 0.029031
0 0.929940 0.907807 0.018301 0.025108
0 0.034315 0.899176 0.019445 0.029816
0 0.665428 0.935269 0.020589 0.024323
0 0.057907 0.925657 0.022591 0.025500
0 0.423792 0.864064 0.020589 0.026285
0 0.691021 0.745587 0.022019 0.031777
0 0.423792 0.944096 0.020017 0.025500
0 0.230769 0.840330 0.020017 0.022754
0 0.615957 0.936250 0.020589 0.024716
0 0.204747 0.922911 0.017729 0.022362
0 0.325279 0.948411 0.017444 0.021577
0 0.806977 0.877599 0.017729 0.025893
0 0.541607 0.246567 0.034887 0.034916
0 0.640835 0.935269 0.019445 0.025108
0 0.475836 0.946842 0.020017 0.023931
0 0.689734 0.879953 0.018301 0.022754
0 0.473263 0.838368 0.020017 0.022754
0 0.156420 0.949980 0.020017 0.024716
0 0.348299 0.949392 0.019445 0.021969
0 0.497998 0.891722 0.017444 0.025893
0 0.664570 0.880738 0.017158 0.025893
0 0.373177 0.867203 0.017158 0.027069
0 0.496997 0.864457 0.018873 0.025500
0 0.299971 0.920753 0.018301 0.024323
0 0.158422 0.843468 0.019445 0.025893
0 0.108093 0.842487 0.018301 0.021577
0 0.690449 0.935269 0.019159 0.025108
0 0.805977 0.803648 0.023163 0.033346
0 0.035459 0.867791 0.018301 0.021969
0 0.737346 0.907807 0.019159 0.025893
0 0.132256 0.841310 0.016872 0.020792
0 0.521876 0.889565 0.018873 0.027854
0 0.082785 0.842291 0.018015 0.021185
0 0.714898 0.907219 0.018873 0.028639
0 0.300972 0.865634 0.019159 0.023931
0 0.569345 0.940369 0.018301 0.025108
0 0.033886 0.953511 0.018587 0.022362
0 0.905061 0.933307 0.018301 0.023539
0 0.855591 0.877599 0.018873 0.024323
0 0.276523 0.841703 0.018301 0.021577
0 0.640263 0.880934 0.016586 0.027069
0 0.253217 0.950373 0.019159 0.027069
0 0.951673 0.855434 0.018873 0.022362
0 0.664999 0.854649 0.019731 0.024716
0 0.206606 0.840722 0.020303 0.025108
0 0.592079 0.964496 0.017444 0.021577
0 0.689877 0.964104 0.018587 0.020792
0 0.591364 0.829345 0.020589 0.021969
0 0.806691 0.854649 0.016014 0.020792
0 0.396197 0.865634 0.020875 0.024716
0 0.083500 0.950373 0.018873 0.024716
0 0.570489 0.912711 0.018301 0.030208
0 0.522019 0.861514 0.020303 0.029816
0 0.082070 0.867595 0.020017 0.025500
0 0.688733 0.854453 0.020303 0.025893
0 0.973978 0.743036 0.021161 0.021185
0 0.544896 0.945469 0.020303 0.028246
0 0.422791 0.838368 0.020875 0.023539
0 0.615385 0.909965 0.021161 0.030208
0 0.953246 0.876030 0.017444 0.024323
0 0.132113 0.978815 0.020589 0.023539
0 0.520303 0.836014 0.018015 0.021185
0 0.781241 0.854845 0.018301 0.021969
0 0.855019 0.856414 0.018301 0.021185
0 0.736488 0.881130 0.018587 0.025108
0 0.519731 0.778933 0.022019 0.031777
0 0.714898 0.936642 0.017729 0.025500
0 0.545754 0.836995 0.023163 0.029423
0 0.929654 0.932915 0.017729 0.021185
0 0.499571 0.920165 0.019445 0.024716
0 0.565914 0.749510 0.021733 0.033346
0 0.277095 0.756179 0.022305 0.033346
0 0.831284 0.855630 0.017158 0.021185
0 0.348442 0.840330 0.018015 0.023539
0 0.832142 0.878972 0.018873 0.027854
0 0.736917 0.936838 0.020017 0.025893
0 0.181012 0.842487 0.018873 0.023146
0 0.299828 0.949392 0.018587 0.024323
0 0.058908 0.870145 0.018301 0.023539
0 0.904490 0.856218 0.017729 0.023146
0 0.665285 0.828953 0.019731 0.022754
0 0.569488 0.884857 0.018015 0.025500
0 0.714756 0.829345 0.018587 0.024323
0 0.759365 0.878972 0.016300 0.023146
0 0.713755 0.853668 0.019445 0.025108
0 0.806405 0.961161 0.017729 0.024323
0 0.299399 0.840722 0.018873 0.024323
0 0.904776 0.878972 0.016586 0.024716
0 0.781527 0.830522 0.018873 0.023539
0 0.497569 0.838564 0.018301 0.026285
0 0.855162 0.933503 0.015728 0.022362
0 0.759365 0.906238 0.018015 0.026677
0 0.689305 0.828560 0.019731 0.025108
0 0.759508 0.832483 0.015442 0.026677
0 0.954532 0.933307 0.024021 0.022754
0 0.568916 0.860534 0.016300 0.022362
0 0.759937 0.934680 0.015156 0.025500
0 0.500286 0.946450 0.017444 0.020792
0 0.620532 0.841899 0.027452 0.050216
0 0.928367 0.879168 0.020875 0.027462
0 0.640406 0.827383 0.016872 0.019616
0 0.300543 0.814045 0.020017 0.031385
0 0.926651 0.818360 0.020303 0.020400
0 0.713183 0.876422 0.018301 0.025893
0 0.056477 0.953903 0.018015 0.027069
0 0.639548 0.852687 0.018587 0.027069
0 0.617100 0.742644 0.021161 0.030600
0 0.615385 0.829149 0.017158 0.022362
0 0.519302 0.751275 0.022305 0.029031
0 0.805405 0.832091 0.019159 0.021969
0 0.522877 0.915849 0.018015 0.023931
0 0.760080 0.855434 0.015442 0.020792
0 0.084358 0.779718 0.018873 0.019223
0 0.276380 0.948803 0.018587 0.025500
0 0.397198 0.839545 0.020017 0.024323
0 0.374178 0.969988 0.019731 0.031777
0 0.545896 0.858964 0.021733 0.023931
