0 0.728189 0.071641 0.105827 0.071870
0 0.728346 0.171550 0.097323 0.071641
0 0.723307 0.269856 0.095433 0.099794
0 0.726299 0.366674 0.095748 0.054017
0 0.723937 0.450332 0.097323 0.088579
0 0.736850 0.549210 0.102992 0.082170
0 0.729606 0.645342 0.091654 0.093614
0 0.738268 0.739643 0.117165 0.086290
0 0.726929 0.822957 0.100157 0.065690
0 0.725354 0.920005 0.103307 0.089494
0 0.577165 0.078851 0.101732 0.082170
0 0.581575 0.187572 0.113071 0.089494
0 0.583622 0.277752 0.097638 0.059281
0 0.590551 0.348363 0.103307 0.048981
0 0.590709 0.444152 0.117480 0.078050
0 0.587874 0.545548 0.097323 0.085374
0 0.582205 0.639277 0.106142 0.068666
0 0.587244 0.739643 0.098583 0.063401
0 0.591496 0.829023 0.110236 0.075990
0 0.588661 0.924239 0.110236 0.075074
0 0.440472 0.079995 0.100472 0.059281
0 0.438268 0.177729 0.090394 0.092699
0 0.431969 0.271458 0.082835 0.075990
0 0.455433 0.362440 0.104567 0.064317
0 0.451969 0.456512 0.100157 0.078050
0 0.439685 0.558137 0.098898 0.070726
0 0.430394 0.637217 0.085984 0.068666
0 0.435433 0.727626 0.087244 0.066377
0 0.431969 0.819181 0.091654 0.075074
0 0.436220 0.915427 0.094488 0.071641
0 0.295118 0.086290 0.095748 0.075990
0 0.298110 0.174640 0.101732 0.075990
0 0.298740 0.272488 0.091654 0.063401
0 0.296693 0.370794 0.084409 0.072786
0 0.296535 0.461318 0.098583 0.066606
0 0.287402 0.550355 0.080315 0.069810
0 0.291496 0.640192 0.085984 0.068666
0 0.294488 0.734836 0.074331 0.070726
0 0.292283 0.826963 0.078740 0.063630
0 0.292441 0.915999 0.087244 0.049897
0 0.171339 0.091440 0.103307 0.078050
0 0.167717 0.176242 0.104252 0.062257
0 0.172756 0.271458 0.117480 0.069581
0 0.162835 0.361982 0.094488 0.069810
0 0.169921 0.460746 0.091654 0.063630
0 0.165669 0.543488 0.088819 0.077134
0 0.163465 0.636645 0.090079 0.073930
0 0.162677 0.733921 0.097323 0.085374
0 0.153543 0.826390 0.075906 0.066606
0 0.157008 0.924239 0.082835 0.064546
