0 0.711076 0.152074 0.071055 0.025709
0 0.839603 0.150255 0.067921 0.028377
0 0.440439 0.218530 0.061651 0.031045
0 0.045716 0.095804 0.065308 0.031045
0 0.445402 0.185908 0.066353 0.028862
0 0.137409 0.707858 0.061651 0.028862
0 0.376698 0.218773 0.063741 0.028135
0 0.044148 0.158380 0.066353 0.032501
0 0.184953 0.157895 0.067921 0.033471
0 0.510711 0.093985 0.064263 0.027892
0 0.253657 0.159350 0.062173 0.034926
0 0.509404 0.123939 0.060606 0.026680
0 0.708464 0.120058 0.054336 0.027650
0 0.643417 0.036381 0.059039 0.034441
0 0.117555 0.160199 0.063741 0.032258
0 0.381400 0.094106 0.065831 0.029105
0 0.181034 0.219379 0.061129 0.030318
0 0.512017 0.188334 0.063741 0.030318
0 0.644462 0.128426 0.061129 0.030803
0 0.067137 0.796144 0.073668 0.028862
0 0.068966 0.708829 0.066876 0.026437
0 0.117294 0.070095 0.059039 0.032501
0 0.131661 0.861387 0.056426 0.030318
0 0.315569 0.065122 0.060606 0.032258
0 0.381661 0.126607 0.060084 0.034441
0 0.837252 0.182755 0.061129 0.030803
0 0.710554 0.212345 0.064786 0.033713
0 0.314263 0.033350 0.062173 0.028862
0 0.581505 0.400073 0.058516 0.034198
0 0.840387 0.928450 0.059039 0.031530
0 0.045455 0.063303 0.063741 0.032016
0 0.721787 0.649648 0.061129 0.029348
0 0.316092 0.097017 0.061651 0.031530
0 0.573929 0.068518 0.061129 0.027407
0 0.515413 0.155833 0.064263 0.032743
0 0.135841 0.647587 0.061651 0.031045
0 0.314263 0.188212 0.065308 0.031530
0 0.774295 0.188698 0.061651 0.031530
0 0.580721 0.156439 0.063218 0.034441
0 0.580721 0.217803 0.062173 0.032501
0 0.709770 0.033713 0.061129 0.031530
0 0.066353 0.826098 0.063741 0.029590
0 0.581505 0.248242 0.067921 0.029833
0 0.379572 0.034077 0.064263 0.025952
0 0.653083 0.592651 0.060606 0.032743
0 0.067137 0.890371 0.064263 0.032986
0 0.572623 0.035290 0.062696 0.032258
0 0.643678 0.158986 0.060606 0.032743
0 0.841432 0.863934 0.060084 0.029105
0 0.317659 0.889158 0.058516 0.029590
0 0.704284 0.091802 0.073145 0.025467
0 0.646029 0.247271 0.059039 0.028377
0 0.518286 0.710890 0.065831 0.029105
0 0.641588 0.095804 0.056426 0.031045
0 0.712905 0.179481 0.068443 0.025224
0 0.786311 0.615450 0.056426 0.034683
0 0.575758 0.365874 0.060606 0.033713
0 0.777429 0.274315 0.061651 0.028620
0 0.119383 0.219864 0.060084 0.030318
0 0.251829 0.124424 0.061651 0.032501
0 0.708725 0.063667 0.068443 0.027892
0 0.051724 0.244361 0.061651 0.034198
0 0.327847 0.736357 0.055904 0.034926
0 0.710554 0.272617 0.071055 0.028620
0 0.251306 0.064516 0.058516 0.032016
0 0.116249 0.128426 0.057994 0.029348
0 0.651776 0.741450 0.060084 0.029590
0 0.185214 0.123575 0.066353 0.030803
0 0.123824 0.275770 0.063741 0.027165
0 0.789185 0.581252 0.062173 0.028862
0 0.772989 0.092530 0.061129 0.027892
0 0.585423 0.712103 0.056949 0.032501
0 0.440439 0.065486 0.059561 0.032501
0 0.717346 0.773830 0.061651 0.030803
0 0.771160 0.122847 0.057471 0.032258
0 0.378004 0.186515 0.061129 0.031045
0 0.713950 0.896435 0.064263 0.030560
0 0.315831 0.363449 0.059039 0.027407
0 0.648380 0.837618 0.061651 0.033228
0 0.111808 0.190759 0.053292 0.026437
0 0.708203 0.980718 0.059039 0.028862
0 0.720481 0.364540 0.058516 0.031530
0 0.653866 0.558331 0.064263 0.031045
0 0.642372 0.276134 0.057994 0.026922
0 0.516458 0.395950 0.065308 0.030318
0 0.319227 0.974654 0.063741 0.024012
0 0.063741 0.976959 0.075235 0.028135
0 0.518025 0.364904 0.056949 0.032743
0 0.198798 0.710526 0.057994 0.031288
0 0.780564 0.393767 0.055381 0.028862
0 0.515935 0.743755 0.061129 0.033713
0 0.184169 0.090226 0.065308 0.031530
0 0.776123 0.867936 0.064263 0.029348
0 0.047544 0.126364 0.058516 0.025709
0 0.510711 0.218894 0.061129 0.026922
0 0.771421 0.977565 0.065308 0.026922
0 0.385580 0.801116 0.063741 0.029105
0 0.773511 0.064395 0.053814 0.026437
0 0.326803 0.648193 0.063218 0.027407
0 0.390282 0.648799 0.057471 0.030075
0 0.319227 0.920082 0.062696 0.028862
0 0.114943 0.036260 0.062696 0.032743
0 0.446708 0.033713 0.057471 0.029590
0 0.247126 0.220834 0.060606 0.033228
0 0.262278 0.768373 0.056426 0.027650
0 0.774295 0.216954 0.063741 0.028377
0 0.650470 0.392190 0.066876 0.031530
0 0.443312 0.248484 0.054859 0.026922
0 0.380617 0.364419 0.056949 0.028862
0 0.254963 0.888916 0.060606 0.031530
0 0.379833 0.921659 0.058516 0.028620
0 0.510188 0.247878 0.069488 0.029105
0 0.197492 0.644434 0.059561 0.029590
0 0.712382 0.835072 0.057994 0.032016
0 0.314263 0.129639 0.054859 0.032743
0 0.579676 0.187000 0.068443 0.028620
0 0.067659 0.647465 0.064263 0.029833
0 0.314525 0.159593 0.055381 0.022314
0 0.839342 0.120179 0.062173 0.028377
0 0.448276 0.154620 0.066876 0.024982
0 0.317921 0.304875 0.063218 0.032016
0 0.185737 0.062940 0.063218 0.021586
0 0.773511 0.155712 0.057994 0.032986
0 0.192268 0.946398 0.060606 0.031530
0 0.114943 0.100412 0.058516 0.027165
0 0.130878 0.946520 0.057994 0.026437
0 0.379310 0.247999 0.072100 0.029833
0 0.386625 0.771404 0.056426 0.027892
0 0.259666 0.800024 0.059561 0.033228
0 0.444096 0.126000 0.058516 0.026437
0 0.577847 0.096774 0.068966 0.026195
0 0.655172 0.624909 0.060606 0.030803
0 0.711076 0.867330 0.057471 0.026195
0 0.446970 0.275285 0.064263 0.026195
0 0.775601 0.835920 0.055904 0.031773
0 0.646029 0.217439 0.057994 0.027407
0 0.782393 0.362358 0.060084 0.031045
0 0.508882 0.036139 0.063741 0.031045
0 0.724138 0.620786 0.064786 0.023527
0 0.314525 0.273223 0.058516 0.025467
0 0.249478 0.191123 0.056949 0.026195
0 0.066876 0.737691 0.060606 0.030318
0 0.312957 0.246180 0.057471 0.024739
0 0.249478 0.032622 0.067398 0.029833
0 0.451411 0.650740 0.056426 0.029590
0 0.841693 0.397162 0.063741 0.030318
0 0.716823 0.742178 0.056426 0.030560
0 0.710554 0.925903 0.061651 0.028862
0 0.380094 0.155954 0.065308 0.021829
0 0.574451 0.304754 0.062173 0.024982
0 0.907785 0.157046 0.066353 0.028862
0 0.510711 0.303905 0.065308 0.026680
0 0.257837 0.303541 0.065308 0.033228
0 0.254180 0.975382 0.063218 0.028862
0 0.451411 0.364177 0.057471 0.026437
0 0.838297 0.062212 0.068443 0.026437
0 0.062696 0.945913 0.061651 0.028620
0 0.580199 0.976595 0.068443 0.026437
0 0.256792 0.856658 0.067398 0.029590
0 0.512539 0.918506 0.060606 0.034441
0 0.387670 0.739753 0.051202 0.032016
0 0.908307 0.835920 0.063218 0.027407
0 0.643417 0.304390 0.082027 0.024739
0 0.266458 0.711375 0.063741 0.027165
0 0.052508 0.187485 0.063218 0.024739
0 0.711076 0.952826 0.055381 0.026922
0 0.784483 0.648436 0.053814 0.029833
0 0.378004 0.063182 0.057994 0.032258
0 0.194357 0.742057 0.058516 0.030318
0 0.188349 0.863449 0.052769 0.023769
0 0.652299 0.772981 0.065308 0.027165
0 0.066353 0.766917 0.057471 0.023769
0 0.840387 0.895464 0.061129 0.032501
0 0.518025 0.620665 0.067398 0.031530
0 0.648119 0.363206 0.073668 0.026922
0 0.516196 0.274679 0.072100 0.023041
0 0.121996 0.305360 0.061129 0.031045
0 0.068443 0.857628 0.061651 0.026195
0 0.769854 0.033592 0.060084 0.031288
0 0.714211 0.711982 0.060606 0.028862
0 0.774556 0.925782 0.055904 0.030075
0 0.318966 0.392069 0.059039 0.028377
0 0.443574 0.888431 0.058516 0.029105
0 0.319227 0.858477 0.049112 0.025467
0 0.393156 0.709192 0.060084 0.024254
0 0.842999 0.801965 0.061129 0.026437
0 0.648119 0.896192 0.062173 0.031045
0 0.712905 0.302935 0.069488 0.028135
0 0.652821 0.711011 0.049634 0.026922
0 0.447492 0.767645 0.059039 0.026680
0 0.647858 0.867330 0.061651 0.026195
0 0.130094 0.766432 0.057471 0.025224
0 0.716562 0.804147 0.059039 0.026437
0 0.844566 0.743148 0.064263 0.030560
0 0.131400 0.976110 0.065308 0.025952
0 0.908307 0.066699 0.068443 0.032501
0 0.180773 0.033713 0.056426 0.026680
0 0.381661 0.891463 0.055904 0.031773
0 0.839864 0.214286 0.064263 0.029833
0 0.841432 0.980960 0.055904 0.029833
0 0.447753 0.710526 0.048067 0.025952
0 0.839864 0.955251 0.065308 0.024497
0 0.257837 0.946762 0.061129 0.025467
0 0.590125 0.645525 0.065308 0.025952
0 0.837774 0.089983 0.063218 0.023284
0 0.448798 0.738055 0.061651 0.023769
0 0.265152 0.740359 0.056949 0.027892
0 0.119906 0.248727 0.063218 0.027407
0 0.439133 0.097866 0.052769 0.028862
0 0.907785 0.305481 0.064263 0.034198
0 0.377220 0.305845 0.052247 0.027650
0 0.056165 0.274921 0.064263 0.027407
0 0.190700 0.304754 0.074190 0.024982
0 0.133751 0.737570 0.052247 0.027165
0 0.722048 0.592287 0.064786 0.030560
0 0.449582 0.796871 0.053814 0.030318
0 0.644723 0.066820 0.064786 0.024012
0 0.313218 0.219258 0.057994 0.025224
0 0.131400 0.889158 0.056949 0.023284
0 0.447492 0.831312 0.059039 0.028862
0 0.906479 0.033471 0.065831 0.031045
0 0.654389 0.653044 0.063218 0.025952
0 0.507315 0.979869 0.057471 0.026680
0 0.578109 0.123696 0.068443 0.027650
0 0.510188 0.950764 0.059039 0.032016
0 0.449843 0.419355 0.066876 0.028135
0 0.382445 0.861266 0.058516 0.025709
0 0.722571 0.396435 0.061651 0.031773
0 0.447231 0.303420 0.062696 0.030075
0 0.587513 0.588407 0.060084 0.026680
0 0.852403 0.588043 0.062173 0.029833
0 0.445141 0.947854 0.053292 0.032016
0 0.188349 0.834829 0.050679 0.032016
0 0.185214 0.275891 0.053814 0.025467
0 0.445664 0.917415 0.060606 0.023527
0 0.177116 0.189061 0.057471 0.025467
0 0.515935 0.651225 0.063218 0.023284
0 0.579676 0.946762 0.063218 0.030803
0 0.584901 0.615450 0.056949 0.026922
0 0.642633 0.188576 0.055381 0.023527
0 0.842476 0.364177 0.056949 0.028377
0 0.445141 0.977807 0.062696 0.026922
0 0.191745 0.915110 0.056426 0.022314
0 0.777429 0.304633 0.062696 0.026195
0 0.849269 0.617997 0.056949 0.026195
0 0.906479 0.425661 0.057471 0.026680
0 0.450366 0.391341 0.060606 0.023527
0 0.653866 0.804269 0.060084 0.032986
0 0.259666 0.649891 0.062696 0.024497
0 0.776123 0.897526 0.056949 0.026922
0 0.907785 0.099927 0.060084 0.032986
0 0.838036 0.832646 0.056426 0.030560
0 0.325496 0.768736 0.058516 0.025952
0 0.712644 0.243512 0.058516 0.024739
0 0.333595 0.705918 0.063218 0.021101
0 0.319227 0.947732 0.053292 0.024012
0 0.449582 0.620786 0.051724 0.028377
0 0.774556 0.745089 0.060084 0.025709
0 0.907785 0.866723 0.066353 0.027892
0 0.839080 0.304026 0.057471 0.028862
0 0.904650 0.188212 0.064263 0.026680
0 0.906740 0.394252 0.053814 0.031773
0 0.772989 0.951128 0.059039 0.019646
0 0.774033 0.244118 0.059039 0.026437
0 0.580982 0.743027 0.056426 0.023527
0 0.134535 0.799297 0.055904 0.033713
0 0.843260 0.429057 0.068966 0.032016
0 0.379833 0.394737 0.060606 0.030803
0 0.382968 0.831312 0.055381 0.027407
0 0.776646 0.773708 0.053814 0.027165
0 0.509143 0.066456 0.057994 0.024254
0 0.059561 0.919234 0.058516 0.023769
0 0.187304 0.248363 0.067398 0.026195
0 0.324974 0.799539 0.055381 0.034198
0 0.248694 0.920082 0.055381 0.025952
0 0.130878 0.917415 0.062173 0.026437
0 0.574713 0.277104 0.052247 0.024982
0 0.910920 0.363206 0.056949 0.025467
0 0.249216 0.094713 0.050157 0.025467
0 0.051463 0.214164 0.075758 0.023769
0 0.909613 0.803905 0.059561 0.034198
0 0.378004 0.275770 0.053814 0.024254
0 0.513845 0.888309 0.064263 0.022556
0 0.041275 0.032864 0.057471 0.027892
0 0.722309 0.561606 0.059039 0.033713
0 0.911964 0.274194 0.066353 0.024982
0 0.324190 0.621513 0.056949 0.024497
0 0.580199 0.773466 0.057994 0.032986
0 0.842476 0.271041 0.064263 0.027892
0 0.782132 0.425418 0.059561 0.031045
0 0.507053 0.833980 0.049634 0.033228
0 0.844566 0.713437 0.061129 0.029833
0 0.853971 0.648193 0.056949 0.027892
0 0.131923 0.832161 0.047544 0.025709
0 0.190178 0.976837 0.052247 0.028377
0 0.776385 0.804390 0.056426 0.029833
0 0.052769 0.305845 0.071055 0.029105
0 0.843260 0.773587 0.059561 0.027407
0 0.786834 0.548266 0.062696 0.031773
0 0.058777 0.366602 0.065308 0.033713
0 0.845611 0.464831 0.061129 0.037594
0 0.909091 0.895950 0.060606 0.031045
0 0.914577 0.650133 0.054859 0.032743
0 0.839342 0.030318 0.059039 0.023284
0 0.193312 0.770677 0.062696 0.026922
0 0.189394 0.889765 0.059039 0.024012
0 0.914577 0.617875 0.057994 0.024982
0 0.254441 0.365268 0.057471 0.034441
0 0.916144 0.587800 0.060084 0.032743
0 0.647597 0.923721 0.057994 0.024497
0 0.839080 0.244240 0.063741 0.028135
0 0.255225 0.828644 0.064263 0.023527
0 0.851097 0.553844 0.058516 0.036139
0 0.905956 0.219015 0.059561 0.028135
0 0.906740 0.130730 0.065308 0.023769
0 0.910920 0.246423 0.062173 0.025709
0 0.192006 0.801358 0.057994 0.029590
0 0.380355 0.974533 0.061651 0.025224
0 0.514629 0.774800 0.057471 0.025467
0 0.911703 0.979626 0.064786 0.029105
0 0.578109 0.918021 0.057994 0.021829
0 0.383229 0.948581 0.060084 0.030560
0 0.912748 0.736114 0.053292 0.032986
0 0.908046 0.771162 0.052247 0.028862
0 0.586991 0.558574 0.051724 0.028135
0 0.780042 0.455008 0.063741 0.026195
0 0.191745 0.360902 0.063741 0.022314
0 0.909875 0.455130 0.051724 0.027407
0 0.319227 0.831919 0.055381 0.027165
0 0.251829 0.248727 0.061651 0.024497
0 0.722309 0.530196 0.060084 0.029105
0 0.654911 0.528256 0.066353 0.026195
0 0.389760 0.619937 0.053292 0.025224
0 0.515935 0.424569 0.054859 0.028862
0 0.573145 0.431361 0.056426 0.026437
0 0.644201 0.427844 0.083595 0.033956
0 0.379049 0.427723 0.056949 0.030803
0 0.448798 0.857992 0.059561 0.023527
0 0.912748 0.557846 0.044932 0.020859
0 0.260711 0.626607 0.045977 0.021586
0 0.904911 0.954281 0.052247 0.022071
0 0.722571 0.426267 0.058516 0.025952
0 0.644984 0.977080 0.048589 0.024982
0 0.448015 0.447490 0.060084 0.024739
0 0.788140 0.707009 0.037095 0.019888
0 0.516980 0.802692 0.064263 0.031288
0 0.573929 0.888431 0.054859 0.027650
0 0.913009 0.925661 0.053814 0.019161
0 0.124608 0.363085 0.053814 0.025709
0 0.518025 0.551298 0.048589 0.022799
0 0.909875 0.706767 0.043365 0.023769
0 0.513323 0.861509 0.070533 0.022314
0 0.583595 0.836769 0.083595 0.031530
0 0.588297 0.529348 0.065831 0.032743
0 0.515413 0.448581 0.074713 0.027407
0 0.249478 0.274679 0.070533 0.027407
