0 0.608488 0.080195 0.024171 0.038990
0 0.226953 0.081967 0.024452 0.038990
0 0.633924 0.079087 0.023890 0.039433
0 0.636313 0.414488 0.024733 0.039433
0 0.049044 0.166814 0.026700 0.038547
0 0.433390 0.118299 0.024171 0.037218
0 0.226813 0.122951 0.025857 0.040319
0 0.226251 0.464555 0.025295 0.039433
0 0.688589 0.455029 0.024733 0.041648
0 0.150084 0.124280 0.026419 0.042977
0 0.815065 0.075764 0.025295 0.043420
0 0.533165 0.079530 0.024733 0.042091
0 0.660764 0.117412 0.024733 0.040762
0 0.250984 0.463890 0.024733 0.037218
0 0.920883 0.493354 0.023890 0.039433
0 0.483137 0.120071 0.024733 0.038104
0 0.929455 0.795968 0.025295 0.042091
0 0.765880 0.454364 0.026981 0.042091
0 0.457841 0.159725 0.023047 0.039433
0 0.355537 0.078866 0.026981 0.044307
0 0.685919 0.077537 0.025014 0.038990
0 0.817454 0.491582 0.026700 0.042977
0 0.342889 0.754320 0.026981 0.044750
0 0.509556 0.497563 0.024171 0.038104
0 0.764896 0.155516 0.026138 0.040762
0 0.408516 0.498892 0.027263 0.036331
0 0.636875 0.157953 0.024171 0.037661
0 0.740304 0.496234 0.025295 0.041648
0 0.673553 0.792202 0.025014 0.038990
0 0.750843 0.752769 0.027263 0.044307
0 0.711917 0.076872 0.026419 0.042977
0 0.841062 0.075543 0.025576 0.042091
0 0.660905 0.078644 0.026700 0.036774
0 0.176785 0.505317 0.027544 0.040319
0 0.458123 0.119849 0.024733 0.039433
0 0.661608 0.455915 0.025857 0.041648
0 0.278387 0.422463 0.026138 0.041205
0 0.739741 0.455693 0.025857 0.041205
0 0.946318 0.411165 0.023609 0.036331
0 0.482153 0.079309 0.025014 0.043420
0 0.869590 0.451484 0.025295 0.038990
0 0.098791 0.081524 0.023890 0.038104
0 0.852867 0.832521 0.026700 0.041648
0 0.663294 0.496234 0.028106 0.039876
0 0.636313 0.456801 0.024171 0.045193
0 0.548482 0.798405 0.026138 0.039876
0 0.929595 0.836509 0.025014 0.043420
0 0.687886 0.159061 0.028949 0.039876
0 0.738758 0.117191 0.023890 0.040319
0 0.200956 0.124058 0.024171 0.045193
0 0.801293 0.754984 0.028106 0.045193
0 0.661327 0.156845 0.024171 0.035445
0 0.175660 0.424900 0.027544 0.041648
0 0.738758 0.155295 0.023890 0.040319
0 0.148257 0.465662 0.028387 0.038104
0 0.483980 0.157067 0.025295 0.040319
0 0.559303 0.077315 0.023047 0.039433
0 0.456577 0.077537 0.024452 0.045193
0 0.750141 0.830306 0.025857 0.040762
0 0.972878 0.450377 0.025576 0.045636
0 0.816189 0.155516 0.024733 0.037218
0 0.072653 0.123394 0.024452 0.042091
0 0.561973 0.499335 0.025014 0.039876
0 0.878302 0.832078 0.024171 0.041648
0 0.714868 0.495348 0.025014 0.038990
0 0.764755 0.114533 0.025295 0.040319
0 0.419758 0.794639 0.024452 0.042091
0 0.647836 0.792645 0.025857 0.040762
0 0.920461 0.452813 0.024733 0.042534
0 0.790332 0.115419 0.025295 0.039433
0 0.561551 0.459238 0.026419 0.042977
0 0.841484 0.116969 0.025295 0.040762
0 0.751265 0.792424 0.026981 0.036774
0 0.844295 0.450820 0.025295 0.038547
0 0.713603 0.453700 0.025295 0.043420
0 0.867060 0.157510 0.025295 0.040319
0 0.841765 0.156624 0.023609 0.039433
0 0.098229 0.122508 0.025576 0.043864
0 0.868887 0.410058 0.023890 0.042977
0 0.723440 0.793753 0.024733 0.039433
0 0.393198 0.755649 0.025295 0.044750
0 0.945053 0.076872 0.026700 0.037661
0 0.827010 0.834736 0.025576 0.042534
0 0.765318 0.410944 0.024733 0.044750
0 0.458825 0.462561 0.024452 0.040762
0 0.124789 0.121843 0.026981 0.039876
0 0.635329 0.118963 0.023328 0.040319
0 0.266863 0.801285 0.024452 0.043864
0 0.584317 0.159947 0.023047 0.038990
0 0.904160 0.832300 0.025857 0.036774
0 0.790472 0.154187 0.024452 0.042534
0 0.624649 0.830970 0.026138 0.033230
0 0.637577 0.497785 0.023328 0.039433
0 0.148539 0.507311 0.024452 0.047851
0 0.088252 0.769384 0.025857 0.039433
0 0.714165 0.118520 0.025857 0.037661
0 0.584177 0.119849 0.025576 0.039433
0 0.776279 0.792424 0.024733 0.041205
0 0.977937 0.801949 0.025014 0.037218
0 0.738336 0.075986 0.025857 0.041205
0 0.865936 0.115197 0.026419 0.044307
0 0.853850 0.753877 0.024171 0.048294
0 0.583193 0.078423 0.023609 0.045193
0 0.573356 0.799513 0.023609 0.038547
0 0.944772 0.156402 0.026138 0.042534
0 0.818437 0.410722 0.024733 0.038990
0 0.815908 0.115419 0.026981 0.037661
0 0.673131 0.828977 0.024171 0.035445
0 0.801433 0.830970 0.022203 0.042091
0 0.200253 0.080638 0.025014 0.039876
0 0.329820 0.501108 0.026138 0.041648
0 0.497611 0.754098 0.026700 0.040762
0 0.394323 0.795304 0.024171 0.039876
0 0.792159 0.413824 0.026700 0.038990
0 0.892777 0.116969 0.024452 0.043420
0 0.508572 0.080195 0.025576 0.037218
0 0.407251 0.119406 0.026981 0.038547
0 0.250843 0.424457 0.025014 0.045193
0 0.955593 0.755428 0.024733 0.041648
0 0.149382 0.165042 0.023328 0.036774
0 0.610174 0.417590 0.025857 0.042091
0 0.241147 0.800620 0.025295 0.039876
0 0.354834 0.118299 0.025014 0.037218
0 0.586003 0.457909 0.024171 0.041205
0 0.698707 0.753434 0.025857 0.042977
0 0.623243 0.753655 0.024452 0.037218
0 0.687605 0.117856 0.023890 0.040762
0 0.249578 0.080638 0.023047 0.044307
0 0.801433 0.793310 0.026138 0.035002
0 0.419899 0.833407 0.024171 0.038990
0 0.946740 0.450377 0.025014 0.039433
0 0.381254 0.501994 0.026138 0.041648
0 0.712901 0.410501 0.025014 0.046522
0 0.509837 0.160611 0.027544 0.040319
0 0.173553 0.084404 0.026700 0.041205
0 0.954609 0.835179 0.023328 0.044307
0 0.929876 0.756535 0.023890 0.042977
0 0.124789 0.081967 0.022485 0.039876
0 0.649101 0.755206 0.026700 0.038547
0 0.433108 0.159282 0.022485 0.045636
0 0.829258 0.754098 0.023890 0.039876
0 0.434654 0.501108 0.025014 0.043420
0 0.064924 0.428445 0.025857 0.037218
0 0.508291 0.117191 0.023890 0.034116
0 0.302417 0.123394 0.023609 0.038547
0 0.226672 0.503545 0.022766 0.043864
0 0.088673 0.809039 0.025576 0.043420
0 0.251405 0.162384 0.023890 0.042977
0 0.905705 0.756314 0.026700 0.044307
0 0.534570 0.120071 0.026419 0.039876
0 0.225267 0.425343 0.021641 0.041648
0 0.329117 0.423571 0.025857 0.045193
0 0.828274 0.794196 0.023609 0.037661
0 0.328836 0.161719 0.024171 0.039876
0 0.484401 0.459016 0.023890 0.036331
0 0.382378 0.167700 0.024452 0.035888
0 0.419758 0.754541 0.027263 0.040762
0 0.571951 0.757643 0.024733 0.046965
0 0.497330 0.829641 0.023328 0.035002
0 0.200534 0.164599 0.025576 0.036774
0 0.561270 0.418033 0.026981 0.041205
0 0.369449 0.833629 0.028949 0.038547
0 0.175098 0.165485 0.025857 0.042977
0 0.698145 0.828755 0.025857 0.034116
0 0.536537 0.499557 0.026419 0.041205
0 0.612985 0.497785 0.025295 0.043864
0 0.332490 0.246123 0.016863 0.028799
0 0.355818 0.461675 0.025295 0.042534
0 0.250843 0.122729 0.021079 0.041648
0 0.791175 0.493797 0.024733 0.042977
0 0.559584 0.167922 0.021360 0.029242
0 0.200393 0.426230 0.023047 0.045193
0 0.597948 0.753877 0.025576 0.037661
0 0.461355 0.498006 0.025014 0.037218
0 0.559022 0.109216 0.020798 0.032344
0 0.301714 0.503766 0.025014 0.038104
0 0.407251 0.160168 0.025857 0.041205
0 0.431844 0.079530 0.022203 0.042091
0 0.689292 0.497120 0.024452 0.039876
0 0.469927 0.753877 0.025295 0.043864
0 0.368465 0.795082 0.026419 0.038547
0 0.328555 0.080195 0.025295 0.035445
0 0.919196 0.116748 0.026700 0.042091
0 0.368325 0.755649 0.024452 0.045636
0 0.302277 0.160168 0.019393 0.037661
0 0.764474 0.075986 0.024171 0.037661
0 0.723581 0.753434 0.023328 0.042091
0 0.190135 0.803722 0.025576 0.044307
0 0.894323 0.157288 0.026419 0.038104
0 0.878162 0.757421 0.026138 0.042977
0 0.279933 0.225299 0.026981 0.038547
0 0.276700 0.040541 0.025014 0.048294
0 0.496768 0.792867 0.025576 0.040319
0 0.444913 0.795747 0.024171 0.040762
0 0.282603 0.257200 0.023328 0.030572
0 0.458825 0.421356 0.026700 0.041648
0 0.118184 0.505760 0.026700 0.042091
0 0.918775 0.076429 0.024733 0.039433
0 0.972035 0.409836 0.023890 0.032787
0 0.445053 0.754320 0.024452 0.043864
0 0.611158 0.158839 0.026138 0.038547
0 0.118325 0.427559 0.028106 0.043420
0 0.943367 0.116083 0.023890 0.039876
0 0.381254 0.420027 0.023328 0.041648
0 0.979202 0.762074 0.024733 0.046079
0 0.698004 0.792645 0.025014 0.037218
0 0.356099 0.158618 0.024733 0.041648
0 0.921164 0.409171 0.023328 0.040319
0 0.100337 0.163934 0.025295 0.038990
0 0.765599 0.494240 0.025857 0.039433
0 0.079399 0.219539 0.016582 0.021710
0 0.283867 0.284670 0.023047 0.032344
0 0.089938 0.429331 0.024733 0.044307
0 0.124649 0.162605 0.023890 0.039876
0 0.332490 0.272043 0.017988 0.026584
0 0.844576 0.228844 0.016863 0.023482
0 0.687184 0.416482 0.025295 0.041648
0 0.343170 0.793974 0.023609 0.038990
0 0.522766 0.753655 0.026419 0.039876
0 0.484682 0.421577 0.025576 0.038547
0 0.533586 0.419362 0.026700 0.044750
0 0.301996 0.083075 0.023328 0.048294
0 0.432687 0.421356 0.022203 0.040762
0 0.673272 0.752991 0.022766 0.037661
0 0.356239 0.503988 0.024452 0.035002
0 0.316048 0.796854 0.024452 0.038547
0 0.276841 0.082632 0.025295 0.036774
0 0.622400 0.793753 0.024452 0.040319
0 0.714446 0.156181 0.024733 0.035002
0 0.978499 0.838724 0.025014 0.037218
0 0.586847 0.417368 0.023047 0.044307
0 0.380410 0.073106 0.021641 0.032787
0 0.769393 0.266947 0.016020 0.024369
0 0.485104 0.497342 0.022485 0.042091
0 0.534570 0.460346 0.026981 0.038104
0 0.445616 0.833186 0.026700 0.038547
0 0.406549 0.079309 0.025014 0.041648
0 0.521079 0.792867 0.022485 0.041205
0 0.947161 0.490696 0.025857 0.039433
0 0.844154 0.248339 0.016020 0.021710
0 0.895728 0.490696 0.025295 0.037661
0 0.869168 0.491360 0.023328 0.040762
0 0.252670 0.503988 0.025295 0.041205
0 0.509134 0.457909 0.023328 0.044750
0 0.973440 0.492468 0.025014 0.039433
0 0.047639 0.126938 0.023890 0.043864
0 0.072794 0.082853 0.024171 0.040762
0 0.074621 0.163934 0.025014 0.040762
0 0.173834 0.123837 0.023890 0.039433
0 0.137156 0.763181 0.027544 0.039433
0 0.921164 0.229065 0.017144 0.023039
0 0.954890 0.793974 0.020517 0.040762
0 0.276700 0.155295 0.024452 0.041205
0 0.431984 0.461675 0.023047 0.036331
0 0.547920 0.835401 0.024452 0.036774
0 0.789207 0.074878 0.024733 0.037218
0 0.574621 0.834736 0.023328 0.038104
0 0.164980 0.804165 0.026419 0.035445
0 0.380129 0.103234 0.021641 0.033673
0 0.047499 0.084183 0.025857 0.038104
0 0.089798 0.850244 0.024452 0.041648
0 0.599354 0.834736 0.025576 0.037218
0 0.971051 0.156624 0.024733 0.046522
0 0.588252 0.499114 0.025857 0.038547
0 0.774733 0.752548 0.021641 0.034116
0 0.612001 0.457687 0.023890 0.036331
0 0.548482 0.756535 0.025576 0.044750
0 0.663997 0.227293 0.016582 0.023926
0 0.534992 0.159061 0.025014 0.036331
0 0.380832 0.132920 0.021360 0.036331
0 0.202080 0.505317 0.025295 0.042091
0 0.648679 0.829420 0.021922 0.032787
0 0.241849 0.841161 0.025576 0.045636
0 0.064643 0.812805 0.025295 0.043864
0 0.970489 0.075321 0.025857 0.036331
0 0.843732 0.490031 0.024733 0.038990
0 0.918915 0.155738 0.023890 0.038547
0 0.148539 0.083739 0.023890 0.036331
0 0.738196 0.412051 0.022766 0.045193
0 0.558741 0.140452 0.020236 0.035445
0 0.895728 0.410722 0.025295 0.041648
0 0.264896 0.759858 0.022766 0.045193
0 0.226813 0.161498 0.024171 0.044750
0 0.354834 0.420248 0.024452 0.037661
0 0.116639 0.466770 0.021922 0.036774
0 0.393761 0.834293 0.022485 0.036331
0 0.866076 0.074878 0.025576 0.038104
0 0.724424 0.830749 0.023328 0.037218
0 0.854694 0.946389 0.015177 0.021267
0 0.892636 0.074878 0.022485 0.038104
0 0.874508 0.583961 0.016582 0.023039
0 0.817594 0.449490 0.024733 0.039433
0 0.275998 0.119406 0.020236 0.036774
0 0.149241 0.425565 0.026419 0.042977
0 0.154300 0.620514 0.016301 0.023482
0 0.179736 0.275809 0.014896 0.022596
0 0.462479 0.588170 0.017144 0.022596
0 0.112844 0.819672 0.022766 0.036331
0 0.508572 0.415596 0.021079 0.036331
0 0.904300 0.797962 0.026138 0.037218
0 0.775717 0.830084 0.021360 0.036774
0 0.412029 0.273150 0.016301 0.023482
0 0.105677 0.277359 0.019112 0.026584
0 0.435638 0.272264 0.017988 0.025255
0 0.843873 0.268498 0.017144 0.023926
0 0.343732 0.833629 0.023047 0.041205
0 0.922288 0.208906 0.014334 0.020824
0 0.639123 0.270049 0.016301 0.024369
0 0.870573 0.267833 0.017144 0.023482
0 0.973300 0.233274 0.016301 0.027913
0 0.200112 0.467435 0.023609 0.031015
0 0.565486 0.570447 0.015739 0.021710
0 0.407111 0.419140 0.024452 0.038104
0 0.925660 0.562472 0.016020 0.022596
0 0.853991 0.862650 0.019393 0.023926
0 0.662029 0.412494 0.026700 0.042534
0 0.946880 0.250111 0.017988 0.023482
0 0.437184 0.250332 0.018269 0.022153
0 0.113406 0.850022 0.024452 0.035888
0 0.745222 0.606336 0.016582 0.024369
0 0.973159 0.270049 0.017144 0.022596
0 0.521501 0.831635 0.019393 0.037218
0 0.462619 0.609659 0.015739 0.024812
0 0.664840 0.267390 0.016582 0.022596
0 0.822794 0.625609 0.017144 0.022153
0 0.700112 0.943509 0.017426 0.023482
0 0.384907 0.274479 0.016582 0.023482
0 0.359472 0.611431 0.015739 0.023926
0 0.619028 0.611431 0.017707 0.023039
0 0.794266 0.227293 0.015739 0.023039
0 0.334177 0.611431 0.016863 0.024812
0 0.899101 0.583739 0.015739 0.020824
0 0.696740 0.609880 0.014615 0.021710
0 0.843592 0.411387 0.026138 0.042091
0 0.113125 0.765397 0.023328 0.038547
0 0.844295 0.289544 0.017988 0.021710
0 0.695756 0.569340 0.016020 0.023926
0 0.359191 0.192069 0.017988 0.027027
0 0.778949 0.862206 0.017144 0.024812
0 0.667931 0.608330 0.017707 0.025698
0 0.437605 0.610988 0.017426 0.023039
0 0.131113 0.274701 0.017144 0.025698
0 0.472878 0.830306 0.022203 0.038104
0 0.848229 0.604564 0.015177 0.020824
0 0.879848 0.943952 0.018831 0.024369
0 0.947302 0.229730 0.016020 0.020824
0 0.922007 0.189189 0.016582 0.024812
0 0.317032 0.834736 0.025295 0.038990
0 0.701096 0.902304 0.015458 0.023482
0 0.591906 0.528799 0.015739 0.023482
0 0.666105 0.527692 0.017988 0.023926
0 0.974002 0.209349 0.016582 0.024369
0 0.650365 0.861099 0.018550 0.027027
0 0.589236 0.273593 0.016582 0.024369
0 0.614671 0.232388 0.016301 0.022596
0 0.053963 0.278689 0.016301 0.023039
0 0.539207 0.608994 0.017144 0.025255
0 0.618184 0.591050 0.016020 0.023039
0 0.154160 0.600354 0.014896 0.023926
0 0.796093 0.586619 0.017707 0.023039
0 0.283305 0.322109 0.022485 0.044307
0 0.847948 0.565131 0.016301 0.025255
0 0.460793 0.251661 0.016582 0.022153
0 0.403176 0.945946 0.016020 0.023039
0 0.745363 0.567789 0.016301 0.025255
0 0.874368 0.605450 0.016301 0.024369
0 0.181282 0.595702 0.016301 0.023482
0 0.796515 0.545857 0.017988 0.026584
0 0.188730 0.765840 0.026138 0.035888
0 0.769393 0.225964 0.016020 0.023926
0 0.778949 0.902525 0.017144 0.024812
0 0.895025 0.228179 0.017707 0.023039
0 0.460933 0.231502 0.017426 0.023482
0 0.794547 0.267390 0.016301 0.023482
0 0.742974 0.248560 0.017144 0.024812
0 0.769674 0.605671 0.017707 0.025698
0 0.932265 0.906956 0.016301 0.023926
0 0.231169 0.274036 0.016582 0.024369
0 0.854272 0.904962 0.016582 0.023482
0 0.131113 0.253212 0.016020 0.021710
0 0.592468 0.569118 0.014615 0.022596
0 0.163997 0.766061 0.025014 0.043420
0 0.137437 0.801949 0.025857 0.041648
0 0.139404 0.844041 0.026981 0.042534
0 0.268128 0.841604 0.026419 0.040319
0 0.485807 0.232610 0.016582 0.026584
0 0.564924 0.590607 0.016301 0.023039
0 0.333755 0.590164 0.016020 0.023039
0 0.854413 0.926230 0.015177 0.024369
0 0.489601 0.630704 0.018550 0.022596
0 0.489320 0.609659 0.016301 0.023926
0 0.153035 0.276473 0.017144 0.023926
0 0.308319 0.213115 0.015177 0.023039
0 0.668353 0.630704 0.017988 0.024369
0 0.894885 0.289322 0.017426 0.022153
0 0.307195 0.233053 0.017988 0.023039
0 0.728780 0.946167 0.017988 0.024369
0 0.642917 0.608330 0.017144 0.025698
0 0.255059 0.253655 0.016020 0.023482
0 0.302698 0.462782 0.021922 0.036774
0 0.742552 0.226850 0.019112 0.026584
0 0.203485 0.233939 0.015177 0.024812
0 0.869871 0.289544 0.016301 0.020824
0 0.512085 0.192291 0.017426 0.025698
0 0.310146 0.610323 0.016020 0.024369
0 0.452080 0.904519 0.017144 0.023482
0 0.614390 0.189411 0.016301 0.025255
0 0.152754 0.237262 0.016020 0.022596
0 0.742411 0.269827 0.016020 0.023039
0 0.719927 0.608108 0.015458 0.022596
0 0.203485 0.274922 0.016863 0.024369
0 0.436341 0.212007 0.016582 0.024369
0 0.153316 0.579309 0.016582 0.024369
0 0.178893 0.236597 0.016020 0.023926
0 0.807336 0.902525 0.015458 0.023039
0 0.436903 0.589056 0.016582 0.024369
0 0.822232 0.605671 0.017144 0.023926
0 0.718803 0.525698 0.019393 0.025255
0 0.665402 0.289322 0.017707 0.022153
0 0.957560 0.948161 0.015739 0.022153
0 0.932406 0.867302 0.018269 0.023482
0 0.691259 0.269384 0.017144 0.021267
0 0.854132 0.883917 0.017426 0.023926
0 0.411608 0.212007 0.018269 0.024369
0 0.982012 0.913824 0.015739 0.020824
0 0.214025 0.761409 0.024452 0.043864
0 0.537381 0.191848 0.017988 0.028356
0 0.848510 0.625166 0.016863 0.022153
0 0.152754 0.257421 0.016020 0.023039
0 0.105396 0.236819 0.017988 0.021710
0 0.564221 0.294196 0.017707 0.021267
0 0.384907 0.252769 0.016582 0.023482
0 0.667650 0.568232 0.015458 0.022596
0 0.181844 0.616969 0.016301 0.024369
0 0.078274 0.197829 0.018269 0.027027
0 0.154019 0.558263 0.015739 0.023926
0 0.603710 0.941294 0.017426 0.024369
0 0.907673 0.864200 0.017144 0.026141
0 0.293002 0.836066 0.022766 0.039876
0 0.946459 0.271156 0.017707 0.023039
0 0.359331 0.294417 0.018831 0.025255
0 0.880129 0.923571 0.016582 0.020824
0 0.718662 0.567568 0.016863 0.022153
0 0.727515 0.881258 0.016582 0.024812
0 0.845278 0.207576 0.016020 0.023482
0 0.152614 0.215330 0.016863 0.025698
0 0.310849 0.630483 0.015177 0.022153
0 0.179455 0.256314 0.015458 0.023482
0 0.752811 0.944617 0.015458 0.023926
0 0.795953 0.607222 0.018550 0.022596
0 0.460371 0.272264 0.016863 0.024369
0 0.411889 0.233053 0.015458 0.023039
0 0.829961 0.883917 0.016863 0.026584
0 0.642215 0.568011 0.015177 0.023039
0 0.805649 0.942623 0.017144 0.022596
0 0.303120 0.424236 0.025014 0.035888
0 0.588111 0.191626 0.015458 0.025255
0 0.092187 0.506868 0.024733 0.040762
0 0.207139 0.636464 0.016301 0.022596
0 0.921866 0.249446 0.015739 0.023039
0 0.435779 0.191183 0.016582 0.021710
0 0.063238 0.770049 0.026419 0.041648
0 0.103850 0.195392 0.018831 0.026584
0 0.383924 0.232388 0.016301 0.023482
0 0.307336 0.274922 0.017707 0.024369
0 0.617482 0.570226 0.017426 0.023039
0 0.727094 0.923793 0.015739 0.023926
0 0.204609 0.295968 0.018550 0.023926
0 0.778387 0.941958 0.017144 0.022153
0 0.289488 0.759637 0.025295 0.040319
0 0.881254 0.884360 0.016582 0.022153
0 0.563800 0.273150 0.015739 0.023482
0 0.796234 0.566903 0.015739 0.021710
0 0.334317 0.569783 0.016020 0.024812
0 0.844857 0.185423 0.017426 0.023482
0 0.411467 0.253212 0.015739 0.022596
0 0.592046 0.589278 0.015458 0.023039
0 0.640388 0.290651 0.016020 0.021267
0 0.778668 0.922242 0.017707 0.020824
0 0.847667 0.584847 0.015739 0.021267
0 0.794547 0.247231 0.016301 0.022153
0 0.563238 0.192291 0.016301 0.023926
0 0.452220 0.924457 0.014615 0.021710
0 0.588392 0.252991 0.016020 0.022153
0 0.125773 0.597918 0.016020 0.023482
0 0.460933 0.190075 0.016863 0.023926
0 0.592046 0.609880 0.016582 0.024369
0 0.946740 0.208906 0.018269 0.025255
0 0.203345 0.254763 0.014896 0.023039
0 0.745503 0.586398 0.014896 0.018166
0 0.931703 0.949490 0.016301 0.022153
0 0.753513 0.882366 0.015739 0.020824
0 0.588252 0.212229 0.015177 0.022153
0 0.539067 0.569340 0.015177 0.022153
0 0.359050 0.529907 0.016582 0.023039
0 0.696178 0.590164 0.015177 0.023926
0 0.616076 0.529685 0.017426 0.023482
0 0.231029 0.575543 0.015177 0.023039
0 0.644042 0.629818 0.017707 0.022596
0 0.906830 0.946167 0.017144 0.022596
0 0.463182 0.631369 0.016863 0.021267
0 0.411046 0.631369 0.017707 0.023039
0 0.306773 0.254541 0.018269 0.025255
0 0.806492 0.883031 0.014896 0.018609
0 0.880691 0.904298 0.016020 0.023039
0 0.818859 0.249668 0.018831 0.023482
0 0.664559 0.247452 0.016020 0.020824
0 0.359893 0.590385 0.016020 0.024369
0 0.982293 0.934426 0.015739 0.023926
0 0.539207 0.588392 0.015458 0.019495
0 0.565346 0.613203 0.018831 0.025698
0 0.112844 0.792867 0.018831 0.026141
0 0.206436 0.614976 0.016582 0.023926
0 0.881254 0.863314 0.017707 0.025255
0 0.105677 0.255871 0.019112 0.022596
0 0.333052 0.293088 0.016863 0.021710
0 0.079117 0.280682 0.018269 0.022596
0 0.667229 0.587949 0.016301 0.021267
0 0.324902 0.908950 0.016301 0.020824
0 0.667510 0.548294 0.016301 0.021710
0 0.745784 0.626717 0.016582 0.020824
0 0.539067 0.274479 0.017426 0.025255
0 0.515177 0.571998 0.015177 0.023039
0 0.625913 0.901639 0.016301 0.023039
0 0.951237 0.605671 0.017707 0.024812
0 0.384064 0.590607 0.015458 0.023926
0 0.753513 0.903190 0.015177 0.023482
0 0.752951 0.923793 0.015177 0.022153
0 0.958123 0.864422 0.016863 0.021267
0 0.794829 0.205140 0.016863 0.024812
0 0.065486 0.854010 0.025857 0.039433
0 0.906830 0.925786 0.018269 0.023482
0 0.383502 0.629154 0.016020 0.021267
0 0.358909 0.271821 0.018550 0.024369
0 0.639685 0.189411 0.016863 0.026141
0 0.870995 0.186974 0.016301 0.023926
0 0.898960 0.604564 0.017144 0.024369
0 0.359050 0.550510 0.016020 0.023482
0 0.874368 0.625166 0.015177 0.020381
0 0.870995 0.248339 0.015177 0.024369
0 0.333193 0.218653 0.017707 0.033230
0 0.307757 0.531679 0.015739 0.024812
0 0.053541 0.258751 0.017144 0.023039
0 0.411046 0.610988 0.016020 0.023926
0 0.821810 0.585955 0.017426 0.025255
0 0.795250 0.288214 0.018269 0.020824
0 0.616920 0.549402 0.015739 0.022153
0 0.700956 0.858440 0.015739 0.021710
0 0.769252 0.246345 0.015177 0.021267
0 0.727375 0.902747 0.015177 0.021710
0 0.577993 0.941515 0.017144 0.023926
0 0.154300 0.295525 0.015177 0.022153
0 0.981731 0.872175 0.017426 0.024369
0 0.053120 0.237262 0.016863 0.022596
0 0.489179 0.589278 0.016582 0.023926
0 0.650787 0.901196 0.015458 0.022153
0 0.241849 0.761187 0.021079 0.039876
0 0.752951 0.862206 0.017426 0.023926
0 0.435919 0.230837 0.016301 0.019495
0 0.130551 0.233274 0.018269 0.023482
0 0.155003 0.639566 0.016582 0.021710
0 0.592046 0.549402 0.014334 0.020381
0 0.716835 0.186752 0.017707 0.025255
0 0.402473 0.905848 0.015739 0.021710
0 0.229623 0.253877 0.017426 0.021267
0 0.638983 0.248560 0.016020 0.021267
0 0.719365 0.587727 0.016582 0.022596
0 0.649944 0.942401 0.016020 0.023926
0 0.770377 0.627160 0.017426 0.021710
0 0.411046 0.190518 0.017144 0.022153
0 0.717397 0.227293 0.014896 0.023039
0 0.359050 0.570669 0.015458 0.023926
0 0.078836 0.260301 0.016020 0.021710
0 0.308460 0.570891 0.015458 0.027913
0 0.462760 0.568675 0.015458 0.020824
0 0.384345 0.212672 0.015458 0.022153
0 0.124227 0.576872 0.016863 0.022153
0 0.794688 0.183872 0.016020 0.021267
0 0.589938 0.293531 0.016863 0.020824
0 0.385048 0.293088 0.016863 0.019938
0 0.614390 0.272707 0.015739 0.022596
0 0.489882 0.568897 0.016863 0.020381
0 0.744519 0.525033 0.016301 0.022153
0 0.614531 0.253212 0.016020 0.023482
0 0.818297 0.268720 0.017707 0.019938
0 0.488898 0.549180 0.015458 0.022596
0 0.332912 0.190518 0.016582 0.021267
0 0.411467 0.525919 0.017426 0.021267
0 0.674958 0.943952 0.016020 0.022596
0 0.720489 0.627381 0.017707 0.022153
0 0.701096 0.881258 0.015458 0.021267
0 0.078555 0.240585 0.015458 0.025698
0 0.805509 0.863536 0.017426 0.023926
0 0.179033 0.295525 0.016301 0.023039
0 0.718241 0.267833 0.017144 0.025255
0 0.974143 0.187638 0.016301 0.021710
0 0.349073 0.888347 0.015177 0.022153
0 0.769252 0.205140 0.015177 0.021267
0 0.551855 0.921577 0.016020 0.021267
0 0.126054 0.619185 0.016582 0.022596
0 0.663575 0.188082 0.017426 0.022596
0 0.565486 0.550288 0.016301 0.023039
0 0.588673 0.233053 0.015458 0.023926
0 0.132097 0.297076 0.016301 0.023482
0 0.315767 0.756978 0.026138 0.042091
0 0.515037 0.610102 0.015458 0.023039
0 0.130410 0.192734 0.016863 0.024812
0 0.822513 0.565131 0.017144 0.025255
0 0.278106 0.189632 0.021079 0.036331
0 0.551574 0.941958 0.017144 0.023039
0 0.411889 0.548516 0.016020 0.026584
0 0.700956 0.923350 0.015177 0.023039
0 0.178752 0.194949 0.016301 0.024812
0 0.639404 0.226850 0.019674 0.028356
0 0.476813 0.904076 0.018269 0.023482
0 0.690275 0.249225 0.017988 0.023482
0 0.255481 0.274701 0.016301 0.022153
0 0.695194 0.546965 0.014896 0.021710
0 0.203626 0.213336 0.013772 0.019938
0 0.435919 0.293531 0.016863 0.021710
0 0.717116 0.208241 0.015458 0.019495
0 0.718943 0.546965 0.016301 0.023482
0 0.613969 0.292867 0.017707 0.023039
0 0.664137 0.208241 0.015177 0.019495
0 0.383924 0.610102 0.015739 0.023039
0 0.807055 0.922907 0.014334 0.020381
0 0.203204 0.193620 0.016301 0.023039
0 0.254918 0.233717 0.016301 0.022596
0 0.359472 0.212450 0.015739 0.019052
0 0.322232 0.866859 0.018831 0.022596
0 0.674677 0.923571 0.015458 0.022596
0 0.769815 0.524590 0.016863 0.024812
0 0.952080 0.582410 0.017707 0.024369
0 0.403316 0.966105 0.016301 0.022596
0 0.351180 0.947497 0.016582 0.024369
0 0.957841 0.885246 0.016301 0.023039
0 0.563659 0.212672 0.015458 0.022153
0 0.351321 0.928002 0.016863 0.022596
0 0.819702 0.206912 0.017144 0.024812
0 0.488055 0.529021 0.017144 0.023926
0 0.514615 0.590607 0.014053 0.020381
0 0.565065 0.528799 0.017707 0.024369
0 0.152473 0.194506 0.016020 0.021267
0 0.333193 0.531458 0.015458 0.023482
0 0.359753 0.251661 0.015177 0.020381
0 0.436622 0.569118 0.014334 0.021710
0 0.650225 0.921356 0.014896 0.022596
0 0.624508 0.858662 0.016863 0.022153
0 0.779089 0.882366 0.014615 0.018166
0 0.436622 0.549623 0.015458 0.023482
0 0.650365 0.881480 0.016301 0.019938
0 0.383783 0.570669 0.014334 0.022153
0 0.054806 0.301285 0.018550 0.023926
0 0.805930 0.961896 0.017144 0.022153
0 0.324058 0.888126 0.015739 0.024369
0 0.512507 0.271378 0.017707 0.023482
0 0.818859 0.185423 0.017707 0.023482
0 0.641512 0.548294 0.014334 0.019938
0 0.098510 0.921799 0.016582 0.024369
0 0.907111 0.966770 0.017144 0.022153
0 0.674115 0.903190 0.017144 0.023482
0 0.402473 0.925565 0.014615 0.023039
0 0.487915 0.188968 0.015739 0.021710
0 0.795531 0.524369 0.018269 0.021710
0 0.947864 0.188303 0.016582 0.021267
0 0.309444 0.591272 0.015177 0.018166
0 0.700956 0.963226 0.016301 0.020381
0 0.931984 0.928666 0.015739 0.023039
0 0.973721 0.289101 0.015458 0.018166
0 0.896290 0.187417 0.017426 0.023039
0 0.982153 0.894107 0.016582 0.023926
0 0.973300 0.251661 0.014615 0.016837
0 0.183249 0.638015 0.017988 0.022153
0 0.512507 0.213779 0.016020 0.022596
0 0.052417 0.217324 0.016020 0.021710
0 0.614671 0.210899 0.016301 0.024812
0 0.486088 0.273150 0.016582 0.023482
0 0.854272 0.965884 0.017144 0.023039
0 0.691259 0.228844 0.016020 0.020824
0 0.384767 0.193398 0.018550 0.026141
0 0.051433 0.197164 0.017426 0.023039
0 0.956155 0.927780 0.014053 0.021267
0 0.349775 0.908285 0.014334 0.021267
0 0.880129 0.966549 0.018269 0.022596
0 0.411327 0.591272 0.016582 0.022596
0 0.229202 0.233496 0.015458 0.021267
0 0.675520 0.858883 0.016020 0.021710
0 0.932265 0.887018 0.017426 0.020381
0 0.436200 0.530128 0.016863 0.022596
0 0.908235 0.905627 0.016582 0.022153
0 0.179033 0.216216 0.015177 0.025698
0 0.475970 0.924236 0.018831 0.022153
0 0.830382 0.861542 0.015458 0.020824
0 0.180157 0.535445 0.017426 0.024369
0 0.675098 0.881258 0.016301 0.024812
0 0.410905 0.571112 0.015739 0.023039
0 0.717819 0.247009 0.015177 0.020824
0 0.640809 0.527470 0.015177 0.021710
0 0.307898 0.191183 0.015458 0.027027
0 0.462760 0.529685 0.017707 0.025255
0 0.463603 0.550066 0.015458 0.020824
0 0.643339 0.587727 0.013491 0.019938
0 0.694491 0.526584 0.016301 0.022596
0 0.624789 0.943509 0.015177 0.023482
0 0.486369 0.253434 0.015458 0.023039
0 0.105115 0.217988 0.017988 0.022153
0 0.593170 0.631591 0.017144 0.022596
0 0.412170 0.292645 0.014896 0.021710
0 0.428752 0.965662 0.014896 0.021710
0 0.726953 0.859548 0.017144 0.022153
0 0.697302 0.626938 0.015739 0.018609
0 0.604553 0.962339 0.016301 0.021267
0 0.274171 0.931103 0.016582 0.022596
0 0.383924 0.531015 0.016863 0.024369
0 0.461214 0.211121 0.016301 0.020824
0 0.778246 0.963447 0.019112 0.022596
0 0.359472 0.632034 0.016301 0.020824
0 0.819421 0.227957 0.015458 0.024369
0 0.894604 0.257643 0.019674 0.041205
0 0.896009 0.208241 0.016301 0.019495
0 0.769252 0.184537 0.015739 0.020824
0 0.563519 0.251440 0.015739 0.022596
0 0.099775 0.558485 0.015739 0.025255
0 0.514193 0.527249 0.015458 0.024812
0 0.770798 0.565795 0.014896 0.023926
0 0.956155 0.907178 0.014053 0.022596
0 0.230888 0.294417 0.016582 0.022596
0 0.099354 0.579752 0.016582 0.021710
0 0.925520 0.583296 0.015177 0.022596
0 0.871417 0.207576 0.017144 0.023482
0 0.383924 0.551174 0.014615 0.023039
0 0.075183 0.943731 0.016582 0.022153
0 0.333895 0.631591 0.017426 0.022596
0 0.982012 0.956580 0.015177 0.023926
0 0.829820 0.947054 0.014896 0.022596
0 0.741428 0.184315 0.016863 0.020381
0 0.076588 0.601684 0.021079 0.024812
0 0.206577 0.575764 0.017988 0.026141
0 0.215571 0.841825 0.026419 0.038104
0 0.254356 0.214001 0.019112 0.023926
0 0.100056 0.598361 0.016301 0.022596
0 0.625492 0.922685 0.015458 0.024369
0 0.347527 0.867080 0.017707 0.024812
0 0.921866 0.270492 0.016301 0.021710
0 0.325183 0.929109 0.016863 0.023039
0 0.829820 0.907842 0.014896 0.024812
0 0.540051 0.632034 0.016020 0.023482
0 0.577431 0.964112 0.020517 0.025698
0 0.741990 0.204696 0.015739 0.024812
0 0.308460 0.294639 0.016582 0.020381
0 0.152333 0.538547 0.017426 0.022596
0 0.123384 0.538104 0.018550 0.025255
0 0.563519 0.232388 0.015177 0.020824
0 0.180720 0.575543 0.016301 0.021267
0 0.229202 0.214665 0.016020 0.022596
0 0.428752 0.944838 0.016020 0.023482
0 0.690556 0.187860 0.018550 0.022153
0 0.539207 0.548073 0.014896 0.023039
0 0.124227 0.558928 0.017988 0.021710
0 0.947583 0.290208 0.016582 0.019495
0 0.908516 0.885689 0.016582 0.023039
0 0.820405 0.523482 0.020236 0.025255
0 0.461074 0.293310 0.016020 0.021267
0 0.538505 0.213779 0.017426 0.019938
0 0.450393 0.884360 0.016582 0.020381
0 0.256745 0.574657 0.017144 0.022153
0 0.539629 0.528356 0.015739 0.019938
0 0.229342 0.195171 0.016863 0.026141
0 0.871417 0.227293 0.016582 0.023039
0 0.074480 0.922907 0.015739 0.023039
0 0.742271 0.289322 0.014615 0.019495
0 0.691119 0.208241 0.017426 0.024812
0 0.164418 0.844262 0.026419 0.041205
0 0.744660 0.546079 0.015458 0.020824
0 0.333895 0.550288 0.014053 0.017723
0 0.515177 0.242136 0.023047 0.040319
0 0.951096 0.523039 0.017426 0.024369
0 0.359893 0.232388 0.014896 0.025255
0 0.272063 0.873062 0.016301 0.027027
0 0.181141 0.556491 0.017707 0.022153
0 0.099494 0.942844 0.016863 0.023039
0 0.299185 0.890341 0.016582 0.024369
0 0.650927 0.963226 0.016301 0.020381
0 0.516442 0.630483 0.017707 0.023039
0 0.075885 0.963890 0.016301 0.023482
0 0.769955 0.287328 0.014896 0.020824
0 0.770236 0.544971 0.015458 0.023039
0 0.253232 0.192069 0.020236 0.023482
0 0.275014 0.952592 0.016582 0.021267
0 0.378021 0.966105 0.019674 0.017280
0 0.872541 0.521489 0.018269 0.022153
0 0.308741 0.551174 0.016020 0.018609
0 0.298482 0.910722 0.017426 0.020824
0 0.450253 0.862650 0.017426 0.025698
0 0.478499 0.945281 0.016020 0.022596
0 0.847527 0.522596 0.018269 0.027027
0 0.199129 0.957244 0.017144 0.023482
0 0.625492 0.880151 0.014896 0.020824
0 0.718241 0.288436 0.016020 0.020381
0 0.100056 0.962118 0.015739 0.020824
0 0.624649 0.963004 0.015458 0.020824
0 0.106521 0.298405 0.019112 0.020824
0 0.898960 0.626052 0.019393 0.023926
0 0.100337 0.618077 0.017426 0.023039
0 0.770798 0.586176 0.014896 0.022153
0 0.675239 0.963669 0.016582 0.020381
0 0.578134 0.920691 0.014615 0.021267
0 0.130691 0.214887 0.017988 0.022153
0 0.897274 0.519938 0.019393 0.023482
0 0.539348 0.296411 0.017426 0.022153
0 0.976813 0.564245 0.016582 0.024369
0 0.072794 0.559592 0.014053 0.019495
0 0.205874 0.594595 0.016020 0.021267
0 0.249859 0.953035 0.017426 0.023039
0 0.276841 0.502880 0.019674 0.041648
0 0.925239 0.542313 0.016301 0.020381
0 0.487352 0.209570 0.015177 0.023926
0 0.070826 0.538547 0.017426 0.024369
0 0.752530 0.963890 0.015458 0.020824
0 0.097246 0.900975 0.014053 0.020824
0 0.527544 0.904298 0.016863 0.024812
0 0.279792 0.552282 0.015458 0.025255
0 0.550450 0.902525 0.017707 0.024812
0 0.604834 0.902082 0.016863 0.023039
0 0.977656 0.540762 0.014896 0.024369
0 0.514755 0.548959 0.013210 0.024812
0 0.874087 0.543864 0.017988 0.027027
0 0.452080 0.944395 0.014334 0.022596
0 0.950956 0.561365 0.015458 0.023039
0 0.874649 0.563802 0.016301 0.019052
0 0.258010 0.593930 0.019112 0.022596
0 0.848510 0.543420 0.016301 0.020824
0 0.372962 0.865751 0.019112 0.026584
0 0.932265 0.968321 0.015739 0.019052
0 0.123524 0.960346 0.016582 0.022596
0 0.230045 0.533673 0.016582 0.022596
0 0.925098 0.603899 0.018269 0.023039
0 0.538645 0.235933 0.017144 0.028799
0 0.250703 0.973416 0.016863 0.020381
0 0.578415 0.899646 0.015739 0.022596
0 0.230607 0.595038 0.014896 0.022153
0 0.258010 0.613425 0.016863 0.020824
0 0.553541 0.961010 0.016582 0.021267
0 0.249438 0.933983 0.016020 0.021267
0 0.199269 0.935755 0.014053 0.020381
0 0.605115 0.878600 0.015739 0.024812
0 0.427347 0.906292 0.014334 0.024369
0 0.638842 0.211121 0.018550 0.023482
0 0.095981 0.880372 0.016582 0.024812
0 0.192102 0.846478 0.023328 0.039433
0 0.325745 0.946611 0.016863 0.022596
0 0.298623 0.930217 0.015458 0.021710
0 0.296796 0.868409 0.015739 0.022153
0 0.924536 0.523482 0.017707 0.025255
0 0.247752 0.913602 0.016020 0.024812
0 0.230045 0.554276 0.014896 0.023926
0 0.098229 0.538104 0.014334 0.020824
0 0.246908 0.893221 0.015458 0.020381
0 0.223300 0.932875 0.016582 0.024369
0 0.198426 0.916704 0.013491 0.022153
0 0.067594 0.507975 0.025014 0.041205
0 0.898257 0.563802 0.017426 0.023482
0 0.830944 0.965441 0.013772 0.018609
0 0.727234 0.966105 0.016020 0.019938
0 0.257307 0.551839 0.017707 0.027027
0 0.603850 0.920470 0.017144 0.021710
0 0.957841 0.968542 0.014615 0.023039
0 0.821810 0.544750 0.015739 0.020824
0 0.123524 0.938857 0.017707 0.023926
0 0.273609 0.891892 0.013772 0.017723
0 0.273749 0.910501 0.017426 0.022153
0 0.526560 0.884803 0.018831 0.019495
0 0.486509 0.295968 0.016301 0.023926
0 0.120995 0.879486 0.018269 0.027470
0 0.230748 0.614976 0.016301 0.023039
0 0.425239 0.862650 0.014053 0.023039
0 0.125070 0.981613 0.016301 0.020824
0 0.950675 0.626052 0.016020 0.021267
0 0.203907 0.536110 0.019393 0.024812
0 0.281338 0.612539 0.012366 0.021710
0 0.951096 0.548516 0.017426 0.031901
0 0.245503 0.871954 0.019393 0.026584
0 0.476672 0.861099 0.016863 0.023482
0 0.502670 0.905848 0.020517 0.020824
0 0.257448 0.531236 0.016301 0.020381
0 0.539770 0.255871 0.017144 0.019052
0 0.206155 0.554719 0.018269 0.021267
0 0.281478 0.593265 0.012648 0.021267
0 0.224705 0.956358 0.015458 0.020824
0 0.259275 0.633363 0.018831 0.026141
0 0.578415 0.877935 0.015177 0.021710
0 0.282040 0.629818 0.014334 0.021710
0 0.278808 0.531901 0.016301 0.020824
0 0.501967 0.926008 0.017426 0.023039
0 0.075183 0.579087 0.018269 0.024812
0 0.926644 0.622951 0.018550 0.021267
0 0.150506 0.957909 0.017707 0.023926
0 0.073496 0.903190 0.015458 0.020824
0 0.402754 0.886354 0.016863 0.022596
0 0.351743 0.969872 0.016020 0.024812
0 0.477656 0.883474 0.014896 0.019495
0 0.425660 0.883917 0.016020 0.024812
0 0.550731 0.880815 0.017707 0.023039
0 0.977375 0.584847 0.017144 0.022153
0 0.977656 0.603677 0.015458 0.023482
0 0.373103 0.906292 0.019393 0.023482
0 0.428752 0.926894 0.015458 0.021267
0 0.452220 0.965219 0.015177 0.019938
0 0.897133 0.542313 0.018550 0.023926
0 0.829399 0.927559 0.014615 0.019052
0 0.074761 0.621622 0.016301 0.021267
0 0.603850 0.859327 0.017144 0.019052
0 0.977094 0.521267 0.016582 0.019052
0 0.981872 0.972973 0.015458 0.020381
0 0.526981 0.866194 0.019112 0.026584
0 0.501265 0.881701 0.017144 0.023926
0 0.071529 0.883695 0.016582 0.024369
0 0.173553 0.957687 0.015458 0.023482
0 0.805790 0.911830 0.016301 0.016837
0 0.151911 0.979176 0.016020 0.019495
0 0.503232 0.861099 0.018831 0.020824
0 0.221192 0.874391 0.013491 0.027027
0 0.221473 0.914267 0.015739 0.019052
0 0.574902 0.862206 0.021079 0.022153
0 0.197864 0.894772 0.014615 0.018166
0 0.280916 0.576872 0.013210 0.025698
0 0.951518 0.533008 0.016582 0.017723
0 0.501124 0.943952 0.016863 0.022596
0 0.076869 0.984271 0.016582 0.019938
0 0.551012 0.860213 0.019393 0.023482
0 0.980326 0.622951 0.016301 0.020381
0 0.173974 0.978068 0.015739 0.019938
0 0.146571 0.879486 0.012648 0.023039
0 0.124508 0.903633 0.017988 0.014621
0 0.122962 0.921577 0.012085 0.021267
0 0.147274 0.897873 0.012929 0.011963
0 0.149663 0.919362 0.014896 0.016837
0 0.149663 0.939521 0.013210 0.019052
0 0.171445 0.877271 0.016863 0.015064
0 0.171726 0.898316 0.016301 0.014621
0 0.173131 0.915817 0.014615 0.020381
0 0.172147 0.937971 0.015458 0.020381
0 0.197723 0.876828 0.016020 0.022153
0 0.222878 0.897873 0.015177 0.015507
0 0.299325 0.948604 0.014053 0.017723
0 0.301293 0.968542 0.014053 0.020381
0 0.374508 0.924900 0.014896 0.014621
0 0.376194 0.944174 0.016582 0.022153
0 0.401209 0.864643 0.013210 0.019052
0 0.529651 0.926894 0.016020 0.015064
0 0.528668 0.944838 0.016863 0.019052
