0 0.861162 0.281392 0.123056 0.122037
0 0.859332 0.402168 0.121226 0.065053
0 0.858875 0.556732 0.104758 0.090772
0 0.856130 0.691125 0.123971 0.105396
0 0.862763 0.819465 0.112534 0.081694
0 0.734904 0.290973 0.120311 0.122037
0 0.730101 0.417549 0.108875 0.084720
0 0.733532 0.544629 0.117566 0.103883
0 0.739250 0.679274 0.111619 0.101866
0 0.744053 0.811649 0.119396 0.085224
0 0.610933 0.268280 0.099268 0.101866
0 0.589204 0.415280 0.089661 0.093293
0 0.599039 0.560262 0.105672 0.105900
0 0.599497 0.672718 0.108417 0.072617
0 0.596295 0.802068 0.109332 0.106404
0 0.402790 0.250126 0.115737 0.077660
0 0.402333 0.395108 0.118481 0.090267
0 0.281793 0.245083 0.106130 0.076652
0 0.284081 0.384518 0.110704 0.086233
0 0.282251 0.528492 0.093321 0.077660
0 0.276532 0.665406 0.106587 0.066062
0 0.271729 0.800807 0.105215 0.078669
0 0.140210 0.268280 0.097438 0.107917
0 0.152562 0.400656 0.101098 0.089259
0 0.146844 0.541604 0.112534 0.076652
0 0.158280 0.669692 0.093321 0.103883
0 0.135865 0.810388 0.096066 0.080686
