0 0.890854 0.070302 0.190682 0.122721
0 0.890567 0.229313 0.218867 0.149018
0 0.896031 0.364569 0.207938 0.103962
0 0.876474 0.517970 0.226345 0.119390
0 0.888841 0.656644 0.222318 0.135870
0 0.897757 0.801192 0.204487 0.124825
0 0.888122 0.934870 0.217429 0.107468
0 0.644665 0.073107 0.222893 0.112903
0 0.637331 0.224842 0.241012 0.135870
0 0.616767 0.381048 0.206787 0.143583
0 0.644521 0.515778 0.201323 0.132539
0 0.641070 0.662079 0.226632 0.142532
0 0.637475 0.796283 0.251654 0.139201
0 0.624820 0.931276 0.226345 0.137447
0 0.401927 0.075298 0.222893 0.139025
0 0.397325 0.212745 0.224619 0.127104
0 0.402790 0.363604 0.210239 0.152174
0 0.400920 0.512535 0.213978 0.152349
0 0.386540 0.651648 0.199597 0.143408
0 0.392005 0.792952 0.213978 0.130435
0 0.393730 0.940919 0.203049 0.110799
0 0.114754 0.087921 0.228933 0.125000
0 0.129566 0.238517 0.199310 0.136921
0 0.126977 0.370091 0.208513 0.141304
0 0.128559 0.520161 0.172563 0.134642
0 0.111590 0.670319 0.192120 0.136921
0 0.122376 0.794092 0.199310 0.099755
0 0.137619 0.937325 0.237274 0.125351
