0 0.302865 0.528169 0.023438 0.029807
0 0.661458 0.258271 0.041146 0.053390
0 0.255078 0.350147 0.042448 0.047822
0 0.256250 0.305274 0.050000 0.051097
0 0.137630 0.256305 0.047135 0.046184
0 0.836979 0.307566 0.042708 0.054373
0 0.488932 0.212086 0.044010 0.053390
0 0.252734 0.254995 0.040365 0.057321
0 0.137500 0.204880 0.045312 0.056010
0 0.255208 0.205208 0.038021 0.048804
0 0.138021 0.349492 0.047917 0.055683
0 0.636719 0.584998 0.023438 0.029479
0 0.138021 0.301670 0.045833 0.047167
0 0.469010 0.580413 0.023958 0.031444
0 0.899609 0.163282 0.047135 0.053390
0 0.488411 0.260727 0.044531 0.051097
0 0.717839 0.583033 0.026302 0.030789
0 0.783203 0.217491 0.046615 0.058303
0 0.440625 0.795775 0.024479 0.031772
0 0.255339 0.395840 0.044531 0.049460
0 0.782292 0.264985 0.042708 0.042581
0 0.837240 0.356043 0.043750 0.043236
0 0.314714 0.351621 0.047135 0.050770
0 0.081250 0.310842 0.047917 0.049787
0 0.690104 0.793154 0.023438 0.027841
0 0.545833 0.250573 0.041667 0.049787
0 0.827995 0.527514 0.022656 0.028497
0 0.314063 0.254176 0.042188 0.049787
0 0.081120 0.257288 0.047135 0.055355
0 0.484245 0.402064 0.037240 0.054045
0 0.313151 0.396331 0.042969 0.046512
0 0.523307 0.794956 0.021615 0.028169
0 0.111068 0.551589 0.024219 0.024238
0 0.373047 0.398788 0.045573 0.052735
0 0.911328 0.580740 0.028385 0.035375
0 0.553255 0.555355 0.023177 0.025876
0 0.328906 0.813790 0.021354 0.023256
0 0.485417 0.355388 0.044271 0.047167
0 0.801562 0.819849 0.022917 0.026204
0 0.329557 0.789715 0.023698 0.028169
0 0.884635 0.536358 0.026042 0.035703
0 0.660677 0.307894 0.041146 0.045857
0 0.224349 0.550115 0.023177 0.026531
0 0.386068 0.556338 0.022656 0.028497
0 0.664974 0.558795 0.022135 0.029479
0 0.605208 0.218310 0.044271 0.061906
0 0.275521 0.528660 0.025521 0.030789
0 0.838802 0.263839 0.040625 0.039633
0 0.427865 0.353095 0.043229 0.051097
0 0.360286 0.530298 0.023698 0.032100
0 0.223438 0.576646 0.022396 0.029807
0 0.662891 0.209302 0.041927 0.046512
0 0.781771 0.352604 0.045833 0.045529
0 0.168359 0.832132 0.024219 0.031772
0 0.664062 0.792008 0.023958 0.028169
0 0.645312 0.901245 0.020313 0.024566
0 0.357552 0.841631 0.024479 0.028497
0 0.802995 0.534065 0.023698 0.030462
0 0.371875 0.345889 0.039062 0.055683
0 0.332161 0.553554 0.022656 0.025549
0 0.801302 0.793154 0.024479 0.032427
0 0.418490 0.869964 0.022396 0.026204
0 0.553516 0.581559 0.023698 0.027841
0 0.387109 0.528988 0.023698 0.032100
0 0.485807 0.307730 0.043490 0.048804
0 0.222135 0.788896 0.023438 0.031117
0 0.469792 0.553390 0.022396 0.027841
0 0.427083 0.401900 0.043229 0.054373
0 0.302734 0.553554 0.025260 0.027514
0 0.524089 0.820504 0.022656 0.026204
0 0.690755 0.557321 0.022656 0.026531
0 0.837370 0.398624 0.047656 0.051752
0 0.903776 0.117098 0.045052 0.046839
0 0.386719 0.789879 0.024479 0.032427
0 0.828385 0.557648 0.020833 0.028497
0 0.111198 0.783492 0.023438 0.028169
0 0.358333 0.789879 0.023958 0.029807
0 0.746094 0.559941 0.020833 0.024566
0 0.441536 0.556666 0.023177 0.029152
0 0.332292 0.527514 0.023438 0.031772
0 0.084245 0.786276 0.024740 0.029807
0 0.372396 0.251720 0.035937 0.046184
0 0.364063 0.602686 0.021354 0.023583
0 0.604948 0.310842 0.042188 0.050442
0 0.553646 0.530626 0.024479 0.027514
0 0.274349 0.788405 0.023177 0.032100
0 0.826823 0.848673 0.021354 0.027514
0 0.300260 0.815919 0.022396 0.026204
0 0.609896 0.795283 0.023438 0.028169
0 0.414193 0.796594 0.024740 0.034065
0 0.195312 0.575500 0.022917 0.028169
0 0.196615 0.789060 0.024479 0.029479
0 0.547135 0.205208 0.046354 0.046839
0 0.721615 0.208320 0.042188 0.044546
0 0.637500 0.560432 0.023438 0.024894
0 0.469531 0.527023 0.023958 0.026859
0 0.840625 0.216508 0.047396 0.053063
0 0.581771 0.796266 0.021875 0.028824
0 0.781771 0.399771 0.045833 0.049460
0 0.247656 0.813790 0.020833 0.021291
0 0.497917 0.793318 0.022917 0.026859
0 0.717708 0.793973 0.021354 0.030789
0 0.425781 0.309040 0.038021 0.050115
0 0.882682 0.820013 0.020573 0.029152
0 0.496484 0.531444 0.024219 0.031117
0 0.196224 0.526859 0.021094 0.027841
0 0.772786 0.793318 0.022656 0.028169
0 0.441667 0.528005 0.025521 0.032100
0 0.413542 0.526695 0.023958 0.030789
0 0.525000 0.530462 0.023958 0.032427
0 0.418229 0.674091 0.021875 0.024894
0 0.582943 0.531444 0.022656 0.028497
0 0.314844 0.206354 0.038542 0.050442
0 0.197266 0.205044 0.043490 0.051752
0 0.806120 0.679823 0.021094 0.023911
0 0.373958 0.206846 0.041667 0.046184
0 0.638411 0.794137 0.026302 0.029152
0 0.358594 0.575500 0.024479 0.032755
0 0.279948 0.672617 0.020833 0.025876
0 0.827474 0.795775 0.021615 0.028497
0 0.139974 0.785621 0.023698 0.030462
0 0.313542 0.301507 0.039062 0.046839
0 0.471094 0.795283 0.019271 0.030789
0 0.721094 0.303472 0.041146 0.057976
0 0.222917 0.840976 0.021354 0.030462
0 0.302734 0.577792 0.024219 0.026204
0 0.800521 0.844579 0.022917 0.027186
0 0.690495 0.582542 0.021094 0.027841
0 0.301693 0.842123 0.025260 0.028824
0 0.413281 0.553718 0.020313 0.025221
0 0.138021 0.398297 0.044792 0.045201
0 0.223177 0.814445 0.019271 0.022601
0 0.336068 0.674255 0.020573 0.029152
0 0.636589 0.533737 0.025260 0.031772
0 0.721745 0.355552 0.046615 0.049460
0 0.495182 0.578447 0.023698 0.032100
0 0.665104 0.585817 0.022917 0.027841
0 0.528776 0.652637 0.020052 0.025876
0 0.746354 0.585326 0.022917 0.029479
0 0.778125 0.964461 0.023438 0.025876
0 0.331120 0.577956 0.022135 0.026531
0 0.445182 0.671962 0.021615 0.027841
0 0.660156 0.357353 0.045833 0.055028
0 0.862109 0.680806 0.019010 0.025221
0 0.082292 0.573862 0.024479 0.031444
0 0.781250 0.308549 0.038021 0.047822
0 0.636719 0.844415 0.022917 0.030134
0 0.223698 0.524894 0.022917 0.028497
0 0.109375 0.810023 0.019792 0.027514
0 0.247917 0.839338 0.022396 0.031117
0 0.718490 0.533246 0.021875 0.037340
0 0.472917 0.943334 0.021875 0.026859
0 0.745573 0.533410 0.022917 0.031772
0 0.608724 0.582542 0.024219 0.030462
0 0.444531 0.941042 0.018750 0.025549
0 0.802083 0.558303 0.022396 0.024566
0 0.855339 0.584343 0.025260 0.028169
0 0.429427 0.213724 0.039583 0.053390
0 0.750781 0.682443 0.020313 0.025221
0 0.109635 0.526695 0.022396 0.031444
0 0.329036 0.840485 0.023177 0.030789
0 0.166276 0.547658 0.021094 0.024238
0 0.499349 0.673927 0.019531 0.024566
0 0.413542 0.580249 0.024479 0.028497
0 0.722005 0.631182 0.020052 0.026204
0 0.372526 0.298395 0.037240 0.047822
0 0.301953 0.790534 0.025781 0.029807
0 0.690885 0.530789 0.026042 0.030462
0 0.248828 0.787095 0.023698 0.028169
0 0.804818 0.941533 0.020052 0.025221
0 0.615234 0.649361 0.019010 0.025221
0 0.609505 0.534884 0.024219 0.033410
0 0.807813 0.633475 0.021875 0.028824
0 0.915885 0.948248 0.020833 0.025549
0 0.937500 0.823452 0.020313 0.023583
0 0.745313 0.841467 0.026042 0.028169
0 0.643099 0.651490 0.020052 0.025549
0 0.909375 0.535375 0.022396 0.033737
0 0.196354 0.841959 0.020313 0.028497
0 0.645182 0.926466 0.019531 0.023911
0 0.773958 0.818212 0.022396 0.027514
0 0.855078 0.841467 0.021615 0.029479
0 0.773828 0.582706 0.026302 0.028169
0 0.690365 0.818375 0.021354 0.025876
0 0.439453 0.822306 0.020052 0.025876
0 0.195964 0.815755 0.019010 0.025876
0 0.138932 0.551589 0.022135 0.026859
0 0.384896 0.836554 0.021875 0.032100
0 0.308073 0.673927 0.021354 0.027841
0 0.138802 0.524894 0.022917 0.030462
0 0.363932 0.645267 0.020573 0.025549
0 0.801302 0.584016 0.022917 0.026859
0 0.550781 0.794792 0.029167 0.029807
0 0.081771 0.526040 0.022396 0.032100
0 0.525000 0.844907 0.023438 0.025876
0 0.750130 0.915329 0.019010 0.025876
0 0.883594 0.582542 0.026042 0.031772
0 0.386198 0.581232 0.023438 0.024566
0 0.357031 0.815427 0.021875 0.025221
0 0.581510 0.822961 0.022396 0.029807
0 0.169010 0.787422 0.022917 0.030789
0 0.280990 0.698330 0.022917 0.026204
0 0.530729 0.944317 0.019792 0.026204
0 0.139974 0.577137 0.024740 0.030134
0 0.775391 0.533082 0.027344 0.031772
0 0.417708 0.650508 0.020833 0.022928
0 0.553385 0.843760 0.023958 0.026204
0 0.140104 0.834098 0.024479 0.029152
0 0.333464 0.869964 0.022656 0.026204
0 0.086068 0.653783 0.018490 0.024238
0 0.858464 0.941533 0.020052 0.025221
0 0.110937 0.575827 0.021875 0.027514
0 0.248438 0.568130 0.022396 0.033737
0 0.749870 0.657877 0.018490 0.026531
0 0.392578 0.674746 0.020052 0.028824
0 0.082422 0.355061 0.038802 0.042581
0 0.079687 0.202915 0.036979 0.053390
0 0.664062 0.820341 0.022917 0.030462
0 0.722005 0.654438 0.019010 0.023583
0 0.614453 0.676056 0.019010 0.028169
0 0.445703 0.916476 0.019010 0.023583
0 0.497656 0.819194 0.020833 0.028169
0 0.142969 0.625123 0.024479 0.025876
0 0.780208 0.914019 0.020313 0.024566
0 0.255078 0.619391 0.019010 0.024894
0 0.807682 0.656895 0.023698 0.023256
0 0.469271 0.839338 0.021875 0.026531
0 0.855599 0.539633 0.026302 0.040288
0 0.275521 0.576973 0.020313 0.029152
0 0.602214 0.403865 0.041927 0.045857
0 0.558203 0.675893 0.019010 0.024566
0 0.805599 0.703898 0.021615 0.023583
0 0.552995 0.820013 0.022135 0.026531
0 0.778125 0.940059 0.019792 0.024894
0 0.169792 0.674910 0.019271 0.023911
0 0.497786 0.844088 0.022135 0.024894
0 0.523177 0.581723 0.022396 0.029479
0 0.855599 0.815755 0.019010 0.021946
0 0.903125 0.075663 0.043229 0.043236
0 0.438802 0.846381 0.020313 0.025549
0 0.560807 0.941205 0.020052 0.023256
0 0.670443 0.678022 0.020052 0.026859
0 0.249349 0.522109 0.023177 0.030134
0 0.861979 0.705536 0.019271 0.023583
0 0.440625 0.582869 0.021354 0.029152
0 0.199740 0.602686 0.021354 0.023583
0 0.546094 0.301179 0.041146 0.055355
0 0.112760 0.647068 0.019271 0.022601
0 0.254167 0.688994 0.019792 0.023911
0 0.861849 0.655912 0.019010 0.022601
0 0.198177 0.673764 0.019271 0.024894
0 0.722526 0.941533 0.021615 0.027186
0 0.715495 0.842778 0.023177 0.030134
0 0.195443 0.548968 0.021094 0.024894
0 0.643359 0.703243 0.020573 0.024894
0 0.389844 0.936128 0.020313 0.024238
0 0.144922 0.889453 0.020573 0.024566
0 0.663932 0.531281 0.022656 0.027514
0 0.446615 0.873076 0.020313 0.025876
0 0.473438 0.650671 0.019271 0.023911
0 0.721615 0.680806 0.018750 0.027841
0 0.581901 0.557484 0.022135 0.024894
0 0.426172 0.262529 0.040365 0.040943
0 0.364583 0.869964 0.020313 0.024238
0 0.856510 0.793482 0.022396 0.028497
0 0.412109 0.836718 0.022135 0.030462
0 0.531250 0.919096 0.019792 0.023583
0 0.279948 0.933017 0.022396 0.027841
0 0.083724 0.837373 0.023698 0.030462
0 0.862109 0.609237 0.019531 0.023583
0 0.335156 0.700295 0.023438 0.025549
0 0.143359 0.933180 0.020052 0.027514
0 0.363411 0.698821 0.023177 0.025876
0 0.828776 0.821160 0.024219 0.028824
0 0.952865 0.167868 0.043229 0.067802
0 0.084766 0.676875 0.020573 0.024566
0 0.671094 0.652309 0.019792 0.026531
0 0.201042 0.894694 0.018750 0.024566
0 0.140104 0.673436 0.017708 0.023583
0 0.690104 0.844252 0.020833 0.027186
0 0.525130 0.556666 0.023698 0.023911
0 0.501302 0.938913 0.019792 0.029152
0 0.717839 0.817393 0.019531 0.021291
0 0.581771 0.849492 0.019271 0.023911
0 0.165495 0.572879 0.021615 0.028169
0 0.116146 0.936947 0.018750 0.025221
0 0.559505 0.898788 0.019531 0.025549
0 0.170313 0.650508 0.019792 0.023583
0 0.858984 0.918441 0.019010 0.024894
0 0.445964 0.608090 0.018490 0.023256
0 0.201172 0.870455 0.018490 0.025221
0 0.721484 0.255159 0.033594 0.041271
0 0.696484 0.652309 0.019010 0.025221
0 0.110286 0.837537 0.019010 0.024894
0 0.171745 0.936947 0.020573 0.022601
0 0.472656 0.674582 0.018750 0.026531
0 0.938932 0.554209 0.023177 0.032100
0 0.609245 0.818375 0.022135 0.022601
0 0.417318 0.893220 0.021094 0.022273
0 0.198437 0.936456 0.019271 0.022928
0 0.663932 0.847691 0.021615 0.025549
0 0.805339 0.916312 0.020573 0.024566
0 0.721484 0.608418 0.020052 0.021946
0 0.333984 0.934327 0.021094 0.024566
0 0.609896 0.844743 0.023438 0.029479
0 0.773047 0.843269 0.023177 0.027841
0 0.364323 0.915329 0.019792 0.025876
0 0.084896 0.606125 0.020833 0.029152
0 0.645052 0.948084 0.017708 0.022601
0 0.140755 0.696856 0.019531 0.023911
0 0.117708 0.865378 0.020833 0.024894
0 0.363932 0.938749 0.020052 0.023583
0 0.228516 0.867344 0.022135 0.028824
0 0.882161 0.794464 0.019531 0.025876
0 0.472917 0.967737 0.021354 0.023911
0 0.140885 0.649034 0.019271 0.024566
0 0.336458 0.647560 0.019792 0.026859
0 0.939844 0.526859 0.024479 0.026531
0 0.581380 0.583033 0.019531 0.028169
0 0.199740 0.626105 0.018229 0.024566
0 0.500000 0.650180 0.020313 0.023583
0 0.528906 0.677530 0.019792 0.024566
0 0.141536 0.603013 0.020573 0.023583
0 0.778516 0.630200 0.020052 0.023583
0 0.474349 0.918113 0.020573 0.023583
0 0.531641 0.897642 0.020052 0.024566
0 0.199740 0.916639 0.018229 0.022601
0 0.604688 0.269243 0.043750 0.039961
0 0.418620 0.698166 0.021615 0.024566
0 0.173047 0.913200 0.021615 0.028824
0 0.558333 0.652145 0.018750 0.022928
0 0.749870 0.964953 0.021615 0.026859
0 0.889453 0.656240 0.017969 0.021946
0 0.389974 0.958893 0.020573 0.023256
0 0.643099 0.678022 0.018490 0.025549
0 0.603255 0.358827 0.041406 0.043564
0 0.918750 0.678022 0.019792 0.025549
0 0.669271 0.702915 0.019792 0.022273
0 0.253776 0.869636 0.019010 0.024894
0 0.498958 0.698002 0.022917 0.024894
0 0.722266 0.705372 0.019531 0.021291
0 0.084635 0.698002 0.021875 0.023583
0 0.445573 0.699803 0.020313 0.022601
0 0.307812 0.645103 0.019271 0.026531
0 0.861589 0.632493 0.019010 0.024894
0 0.918750 0.652801 0.017708 0.022273
0 0.916276 0.920570 0.018490 0.025876
0 0.919271 0.704389 0.020313 0.023911
0 0.116797 0.888798 0.019531 0.025221
0 0.744661 0.796757 0.021615 0.031772
0 0.586328 0.674910 0.019531 0.025221
0 0.778255 0.653456 0.019010 0.025549
0 0.253776 0.643302 0.018490 0.022928
0 0.417318 0.627416 0.019531 0.023911
0 0.281641 0.646741 0.019010 0.025876
0 0.393229 0.648215 0.018229 0.022928
0 0.777865 0.679332 0.018229 0.024238
0 0.139583 0.809695 0.020313 0.022273
0 0.274089 0.552407 0.021615 0.021946
0 0.501563 0.963970 0.020833 0.023583
0 0.445833 0.647560 0.018229 0.022928
0 0.308073 0.699640 0.021875 0.026204
0 0.750781 0.633475 0.018750 0.024894
0 0.165755 0.523420 0.020052 0.026859
0 0.169661 0.627743 0.020052 0.023256
0 0.890365 0.703570 0.018750 0.021618
0 0.544401 0.402555 0.038802 0.051097
0 0.917448 0.631019 0.019271 0.021946
0 0.529297 0.628890 0.019531 0.024894
0 0.889974 0.632820 0.019010 0.022928
0 0.117448 0.912381 0.019271 0.025221
0 0.557813 0.698985 0.020313 0.023583
0 0.750000 0.940714 0.019271 0.022928
0 0.361589 0.672453 0.022135 0.028824
0 0.171224 0.959220 0.020052 0.021291
0 0.306771 0.908451 0.018750 0.021946
0 0.805859 0.873895 0.021094 0.025549
0 0.280339 0.907796 0.019531 0.021946
0 0.558073 0.629872 0.017708 0.022273
0 0.587240 0.651163 0.018750 0.023583
0 0.615365 0.899771 0.018229 0.022928
0 0.113281 0.625123 0.018750 0.025221
0 0.696484 0.870292 0.019010 0.024238
0 0.391667 0.700295 0.022396 0.024894
0 0.544271 0.353423 0.043750 0.043236
0 0.446745 0.894530 0.020052 0.021618
0 0.833203 0.921880 0.018490 0.028497
0 0.751172 0.704062 0.020052 0.021946
0 0.254167 0.709302 0.021354 0.023911
0 0.670443 0.630036 0.017969 0.020635
0 0.644401 0.969211 0.020052 0.020963
0 0.559766 0.965280 0.022135 0.025549
0 0.307682 0.620701 0.019531 0.021618
0 0.889453 0.611366 0.019010 0.021291
0 0.502604 0.894530 0.018750 0.022928
0 0.841276 0.170488 0.041927 0.048149
0 0.614714 0.627252 0.019531 0.022273
0 0.723177 0.916312 0.019271 0.025221
0 0.531771 0.698657 0.023958 0.024238
0 0.472786 0.698821 0.019010 0.023256
0 0.281120 0.884867 0.018490 0.025876
0 0.917057 0.897969 0.017969 0.022601
0 0.696354 0.630200 0.018229 0.018998
0 0.750781 0.890436 0.018750 0.021291
0 0.890234 0.678513 0.023698 0.027186
0 0.778646 0.703734 0.019271 0.023256
0 0.499870 0.628235 0.019010 0.023583
0 0.391016 0.912709 0.019531 0.026531
0 0.144141 0.910252 0.018490 0.018998
0 0.910677 0.848018 0.021875 0.029479
0 0.253646 0.935473 0.017708 0.026204
0 0.883464 0.846708 0.018490 0.027514
0 0.273438 0.837537 0.020833 0.024894
0 0.474609 0.871274 0.020052 0.023583
0 0.613672 0.875696 0.021615 0.025221
0 0.305208 0.958893 0.020833 0.025221
0 0.530859 0.968392 0.021615 0.021946
0 0.560156 0.919260 0.017708 0.022601
0 0.585286 0.608909 0.019531 0.020963
0 0.279297 0.960039 0.021615 0.024238
0 0.197266 0.696856 0.019010 0.021291
0 0.474089 0.626924 0.019531 0.023583
0 0.171615 0.603996 0.022396 0.028169
0 0.670964 0.894858 0.016927 0.020963
0 0.616406 0.972814 0.019792 0.020963
0 0.615625 0.925156 0.018229 0.025221
0 0.416927 0.936292 0.021354 0.023911
0 0.417578 0.913855 0.020573 0.022273
0 0.805990 0.894858 0.019271 0.020308
0 0.917448 0.610711 0.019271 0.023256
0 0.364583 0.961513 0.019271 0.022601
0 0.475391 0.893056 0.019010 0.023256
0 0.502214 0.871765 0.021094 0.023256
0 0.778125 0.608254 0.021354 0.022928
0 0.143229 0.957091 0.021875 0.022928
0 0.559896 0.874550 0.020313 0.024894
0 0.253776 0.958565 0.020052 0.023911
0 0.501302 0.605470 0.020833 0.021946
0 0.557682 0.608909 0.019010 0.022273
0 0.088411 0.866197 0.020573 0.026531
0 0.255339 0.666230 0.019531 0.025549
0 0.392969 0.624140 0.018229 0.022601
0 0.501563 0.915329 0.020313 0.020635
0 0.723828 0.893220 0.018490 0.022273
0 0.306120 0.933344 0.016927 0.023256
0 0.307031 0.601212 0.019271 0.020635
0 0.227474 0.602031 0.019010 0.020963
0 0.281380 0.622502 0.019531 0.023256
0 0.112760 0.600557 0.019792 0.021946
0 0.112760 0.670488 0.019271 0.024238
0 0.227344 0.934654 0.018750 0.024566
0 0.390625 0.888634 0.018750 0.022273
0 0.306641 0.888143 0.019531 0.020635
0 0.586458 0.629708 0.019271 0.021946
0 0.909896 0.819358 0.023958 0.026531
0 0.199089 0.648870 0.017448 0.022928
0 0.086068 0.630855 0.019010 0.025549
0 0.226562 0.646250 0.021354 0.022928
0 0.227083 0.696856 0.018750 0.021291
0 0.645182 0.877006 0.016927 0.023911
0 0.255729 0.596626 0.017708 0.021291
0 0.642839 0.628726 0.019531 0.021946
0 0.696745 0.894694 0.019010 0.021946
0 0.226823 0.670488 0.018750 0.023583
0 0.228125 0.911235 0.021875 0.026859
0 0.670182 0.919424 0.017969 0.025549
0 0.750521 0.610547 0.017708 0.020308
0 0.616536 0.949066 0.019010 0.026531
0 0.614583 0.700459 0.020313 0.022601
0 0.281120 0.601212 0.020573 0.021946
0 0.587240 0.944481 0.019792 0.022601
0 0.696094 0.609401 0.017708 0.023256
0 0.532031 0.872912 0.019271 0.024894
0 0.910807 0.795775 0.021094 0.027841
0 0.445833 0.626924 0.018229 0.018998
0 0.587500 0.969374 0.020313 0.021946
0 0.444922 0.963151 0.019531 0.021946
0 0.112240 0.693253 0.022917 0.027186
0 0.363672 0.892565 0.019531 0.022928
0 0.723047 0.966590 0.021094 0.024238
0 0.695964 0.915984 0.019010 0.021946
0 0.416667 0.605470 0.019792 0.021946
0 0.805208 0.965280 0.021875 0.024894
0 0.669922 0.945463 0.016927 0.021291
0 0.588151 0.875532 0.018490 0.022273
0 0.529948 0.604815 0.020313 0.021946
0 0.392969 0.602358 0.018750 0.020963
0 0.083724 0.811661 0.022656 0.020963
0 0.669792 0.609237 0.019792 0.020963
0 0.390755 0.866197 0.017969 0.020635
0 0.198828 0.959548 0.021615 0.022601
0 0.833203 0.877498 0.019010 0.027514
0 0.364063 0.622994 0.019271 0.020308
0 0.335286 0.909761 0.019010 0.019325
0 0.587760 0.922044 0.018229 0.026859
0 0.939063 0.848837 0.025000 0.031117
0 0.333333 0.959712 0.020833 0.024238
0 0.659766 0.405667 0.049219 0.045529
0 0.641536 0.609564 0.021615 0.020963
0 0.228516 0.889781 0.019010 0.019325
0 0.227214 0.959876 0.020573 0.022601
0 0.780729 0.891091 0.019271 0.021946
0 0.334115 0.891910 0.018750 0.019653
0 0.228255 0.621356 0.017969 0.022928
0 0.307812 0.868162 0.019271 0.021946
0 0.614714 0.608090 0.019010 0.019980
0 0.086458 0.933672 0.021354 0.024566
0 0.253776 0.911890 0.017969 0.021618
0 0.940234 0.497543 0.026302 0.039961
0 0.588151 0.896331 0.017969 0.020635
0 0.253646 0.891418 0.019271 0.020635
0 0.116016 0.959876 0.019010 0.022601
0 0.584896 0.699476 0.020833 0.025876
0 0.473177 0.607272 0.019792 0.020963
0 0.916927 0.877334 0.017708 0.022601
0 0.828906 0.499836 0.022917 0.034720
0 0.833594 0.899279 0.017188 0.019325
0 0.860026 0.873076 0.022135 0.025876
0 0.669661 0.874713 0.017969 0.025876
0 0.088672 0.886341 0.019010 0.018343
0 0.085286 0.959057 0.019010 0.021618
0 0.723828 0.870783 0.020573 0.021946
0 0.831510 0.945136 0.017708 0.021946
0 0.721484 0.400262 0.043490 0.048477
0 0.173307 0.888307 0.019531 0.025549
0 0.167839 0.697674 0.024219 0.027514
0 0.889583 0.875860 0.020833 0.027514
0 0.417057 0.960367 0.019010 0.023583
0 0.281250 0.862267 0.018750 0.021946
0 0.808724 0.607599 0.024740 0.024894
0 0.695833 0.677203 0.019271 0.026531
0 0.858594 0.966754 0.019271 0.021946
0 0.888672 0.944317 0.018490 0.025549
0 0.916667 0.968719 0.019271 0.021291
0 0.889193 0.896004 0.020573 0.022601
0 0.890625 0.918932 0.023438 0.025876
0 0.146354 0.864559 0.018229 0.025221
0 0.888802 0.967409 0.018750 0.020635
0 0.859635 0.896168 0.018229 0.020308
0 0.336458 0.598755 0.017708 0.017032
0 0.943750 0.945300 0.018750 0.022928
0 0.091276 0.907304 0.027865 0.028824
0 0.780078 0.870619 0.019010 0.022273
0 0.750521 0.870292 0.017708 0.019653
0 0.830859 0.964297 0.020573 0.024238
0 0.937240 0.797740 0.021354 0.029807
0 0.167448 0.717982 0.023958 0.020963
0 0.943620 0.875696 0.023698 0.027186
0 0.336719 0.621847 0.019271 0.023256
0 0.670312 0.965608 0.016667 0.020308
0 0.840755 0.125287 0.044010 0.053390
0 0.943750 0.923190 0.017708 0.020635
0 0.944141 0.900590 0.021094 0.021946
0 0.694922 0.704389 0.019010 0.021946
0 0.167057 0.537177 0.020573 0.020308
0 0.752344 0.266459 0.020313 0.035703
0 0.173307 0.866197 0.018490 0.019325
0 0.695443 0.940059 0.017448 0.022928
0 0.274349 0.850475 0.020573 0.020635
0 0.198047 0.769898 0.019531 0.012774
0 0.413411 0.594661 0.024219 0.025221
0 0.305729 0.878480 0.020833 0.020963
0 0.945573 0.967245 0.019792 0.020963
