0 0.336328 0.250813 0.052344 0.060793
0 0.818490 0.202373 0.047917 0.058843
0 0.580859 0.251463 0.052865 0.056242
0 0.878125 0.206437 0.053125 0.065020
0 0.273047 0.365085 0.051302 0.058518
0 0.454036 0.312094 0.051823 0.060468
0 0.577214 0.310631 0.047135 0.067295
0 0.635677 0.369798 0.045833 0.060143
0 0.097266 0.246424 0.051302 0.060468
0 0.756120 0.313719 0.052865 0.054616
0 0.425911 0.840377 0.024740 0.027958
0 0.454818 0.370124 0.049219 0.059493
0 0.881901 0.146782 0.056510 0.061443
0 0.216146 0.419213 0.049479 0.055592
0 0.815885 0.426203 0.050000 0.056567
0 0.818359 0.144831 0.049219 0.063394
0 0.272786 0.477731 0.051302 0.062744
0 0.698177 0.425065 0.047396 0.060793
0 0.697917 0.481795 0.053646 0.059818
0 0.094792 0.360046 0.046875 0.054291
0 0.392318 0.309818 0.047656 0.064369
0 0.154948 0.307380 0.047917 0.058192
0 0.153255 0.247887 0.053385 0.061443
0 0.815755 0.372237 0.054948 0.062419
0 0.635026 0.312744 0.045052 0.055917
0 0.392839 0.248537 0.044010 0.064044
0 0.697266 0.312256 0.051823 0.053641
0 0.695964 0.256014 0.052865 0.056242
0 0.635156 0.478381 0.048438 0.065345
0 0.575521 0.421326 0.048438 0.046814
0 0.755599 0.428804 0.052344 0.049415
0 0.516276 0.253251 0.052344 0.057867
0 0.334115 0.307055 0.048438 0.052991
0 0.512891 0.368336 0.045573 0.054616
0 0.513932 0.422952 0.043490 0.059168
0 0.333333 0.476756 0.045833 0.064694
0 0.754036 0.373375 0.050260 0.064694
0 0.271745 0.419376 0.048177 0.054616
0 0.387500 0.585338 0.033854 0.032185
0 0.636068 0.256177 0.052344 0.059818
0 0.576042 0.473830 0.052604 0.054291
0 0.215625 0.245449 0.050521 0.057217
0 0.816016 0.314694 0.047135 0.052666
0 0.394792 0.474967 0.052083 0.056567
0 0.214323 0.305429 0.040104 0.054291
0 0.707031 0.580787 0.027083 0.027633
0 0.881380 0.089727 0.055990 0.061769
0 0.332813 0.418401 0.039583 0.057217
0 0.947656 0.854519 0.027083 0.031534
0 0.213802 0.362646 0.037500 0.060793
0 0.272656 0.309493 0.043229 0.059818
0 0.455208 0.421001 0.043750 0.045514
0 0.334635 0.364109 0.044792 0.055917
0 0.189844 0.848179 0.027604 0.027308
0 0.587240 0.582737 0.029687 0.032185
0 0.392708 0.421651 0.042708 0.056567
0 0.515885 0.311769 0.050000 0.050065
0 0.635286 0.421489 0.045573 0.045189
0 0.213802 0.471879 0.043229 0.052341
0 0.453776 0.476918 0.049740 0.055917
0 0.097135 0.187906 0.050000 0.060468
0 0.813672 0.258127 0.050260 0.061118
0 0.392318 0.365897 0.047656 0.048440
0 0.756380 0.256339 0.050781 0.056892
0 0.384375 0.613947 0.028646 0.029584
0 0.427604 0.865247 0.026562 0.028283
0 0.096354 0.303316 0.048958 0.048765
0 0.426172 0.637191 0.031510 0.029259
0 0.273698 0.250325 0.053646 0.055917
0 0.634766 0.699772 0.024219 0.026333
0 0.426042 0.584850 0.032292 0.031860
0 0.708724 0.833875 0.027344 0.029259
0 0.471354 0.721391 0.023438 0.023407
0 0.753125 0.481957 0.040104 0.056242
0 0.797396 0.916287 0.023438 0.021782
0 0.187240 0.640767 0.028646 0.031860
0 0.546875 0.614434 0.029167 0.029909
0 0.350130 0.615247 0.028906 0.029584
0 0.947135 0.827211 0.028125 0.026333
0 0.713932 0.734070 0.029427 0.027308
0 0.037891 0.243986 0.041406 0.047789
0 0.389323 0.863947 0.029687 0.032185
0 0.942057 0.725780 0.025781 0.039337
0 0.467187 0.639142 0.029687 0.029259
0 0.305729 0.614272 0.028646 0.030234
0 0.235677 0.932542 0.021875 0.019831
0 0.466797 0.841515 0.026302 0.030234
0 0.947526 0.801203 0.027865 0.032185
0 0.786849 0.701723 0.025781 0.028934
0 0.548177 0.841027 0.027083 0.025358
0 0.586198 0.610046 0.029167 0.030884
0 0.867578 0.606144 0.024219 0.028934
0 0.913932 0.708875 0.024740 0.025683
0 0.514844 0.723667 0.023958 0.023407
0 0.813672 0.479844 0.046615 0.046814
0 0.670833 0.807867 0.031771 0.035111
0 0.357292 0.746424 0.026042 0.026008
0 0.827214 0.799740 0.027865 0.028609
0 0.505208 0.585663 0.029687 0.038687
0 0.696094 0.368986 0.037500 0.050715
0 0.627083 0.609233 0.027083 0.029909
0 0.942318 0.696034 0.028385 0.028609
0 0.942057 0.653121 0.025260 0.026658
0 0.786328 0.729194 0.022656 0.032510
0 0.918359 0.915962 0.021615 0.020481
0 0.506901 0.862971 0.027344 0.029584
0 0.546354 0.585501 0.029167 0.036411
0 0.752865 0.693270 0.028646 0.025683
0 0.748698 0.631664 0.029167 0.026008
0 0.513281 0.701073 0.023438 0.028283
0 0.746745 0.805754 0.027344 0.033485
0 0.627604 0.581762 0.029687 0.035436
0 0.349609 0.586313 0.028906 0.034785
0 0.908594 0.798602 0.029167 0.035436
0 0.507292 0.632152 0.028646 0.034785
0 0.589323 0.864597 0.029167 0.027633
0 0.937891 0.259428 0.051823 0.067620
0 0.914583 0.731469 0.025000 0.025358
0 0.786589 0.583388 0.027344 0.024382
0 0.628646 0.863459 0.028125 0.033160
0 0.465625 0.612646 0.027083 0.031534
0 0.433724 0.722367 0.024740 0.024707
0 0.828125 0.605332 0.028125 0.028609
0 0.708073 0.604844 0.025521 0.027633
0 0.307292 0.640442 0.027604 0.029909
0 0.828255 0.824772 0.023177 0.029259
0 0.755859 0.918888 0.023698 0.024382
0 0.786589 0.607932 0.024219 0.027308
0 0.671354 0.836151 0.032292 0.031209
0 0.627995 0.838101 0.027344 0.026658
0 0.470443 0.700585 0.022656 0.026658
0 0.747005 0.860208 0.026823 0.034460
0 0.867708 0.631014 0.025521 0.028609
0 0.474609 0.927016 0.022135 0.026333
0 0.628125 0.633778 0.026562 0.025033
0 0.464062 0.583388 0.029687 0.032835
0 0.913932 0.670189 0.021094 0.023082
0 0.942578 0.606469 0.024219 0.029584
0 0.306901 0.586801 0.025260 0.032510
0 0.587760 0.810956 0.027083 0.030884
0 0.275260 0.976430 0.023958 0.023732
0 0.786328 0.677341 0.028385 0.025033
0 0.454948 0.254226 0.040104 0.059818
0 0.907813 0.627926 0.029687 0.030234
0 0.675130 0.700260 0.021615 0.026008
0 0.386068 0.639304 0.028906 0.026983
0 0.355078 0.684168 0.023698 0.026333
0 0.586719 0.635891 0.026042 0.026658
0 0.433203 0.701560 0.022656 0.022757
0 0.918750 0.933518 0.023438 0.021782
0 0.626823 0.809818 0.024479 0.033160
0 0.709245 0.862646 0.025781 0.034785
0 0.434896 0.745286 0.027083 0.026333
0 0.875130 0.732120 0.027344 0.026008
0 0.709245 0.630039 0.027865 0.029909
0 0.394792 0.976593 0.026562 0.024057
0 0.667839 0.607445 0.025781 0.029584
0 0.425521 0.611021 0.028646 0.026333
0 0.394401 0.723342 0.024740 0.023407
0 0.633724 0.677178 0.022656 0.026658
0 0.189583 0.873700 0.026562 0.030884
0 0.274089 0.748375 0.025260 0.027308
0 0.637109 0.927016 0.022135 0.026983
0 0.433724 0.889792 0.024219 0.026008
0 0.873958 0.710663 0.025521 0.021456
0 0.349870 0.639304 0.027865 0.028283
0 0.593229 0.719766 0.026042 0.025358
0 0.666667 0.581274 0.029167 0.031209
0 0.714193 0.695221 0.023177 0.023732
0 0.597786 0.943433 0.025260 0.022107
0 0.872266 0.653609 0.025260 0.024382
0 0.092057 0.471717 0.046615 0.067620
0 0.194141 0.705462 0.023698 0.025358
0 0.748177 0.582087 0.027083 0.035436
0 0.797135 0.878739 0.023438 0.025358
0 0.358984 0.929941 0.020573 0.025683
0 0.232813 0.958225 0.018750 0.023082
0 0.912500 0.651333 0.023438 0.021131
0 0.747396 0.609233 0.026042 0.026658
0 0.394531 0.929779 0.021875 0.026658
0 0.470052 0.663199 0.025000 0.027308
0 0.833984 0.733420 0.026302 0.024057
0 0.033073 0.303641 0.036979 0.055917
0 0.317448 0.685468 0.026042 0.026983
0 0.433594 0.950098 0.022917 0.026333
0 0.473047 0.743498 0.027344 0.027308
0 0.917578 0.878739 0.023177 0.026008
0 0.919010 0.952048 0.025000 0.024382
0 0.708984 0.805429 0.027344 0.035436
0 0.514062 0.475943 0.047917 0.040962
0 0.426432 0.812744 0.029427 0.031860
0 0.266016 0.637516 0.030469 0.039662
0 0.514062 0.887191 0.021875 0.024057
0 0.594010 0.657835 0.023958 0.025683
0 0.394531 0.744798 0.028646 0.026658
0 0.786719 0.655072 0.027604 0.027958
0 0.547005 0.636704 0.028385 0.024382
0 0.395703 0.954486 0.022656 0.026658
0 0.392057 0.661086 0.025260 0.023732
0 0.906250 0.583713 0.026562 0.037386
0 0.317188 0.748049 0.030208 0.027308
0 0.275260 0.955949 0.022917 0.023732
0 0.596094 0.922789 0.023438 0.021782
0 0.107422 0.645969 0.026302 0.030559
0 0.670573 0.861508 0.029167 0.030559
0 0.350391 0.843953 0.027344 0.029909
0 0.873958 0.691157 0.025521 0.025358
0 0.149089 0.848505 0.026302 0.029909
0 0.941536 0.674252 0.024740 0.022757
0 0.594401 0.698147 0.025781 0.027633
0 0.315755 0.662711 0.024219 0.025033
0 0.154427 0.707412 0.025000 0.026658
0 0.393229 0.703511 0.023438 0.022107
0 0.909635 0.828836 0.027604 0.026983
0 0.358984 0.977243 0.023698 0.023407
0 0.576562 0.365572 0.048438 0.041938
0 0.270964 0.704324 0.028906 0.025683
0 0.433854 0.928316 0.022396 0.025033
0 0.273307 0.725943 0.025260 0.022757
0 0.355990 0.724480 0.023958 0.023732
0 0.548307 0.862971 0.027344 0.027633
0 0.952995 0.918238 0.021615 0.021131
0 0.789193 0.850618 0.031510 0.035436
0 0.392448 0.682542 0.023958 0.026333
0 0.555078 0.718628 0.027865 0.027633
0 0.507031 0.838589 0.026562 0.024382
0 0.154557 0.731144 0.023177 0.027958
0 0.942318 0.630202 0.025260 0.026983
0 0.475651 0.968628 0.024219 0.023732
0 0.317578 0.951723 0.022135 0.023732
0 0.952344 0.935956 0.020313 0.022107
0 0.236328 0.977243 0.023177 0.021456
0 0.797917 0.935306 0.023438 0.022107
0 0.917188 0.898244 0.022917 0.021456
0 0.752734 0.653283 0.025260 0.022432
0 0.354948 0.661899 0.023958 0.026008
0 0.594922 0.885241 0.024219 0.024057
0 0.310807 0.816645 0.031510 0.035111
0 0.350911 0.868823 0.024740 0.026983
0 0.474349 0.906047 0.020573 0.022107
0 0.953906 0.898407 0.021875 0.023732
0 0.554557 0.743823 0.027344 0.025358
0 0.513021 0.679454 0.022917 0.022107
0 0.317448 0.727568 0.025000 0.022107
0 0.786589 0.555429 0.027865 0.038036
0 0.914714 0.689044 0.021615 0.021131
0 0.752865 0.736834 0.027083 0.026983
0 0.826693 0.580624 0.028385 0.026658
0 0.595052 0.904096 0.022917 0.021456
0 0.635807 0.730332 0.029427 0.044538
0 0.432943 0.679779 0.023698 0.026008
0 0.310677 0.846066 0.028646 0.032835
0 0.554948 0.925878 0.022396 0.022757
0 0.113411 0.729356 0.024740 0.024382
0 0.557031 0.966515 0.024479 0.022757
0 0.514323 0.744798 0.025521 0.024707
0 0.552214 0.658160 0.028385 0.030234
0 0.953646 0.878739 0.021875 0.024057
0 0.797005 0.897919 0.023698 0.020156
0 0.867578 0.850293 0.030469 0.036086
0 0.195833 0.955299 0.020833 0.025033
0 0.508594 0.812419 0.028125 0.036411
0 0.594401 0.677503 0.024740 0.022107
0 0.265885 0.585176 0.032292 0.039012
0 0.555208 0.946196 0.023438 0.024382
0 0.072396 0.709038 0.023958 0.024057
0 0.394401 0.889304 0.022656 0.023732
0 0.113672 0.707575 0.025781 0.022432
0 0.834896 0.896944 0.023438 0.024707
0 0.148568 0.821034 0.023177 0.030234
0 0.225911 0.643531 0.023177 0.030884
0 0.075130 0.938719 0.021615 0.019181
0 0.514193 0.659948 0.024740 0.027308
0 0.871094 0.802666 0.030208 0.039012
0 0.872917 0.672302 0.022917 0.020156
0 0.835286 0.917100 0.022656 0.022757
0 0.950911 0.954649 0.025260 0.023732
0 0.588932 0.838427 0.027344 0.031860
0 0.787500 0.632152 0.027604 0.028934
0 0.116146 0.958225 0.024479 0.025033
0 0.632552 0.655072 0.022917 0.024057
0 0.593750 0.742523 0.028125 0.024707
0 0.715885 0.961151 0.023958 0.022432
0 0.474870 0.948472 0.023177 0.021131
0 0.554818 0.904259 0.022656 0.025033
0 0.193620 0.685143 0.023698 0.022432
0 0.073438 0.669051 0.027604 0.029259
0 0.834115 0.692620 0.022396 0.023732
0 0.910547 0.855657 0.028906 0.037061
0 0.095443 0.414499 0.041927 0.047464
0 0.154818 0.954486 0.022656 0.022757
0 0.714193 0.673114 0.025781 0.026333
0 0.035417 0.472854 0.036458 0.054291
0 0.829427 0.851593 0.028646 0.034785
0 0.745964 0.830624 0.023698 0.024707
0 0.666146 0.633615 0.027083 0.031209
0 0.876823 0.894343 0.025000 0.026658
0 0.228776 0.867035 0.027865 0.033810
0 0.867318 0.579649 0.027344 0.030559
0 0.153646 0.685793 0.024479 0.023732
0 0.553255 0.696359 0.025260 0.021456
0 0.114193 0.687744 0.025260 0.025033
0 0.155208 0.935468 0.021354 0.021782
0 0.833984 0.711476 0.023177 0.024382
0 0.835938 0.935956 0.023438 0.022757
0 0.196615 0.975943 0.024479 0.024057
0 0.676042 0.731469 0.029167 0.042913
0 0.195573 0.932542 0.021875 0.026983
0 0.515234 0.929291 0.023698 0.019831
0 0.553906 0.884590 0.023438 0.021456
0 0.756641 0.961151 0.025260 0.023082
0 0.552474 0.678641 0.025781 0.021131
0 0.836589 0.956112 0.022656 0.023407
0 0.350130 0.815670 0.026302 0.031860
0 0.108203 0.619636 0.030469 0.031209
0 0.876823 0.914662 0.025000 0.025033
0 0.467318 0.813394 0.026823 0.031209
0 0.471224 0.680917 0.022135 0.019831
0 0.074870 0.919863 0.022135 0.023732
0 0.072266 0.689532 0.025260 0.020806
0 0.943229 0.579974 0.029167 0.020806
0 0.674609 0.676365 0.023177 0.028283
0 0.272005 0.685631 0.025260 0.020806
0 0.797917 0.954811 0.028125 0.026008
0 0.753776 0.895806 0.024740 0.027633
0 0.115885 0.979031 0.026042 0.023082
0 0.356641 0.900033 0.025781 0.039337
0 0.517448 0.967003 0.023958 0.023732
0 0.787630 0.802503 0.034115 0.036086
0 0.195182 0.730819 0.022656 0.031209
0 0.715495 0.942620 0.021615 0.023082
0 0.635547 0.886541 0.023698 0.022107
0 0.514844 0.946521 0.023438 0.023082
0 0.637240 0.905722 0.024479 0.024057
0 0.106250 0.823472 0.025000 0.029909
0 0.597526 0.962939 0.025260 0.023407
0 0.753125 0.714239 0.026042 0.024057
0 0.317448 0.707250 0.026562 0.025683
0 0.040234 0.918563 0.016927 0.024382
0 0.435547 0.973017 0.025781 0.026008
0 0.834115 0.672139 0.023958 0.025683
0 0.192578 0.665312 0.025781 0.023732
0 0.475521 0.887516 0.020313 0.021456
0 0.075260 0.959363 0.023958 0.025358
0 0.835156 0.877113 0.022396 0.021456
0 0.755990 0.941645 0.019792 0.023082
0 0.514583 0.909460 0.023958 0.026333
0 0.752344 0.672952 0.024479 0.024057
0 0.713411 0.652958 0.024740 0.020481
0 0.225130 0.589077 0.022656 0.032510
0 0.675391 0.883615 0.025781 0.021456
0 0.637760 0.956437 0.028125 0.040312
0 0.355599 0.704486 0.022135 0.024057
0 0.235026 0.706762 0.020052 0.027308
0 0.713021 0.713427 0.023438 0.018531
0 0.073698 0.730169 0.025000 0.024057
0 0.032943 0.642555 0.026823 0.032835
0 0.676953 0.902796 0.022656 0.024707
0 0.316797 0.892230 0.024219 0.023082
0 0.548177 0.812419 0.027083 0.037061
0 0.434245 0.909298 0.022656 0.018205
0 0.036979 0.669051 0.022396 0.024057
0 0.155339 0.975455 0.025260 0.024382
0 0.388802 0.815670 0.026042 0.033810
0 0.039974 0.958388 0.017969 0.020806
0 0.036198 0.690345 0.020313 0.024382
0 0.114193 0.753414 0.027344 0.026983
0 0.359375 0.951886 0.019792 0.022757
0 0.943099 0.557867 0.025781 0.029259
0 0.188411 0.821196 0.026302 0.032510
0 0.715104 0.884753 0.020833 0.021131
0 0.673698 0.656047 0.026042 0.021456
0 0.317188 0.910923 0.022396 0.018856
0 0.430599 0.660761 0.029948 0.022432
0 0.235677 0.684168 0.017188 0.024382
0 0.066536 0.589239 0.027865 0.030234
0 0.273047 0.666125 0.026302 0.027958
0 0.467578 0.867360 0.023177 0.027958
0 0.875911 0.952048 0.027344 0.026333
0 0.311979 0.869961 0.023438 0.027308
0 0.388802 0.839889 0.026042 0.018531
0 0.715365 0.903609 0.023438 0.024382
0 0.394141 0.908810 0.022656 0.021782
0 0.115885 0.916125 0.023958 0.024707
0 0.317188 0.929454 0.020833 0.023407
0 0.108984 0.877763 0.024740 0.026008
0 0.040625 0.938069 0.016146 0.017880
0 0.068750 0.874350 0.028646 0.034135
0 0.233984 0.664012 0.019531 0.020481
0 0.194010 0.896294 0.024479 0.022757
0 0.067839 0.619636 0.032031 0.035761
0 0.196094 0.913036 0.021354 0.019181
0 0.186849 0.613784 0.025781 0.027308
0 0.317708 0.974642 0.023438 0.025358
0 0.147266 0.590702 0.028906 0.038362
0 0.076172 0.899220 0.019531 0.019506
0 0.877604 0.875813 0.021354 0.019506
0 0.041667 0.980169 0.019271 0.018856
0 0.186198 0.586964 0.028646 0.032835
0 0.876693 0.933843 0.025260 0.023082
0 0.234766 0.727893 0.021094 0.026008
0 0.107422 0.590865 0.032031 0.036736
0 0.228906 0.820384 0.027604 0.033485
0 0.715755 0.924090 0.020573 0.022432
0 0.073698 0.753414 0.027083 0.026983
0 0.109505 0.855169 0.020052 0.023732
0 0.753385 0.880689 0.025000 0.018856
0 0.233854 0.893693 0.021875 0.019506
0 0.679036 0.955299 0.032552 0.045839
0 0.675260 0.718791 0.023438 0.020806
0 0.225000 0.616547 0.025000 0.028934
0 0.074219 0.980819 0.021875 0.018205
0 0.148958 0.875325 0.026562 0.026983
0 0.153776 0.666287 0.024740 0.021782
0 0.115885 0.897757 0.019271 0.019831
0 0.195703 0.755202 0.028385 0.029259
0 0.275521 0.937744 0.021875 0.019831
0 0.115885 0.937419 0.020833 0.027633
0 0.147917 0.640117 0.030729 0.036411
0 0.833333 0.654909 0.021354 0.018531
0 0.827344 0.630852 0.020833 0.025033
0 0.267448 0.821359 0.020313 0.028283
0 0.269141 0.847529 0.020052 0.022107
0 0.267448 0.871586 0.020313 0.026008
0 0.275000 0.894668 0.015104 0.015605
0 0.275911 0.913524 0.018490 0.026008
0 0.235937 0.909948 0.019271 0.018856
0 0.157422 0.895319 0.018490 0.018856
0 0.156250 0.915150 0.017708 0.018856
0 0.067448 0.828511 0.016667 0.026333
0 0.034766 0.825910 0.013281 0.025033
0 0.036068 0.851756 0.015885 0.024057
0 0.035677 0.875325 0.015104 0.021131
0 0.039714 0.897757 0.018490 0.026333
0 0.029297 0.597854 0.022656 0.030559
