0 0.662031 0.202350 0.101572 0.075718
0 0.665659 0.280244 0.106409 0.074848
0 0.660822 0.359878 0.108827 0.079199
0 0.662636 0.443864 0.107618 0.074848
0 0.660218 0.520888 0.097944 0.075718
0 0.668077 0.591384 0.108827 0.082681
0 0.663845 0.667972 0.100363 0.075718
0 0.663241 0.744996 0.101572 0.073107
0 0.665054 0.818538 0.100363 0.072237
0 0.555018 0.202785 0.112455 0.064404
0 0.551391 0.271540 0.102781 0.071366
0 0.551995 0.348564 0.074970 0.056571
0 0.553809 0.434726 0.095526 0.077459
0 0.554414 0.513055 0.101572 0.063534
0 0.558041 0.588773 0.103990 0.075718
0 0.559250 0.670148 0.108827 0.076588
0 0.558646 0.745866 0.097944 0.073107
0 0.556832 0.819408 0.096735 0.065274
0 0.447400 0.204526 0.095526 0.081810
0 0.446191 0.284595 0.102781 0.067885
0 0.444982 0.355527 0.105200 0.075718
0 0.443168 0.433856 0.094317 0.073977
0 0.449214 0.509574 0.106409 0.068755
0 0.449819 0.583986 0.112455 0.081810
0 0.448005 0.661010 0.101572 0.070496
0 0.446796 0.735857 0.091898 0.061793
0 0.446191 0.818103 0.107618 0.074848
0 0.339178 0.196258 0.091898 0.068755
0 0.335550 0.275457 0.106409 0.075718
0 0.336155 0.351610 0.107618 0.076588
0 0.344619 0.430374 0.100363 0.075718
0 0.333736 0.510879 0.097944 0.083551
0 0.336759 0.589208 0.113664 0.078329
0 0.343410 0.665796 0.105200 0.073107
0 0.334341 0.738033 0.103990 0.073107
0 0.334341 0.819843 0.106409 0.078329
0 0.232769 0.196693 0.106409 0.073107
0 0.229746 0.267189 0.102781 0.064404
0 0.232164 0.340731 0.107618 0.077459
0 0.232164 0.419930 0.105200 0.070496
0 0.236397 0.496954 0.108827 0.066144
0 0.235792 0.573977 0.107618 0.079199
0 0.226723 0.652306 0.113664 0.077459
0 0.231560 0.734552 0.108827 0.067885
0 0.227932 0.812010 0.101572 0.080070
