0 0.813613 0.115651 0.310857 0.198514
0 0.804919 0.314805 0.293469 0.199795
0 0.820823 0.512167 0.325276 0.199539
0 0.819763 0.714524 0.316370 0.200564
0 0.815310 0.904457 0.304071 0.179303
0 0.495547 0.108863 0.300679 0.191086
0 0.497455 0.306737 0.300254 0.200564
0 0.504453 0.508069 0.293045 0.186732
0 0.498092 0.698386 0.287956 0.185707
0 0.494063 0.898181 0.293469 0.185707
0 0.174088 0.103996 0.304071 0.188012
0 0.189779 0.312116 0.328668 0.211322
0 0.174088 0.516522 0.325276 0.186732
0 0.182782 0.712859 0.321459 0.195184
0 0.178329 0.904585 0.312553 0.185707
