0 0.675333 0.208442 0.095526 0.060923
0 0.683797 0.278503 0.108827 0.085292
0 0.680774 0.352480 0.097944 0.074848
0 0.677146 0.429504 0.093108 0.077459
0 0.677146 0.509574 0.110036 0.075718
0 0.677751 0.591819 0.111245 0.078329
0 0.683192 0.665361 0.107618 0.087903
0 0.676542 0.747171 0.101572 0.079199
0 0.677751 0.824195 0.116082 0.071366
0 0.575574 0.208877 0.114873 0.080070
0 0.570133 0.287206 0.125756 0.083551
0 0.570133 0.361184 0.106409 0.078329
0 0.566505 0.434291 0.096735 0.074848
0 0.570738 0.512185 0.095526 0.080940
0 0.573156 0.590078 0.100363 0.071366
0 0.571342 0.665796 0.113664 0.071366
0 0.573761 0.741079 0.101572 0.075718
0 0.571342 0.815057 0.094317 0.080940
0 0.462515 0.197998 0.103990 0.068755
0 0.467956 0.282419 0.107618 0.080940
0 0.472793 0.358138 0.102781 0.077459
0 0.461911 0.434291 0.102781 0.073107
0 0.461306 0.513925 0.106409 0.075718
0 0.460701 0.590513 0.107618 0.072237
0 0.467956 0.667102 0.105200 0.077459
0 0.463120 0.739339 0.100363 0.077459
0 0.454655 0.820279 0.102781 0.082681
0 0.360339 0.201915 0.110036 0.071366
0 0.353688 0.276762 0.106409 0.085292
0 0.359734 0.355091 0.106409 0.076588
0 0.358525 0.432550 0.111245 0.073107
0 0.355502 0.505222 0.107618 0.075718
0 0.353688 0.579634 0.106409 0.085292
0 0.351270 0.665361 0.089480 0.086162
0 0.354897 0.743690 0.099154 0.073977
0 0.351270 0.823760 0.108827 0.079199
0 0.261185 0.201480 0.100363 0.072237
0 0.247884 0.278938 0.107618 0.079199
0 0.247279 0.352045 0.103990 0.087903
0 0.250302 0.436031 0.107618 0.078329
0 0.237001 0.511314 0.100363 0.075718
0 0.249698 0.583116 0.099154 0.069626
0 0.246070 0.668842 0.106409 0.072237
0 0.243047 0.745431 0.105200 0.080940
0 0.240629 0.822019 0.112455 0.067015
