0 0.728839 0.076654 0.123942 0.102497
0 0.737001 0.176522 0.125756 0.091108
0 0.731560 0.272230 0.120919 0.095926
0 0.738513 0.363995 0.143289 0.096364
0 0.727328 0.464520 0.147521 0.095926
0 0.726119 0.560666 0.126965 0.102497
0 0.725212 0.647175 0.131197 0.089794
0 0.728839 0.740035 0.138452 0.098555
0 0.731862 0.829172 0.129988 0.097240
0 0.738513 0.924004 0.128779 0.085414
0 0.590387 0.082129 0.136034 0.094174
0 0.595526 0.178274 0.142684 0.102497
0 0.591898 0.277705 0.133011 0.102497
0 0.589480 0.368156 0.119710 0.089794
0 0.588875 0.455979 0.135429 0.093736
0 0.588875 0.547744 0.141475 0.104687
0 0.586759 0.647175 0.145707 0.098555
0 0.587364 0.735436 0.123942 0.101621
0 0.592503 0.826106 0.146312 0.086728
0 0.596735 0.917433 0.134220 0.104687
0 0.478839 0.073587 0.081016 0.068331
0 0.422310 0.074463 0.076784 0.044678
0 0.443470 0.169076 0.143289 0.086728
0 0.448609 0.260622 0.141475 0.087604
0 0.447400 0.352387 0.141475 0.094174
0 0.453446 0.444152 0.120919 0.102497
0 0.451028 0.540736 0.134220 0.095050
0 0.461306 0.628340 0.128174 0.090670
0 0.457678 0.713316 0.120919 0.081034
0 0.459794 0.806395 0.143289 0.100745
0 0.459794 0.901883 0.119105 0.101621
0 0.308041 0.079501 0.131197 0.095050
0 0.313785 0.172799 0.131802 0.089794
0 0.319831 0.261498 0.140266 0.102497
0 0.317412 0.350197 0.126965 0.081034
0 0.327086 0.443714 0.136638 0.103373
0 0.323458 0.540298 0.147521 0.091546
0 0.325877 0.630749 0.133011 0.097240
0 0.328597 0.725142 0.125151 0.098555
0 0.331318 0.813841 0.140266 0.096364
0 0.331318 0.910425 0.140266 0.090670
0 0.181681 0.075120 0.129988 0.088918
0 0.181076 0.167981 0.137243 0.101183
0 0.188331 0.262593 0.145707 0.095926
0 0.187727 0.353482 0.138452 0.091984
0 0.190447 0.444371 0.147521 0.089794
0 0.188331 0.535042 0.119105 0.089794
0 0.189238 0.631625 0.126965 0.088480
0 0.191354 0.722952 0.137243 0.100307
0 0.185308 0.815813 0.151753 0.085414
0 0.188634 0.909330 0.134220 0.097240
