0 0.767583 0.199891 0.165543 0.142896
0 0.513478 0.092855 0.126318 0.121080
0 0.926646 0.818789 0.104545 0.094628
0 0.223518 0.438369 0.138068 0.118898
0 0.072922 0.251500 0.116814 0.098582
0 0.376102 0.301268 0.108692 0.077584
0 0.086314 0.351377 0.120788 0.090265
0 0.382495 0.413485 0.142561 0.124489
0 0.551063 0.592173 0.132020 0.113990
0 0.914895 0.629670 0.115604 0.089174
0 0.768447 0.063540 0.126490 0.098173
0 0.547866 0.819812 0.139105 0.108945
0 0.229221 0.329016 0.149127 0.101445
0 0.922585 0.166485 0.107137 0.095991
0 0.378866 0.206436 0.114913 0.103354
0 0.511318 0.226207 0.123034 0.118353
0 0.390790 0.538178 0.141179 0.110990
0 0.543632 0.707799 0.122689 0.104445
0 0.628564 0.202004 0.105236 0.074311
0 0.088474 0.439733 0.108519 0.083720
0 0.921548 0.725593 0.118542 0.088219
0 0.926905 0.072198 0.106791 0.086583
0 0.914463 0.536747 0.108519 0.085765
0 0.400467 0.809313 0.135303 0.110308
0 0.388802 0.659667 0.162087 0.116171
0 0.637809 0.096128 0.106791 0.123534
0 0.409625 0.922757 0.156039 0.093673
0 0.391222 0.084061 0.121998 0.112490
0 0.081908 0.115421 0.121306 0.145487
0 0.930793 0.952959 0.094522 0.067903
0 0.229653 0.213253 0.117505 0.108808
0 0.234232 0.804131 0.153966 0.123943
0 0.605841 0.316403 0.061863 0.045132
0 0.927596 0.892964 0.091239 0.049905
0 0.525056 0.347355 0.144980 0.118489
0 0.290479 0.781633 0.047693 0.045132
0 0.457318 0.772702 0.038535 0.033542
0 0.622775 0.901145 0.042509 0.044996
0 0.544323 0.931552 0.119578 0.116444
0 0.459219 0.946755 0.047866 0.031497
0 0.910575 0.285997 0.115604 0.140578
0 0.907897 0.425007 0.120961 0.122716
0 0.973043 0.255045 0.043891 0.032588
0 0.282530 0.201595 0.045274 0.038860
0 0.292379 0.317426 0.041127 0.035724
0 0.449283 0.277611 0.043891 0.035724
