0 0.848755 0.170997 0.068186 0.118630
0 0.850265 0.334894 0.087498 0.124169
0 0.857908 0.494965 0.092532 0.130916
0 0.858915 0.648792 0.070200 0.067170
0 0.845186 0.833988 0.069101 0.121954
0 0.727210 0.154230 0.085393 0.116314
0 0.724693 0.328248 0.098664 0.135448
0 0.721124 0.488822 0.089511 0.123061
0 0.723183 0.661128 0.079352 0.116415
0 0.594499 0.154783 0.076240 0.115206
0 0.598618 0.328751 0.088504 0.132024
0 0.600128 0.488268 0.097565 0.124169
0 0.593996 0.658912 0.089511 0.123061
0 0.594545 0.830614 0.102691 0.126485
0 0.398270 0.172709 0.088504 0.133132
0 0.398270 0.328802 0.110837 0.116415
0 0.393191 0.484894 0.086399 0.110775
0 0.400833 0.660574 0.099671 0.137664
0 0.264003 0.171047 0.090518 0.127593
0 0.271142 0.342800 0.086491 0.130916
0 0.266566 0.525176 0.075325 0.115206
0 0.266017 0.650504 0.074227 0.117523
0 0.273659 0.826687 0.093538 0.118630
0 0.401794 0.827845 0.091525 0.132024
0 0.149094 0.174371 0.096650 0.111883
0 0.136875 0.327090 0.092532 0.133132
0 0.139941 0.488822 0.080359 0.123061
0 0.138386 0.668379 0.073220 0.128701
0 0.145570 0.830111 0.097657 0.140987
