0 0.867640 0.064964 0.226472 0.109288
0 0.875189 0.185234 0.249623 0.144483
0 0.875189 0.309738 0.249623 0.126753
0 0.862607 0.419555 0.224459 0.125695
0 0.881480 0.578195 0.237041 0.121196
0 0.867640 0.695157 0.226472 0.103731
0 0.864620 0.814634 0.216407 0.124636
0 0.871917 0.937153 0.221943 0.115639
0 0.632864 0.078195 0.205838 0.113522
0 0.630851 0.199524 0.235028 0.135486
0 0.625566 0.325218 0.220433 0.120138
0 0.629844 0.440990 0.215903 0.109288
0 0.636135 0.568801 0.224459 0.137867
0 0.643432 0.685763 0.217916 0.109288
0 0.632864 0.802593 0.239054 0.129135
0 0.649472 0.936094 0.239054 0.124636
0 0.394061 0.078195 0.201309 0.126753
0 0.385254 0.192247 0.213890 0.112464
0 0.390539 0.313575 0.249623 0.128076
0 0.393810 0.435433 0.221943 0.124636
0 0.397081 0.562186 0.232511 0.126753
0 0.406392 0.679677 0.256165 0.114581
0 0.407650 0.804181 0.253649 0.130193
0 0.409411 0.920482 0.215903 0.098174
0 0.158027 0.071051 0.207348 0.127812
0 0.172622 0.196613 0.249623 0.119079
0 0.165073 0.310797 0.226472 0.113522
0 0.148465 0.433845 0.222446 0.123578
0 0.156769 0.554512 0.243080 0.122519
0 0.153749 0.675311 0.233015 0.130193
0 0.176900 0.797565 0.233015 0.134427
0 0.170357 0.923922 0.262204 0.124636
