0 0.739480 0.295965 0.024192 0.020814
0 0.187640 0.061895 0.024802 0.023736
0 0.865420 0.386617 0.026428 0.026474
0 0.461882 0.903779 0.028461 0.023370
0 0.186928 0.355213 0.023379 0.023188
0 0.461984 0.926785 0.029071 0.023005
0 0.712137 0.947416 0.027241 0.030309
0 0.690384 0.360690 0.023989 0.026474
0 0.159077 0.897937 0.022972 0.023005
0 0.162635 0.175552 0.026428 0.026109
0 0.438300 0.038981 0.026022 0.022092
0 0.689164 0.384974 0.022769 0.021362
0 0.162635 0.040077 0.023582 0.023553
0 0.162025 0.150173 0.026022 0.025014
0 0.085688 0.213894 0.024598 0.024649
0 0.788473 0.589830 0.027445 0.023553
0 0.162228 0.333485 0.024802 0.031587
0 0.437182 0.540442 0.020939 0.024101
0 0.662431 0.769217 0.029478 0.029943
0 0.712543 0.700657 0.025208 0.018441
0 0.791218 0.129542 0.022362 0.023553
0 0.259606 0.877396 0.025208 0.022823
0 0.163143 0.198192 0.024192 0.018806
0 0.236837 0.352474 0.025208 0.023188
0 0.411059 0.402684 0.022769 0.025744
0 0.287457 0.216542 0.023175 0.028118
0 0.210409 0.534964 0.025208 0.024831
0 0.664159 0.320705 0.023582 0.029030
0 0.435149 0.945773 0.026631 0.022640
0 0.412381 0.564086 0.023379 0.025744
0 0.311954 0.421490 0.022159 0.022092
0 0.465440 0.038890 0.026225 0.021545
0 0.384631 0.766661 0.026428 0.028118
0 0.435658 0.652912 0.027241 0.023005
0 0.565156 0.198649 0.025208 0.024831
0 0.516263 0.059522 0.024192 0.026292
0 0.186623 0.559430 0.023582 0.023005
0 0.714373 0.339237 0.024802 0.020449
0 0.286542 0.671170 0.022566 0.023005
0 0.439724 0.354391 0.024395 0.025561
0 0.662330 0.518349 0.027241 0.027022
0 0.865420 0.675917 0.024802 0.019719
0 0.661822 0.848640 0.029071 0.029578
0 0.410144 0.719828 0.019719 0.019901
0 0.136410 0.329651 0.025615 0.019536
0 0.109473 0.290579 0.022972 0.025744
0 0.716609 0.130911 0.024395 0.024466
0 0.740293 0.270221 0.028258 0.028118
0 0.841533 0.084535 0.024598 0.022275
0 0.136308 0.534873 0.023785 0.022823
0 0.358101 0.853204 0.021752 0.022275
0 0.785932 0.791218 0.021956 0.024649
0 0.791624 0.059065 0.022769 0.020632
0 0.588433 0.446960 0.024598 0.024101
0 0.338483 0.078601 0.023989 0.023918
0 0.437487 0.379861 0.026835 0.025379
0 0.515857 0.108910 0.027851 0.024649
0 0.791726 0.173544 0.025412 0.021727
0 0.438809 0.015885 0.021752 0.025561
0 0.312767 0.466770 0.022159 0.029030
0 0.084570 0.291583 0.026428 0.033230
0 0.867351 0.470878 0.024192 0.024466
0 0.313682 0.077962 0.023175 0.021545
0 0.137121 0.586361 0.025818 0.023188
0 0.714170 0.201022 0.023582 0.025561
0 0.637731 0.609823 0.025208 0.024466
0 0.312360 0.648622 0.024598 0.025744
0 0.838788 0.426693 0.025615 0.020084
0 0.840720 0.540716 0.025818 0.023918
0 0.687843 0.722385 0.023379 0.023918
0 0.766111 0.104893 0.026225 0.020632
0 0.412279 0.537247 0.025615 0.028300
0 0.866741 0.221928 0.025412 0.026474
0 0.615369 0.148256 0.026022 0.022640
0 0.564444 0.174457 0.023379 0.023553
0 0.438402 0.515702 0.024598 0.025379
0 0.258996 0.829377 0.026428 0.024283
0 0.311649 0.603980 0.024395 0.023736
0 0.439520 0.127807 0.025615 0.023005
0 0.562716 0.292131 0.025208 0.023370
0 0.159382 0.851013 0.023582 0.021910
0 0.312564 0.717637 0.025818 0.025744
0 0.640679 0.331568 0.024192 0.020084
0 0.739886 0.170896 0.025005 0.028118
0 0.263163 0.317601 0.025412 0.022092
0 0.840821 0.516615 0.025208 0.023918
0 0.840923 0.059796 0.025005 0.024283
0 0.561801 0.560800 0.025818 0.023188
0 0.561496 0.584261 0.023582 0.024101
0 0.187741 0.174548 0.023379 0.020084
0 0.563428 0.610005 0.023785 0.025927
0 0.537914 0.561621 0.021956 0.018623
0 0.209900 0.695362 0.026225 0.025014
0 0.639256 0.429797 0.021346 0.023736
0 0.789693 0.341428 0.026225 0.023736
0 0.409230 0.854209 0.024802 0.023188
0 0.162940 0.604163 0.024598 0.024466
0 0.261639 0.270312 0.027648 0.031952
0 0.810836 0.791309 0.025818 0.023736
0 0.689673 0.035969 0.025005 0.020814
0 0.740089 0.472704 0.025412 0.025196
0 0.615369 0.171079 0.025208 0.021545
0 0.713255 0.586544 0.027038 0.022092
0 0.336755 0.628538 0.025412 0.023553
0 0.386257 0.221654 0.023175 0.023005
0 0.762248 0.655012 0.025005 0.028300
0 0.337365 0.468231 0.023379 0.027570
0 0.336552 0.399854 0.024598 0.020814
0 0.210104 0.558700 0.024598 0.021910
0 0.588636 0.585448 0.025412 0.024649
0 0.258589 0.853569 0.022769 0.024101
0 0.237447 0.198375 0.024395 0.023188
0 0.110083 0.535056 0.023379 0.023188
0 0.412177 0.590104 0.027445 0.025561
0 0.615166 0.334398 0.025208 0.023553
0 0.187741 0.083896 0.022566 0.021727
0 0.891136 0.387073 0.025005 0.026657
0 0.661923 0.585905 0.022362 0.025196
0 0.239785 0.054683 0.025005 0.024283
0 0.736735 0.610371 0.025208 0.027022
0 0.837975 0.291035 0.026835 0.024466
0 0.463610 0.471243 0.027445 0.026657
0 0.338077 0.053679 0.022769 0.026292
0 0.362065 0.150447 0.024802 0.031039
0 0.286034 0.850739 0.025615 0.017345
0 0.209799 0.264561 0.025208 0.026657
0 0.590872 0.221106 0.025005 0.026292
0 0.414718 0.101789 0.024802 0.020632
0 0.288880 0.190707 0.025615 0.023918
0 0.538524 0.290214 0.020736 0.021362
0 0.336857 0.198192 0.023582 0.027570
0 0.638138 0.633832 0.022769 0.022823
0 0.313072 0.125251 0.022769 0.025927
0 0.362269 0.178474 0.026022 0.026474
0 0.114251 0.428337 0.025208 0.030309
0 0.814495 0.315136 0.023785 0.023005
0 0.309616 0.874475 0.025615 0.022823
0 0.686318 0.609732 0.026022 0.022823
0 0.789693 0.316414 0.023379 0.026292
0 0.587721 0.653003 0.024802 0.026840
0 0.383208 0.852291 0.025615 0.021545
0 0.815918 0.105441 0.025005 0.019536
0 0.361862 0.058791 0.023989 0.023736
0 0.087416 0.060161 0.023582 0.027570
0 0.439114 0.085540 0.024802 0.019171
0 0.763671 0.517254 0.021752 0.025196
0 0.313580 0.353661 0.023379 0.022640
0 0.562513 0.267391 0.026428 0.026109
0 0.158772 0.672540 0.023989 0.024283
0 0.588229 0.267847 0.023379 0.026292
0 0.187640 0.216998 0.025208 0.025379
0 0.540455 0.103798 0.023785 0.025014
0 0.465542 0.221106 0.025615 0.024466
0 0.084773 0.558426 0.023989 0.021727
0 0.288677 0.055140 0.024802 0.021179
0 0.589551 0.404510 0.025615 0.021727
0 0.816020 0.609001 0.026022 0.022092
0 0.687843 0.222202 0.024598 0.024466
0 0.311649 0.265565 0.025615 0.022458
0 0.687945 0.471791 0.025615 0.023005
0 0.915328 0.929158 0.023785 0.021910
0 0.111201 0.190250 0.023175 0.025927
0 0.313580 0.169984 0.024598 0.028118
0 0.762858 0.541537 0.025005 0.023370
0 0.613438 0.609275 0.025005 0.022640
0 0.208376 0.897663 0.021549 0.023553
0 0.161923 0.382600 0.024598 0.026109
0 0.136816 0.560435 0.024395 0.027935
0 0.639561 0.220650 0.022769 0.023553
0 0.891848 0.566642 0.025615 0.023918
0 0.615877 0.015885 0.024598 0.024101
0 0.161822 0.558974 0.023989 0.022458
0 0.786135 0.834855 0.023989 0.019536
0 0.739581 0.340697 0.023582 0.020814
0 0.313478 0.054409 0.023582 0.024831
0 0.263570 0.084444 0.026631 0.025379
0 0.359321 0.784462 0.023379 0.024649
0 0.213051 0.083349 0.027648 0.023553
0 0.839602 0.359321 0.022362 0.022275
0 0.540354 0.080884 0.022769 0.019719
0 0.183676 0.874475 0.025005 0.024649
0 0.385444 0.791583 0.024802 0.020997
0 0.237243 0.537794 0.025208 0.024649
0 0.289490 0.077232 0.023989 0.023370
0 0.337670 0.313949 0.023582 0.022092
0 0.589652 0.472156 0.029071 0.025927
0 0.263163 0.147343 0.022972 0.022275
0 0.136308 0.124703 0.025412 0.017893
0 0.261943 0.296239 0.024192 0.021727
0 0.311750 0.014150 0.022566 0.022823
0 0.163245 0.429432 0.024802 0.030309
0 0.363184 0.036882 0.025005 0.021179
0 0.238666 0.080975 0.023582 0.025379
0 0.663143 0.451251 0.023989 0.022823
0 0.237548 0.149169 0.024192 0.025196
0 0.059158 0.398850 0.024802 0.025744
0 0.941553 0.718915 0.025005 0.025379
0 0.615877 0.061713 0.023379 0.022275
0 0.387477 0.036060 0.022362 0.026840
0 0.361964 0.358225 0.024192 0.021545
0 0.184387 0.898576 0.023582 0.021362
0 0.186827 0.603524 0.022362 0.025744
0 0.060175 0.580975 0.024395 0.023005
0 0.810836 0.812854 0.023379 0.019719
0 0.865725 0.447690 0.024598 0.020449
0 0.565460 0.150995 0.023379 0.024466
0 0.383818 0.829377 0.026835 0.022458
0 0.737548 0.539072 0.022769 0.022823
0 0.789490 0.565273 0.025005 0.026292
0 0.287965 0.539620 0.022972 0.020997
0 0.841533 0.221015 0.022972 0.025379
0 0.212442 0.105897 0.025615 0.024831
0 0.135800 0.103159 0.026022 0.023005
0 0.383513 0.874840 0.025005 0.023918
0 0.814190 0.722841 0.024395 0.019719
0 0.894491 0.222111 0.026022 0.025014
0 0.516060 0.085083 0.023785 0.024831
0 0.538931 0.335129 0.022769 0.027570
0 0.766416 0.125616 0.023989 0.018988
0 0.714983 0.448238 0.023175 0.023005
0 0.412076 0.511868 0.026022 0.020997
0 0.409026 0.946047 0.021143 0.022458
0 0.412076 0.291035 0.023175 0.022275
0 0.263062 0.124977 0.022769 0.024283
0 0.235922 0.514424 0.021346 0.021727
0 0.211120 0.671444 0.026225 0.023918
0 0.237752 0.609823 0.025818 0.021179
0 0.087314 0.188789 0.025005 0.024101
0 0.864810 0.361694 0.024395 0.023370
0 0.160094 0.945865 0.025818 0.024283
0 0.789998 0.540624 0.026022 0.023736
0 0.061801 0.055779 0.023989 0.022458
0 0.868571 0.542815 0.024598 0.022275
0 0.613031 0.584718 0.024192 0.024283
0 0.739378 0.585631 0.025208 0.023188
0 0.915328 0.881139 0.025818 0.024101
0 0.110592 0.127351 0.022769 0.020632
0 0.465034 0.110097 0.025818 0.022640
0 0.109982 0.648074 0.028054 0.022458
0 0.408010 0.697553 0.019110 0.022823
0 0.162025 0.125434 0.023175 0.025927
0 0.262655 0.217272 0.024802 0.026657
0 0.866945 0.196458 0.027851 0.020814
0 0.209697 0.942304 0.023785 0.027022
0 0.162330 0.014880 0.020533 0.026840
0 0.865826 0.294961 0.023989 0.020267
0 0.185505 0.329925 0.022566 0.026292
0 0.714068 0.315592 0.022566 0.026840
0 0.463814 0.582618 0.024598 0.024466
0 0.638646 0.540624 0.021346 0.023370
0 0.664363 0.347453 0.026022 0.024466
0 0.462899 0.675917 0.028054 0.021910
0 0.211730 0.582070 0.026225 0.023370
0 0.737853 0.721654 0.025005 0.023553
0 0.765704 0.146339 0.024598 0.022458
0 0.211018 0.513328 0.026022 0.018076
0 0.107034 0.873471 0.025818 0.025196
0 0.085180 0.625525 0.024802 0.024101
0 0.590262 0.339876 0.023785 0.021727
0 0.463407 0.654008 0.027038 0.022640
0 0.514027 0.291674 0.024598 0.022823
0 0.361659 0.467866 0.026835 0.023188
0 0.263468 0.167701 0.026022 0.021727
0 0.710307 0.789392 0.022769 0.022823
0 0.811649 0.834855 0.025005 0.023188
0 0.515552 0.035330 0.025615 0.019536
0 0.761130 0.789118 0.024395 0.023370
0 0.464525 0.266752 0.024395 0.023370
0 0.613641 0.632828 0.025818 0.025196
0 0.688860 0.197006 0.022566 0.023736
0 0.136207 0.145335 0.025208 0.017893
0 0.735820 0.903962 0.023379 0.022275
0 0.690384 0.104437 0.023582 0.020449
0 0.715186 0.224393 0.022362 0.019354
0 0.713356 0.290579 0.023989 0.021727
0 0.462492 0.970422 0.028054 0.021910
0 0.385952 0.400858 0.024192 0.023553
0 0.183574 0.852383 0.024802 0.021362
0 0.890933 0.471335 0.022159 0.026109
0 0.337264 0.653186 0.026022 0.025379
0 0.209595 0.290579 0.023582 0.025014
0 0.182964 0.761822 0.025208 0.026109
0 0.060175 0.217820 0.024802 0.024831
0 0.863184 0.835768 0.028054 0.023188
0 0.866233 0.270312 0.024802 0.029396
0 0.212137 0.382235 0.025412 0.023188
0 0.861964 0.858682 0.023582 0.021545
0 0.439114 0.194450 0.023175 0.024831
0 0.589754 0.146887 0.021956 0.020632
0 0.134377 0.694906 0.023175 0.025561
0 0.288880 0.100694 0.023989 0.022823
0 0.358914 0.809293 0.023379 0.022092
0 0.689266 0.014972 0.023785 0.021910
0 0.387172 0.125251 0.023785 0.020814
0 0.162431 0.628994 0.023175 0.024831
0 0.158264 0.717729 0.025818 0.023736
0 0.081724 0.829651 0.023582 0.022640
0 0.058548 0.468048 0.025615 0.023918
0 0.288372 0.143418 0.023785 0.018076
0 0.464017 0.540716 0.026631 0.023553
0 0.133970 0.784280 0.022362 0.021727
0 0.791218 0.221380 0.023175 0.025014
0 0.514332 0.267939 0.024395 0.023188
0 0.712746 0.541355 0.024395 0.022640
0 0.916141 0.653551 0.019719 0.022458
0 0.563834 0.406062 0.025818 0.020449
0 0.914922 0.677013 0.022972 0.021179
0 0.463712 0.176739 0.024395 0.020084
0 0.813072 0.901862 0.022159 0.025379
0 0.412381 0.167610 0.023379 0.024831
0 0.815918 0.058244 0.024598 0.023005
0 0.588636 0.563538 0.024192 0.018806
0 0.311649 0.852291 0.024395 0.020449
0 0.387375 0.338689 0.025412 0.019719
0 0.816629 0.656473 0.023582 0.019536
0 0.411872 0.469509 0.022769 0.024283
0 0.085587 0.535512 0.024395 0.023370
0 0.234397 0.945408 0.023582 0.022275
0 0.640476 0.357951 0.024598 0.024649
0 0.235922 0.656016 0.022972 0.023370
0 0.590669 0.383148 0.028258 0.023553
0 0.162025 0.358956 0.023582 0.018988
0 0.337264 0.291309 0.021549 0.022823
0 0.386054 0.558791 0.021143 0.023188
0 0.184184 0.671079 0.025615 0.021362
0 0.892458 0.541446 0.022769 0.026109
0 0.236837 0.467409 0.024395 0.027752
0 0.812462 0.409074 0.024192 0.022823
0 0.411059 0.377214 0.023989 0.024831
0 0.387579 0.102611 0.025412 0.024831
0 0.408518 0.900949 0.023379 0.019536
0 0.640069 0.173087 0.025005 0.023736
0 0.812767 0.766661 0.023582 0.022275
0 0.110998 0.400676 0.024395 0.023188
0 0.059667 0.514515 0.021752 0.023736
0 0.084773 0.579879 0.019923 0.020814
0 0.786339 0.813949 0.024395 0.021179
0 0.563021 0.634654 0.024192 0.023005
0 0.260419 0.899397 0.026022 0.017163
0 0.187233 0.131368 0.019923 0.025379
0 0.438300 0.290031 0.024802 0.019536
0 0.086705 0.440844 0.027445 0.021362
0 0.310226 0.898850 0.021549 0.023736
0 0.111100 0.014241 0.022159 0.022275
0 0.437792 0.563538 0.021752 0.021362
0 0.363387 0.515702 0.023785 0.024649
0 0.791319 0.151543 0.022566 0.021545
0 0.712746 0.721745 0.021956 0.021179
0 0.840211 0.127533 0.022769 0.023918
0 0.288575 0.448603 0.025005 0.024831
0 0.840516 0.194632 0.021752 0.023005
0 0.413397 0.267482 0.026631 0.025927
0 0.840618 0.609184 0.022769 0.020632
0 0.685607 0.633193 0.025412 0.023370
0 0.083452 0.897480 0.027445 0.023553
0 0.787050 0.972613 0.026225 0.024831
0 0.237548 0.441300 0.024598 0.023005
0 0.337670 0.537703 0.019923 0.024101
0 0.110083 0.581979 0.024598 0.023918
0 0.387477 0.198558 0.027241 0.024649
0 0.106119 0.762552 0.022362 0.024283
0 0.136105 0.648987 0.023379 0.020997
0 0.362472 0.014880 0.023989 0.023918
0 0.586705 0.701753 0.026022 0.022823
0 0.111913 0.376757 0.024598 0.025014
0 0.464119 0.061347 0.028054 0.024101
0 0.460764 0.809932 0.023379 0.024466
0 0.766111 0.038890 0.025818 0.020084
0 0.411974 0.312762 0.025005 0.023370
0 0.464322 0.154464 0.023989 0.024101
0 0.815816 0.148987 0.024395 0.024466
0 0.864912 0.337594 0.025005 0.025196
0 0.286644 0.646796 0.025208 0.025014
0 0.563631 0.316140 0.026225 0.023188
0 0.437691 0.169801 0.023582 0.021545
0 0.236938 0.311211 0.023379 0.020632
0 0.639561 0.404966 0.021956 0.025561
0 0.565257 0.358590 0.026225 0.020814
0 0.185810 0.942030 0.025208 0.023918
0 0.514840 0.179569 0.025818 0.024283
0 0.614657 0.311028 0.025005 0.021727
0 0.136308 0.059887 0.025818 0.025196
0 0.185708 0.919390 0.021752 0.020267
0 0.665277 0.370823 0.025005 0.021910
0 0.588128 0.677561 0.025208 0.025196
0 0.837772 0.792222 0.024802 0.020084
0 0.739886 0.317692 0.023785 0.023736
0 0.334418 0.899945 0.021549 0.021545
0 0.183472 0.693537 0.024598 0.023918
0 0.786847 0.878674 0.022972 0.022458
0 0.136105 0.396933 0.026225 0.022640
0 0.262757 0.387438 0.027445 0.027752
0 0.161517 0.514515 0.020939 0.021545
0 0.565257 0.078510 0.025412 0.025196
0 0.814596 0.362151 0.026835 0.025379
0 0.589652 0.315501 0.024192 0.027387
0 0.133970 0.877944 0.023582 0.026474
0 0.208376 0.783915 0.023989 0.022823
0 0.788270 0.612562 0.026225 0.020814
0 0.790608 0.656199 0.026428 0.021910
0 0.837162 0.813219 0.025615 0.022640
0 0.186928 0.380044 0.023785 0.022823
0 0.891950 0.609914 0.024192 0.020632
0 0.943484 0.079058 0.024802 0.025927
0 0.234397 0.784280 0.025615 0.020997
0 0.538219 0.310845 0.022972 0.020267
0 0.311242 0.764104 0.026022 0.024466
0 0.737040 0.678839 0.025412 0.023370
0 0.334621 0.812123 0.023989 0.022640
0 0.839602 0.722567 0.021549 0.021727
0 0.762452 0.610097 0.020126 0.023188
0 0.738463 0.699379 0.025818 0.019536
0 0.712950 0.563904 0.024395 0.022823
0 0.088433 0.085631 0.021549 0.023005
0 0.413804 0.122238 0.023379 0.021362
0 0.465847 0.085722 0.026225 0.025379
0 0.690181 0.126620 0.023582 0.024649
0 0.058345 0.604254 0.026835 0.023553
0 0.413499 0.192715 0.025208 0.024649
0 0.262045 0.471243 0.021549 0.023005
0 0.262248 0.580701 0.024395 0.024283
0 0.515349 0.133011 0.024395 0.023188
0 0.814088 0.433266 0.023379 0.024466
0 0.761537 0.879496 0.024802 0.021545
0 0.840313 0.151543 0.022566 0.022640
0 0.790506 0.196640 0.025818 0.023370
0 0.310327 0.967135 0.025005 0.024466
0 0.261639 0.649991 0.023989 0.023005
0 0.812360 0.292039 0.022769 0.022823
0 0.110998 0.558517 0.024802 0.023005
0 0.285526 0.828830 0.025005 0.023188
0 0.915430 0.518258 0.025615 0.023918
0 0.437182 0.062443 0.025005 0.027022
0 0.891950 0.313401 0.023379 0.020632
0 0.387172 0.379131 0.023379 0.021727
0 0.714068 0.404692 0.023379 0.020632
0 0.359219 0.966770 0.022362 0.023370
0 0.061293 0.101515 0.026631 0.023005
0 0.409433 0.878218 0.023582 0.024831
0 0.437386 0.445225 0.022972 0.025379
0 0.412482 0.037064 0.023175 0.025927
0 0.709900 0.812762 0.021956 0.021362
0 0.837874 0.769582 0.023379 0.026292
0 0.637020 0.720467 0.023785 0.027752
0 0.287457 0.625799 0.025615 0.018076
0 0.816426 0.195819 0.023175 0.024283
0 0.766518 0.220102 0.025005 0.022823
0 0.160297 0.783367 0.025412 0.019171
0 0.412584 0.061165 0.027851 0.022640
0 0.209087 0.808015 0.026631 0.023188
0 0.891848 0.632646 0.026835 0.022275
0 0.760215 0.858134 0.022159 0.023005
0 0.312970 0.581705 0.023785 0.018623
0 0.359219 0.920668 0.021956 0.020997
0 0.312868 0.375297 0.023989 0.018076
0 0.866335 0.174183 0.026631 0.024831
0 0.736735 0.878127 0.022362 0.027935
0 0.764586 0.320522 0.023582 0.023188
0 0.408416 0.922585 0.021956 0.023370
0 0.539947 0.193628 0.023582 0.020267
0 0.359728 0.761001 0.025412 0.017163
0 0.816324 0.540716 0.024598 0.021727
0 0.335739 0.266661 0.022159 0.025379
0 0.464424 0.197280 0.025005 0.022823
0 0.237752 0.125160 0.022566 0.024649
0 0.461679 0.879679 0.029681 0.026292
0 0.413194 0.143783 0.023785 0.020632
0 0.211730 0.647526 0.023785 0.023553
0 0.360947 0.558700 0.027038 0.021910
0 0.186928 0.193263 0.023785 0.018076
0 0.135902 0.194723 0.027038 0.025014
0 0.789591 0.634471 0.025208 0.021545
0 0.687741 0.561804 0.026428 0.024101
0 0.112015 0.057239 0.022769 0.021362
0 0.261334 0.627807 0.020533 0.022823
0 0.087416 0.419116 0.028868 0.020267
0 0.187538 0.036060 0.021346 0.026474
0 0.891136 0.447325 0.025412 0.021179
0 0.336755 0.014880 0.026631 0.023918
0 0.638544 0.562534 0.023175 0.021179
0 0.259606 0.785740 0.023175 0.022823
0 0.161415 0.651086 0.020329 0.018988
0 0.511283 0.565456 0.028054 0.027387
0 0.614556 0.194632 0.023175 0.023370
0 0.538524 0.650630 0.022769 0.021362
0 0.915328 0.768669 0.026225 0.025927
0 0.816629 0.083257 0.023989 0.021910
0 0.087010 0.035330 0.025615 0.022092
0 0.187335 0.154282 0.023785 0.019354
0 0.686318 0.657933 0.025615 0.023188
0 0.337162 0.125799 0.022972 0.025561
0 0.236633 0.377031 0.022769 0.022275
0 0.687030 0.697827 0.021752 0.022640
0 0.059565 0.556692 0.022769 0.019719
0 0.892255 0.358956 0.026428 0.025561
0 0.540049 0.172814 0.022566 0.020632
0 0.663346 0.035695 0.022769 0.019901
0 0.336857 0.169801 0.023582 0.027387
0 0.060683 0.309111 0.026225 0.020084
0 0.686623 0.585722 0.025412 0.023736
0 0.763062 0.722750 0.023379 0.022823
0 0.382801 0.921307 0.022362 0.022640
0 0.086095 0.396567 0.024598 0.023005
0 0.763367 0.631915 0.023582 0.020449
0 0.916751 0.313310 0.024598 0.024101
0 0.060988 0.125434 0.027241 0.025927
0 0.590466 0.194176 0.024192 0.023188
0 0.083859 0.647891 0.022566 0.019536
0 0.837365 0.857221 0.022769 0.018988
0 0.539439 0.408435 0.022972 0.023370
0 0.563224 0.448238 0.024192 0.019719
0 0.639256 0.307285 0.022566 0.025561
0 0.432507 0.922129 0.022566 0.020632
0 0.917666 0.475625 0.023582 0.021545
0 0.590262 0.360599 0.022972 0.020449
0 0.361557 0.659303 0.019719 0.018623
0 0.714271 0.176557 0.022972 0.021910
0 0.236735 0.632098 0.025412 0.022275
0 0.436776 0.471061 0.025005 0.024831
0 0.541269 0.152638 0.023785 0.020814
0 0.289795 0.330838 0.025818 0.020084
0 0.161110 0.535695 0.021752 0.021910
0 0.058650 0.627351 0.025818 0.022275
0 0.136207 0.372558 0.024802 0.024283
0 0.085282 0.603524 0.024192 0.020632
0 0.263163 0.189976 0.023785 0.023553
0 0.891645 0.335129 0.023989 0.020997
0 0.262757 0.556053 0.023379 0.022092
0 0.716609 0.106628 0.025208 0.023370
0 0.866335 0.017893 0.026225 0.025561
0 0.841634 0.472065 0.026835 0.030126
0 0.107644 0.265200 0.023379 0.025014
0 0.057735 0.286014 0.023582 0.025014
0 0.538727 0.218733 0.023175 0.029213
0 0.210917 0.717820 0.024598 0.023918
0 0.716304 0.083075 0.023785 0.024831
0 0.840211 0.335311 0.025615 0.024649
0 0.816629 0.633650 0.023175 0.024649
0 0.786237 0.946321 0.022566 0.024831
0 0.261130 0.716816 0.026225 0.028483
0 0.539134 0.359686 0.021549 0.020084
0 0.564241 0.381778 0.025005 0.027752
0 0.134174 0.829377 0.025208 0.025379
0 0.385749 0.581614 0.025005 0.022458
0 0.185810 0.627168 0.021549 0.021179
0 0.211323 0.170714 0.023379 0.027022
0 0.663346 0.820705 0.031714 0.026657
0 0.386257 0.423498 0.022362 0.023918
0 0.387782 0.149443 0.023379 0.028665
0 0.765806 0.170988 0.024395 0.020632
0 0.236837 0.562717 0.024802 0.025927
0 0.233889 0.898211 0.025005 0.020267
0 0.185708 0.716907 0.024192 0.023188
0 0.287050 0.516250 0.028054 0.028665
0 0.258894 0.763465 0.019719 0.020632
0 0.312564 0.516706 0.026225 0.026292
0 0.412177 0.353387 0.024598 0.023188
0 0.460053 0.854117 0.024802 0.025196
0 0.333909 0.877031 0.022159 0.022458
0 0.786135 0.765930 0.024802 0.023370
0 0.866030 0.314497 0.024395 0.020267
0 0.112421 0.035603 0.024395 0.020449
0 0.233787 0.806555 0.021956 0.022823
0 0.336044 0.789301 0.025208 0.024101
0 0.918581 0.038890 0.024192 0.025927
0 0.463204 0.516067 0.026225 0.024283
0 0.736633 0.656107 0.023379 0.022823
0 0.158467 0.696001 0.025005 0.021545
0 0.788473 0.387986 0.025818 0.024101
0 0.361761 0.286379 0.025412 0.018076
0 0.640272 0.125160 0.024598 0.022823
0 0.664159 0.125434 0.022769 0.025561
0 0.788677 0.363794 0.020939 0.022092
0 0.689571 0.151178 0.023989 0.021545
0 0.588229 0.540624 0.023785 0.027387
0 0.438504 0.330382 0.021956 0.022458
0 0.358203 0.831203 0.022769 0.022092
0 0.187538 0.106445 0.021346 0.024831
0 0.312462 0.399124 0.021956 0.022275
0 0.791624 0.103980 0.021143 0.026840
0 0.663753 0.194997 0.023175 0.024466
0 0.615166 0.406336 0.023582 0.020267
0 0.861659 0.789575 0.022566 0.021727
0 0.263367 0.340424 0.025005 0.025379
0 0.262553 0.603615 0.021346 0.019719
0 0.839500 0.314041 0.023785 0.017893
0 0.837569 0.879131 0.023582 0.023005
0 0.386664 0.060526 0.025208 0.022458
0 0.710002 0.878674 0.027851 0.024283
0 0.887172 0.812762 0.024395 0.021362
0 0.387071 0.534873 0.023175 0.022092
0 0.263367 0.057605 0.022566 0.027935
0 0.260012 0.806920 0.025615 0.019536
0 0.086095 0.375205 0.023785 0.020449
0 0.539337 0.627259 0.022769 0.020632
0 0.360642 0.404784 0.021143 0.023370
0 0.163245 0.404236 0.026428 0.019354
0 0.286644 0.602520 0.021143 0.023005
0 0.361862 0.380957 0.025615 0.025379
0 0.737040 0.925142 0.020126 0.019719
0 0.312868 0.287840 0.022362 0.022823
0 0.537813 0.696823 0.022159 0.023188
0 0.613438 0.540351 0.024598 0.023553
0 0.612625 0.265839 0.021346 0.020084
0 0.109880 0.351378 0.022566 0.022823
0 0.081419 0.760088 0.026225 0.019719
0 0.287965 0.694815 0.022159 0.020632
0 0.314292 0.100055 0.023582 0.024466
0 0.765399 0.194632 0.025208 0.024831
0 0.411872 0.445499 0.023582 0.021910
0 0.264078 0.362972 0.026022 0.017893
0 0.661923 0.634563 0.024395 0.018806
0 0.133869 0.853478 0.022566 0.021362
0 0.236837 0.587548 0.025615 0.024101
0 0.313580 0.537886 0.025005 0.016798
0 0.134987 0.671353 0.022769 0.022640
0 0.109575 0.624886 0.025615 0.025014
0 0.334011 0.942761 0.023989 0.019536
0 0.412584 0.332755 0.023785 0.018806
0 0.465440 0.015337 0.026631 0.024101
0 0.163041 0.081523 0.025208 0.025014
0 0.638443 0.585266 0.023379 0.024649
0 0.761130 0.922677 0.023582 0.021727
0 0.086501 0.317875 0.021752 0.021910
0 0.361456 0.312032 0.023175 0.028483
0 0.663651 0.101607 0.024192 0.023918
0 0.714474 0.471609 0.023785 0.023005
0 0.612421 0.561713 0.021346 0.019901
0 0.789693 0.515976 0.024192 0.022640
0 0.689063 0.312032 0.024598 0.024831
0 0.233177 0.874110 0.022769 0.026474
0 0.893271 0.128081 0.022362 0.020997
0 0.815105 0.454994 0.027445 0.017528
0 0.337569 0.604619 0.023785 0.026109
0 0.287558 0.717729 0.022972 0.023736
0 0.514942 0.202940 0.023582 0.022458
0 0.764180 0.295600 0.021956 0.027022
0 0.688961 0.336681 0.022362 0.021545
0 0.662635 0.796604 0.033137 0.024831
0 0.918784 0.105258 0.024192 0.023553
0 0.285729 0.807011 0.022972 0.018623
0 0.465237 0.380592 0.025412 0.024649
0 0.159585 0.874019 0.023582 0.024831
0 0.358203 0.943217 0.022769 0.019719
0 0.659992 0.656016 0.023785 0.023370
0 0.260724 0.514059 0.024598 0.023188
0 0.613946 0.288297 0.023582 0.020814
0 0.387274 0.080975 0.022769 0.019901
0 0.464830 0.443765 0.025005 0.026474
0 0.285119 0.921125 0.025818 0.021910
0 0.337365 0.679295 0.023785 0.025744
0 0.414109 0.219189 0.025208 0.022823
0 0.161618 0.103067 0.025208 0.018806
0 0.764180 0.342523 0.022769 0.020814
0 0.061395 0.078875 0.025615 0.023736
0 0.718235 0.038342 0.027241 0.018623
0 0.384631 0.670988 0.026022 0.026292
0 0.914109 0.791127 0.025005 0.020084
0 0.435353 0.832025 0.026631 0.022275
0 0.334011 0.854482 0.021143 0.021910
0 0.786339 0.857221 0.023175 0.020449
0 0.537406 0.673087 0.022566 0.023553
0 0.465237 0.132463 0.024192 0.022092
0 0.436268 0.610097 0.023175 0.023553
0 0.787660 0.901588 0.022566 0.020814
0 0.133259 0.902136 0.023379 0.022640
0 0.409026 0.830747 0.024802 0.024466
0 0.740293 0.146796 0.022972 0.019354
0 0.763062 0.699471 0.022972 0.018988
0 0.917869 0.128903 0.023582 0.022275
0 0.433218 0.875844 0.023989 0.018623
0 0.059870 0.445317 0.025412 0.021910
0 0.136308 0.081523 0.024598 0.019171
0 0.438707 0.148804 0.028054 0.020449
0 0.087518 0.126164 0.024192 0.018988
0 0.638036 0.285193 0.025005 0.018258
0 0.412584 0.425050 0.023785 0.018988
0 0.212137 0.059522 0.024192 0.025927
0 0.385241 0.695819 0.024802 0.024101
0 0.108050 0.716633 0.024598 0.022275
0 0.688046 0.540259 0.022566 0.018988
0 0.290201 0.310389 0.028258 0.020449
0 0.312462 0.216633 0.025208 0.022458
0 0.161923 0.581249 0.021752 0.021727
0 0.108864 0.693902 0.025818 0.025379
0 0.663854 0.292587 0.022159 0.025379
0 0.263367 0.034143 0.022566 0.017528
0 0.409331 0.764378 0.021346 0.023188
0 0.764485 0.363885 0.023785 0.021179
0 0.838788 0.677835 0.024802 0.023188
0 0.184489 0.786927 0.024192 0.024831
0 0.361761 0.336863 0.022972 0.020814
0 0.287660 0.014607 0.026022 0.024831
0 0.207664 0.875388 0.020126 0.020997
0 0.712035 0.267026 0.025412 0.023553
0 0.815206 0.337411 0.022362 0.023005
0 0.764688 0.385978 0.022566 0.021179
0 0.186420 0.581158 0.024802 0.016432
0 0.287152 0.266752 0.020533 0.024466
0 0.136308 0.350009 0.022972 0.020084
0 0.815410 0.564999 0.026022 0.024649
0 0.761029 0.812306 0.023785 0.024101
0 0.362269 0.083440 0.020736 0.023736
0 0.032832 0.580062 0.026225 0.022275
0 0.712137 0.609001 0.024395 0.020997
0 0.640679 0.101150 0.022566 0.025561
0 0.867351 0.105989 0.025005 0.023918
0 0.161110 0.308015 0.026225 0.020449
0 0.184895 0.649261 0.025005 0.022275
0 0.914413 0.834764 0.024395 0.021910
0 0.136715 0.168614 0.023379 0.026474
0 0.539439 0.382965 0.024192 0.024283
0 0.335129 0.921581 0.023379 0.020267
0 0.208782 0.830929 0.023175 0.022275
0 0.435048 0.765930 0.028054 0.025927
0 0.262248 0.534782 0.023989 0.020084
0 0.310124 0.921307 0.020939 0.020449
0 0.916751 0.339328 0.023785 0.025379
0 0.337060 0.514059 0.024395 0.024649
0 0.788067 0.722567 0.025412 0.020632
0 0.915633 0.904966 0.024395 0.023553
0 0.760419 0.835859 0.022972 0.021910
0 0.709595 0.766478 0.022159 0.022640
0 0.664464 0.149808 0.021752 0.022823
0 0.361659 0.700566 0.021549 0.017893
0 0.712645 0.681669 0.024598 0.020632
0 0.334723 0.833394 0.020939 0.021727
0 0.941045 0.695089 0.021143 0.019354
0 0.337467 0.581888 0.024802 0.018258
0 0.111303 0.106445 0.025005 0.022640
0 0.762452 0.564817 0.021752 0.023188
0 0.313377 0.147343 0.022159 0.017528
0 0.714983 0.016341 0.025615 0.023918
0 0.815613 0.476173 0.024802 0.022640
0 0.890018 0.722476 0.024395 0.020814
0 0.237345 0.220559 0.023379 0.022640
0 0.137426 0.422403 0.023582 0.025379
0 0.659890 0.677926 0.021143 0.020449
0 0.588433 0.628994 0.024598 0.019354
0 0.136003 0.512050 0.023582 0.020267
0 0.110083 0.215446 0.021752 0.023370
0 0.059870 0.033047 0.023379 0.018623
0 0.084672 0.513694 0.020939 0.020632
0 0.714373 0.359869 0.023989 0.018988
0 0.111710 0.168340 0.025412 0.021179
0 0.210205 0.853387 0.023175 0.023370
0 0.235312 0.263922 0.025412 0.023553
0 0.211323 0.194723 0.022972 0.020997
0 0.563732 0.471243 0.026022 0.025927
0 0.636918 0.515885 0.020329 0.023553
0 0.288372 0.164324 0.020533 0.023005
0 0.589652 0.170257 0.022972 0.019171
0 0.738158 0.515519 0.022769 0.023188
0 0.234296 0.762370 0.024192 0.023188
0 0.616487 0.104072 0.023379 0.020814
0 0.159280 0.827643 0.021752 0.020084
0 0.188148 0.402593 0.025005 0.020449
0 0.812868 0.386708 0.028664 0.023005
0 0.761537 0.900402 0.025208 0.020997
0 0.086705 0.164506 0.022159 0.019354
0 0.816121 0.172448 0.020939 0.019901
0 0.612218 0.679387 0.022566 0.021545
0 0.861761 0.879861 0.022362 0.021179
0 0.887477 0.790944 0.026631 0.022275
0 0.462899 0.723389 0.025208 0.021545
0 0.788677 0.475808 0.020126 0.019719
0 0.436979 0.585813 0.022972 0.022092
0 0.714170 0.426237 0.024395 0.022823
0 0.208071 0.919025 0.020126 0.017710
0 0.540150 0.058335 0.023989 0.024649
0 0.208274 0.762096 0.020939 0.021179
0 0.386562 0.448147 0.022159 0.025744
0 0.640781 0.472704 0.021549 0.023736
0 0.788982 0.291127 0.023582 0.024283
0 0.812564 0.926146 0.024802 0.022092
0 0.236227 0.399854 0.023175 0.022275
0 0.384936 0.966496 0.023785 0.023188
0 0.588128 0.290944 0.021549 0.019536
0 0.835129 0.835494 0.024395 0.021179
0 0.212035 0.127442 0.026835 0.018988
0 0.739378 0.362425 0.023175 0.021910
0 0.210917 0.605532 0.025005 0.022458
0 0.284407 0.966588 0.024395 0.025561
0 0.861862 0.902319 0.022566 0.022275
0 0.842143 0.104711 0.024598 0.018441
0 0.287965 0.375753 0.023379 0.022275
0 0.866640 0.060069 0.023989 0.021910
0 0.464627 0.354939 0.025412 0.026657
0 0.736125 0.854482 0.020736 0.020084
0 0.438910 0.105441 0.024802 0.022458
0 0.638138 0.036425 0.022362 0.022092
0 0.839398 0.383330 0.024802 0.022092
0 0.135698 0.217911 0.024192 0.020632
0 0.741106 0.125434 0.020939 0.021545
0 0.111913 0.147800 0.023785 0.022458
0 0.889103 0.834946 0.022972 0.019719
0 0.314088 0.330838 0.021549 0.022275
0 0.463712 0.289027 0.025208 0.016067
0 0.358711 0.898119 0.023379 0.021545
0 0.363082 0.104437 0.022769 0.017893
0 0.868672 0.518806 0.025208 0.025379
0 0.814292 0.699836 0.026225 0.021545
0 0.211120 0.217729 0.024598 0.022458
0 0.335027 0.764835 0.020329 0.025196
0 0.236938 0.331751 0.019313 0.017528
0 0.710205 0.855395 0.024192 0.020449
0 0.284204 0.874292 0.023175 0.023918
0 0.662431 0.722658 0.023785 0.021910
0 0.108050 0.852200 0.025412 0.017345
0 0.288270 0.578967 0.023175 0.018623
0 0.387172 0.314771 0.023379 0.028483
0 0.735617 0.833668 0.021346 0.021545
0 0.182252 0.831203 0.021346 0.020997
0 0.211323 0.034234 0.025412 0.023188
0 0.588839 0.607814 0.023379 0.017893
0 0.187132 0.012050 0.022566 0.022640
0 0.383818 0.943217 0.025615 0.022640
0 0.385343 0.645974 0.025412 0.022275
0 0.639663 0.149078 0.024598 0.023188
0 0.537813 0.267026 0.019719 0.023918
0 0.712340 0.656107 0.024395 0.028665
0 0.387375 0.174183 0.027851 0.023370
0 0.237040 0.173544 0.021549 0.025744
0 0.361456 0.538068 0.021956 0.020814
0 0.287355 0.400402 0.020939 0.026292
0 0.563936 0.126164 0.023175 0.024831
0 0.312055 0.671444 0.022362 0.019171
0 0.211933 0.406062 0.023785 0.024831
0 0.385038 0.810024 0.024802 0.016615
0 0.889103 0.856856 0.025818 0.017163
0 0.764688 0.471426 0.024192 0.021179
0 0.837670 0.971882 0.027038 0.023370
0 0.060683 0.374110 0.024192 0.024101
0 0.234092 0.851378 0.022159 0.016798
0 0.716914 0.059156 0.022972 0.021179
0 0.515450 0.359047 0.025818 0.020997
0 0.540455 0.036334 0.022972 0.021545
0 0.312259 0.441848 0.022769 0.018258
0 0.839398 0.447964 0.021549 0.023188
0 0.737040 0.562169 0.022566 0.022275
0 0.888087 0.878035 0.025412 0.023370
0 0.185099 0.304090 0.023379 0.023553
0 0.512299 0.669984 0.027648 0.042907
0 0.539439 0.130272 0.018500 0.022823
0 0.233787 0.830382 0.023175 0.022275
0 0.461476 0.786653 0.023989 0.022823
0 0.312970 0.693719 0.023785 0.020997
0 0.081826 0.806463 0.024192 0.021910
0 0.236938 0.419847 0.022972 0.018076
0 0.314088 0.558974 0.024802 0.024649
0 0.410958 0.612744 0.024598 0.020084
0 0.134783 0.308837 0.025615 0.018441
0 0.689266 0.407888 0.022159 0.022640
0 0.083757 0.942213 0.026835 0.025744
0 0.839297 0.653551 0.025005 0.025014
0 0.866538 0.655560 0.025005 0.021727
0 0.515145 0.156290 0.028461 0.023005
0 0.562309 0.538068 0.023989 0.022275
0 0.813072 0.878766 0.025412 0.017163
0 0.465135 0.402501 0.024395 0.019536
0 0.058853 0.535877 0.025412 0.018988
0 0.289083 0.559339 0.025208 0.018076
0 0.435251 0.808289 0.023582 0.025561
0 0.310632 0.831477 0.023175 0.023370
0 0.410144 0.788205 0.025412 0.021910
0 0.258894 0.920668 0.021752 0.020267
0 0.917666 0.061713 0.024802 0.016798
0 0.463102 0.629998 0.024802 0.026474
0 0.736633 0.634106 0.022972 0.021545
0 0.461781 0.948329 0.026225 0.020449
0 0.313072 0.193445 0.021549 0.019171
0 0.338077 0.337867 0.026428 0.022823
0 0.259606 0.942761 0.022362 0.021727
0 0.838687 0.404966 0.026631 0.021545
0 0.767229 0.081340 0.026428 0.026109
0 0.512503 0.591382 0.028461 0.023736
0 0.236938 0.677378 0.023785 0.020084
0 0.087518 0.144605 0.023785 0.017893
0 0.382801 0.898119 0.022362 0.020084
0 0.233889 0.921307 0.024598 0.024831
0 0.661008 0.873653 0.026631 0.019719
0 0.866335 0.039803 0.023379 0.018623
0 0.892356 0.174000 0.022972 0.024101
0 0.360541 0.679934 0.021752 0.022640
0 0.110795 0.942213 0.024395 0.023918
0 0.435658 0.700657 0.029274 0.025744
0 0.238565 0.033504 0.025005 0.017710
0 0.762452 0.587457 0.019313 0.020997
0 0.787457 0.700383 0.025412 0.022275
0 0.811344 0.948329 0.023989 0.020814
0 0.616081 0.657203 0.029071 0.023553
0 0.108965 0.669436 0.023989 0.021362
0 0.538422 0.540168 0.022972 0.023553
0 0.337874 0.102794 0.023582 0.020084
0 0.663651 0.171627 0.022566 0.020814
0 0.464017 0.700566 0.027038 0.025927
0 0.211730 0.146431 0.023379 0.018258
0 0.461273 0.831751 0.023989 0.020632
0 0.337772 0.221928 0.025412 0.019536
0 0.638646 0.451251 0.020126 0.018076
0 0.108559 0.897206 0.025208 0.023005
0 0.387274 0.358590 0.021956 0.020449
0 0.110083 0.311393 0.020126 0.015154
0 0.436369 0.403871 0.025412 0.020449
0 0.108965 0.512324 0.021549 0.021179
0 0.537813 0.719920 0.021346 0.023370
0 0.284916 0.898850 0.019719 0.020814
0 0.862675 0.924502 0.022566 0.021362
0 0.587416 0.722658 0.024598 0.021179
0 0.061598 0.171262 0.024395 0.024101
0 0.413499 0.081797 0.023582 0.020814
0 0.160195 0.921125 0.023582 0.023370
0 0.437996 0.307833 0.022159 0.019354
0 0.688758 0.517710 0.021956 0.024283
0 0.865928 0.585174 0.027038 0.021545
0 0.515349 0.014241 0.025615 0.022640
0 0.616589 0.082983 0.021549 0.020997
0 0.212746 0.012142 0.022972 0.020267
0 0.840008 0.630089 0.023582 0.021910
0 0.433930 0.854482 0.021752 0.020814
0 0.739480 0.447234 0.022159 0.021362
0 0.664566 0.391912 0.021956 0.019536
0 0.110693 0.329743 0.024192 0.021179
0 0.766213 0.058791 0.024395 0.018988
0 0.335231 0.967135 0.024395 0.022640
0 0.865420 0.721198 0.024395 0.023370
0 0.816020 0.220559 0.018703 0.023370
0 0.135292 0.627442 0.023785 0.023188
0 0.161008 0.805459 0.026835 0.021362
0 0.889002 0.768395 0.026022 0.022823
0 0.184489 0.263648 0.023379 0.021910
0 0.563224 0.427515 0.025412 0.021362
0 0.513417 0.383056 0.025818 0.024831
0 0.262045 0.671992 0.025208 0.021362
0 0.915125 0.541172 0.028258 0.019719
0 0.712746 0.517345 0.019516 0.024649
0 0.412076 0.013328 0.021956 0.021179
0 0.262147 0.450338 0.024598 0.019901
0 0.210612 0.625525 0.024802 0.017528
0 0.687538 0.270677 0.023582 0.027935
0 0.714779 0.154099 0.020736 0.022275
0 0.663550 0.473343 0.022362 0.020267
0 0.357491 0.874201 0.024192 0.018623
0 0.736125 0.787840 0.024802 0.019719
0 0.184590 0.810663 0.019923 0.021545
0 0.337569 0.357586 0.021752 0.017710
0 0.360744 0.265930 0.026631 0.020632
0 0.591685 0.124429 0.025005 0.025014
0 0.337975 0.377579 0.022159 0.021910
0 0.059463 0.423316 0.023785 0.022092
0 0.107136 0.832573 0.025208 0.020814
0 0.109473 0.603159 0.024598 0.018441
0 0.613743 0.516706 0.026428 0.023005
0 0.210409 0.339785 0.023989 0.022275
0 0.735617 0.811028 0.021752 0.021179
0 0.236430 0.718185 0.022769 0.022458
0 0.336349 0.442669 0.023785 0.020267
0 0.714474 0.382235 0.022159 0.022823
0 0.235922 0.287749 0.024192 0.023736
0 0.711730 0.631002 0.024395 0.022275
0 0.336247 0.420942 0.025208 0.018076
0 0.563529 0.658572 0.023989 0.024101
0 0.914515 0.811211 0.023379 0.019354
0 0.464119 0.332664 0.026022 0.015702
0 0.839805 0.267300 0.025615 0.020084
0 0.591279 0.081249 0.028258 0.025196
0 0.285017 0.942852 0.023175 0.021545
0 0.811852 0.857678 0.022972 0.022458
0 0.764485 0.269125 0.021346 0.025561
0 0.862879 0.811576 0.020126 0.021910
0 0.360947 0.720102 0.021346 0.017893
0 0.614251 0.448147 0.024192 0.023918
0 0.032832 0.557878 0.025818 0.023553
0 0.664464 0.220376 0.023379 0.025561
0 0.083249 0.263922 0.026225 0.022092
0 0.864607 0.428245 0.024802 0.021727
0 0.916853 0.952529 0.026022 0.020814
0 0.614556 0.219920 0.023582 0.023918
0 0.385139 0.605076 0.025412 0.017528
0 0.637325 0.697645 0.026428 0.019354
0 0.436166 0.631550 0.024192 0.019719
0 0.763163 0.449060 0.023175 0.019901
0 0.615166 0.039164 0.019923 0.022458
0 0.741411 0.038068 0.021143 0.018441
0 0.918683 0.222841 0.021143 0.022092
0 0.866945 0.082162 0.023785 0.020084
0 0.917565 0.387712 0.024192 0.025379
0 0.689774 0.057605 0.021956 0.020632
0 0.337569 0.720650 0.022159 0.025561
0 0.915735 0.699197 0.025818 0.022092
0 0.212238 0.429706 0.025208 0.022458
0 0.839906 0.587822 0.022972 0.023188
0 0.840516 0.700475 0.021346 0.022823
0 0.538829 0.431349 0.024192 0.020632
0 0.893068 0.589191 0.024395 0.020449
0 0.108559 0.919390 0.021143 0.020997
0 0.159687 0.288753 0.025005 0.016980
0 0.057024 0.263192 0.024192 0.020997
0 0.387680 0.287384 0.021143 0.024466
0 0.815206 0.517710 0.026022 0.023553
0 0.337162 0.147252 0.022159 0.017710
0 0.033137 0.402045 0.021956 0.025561
0 0.211730 0.449790 0.023785 0.017710
0 0.234804 0.968687 0.022769 0.022823
0 0.563224 0.222385 0.026631 0.019354
0 0.387274 0.512781 0.021549 0.020267
0 0.661923 0.611375 0.023175 0.026474
0 0.890730 0.700018 0.023785 0.024101
0 0.663143 0.430345 0.023989 0.017893
0 0.060886 0.331386 0.026225 0.024466
0 0.739988 0.202118 0.025208 0.032865
0 0.158264 0.762005 0.023379 0.023553
0 0.287762 0.123699 0.025412 0.020267
0 0.086196 0.354117 0.021549 0.019536
0 0.287762 0.470422 0.022972 0.022823
0 0.061090 0.194176 0.024598 0.020997
0 0.639358 0.015246 0.021143 0.020267
0 0.538931 0.603889 0.025615 0.021362
0 0.741208 0.103433 0.021549 0.019536
0 0.262045 0.429980 0.021956 0.022640
0 0.615776 0.383604 0.023989 0.025196
0 0.360439 0.615300 0.020736 0.019354
0 0.664464 0.078236 0.024192 0.022458
0 0.866945 0.149808 0.025412 0.021727
0 0.311039 0.788388 0.022362 0.023370
0 0.688351 0.173544 0.021956 0.018441
0 0.033340 0.352291 0.021549 0.024283
0 0.439419 0.267573 0.024192 0.025379
0 0.513824 0.223936 0.027038 0.018076
0 0.588636 0.425507 0.025412 0.018806
0 0.463407 0.606445 0.025412 0.023918
0 0.538931 0.469600 0.021549 0.025561
0 0.336450 0.560069 0.019110 0.019536
0 0.435658 0.968413 0.023175 0.018988
0 0.238361 0.103433 0.022972 0.018441
0 0.237447 0.696367 0.023582 0.020814
0 0.057227 0.763739 0.022566 0.024101
0 0.917565 0.453442 0.021752 0.022458
0 0.616081 0.471882 0.024598 0.025014
0 0.689978 0.081340 0.024802 0.025379
0 0.033543 0.151634 0.027648 0.024283
0 0.661720 0.699562 0.022362 0.020997
0 0.791218 0.036151 0.022769 0.024101
0 0.361862 0.219189 0.022362 0.023188
0 0.785830 0.922768 0.023379 0.020449
0 0.109778 0.966314 0.024802 0.023188
0 0.386867 0.012689 0.019516 0.018441
0 0.436064 0.675644 0.025208 0.020632
0 0.287355 0.424776 0.023785 0.023553
0 0.107237 0.811758 0.023785 0.021545
0 0.162126 0.218642 0.023379 0.019901
0 0.865115 0.697553 0.024192 0.019901
0 0.941960 0.857495 0.025005 0.023918
0 0.433828 0.900858 0.023989 0.021545
0 0.891035 0.420029 0.026022 0.033778
0 0.615572 0.125434 0.022769 0.022275
0 0.033035 0.104802 0.025818 0.024831
0 0.662126 0.562808 0.020329 0.020632
0 0.060378 0.147982 0.023175 0.021727
0 0.362675 0.124338 0.025208 0.021179
0 0.739581 0.017071 0.021143 0.022092
0 0.537813 0.516524 0.021752 0.020814
0 0.540150 0.014150 0.023175 0.020997
0 0.135088 0.607358 0.026225 0.019536
0 0.816833 0.126347 0.023582 0.020814
0 0.563428 0.337228 0.024598 0.021179
0 0.033645 0.286197 0.022159 0.023188
0 0.237548 0.013968 0.026225 0.023188
0 0.138036 0.035330 0.022769 0.024283
0 0.512807 0.469874 0.022972 0.027570
0 0.409128 0.808928 0.020939 0.018076
0 0.312462 0.625342 0.022362 0.017893
0 0.761639 0.678930 0.024598 0.020632
0 0.865420 0.607358 0.023582 0.019536
0 0.839805 0.563721 0.022769 0.018806
0 0.888799 0.925872 0.022769 0.025196
0 0.588026 0.515154 0.025005 0.023918
0 0.385139 0.625068 0.024598 0.018441
0 0.591482 0.040077 0.025412 0.023188
0 0.916446 0.562626 0.021956 0.022092
0 0.614759 0.359138 0.024802 0.023005
0 0.361659 0.446230 0.023582 0.020814
0 0.914820 0.857312 0.022769 0.023188
0 0.838077 0.947234 0.025818 0.017528
0 0.893983 0.041081 0.026225 0.020814
0 0.133462 0.761183 0.026225 0.023370
0 0.561395 0.698010 0.024192 0.022640
0 0.891238 0.655742 0.024802 0.024283
0 0.941756 0.924411 0.022159 0.018623
0 0.259504 0.966953 0.022159 0.025196
0 0.313173 0.309111 0.021346 0.018623
0 0.709595 0.900310 0.022159 0.017163
0 0.036593 0.377214 0.021143 0.023736
0 0.462492 0.763374 0.025615 0.018623
0 0.916446 0.609732 0.022769 0.020632
0 0.106932 0.788570 0.023989 0.027022
0 0.740903 0.058700 0.022972 0.020267
0 0.410144 0.633285 0.023379 0.023918
0 0.081927 0.852109 0.024395 0.020814
0 0.686013 0.676648 0.024598 0.016798
0 0.387071 0.718824 0.027648 0.017528
0 0.511689 0.539529 0.025208 0.025561
0 0.894796 0.148348 0.021346 0.018806
0 0.640781 0.381687 0.022362 0.021727
0 0.917158 0.631185 0.025412 0.020084
0 0.640069 0.195636 0.022159 0.019171
0 0.512604 0.404053 0.027851 0.016067
0 0.309311 0.943491 0.023379 0.017345
0 0.309616 0.809293 0.022769 0.019536
0 0.614657 0.426602 0.024192 0.018441
0 0.409738 0.675644 0.022972 0.019171
0 0.139053 0.469144 0.023175 0.026109
0 0.566070 0.055870 0.024598 0.019354
0 0.864912 0.631276 0.024598 0.023553
0 0.138138 0.446138 0.022972 0.022458
0 0.083249 0.714807 0.020533 0.021910
0 0.688453 0.430619 0.022159 0.021362
0 0.888189 0.902319 0.025208 0.021545
0 0.712340 0.920942 0.027648 0.016067
0 0.641899 0.059704 0.027851 0.023370
0 0.083045 0.690798 0.022159 0.023918
0 0.464017 0.421216 0.026225 0.018258
0 0.133869 0.805550 0.026225 0.022275
0 0.565664 0.102154 0.023785 0.022823
0 0.942875 0.951068 0.024395 0.027752
0 0.134072 0.717090 0.021752 0.019536
0 0.889917 0.973069 0.021752 0.023553
0 0.361761 0.426054 0.022972 0.019536
0 0.662736 0.012598 0.021549 0.024466
0 0.463509 0.311302 0.026022 0.028118
0 0.863489 0.970604 0.021346 0.021545
0 0.185607 0.538251 0.021143 0.020449
0 0.287965 0.034508 0.025412 0.016432
0 0.739480 0.970604 0.022159 0.019354
0 0.059768 0.011959 0.024395 0.022823
0 0.434641 0.786653 0.026835 0.016980
0 0.512198 0.315775 0.027445 0.023918
0 0.837874 0.902045 0.023379 0.020267
0 0.788677 0.454902 0.025412 0.024283
0 0.083757 0.966953 0.022362 0.022640
0 0.186623 0.466314 0.023582 0.025561
0 0.360846 0.578875 0.022769 0.015519
0 0.185912 0.515337 0.021346 0.025744
0 0.058244 0.692350 0.026631 0.023736
0 0.866538 0.563082 0.025818 0.018623
0 0.135190 0.942578 0.023175 0.018806
0 0.866538 0.128811 0.022159 0.021727
0 0.032832 0.330016 0.021752 0.017710
0 0.918479 0.081797 0.023989 0.021545
0 0.211222 0.468687 0.023175 0.020814
0 0.436166 0.423772 0.020533 0.017163
0 0.032934 0.173818 0.025208 0.021179
0 0.940943 0.815136 0.022159 0.022458
0 0.188351 0.422038 0.023785 0.017710
0 0.034458 0.129450 0.024598 0.024466
0 0.788168 0.677835 0.026835 0.022092
0 0.538422 0.581797 0.022972 0.016615
0 0.059057 0.649534 0.025005 0.022092
0 0.361049 0.198831 0.024802 0.016067
0 0.637121 0.264652 0.023989 0.019901
0 0.840211 0.172357 0.023989 0.017893
0 0.891340 0.289848 0.020533 0.024649
0 0.512706 0.699836 0.025615 0.018988
0 0.134885 0.923224 0.023785 0.019171
0 0.764586 0.017163 0.024395 0.022640
0 0.664566 0.411357 0.025208 0.020814
0 0.031815 0.714807 0.022159 0.021179
0 0.058650 0.716085 0.024192 0.022640
0 0.081622 0.783276 0.022159 0.024101
0 0.591482 0.102337 0.025412 0.014424
0 0.561191 0.514972 0.022566 0.019536
0 0.891543 0.267300 0.022566 0.019719
0 0.892051 0.516798 0.023175 0.023188
0 0.410856 0.968687 0.024395 0.018806
0 0.162431 0.059156 0.023989 0.017528
0 0.944399 0.474712 0.022566 0.025927
0 0.735515 0.766113 0.024802 0.021545
0 0.562004 0.720650 0.022159 0.021545
0 0.032527 0.671079 0.022769 0.022458
0 0.663550 0.268121 0.023175 0.023553
0 0.861456 0.766934 0.021346 0.023188
0 0.942265 0.879313 0.023582 0.019719
0 0.133564 0.288936 0.023175 0.019536
0 0.941756 0.792222 0.027445 0.024831
0 0.892458 0.018349 0.021549 0.023918
0 0.837670 0.924502 0.021346 0.019536
0 0.337772 0.700475 0.022972 0.017710
0 0.083554 0.668705 0.023989 0.020997
0 0.287762 0.290214 0.023785 0.016980
0 0.916650 0.433449 0.021549 0.019354
0 0.916853 0.290670 0.020736 0.019354
0 0.464830 0.561165 0.025005 0.018076
0 0.361049 0.636480 0.020329 0.023736
0 0.512096 0.614844 0.026428 0.023553
0 0.511893 0.719920 0.024395 0.020814
0 0.636816 0.677013 0.023379 0.021910
0 0.918073 0.151908 0.021956 0.020814
0 0.816020 0.035238 0.020329 0.022275
0 0.112218 0.082801 0.022769 0.025014
0 0.132954 0.266387 0.023989 0.028118
0 0.589246 0.015885 0.018906 0.024101
0 0.313173 0.034417 0.022972 0.011868
0 0.815715 0.586909 0.025005 0.018441
0 0.741106 0.080245 0.025005 0.022458
0 0.086501 0.013146 0.022972 0.021545
0 0.210612 0.316414 0.023582 0.026292
0 0.361354 0.596221 0.020533 0.016980
0 0.033238 0.466953 0.025005 0.027205
0 0.739073 0.948695 0.024192 0.022640
0 0.032934 0.309932 0.024802 0.023918
0 0.080403 0.873014 0.024598 0.021362
0 0.892966 0.084261 0.025005 0.028665
0 0.814901 0.676100 0.025412 0.017528
0 0.916751 0.268030 0.022972 0.022640
0 0.786949 0.411448 0.025208 0.023188
0 0.261029 0.410170 0.026022 0.018076
0 0.262147 0.693354 0.026225 0.017345
0 0.889612 0.950155 0.024802 0.023005
0 0.184692 0.283641 0.023379 0.016250
0 0.941960 0.901862 0.022159 0.021727
0 0.814292 0.268030 0.021752 0.023736
0 0.262858 0.104984 0.023175 0.013511
0 0.211425 0.360416 0.021549 0.017528
0 0.057125 0.809111 0.021549 0.017710
0 0.060073 0.351835 0.025412 0.017163
0 0.863489 0.946960 0.022159 0.018076
0 0.338280 0.034599 0.023989 0.010772
0 0.289388 0.352109 0.021346 0.018806
0 0.941756 0.672905 0.025412 0.022458
0 0.158670 0.266295 0.025005 0.027205
0 0.032934 0.443126 0.024802 0.022275
0 0.738057 0.383604 0.022159 0.018623
0 0.435353 0.721198 0.026225 0.014607
0 0.890628 0.676739 0.023175 0.019536
0 0.708172 0.833668 0.024598 0.018258
0 0.760927 0.970330 0.023582 0.025379
0 0.386766 0.470696 0.024192 0.016432
0 0.916548 0.412543 0.023785 0.025014
0 0.285119 0.785923 0.021752 0.022458
0 0.058244 0.786653 0.025412 0.021362
0 0.941960 0.290853 0.025005 0.024466
0 0.612320 0.701570 0.023175 0.021362
0 0.512909 0.422768 0.024802 0.021362
0 0.894084 0.106902 0.023582 0.021362
0 0.034662 0.645883 0.020533 0.021727
0 0.943891 0.106263 0.023989 0.028118
0 0.514027 0.337502 0.024192 0.021362
0 0.284306 0.763831 0.024192 0.022823
0 0.793251 0.080884 0.021956 0.018988
0 0.661517 0.541081 0.025615 0.020997
0 0.031815 0.602976 0.026225 0.022458
0 0.916751 0.974712 0.022159 0.017710
0 0.640069 0.079971 0.020939 0.018988
0 0.612320 0.722202 0.021143 0.020632
0 0.841025 0.035238 0.023582 0.023005
0 0.739276 0.398667 0.023785 0.031952
0 0.031714 0.262005 0.026022 0.023736
0 0.138036 0.012689 0.023989 0.024283
0 0.113031 0.470787 0.023582 0.019536
0 0.032019 0.081523 0.026631 0.021362
0 0.688250 0.291857 0.024192 0.011868
0 0.863793 0.409074 0.021549 0.015885
0 0.791014 0.268578 0.025615 0.020814
0 0.918174 0.195545 0.022972 0.023005
0 0.787965 0.433997 0.024802 0.018623
0 0.812868 0.971974 0.021752 0.023188
0 0.036085 0.194723 0.023785 0.019171
0 0.112726 0.452894 0.025005 0.019901
0 0.942468 0.768121 0.026022 0.023736
0 0.690181 0.448695 0.026428 0.023918
0 0.084062 0.917290 0.025005 0.013876
0 0.739988 0.424137 0.025615 0.020449
0 0.893678 0.061621 0.021549 0.017345
0 0.565460 0.015246 0.025818 0.025014
0 0.056414 0.849644 0.023379 0.018441
0 0.057634 0.671079 0.026631 0.018441
0 0.032629 0.693354 0.023785 0.021362
0 0.034763 0.512050 0.022769 0.021727
0 0.539134 0.449790 0.023175 0.012963
0 0.914820 0.721654 0.024802 0.014059
0 0.033645 0.423590 0.022566 0.018988
0 0.892864 0.197827 0.021143 0.019901
0 0.969913 0.470787 0.030087 0.032682
0 0.917361 0.363064 0.022972 0.022092
0 0.941350 0.835129 0.022159 0.020084
0 0.090770 0.106810 0.023785 0.020449
0 0.085587 0.463484 0.026022 0.018441
0 0.511791 0.636571 0.022972 0.022092
0 0.739683 0.225032 0.022159 0.015885
0 0.917565 0.015337 0.020533 0.017893
0 0.919089 0.174457 0.023989 0.018441
0 0.163041 0.468870 0.024395 0.022640
0 0.562208 0.680026 0.026225 0.019171
0 0.762248 0.944404 0.022566 0.016980
0 0.033848 0.017710 0.022972 0.020449
0 0.762960 0.424320 0.021143 0.028118
0 0.763773 0.405605 0.021956 0.016250
0 0.033848 0.040259 0.027038 0.024649
0 0.034357 0.216633 0.022769 0.025014
0 0.915735 0.586544 0.023379 0.023918
0 0.437894 0.218642 0.021143 0.018806
0 0.086095 0.337046 0.020126 0.013876
0 0.262248 0.013511 0.022362 0.019719
0 0.410144 0.655833 0.023379 0.020084
0 0.059158 0.829104 0.020329 0.018258
0 0.512401 0.437648 0.024192 0.015702
0 0.183066 0.738269 0.023379 0.016615
0 0.510165 0.514880 0.020533 0.018623
0 0.590567 0.058974 0.023175 0.015702
0 0.941350 0.222385 0.020939 0.021545
0 0.789795 0.015154 0.022362 0.018988
0 0.162838 0.451068 0.022769 0.012963
0 0.939622 0.313036 0.019516 0.019901
0 0.388087 0.265748 0.021143 0.017710
0 0.943078 0.517254 0.022769 0.023736
0 0.967575 0.951798 0.022566 0.021910
0 0.966762 0.696823 0.021752 0.020267
0 0.187335 0.439200 0.021752 0.014424
0 0.636511 0.655194 0.025615 0.021727
0 0.761639 0.764561 0.023379 0.019171
0 0.059158 0.921946 0.018703 0.020632
0 0.566172 0.036242 0.024395 0.018076
0 0.937792 0.610736 0.017483 0.018623
0 0.765298 0.002374 0.028258 0.004382
0 0.739276 0.002374 0.021752 0.004382
0 0.943383 0.976538 0.018500 0.018076
0 0.944399 0.059156 0.022159 0.016067
0 0.288372 0.567920 0.023379 0.012963
0 0.967371 0.719737 0.024192 0.020084
0 0.515145 0.002191 0.026428 0.004017
0 0.940028 0.651817 0.022362 0.022275
0 0.844176 0.016615 0.022159 0.022640
0 0.966457 0.926146 0.022362 0.022458
0 0.941350 0.266934 0.020939 0.022640
0 0.035373 0.624886 0.021956 0.019171
0 0.891340 0.408709 0.024192 0.015154
0 0.615877 0.002191 0.025818 0.004017
0 0.134885 0.966496 0.021346 0.017710
0 0.539642 0.002647 0.023379 0.004930
0 0.033543 0.059522 0.025208 0.020449
0 0.815715 0.014880 0.025005 0.023553
0 0.942468 0.037429 0.022769 0.017163
0 0.941858 0.452072 0.023989 0.021545
0 0.940638 0.432171 0.021549 0.016067
0 0.938809 0.334398 0.020329 0.022458
0 0.941858 0.540624 0.023989 0.020449
0 0.035373 0.536882 0.021549 0.025744
0 0.966965 0.904236 0.026225 0.025744
0 0.966355 0.881139 0.022566 0.018258
0 0.964017 0.857495 0.020329 0.022458
0 0.965745 0.973526 0.023785 0.020449
0 0.059972 0.945591 0.022769 0.022640
0 0.056922 0.968596 0.023989 0.021545
