0 0.397396 0.258892 0.026562 0.037065
0 0.371745 0.549420 0.029427 0.039311
0 0.567448 0.403220 0.031771 0.038188
0 0.065365 0.217147 0.028646 0.039686
0 0.567448 0.440097 0.030208 0.042306
0 0.342708 0.586484 0.028646 0.039311
0 0.259896 0.694871 0.026562 0.038937
0 0.371094 0.190565 0.027083 0.030700
0 0.094661 0.219955 0.030469 0.038562
0 0.509896 0.333021 0.027604 0.035567
0 0.260026 0.293710 0.028385 0.037814
0 0.370182 0.153313 0.028385 0.048297
0 0.923568 0.406028 0.027344 0.036316
0 0.372396 0.512168 0.030729 0.038937
0 0.259505 0.510670 0.025260 0.041932
0 0.315495 0.439910 0.026302 0.040434
0 0.566797 0.587233 0.028385 0.034070
0 0.178516 0.545863 0.029948 0.035942
0 0.952214 0.188132 0.028906 0.039311
0 0.508984 0.155185 0.028385 0.042306
0 0.094271 0.435230 0.031250 0.038562
0 0.702734 0.264882 0.030469 0.041557
0 0.783464 0.151816 0.026823 0.037065
0 0.233854 0.223886 0.026042 0.035942
0 0.094792 0.107638 0.029167 0.043804
0 0.866276 0.117559 0.029948 0.041183
0 0.315625 0.511045 0.027083 0.041183
0 0.564583 0.115500 0.026562 0.037814
0 0.756641 0.078435 0.028906 0.045301
0 0.952344 0.261700 0.029167 0.038188
0 0.757943 0.192437 0.025260 0.040434
0 0.509766 0.296893 0.027865 0.037439
0 0.674349 0.116810 0.027344 0.041932
0 0.756510 0.154998 0.024479 0.037439
0 0.838672 0.261325 0.030990 0.040434
0 0.756771 0.118121 0.027083 0.037814
0 0.701953 0.226320 0.028906 0.041557
0 0.233854 0.438974 0.026562 0.034818
0 0.206510 0.222763 0.028125 0.038937
0 0.260286 0.150693 0.026823 0.041557
0 0.285807 0.185324 0.026823 0.035942
0 0.094661 0.328341 0.029427 0.041183
0 0.839714 0.117372 0.027865 0.046799
0 0.205339 0.694496 0.028906 0.045676
0 0.260286 0.659491 0.025781 0.035567
0 0.727474 0.077873 0.029948 0.040434
0 0.178516 0.293897 0.028385 0.040434
0 0.701823 0.441969 0.027083 0.040060
0 0.287370 0.149757 0.028906 0.037439
0 0.729167 0.800636 0.026042 0.036316
0 0.369661 0.731374 0.030990 0.037814
0 0.259766 0.187196 0.026823 0.037439
0 0.509896 0.368776 0.028646 0.033695
0 0.205729 0.295769 0.026042 0.041932
0 0.176823 0.874766 0.027604 0.040060
0 0.176563 0.583115 0.028125 0.037065
0 0.480469 0.155560 0.027083 0.042306
0 0.370052 0.261138 0.028125 0.039311
0 0.065234 0.254961 0.029427 0.041932
0 0.314453 0.297267 0.026823 0.036690
0 0.205078 0.510857 0.027344 0.039311
0 0.094010 0.289405 0.027604 0.037439
0 0.923177 0.371209 0.029687 0.039311
0 0.673698 0.334519 0.028125 0.039311
0 0.232422 0.151254 0.026302 0.037439
0 0.425781 0.696556 0.030208 0.030326
0 0.123828 0.291277 0.026823 0.034444
0 0.036068 0.219768 0.027865 0.044178
0 0.509766 0.441408 0.026823 0.041183
0 0.204427 0.836765 0.027604 0.037439
0 0.287240 0.731000 0.029687 0.037814
0 0.508594 0.878136 0.028646 0.037814
0 0.287240 0.438413 0.029687 0.035942
0 0.260156 0.730251 0.027083 0.036316
0 0.839323 0.368963 0.031771 0.037814
0 0.177734 0.401348 0.026823 0.038188
0 0.340885 0.911082 0.028646 0.042306
0 0.343229 0.476413 0.026042 0.038562
0 0.479948 0.115500 0.030208 0.043804
0 0.645964 0.299700 0.028385 0.040809
0 0.398177 0.694309 0.029687 0.035567
0 0.508594 0.695245 0.029687 0.042681
0 0.368620 0.951516 0.028385 0.043055
0 0.260677 0.402471 0.027604 0.037439
0 0.205599 0.733433 0.028906 0.037439
0 0.123307 0.221078 0.027344 0.037814
0 0.731771 0.477349 0.029687 0.043429
0 0.315234 0.548109 0.028906 0.034444
0 0.673438 0.914264 0.029687 0.040434
0 0.205859 0.653313 0.028906 0.041183
0 0.342448 0.440659 0.027083 0.037439
0 0.177474 0.364096 0.027344 0.039311
0 0.342708 0.190004 0.028125 0.032572
0 0.702865 0.697304 0.026562 0.041557
0 0.757943 0.299513 0.028385 0.040434
0 0.314714 0.367653 0.026302 0.035193
0 0.537891 0.405466 0.028385 0.035942
0 0.838932 0.298390 0.032552 0.038937
0 0.314323 0.584987 0.026562 0.034070
0 0.369661 0.837701 0.027344 0.035567
0 0.287500 0.110820 0.030208 0.041932
0 0.425781 0.586672 0.028646 0.040434
0 0.177734 0.620741 0.026823 0.039686
0 0.123438 0.435417 0.028646 0.039686
0 0.315104 0.621303 0.027604 0.037814
0 0.811458 0.079933 0.032292 0.044553
0 0.396875 0.875515 0.028646 0.040060
0 0.923047 0.441969 0.028385 0.040060
0 0.369141 0.873643 0.027865 0.034070
0 0.314974 0.658742 0.027865 0.039311
0 0.343359 0.405653 0.028385 0.037065
0 0.148568 0.874204 0.027344 0.040434
0 0.481510 0.228753 0.027604 0.041932
0 0.508073 0.838076 0.029687 0.041557
0 0.260156 0.767877 0.028646 0.038188
0 0.122786 0.107638 0.028906 0.042306
0 0.923568 0.114002 0.026302 0.043804
0 0.175781 0.838076 0.027604 0.033321
0 0.397135 0.297454 0.027083 0.043804
0 0.510026 0.403220 0.029427 0.038937
0 0.783854 0.114377 0.026562 0.038562
0 0.702604 0.551853 0.025521 0.038937
0 0.424479 0.078622 0.032292 0.046425
0 0.207161 0.259079 0.025781 0.038188
0 0.730208 0.152752 0.030208 0.038937
0 0.261068 0.586484 0.026302 0.037814
0 0.205078 0.548109 0.027344 0.039686
0 0.839063 0.157619 0.030208 0.039686
0 0.480729 0.192063 0.029687 0.038937
0 0.479036 0.877012 0.028906 0.039311
0 0.425391 0.295769 0.028385 0.043429
0 0.729167 0.115874 0.031250 0.040809
0 0.258984 0.329465 0.028385 0.041932
0 0.838932 0.334519 0.030469 0.036316
0 0.452865 0.333209 0.026562 0.035193
0 0.233333 0.619993 0.028125 0.036690
0 0.286979 0.223325 0.027604 0.043804
0 0.205729 0.436353 0.026042 0.037065
0 0.342187 0.154249 0.027083 0.038188
0 0.509375 0.114751 0.027604 0.043055
0 0.702734 0.477537 0.026302 0.038562
0 0.452604 0.261138 0.026562 0.038562
0 0.233724 0.656683 0.028906 0.038188
0 0.424740 0.622988 0.029687 0.038937
0 0.342448 0.513478 0.025521 0.037814
0 0.233464 0.548671 0.028385 0.042306
0 0.203776 0.585736 0.026823 0.037065
0 0.151562 0.185885 0.027083 0.039311
0 0.758203 0.263197 0.029948 0.038188
0 0.537760 0.441595 0.025521 0.035567
0 0.343880 0.550543 0.028385 0.035567
0 0.509375 0.913141 0.033854 0.040434
0 0.177995 0.657244 0.026302 0.038562
0 0.314583 0.697117 0.027083 0.041932
0 0.510417 0.513478 0.029167 0.042306
0 0.784505 0.188693 0.029427 0.044178
0 0.313151 0.836765 0.028385 0.041183
0 0.566016 0.551292 0.030469 0.038562
0 0.178385 0.436915 0.027604 0.032198
0 0.261458 0.224073 0.026562 0.034818
0 0.565365 0.188506 0.029167 0.037814
0 0.341276 0.368963 0.027344 0.042306
0 0.591146 0.112130 0.026562 0.039311
0 0.260417 0.548858 0.027083 0.039686
0 0.477734 0.952078 0.030469 0.043429
0 0.315495 0.331898 0.026823 0.032572
0 0.702474 0.298952 0.029427 0.036316
0 0.424740 0.768252 0.028646 0.036690
0 0.258464 0.112505 0.025781 0.038562
0 0.234375 0.259453 0.028125 0.037439
0 0.339714 0.949457 0.028906 0.041932
0 0.566927 0.622800 0.028125 0.039311
0 0.398828 0.477537 0.027344 0.039311
0 0.341146 0.295957 0.027604 0.042306
0 0.178125 0.509547 0.027604 0.037439
0 0.176953 0.328341 0.025781 0.038188
0 0.095573 0.255522 0.029167 0.034818
0 0.206901 0.473980 0.026823 0.035942
0 0.231771 0.876076 0.027604 0.041183
0 0.149870 0.834706 0.027865 0.039311
0 0.923177 0.153688 0.027083 0.037065
0 0.565495 0.661363 0.028385 0.039311
0 0.233203 0.585923 0.030990 0.032946
0 0.233333 0.509173 0.026562 0.040434
0 0.480729 0.477349 0.030208 0.041183
0 0.481120 0.438600 0.031510 0.037065
0 0.756901 0.228192 0.026302 0.037065
0 0.396224 0.912018 0.028906 0.036690
0 0.342969 0.333209 0.027083 0.034444
0 0.567318 0.479408 0.030990 0.044553
0 0.258854 0.876264 0.026042 0.038562
0 0.673307 0.512729 0.027344 0.040060
0 0.451432 0.115313 0.026302 0.035942
0 0.729948 0.440846 0.026562 0.035567
0 0.178255 0.149008 0.026302 0.045676
0 0.177344 0.731187 0.026042 0.037439
0 0.370703 0.585923 0.028906 0.039686
0 0.287500 0.660240 0.028125 0.036316
0 0.702344 0.661363 0.026042 0.035567
0 0.894792 0.076750 0.027083 0.044927
0 0.094661 0.364283 0.028906 0.032198
0 0.923568 0.262074 0.025781 0.038188
0 0.426693 0.517222 0.027865 0.037814
0 0.341406 0.257769 0.027604 0.043055
0 0.425260 0.661737 0.029167 0.044553
0 0.702214 0.515163 0.025260 0.038188
0 0.344010 0.660052 0.029167 0.038937
0 0.065234 0.326657 0.028385 0.039311
0 0.730469 0.336391 0.028125 0.042306
0 0.701302 0.153875 0.027604 0.035193
0 0.425260 0.260202 0.029687 0.035942
0 0.674219 0.153688 0.027083 0.037065
0 0.425911 0.475852 0.026823 0.044178
0 0.399479 0.403407 0.027083 0.037814
0 0.508984 0.801947 0.026823 0.039686
0 0.314453 0.733620 0.028385 0.036316
0 0.424740 0.803632 0.029167 0.037814
0 0.674089 0.552789 0.027344 0.043055
0 0.701823 0.404343 0.027083 0.041183
0 0.175781 0.911269 0.028125 0.040434
0 0.425651 0.334519 0.027865 0.038562
0 0.673568 0.802134 0.028385 0.036316
0 0.288542 0.512542 0.029167 0.035942
0 0.311849 0.948334 0.027865 0.038937
0 0.369922 0.659678 0.027344 0.035942
0 0.371224 0.623175 0.030990 0.040060
0 0.232813 0.295021 0.025521 0.039686
0 0.952865 0.116436 0.029687 0.038937
0 0.538151 0.261325 0.028906 0.044178
0 0.178385 0.219581 0.028646 0.037814
0 0.923047 0.481468 0.027865 0.041932
0 0.205208 0.332647 0.027083 0.037065
0 0.287370 0.695058 0.027865 0.037814
0 0.838672 0.591352 0.030469 0.043055
0 0.204948 0.767877 0.028125 0.035942
0 0.479557 0.914077 0.030469 0.040060
0 0.204687 0.802134 0.027083 0.036316
0 0.287760 0.474167 0.030208 0.039311
0 0.368750 0.911831 0.028125 0.038562
0 0.371094 0.477349 0.026562 0.036690
0 0.150260 0.220704 0.026562 0.040060
0 0.565755 0.368214 0.027865 0.036316
0 0.757682 0.438974 0.025781 0.037814
0 0.811328 0.120554 0.027865 0.043429
0 0.839063 0.662860 0.030729 0.040060
0 0.924349 0.333396 0.027344 0.039311
0 0.565885 0.731936 0.028646 0.037439
0 0.730729 0.837514 0.028646 0.039686
0 0.314714 0.188319 0.027344 0.036690
0 0.178385 0.257020 0.028125 0.038562
0 0.340885 0.873830 0.027604 0.035942
0 0.123047 0.364845 0.026823 0.034070
0 0.287240 0.332460 0.027083 0.038937
0 0.206641 0.366155 0.027865 0.033695
0 0.950651 0.224261 0.025260 0.035193
0 0.315104 0.401722 0.030208 0.036690
0 0.645312 0.259266 0.028646 0.040060
0 0.730729 0.515724 0.029167 0.040060
0 0.701953 0.872894 0.028385 0.039311
0 0.701823 0.591164 0.028646 0.045676
0 0.122266 0.326844 0.025781 0.036690
0 0.123568 0.151067 0.028906 0.047548
0 0.259245 0.365032 0.027865 0.036690
0 0.260286 0.622613 0.026302 0.040434
0 0.564844 0.766754 0.030208 0.036690
0 0.397266 0.802508 0.027865 0.036316
0 0.259896 0.801947 0.028646 0.037439
0 0.151042 0.292587 0.027083 0.038562
0 0.286589 0.804942 0.025781 0.041932
0 0.839714 0.553164 0.031510 0.037814
0 0.315234 0.151067 0.026302 0.040809
0 0.151693 0.112317 0.027865 0.041932
0 0.259505 0.258330 0.026302 0.035193
0 0.232292 0.471921 0.026042 0.035567
0 0.396875 0.837888 0.027604 0.038188
0 0.232943 0.694309 0.026302 0.039311
0 0.865625 0.076376 0.029687 0.039686
0 0.674219 0.622988 0.030208 0.040434
0 0.566797 0.697492 0.028385 0.035942
0 0.425781 0.435230 0.028125 0.036316
0 0.537500 0.511793 0.027604 0.039686
0 0.121484 0.623175 0.028906 0.042306
0 0.674609 0.296705 0.026823 0.037814
0 0.204297 0.874392 0.027344 0.040060
0 0.206510 0.110258 0.028125 0.040809
0 0.176823 0.693935 0.027604 0.037814
0 0.147266 0.948147 0.028906 0.040060
0 0.811589 0.154437 0.025781 0.037814
0 0.371354 0.368214 0.028646 0.037065
0 0.178255 0.111943 0.026302 0.035193
0 0.701693 0.188693 0.028906 0.039686
0 0.205208 0.149382 0.027604 0.038937
0 0.731510 0.553351 0.030208 0.036690
0 0.731641 0.225571 0.027865 0.048297
0 0.425260 0.192437 0.026042 0.038937
0 0.151302 0.149944 0.027083 0.038562
0 0.425260 0.876638 0.029687 0.037065
0 0.232031 0.186073 0.026042 0.039686
0 0.313542 0.769375 0.027604 0.038937
0 0.950651 0.075627 0.029427 0.042681
0 0.259375 0.470985 0.026042 0.036690
0 0.370964 0.223137 0.028385 0.038188
0 0.342318 0.623924 0.026302 0.040060
0 0.511198 0.190565 0.027604 0.032198
0 0.258854 0.839573 0.026042 0.038562
0 0.178646 0.186260 0.026562 0.032572
0 0.259245 0.913890 0.025260 0.040434
0 0.091536 0.874017 0.029948 0.042306
0 0.150651 0.728753 0.029948 0.037814
0 0.537109 0.551666 0.028385 0.040809
0 0.066797 0.364283 0.028385 0.035942
0 0.924219 0.296893 0.027604 0.034444
0 0.564323 0.514788 0.026562 0.034444
0 0.150000 0.510670 0.028125 0.038937
0 0.398047 0.732123 0.028385 0.035567
0 0.150781 0.472669 0.029687 0.039311
0 0.452995 0.297641 0.026823 0.039686
0 0.122135 0.510483 0.028125 0.037814
0 0.838281 0.406028 0.029167 0.042306
0 0.371615 0.402845 0.028125 0.038937
0 0.399479 0.512917 0.026042 0.035193
0 0.539193 0.623175 0.030990 0.040060
0 0.673828 0.769000 0.028906 0.035942
0 0.426172 0.401722 0.027344 0.034444
0 0.703255 0.769000 0.027865 0.034444
0 0.177083 0.765444 0.027083 0.030326
0 0.398828 0.439910 0.026302 0.038188
0 0.396224 0.948896 0.027865 0.043055
0 0.313542 0.803257 0.028646 0.032572
0 0.840495 0.190753 0.027865 0.033321
0 0.176302 0.800449 0.027083 0.039686
0 0.564323 0.839573 0.031250 0.041557
0 0.205339 0.400225 0.024740 0.036690
0 0.232943 0.112130 0.025781 0.043804
0 0.343620 0.768064 0.028385 0.034818
0 0.205990 0.185698 0.025000 0.040434
0 0.481771 0.297829 0.026042 0.035567
0 0.287370 0.294646 0.028906 0.038937
0 0.396745 0.766941 0.027344 0.037065
0 0.397656 0.659116 0.025000 0.031075
0 0.287240 0.401348 0.027083 0.037439
0 0.702734 0.734182 0.024219 0.037439
0 0.479818 0.768626 0.027865 0.038188
0 0.151042 0.256645 0.027083 0.036316
0 0.064844 0.290154 0.025521 0.031449
0 0.368880 0.803632 0.026823 0.036316
0 0.123568 0.256645 0.026823 0.037814
0 0.509635 0.657993 0.027604 0.033321
0 0.288411 0.551292 0.025781 0.036316
0 0.369922 0.695807 0.028906 0.035567
0 0.815104 0.193748 0.028125 0.049794
0 0.701823 0.332085 0.028125 0.034444
0 0.036719 0.180082 0.030208 0.038188
0 0.757161 0.514601 0.026302 0.033321
0 0.120833 0.871396 0.027604 0.035567
0 0.673958 0.372894 0.028125 0.043429
0 0.729818 0.625796 0.027344 0.044553
0 0.481380 0.363909 0.027344 0.034444
0 0.508984 0.587233 0.027344 0.040060
0 0.285807 0.874579 0.029427 0.040434
0 0.371745 0.439349 0.025781 0.041557
0 0.507031 0.952452 0.028646 0.042681
0 0.149479 0.400786 0.027083 0.039311
0 0.287500 0.587046 0.028125 0.035193
0 0.204297 0.913328 0.027344 0.039311
0 0.038411 0.143205 0.030990 0.036316
0 0.702083 0.117746 0.028125 0.036316
0 0.672656 0.040060 0.028125 0.044178
0 0.757552 0.589667 0.024479 0.035942
0 0.730078 0.586672 0.027344 0.033695
0 0.510677 0.732872 0.028646 0.039311
0 0.314974 0.111194 0.027344 0.038937
0 0.341406 0.802696 0.027083 0.036690
0 0.479687 0.838637 0.030729 0.040434
0 0.398307 0.624672 0.025781 0.038562
0 0.232813 0.333209 0.025521 0.041183
0 0.314583 0.260389 0.025000 0.038562
0 0.727604 0.913516 0.026042 0.038188
0 0.563411 0.953763 0.034115 0.043804
0 0.675130 0.696556 0.032031 0.043804
0 0.122917 0.399289 0.025521 0.037065
0 0.481250 0.623175 0.032813 0.037814
0 0.287370 0.621303 0.028385 0.041557
0 0.258984 0.950955 0.028385 0.038937
0 0.178776 0.473231 0.027344 0.038188
0 0.537760 0.660240 0.026042 0.038562
0 0.232031 0.912392 0.027083 0.038188
0 0.234115 0.368401 0.025000 0.035942
0 0.591536 0.223137 0.025781 0.031449
0 0.840755 0.224261 0.029427 0.037439
0 0.479948 0.399476 0.027604 0.034444
0 0.287109 0.260577 0.028906 0.038937
0 0.148828 0.910895 0.026823 0.036690
0 0.536849 0.113253 0.027865 0.044553
0 0.286849 0.367653 0.026823 0.032946
0 0.454036 0.188319 0.030469 0.039686
0 0.538151 0.731000 0.027344 0.042306
0 0.538411 0.695245 0.027865 0.031449
0 0.673438 0.078997 0.028125 0.038188
0 0.701302 0.910895 0.028125 0.043429
0 0.702344 0.627293 0.026562 0.034818
0 0.176172 0.948521 0.028385 0.036316
0 0.561979 0.913703 0.032292 0.040809
0 0.398177 0.587233 0.026042 0.037814
0 0.286979 0.766567 0.027604 0.036316
0 0.538281 0.476975 0.028125 0.035193
0 0.122005 0.693748 0.026823 0.041183
0 0.150260 0.328154 0.027083 0.036316
0 0.564583 0.152939 0.027604 0.039311
0 0.231641 0.837701 0.026302 0.037814
0 0.894141 0.260764 0.028385 0.034070
0 0.341667 0.730251 0.025000 0.039311
0 0.509245 0.551666 0.028385 0.034818
0 0.894401 0.223886 0.029948 0.043429
0 0.619010 0.222389 0.027604 0.040434
0 0.618620 0.261513 0.025781 0.046050
0 0.728255 0.948708 0.028385 0.035942
0 0.342969 0.221078 0.027604 0.031075
0 0.481641 0.332085 0.027344 0.030700
0 0.314063 0.223325 0.025000 0.036316
0 0.341276 0.837514 0.026823 0.037439
0 0.150781 0.363909 0.028646 0.035193
0 0.894401 0.407525 0.028385 0.042306
0 0.758594 0.477911 0.027083 0.042306
0 0.342057 0.695807 0.026823 0.032572
0 0.395182 0.114751 0.028906 0.045301
0 0.731510 0.767128 0.031250 0.038937
0 0.450911 0.223325 0.027344 0.037814
0 0.369792 0.298577 0.026562 0.039311
0 0.730599 0.263572 0.026302 0.033695
0 0.122135 0.766005 0.027604 0.035942
0 0.564844 0.224073 0.025000 0.035567
0 0.510547 0.223512 0.032031 0.041183
0 0.233464 0.766005 0.028385 0.035193
0 0.535677 0.154062 0.025000 0.042306
0 0.150260 0.622052 0.028125 0.045301
0 0.673568 0.226694 0.028385 0.034818
0 0.232161 0.800636 0.025781 0.038562
0 0.424479 0.367465 0.025521 0.034070
0 0.673047 0.876825 0.026302 0.041183
0 0.537370 0.587233 0.028385 0.031075
0 0.591536 0.260577 0.025781 0.037439
0 0.285547 0.950206 0.027865 0.041183
0 0.038151 0.105204 0.029948 0.044178
0 0.537630 0.371396 0.027344 0.038937
0 0.424089 0.119618 0.023177 0.037065
0 0.066667 0.106889 0.027083 0.037814
0 0.702604 0.802508 0.025000 0.034070
0 0.510026 0.477349 0.026302 0.032946
0 0.423958 0.914264 0.028125 0.047173
0 0.370182 0.334893 0.025781 0.037065
0 0.480729 0.515912 0.031771 0.038937
0 0.424089 0.838450 0.025781 0.038562
0 0.316406 0.476226 0.028646 0.032198
0 0.923958 0.223886 0.028125 0.040434
0 0.759505 0.335829 0.029427 0.035942
0 0.424089 0.226133 0.026302 0.032946
0 0.481120 0.587046 0.028906 0.035193
0 0.758854 0.551479 0.025521 0.041183
0 0.149219 0.765444 0.029687 0.036316
0 0.311719 0.911269 0.024479 0.034444
0 0.674870 0.587795 0.030469 0.033695
0 0.370182 0.766941 0.026823 0.038562
0 0.425651 0.155747 0.025260 0.041183
0 0.565234 0.331898 0.027344 0.037814
0 0.673568 0.475852 0.028385 0.034444
0 0.233203 0.403220 0.027865 0.037439
0 0.066016 0.180082 0.028385 0.038188
0 0.675130 0.261513 0.027865 0.034070
0 0.285807 0.838263 0.027865 0.029951
0 0.150911 0.547735 0.026302 0.032946
0 0.700521 0.950580 0.028646 0.043429
0 0.096224 0.180457 0.028906 0.041183
0 0.424219 0.730251 0.026042 0.040809
0 0.480859 0.732123 0.028906 0.039311
0 0.036849 0.253838 0.026302 0.029203
0 0.673958 0.838637 0.026042 0.037439
0 0.232161 0.731561 0.026302 0.034444
0 0.150781 0.437664 0.026042 0.035942
0 0.150000 0.582928 0.026562 0.038937
0 0.481120 0.548858 0.026823 0.032946
0 0.563672 0.877761 0.032552 0.037065
0 0.563411 0.077873 0.026302 0.039686
0 0.093880 0.471359 0.031510 0.035193
0 0.122396 0.657993 0.026042 0.031823
0 0.837630 0.514976 0.025260 0.041557
0 0.122786 0.472857 0.027344 0.037439
0 0.480339 0.697304 0.027344 0.033321
0 0.205339 0.619244 0.027344 0.030700
0 0.757292 0.626919 0.027604 0.042306
0 0.231250 0.949083 0.028125 0.040434
0 0.730339 0.298016 0.025260 0.033695
0 0.895312 0.369712 0.024479 0.034070
0 0.893880 0.117372 0.025781 0.042306
0 0.591276 0.150880 0.026823 0.041183
0 0.537891 0.332647 0.026302 0.037065
0 0.400260 0.550917 0.026042 0.037065
0 0.121745 0.730438 0.028906 0.035942
0 0.893750 0.333021 0.027083 0.042306
0 0.037109 0.290341 0.024219 0.039311
0 0.838672 0.442718 0.029427 0.037065
0 0.312630 0.875702 0.025781 0.038937
0 0.565104 0.261138 0.028646 0.037065
0 0.675130 0.190004 0.027865 0.040060
0 0.480078 0.660614 0.028906 0.044553
0 0.618490 0.301385 0.028125 0.041932
0 0.452474 0.368401 0.026302 0.039686
0 0.646094 0.224261 0.027604 0.034444
0 0.511198 0.623924 0.027083 0.035567
0 0.564714 0.802883 0.030469 0.038562
0 0.730208 0.876825 0.026562 0.041183
0 0.590885 0.040434 0.026562 0.035193
0 0.758203 0.661550 0.026823 0.033695
0 0.398307 0.336952 0.026823 0.040434
0 0.509766 0.260202 0.027344 0.032946
0 0.426172 0.551479 0.026823 0.031449
0 0.645703 0.117746 0.027865 0.043804
0 0.122656 0.583302 0.028125 0.038937
0 0.121354 0.833770 0.029167 0.038937
0 0.536589 0.297454 0.026823 0.036316
0 0.261198 0.437851 0.026042 0.034070
0 0.702474 0.836952 0.027865 0.033321
0 0.951953 0.151816 0.024740 0.034070
0 0.674609 0.661176 0.029427 0.038937
0 0.094271 0.398165 0.023958 0.037814
0 0.729427 0.663609 0.027604 0.033321
0 0.479818 0.802883 0.028385 0.038562
0 0.425911 0.951516 0.030469 0.034818
0 0.925130 0.188319 0.026823 0.034444
0 0.646354 0.375140 0.027083 0.044178
0 0.730339 0.187383 0.026302 0.032572
0 0.673698 0.409023 0.027083 0.037065
0 0.398047 0.190753 0.025781 0.037065
0 0.674740 0.441033 0.030208 0.037439
0 0.399349 0.370648 0.026823 0.033695
0 0.757552 0.368776 0.027083 0.032198
0 0.285677 0.911456 0.028646 0.037065
0 0.122396 0.547922 0.027604 0.039311
0 0.422786 0.038001 0.031510 0.037065
0 0.482422 0.263010 0.026302 0.029577
0 0.757682 0.403781 0.023698 0.035567
0 0.508984 0.767503 0.024740 0.034444
0 0.450260 0.154437 0.026562 0.039311
0 0.642578 0.040996 0.027865 0.043804
0 0.589844 0.076376 0.026042 0.031449
0 0.647266 0.336765 0.028385 0.038562
0 0.124349 0.187009 0.027344 0.037814
0 0.122266 0.909210 0.027344 0.038562
0 0.591797 0.297267 0.026302 0.040434
0 0.702344 0.368401 0.028646 0.039686
0 0.204557 0.947960 0.027865 0.032198
0 0.620443 0.116061 0.031510 0.043429
0 0.343750 0.114002 0.027604 0.049794
0 0.841146 0.626732 0.022917 0.032198
0 0.092969 0.911456 0.029167 0.034070
0 0.121615 0.799513 0.027604 0.031823
0 0.838672 0.478472 0.027344 0.035942
0 0.066667 0.144890 0.028646 0.039686
0 0.094922 0.143579 0.027865 0.031823
0 0.149349 0.799888 0.027344 0.033321
0 0.397656 0.223325 0.027604 0.036316
0 0.675260 0.734369 0.032292 0.040809
0 0.093620 0.545489 0.029427 0.038937
0 0.091667 0.582366 0.030729 0.040060
0 0.094141 0.508237 0.028385 0.043055
0 0.837760 0.736803 0.029687 0.048671
0 0.617839 0.076376 0.027344 0.038188
0 0.508854 0.075440 0.028646 0.033321
0 0.036198 0.471733 0.030208 0.038937
0 0.120313 0.948147 0.026042 0.036316
0 0.397656 0.154624 0.026562 0.041183
0 0.895182 0.294833 0.024740 0.033321
0 0.038411 0.433358 0.029427 0.037814
0 0.892578 0.154998 0.034635 0.040434
0 0.757292 0.699364 0.026562 0.047173
0 0.619141 0.336016 0.030469 0.037065
0 0.509115 0.039124 0.027604 0.042306
0 0.092057 0.692999 0.031510 0.040434
0 0.090755 0.728192 0.036198 0.035942
0 0.091667 0.615874 0.032292 0.032198
0 0.647005 0.154811 0.028385 0.038562
0 0.561198 0.037814 0.032813 0.044178
0 0.892708 0.187196 0.032813 0.038188
0 0.592969 0.189817 0.026042 0.039686
0 0.620573 0.152003 0.029167 0.038937
0 0.729297 0.386934 0.028385 0.067765
0 0.091406 0.650131 0.032813 0.040060
0 0.729818 0.696930 0.027865 0.040060
0 0.538021 0.190565 0.027604 0.035193
0 0.565234 0.295582 0.028385 0.037065
0 0.090234 0.818607 0.034115 0.069262
0 0.644401 0.078061 0.026302 0.034070
0 0.090755 0.945152 0.029948 0.041557
0 0.151823 0.657619 0.030729 0.033321
0 0.647786 0.191127 0.027865 0.034070
0 0.150521 0.691127 0.031250 0.038937
0 0.538281 0.223512 0.029687 0.035942
0 0.626432 0.978098 0.030990 0.037814
0 0.728906 0.728940 0.031250 0.042681
0 0.369271 0.109884 0.024479 0.040809
0 0.092578 0.765444 0.032031 0.036316
0 0.911068 0.983340 0.026302 0.031823
0 0.619661 0.184949 0.026302 0.035193
0 0.952214 0.982591 0.026302 0.032572
0 0.839063 0.699925 0.029167 0.032572
