0 0.244597 0.286847 0.144425 0.119458
0 0.235678 0.626169 0.111492 0.091932
0 0.871955 0.632339 0.160034 0.111593
0 0.501286 0.659864 0.115437 0.099390
0 0.492024 0.188339 0.102744 0.085153
0 0.492367 0.295525 0.110635 0.108068
0 0.498542 0.560949 0.105146 0.094373
0 0.870326 0.391186 0.170497 0.100068
0 0.721441 0.075593 0.091252 0.090441
0 0.614751 0.063932 0.109434 0.079322
0 0.868954 0.510441 0.167410 0.122983
0 0.475300 0.942712 0.110463 0.092068
0 0.876158 0.283729 0.167410 0.104271
0 0.888250 0.183729 0.167581 0.088407
0 0.716467 0.182644 0.089537 0.097356
0 0.236021 0.170305 0.111149 0.087051
0 0.363636 0.168610 0.093997 0.093424
0 0.101029 0.511458 0.118353 0.113356
0 0.366810 0.072949 0.110292 0.083797
0 0.101286 0.288407 0.135678 0.106034
0 0.241424 0.405831 0.126072 0.106034
0 0.107204 0.177085 0.116981 0.087051
0 0.107461 0.402780 0.115780 0.077695
0 0.878559 0.077559 0.158148 0.100881
0 0.494254 0.467797 0.107547 0.079729
0 0.232762 0.513356 0.111149 0.087322
0 0.622127 0.823119 0.109434 0.100203
0 0.875472 0.752475 0.157118 0.112407
0 0.604545 0.159390 0.093482 0.085831
0 0.495798 0.740271 0.112350 0.072000
0 0.618954 0.342508 0.108576 0.078915
0 0.482762 0.830169 0.110292 0.089356
0 0.616123 0.256814 0.114923 0.078102
0 0.499571 0.391525 0.116810 0.058983
0 0.629760 0.624271 0.108919 0.086237
0 0.727101 0.290712 0.089880 0.108203
0 0.488679 0.077966 0.097770 0.106576
0 0.626844 0.719322 0.103087 0.079458
0 0.621870 0.515729 0.117496 0.074712
0 0.624099 0.929695 0.127787 0.108339
0 0.631132 0.433085 0.126415 0.076475
0 0.101715 0.924000 0.140652 0.101017
0 0.098027 0.619390 0.100000 0.066712
0 0.108062 0.824949 0.124871 0.083254
0 0.364237 0.261017 0.108919 0.065356
0 0.230360 0.724339 0.113551 0.094373
0 0.228816 0.805966 0.102916 0.067797
0 0.239365 0.882712 0.089708 0.072949
0 0.391681 0.350712 0.091081 0.106441
