0 0.678385 0.522657 0.056641 0.055946
0 0.079508 0.402994 0.052246 0.058727
0 0.933838 0.399313 0.037272 0.053329
0 0.374349 0.566988 0.040039 0.045477
0 0.677246 0.408801 0.052083 0.055619
0 0.084391 0.289547 0.059733 0.050057
0 0.893555 0.740717 0.039388 0.053983
0 0.933838 0.175855 0.035970 0.044168
0 0.414469 0.347620 0.036296 0.053329
0 0.895671 0.401603 0.038737 0.046786
0 0.755859 0.406593 0.052083 0.055456
0 0.376790 0.174219 0.040365 0.049403
0 0.933268 0.684852 0.034505 0.055783
0 0.588623 0.184852 0.034668 0.055619
0 0.587484 0.688205 0.038249 0.057909
0 0.755615 0.572877 0.053548 0.047440
0 0.375488 0.406838 0.037435 0.056601
0 0.756592 0.461885 0.049642 0.053820
0 0.078776 0.233846 0.051432 0.056437
0 0.931315 0.629396 0.037109 0.047931
0 0.080404 0.344675 0.053711 0.056601
0 0.215902 0.681171 0.036296 0.049076
0 0.076986 0.461966 0.055339 0.053983
0 0.216146 0.740880 0.040039 0.051693
0 0.895264 0.683298 0.042480 0.052020
0 0.837565 0.179454 0.054688 0.056601
0 0.891764 0.630705 0.037760 0.046949
0 0.584229 0.800180 0.036296 0.047603
0 0.894613 0.792737 0.039876 0.044168
0 0.079183 0.520039 0.050944 0.056601
0 0.818766 0.686406 0.038249 0.051039
0 0.694743 0.796826 0.034342 0.036970
0 0.781087 0.292164 0.037109 0.049730
0 0.759847 0.688860 0.056152 0.051039
0 0.621582 0.799117 0.037435 0.050057
0 0.296549 0.512269 0.037435 0.045640
0 0.894450 0.513741 0.036621 0.053165
0 0.622884 0.687633 0.039714 0.047276
0 0.216064 0.626452 0.034342 0.041060
0 0.932943 0.344348 0.038411 0.043514
0 0.856527 0.456568 0.034342 0.039915
0 0.331868 0.846720 0.035482 0.044168
0 0.780762 0.179535 0.041992 0.049239
0 0.413981 0.451579 0.036947 0.035825
0 0.837240 0.235973 0.051432 0.049894
0 0.216146 0.848438 0.039388 0.041387
0 0.621094 0.850237 0.036133 0.044332
0 0.253988 0.684525 0.036947 0.053493
0 0.819092 0.629887 0.036296 0.046622
0 0.739746 0.347865 0.034505 0.047603
0 0.586426 0.745788 0.039062 0.045477
0 0.817464 0.740962 0.032064 0.044986
0 0.854085 0.684034 0.033040 0.049894
0 0.296549 0.733273 0.038086 0.046949
0 0.255127 0.624652 0.039225 0.039424
0 0.740397 0.291755 0.038411 0.048912
0 0.780924 0.347456 0.041016 0.049730
0 0.627604 0.179944 0.045573 0.048421
0 0.622640 0.568706 0.035319 0.035171
0 0.376058 0.460658 0.039225 0.043841
0 0.757975 0.849174 0.050456 0.043841
0 0.677083 0.463357 0.050456 0.045313
0 0.758057 0.798299 0.055176 0.048749
0 0.332926 0.793964 0.040202 0.041387
0 0.739421 0.180517 0.039062 0.051530
0 0.930583 0.844921 0.039551 0.042532
0 0.586751 0.519303 0.036133 0.052838
0 0.933105 0.287502 0.036784 0.049566
0 0.293864 0.841322 0.039876 0.044168
0 0.855469 0.398168 0.034505 0.044168
0 0.893962 0.177000 0.038900 0.044495
0 0.413493 0.227057 0.035319 0.039915
0 0.739583 0.233273 0.035156 0.038279
0 0.853027 0.792164 0.034505 0.043023
0 0.414062 0.402912 0.036784 0.040896
0 0.818766 0.402339 0.030436 0.048585
0 0.416504 0.177163 0.034505 0.053656
0 0.585531 0.463193 0.030436 0.043023
0 0.896566 0.458122 0.038574 0.040733
0 0.216227 0.516031 0.033040 0.050875
0 0.934326 0.227711 0.038574 0.048749
0 0.215495 0.570342 0.031901 0.048258
0 0.313965 0.285948 0.048177 0.047767
0 0.373372 0.513823 0.036458 0.043841
0 0.891764 0.573041 0.032552 0.050384
0 0.294352 0.792164 0.035645 0.041714
0 0.253337 0.794127 0.039876 0.047603
0 0.757243 0.628987 0.045736 0.050057
0 0.754720 0.517913 0.049805 0.050712
0 0.932454 0.513087 0.037109 0.050221
0 0.626139 0.232455 0.038086 0.041551
0 0.658285 0.848765 0.032389 0.050548
0 0.216064 0.794618 0.037598 0.047603
0 0.412842 0.509243 0.036947 0.049403
0 0.854492 0.739408 0.034831 0.042205
0 0.332275 0.679535 0.039225 0.048094
0 0.065837 0.791101 0.032389 0.044168
0 0.853271 0.626534 0.032064 0.038279
0 0.253743 0.567316 0.041341 0.045804
0 0.854004 0.515213 0.035156 0.047603
0 0.758301 0.743416 0.047201 0.047931
0 0.583822 0.849665 0.035482 0.039261
0 0.678304 0.289956 0.050293 0.044986
0 0.930094 0.570751 0.035645 0.043187
0 0.294027 0.565761 0.030111 0.046949
0 0.080648 0.177900 0.048014 0.040733
0 0.931803 0.787666 0.034180 0.041551
0 0.696208 0.748078 0.037923 0.050712
0 0.933919 0.453951 0.034831 0.045150
0 0.587565 0.406920 0.036133 0.054801
0 0.252441 0.844921 0.039062 0.045150
0 0.625000 0.292573 0.036784 0.047603
0 0.252767 0.737036 0.034831 0.045968
0 0.696208 0.847947 0.040853 0.047931
0 0.173258 0.508016 0.033366 0.045640
0 0.621908 0.630214 0.038411 0.045640
0 0.330729 0.566825 0.039388 0.046131
0 0.294840 0.451824 0.034017 0.039261
0 0.176595 0.399558 0.035807 0.042696
0 0.624593 0.347865 0.034668 0.046949
0 0.102051 0.736627 0.038737 0.051039
0 0.621663 0.462130 0.039551 0.050057
0 0.624105 0.516031 0.037598 0.044986
0 0.680420 0.178554 0.043457 0.049566
0 0.587077 0.573041 0.036784 0.036970
0 0.331950 0.623671 0.039225 0.037788
0 0.817790 0.791510 0.032064 0.046295
0 0.377360 0.227548 0.033691 0.040569
0 0.099772 0.679781 0.037109 0.043677
0 0.313721 0.343939 0.049967 0.035498
0 0.255452 0.515786 0.038574 0.043841
0 0.295166 0.625797 0.032715 0.043677
0 0.624674 0.405366 0.038411 0.041878
0 0.334635 0.405038 0.039388 0.056274
0 0.695068 0.685833 0.039876 0.042369
0 0.138021 0.455014 0.035156 0.037461
0 0.656413 0.798135 0.031250 0.040242
0 0.818359 0.575740 0.031901 0.044005
0 0.819743 0.461230 0.032715 0.045313
0 0.585938 0.631441 0.032227 0.041224
0 0.822428 0.347947 0.033854 0.045150
0 0.293701 0.679454 0.033691 0.038443
0 0.376709 0.290201 0.038249 0.045150
0 0.254150 0.399967 0.034017 0.048421
0 0.100342 0.791673 0.038574 0.044986
0 0.334880 0.460330 0.037598 0.044495
0 0.174886 0.629724 0.037598 0.042696
0 0.781331 0.236545 0.040527 0.047767
0 0.895101 0.287257 0.036296 0.044823
0 0.098958 0.845657 0.035156 0.047603
0 0.098551 0.625634 0.039551 0.039751
0 0.586182 0.291837 0.030111 0.039261
0 0.413981 0.287666 0.037598 0.050221
0 0.677002 0.349501 0.048014 0.050875
0 0.854655 0.347293 0.033529 0.043514
0 0.932292 0.737281 0.035482 0.036643
0 0.818197 0.515541 0.029948 0.040406
0 0.219076 0.398495 0.034180 0.040896
0 0.141276 0.398904 0.035807 0.038443
0 0.657227 0.743334 0.031576 0.051366
0 0.334473 0.516931 0.036458 0.037952
0 0.139486 0.568379 0.033203 0.050875
0 0.696777 0.628987 0.038411 0.047767
0 0.413167 0.570914 0.034342 0.046786
0 0.066488 0.738181 0.035319 0.043023
0 0.837077 0.294782 0.064128 0.050057
0 0.897054 0.341894 0.037272 0.041224
0 0.894287 0.232783 0.040853 0.043514
0 0.661296 0.629315 0.037760 0.042205
0 0.335124 0.736218 0.038411 0.048258
0 0.855225 0.572796 0.036296 0.045313
0 0.377360 0.340422 0.039551 0.038606
0 0.175293 0.456241 0.029948 0.033699
0 0.587240 0.234337 0.034831 0.034517
0 0.067627 0.686897 0.039225 0.048749
0 0.817464 0.845575 0.034017 0.045477
0 0.622721 0.742516 0.032227 0.041878
0 0.588786 0.348356 0.037923 0.035825
0 0.852865 0.846802 0.034831 0.049894
0 0.138753 0.505235 0.032389 0.034189
0 0.254069 0.458858 0.032552 0.049730
0 0.174398 0.562163 0.032389 0.033862
0 0.219482 0.454278 0.034017 0.044168
0 0.683512 0.234664 0.043457 0.044005
0 0.296387 0.400376 0.035156 0.024047
0 0.062256 0.624243 0.028809 0.035335
0 0.080404 0.577049 0.047526 0.045313
0 0.658447 0.684279 0.027832 0.029445
0 0.064779 0.841158 0.032878 0.049403
0 0.661051 0.571814 0.034668 0.040406
0 0.695801 0.574023 0.032552 0.044823
