0 0.435405 0.588079 0.036443 0.030225
0 0.441509 0.612046 0.036443 0.023967
0 0.444515 0.630319 0.036443 0.016708
0 0.444561 0.652753 0.033437 0.028160
0 0.373952 0.479099 0.037992 0.029161
0 0.380011 0.499937 0.034985 0.018773
0 0.376959 0.520807 0.034894 0.022966
0 0.377733 0.539080 0.033345 0.017710
0 0.404337 0.559919 0.031888 0.023967
0 0.405066 0.586514 0.021319 0.022966
0 0.409621 0.610513 0.030430 0.018773
0 0.408847 0.628755 0.025784 0.019837
0 0.411124 0.652222 0.030339 0.016708
0 0.411899 0.673623 0.031888 0.019837
0 0.410395 0.692929 0.034894 0.018773
0 0.376230 0.563579 0.030339 0.025031
0 0.378508 0.586014 0.028881 0.019837
0 0.377733 0.606852 0.030430 0.019837
0 0.377733 0.628755 0.033345 0.019837
0 0.379237 0.649093 0.030339 0.020839
0 0.377004 0.669962 0.031888 0.018773
0 0.375456 0.691364 0.034985 0.021902
0 0.376230 0.712703 0.033437 0.018773
