0 0.561145 0.061860 0.118994 0.081387
0 0.100087 0.473645 0.116219 0.090810
0 0.559063 0.159293 0.105811 0.086167
0 0.236513 0.762734 0.120555 0.102280
0 0.547355 0.354226 0.126800 0.077564
0 0.402515 0.174246 0.118127 0.087942
0 0.845360 0.200874 0.105637 0.086577
0 0.263053 0.073467 0.114310 0.081114
0 0.532784 0.622149 0.104944 0.091766
0 0.117346 0.270586 0.129922 0.078520
0 0.256114 0.443807 0.108066 0.084392
0 0.098439 0.794278 0.117086 0.113205
0 0.263400 0.166872 0.110494 0.089035
0 0.688985 0.648641 0.107546 0.084938
0 0.266696 0.352588 0.105637 0.093677
0 0.703990 0.158268 0.110494 0.067732
0 0.533044 0.533251 0.101995 0.072375
0 0.372853 0.821180 0.120902 0.087259
0 0.699219 0.342892 0.100954 0.077291
0 0.089853 0.580909 0.097138 0.088488
0 0.691154 0.446538 0.113617 0.108426
0 0.104944 0.170490 0.110668 0.090537
0 0.267563 0.259047 0.113964 0.073467
0 0.395317 0.075857 0.107199 0.089990
0 0.855507 0.622696 0.095056 0.102690
0 0.706071 0.246552 0.121249 0.091356
0 0.394883 0.277618 0.106678 0.096955
0 0.401474 0.530452 0.103903 0.062133
0 0.088985 0.682507 0.087424 0.074286
0 0.236600 0.862147 0.105464 0.079066
0 0.380486 0.733921 0.107719 0.056671
0 0.845620 0.087601 0.110321 0.109655
0 0.692888 0.552369 0.109107 0.084392
0 0.543539 0.442237 0.107719 0.092722
0 0.361492 0.912536 0.091934 0.082070
0 0.395663 0.387614 0.109974 0.112113
0 0.857242 0.293049 0.094363 0.074286
0 0.866262 0.494128 0.098526 0.137512
0 0.534605 0.824594 0.090199 0.093268
0 0.552385 0.264168 0.108413 0.094633
0 0.716739 0.068756 0.082914 0.090264
0 0.098959 0.373413 0.113964 0.107743
0 0.398179 0.473030 0.102515 0.053530
0 0.088725 0.067049 0.112229 0.092858
0 0.168777 0.062270 0.044406 0.058173
0 0.522897 0.688038 0.082741 0.039738
0 0.938508 0.613068 0.056028 0.072784
0 0.228881 0.662433 0.103556 0.065820
0 0.941284 0.726683 0.054987 0.057217
0 0.726800 0.929742 0.110321 0.099549
0 0.442498 0.910010 0.053773 0.058446
0 0.900781 0.731736 0.134258 0.075789
0 0.685169 0.732350 0.083608 0.075652
0 0.860364 0.378124 0.094363 0.086030
0 0.405464 0.620647 0.117433 0.105148
0 0.164094 0.355114 0.041631 0.037826
0 0.933738 0.823092 0.062099 0.053120
0 0.641717 0.040899 0.059150 0.048204
0 0.470078 0.159293 0.047528 0.042196
0 0.936687 0.926260 0.054814 0.059265
0 0.850043 0.942305 0.101474 0.098457
0 0.840676 0.833675 0.092108 0.076745
0 0.307632 0.638741 0.041110 0.040011
0 0.765828 0.829168 0.047875 0.051072
0 0.760104 0.937730 0.049263 0.054076
0 0.313096 0.557217 0.039549 0.030452
0 0.773287 0.339820 0.046141 0.044381
0 0.531049 0.948791 0.099046 0.057354
0 0.108153 0.104192 0.057415 0.036051
0 0.693929 0.825550 0.090720 0.092448
0 0.756722 0.719992 0.032090 0.024170
0 0.239636 0.558719 0.097311 0.077700
0 0.597225 0.928991 0.044059 0.034685
0 0.942151 0.183736 0.048049 0.041923
0 0.776062 0.055032 0.049263 0.032500
0 0.768690 0.234125 0.045273 0.037826
