0 0.850684 0.078007 0.266717 0.123510
0 0.859802 0.238173 0.239362 0.109426
0 0.866641 0.406284 0.266717 0.125677
0 0.860942 0.583604 0.278116 0.123510
0 0.869301 0.759661 0.258359 0.139039
0 0.854103 0.924521 0.291793 0.122788
0 0.500760 0.088480 0.326748 0.127122
0 0.503040 0.255688 0.335866 0.146623
0 0.506459 0.427591 0.274316 0.159624
0 0.534195 0.590105 0.329787 0.174070
0 0.524696 0.767606 0.301672 0.147707
0 0.534574 0.931744 0.301672 0.108342
0 0.162614 0.089563 0.294833 0.146623
0 0.189970 0.261286 0.317629 0.177320
0 0.172872 0.427591 0.324468 0.133622
0 0.188830 0.605453 0.351824 0.169375
0 0.185410 0.778440 0.344985 0.156374
0 0.210486 0.936078 0.331307 0.125677
