0 0.714310 0.074349 0.073947 0.063149
0 0.296131 0.515045 0.111263 0.080421
0 0.521140 0.085818 0.084731 0.057752
0 0.886169 0.091553 0.096885 0.096208
0 0.718162 0.721090 0.091921 0.072325
0 0.298870 0.610039 0.108867 0.082310
0 0.279699 0.123533 0.095173 0.083524
0 0.533721 0.881123 0.118110 0.094184
0 0.310168 0.793887 0.109209 0.082715
0 0.611178 0.414451 0.059055 0.066523
0 0.608867 0.150519 0.060596 0.055458
0 0.530555 0.687357 0.106984 0.074214
0 0.896183 0.202469 0.110065 0.081905
0 0.785861 0.070031 0.060253 0.049116
0 0.536717 0.778437 0.112119 0.085549
0 0.800839 0.383417 0.059740 0.053839
0 0.794762 0.687627 0.060253 0.059101
0 0.705666 0.487923 0.081992 0.089057
0 0.614344 0.684523 0.061965 0.052355
0 0.386939 0.217649 0.067614 0.058562
0 0.888138 0.404601 0.088839 0.076778
0 0.793478 0.475240 0.060767 0.055053
0 0.294420 0.225071 0.115371 0.079342
0 0.716707 0.600324 0.097912 0.079342
0 0.609808 0.079072 0.063163 0.043179
0 0.619908 0.859870 0.059397 0.057077
0 0.610493 0.610916 0.059055 0.049251
0 0.380948 0.092835 0.067271 0.063689
0 0.518316 0.335447 0.087984 0.064229
0 0.620507 0.771151 0.056488 0.057212
0 0.097997 0.398057 0.094659 0.068817
0 0.784663 0.148630 0.053406 0.055458
0 0.520113 0.248010 0.092263 0.078262
0 0.512838 0.162799 0.084218 0.079207
0 0.398066 0.687289 0.061452 0.046822
0 0.792708 0.586695 0.054776 0.051545
0 0.089439 0.102955 0.106299 0.092295
0 0.611948 0.228242 0.061280 0.054648
0 0.397809 0.777493 0.053064 0.047497
0 0.308884 0.702807 0.115200 0.076238
0 0.292622 0.300904 0.102191 0.064229
0 0.889421 0.307988 0.091407 0.097288
0 0.094745 0.205843 0.089524 0.078937
0 0.713026 0.411483 0.066587 0.038726
0 0.386511 0.599177 0.055803 0.050600
0 0.178278 0.575698 0.057686 0.053029
0 0.171431 0.197814 0.051866 0.051005
0 0.102790 0.493793 0.102533 0.078397
0 0.297415 0.411888 0.104245 0.110511
0 0.394471 0.505937 0.061109 0.045743
0 0.711486 0.380650 0.103903 0.090946
0 0.523964 0.427135 0.094488 0.095938
0 0.180161 0.674133 0.063163 0.053434
0 0.608610 0.531777 0.055632 0.051545
0 0.129408 0.301309 0.153714 0.080151
0 0.527302 0.615099 0.083704 0.044124
0 0.184697 0.752867 0.057172 0.044933
0 0.388993 0.397450 0.062136 0.062475
0 0.396183 0.873769 0.060767 0.057077
0 0.524735 0.538389 0.084731 0.076103
0 0.179134 0.479490 0.054605 0.055188
0 0.182215 0.387397 0.061452 0.048846
0 0.306145 0.883956 0.099795 0.076103
0 0.323006 0.237755 0.057515 0.052355
0 0.177251 0.292268 0.058028 0.052894
0 0.387453 0.294697 0.057001 0.048576
0 0.702927 0.162529 0.075145 0.078127
0 0.171431 0.088315 0.059397 0.065443
0 0.613403 0.330725 0.041595 0.036972
0 0.191630 0.920321 0.060082 0.043314
0 0.095686 0.583997 0.101335 0.074754
0 0.090466 0.687289 0.106642 0.096478
0 0.108867 0.774929 0.111948 0.080961
0 0.123930 0.850223 0.076344 0.065308
0 0.116741 0.915059 0.085587 0.062205
