0 0.772975 0.166010 0.185611 0.127026
0 0.768742 0.309680 0.146917 0.126150
0 0.781137 0.447876 0.169287 0.127464
0 0.767231 0.590451 0.162031 0.121770
0 0.777509 0.732151 0.188634 0.120456
0 0.771765 0.859615 0.144498 0.119580
0 0.596131 0.156154 0.168077 0.105563
0 0.585852 0.301139 0.170496 0.134472
0 0.590387 0.440867 0.171100 0.128340
0 0.584341 0.591108 0.177146 0.152869
0 0.582830 0.729961 0.194680 0.112571
0 0.578597 0.862462 0.174123 0.133158
0 0.409613 0.157468 0.169891 0.099431
0 0.398126 0.298292 0.157799 0.127026
0 0.403567 0.441524 0.157799 0.116513
0 0.407497 0.572930 0.174123 0.118265
0 0.397823 0.711783 0.166868 0.120894
0 0.399335 0.864214 0.160218 0.102497
