0 0.813949 0.305917 0.100166 0.088195
0 0.825538 0.447885 0.094785 0.091236
0 0.828228 0.591374 0.084437 0.078518
0 0.823572 0.741913 0.085886 0.088195
0 0.818709 0.884849 0.084437 0.072159
0 0.709644 0.151230 0.084437 0.087365
0 0.714094 0.288361 0.067674 0.085153
0 0.709644 0.441388 0.062086 0.089301
0 0.716370 0.583495 0.088369 0.085983
0 0.715646 0.727537 0.081954 0.084877
0 0.710782 0.870611 0.078849 0.092342
0 0.416391 0.131048 0.083609 0.055294
0 0.601097 0.144733 0.090025 0.059442
0 0.597061 0.289328 0.083609 0.076583
0 0.605857 0.435029 0.086714 0.076583
0 0.583092 0.590821 0.079677 0.086259
0 0.594681 0.733343 0.082161 0.079900
0 0.599855 0.878490 0.084230 0.074371
0 0.426325 0.581283 0.086093 0.090406
0 0.421151 0.869505 0.085265 0.092342
0 0.307326 0.147498 0.074089 0.062759
0 0.315708 0.294166 0.076366 0.079624
0 0.301738 0.614736 0.066225 0.089301
0 0.313638 0.752004 0.075538 0.057506
0 0.295737 0.885955 0.084437 0.059442
0 0.202194 0.604645 0.072434 0.086259
0 0.212541 0.141554 0.072434 0.068012
0 0.183568 0.304811 0.088990 0.092618
0 0.188742 0.885402 0.069123 0.071053
