0 0.718110 0.082573 0.120315 0.090328
0 0.716850 0.205976 0.114646 0.079836
0 0.706772 0.320598 0.083150 0.074589
0 0.728976 0.444913 0.127559 0.099681
0 0.718898 0.561017 0.113071 0.101505
0 0.725354 0.680315 0.114646 0.086907
0 0.720315 0.790716 0.127244 0.073677
0 0.720315 0.920849 0.110236 0.087135
0 0.551339 0.075844 0.127559 0.055885
0 0.550709 0.192518 0.131969 0.090328
0 0.552913 0.308622 0.101732 0.094434
0 0.547874 0.419024 0.114331 0.072536
0 0.560787 0.536154 0.123150 0.070484
0 0.545039 0.666857 0.111811 0.078695
0 0.551339 0.783417 0.127559 0.104699
0 0.551496 0.912523 0.121575 0.078695
0 0.387559 0.075274 0.117480 0.069343
0 0.377480 0.194571 0.134488 0.090328
0 0.381732 0.319001 0.114646 0.092381
0 0.389606 0.449589 0.150551 0.098540
0 0.373858 0.559535 0.119055 0.065237
0 0.371024 0.674042 0.104567 0.083029
0 0.371811 0.800068 0.108661 0.100593
0 0.371024 0.920849 0.119055 0.076642
0 0.197795 0.086793 0.127244 0.096487
0 0.204252 0.203353 0.097323 0.093294
0 0.205669 0.314325 0.114646 0.064325
0 0.203622 0.436588 0.113071 0.076642
0 0.198425 0.554288 0.120315 0.067518
0 0.217008 0.681341 0.100157 0.088960
0 0.216378 0.779311 0.110236 0.040374
0 0.198425 0.903285 0.114646 0.091241
