0 0.865938 0.147242 0.144188 0.149844
0 0.864723 0.323881 0.143378 0.188866
0 0.869785 0.514568 0.145403 0.177940
0 0.865128 0.690166 0.136087 0.169095
0 0.871810 0.866285 0.155934 0.181061
0 0.718712 0.154787 0.128392 0.162851
0 0.710004 0.322841 0.122317 0.179501
0 0.717902 0.507804 0.130012 0.155047
0 0.714864 0.687565 0.139328 0.168054
0 0.713649 0.867586 0.126367 0.174298
0 0.580397 0.150884 0.123127 0.158169
0 0.574727 0.343392 0.142568 0.180021
0 0.573917 0.514308 0.119077 0.170135
0 0.572296 0.699532 0.117456 0.172216
0 0.578169 0.868626 0.130822 0.144121
0 0.428109 0.151405 0.119077 0.156087
0 0.431146 0.327784 0.128392 0.161290
0 0.431146 0.510926 0.130012 0.159209
0 0.425678 0.680021 0.119077 0.148803
0 0.433171 0.876171 0.118672 0.172737
0 0.287971 0.150624 0.136087 0.169095
0 0.284731 0.330905 0.117456 0.161290
0 0.292629 0.515088 0.106521 0.155047
0 0.275618 0.693548 0.133252 0.156087
0 0.289591 0.870447 0.144188 0.156087
0 0.143175 0.153746 0.134872 0.153486
0 0.136493 0.332466 0.119887 0.154006
0 0.141960 0.501301 0.129202 0.139958
0 0.136087 0.685484 0.120697 0.152445
0 0.138113 0.864204 0.123127 0.155047
