0 0.856424 0.267893 0.112483 0.088206
0 0.861454 0.389365 0.114312 0.092238
0 0.853224 0.529234 0.120713 0.098790
0 0.852995 0.671119 0.124829 0.088206
0 0.853224 0.819556 0.118884 0.099798
0 0.727938 0.257812 0.117970 0.085181
0 0.729767 0.404738 0.117970 0.099798
0 0.729310 0.546875 0.117055 0.077621
0 0.723823 0.820565 0.115226 0.078629
0 0.600823 0.267641 0.117055 0.108871
0 0.601509 0.399446 0.126658 0.104335
0 0.604024 0.532258 0.119799 0.075605
0 0.596936 0.657258 0.111111 0.075605
0 0.600366 0.804688 0.116141 0.120464
0 0.399634 0.256048 0.132602 0.081653
0 0.403749 0.401210 0.113397 0.100806
0 0.403521 0.537550 0.121171 0.113407
0 0.390718 0.675151 0.102881 0.092238
0 0.281207 0.259325 0.106996 0.084173
0 0.254687 0.392641 0.068587 0.106855
0 0.275034 0.553679 0.107453 0.110383
0 0.278921 0.686744 0.117055 0.084173
0 0.264060 0.820312 0.101052 0.061996
0 0.148834 0.413054 0.108368 0.116431
0 0.145405 0.541331 0.120713 0.099798
0 0.143118 0.680444 0.095107 0.079637
0 0.143576 0.801915 0.118884 0.100806
