0 0.482228 0.472139 0.025199 0.034210
0 0.510875 0.394458 0.027056 0.030326
0 0.480769 0.508814 0.024138 0.027786
0 0.689125 0.513520 0.030239 0.036899
0 0.510477 0.429041 0.028117 0.033164
0 0.689390 0.548775 0.027321 0.027039
0 0.299668 0.632059 0.029310 0.047804
0 0.628249 0.552734 0.029178 0.031371
0 0.450133 0.608455 0.030769 0.037944
0 0.776459 0.507619 0.026923 0.028981
0 0.688528 0.244099 0.030106 0.025993
0 0.511273 0.359949 0.026260 0.032118
0 0.657891 0.503511 0.028780 0.025844
0 0.659748 0.463998 0.028249 0.038841
0 0.420557 0.676352 0.024138 0.030923
0 0.270159 0.456379 0.030504 0.035853
0 0.747082 0.575590 0.026525 0.032268
0 0.360942 0.717508 0.028515 0.036451
0 0.629708 0.275396 0.025995 0.027039
0 0.689788 0.277786 0.028117 0.029429
0 0.300663 0.673140 0.024668 0.028384
0 0.570889 0.496564 0.027454 0.033762
0 0.658621 0.423738 0.031034 0.038393
0 0.745093 0.303929 0.027056 0.025844
0 0.146154 0.370630 0.029443 0.032865
0 0.361406 0.401927 0.028912 0.027039
0 0.539324 0.557813 0.029841 0.036749
0 0.269695 0.538691 0.026658 0.030475
0 0.599403 0.523304 0.025597 0.026292
0 0.690252 0.333284 0.027188 0.025993
0 0.359748 0.437705 0.029045 0.028085
0 0.177255 0.492456 0.030371 0.028832
0 0.776658 0.471542 0.028912 0.038691
0 0.629377 0.370630 0.026923 0.035853
0 0.689456 0.372572 0.027454 0.037944
0 0.597878 0.454512 0.026790 0.027935
0 0.364721 0.230654 0.027851 0.031073
0 0.541114 0.402973 0.027321 0.031521
0 0.808820 0.480206 0.028515 0.035106
0 0.688528 0.410592 0.025066 0.028533
0 0.571817 0.317150 0.025066 0.029579
0 0.627520 0.523454 0.027454 0.022707
0 0.511273 0.467732 0.028647 0.033164
0 0.512334 0.210338 0.028912 0.035554
0 0.453249 0.469002 0.026127 0.029728
0 0.177653 0.407753 0.027454 0.033911
0 0.688926 0.480505 0.027984 0.027935
0 0.273011 0.414326 0.025332 0.030326
0 0.205239 0.409919 0.024536 0.030475
0 0.136804 0.579997 0.030637 0.033911
0 0.300066 0.589184 0.027719 0.033164
0 0.177785 0.338213 0.030371 0.035255
0 0.388926 0.837840 0.025597 0.025246
0 0.599602 0.373319 0.028117 0.032566
0 0.629178 0.416044 0.028117 0.034359
0 0.140782 0.718255 0.027454 0.032865
0 0.271154 0.576113 0.020557 0.025844
0 0.136671 0.538169 0.034615 0.041082
0 0.422215 0.456454 0.029045 0.032716
0 0.509218 0.572602 0.026923 0.033762
0 0.718634 0.469301 0.025862 0.034807
0 0.274536 0.135793 0.029178 0.030475
0 0.481565 0.654915 0.025464 0.030475
0 0.599005 0.555796 0.027454 0.033612
0 0.515318 0.143188 0.027454 0.024051
0 0.278249 0.097401 0.029178 0.035255
0 0.629377 0.309083 0.027454 0.032865
0 0.541512 0.324768 0.026260 0.023006
0 0.390981 0.625037 0.028912 0.036152
0 0.330040 0.522782 0.026658 0.029131
0 0.687003 0.633926 0.028117 0.024948
0 0.539721 0.373768 0.024271 0.024798
0 0.629111 0.589483 0.029310 0.033762
0 0.331631 0.641619 0.026393 0.032865
0 0.542440 0.225650 0.024934 0.033911
0 0.658554 0.544966 0.026393 0.040932
0 0.455239 0.328503 0.028515 0.029878
0 0.480106 0.620780 0.027586 0.035106
0 0.481698 0.539289 0.024403 0.021811
0 0.717772 0.609725 0.030504 0.025246
0 0.809019 0.308560 0.026525 0.027039
0 0.770955 0.115477 0.033422 0.037646
0 0.777387 0.540260 0.027188 0.027039
0 0.422745 0.551912 0.025597 0.026442
0 0.174735 0.530326 0.028515 0.031371
0 0.423276 0.518524 0.026393 0.034060
0 0.808156 0.601509 0.030637 0.050642
0 0.776989 0.237900 0.024005 0.028832
0 0.718700 0.237227 0.025464 0.025695
0 0.390782 0.810875 0.027188 0.028085
0 0.302851 0.381909 0.026127 0.032118
0 0.513130 0.239319 0.025995 0.020615
0 0.145292 0.336047 0.027984 0.027935
0 0.510146 0.816627 0.024005 0.029728
0 0.775066 0.820362 0.033687 0.045862
0 0.717109 0.325441 0.021220 0.033015
0 0.178846 0.759113 0.028780 0.028234
0 0.779310 0.333358 0.023607 0.021960
0 0.746817 0.199134 0.023607 0.030475
0 0.513263 0.266881 0.026525 0.029429
0 0.424271 0.419928 0.027586 0.034359
0 0.746353 0.429863 0.031698 0.037197
0 0.809416 0.370556 0.028382 0.031820
0 0.421021 0.607858 0.025066 0.028682
0 0.514324 0.114431 0.029708 0.028981
0 0.238462 0.536451 0.029708 0.032566
0 0.569960 0.458694 0.027454 0.033313
0 0.390584 0.677921 0.022812 0.023902
0 0.329841 0.554377 0.024138 0.022707
0 0.689788 0.306618 0.026525 0.025844
0 0.454642 0.296310 0.024934 0.028533
0 0.569828 0.572528 0.027188 0.033015
0 0.305040 0.185315 0.028117 0.026740
0 0.571883 0.114356 0.029708 0.037197
0 0.138594 0.615850 0.024934 0.031820
0 0.211340 0.858082 0.024005 0.031670
0 0.747347 0.502764 0.019894 0.023155
0 0.422546 0.487227 0.026525 0.021960
0 0.719695 0.267180 0.026393 0.030027
0 0.450464 0.567000 0.027188 0.036600
0 0.807162 0.862265 0.024668 0.028384
0 0.778714 0.308261 0.026658 0.034807
0 0.359218 0.837690 0.026393 0.028533
0 0.628780 0.453765 0.030504 0.036002
0 0.177520 0.717359 0.034085 0.037048
0 0.208422 0.710487 0.025597 0.026591
0 0.209350 0.495817 0.021618 0.028384
0 0.746751 0.393636 0.024005 0.032268
0 0.508952 0.508814 0.028515 0.033164
0 0.807560 0.246564 0.033422 0.035704
0 0.778183 0.575590 0.029045 0.025695
0 0.686605 0.664625 0.024668 0.033164
0 0.275995 0.194503 0.027056 0.026591
0 0.483024 0.376083 0.022281 0.031222
0 0.571021 0.209441 0.022414 0.026292
0 0.487135 0.288318 0.023873 0.019719
0 0.150995 0.207499 0.021883 0.027189
0 0.777918 0.266059 0.023475 0.025993
0 0.207560 0.375112 0.023873 0.026591
0 0.456034 0.220720 0.026658 0.038691
0 0.331366 0.607559 0.026923 0.028682
0 0.480438 0.685913 0.019496 0.021362
0 0.746883 0.352405 0.025862 0.033762
0 0.144828 0.405811 0.031300 0.031222
0 0.367971 0.166119 0.027454 0.026890
0 0.717573 0.577084 0.026658 0.033463
0 0.746286 0.276292 0.026260 0.028533
0 0.449204 0.643487 0.027321 0.026143
0 0.572082 0.535853 0.026393 0.035853
0 0.481698 0.439199 0.025464 0.026890
0 0.601326 0.410442 0.031034 0.036301
0 0.453979 0.381834 0.024668 0.025695
0 0.810080 0.278533 0.029178 0.028234
0 0.420225 0.642068 0.026393 0.033463
0 0.394098 0.262399 0.022414 0.024350
0 0.483886 0.165596 0.022679 0.027935
0 0.626127 0.491186 0.027056 0.029878
0 0.570756 0.424335 0.027719 0.032118
0 0.510411 0.608978 0.027454 0.028832
0 0.540385 0.347699 0.022414 0.024350
0 0.138793 0.761428 0.029841 0.027487
0 0.306300 0.216911 0.028249 0.027487
0 0.571684 0.610696 0.025332 0.033762
0 0.420292 0.706155 0.024138 0.023902
0 0.717374 0.800418 0.029178 0.035853
0 0.335676 0.215267 0.025199 0.025993
0 0.511074 0.645503 0.025066 0.034957
0 0.301459 0.414102 0.026790 0.028085
0 0.745756 0.536824 0.025995 0.035704
0 0.747149 0.470720 0.023475 0.028085
0 0.364721 0.370257 0.020424 0.021661
0 0.138727 0.815282 0.022281 0.024051
0 0.359748 0.802734 0.023740 0.030624
0 0.366446 0.194428 0.028117 0.028832
0 0.656366 0.864356 0.020955 0.026890
0 0.392175 0.557738 0.031300 0.031820
0 0.180769 0.206229 0.026260 0.030923
0 0.240318 0.816926 0.027851 0.032417
0 0.719828 0.204287 0.022149 0.027935
0 0.777851 0.438378 0.021751 0.018375
0 0.809947 0.649910 0.032626 0.050045
0 0.389324 0.707350 0.024536 0.022408
0 0.657427 0.241858 0.025995 0.030176
0 0.299138 0.551016 0.026127 0.031222
0 0.512997 0.174036 0.026260 0.032566
0 0.451923 0.527039 0.027188 0.035255
0 0.510013 0.737302 0.022944 0.030923
0 0.688130 0.588213 0.026127 0.036002
0 0.177454 0.370929 0.024138 0.027786
0 0.477454 0.407753 0.031565 0.026442
0 0.484682 0.264117 0.025862 0.026591
0 0.568767 0.152898 0.031698 0.031222
0 0.455504 0.185465 0.022679 0.020167
0 0.425133 0.386241 0.027188 0.028832
0 0.845955 0.203989 0.035411 0.040185
0 0.141844 0.497983 0.031963 0.030923
0 0.659682 0.281446 0.029178 0.034658
0 0.627918 0.685016 0.023475 0.026143
0 0.238263 0.766433 0.026393 0.034509
0 0.392109 0.655214 0.020822 0.019719
0 0.848873 0.281222 0.026923 0.034210
0 0.484218 0.343442 0.025464 0.027487
0 0.456432 0.355094 0.025862 0.020914
0 0.479708 0.741709 0.027586 0.030774
0 0.659615 0.312817 0.026923 0.026890
0 0.567440 0.794144 0.026127 0.035853
0 0.208687 0.170526 0.028780 0.031521
0 0.178316 0.609725 0.025332 0.029429
0 0.449072 0.736854 0.026260 0.027338
0 0.178780 0.818345 0.036074 0.037944
0 0.743369 0.845907 0.022546 0.029429
0 0.689523 0.439423 0.025729 0.030923
0 0.365318 0.266507 0.026127 0.030774
0 0.690119 0.208993 0.026658 0.033762
0 0.448873 0.766881 0.025862 0.028234
0 0.362666 0.759561 0.023210 0.032716
0 0.716844 0.365103 0.028647 0.037944
0 0.629642 0.621228 0.028249 0.029131
0 0.511737 0.851359 0.025332 0.034060
0 0.776393 0.200553 0.023873 0.025246
0 0.544695 0.112638 0.020690 0.026292
0 0.658554 0.389901 0.028780 0.027487
0 0.809218 0.551389 0.026658 0.046310
0 0.653912 0.660218 0.022679 0.031222
0 0.179509 0.140947 0.018966 0.024948
0 0.421883 0.578055 0.020690 0.020167
0 0.451857 0.825590 0.024138 0.022558
0 0.809019 0.749851 0.024403 0.025844
0 0.421419 0.759710 0.022679 0.031820
0 0.235676 0.492829 0.028382 0.034359
0 0.778515 0.418808 0.025199 0.023155
0 0.300464 0.483866 0.023740 0.028085
0 0.630305 0.199507 0.022414 0.023155
0 0.600464 0.247983 0.026658 0.034060
0 0.598077 0.601808 0.026923 0.035106
0 0.419297 0.833806 0.027454 0.029131
0 0.566048 0.350239 0.022812 0.033015
0 0.175862 0.567448 0.027321 0.033911
0 0.745756 0.237003 0.027851 0.034210
0 0.541777 0.431655 0.024934 0.023753
0 0.627653 0.658276 0.023475 0.022558
0 0.276127 0.381237 0.022546 0.027487
0 0.479045 0.793920 0.026525 0.033313
0 0.329708 0.578130 0.020159 0.021512
0 0.362003 0.683523 0.030902 0.030027
0 0.808024 0.700553 0.028249 0.025844
0 0.774934 0.172617 0.027586 0.026143
0 0.717706 0.434045 0.025597 0.027935
0 0.778249 0.726546 0.022281 0.045563
0 0.569297 0.387586 0.026393 0.030027
0 0.629775 0.338960 0.022414 0.018823
0 0.807958 0.726098 0.027056 0.025246
0 0.268833 0.500149 0.025995 0.026890
0 0.631366 0.174036 0.022679 0.022109
0 0.570557 0.183896 0.023342 0.020914
0 0.306698 0.122423 0.031167 0.018673
0 0.859549 0.648790 0.029178 0.031073
0 0.568501 0.758291 0.026923 0.030176
0 0.297812 0.515760 0.026923 0.027338
0 0.568568 0.644532 0.023077 0.028832
0 0.807427 0.516358 0.023873 0.021064
0 0.390716 0.391769 0.022281 0.031521
0 0.572149 0.253287 0.023342 0.025545
0 0.401658 0.169555 0.036472 0.037646
0 0.334350 0.252540 0.023342 0.033612
0 0.660013 0.142889 0.024801 0.023155
0 0.149867 0.140051 0.026525 0.024051
0 0.209814 0.534135 0.022546 0.029728
0 0.448143 0.706678 0.023873 0.029728
0 0.691910 0.141022 0.024138 0.023902
0 0.242241 0.406633 0.032759 0.034359
0 0.852056 0.311324 0.022679 0.023006
0 0.302387 0.317448 0.032891 0.028085
0 0.854509 0.621452 0.036605 0.026292
0 0.177851 0.860846 0.032626 0.037496
0 0.659218 0.354123 0.029576 0.031222
0 0.851658 0.558186 0.025066 0.033612
0 0.690252 0.737526 0.028515 0.033762
0 0.238594 0.715790 0.027586 0.029429
0 0.454973 0.259561 0.028515 0.032118
0 0.598939 0.486779 0.026260 0.026740
0 0.655040 0.723484 0.024403 0.028085
0 0.662334 0.803705 0.021751 0.020018
0 0.453581 0.408500 0.017772 0.020167
0 0.845225 0.245444 0.036074 0.039438
0 0.847613 0.344039 0.023607 0.029878
0 0.848541 0.377203 0.029443 0.025695
0 0.853249 0.523902 0.025597 0.026591
0 0.852785 0.493502 0.030239 0.034210
0 0.810676 0.435838 0.025597 0.038393
0 0.810676 0.401703 0.027454 0.031969
0 0.810212 0.337765 0.028382 0.029878
0 0.854244 0.683448 0.029443 0.027786
0 0.845690 0.721840 0.025597 0.027786
0 0.814456 0.802958 0.029443 0.044816
0 0.776061 0.776815 0.028515 0.039438
0 0.745756 0.741560 0.026525 0.026591
0 0.746684 0.781595 0.026525 0.036152
0 0.748541 0.814087 0.026525 0.030923
0 0.716777 0.682701 0.027454 0.035255
0 0.717838 0.644458 0.029310 0.035255
0 0.778448 0.615103 0.025597 0.036301
0 0.779841 0.652973 0.026525 0.024500
0 0.777520 0.683971 0.023740 0.028832
0 0.511340 0.693083 0.025597 0.036301
0 0.748143 0.644458 0.031300 0.035255
0 0.749072 0.606065 0.025464 0.031073
0 0.746684 0.676501 0.026525 0.026740
0 0.747149 0.708545 0.025597 0.039438
0 0.774668 0.864804 0.029443 0.044816
0 0.747613 0.882432 0.028382 0.033164
0 0.718302 0.841350 0.024668 0.038542
0 0.717374 0.879220 0.024668 0.033015
0 0.720225 0.110397 0.032228 0.029878
0 0.743369 0.116821 0.021751 0.034060
0 0.718767 0.141843 0.035146 0.028832
0 0.718302 0.170152 0.026525 0.025695
0 0.749536 0.160592 0.028515 0.042725
0 0.717308 0.295040 0.022679 0.025695
0 0.775133 0.379295 0.022679 0.027786
0 0.778912 0.355841 0.024668 0.021213
0 0.687003 0.107783 0.028382 0.026740
0 0.658621 0.111443 0.022812 0.031969
0 0.631167 0.111966 0.028382 0.030923
0 0.607029 0.108829 0.033156 0.024649
0 0.602653 0.141395 0.026525 0.036301
0 0.634483 0.143487 0.031300 0.032118
0 0.658090 0.176053 0.033156 0.035106
0 0.691777 0.171273 0.026525 0.034210
0 0.603647 0.173962 0.030371 0.030923
0 0.601724 0.208022 0.026525 0.033015
0 0.627321 0.232596 0.026525 0.035255
0 0.656698 0.210188 0.022679 0.035255
0 0.601260 0.287496 0.027454 0.038393
0 0.572414 0.280624 0.024668 0.026740
0 0.543037 0.295040 0.028515 0.027786
0 0.544430 0.262474 0.029443 0.026591
0 0.543966 0.224604 0.028515 0.032118
0 0.540650 0.189946 0.025597 0.026740
0 0.540650 0.153570 0.025597 0.037347
0 0.655239 0.693009 0.027454 0.025695
0 0.626393 0.744249 0.028382 0.038542
0 0.625464 0.779504 0.030239 0.027786
0 0.626857 0.817374 0.029310 0.030923
0 0.627321 0.862713 0.030239 0.034060
0 0.568103 0.841350 0.029310 0.036152
0 0.538263 0.811473 0.020822 0.031969
0 0.540186 0.849866 0.024668 0.029878
0 0.478647 0.824768 0.028382 0.024500
0 0.541578 0.599641 0.027454 0.037347
0 0.540650 0.639154 0.025597 0.035106
0 0.392440 0.524948 0.026525 0.024500
0 0.390517 0.494547 0.022679 0.025545
0 0.389589 0.347251 0.020822 0.036301
0 0.388594 0.316328 0.026525 0.023454
0 0.395690 0.288617 0.029310 0.021213
0 0.457294 0.155811 0.025464 0.035255
0 0.458289 0.119435 0.027454 0.028832
0 0.484748 0.110920 0.021751 0.041679
0 0.481963 0.194727 0.018037 0.023454
0 0.484284 0.213923 0.024536 0.014939
0 0.480504 0.240589 0.024668 0.032118
0 0.273873 0.226173 0.026525 0.026591
0 0.243170 0.101882 0.027454 0.034060
0 0.306698 0.095459 0.025597 0.031969
0 0.304310 0.147819 0.022679 0.023454
0 0.333621 0.148342 0.020822 0.024500
0 0.361671 0.107783 0.019894 0.028832
0 0.365915 0.138706 0.024668 0.024649
0 0.398077 0.132805 0.028515 0.029878
0 0.396220 0.201598 0.030371 0.028832
0 0.393369 0.234762 0.028382 0.028832
0 0.152719 0.173887 0.028515 0.035255
0 0.181565 0.167912 0.021751 0.027786
0 0.210942 0.138183 0.027454 0.029878
0 0.206167 0.097102 0.029310 0.037347
0 0.150862 0.094413 0.030371 0.025695
0 0.180239 0.098148 0.026525 0.033164
0 0.243634 0.134972 0.028382 0.036301
0 0.246088 0.168061 0.040716 0.027786
0 0.238926 0.205333 0.032228 0.038393
0 0.209549 0.209143 0.026525 0.035255
0 0.272613 0.263520 0.027454 0.033164
0 0.305769 0.249627 0.025597 0.024500
0 0.304775 0.287571 0.029443 0.031969
0 0.337467 0.286002 0.024536 0.030923
0 0.335544 0.316328 0.022812 0.025545
0 0.335080 0.359053 0.029310 0.038393
0 0.148408 0.298177 0.033156 0.027786
0 0.178780 0.302510 0.025464 0.031969
0 0.242241 0.368166 0.031167 0.030923
0 0.208156 0.340379 0.035146 0.033015
0 0.269761 0.345235 0.019894 0.029878
0 0.301923 0.351509 0.031167 0.029878
0 0.328448 0.392665 0.027454 0.024649
0 0.326592 0.430535 0.025597 0.040633
0 0.300531 0.447640 0.022812 0.019271
0 0.360212 0.613535 0.026525 0.031073
0 0.359284 0.570287 0.026525 0.034210
0 0.509416 0.777935 0.029443 0.033015
0 0.450199 0.798103 0.022679 0.028832
0 0.422215 0.800792 0.025597 0.038393
0 0.390517 0.758664 0.024536 0.024649
0 0.390517 0.782118 0.024536 0.020167
0 0.392905 0.729833 0.029310 0.030923
0 0.298143 0.708470 0.025464 0.028832
0 0.330305 0.708022 0.025597 0.025545
0 0.328979 0.675978 0.018966 0.025695
0 0.206764 0.573499 0.026525 0.031969
0 0.238992 0.576188 0.026525 0.035255
0 0.210942 0.621527 0.025597 0.032118
0 0.235610 0.621004 0.021883 0.028682
0 0.210013 0.754930 0.025597 0.040484
0 0.136605 0.868091 0.026525 0.044816
0 0.480040 0.891993 0.025597 0.039438
0 0.449735 0.874888 0.021751 0.026740
0 0.416114 0.865850 0.022679 0.029878
0 0.389058 0.866448 0.023740 0.026591
0 0.541578 0.879743 0.025597 0.025695
0 0.571419 0.878697 0.020822 0.031969
0 0.536870 0.674933 0.033156 0.027786
