0 0.870584 0.100642 0.212228 0.135846
0 0.873089 0.273296 0.207216 0.124138
0 0.868955 0.445469 0.215485 0.123978
0 0.871461 0.613793 0.216988 0.144346
0 0.891506 0.944266 0.206966 0.107939
0 0.647582 0.104411 0.213731 0.121893
0 0.642696 0.280754 0.220496 0.111147
0 0.634302 0.440658 0.197194 0.129431
0 0.609246 0.611708 0.207216 0.125100
0 0.612378 0.784362 0.227011 0.136808
0 0.621899 0.942662 0.215485 0.091901
0 0.395139 0.094627 0.230519 0.132478
0 0.408795 0.266319 0.203708 0.123015
0 0.389501 0.443304 0.218742 0.126063
0 0.393636 0.608019 0.200451 0.121893
0 0.375345 0.780112 0.183914 0.121893
0 0.377975 0.935445 0.195189 0.129110
0 0.116387 0.097434 0.217239 0.152847
0 0.117264 0.267362 0.218993 0.131516
0 0.114758 0.440658 0.206966 0.161508
0 0.131421 0.603689 0.203708 0.134723
0 0.135680 0.772735 0.218742 0.160385
0 0.140692 0.938172 0.232273 0.123657
