0 0.614453 0.070714 0.028385 0.025285
0 0.308854 0.804112 0.028646 0.025007
0 0.283203 0.548902 0.026823 0.028063
0 0.282813 0.572659 0.027604 0.026674
0 0.573828 0.553765 0.029427 0.026674
0 0.277214 0.780217 0.028385 0.026118
0 0.120182 0.571409 0.027344 0.024729
0 0.547526 0.069047 0.024740 0.025841
0 0.255599 0.070297 0.026302 0.026118
0 0.614193 0.093359 0.026302 0.026674
0 0.680339 0.093776 0.027865 0.029175
0 0.546615 0.340372 0.026042 0.025007
0 0.087500 0.571270 0.029167 0.025563
0 0.120964 0.595443 0.027865 0.027230
0 0.742708 0.318422 0.028646 0.027785
0 0.897266 0.808280 0.030469 0.028341
0 0.537891 0.782995 0.028385 0.026674
0 0.639193 0.603640 0.028906 0.024729
0 0.578516 0.342178 0.029427 0.026396
0 0.634245 0.832037 0.028385 0.025841
0 0.353125 0.069603 0.027604 0.025285
0 0.340755 0.804946 0.025260 0.026118
0 0.877995 0.095026 0.026823 0.023340
0 0.715885 0.069742 0.029167 0.026118
0 0.508724 0.553209 0.027865 0.028341
0 0.569531 0.807169 0.025521 0.027230
0 0.177474 0.825229 0.027344 0.025563
0 0.573698 0.578772 0.028646 0.025563
0 0.633854 0.808002 0.025521 0.028341
0 0.844531 0.071131 0.025000 0.026118
0 0.811849 0.070853 0.024740 0.022784
0 0.778516 0.070019 0.025260 0.025563
0 0.313281 0.598916 0.028646 0.028063
0 0.382552 0.313698 0.028125 0.027785
0 0.347917 0.597110 0.030729 0.027785
0 0.484766 0.043206 0.027344 0.033620
0 0.440234 0.783551 0.027344 0.028341
0 0.568490 0.830508 0.022917 0.024451
0 0.442578 0.715477 0.022135 0.023340
0 0.766667 0.807724 0.026562 0.027785
0 0.638542 0.556960 0.028646 0.027508
0 0.190495 0.094610 0.025781 0.024729
0 0.282422 0.596832 0.026302 0.025007
0 0.387109 0.069742 0.026823 0.025007
0 0.736589 0.583634 0.026823 0.024729
0 0.386198 0.093359 0.026042 0.026118
0 0.378776 0.691303 0.024219 0.023340
0 0.679036 0.185329 0.024740 0.022228
0 0.601823 0.783551 0.027604 0.025007
0 0.549089 0.045429 0.025260 0.026952
0 0.405990 0.828841 0.028125 0.027785
0 0.865885 0.675465 0.025521 0.024451
0 0.447786 0.313559 0.027865 0.026396
0 0.250000 0.572659 0.026042 0.025563
0 0.387370 0.045568 0.029948 0.027785
0 0.145052 0.849680 0.024479 0.023896
0 0.680729 0.069186 0.027083 0.022784
0 0.473698 0.692970 0.023958 0.022228
0 0.645443 0.185746 0.024219 0.022506
0 0.606510 0.555988 0.028125 0.029453
0 0.124479 0.094332 0.025521 0.024729
0 0.315104 0.550153 0.029687 0.027785
0 0.275781 0.803834 0.026042 0.024451
0 0.778516 0.045985 0.026302 0.028063
0 0.864062 0.809253 0.028125 0.024173
0 0.734115 0.783551 0.027604 0.028897
0 0.666797 0.854265 0.023698 0.023062
0 0.831510 0.831898 0.028125 0.024451
0 0.407813 0.805363 0.026042 0.025285
0 0.838932 0.343429 0.028385 0.025007
0 0.447786 0.338011 0.028906 0.027508
0 0.341797 0.781467 0.028906 0.024729
0 0.546745 0.317033 0.025781 0.027230
0 0.344922 0.691998 0.024740 0.023618
0 0.681771 0.045707 0.028646 0.026952
0 0.152865 0.572381 0.026562 0.022228
0 0.382943 0.337594 0.027344 0.025007
0 0.515104 0.339678 0.025521 0.023618
0 0.811458 0.186024 0.022396 0.024729
0 0.911719 0.071548 0.026042 0.025285
0 0.573047 0.602251 0.027344 0.026396
0 0.536458 0.830508 0.027604 0.025563
0 0.285677 0.338149 0.028125 0.025563
0 0.832943 0.584885 0.026823 0.025007
0 0.412630 0.598639 0.025781 0.023062
0 0.547396 0.363573 0.025000 0.025841
0 0.411198 0.692831 0.022917 0.025285
0 0.125130 0.071826 0.025781 0.024173
0 0.798307 0.831064 0.024219 0.028897
0 0.287760 0.045985 0.026042 0.026952
0 0.189844 0.070992 0.022396 0.025841
0 0.420182 0.093359 0.028906 0.027230
0 0.569401 0.782440 0.028385 0.025007
0 0.667318 0.831064 0.027344 0.027230
0 0.307812 0.781745 0.025000 0.024173
0 0.452734 0.046680 0.029427 0.029453
0 0.222135 0.139622 0.026042 0.025285
0 0.480208 0.361767 0.030208 0.027230
0 0.439583 0.828008 0.024479 0.027230
0 0.485156 0.093776 0.026042 0.029175
0 0.321094 0.131425 0.022396 0.023340
0 0.765885 0.831620 0.027083 0.025007
0 0.876953 0.071131 0.022656 0.025563
0 0.144922 0.824535 0.027344 0.030286
0 0.443359 0.576549 0.022656 0.024451
0 0.714453 0.092942 0.026302 0.024173
0 0.581641 0.093359 0.026823 0.028341
0 0.799089 0.925118 0.024219 0.024729
0 0.615365 0.045707 0.027604 0.028063
0 0.176823 0.896360 0.022917 0.023896
0 0.667448 0.782717 0.026562 0.024451
0 0.504167 0.807585 0.028125 0.023062
0 0.345573 0.714365 0.027604 0.023896
0 0.116406 0.663657 0.022396 0.025841
0 0.577604 0.365240 0.025521 0.028063
0 0.614974 0.185885 0.022656 0.026674
0 0.445443 0.552098 0.024740 0.029453
0 0.666016 0.923590 0.024740 0.026118
0 0.732552 0.924146 0.023438 0.026118
0 0.738281 0.559183 0.027083 0.026952
0 0.502995 0.829814 0.025781 0.025285
0 0.831771 0.783968 0.029167 0.028063
0 0.411458 0.668797 0.022396 0.025007
0 0.353385 0.045568 0.027083 0.027230
0 0.577995 0.316755 0.024740 0.026674
0 0.412760 0.622951 0.023958 0.023896
0 0.666016 0.806474 0.025260 0.025285
0 0.537630 0.717005 0.026302 0.024173
0 0.481120 0.338705 0.026302 0.023340
0 0.420573 0.046680 0.028125 0.030008
0 0.746484 0.093359 0.025781 0.025007
0 0.741016 0.342595 0.025781 0.027230
0 0.212630 0.802306 0.026302 0.025285
0 0.153125 0.548625 0.028125 0.028619
0 0.845443 0.045985 0.026823 0.028063
0 0.177214 0.871075 0.023698 0.026674
0 0.866016 0.608502 0.027865 0.028341
0 0.087240 0.595026 0.026562 0.025285
0 0.897526 0.832870 0.027865 0.026396
0 0.600911 0.830370 0.024740 0.025841
0 0.706380 0.559044 0.029948 0.030008
0 0.766406 0.900945 0.025000 0.021951
0 0.159635 0.046541 0.029687 0.026396
0 0.863411 0.924840 0.025781 0.025285
0 0.286719 0.070714 0.026042 0.024729
0 0.801172 0.675604 0.022656 0.025841
0 0.504297 0.783551 0.026823 0.027230
0 0.674219 0.434843 0.022396 0.025007
0 0.417708 0.184774 0.023958 0.025563
0 0.314974 0.574604 0.027344 0.023340
0 0.779167 0.117811 0.022917 0.022228
0 0.735547 0.698388 0.022135 0.024729
0 0.604688 0.718811 0.026562 0.023340
0 0.222656 0.070575 0.026042 0.024451
0 0.284766 0.313698 0.027344 0.027230
0 0.639323 0.580995 0.027604 0.023340
0 0.633854 0.853570 0.024479 0.022228
0 0.832682 0.607252 0.023698 0.023062
0 0.731510 0.947485 0.026042 0.022784
0 0.714063 0.044735 0.026562 0.025007
0 0.830078 0.925535 0.025260 0.026674
0 0.279948 0.690886 0.022917 0.024173
0 0.765625 0.878161 0.023958 0.024729
0 0.613021 0.139900 0.022396 0.024173
0 0.176432 0.802306 0.023698 0.025285
0 0.504297 0.852876 0.024219 0.022506
0 0.150000 0.664490 0.022917 0.025841
0 0.311849 0.691581 0.026823 0.023896
0 0.862760 0.900945 0.025521 0.026952
0 0.508073 0.602112 0.027604 0.027230
0 0.542839 0.553765 0.029948 0.028897
0 0.341146 0.828008 0.028125 0.025007
0 0.380078 0.597805 0.025260 0.029175
0 0.636458 0.697416 0.024479 0.024451
0 0.573047 0.626146 0.022656 0.021951
0 0.745833 0.069186 0.025000 0.023896
0 0.517318 0.069881 0.026823 0.026396
0 0.513932 0.363434 0.025260 0.026674
0 0.473438 0.670186 0.022917 0.024451
0 0.614062 0.116838 0.022917 0.023618
0 0.189453 0.046541 0.026302 0.026952
0 0.707682 0.341623 0.026302 0.023062
0 0.601693 0.806474 0.025260 0.023062
0 0.352865 0.182829 0.023438 0.024451
0 0.830469 0.948458 0.027083 0.023618
0 0.256120 0.045846 0.024740 0.025007
0 0.830208 0.808141 0.026562 0.026952
0 0.320833 0.092248 0.026042 0.025563
0 0.347266 0.550431 0.029427 0.030564
0 0.471745 0.827869 0.027865 0.029175
0 0.276693 0.827591 0.028385 0.026952
0 0.089583 0.336482 0.023438 0.025007
0 0.242578 0.780495 0.026302 0.026674
0 0.508333 0.577660 0.025000 0.022784
0 0.481901 0.312865 0.029427 0.031675
0 0.187630 0.338149 0.026302 0.025563
0 0.503125 0.922201 0.027083 0.023340
0 0.313802 0.622117 0.023958 0.021673
0 0.353906 0.093081 0.027083 0.028341
0 0.672005 0.582384 0.024740 0.024451
0 0.802474 0.560572 0.027865 0.029175
0 0.479818 0.476521 0.022656 0.022228
0 0.469010 0.922201 0.025000 0.025007
0 0.602344 0.871353 0.023958 0.022228
0 0.308073 0.828147 0.026562 0.026396
0 0.253646 0.313281 0.027604 0.028063
0 0.211198 0.872881 0.025521 0.026396
0 0.699609 0.782995 0.027865 0.026118
0 0.119792 0.547652 0.023958 0.027230
0 0.534115 0.921923 0.022396 0.024451
0 0.177604 0.779661 0.026562 0.025563
0 0.281380 0.620450 0.023698 0.023340
0 0.537240 0.806752 0.024479 0.024729
0 0.803646 0.482912 0.026562 0.023896
0 0.247135 0.665324 0.022917 0.024173
0 0.145964 0.778827 0.026823 0.027785
0 0.405729 0.920672 0.025000 0.024173
0 0.804688 0.460267 0.023438 0.021951
0 0.646875 0.206585 0.025521 0.022506
0 0.547656 0.093498 0.023958 0.026952
0 0.811458 0.208947 0.025000 0.022784
0 0.256901 0.160461 0.023698 0.020839
0 0.415104 0.313698 0.029167 0.029453
0 0.222786 0.162128 0.022656 0.023062
0 0.647526 0.092804 0.026823 0.023896
0 0.279036 0.713254 0.024219 0.020561
0 0.768880 0.722006 0.027344 0.025841
0 0.807161 0.319394 0.027865 0.028063
0 0.801562 0.652820 0.022917 0.024729
0 0.910547 0.095304 0.025781 0.025563
0 0.779687 0.093915 0.023438 0.026674
0 0.699349 0.945540 0.026302 0.025007
0 0.210417 0.779244 0.026562 0.020283
0 0.840365 0.319533 0.026042 0.025563
0 0.484505 0.161156 0.022656 0.025563
0 0.373698 0.827035 0.028646 0.028063
0 0.413281 0.575715 0.025000 0.024451
0 0.896745 0.782856 0.028906 0.025841
0 0.182812 0.664768 0.022917 0.025285
0 0.896875 0.585996 0.025000 0.025563
0 0.448698 0.432342 0.025521 0.024451
0 0.647396 0.046263 0.023958 0.025285
0 0.708073 0.365935 0.027083 0.025563
0 0.771354 0.460406 0.025000 0.023896
0 0.506120 0.716727 0.025260 0.023618
0 0.845703 0.095304 0.026302 0.025563
0 0.507422 0.647402 0.023177 0.027230
0 0.832292 0.560156 0.025521 0.029453
0 0.609505 0.365379 0.028906 0.027785
0 0.353646 0.205891 0.022917 0.021117
0 0.843359 0.187135 0.024740 0.025285
0 0.672005 0.605029 0.025781 0.025285
0 0.214844 0.711864 0.028125 0.023896
0 0.087240 0.546263 0.029167 0.027785
0 0.414062 0.551403 0.026562 0.028619
0 0.184375 0.618922 0.022917 0.021395
0 0.765365 0.924840 0.027604 0.025285
0 0.706641 0.434843 0.022656 0.024451
0 0.863932 0.832037 0.028906 0.025285
0 0.516276 0.184357 0.022135 0.021395
0 0.811589 0.162823 0.023698 0.023340
0 0.737240 0.605724 0.027604 0.025563
0 0.641667 0.458600 0.023958 0.023062
0 0.452474 0.092526 0.026302 0.028341
0 0.480339 0.431509 0.025260 0.022784
0 0.242839 0.920117 0.023698 0.023062
0 0.540885 0.600167 0.028125 0.027785
0 0.375260 0.784385 0.030208 0.030008
0 0.217057 0.595026 0.027865 0.027508
0 0.275130 0.920117 0.024740 0.024173
0 0.501693 0.875799 0.024740 0.024451
0 0.733594 0.830092 0.029167 0.030286
0 0.904167 0.369408 0.025000 0.024729
0 0.158594 0.094610 0.026042 0.023618
0 0.255729 0.182967 0.022917 0.023618
0 0.909766 0.140734 0.022656 0.026952
0 0.222917 0.046819 0.026042 0.028063
0 0.404557 0.942345 0.023177 0.023062
0 0.378125 0.714087 0.025521 0.025007
0 0.371875 0.921089 0.023958 0.025007
0 0.698698 0.853987 0.023958 0.023062
0 0.439193 0.851764 0.021094 0.021395
0 0.185026 0.406641 0.026823 0.026952
0 0.610156 0.434009 0.027083 0.027230
0 0.218620 0.549319 0.027865 0.031675
0 0.207943 0.943318 0.029427 0.023896
0 0.775000 0.366769 0.026042 0.026674
0 0.864714 0.561128 0.026302 0.026396
0 0.671224 0.628091 0.022135 0.020839
0 0.831901 0.700056 0.022656 0.021951
0 0.243229 0.824812 0.030208 0.028619
0 0.186328 0.548486 0.028385 0.029453
0 0.379427 0.645318 0.022917 0.021395
0 0.646615 0.162684 0.025000 0.025841
0 0.701693 0.698666 0.022135 0.023618
0 0.544792 0.476938 0.026562 0.022506
0 0.811979 0.093220 0.027083 0.024729
0 0.247656 0.690053 0.022917 0.025841
0 0.210807 0.825785 0.028906 0.024451
0 0.475521 0.600445 0.026042 0.029453
0 0.513151 0.456238 0.023698 0.023896
0 0.257031 0.094193 0.025000 0.027230
0 0.288411 0.183245 0.020573 0.024173
0 0.745573 0.139483 0.021875 0.024451
0 0.699740 0.877466 0.022917 0.024451
0 0.438021 0.921506 0.024479 0.023062
0 0.383594 0.360795 0.028646 0.027508
0 0.908333 0.165046 0.021875 0.028341
0 0.798698 0.877605 0.023958 0.024173
0 0.346875 0.644762 0.023958 0.023618
0 0.767708 0.606141 0.031250 0.031953
0 0.346484 0.668380 0.022135 0.025841
0 0.547656 0.386357 0.022396 0.020839
0 0.386719 0.139483 0.022917 0.021117
0 0.801172 0.700194 0.023177 0.025007
0 0.386849 0.160739 0.023698 0.023062
0 0.407161 0.782162 0.024219 0.023896
0 0.281120 0.666574 0.024219 0.025563
0 0.699349 0.900389 0.024740 0.023062
0 0.674089 0.410809 0.021615 0.023618
0 0.216016 0.619200 0.023698 0.024173
0 0.415495 0.431370 0.024219 0.023618
0 0.865625 0.585163 0.026042 0.026674
0 0.897005 0.877327 0.023698 0.025285
0 0.471615 0.783551 0.027604 0.029453
0 0.676823 0.365101 0.026562 0.029453
0 0.908464 0.210336 0.026302 0.024451
0 0.378125 0.666991 0.025000 0.023062
0 0.513411 0.432759 0.023698 0.024173
0 0.902604 0.461795 0.022396 0.025007
0 0.633854 0.877188 0.024479 0.024451
0 0.275130 0.896638 0.022656 0.025563
0 0.219141 0.336899 0.025260 0.026396
0 0.811458 0.046819 0.027083 0.028063
0 0.676432 0.318144 0.026823 0.029453
0 0.700130 0.830370 0.030469 0.028063
0 0.870703 0.320645 0.027865 0.029453
0 0.320964 0.188802 0.022656 0.021951
0 0.452604 0.184635 0.021875 0.023062
0 0.606510 0.601973 0.027604 0.026952
0 0.896875 0.901361 0.022396 0.026674
0 0.158073 0.116838 0.023958 0.023618
0 0.830859 0.877466 0.023177 0.025007
0 0.799219 0.783134 0.027083 0.026952
0 0.800911 0.583495 0.024219 0.021117
0 0.732812 0.876910 0.023438 0.023340
0 0.480339 0.385524 0.022656 0.023618
0 0.316927 0.360656 0.026042 0.028897
0 0.086458 0.664768 0.024479 0.025285
0 0.605208 0.699222 0.022917 0.020839
0 0.419010 0.207280 0.025000 0.022228
0 0.381380 0.550014 0.028385 0.031953
0 0.190625 0.162267 0.022917 0.022784
0 0.539193 0.625174 0.022656 0.020561
0 0.506120 0.671298 0.023698 0.023896
0 0.287370 0.116421 0.022135 0.022228
0 0.516016 0.114754 0.022656 0.022228
0 0.157292 0.184635 0.021875 0.023618
0 0.116797 0.709780 0.024740 0.023062
0 0.373698 0.851625 0.023958 0.023340
0 0.712630 0.116421 0.021094 0.023896
0 0.567708 0.945957 0.026042 0.021951
0 0.242708 0.897194 0.023958 0.025563
0 0.125391 0.117394 0.023177 0.023618
0 0.579297 0.434148 0.022656 0.024729
0 0.371875 0.897610 0.025000 0.024729
0 0.217318 0.451653 0.022135 0.023618
0 0.798047 0.854960 0.023698 0.022784
0 0.414974 0.361073 0.024219 0.026396
0 0.673698 0.456516 0.021354 0.022228
0 0.580599 0.046263 0.025260 0.028063
0 0.125911 0.139761 0.023177 0.023340
0 0.216276 0.689358 0.023177 0.023340
0 0.671615 0.557377 0.028646 0.030008
0 0.772135 0.413587 0.022917 0.025285
0 0.176823 0.919561 0.021354 0.024173
0 0.314063 0.667269 0.025521 0.025285
0 0.798958 0.901223 0.025521 0.025285
0 0.746484 0.186996 0.025781 0.025563
0 0.733073 0.853848 0.023438 0.020006
0 0.705859 0.480967 0.024219 0.022228
0 0.638021 0.651431 0.024479 0.023062
0 0.419141 0.138789 0.021615 0.023062
0 0.218750 0.429564 0.022917 0.022228
0 0.280990 0.642956 0.023438 0.025007
0 0.671094 0.698805 0.023958 0.025563
0 0.739453 0.366769 0.026302 0.026674
0 0.216667 0.665463 0.025000 0.024451
0 0.447656 0.361628 0.025000 0.023618
0 0.373177 0.874132 0.024479 0.024451
0 0.443099 0.693248 0.021094 0.025563
0 0.771094 0.437483 0.024479 0.025285
0 0.739974 0.390108 0.023177 0.022228
0 0.767188 0.782717 0.024479 0.026118
0 0.275000 0.942623 0.025000 0.023618
0 0.869531 0.460822 0.021875 0.025285
0 0.386458 0.116838 0.021875 0.023618
0 0.419010 0.161017 0.022396 0.024173
0 0.904036 0.320645 0.027865 0.028897
0 0.252083 0.475132 0.026562 0.024451
0 0.896094 0.925396 0.023958 0.023062
0 0.636849 0.718533 0.025260 0.022228
0 0.633333 0.900528 0.022396 0.022228
0 0.085156 0.617533 0.025000 0.024173
0 0.632422 0.923173 0.023698 0.026396
0 0.804818 0.413448 0.023698 0.023896
0 0.712370 0.184912 0.023177 0.025841
0 0.476302 0.551542 0.027604 0.026674
0 0.286589 0.138789 0.021615 0.023618
0 0.218359 0.474715 0.027344 0.024729
0 0.283073 0.452765 0.020833 0.023062
0 0.839063 0.367463 0.027604 0.027508
0 0.567969 0.927063 0.022396 0.019728
0 0.286589 0.093220 0.024740 0.024173
0 0.643359 0.317727 0.026302 0.027508
0 0.832161 0.723256 0.027865 0.025563
0 0.513932 0.478049 0.026302 0.021951
0 0.571745 0.695610 0.021615 0.022506
0 0.703255 0.674632 0.024219 0.023340
0 0.338151 0.920672 0.027344 0.024173
0 0.877214 0.141289 0.023177 0.025285
0 0.830729 0.854126 0.023958 0.022228
0 0.126432 0.161712 0.023177 0.022784
0 0.876172 0.187691 0.021615 0.026952
0 0.151432 0.594887 0.024219 0.026674
0 0.312500 0.714365 0.024479 0.023340
0 0.473438 0.646985 0.022917 0.024729
0 0.580859 0.139483 0.023177 0.024451
0 0.386198 0.182829 0.022396 0.022228
0 0.216146 0.641150 0.022396 0.023618
0 0.864062 0.948458 0.027083 0.023062
0 0.319141 0.046680 0.029948 0.028341
0 0.485026 0.138094 0.022656 0.023340
0 0.665625 0.947485 0.025521 0.022228
0 0.547917 0.116004 0.020833 0.019728
0 0.777344 0.140317 0.024479 0.026118
0 0.222396 0.183662 0.021875 0.022784
0 0.863021 0.877605 0.024479 0.022506
0 0.219271 0.384273 0.023958 0.023896
0 0.190104 0.184635 0.023438 0.023618
0 0.642057 0.388163 0.023177 0.023896
0 0.182161 0.688386 0.022656 0.021951
0 0.219792 0.312448 0.026042 0.025285
0 0.091406 0.431370 0.029167 0.026396
0 0.247786 0.642401 0.022656 0.023340
0 0.419531 0.116699 0.022917 0.021673
0 0.812370 0.140734 0.025260 0.024729
0 0.773828 0.319116 0.026302 0.028619
0 0.253516 0.431509 0.024219 0.025563
0 0.516927 0.137955 0.021875 0.024173
0 0.346484 0.620728 0.022656 0.022784
0 0.283724 0.383718 0.021094 0.023340
0 0.830208 0.901084 0.024479 0.024451
0 0.483854 0.206446 0.025000 0.022228
0 0.177474 0.942762 0.025781 0.023340
0 0.251302 0.548347 0.024479 0.026396
0 0.412370 0.645318 0.022656 0.023062
0 0.248828 0.620450 0.021615 0.020006
0 0.151432 0.640178 0.023698 0.027785
0 0.670052 0.720617 0.023438 0.019172
0 0.632682 0.947208 0.024740 0.020006
0 0.870833 0.368158 0.023438 0.026118
0 0.186719 0.594749 0.025521 0.029175
0 0.910026 0.188108 0.023698 0.022228
0 0.222526 0.116282 0.024219 0.020839
0 0.803255 0.437483 0.024219 0.026396
0 0.896615 0.608780 0.023438 0.025007
0 0.765625 0.853570 0.023958 0.021673
0 0.568359 0.887330 0.022135 0.021951
0 0.452344 0.207419 0.025521 0.023618
0 0.546745 0.409280 0.021094 0.023896
0 0.473047 0.715477 0.026302 0.023896
0 0.837370 0.483607 0.025260 0.023618
0 0.831771 0.677827 0.021354 0.024729
0 0.666276 0.877188 0.022135 0.023340
0 0.352865 0.160183 0.021354 0.020839
0 0.638151 0.627674 0.024740 0.025007
0 0.844401 0.163795 0.022135 0.025841
0 0.121875 0.310642 0.027604 0.028341
0 0.319661 0.208113 0.026823 0.021117
0 0.514323 0.315365 0.021875 0.026118
0 0.535547 0.853987 0.023177 0.022506
0 0.349089 0.453043 0.022135 0.022506
0 0.706510 0.458183 0.021354 0.025563
0 0.580990 0.161851 0.022917 0.022506
0 0.209505 0.919700 0.025260 0.023896
0 0.909115 0.117533 0.022396 0.021117
0 0.149870 0.686857 0.021094 0.021117
0 0.568880 0.907335 0.024740 0.022506
0 0.316406 0.452626 0.022396 0.021673
0 0.771094 0.482356 0.026562 0.022228
0 0.453125 0.117255 0.021354 0.022228
0 0.545573 0.455682 0.022396 0.022228
0 0.601953 0.891775 0.023698 0.023062
0 0.548828 0.135871 0.021615 0.021673
0 0.502344 0.898861 0.025000 0.023896
0 0.185417 0.474715 0.024479 0.021951
0 0.864583 0.721173 0.026042 0.026952
0 0.444271 0.600167 0.027083 0.029453
0 0.316667 0.475688 0.026042 0.023896
0 0.517448 0.092109 0.023958 0.023062
0 0.143880 0.895110 0.026823 0.024729
0 0.609505 0.477772 0.026302 0.024173
0 0.144792 0.941234 0.024479 0.021951
0 0.799740 0.948319 0.026562 0.023340
0 0.411198 0.715338 0.024479 0.021395
0 0.864844 0.698944 0.023438 0.021395
0 0.256641 0.117949 0.021094 0.020839
0 0.578646 0.455404 0.021875 0.021673
0 0.903255 0.345096 0.023177 0.025563
0 0.801562 0.606280 0.025521 0.026118
0 0.647135 0.116838 0.024479 0.024729
0 0.338802 0.942484 0.027083 0.023896
0 0.745313 0.045568 0.022396 0.023896
0 0.448177 0.454154 0.023438 0.023618
0 0.438151 0.898583 0.022656 0.026674
0 0.611719 0.316060 0.029687 0.029730
0 0.439063 0.874410 0.022396 0.022228
0 0.341146 0.852598 0.025521 0.026952
0 0.679688 0.162267 0.025000 0.023896
0 0.125651 0.047652 0.027344 0.028619
0 0.739323 0.412476 0.023958 0.022506
0 0.768880 0.699917 0.022135 0.023896
0 0.088281 0.640734 0.027083 0.026674
0 0.093099 0.161851 0.023698 0.024173
0 0.578125 0.477633 0.026042 0.023896
0 0.222526 0.093915 0.026823 0.027230
0 0.485547 0.116977 0.022656 0.023340
0 0.085026 0.709780 0.025781 0.022506
0 0.307682 0.872187 0.024740 0.026674
0 0.252474 0.452765 0.022656 0.022506
0 0.699609 0.924285 0.023698 0.023062
0 0.480339 0.454710 0.022656 0.023618
0 0.516016 0.160600 0.023698 0.023340
0 0.470703 0.853154 0.022656 0.020839
0 0.550000 0.208947 0.023958 0.020006
0 0.896484 0.948041 0.024740 0.022784
0 0.806120 0.367185 0.025781 0.029175
0 0.517578 0.044874 0.024740 0.024173
0 0.274870 0.873298 0.023698 0.024451
0 0.514453 0.408586 0.024219 0.024729
0 0.704036 0.604612 0.027344 0.026118
0 0.219661 0.406919 0.023698 0.025841
0 0.450911 0.161156 0.023177 0.023896
0 0.177083 0.848013 0.023438 0.021673
0 0.746615 0.208113 0.025521 0.021117
0 0.475521 0.624340 0.022917 0.021673
0 0.763932 0.948319 0.027344 0.023896
0 0.600781 0.853015 0.022917 0.019450
0 0.118620 0.639344 0.024219 0.026118
0 0.116536 0.686719 0.021094 0.025841
0 0.242448 0.849680 0.024479 0.021673
0 0.469922 0.875382 0.022656 0.023062
0 0.712370 0.139205 0.022135 0.023340
0 0.483984 0.185190 0.022135 0.022506
0 0.739062 0.435816 0.021354 0.023062
0 0.144922 0.918866 0.024219 0.024451
0 0.831380 0.652959 0.022135 0.025563
0 0.535286 0.899000 0.024219 0.024729
0 0.242839 0.872742 0.025260 0.024451
0 0.404687 0.897610 0.021875 0.024729
0 0.287891 0.160739 0.022135 0.021951
0 0.125781 0.183801 0.022917 0.023618
0 0.224870 0.206029 0.024740 0.022506
0 0.862891 0.855238 0.025781 0.023340
0 0.896745 0.855238 0.023698 0.020561
0 0.836589 0.460545 0.024219 0.023618
0 0.672917 0.479994 0.025521 0.026396
0 0.182161 0.711170 0.025781 0.024729
0 0.876823 0.118505 0.022917 0.023062
0 0.571615 0.649347 0.022396 0.024451
0 0.089714 0.311475 0.027344 0.028341
0 0.516667 0.206724 0.023958 0.020561
0 0.876432 0.163795 0.024219 0.024173
0 0.571615 0.672270 0.021354 0.024173
0 0.598307 0.910392 0.024219 0.021395
0 0.476953 0.574604 0.026302 0.025007
0 0.864323 0.785079 0.025000 0.026952
0 0.287630 0.205752 0.024740 0.021951
0 0.414583 0.384968 0.024479 0.024173
0 0.414714 0.476382 0.024740 0.023618
0 0.183984 0.640734 0.022135 0.024451
0 0.712630 0.162823 0.023177 0.023896
0 0.210156 0.848708 0.024479 0.023618
0 0.581771 0.207141 0.026562 0.023062
0 0.535547 0.876216 0.022135 0.023618
0 0.306380 0.919978 0.024740 0.025007
0 0.144141 0.872048 0.024740 0.023062
0 0.404948 0.852042 0.021354 0.021395
0 0.503125 0.944151 0.026562 0.021673
0 0.608594 0.456516 0.020313 0.022784
0 0.448307 0.383718 0.021615 0.021673
0 0.189974 0.139344 0.022135 0.023062
0 0.868099 0.484996 0.028385 0.024729
0 0.120443 0.452348 0.022135 0.020006
0 0.745313 0.162962 0.021875 0.023618
0 0.443620 0.670742 0.021615 0.022228
0 0.902344 0.438038 0.021875 0.023618
0 0.320833 0.169353 0.022917 0.019728
0 0.909896 0.046402 0.027083 0.027230
0 0.337891 0.897472 0.028385 0.026118
0 0.157552 0.139622 0.025000 0.024173
0 0.283984 0.360934 0.021094 0.025563
0 0.805469 0.391220 0.022917 0.023340
0 0.383203 0.476243 0.025260 0.021673
0 0.124479 0.209780 0.031250 0.028897
0 0.184505 0.452765 0.024219 0.023062
0 0.316927 0.313559 0.026042 0.029730
0 0.404948 0.873437 0.022396 0.025841
0 0.641276 0.410947 0.023177 0.023340
0 0.305208 0.850236 0.027604 0.021117
0 0.610026 0.342317 0.028385 0.026674
0 0.546094 0.433315 0.023438 0.025285
0 0.581250 0.184218 0.021354 0.025563
0 0.249479 0.597388 0.026042 0.025563
0 0.903385 0.414699 0.022917 0.024729
0 0.568750 0.851487 0.021875 0.019728
0 0.254167 0.407058 0.023958 0.027230
0 0.480078 0.408447 0.022135 0.023340
0 0.605729 0.660600 0.022917 0.018616
0 0.866536 0.653237 0.022656 0.020561
0 0.675651 0.389136 0.023698 0.021395
0 0.778255 0.185329 0.021615 0.022228
0 0.572005 0.717699 0.024740 0.023896
0 0.505078 0.693665 0.022656 0.021395
0 0.769922 0.559044 0.029427 0.030008
0 0.190495 0.117394 0.023177 0.022506
0 0.275260 0.849958 0.023958 0.021673
0 0.837891 0.437205 0.022656 0.024173
0 0.642708 0.364407 0.029167 0.027508
0 0.210417 0.897055 0.022396 0.024173
0 0.437109 0.943734 0.026823 0.023618
0 0.744922 0.116560 0.022135 0.021395
0 0.613932 0.161156 0.020052 0.022784
0 0.877214 0.046263 0.026302 0.021951
0 0.868880 0.415115 0.024219 0.025563
0 0.468750 0.898722 0.023438 0.023062
0 0.736328 0.650597 0.022656 0.023618
0 0.708203 0.317033 0.027344 0.028341
0 0.313802 0.643790 0.022396 0.021673
0 0.606120 0.625590 0.023177 0.021395
0 0.371224 0.943873 0.027865 0.023896
0 0.680208 0.139483 0.023438 0.025007
0 0.700260 0.720061 0.026042 0.023618
0 0.185417 0.382884 0.022917 0.022228
0 0.441927 0.646568 0.020833 0.025563
0 0.778776 0.208669 0.024740 0.021673
0 0.085807 0.685746 0.023698 0.025563
0 0.384896 0.205335 0.025000 0.023340
0 0.640365 0.435260 0.025521 0.025841
0 0.679557 0.116977 0.023698 0.022228
0 0.606641 0.643373 0.021094 0.019728
0 0.771094 0.652403 0.023958 0.023896
0 0.580859 0.116004 0.022135 0.020839
0 0.246354 0.713670 0.025521 0.021395
0 0.600000 0.947763 0.026562 0.021673
0 0.538802 0.694221 0.021875 0.022506
0 0.845052 0.119755 0.024479 0.024451
0 0.157943 0.207280 0.024740 0.022228
0 0.712240 0.208669 0.027604 0.023340
0 0.866536 0.631425 0.028385 0.023618
0 0.443750 0.624062 0.020833 0.020561
0 0.317057 0.408308 0.024219 0.028063
0 0.735547 0.673659 0.021094 0.023062
0 0.256250 0.140039 0.021354 0.020006
0 0.319010 0.384690 0.026562 0.022506
0 0.895443 0.679911 0.024219 0.026674
0 0.378255 0.623229 0.025781 0.023896
0 0.896484 0.561823 0.025781 0.028897
0 0.679557 0.206585 0.027344 0.022506
0 0.380859 0.454571 0.028385 0.025007
0 0.154427 0.310920 0.029167 0.028897
0 0.382422 0.384551 0.021615 0.021673
0 0.308073 0.896638 0.022917 0.022784
0 0.093359 0.138927 0.022135 0.023896
0 0.837370 0.414143 0.022656 0.025285
0 0.665625 0.899833 0.024479 0.024173
0 0.844922 0.140317 0.022656 0.023340
0 0.284245 0.430258 0.021615 0.024173
0 0.092318 0.093637 0.026302 0.027785
0 0.608854 0.386357 0.021875 0.020283
0 0.257031 0.205335 0.025521 0.022784
0 0.122005 0.361211 0.024219 0.026674
0 0.604818 0.679911 0.022135 0.022228
0 0.637370 0.674354 0.022656 0.022228
0 0.190104 0.206168 0.025521 0.022228
0 0.777604 0.162684 0.021354 0.021951
0 0.121094 0.429425 0.020313 0.023062
0 0.120052 0.617811 0.024479 0.021951
0 0.548828 0.154348 0.022135 0.020283
0 0.577344 0.387330 0.022396 0.020561
0 0.635807 0.782440 0.021615 0.024451
0 0.350260 0.359822 0.025521 0.027785
0 0.186198 0.312170 0.025521 0.028063
0 0.811589 0.116560 0.022135 0.022506
0 0.773047 0.341206 0.025260 0.022228
0 0.869531 0.439844 0.022917 0.024451
0 0.606771 0.408308 0.027083 0.026396
0 0.538932 0.648791 0.022135 0.022228
0 0.153906 0.407335 0.021875 0.021673
0 0.321615 0.112670 0.022396 0.018061
0 0.243490 0.942623 0.025521 0.023062
0 0.157552 0.161156 0.021875 0.021673
0 0.451042 0.408308 0.026562 0.029730
0 0.415495 0.454571 0.022656 0.020006
0 0.506510 0.623784 0.023438 0.020006
0 0.186458 0.360517 0.025000 0.024729
0 0.285026 0.474715 0.022135 0.021951
0 0.534505 0.943873 0.023698 0.021673
0 0.736719 0.721867 0.025000 0.021673
0 0.148438 0.709919 0.026042 0.025007
0 0.548828 0.190470 0.020573 0.019728
0 0.577865 0.410114 0.023438 0.024451
0 0.548307 0.172270 0.019531 0.021117
0 0.348828 0.430675 0.021094 0.021673
0 0.670052 0.651848 0.025000 0.023896
0 0.773307 0.390525 0.024740 0.022506
0 0.802083 0.629758 0.022917 0.023062
0 0.154557 0.429842 0.023698 0.023896
0 0.353255 0.138233 0.022656 0.024173
0 0.538802 0.671575 0.021354 0.025563
0 0.381641 0.407613 0.024740 0.026674
0 0.284505 0.407474 0.024740 0.025841
0 0.119661 0.475271 0.024740 0.023062
0 0.348438 0.408169 0.027604 0.025007
0 0.735677 0.628369 0.022396 0.021395
0 0.843880 0.209364 0.023177 0.021395
0 0.769141 0.675882 0.024219 0.027508
0 0.348568 0.313837 0.025260 0.029175
0 0.838151 0.392192 0.022135 0.019728
0 0.738932 0.482356 0.023177 0.019450
0 0.448437 0.476521 0.026042 0.026674
0 0.800000 0.722840 0.023438 0.023618
0 0.154948 0.452348 0.024479 0.023340
0 0.732812 0.900806 0.025521 0.023896
0 0.738411 0.459294 0.024219 0.024451
0 0.092839 0.116977 0.022656 0.021117
0 0.089453 0.361767 0.024219 0.028341
0 0.897266 0.632120 0.023177 0.023340
0 0.317448 0.430814 0.020313 0.021951
0 0.381641 0.431509 0.020573 0.024451
0 0.350391 0.384551 0.021615 0.022228
0 0.454688 0.138927 0.023438 0.023340
0 0.703906 0.628925 0.023438 0.021951
0 0.306641 0.943734 0.025781 0.024173
0 0.092188 0.048486 0.025000 0.028619
0 0.252214 0.360795 0.023698 0.027508
0 0.707682 0.411781 0.023698 0.023340
0 0.121875 0.336760 0.025521 0.027230
0 0.896094 0.654071 0.023958 0.023896
0 0.185938 0.430258 0.024479 0.024173
0 0.089063 0.383162 0.021875 0.018338
0 0.349219 0.475549 0.025000 0.023062
0 0.320182 0.150597 0.017969 0.017783
0 0.153516 0.359266 0.025781 0.028341
0 0.340625 0.874548 0.025000 0.021951
0 0.413672 0.409280 0.025260 0.025007
0 0.869010 0.392331 0.021354 0.019450
0 0.467969 0.944290 0.026042 0.024173
0 0.707292 0.389692 0.023958 0.023062
0 0.568750 0.868575 0.020833 0.019450
0 0.152995 0.474854 0.024219 0.022228
0 0.353646 0.117255 0.023438 0.022228
0 0.089063 0.474437 0.025521 0.023618
0 0.513151 0.386357 0.023177 0.019728
0 0.600521 0.929147 0.021875 0.021117
0 0.089453 0.452209 0.022656 0.022506
0 0.121615 0.405668 0.023958 0.023340
0 0.873828 0.210475 0.027865 0.025285
0 0.150391 0.617672 0.024219 0.020561
0 0.896224 0.700472 0.019531 0.021673
0 0.152865 0.384829 0.024479 0.023896
0 0.639844 0.480689 0.023958 0.021117
0 0.647135 0.139761 0.025521 0.022784
0 0.088672 0.404835 0.025781 0.026118
0 0.703906 0.652126 0.020833 0.022784
0 0.092188 0.186024 0.024479 0.024173
0 0.252995 0.384273 0.024219 0.020561
0 0.615365 0.208391 0.022917 0.022228
0 0.220312 0.361489 0.025000 0.023896
0 0.121484 0.383162 0.023177 0.022228
0 0.903516 0.393165 0.021615 0.020561
0 0.903385 0.484718 0.023438 0.022506
0 0.669792 0.674910 0.023438 0.024451
0 0.832552 0.630175 0.023438 0.023340
0 0.768620 0.630731 0.026302 0.022784
0 0.093490 0.207558 0.019271 0.018894
0 0.487109 0.072242 0.021094 0.020006
0 0.897135 0.724229 0.023958 0.021951
