0 0.814218 0.097763 0.328224 0.193687
0 0.806554 0.292369 0.305497 0.204720
0 0.806025 0.484830 0.326638 0.213301
0 0.810518 0.690316 0.313425 0.227705
0 0.801004 0.881857 0.320825 0.220962
0 0.492336 0.113546 0.356765 0.212381
0 0.487579 0.304474 0.358879 0.173766
0 0.464852 0.503678 0.332452 0.213607
0 0.483087 0.711615 0.307611 0.224333
0 0.482822 0.899939 0.311311 0.160895
0 0.163055 0.107416 0.313425 0.206865
0 0.163055 0.294514 0.309197 0.193687
0 0.154598 0.483911 0.303911 0.185106
0 0.159884 0.688017 0.318710 0.225559
0 0.161998 0.885382 0.322939 0.197977
