0 0.630295 0.754755 0.036149 0.045796
0 0.794000 0.356544 0.039070 0.040165
0 0.587512 0.754442 0.041383 0.043919
0 0.336904 0.634947 0.036271 0.043418
0 0.795764 0.528841 0.042113 0.046421
0 0.750000 0.397585 0.034810 0.040916
0 0.546373 0.755943 0.038218 0.043168
0 0.794852 0.705893 0.041504 0.039665
0 0.506268 0.758571 0.038827 0.039915
0 0.836599 0.573323 0.039314 0.043043
0 0.796069 0.661036 0.040287 0.048048
0 0.156706 0.460898 0.041991 0.044169
0 0.671738 0.620370 0.035054 0.037287
0 0.713912 0.750000 0.040774 0.041542
0 0.836660 0.613926 0.039192 0.037412
0 0.239046 0.232920 0.035784 0.043168
0 0.367575 0.274837 0.041626 0.040666
0 0.252982 0.813814 0.036879 0.044545
0 0.877434 0.524337 0.039435 0.041416
0 0.164800 0.685373 0.041139 0.038664
0 0.877373 0.660285 0.039314 0.049299
0 0.451680 0.318443 0.043330 0.044545
0 0.507303 0.845408 0.040166 0.040916
0 0.835565 0.527090 0.037244 0.044169
0 0.283654 0.411474 0.039557 0.044920
0 0.120192 0.688313 0.038340 0.043794
0 0.669791 0.579267 0.034810 0.042417
0 0.588973 0.801364 0.041626 0.041667
0 0.837877 0.703704 0.036758 0.042793
0 0.670399 0.709397 0.036271 0.044169
0 0.752739 0.618681 0.040774 0.040165
0 0.623783 0.269645 0.035784 0.038539
0 0.242210 0.366804 0.037244 0.043418
0 0.755051 0.750250 0.037366 0.043544
0 0.327227 0.407845 0.036879 0.039665
0 0.627373 0.664039 0.038827 0.042793
0 0.793269 0.181994 0.038096 0.041917
0 0.198941 0.366554 0.036879 0.040916
0 0.627982 0.529154 0.037610 0.042793
0 0.592989 0.890516 0.036758 0.041542
0 0.250183 0.767017 0.038096 0.038038
0 0.116967 0.277590 0.041626 0.039665
0 0.377069 0.718406 0.037975 0.039414
0 0.337634 0.766454 0.037975 0.046171
0 0.835321 0.101351 0.038462 0.040290
0 0.877069 0.184747 0.036027 0.044920
0 0.255599 0.857545 0.037731 0.041166
0 0.118488 0.595033 0.036149 0.043168
0 0.498722 0.535285 0.039800 0.037538
0 0.632668 0.844657 0.038948 0.041917
0 0.795338 0.747310 0.040287 0.039665
0 0.370253 0.451389 0.039435 0.044419
0 0.877921 0.437187 0.043574 0.041291
0 0.715068 0.796171 0.037975 0.041291
0 0.753286 0.704705 0.040166 0.040290
0 0.668513 0.532908 0.038096 0.045546
0 0.205879 0.683809 0.038827 0.045546
0 0.418756 0.674925 0.036392 0.040541
0 0.383703 0.810310 0.036636 0.042793
0 0.286697 0.497685 0.037853 0.038413
0 0.197359 0.186124 0.036879 0.039164
0 0.751826 0.529279 0.037244 0.038539
0 0.576010 0.097848 0.037366 0.037788
0 0.875730 0.789540 0.037975 0.042042
0 0.836843 0.882570 0.039070 0.049174
0 0.877556 0.270958 0.038462 0.039665
0 0.281828 0.365178 0.036149 0.038914
0 0.384920 0.893081 0.036392 0.041917
0 0.324854 0.275400 0.039679 0.038539
0 0.582157 0.272523 0.037244 0.044545
0 0.281767 0.233921 0.040652 0.041416
0 0.468354 0.891579 0.037731 0.038664
0 0.552154 0.892830 0.036879 0.041917
0 0.281646 0.275838 0.038462 0.039414
0 0.540287 0.490053 0.037975 0.038163
0 0.794365 0.574449 0.037366 0.038539
0 0.249148 0.723724 0.038705 0.038288
0 0.835869 0.483046 0.039314 0.040666
0 0.506633 0.804242 0.035662 0.040415
0 0.454844 0.493243 0.038948 0.042042
0 0.626035 0.486612 0.034688 0.037287
0 0.297590 0.855480 0.038705 0.036787
0 0.585382 0.666729 0.037610 0.039915
0 0.123235 0.727790 0.038096 0.034910
0 0.540835 0.581644 0.037853 0.041917
0 0.835747 0.224099 0.041504 0.041792
0 0.235090 0.102728 0.035662 0.037788
0 0.749331 0.224975 0.037123 0.038789
0 0.160906 0.548799 0.037975 0.047548
0 0.367089 0.316754 0.036758 0.032407
0 0.448515 0.187750 0.039192 0.041667
0 0.328323 0.454955 0.038583 0.043794
0 0.754686 0.574074 0.038583 0.039790
0 0.533106 0.141266 0.038705 0.039540
0 0.116054 0.189314 0.037853 0.039289
0 0.667052 0.487738 0.038827 0.038539
0 0.532619 0.184935 0.043574 0.039289
0 0.298016 0.813001 0.041261 0.042918
0 0.878408 0.704705 0.039679 0.038288
0 0.341650 0.895333 0.039679 0.038914
0 0.877313 0.612800 0.039192 0.039665
0 0.583009 0.445320 0.037244 0.038038
0 0.533836 0.229980 0.040896 0.042042
0 0.619584 0.138076 0.034688 0.038413
0 0.584287 0.580518 0.038340 0.041667
0 0.663279 0.269895 0.038096 0.042292
0 0.877860 0.571009 0.042478 0.043168
0 0.669547 0.664540 0.037001 0.042292
0 0.549477 0.847285 0.033471 0.040666
0 0.500669 0.624312 0.037610 0.037412
0 0.833252 0.182182 0.037488 0.038789
0 0.290166 0.721159 0.037975 0.039665
0 0.115567 0.367180 0.035662 0.037162
0 0.751704 0.487362 0.035784 0.042292
0 0.156280 0.233171 0.034810 0.039915
0 0.204966 0.640078 0.038705 0.040415
0 0.583009 0.493056 0.037488 0.043669
0 0.163948 0.639202 0.040896 0.043418
0 0.876339 0.140390 0.040409 0.038038
0 0.711538 0.574575 0.042113 0.042543
0 0.455757 0.584772 0.036636 0.042167
0 0.532802 0.098223 0.038583 0.039289
0 0.543391 0.625375 0.036392 0.038789
0 0.335017 0.680055 0.040531 0.039039
0 0.749878 0.182995 0.039192 0.040666
0 0.425146 0.893581 0.038218 0.036662
0 0.879199 0.313126 0.041018 0.043418
0 0.837816 0.653966 0.038583 0.037913
0 0.875365 0.100350 0.037244 0.032533
0 0.163827 0.594532 0.036758 0.040165
0 0.240506 0.320946 0.039435 0.039289
0 0.342320 0.812437 0.038340 0.042292
0 0.279698 0.189314 0.034810 0.042292
0 0.753165 0.662225 0.037488 0.042668
0 0.323759 0.185686 0.038948 0.038539
0 0.878225 0.229730 0.035175 0.042543
0 0.879017 0.394019 0.041626 0.039289
0 0.412184 0.540040 0.036392 0.040290
0 0.674842 0.841842 0.037123 0.038038
0 0.587512 0.709647 0.038218 0.039665
0 0.591346 0.844782 0.041504 0.036411
0 0.630173 0.801426 0.035419 0.041542
0 0.325280 0.364302 0.038827 0.042918
0 0.710747 0.659972 0.040774 0.036912
0 0.324854 0.231169 0.035784 0.043669
0 0.631633 0.888451 0.035419 0.038914
0 0.834652 0.439439 0.034932 0.041792
0 0.791261 0.138013 0.038705 0.036286
0 0.546069 0.709710 0.035419 0.035285
0 0.877313 0.835023 0.036271 0.041917
0 0.498539 0.493368 0.041383 0.040791
0 0.619766 0.180931 0.039192 0.039790
0 0.202958 0.499562 0.039070 0.040916
0 0.710991 0.439877 0.039314 0.038914
0 0.619827 0.098411 0.031280 0.036411
0 0.120375 0.642455 0.037001 0.044670
0 0.794365 0.614990 0.038340 0.037788
0 0.375487 0.631819 0.037244 0.038914
0 0.453749 0.362175 0.039192 0.039414
0 0.666261 0.399962 0.040652 0.036912
0 0.156889 0.277090 0.038462 0.039665
0 0.197055 0.103291 0.037001 0.036161
0 0.118184 0.234359 0.037488 0.039790
0 0.710504 0.527903 0.039557 0.041792
0 0.406585 0.230230 0.037123 0.043293
0 0.792478 0.226602 0.039679 0.042543
0 0.463303 0.758446 0.037366 0.040415
0 0.459530 0.669795 0.038340 0.041041
0 0.208374 0.765328 0.036027 0.040916
0 0.371775 0.496809 0.038340 0.038413
0 0.363620 0.185561 0.036636 0.043794
0 0.408532 0.313814 0.032741 0.036286
0 0.451680 0.269832 0.040652 0.036662
0 0.335991 0.720783 0.042478 0.036912
0 0.249148 0.682370 0.037001 0.040415
0 0.321750 0.143831 0.037123 0.038664
0 0.447055 0.143018 0.037244 0.039039
0 0.667661 0.359297 0.037853 0.042417
0 0.709591 0.482295 0.037731 0.035410
0 0.583435 0.534972 0.038096 0.037663
0 0.791687 0.268519 0.039070 0.039289
0 0.297225 0.895521 0.037244 0.034535
0 0.196811 0.231169 0.038462 0.037913
0 0.463790 0.807182 0.038583 0.040290
0 0.749026 0.270583 0.041383 0.043919
0 0.281524 0.322385 0.036514 0.040916
0 0.672590 0.882132 0.038462 0.036286
0 0.834348 0.142705 0.037488 0.037162
0 0.668574 0.443944 0.039679 0.040541
0 0.660054 0.139702 0.035540 0.035160
0 0.457339 0.627127 0.037610 0.038288
0 0.504990 0.715153 0.038705 0.042668
0 0.748113 0.312625 0.035906 0.037913
0 0.248296 0.638951 0.037731 0.040916
0 0.209895 0.860485 0.043452 0.040541
0 0.453201 0.447573 0.042722 0.040290
0 0.622992 0.357670 0.037366 0.039665
0 0.585504 0.622623 0.041018 0.038288
0 0.421677 0.718844 0.035906 0.039289
0 0.424294 0.762638 0.033350 0.039540
0 0.463547 0.713714 0.038583 0.036537
0 0.155368 0.143644 0.038827 0.038288
0 0.878347 0.881882 0.031524 0.045295
0 0.410480 0.404029 0.035175 0.039540
0 0.454479 0.539915 0.037244 0.040290
0 0.452349 0.403716 0.039070 0.036411
0 0.583252 0.361299 0.037488 0.042167
0 0.339460 0.855606 0.038705 0.039289
0 0.875669 0.479917 0.036392 0.040165
0 0.199732 0.411161 0.039435 0.040791
0 0.323941 0.317380 0.038583 0.037913
0 0.235090 0.144332 0.035906 0.036161
0 0.492880 0.228791 0.035175 0.039665
0 0.539253 0.316004 0.033471 0.041166
0 0.497505 0.447760 0.040044 0.037663
0 0.366358 0.229667 0.037731 0.038914
0 0.155672 0.411912 0.036271 0.041041
0 0.627921 0.708146 0.037001 0.039164
0 0.367880 0.359172 0.038827 0.037663
0 0.116663 0.503066 0.038340 0.044920
0 0.370131 0.405906 0.038462 0.040541
0 0.160175 0.503754 0.035054 0.037788
0 0.116419 0.323198 0.033228 0.042042
0 0.835565 0.396647 0.035054 0.041291
0 0.672468 0.796234 0.036271 0.041917
0 0.623235 0.401902 0.036392 0.039039
0 0.198150 0.143268 0.032619 0.034785
0 0.495862 0.402903 0.038462 0.038038
0 0.385163 0.851664 0.036636 0.033408
0 0.507972 0.889765 0.040774 0.040290
0 0.835686 0.745370 0.034323 0.032032
0 0.157315 0.365991 0.040287 0.038539
0 0.539740 0.401214 0.039800 0.044169
0 0.278603 0.144520 0.037244 0.040791
0 0.289496 0.679867 0.036879 0.037913
0 0.490019 0.140891 0.038705 0.037037
0 0.790835 0.099474 0.040531 0.034034
0 0.497444 0.315128 0.042356 0.039915
0 0.155854 0.322010 0.038827 0.039164
0 0.332096 0.541041 0.033958 0.036787
0 0.165896 0.770458 0.037731 0.040415
0 0.792600 0.313751 0.038705 0.044670
0 0.403116 0.141329 0.034810 0.039414
0 0.835382 0.791729 0.040044 0.042417
0 0.714886 0.885761 0.039070 0.046296
0 0.423503 0.854104 0.034688 0.036787
0 0.490750 0.187250 0.032376 0.038664
0 0.257607 0.896084 0.034688 0.031156
0 0.209774 0.812688 0.040774 0.040791
0 0.628773 0.620120 0.036514 0.035786
0 0.709834 0.395083 0.039435 0.036161
0 0.704966 0.308621 0.038218 0.035911
0 0.243853 0.499062 0.038096 0.039164
0 0.238620 0.277215 0.037366 0.035911
0 0.793939 0.394770 0.035540 0.034535
0 0.748600 0.355543 0.036879 0.035661
0 0.545521 0.668731 0.036758 0.039414
0 0.488802 0.099412 0.040409 0.036161
0 0.362281 0.139014 0.037123 0.036036
0 0.449063 0.228541 0.037853 0.037162
0 0.710443 0.616491 0.038218 0.036036
0 0.411392 0.495433 0.034323 0.041667
0 0.705635 0.266704 0.036879 0.038664
0 0.713182 0.705518 0.040774 0.034910
0 0.114654 0.143206 0.036514 0.038413
0 0.329540 0.497060 0.034202 0.037412
0 0.163827 0.726852 0.041383 0.034284
0 0.661818 0.182933 0.034688 0.039289
0 0.409323 0.359985 0.035784 0.040290
0 0.835078 0.266892 0.040896 0.039039
0 0.536575 0.271522 0.033228 0.034785
0 0.625426 0.444507 0.031524 0.038664
0 0.835443 0.310435 0.040409 0.036787
0 0.423807 0.811562 0.035540 0.043544
0 0.707887 0.354354 0.037731 0.038539
0 0.669730 0.751064 0.036149 0.035661
0 0.236551 0.186436 0.034932 0.030781
0 0.242636 0.407783 0.033228 0.034034
0 0.660236 0.101226 0.038096 0.037287
0 0.629077 0.575513 0.037853 0.040916
0 0.496957 0.360923 0.036758 0.039915
0 0.575463 0.183746 0.038705 0.037913
0 0.663401 0.227728 0.035419 0.038288
0 0.796373 0.839840 0.031646 0.043043
0 0.402446 0.098786 0.036392 0.031907
0 0.794669 0.439314 0.034810 0.041041
0 0.377860 0.675050 0.036636 0.037037
0 0.243306 0.455205 0.037975 0.041542
0 0.713973 0.839902 0.037731 0.037663
0 0.414922 0.628378 0.034323 0.037788
0 0.540470 0.446384 0.038583 0.038163
0 0.877130 0.744369 0.039557 0.037037
0 0.500304 0.583146 0.036879 0.039164
0 0.361003 0.103041 0.033350 0.034910
0 0.623539 0.313689 0.037975 0.037287
0 0.750426 0.439252 0.035906 0.037663
0 0.756451 0.837025 0.040896 0.043669
0 0.795278 0.795483 0.035054 0.038914
0 0.581852 0.402965 0.039557 0.039414
0 0.411636 0.450888 0.033593 0.041917
0 0.583252 0.315440 0.037244 0.037287
0 0.574428 0.139077 0.039070 0.040916
0 0.836843 0.835023 0.038827 0.040165
0 0.382364 0.764952 0.036392 0.034910
0 0.706609 0.224474 0.037123 0.034785
0 0.197237 0.277840 0.032254 0.036912
0 0.707461 0.181119 0.038583 0.039164
0 0.548320 0.803741 0.033350 0.040415
0 0.621227 0.229167 0.031646 0.041166
0 0.153542 0.102477 0.033228 0.034284
0 0.153238 0.189377 0.036027 0.040415
0 0.285845 0.455143 0.037366 0.038914
0 0.836417 0.353041 0.038462 0.035911
0 0.117271 0.416041 0.035906 0.043293
0 0.538401 0.358859 0.037366 0.035536
0 0.292113 0.765078 0.037731 0.038163
0 0.318525 0.098786 0.038218 0.034910
0 0.292174 0.635823 0.041261 0.047172
0 0.407315 0.271396 0.035175 0.034785
0 0.794060 0.483671 0.036758 0.041667
0 0.707278 0.135948 0.040166 0.033909
0 0.168391 0.818819 0.036392 0.049049
0 0.114411 0.457833 0.035540 0.038038
0 0.372322 0.538726 0.035784 0.031406
0 0.880538 0.355105 0.041261 0.036787
0 0.196629 0.324512 0.034202 0.040165
0 0.411879 0.584960 0.038948 0.037538
0 0.706426 0.099975 0.037001 0.036286
0 0.578810 0.226101 0.040044 0.034284
0 0.496896 0.271459 0.040531 0.036662
0 0.277568 0.101852 0.038827 0.030781
0 0.445777 0.100788 0.041261 0.040916
0 0.201375 0.454204 0.040531 0.038038
0 0.287488 0.543231 0.037731 0.038413
0 0.245983 0.545233 0.034810 0.037162
0 0.664070 0.310248 0.032863 0.033158
0 0.500791 0.665978 0.035662 0.035911
0 0.540226 0.534284 0.039070 0.030531
0 0.464094 0.845971 0.033836 0.032282
0 0.375243 0.585648 0.036758 0.040916
0 0.204783 0.545108 0.040531 0.037913
0 0.127008 0.767267 0.034688 0.041542
0 0.403116 0.183559 0.032376 0.035035
0 0.334165 0.587775 0.037610 0.038413
0 0.208800 0.724662 0.037123 0.032908
0 0.113620 0.101914 0.030063 0.030155
0 0.209469 0.898899 0.039192 0.032783
0 0.206913 0.596722 0.045034 0.047548
0 0.247809 0.592342 0.033836 0.039790
