0 0.605344 0.403133 0.103151 0.096780
0 0.434942 0.377720 0.097303 0.114534
0 0.327079 0.154395 0.078460 0.116275
0 0.327485 0.536205 0.088044 0.116101
0 0.225065 0.800261 0.093405 0.096954
0 0.118259 0.134204 0.077323 0.079721
0 0.783951 0.408094 0.087070 0.109138
0 0.889214 0.329591 0.088694 0.122367
0 0.433398 0.150392 0.089344 0.119756
0 0.328622 0.406527 0.091618 0.135944
0 0.120289 0.692863 0.083333 0.105309
0 0.894168 0.467885 0.081059 0.105135
0 0.225146 0.354047 0.088694 0.113142
0 0.225390 0.588251 0.080409 0.087903
0 0.427713 0.617406 0.076673 0.085988
0 0.222222 0.143429 0.085120 0.098869
0 0.221654 0.687990 0.077810 0.087206
0 0.322775 0.273803 0.093892 0.106876
0 0.583333 0.169887 0.110461 0.136466
0 0.326673 0.815057 0.082846 0.099043
0 0.116634 0.346301 0.093242 0.107050
0 0.327404 0.911314 0.070988 0.071889
0 0.888970 0.895648 0.077160 0.107746
0 0.887264 0.782158 0.075049 0.093124
0 0.885478 0.173629 0.087719 0.140470
0 0.889051 0.679199 0.074399 0.076240
0 0.590481 0.285640 0.110786 0.094343
0 0.222303 0.485553 0.074561 0.111923
0 0.118746 0.806266 0.082196 0.098172
0 0.221248 0.899913 0.073424 0.085640
0 0.434129 0.810531 0.092430 0.099739
0 0.782976 0.525849 0.086420 0.097128
0 0.431530 0.709312 0.083658 0.090862
0 0.787768 0.920801 0.065140 0.058834
0 0.433804 0.263098 0.091780 0.094169
0 0.118665 0.236641 0.089831 0.095561
0 0.431693 0.509051 0.088856 0.110531
0 0.602908 0.485640 0.090156 0.076240
0 0.886940 0.591645 0.074399 0.089469
0 0.783869 0.276153 0.077485 0.100435
0 0.220923 0.242211 0.083171 0.077459
0 0.123294 0.592950 0.077973 0.079896
0 0.118990 0.908877 0.066764 0.076762
0 0.018843 0.870322 0.037362 0.061619
0 0.786956 0.628721 0.086257 0.099565
0 0.689571 0.169191 0.087394 0.123934
0 0.787443 0.734204 0.075536 0.080766
0 0.689815 0.536902 0.076186 0.613577
0 0.119802 0.447781 0.046621 0.076066
0 0.120776 0.515231 0.087232 0.054308
0 0.324399 0.637598 0.057830 0.070670
0 0.327891 0.720801 0.069038 0.063011
0 0.795484 0.840992 0.057830 0.090339
0 0.789880 0.168146 0.058967 0.130548
