0 0.164306 0.185016 0.025496 0.026183
0 0.136827 0.464826 0.031161 0.043849
0 0.416997 0.730757 0.029462 0.035647
0 0.744476 0.119401 0.032861 0.036278
0 0.194901 0.054732 0.031728 0.032492
0 0.448725 0.732019 0.030595 0.033754
0 0.439802 0.232492 0.028045 0.027129
0 0.167139 0.467350 0.031161 0.033754
0 0.867280 0.046530 0.028612 0.035016
0 0.357507 0.806782 0.031728 0.035647
0 0.653399 0.085174 0.029745 0.037224
0 0.566714 0.540536 0.028612 0.026814
0 0.193626 0.089905 0.030878 0.037224
0 0.560623 0.052839 0.030595 0.036909
0 0.443484 0.390063 0.032578 0.034385
0 0.867564 0.116877 0.028612 0.038170
0 0.932720 0.458360 0.033711 0.037224
0 0.807224 0.387066 0.032011 0.032808
0 0.197309 0.467666 0.030312 0.035647
0 0.837819 0.082965 0.033144 0.034700
0 0.256091 0.125237 0.031728 0.033438
0 0.530028 0.089748 0.029462 0.033754
0 0.596742 0.460883 0.029178 0.039117
0 0.133144 0.091325 0.030028 0.036278
0 0.136827 0.394637 0.030595 0.039748
0 0.928754 0.082492 0.033711 0.033123
0 0.321246 0.427445 0.031728 0.032808
0 0.806374 0.119716 0.028045 0.040694
0 0.197734 0.430284 0.030595 0.035962
0 0.233286 0.733281 0.030878 0.033754
0 0.442635 0.426183 0.032011 0.032808
0 0.380595 0.053943 0.030878 0.035331
0 0.929037 0.118770 0.033144 0.036278
0 0.418130 0.769874 0.028329 0.037539
0 0.875071 0.723186 0.031161 0.035647
0 0.357790 0.732019 0.031728 0.035016
0 0.867989 0.081230 0.031728 0.034385
0 0.348442 0.053628 0.031728 0.034069
0 0.439377 0.052997 0.031728 0.035962
0 0.320822 0.464826 0.030878 0.035647
0 0.560057 0.122082 0.029462 0.034700
0 0.232720 0.809779 0.030312 0.036593
0 0.936686 0.722397 0.030312 0.034700
0 0.777762 0.567981 0.023513 0.027445
0 0.382578 0.390694 0.026346 0.030599
0 0.627762 0.388801 0.028895 0.034385
0 0.131586 0.055205 0.028045 0.036593
0 0.591501 0.052050 0.028329 0.038486
0 0.716856 0.387224 0.029745 0.035647
0 0.289093 0.232808 0.028045 0.028391
0 0.197734 0.394006 0.031161 0.037224
0 0.260623 0.468612 0.032295 0.031230
0 0.286969 0.050158 0.031728 0.030284
0 0.531303 0.051893 0.030312 0.035647
0 0.316572 0.053312 0.028045 0.034069
0 0.139093 0.735016 0.029462 0.034700
0 0.657790 0.387697 0.028329 0.034069
0 0.326771 0.732492 0.030312 0.034700
0 0.293909 0.734543 0.029178 0.035647
0 0.383286 0.496688 0.026062 0.028707
0 0.501416 0.122082 0.033428 0.033438
0 0.499858 0.052050 0.032578 0.035962
0 0.477620 0.729338 0.027195 0.039117
0 0.166997 0.429495 0.032011 0.033754
0 0.381445 0.426814 0.028612 0.034069
0 0.348159 0.125079 0.032295 0.033123
0 0.255666 0.089117 0.030878 0.036909
0 0.593343 0.152839 0.030312 0.030599
0 0.508782 0.767508 0.028329 0.030915
0 0.837110 0.118770 0.027762 0.038801
0 0.624221 0.119874 0.031445 0.036593
0 0.229037 0.393849 0.029745 0.038170
0 0.597592 0.389748 0.030878 0.035016
0 0.777195 0.463565 0.029178 0.039432
0 0.540510 0.766088 0.031728 0.035016
0 0.653541 0.120662 0.028329 0.036278
0 0.959773 0.083123 0.030028 0.039432
0 0.347167 0.155994 0.026346 0.030599
0 0.352833 0.426972 0.029178 0.031861
0 0.171246 0.736435 0.032578 0.035647
0 0.628187 0.423502 0.030312 0.036278
0 0.508499 0.804574 0.028895 0.035647
0 0.264306 0.733596 0.030028 0.034385
0 0.631586 0.729338 0.030878 0.035331
0 0.905524 0.794479 0.029745 0.035016
0 0.295609 0.805521 0.030878 0.035647
0 0.412465 0.391167 0.030595 0.033438
0 0.838102 0.202997 0.025779 0.028707
0 0.289660 0.392429 0.032011 0.032177
0 0.408782 0.205205 0.026629 0.029338
0 0.473088 0.390063 0.030028 0.036909
0 0.567139 0.460568 0.030028 0.038486
0 0.776629 0.050315 0.030312 0.035647
0 0.225637 0.056467 0.029745 0.034069
0 0.905524 0.724606 0.029745 0.033438
0 0.107365 0.465773 0.030595 0.040694
0 0.166431 0.393533 0.029745 0.035016
0 0.870255 0.424290 0.030028 0.037855
0 0.387535 0.767350 0.030595 0.035647
0 0.321530 0.392744 0.030028 0.032177
0 0.601558 0.797634 0.032011 0.036909
0 0.317564 0.089748 0.031161 0.036278
0 0.469405 0.052997 0.028895 0.040379
0 0.959632 0.118770 0.029178 0.035016
0 0.408499 0.052524 0.024929 0.036278
0 0.109348 0.735331 0.028895 0.037224
0 0.136827 0.549842 0.026062 0.029653
0 0.836402 0.047792 0.032011 0.036278
0 0.601416 0.760568 0.030595 0.034700
0 0.806799 0.423028 0.027195 0.036593
0 0.440085 0.088801 0.029178 0.036278
0 0.134136 0.127603 0.034278 0.033754
0 0.653541 0.050315 0.028329 0.036909
0 0.686686 0.425079 0.029462 0.036278
0 0.901416 0.594006 0.026062 0.027760
0 0.288244 0.257256 0.026346 0.027445
0 0.747592 0.462776 0.030595 0.035962
0 0.839660 0.462303 0.031161 0.038801
0 0.347734 0.089432 0.029745 0.034385
0 0.352125 0.463565 0.030028 0.033754
0 0.389235 0.806151 0.031161 0.033123
0 0.964448 0.566877 0.029178 0.028391
0 0.898159 0.046845 0.031445 0.035016
0 0.747592 0.517666 0.024363 0.028391
0 0.899575 0.387382 0.025779 0.037224
0 0.683428 0.049054 0.030878 0.035647
0 0.746742 0.426498 0.030028 0.032177
0 0.723088 0.797161 0.029178 0.038486
0 0.748159 0.593849 0.024929 0.026183
0 0.808499 0.595268 0.025496 0.026498
0 0.657365 0.460726 0.028612 0.040694
0 0.379178 0.087539 0.029745 0.031230
0 0.321671 0.497634 0.027479 0.028707
0 0.446459 0.769558 0.024929 0.036909
0 0.380312 0.123817 0.032011 0.033754
0 0.928612 0.047161 0.031728 0.033754
0 0.106091 0.599211 0.025212 0.027445
0 0.782436 0.761987 0.028895 0.032492
0 0.777620 0.543060 0.024929 0.026814
0 0.172380 0.809306 0.032578 0.035647
0 0.838669 0.423502 0.030878 0.033123
0 0.716289 0.424763 0.029745 0.037539
0 0.195751 0.259779 0.026629 0.027445
0 0.634278 0.907571 0.027195 0.027129
0 0.870680 0.386751 0.032011 0.033438
0 0.874079 0.852997 0.027479 0.027760
0 0.162323 0.056151 0.029462 0.034069
0 0.960623 0.047634 0.033428 0.033438
0 0.479037 0.767508 0.030595 0.035962
0 0.566147 0.388959 0.026346 0.035962
0 0.290510 0.429811 0.031445 0.033123
0 0.900708 0.423659 0.029745 0.032808
0 0.197592 0.284858 0.030878 0.027760
0 0.867422 0.151262 0.026629 0.029968
0 0.745042 0.049211 0.028895 0.034700
0 0.470680 0.121609 0.030878 0.036909
0 0.409773 0.123659 0.028045 0.035331
0 0.076912 0.831230 0.026912 0.025868
0 0.290510 0.464826 0.029178 0.036278
0 0.690227 0.726814 0.029178 0.034069
0 0.165439 0.261041 0.025496 0.026814
0 0.714589 0.185804 0.026912 0.034069
0 0.541501 0.803943 0.032011 0.034385
0 0.775921 0.387697 0.028329 0.035331
0 0.804958 0.084069 0.029178 0.029968
0 0.352125 0.571924 0.025496 0.029022
0 0.843768 0.757729 0.031445 0.034069
0 0.717422 0.593375 0.024646 0.027129
0 0.412465 0.426972 0.029462 0.031230
0 0.164731 0.125552 0.032011 0.036593
0 0.683853 0.202366 0.027195 0.030599
0 0.713314 0.117192 0.026062 0.035016
0 0.682295 0.084069 0.026912 0.036278
0 0.655099 0.255363 0.026346 0.029338
0 0.537535 0.430126 0.029745 0.033123
0 0.411898 0.462934 0.026629 0.033754
0 0.104816 0.234858 0.026062 0.026814
0 0.592351 0.118927 0.030595 0.035331
0 0.935836 0.793375 0.029745 0.036593
0 0.286119 0.079022 0.027762 0.029968
0 0.691785 0.800158 0.030595 0.034385
0 0.352408 0.390379 0.029462 0.033754
0 0.959490 0.152839 0.027195 0.031230
0 0.409632 0.089748 0.030028 0.032492
0 0.531870 0.123502 0.028612 0.035016
0 0.352550 0.496372 0.026912 0.027445
0 0.032153 0.751735 0.026346 0.032808
0 0.503683 0.423975 0.030028 0.034700
0 0.870255 0.544479 0.024363 0.027760
0 0.166289 0.234858 0.027195 0.029968
0 0.226204 0.183754 0.025212 0.026183
0 0.600708 0.726814 0.033144 0.032177
0 0.683428 0.119716 0.027479 0.036278
0 0.843626 0.794479 0.031161 0.040694
0 0.744476 0.083754 0.030028 0.033754
0 0.504816 0.568297 0.026062 0.028707
0 0.777195 0.426183 0.029745 0.035331
0 0.561048 0.087855 0.029745 0.032492
0 0.567847 0.423975 0.030312 0.032177
0 0.964873 0.455678 0.030028 0.038170
0 0.775637 0.119716 0.031161 0.035016
0 0.349008 0.256151 0.026062 0.028391
0 0.869688 0.461830 0.029462 0.036593
0 0.505241 0.620505 0.029745 0.027760
0 0.503683 0.461830 0.030028 0.035331
0 0.542068 0.934227 0.025779 0.028707
0 0.327195 0.887855 0.023796 0.026183
0 0.224363 0.125868 0.031728 0.031546
0 0.288244 0.180757 0.026346 0.030915
0 0.033711 0.783754 0.030028 0.031230
0 0.473654 0.425237 0.027762 0.031546
0 0.502691 0.389117 0.030878 0.033754
0 0.254958 0.053943 0.028895 0.033438
0 0.567564 0.594795 0.025212 0.027445
0 0.259348 0.439117 0.028612 0.032808
0 0.075637 0.805836 0.027762 0.026183
0 0.470538 0.180442 0.026062 0.029653
0 0.896742 0.118297 0.032578 0.032177
0 0.777762 0.619401 0.027479 0.026183
0 0.449292 0.862461 0.026629 0.028391
0 0.171105 0.773344 0.031161 0.034385
0 0.930453 0.386435 0.032011 0.034700
0 0.748867 0.617666 0.029745 0.025868
0 0.901275 0.459464 0.028612 0.037539
0 0.928895 0.205047 0.024929 0.026498
0 0.469830 0.154890 0.027479 0.027129
0 0.632011 0.763565 0.032295 0.033754
0 0.838244 0.385174 0.027762 0.035962
0 0.266289 0.942744 0.024363 0.028076
0 0.439235 0.123502 0.029178 0.033754
0 0.906516 0.758360 0.030595 0.033438
0 0.137960 0.576341 0.025496 0.027760
0 0.193201 0.125552 0.027762 0.037224
0 0.099717 0.057571 0.028329 0.038170
0 0.962890 0.491167 0.027762 0.031546
0 0.380595 0.156151 0.029178 0.030284
0 0.137535 0.601577 0.025779 0.027129
0 0.966572 0.794006 0.025496 0.039748
0 0.228470 0.465142 0.031445 0.034385
0 0.661190 0.726341 0.024363 0.038170
0 0.805666 0.048423 0.026629 0.039432
0 0.381586 0.283281 0.031161 0.027129
0 0.318839 0.188328 0.028045 0.034700
0 0.692068 0.856467 0.025496 0.029653
0 0.930312 0.178076 0.028329 0.032492
0 0.869122 0.494164 0.025496 0.029968
0 0.839235 0.594795 0.024646 0.027445
0 0.413031 0.619716 0.028329 0.026814
0 0.686119 0.461672 0.030028 0.035647
0 0.875354 0.794006 0.031161 0.035331
0 0.387394 0.730126 0.025212 0.031861
0 0.903258 0.619401 0.028612 0.026814
0 0.714589 0.082019 0.028045 0.034700
0 0.959773 0.254574 0.025496 0.027129
0 0.657932 0.543691 0.023513 0.026814
0 0.572521 0.883281 0.026629 0.025868
0 0.536544 0.491009 0.028895 0.033754
0 0.663031 0.857098 0.026912 0.026498
0 0.380312 0.205205 0.028045 0.028707
0 0.628187 0.519558 0.023513 0.023975
0 0.134561 0.187855 0.026629 0.031230
0 0.263173 0.770662 0.029462 0.031546
0 0.810057 0.619874 0.029745 0.026498
0 0.164306 0.159937 0.028329 0.030284
0 0.103116 0.158675 0.024363 0.025868
0 0.717139 0.617823 0.027479 0.026814
0 0.623796 0.202050 0.026629 0.029338
0 0.869972 0.594795 0.025496 0.026183
0 0.107507 0.549527 0.026346 0.030915
0 0.257365 0.187539 0.027479 0.029968
0 0.322096 0.546530 0.026062 0.028076
0 0.775637 0.255994 0.026629 0.028076
0 0.653824 0.178707 0.026062 0.028707
0 0.357082 0.770189 0.030878 0.033754
0 0.811615 0.798265 0.025496 0.038170
0 0.841501 0.722555 0.030878 0.033123
0 0.195609 0.234543 0.027479 0.025552
0 0.263739 0.806940 0.027195 0.034700
0 0.812748 0.761514 0.029462 0.032808
0 0.317989 0.157413 0.026346 0.027760
0 0.172946 0.943218 0.024646 0.025868
0 0.382720 0.463565 0.030595 0.033123
0 0.531728 0.231230 0.024929 0.023344
0 0.964023 0.388801 0.031161 0.041325
0 0.691218 0.763565 0.030028 0.033123
0 0.226629 0.259464 0.023796 0.026183
0 0.775496 0.205836 0.027479 0.029338
0 0.874363 0.826656 0.026912 0.029338
0 0.932153 0.421767 0.033144 0.032808
0 0.658499 0.595426 0.025212 0.026814
0 0.868414 0.255678 0.025212 0.027445
0 0.136261 0.249054 0.028329 0.029968
0 0.662606 0.763407 0.028329 0.035331
0 0.256374 0.159148 0.027195 0.029968
0 0.296317 0.915615 0.025496 0.029338
0 0.105099 0.260095 0.027195 0.026183
0 0.654816 0.230284 0.025779 0.029653
0 0.501841 0.155363 0.028612 0.030599
0 0.257224 0.246057 0.027195 0.030915
0 0.896317 0.083123 0.027762 0.032492
0 0.418697 0.805521 0.027195 0.030599
0 0.107649 0.393375 0.032295 0.032808
0 0.684278 0.255994 0.025779 0.028707
0 0.409207 0.179022 0.024646 0.024290
0 0.140652 0.808517 0.029178 0.039117
0 0.806516 0.179180 0.026629 0.030284
0 0.538527 0.727918 0.028329 0.036909
0 0.723654 0.881230 0.025779 0.026183
0 0.265722 0.916719 0.025496 0.029022
0 0.390652 0.913249 0.024929 0.027129
0 0.195326 0.209148 0.027479 0.029653
0 0.194759 0.159464 0.025779 0.031230
0 0.234844 0.915142 0.026629 0.025868
0 0.259348 0.581861 0.026912 0.029968
0 0.478329 0.837539 0.026346 0.030284
0 0.931728 0.593218 0.026062 0.026814
0 0.448300 0.835647 0.026346 0.027760
0 0.258074 0.279968 0.032861 0.031230
0 0.664164 0.932650 0.025779 0.028076
0 0.419263 0.837697 0.026062 0.029338
0 0.380595 0.230915 0.025212 0.028391
0 0.260198 0.500473 0.029745 0.032492
0 0.840368 0.569243 0.025779 0.026814
0 0.571813 0.798738 0.029745 0.040379
0 0.473796 0.595741 0.024646 0.026814
0 0.104108 0.210095 0.026912 0.027129
0 0.717705 0.492902 0.025779 0.024290
0 0.713314 0.047792 0.029462 0.033123
0 0.326487 0.838644 0.025779 0.024921
0 0.683853 0.154101 0.026062 0.029968
0 0.447592 0.806151 0.028329 0.035016
0 0.360623 0.962303 0.030595 0.027445
0 0.780595 0.723817 0.026346 0.036278
0 0.107365 0.501262 0.026629 0.029022
0 0.653824 0.203943 0.026629 0.026814
0 0.203541 0.891798 0.025212 0.026498
0 0.473088 0.461672 0.030028 0.035647
0 0.142635 0.941640 0.026912 0.028391
0 0.358215 0.912776 0.024079 0.028707
0 0.135269 0.218297 0.027479 0.030284
0 0.504249 0.543218 0.026062 0.025868
0 0.745751 0.389905 0.025779 0.036593
0 0.079178 0.903312 0.028045 0.026814
0 0.383853 0.572397 0.023796 0.029338
0 0.326912 0.912776 0.023796 0.028707
0 0.353116 0.544953 0.026346 0.026814
0 0.714731 0.217350 0.025496 0.029653
0 0.783853 0.830284 0.024363 0.028391
0 0.173938 0.891167 0.026629 0.029022
0 0.720397 0.725552 0.026629 0.038486
0 0.535694 0.520662 0.026062 0.028076
0 0.287960 0.207256 0.024646 0.027129
0 0.289943 0.496530 0.025212 0.024606
0 0.687819 0.595426 0.023796 0.026183
0 0.844476 0.828864 0.025496 0.026183
0 0.752833 0.800473 0.026346 0.031861
0 0.936686 0.827287 0.028045 0.031861
0 0.289093 0.282650 0.029745 0.027129
0 0.509632 0.933123 0.024363 0.028391
0 0.838669 0.493375 0.025212 0.025868
0 0.809915 0.518139 0.027195 0.030599
0 0.531161 0.205678 0.024363 0.028391
0 0.569122 0.727287 0.026062 0.031861
0 0.409632 0.256625 0.024363 0.027445
0 0.661331 0.799211 0.027479 0.032492
0 0.963598 0.592114 0.026912 0.028391
0 0.965722 0.755047 0.026062 0.036278
0 0.657507 0.420978 0.027762 0.030599
0 0.905807 0.827603 0.026346 0.028076
0 0.478187 0.804101 0.028329 0.033438
0 0.508640 0.728391 0.028045 0.038486
0 0.775637 0.154574 0.027195 0.029653
0 0.845042 0.878076 0.026062 0.027445
0 0.687252 0.493218 0.026629 0.029338
0 0.624646 0.281073 0.028895 0.027760
0 0.348584 0.206309 0.024646 0.025237
0 0.653824 0.151420 0.024929 0.028391
0 0.531728 0.255047 0.024363 0.027445
0 0.936969 0.955521 0.027479 0.026498
0 0.627620 0.460726 0.029745 0.037539
0 0.198584 0.547634 0.025496 0.029653
0 0.812748 0.829653 0.026062 0.028391
0 0.478895 0.865773 0.026912 0.029968
0 0.229887 0.549369 0.026912 0.030599
0 0.195042 0.184069 0.025779 0.023028
0 0.868555 0.178076 0.026629 0.028076
0 0.232861 0.772713 0.029462 0.031861
0 0.167280 0.285962 0.029745 0.026814
0 0.326346 0.805363 0.030028 0.034700
0 0.598159 0.554574 0.026346 0.030915
0 0.806091 0.254259 0.025779 0.027129
0 0.593768 0.254101 0.027195 0.026814
0 0.631870 0.798107 0.027479 0.032177
0 0.745326 0.205047 0.024929 0.030284
0 0.592351 0.179338 0.026629 0.027445
0 0.627195 0.494322 0.025496 0.029653
0 0.784419 0.855994 0.023796 0.026183
0 0.233711 0.843218 0.026629 0.029022
0 0.870680 0.570189 0.025212 0.027445
0 0.318272 0.250315 0.025779 0.030599
0 0.755241 0.833281 0.029462 0.033123
0 0.439093 0.256151 0.026062 0.027129
0 0.837960 0.254416 0.025496 0.026814
0 0.562465 0.178864 0.026912 0.029653
0 0.137252 0.281388 0.030878 0.029653
0 0.933569 0.617823 0.028612 0.026814
0 0.166006 0.500473 0.025496 0.030599
0 0.200283 0.738486 0.024929 0.041640
0 0.321105 0.571924 0.027479 0.026498
0 0.657790 0.493375 0.025496 0.025237
0 0.959490 0.229653 0.024363 0.030284
0 0.747450 0.569401 0.022946 0.027129
0 0.509490 0.881546 0.026346 0.028076
0 0.449150 0.913565 0.026912 0.027760
0 0.657932 0.517823 0.024646 0.029968
0 0.111473 0.812776 0.030312 0.037539
0 0.686686 0.518454 0.024363 0.023659
0 0.932578 0.567666 0.025496 0.028076
0 0.902550 0.542902 0.026062 0.027129
0 0.203116 0.867508 0.026062 0.023344
0 0.199008 0.596845 0.024646 0.027760
0 0.349008 0.181388 0.024929 0.028391
0 0.814589 0.855047 0.025779 0.027445
0 0.814448 0.879653 0.024363 0.026814
0 0.383003 0.546057 0.024929 0.027129
0 0.352975 0.597161 0.025496 0.026498
0 0.439093 0.179022 0.026629 0.028707
0 0.259065 0.388959 0.028045 0.029022
0 0.897734 0.201735 0.024929 0.029338
0 0.688527 0.569716 0.025212 0.029022
0 0.629462 0.595110 0.024363 0.027445
0 0.438669 0.205678 0.025212 0.029022
0 0.747875 0.543691 0.024363 0.027445
0 0.870255 0.519243 0.024363 0.027129
0 0.228754 0.575868 0.024646 0.026814
0 0.566997 0.493218 0.026346 0.028076
0 0.103258 0.184543 0.026346 0.028391
0 0.202833 0.807098 0.029462 0.031230
0 0.662040 0.832177 0.026062 0.027760
0 0.408924 0.155521 0.026346 0.025237
0 0.563173 0.281546 0.029462 0.026814
0 0.502550 0.203943 0.026629 0.028707
0 0.685694 0.387066 0.026912 0.030915
0 0.106516 0.284543 0.028329 0.025868
0 0.624221 0.255521 0.025779 0.027129
0 0.838527 0.230126 0.027195 0.029338
0 0.234561 0.889905 0.024363 0.025237
0 0.806374 0.229022 0.025779 0.027129
0 0.784703 0.930284 0.025496 0.028391
0 0.511331 0.959464 0.028329 0.026814
0 0.622096 0.051104 0.027195 0.029022
0 0.167139 0.599527 0.025496 0.026814
0 0.562181 0.204416 0.028045 0.026498
0 0.316572 0.126341 0.026346 0.032492
0 0.782153 0.798896 0.028895 0.036909
0 0.295042 0.889117 0.026912 0.027445
0 0.628612 0.568139 0.024929 0.027129
0 0.598725 0.585804 0.025779 0.029653
0 0.840510 0.620189 0.029462 0.026498
0 0.412465 0.518927 0.024363 0.027129
0 0.807365 0.460252 0.026629 0.034700
0 0.875354 0.929811 0.025496 0.028707
0 0.443909 0.621451 0.028895 0.026498
0 0.717847 0.517508 0.026062 0.030599
0 0.287960 0.156309 0.025212 0.024921
0 0.659348 0.620347 0.029178 0.026183
0 0.837819 0.279968 0.029745 0.027445
0 0.317847 0.220032 0.027195 0.030599
0 0.504674 0.593691 0.025779 0.027760
0 0.594476 0.280284 0.029178 0.028707
0 0.873796 0.878233 0.027479 0.027760
0 0.326771 0.863407 0.025779 0.027760
0 0.292068 0.623659 0.029462 0.027129
0 0.228895 0.523028 0.026062 0.030915
0 0.413314 0.543691 0.023796 0.028076
0 0.225637 0.234543 0.023513 0.029338
0 0.035694 0.863407 0.027762 0.031546
0 0.504249 0.518612 0.024929 0.026498
0 0.228329 0.497003 0.025496 0.024921
0 0.837252 0.177445 0.025212 0.025552
0 0.874788 0.903628 0.027195 0.027445
0 0.837677 0.152524 0.026629 0.027445
0 0.928754 0.150946 0.026346 0.026183
0 0.353683 0.621767 0.028045 0.025868
0 0.531445 0.154574 0.025496 0.029022
0 0.898300 0.254732 0.024929 0.026183
0 0.693484 0.881388 0.024363 0.023344
0 0.290227 0.523344 0.024079 0.025868
0 0.503683 0.494637 0.026629 0.027760
0 0.443059 0.462145 0.030595 0.032808
0 0.808924 0.567981 0.024646 0.029968
0 0.628754 0.620820 0.027479 0.025237
0 0.034986 0.918770 0.028612 0.026814
0 0.439660 0.282019 0.029462 0.027760
0 0.290085 0.547792 0.023229 0.026814
0 0.930170 0.279338 0.029178 0.026814
0 0.603258 0.926183 0.025779 0.030915
0 0.359632 0.839590 0.028612 0.030599
0 0.410765 0.281230 0.027762 0.026183
0 0.535411 0.348738 0.027195 0.033123
0 0.718414 0.543691 0.023796 0.028076
0 0.287394 0.105205 0.028045 0.026814
0 0.686686 0.544637 0.025496 0.028707
0 0.199292 0.623344 0.029745 0.027129
0 0.501416 0.255363 0.025496 0.027445
0 0.597592 0.494164 0.024079 0.026814
0 0.287252 0.129653 0.028329 0.028391
0 0.628187 0.542587 0.025212 0.026498
0 0.928187 0.254416 0.025779 0.027445
0 0.449150 0.887539 0.025779 0.027445
0 0.198725 0.499369 0.027479 0.028391
0 0.107365 0.525394 0.026062 0.023028
0 0.167422 0.525710 0.025496 0.026814
0 0.541501 0.883754 0.025212 0.026183
0 0.811048 0.722871 0.027762 0.037539
0 0.623371 0.152839 0.026912 0.027445
0 0.690227 0.618770 0.028612 0.026814
0 0.034419 0.832808 0.028045 0.032177
0 0.258640 0.412934 0.026062 0.026498
0 0.419830 0.936278 0.024363 0.026498
0 0.469405 0.206467 0.024929 0.028076
0 0.963456 0.617350 0.028895 0.027129
0 0.929887 0.229180 0.026346 0.027445
0 0.593484 0.203943 0.025496 0.026183
0 0.805666 0.204890 0.027195 0.025552
0 0.229037 0.600000 0.025212 0.027760
0 0.380737 0.257098 0.023796 0.029022
0 0.775921 0.280126 0.027762 0.025868
0 0.897309 0.175394 0.024079 0.027129
0 0.905666 0.852997 0.024929 0.027129
0 0.321105 0.521767 0.024079 0.022082
0 0.562181 0.255678 0.027479 0.030599
0 0.745326 0.280757 0.029462 0.027129
0 0.561756 0.229338 0.027195 0.027760
0 0.103399 0.126498 0.026062 0.033438
0 0.747309 0.492587 0.025496 0.025552
0 0.598584 0.617981 0.030028 0.029653
0 0.075496 0.779811 0.025212 0.029653
0 0.568839 0.620978 0.030028 0.027445
0 0.605241 0.957413 0.030312 0.027760
0 0.478754 0.925079 0.026629 0.030599
0 0.775354 0.230599 0.024929 0.029022
0 0.165581 0.208991 0.027479 0.029968
0 0.260057 0.544479 0.025496 0.034069
0 0.566997 0.567035 0.025212 0.030599
0 0.470538 0.256467 0.025496 0.028391
0 0.745467 0.178864 0.025212 0.028391
0 0.659065 0.569401 0.025779 0.029022
0 0.960198 0.178549 0.026346 0.027760
0 0.225637 0.158044 0.026346 0.031546
0 0.076204 0.727760 0.027195 0.028391
0 0.603824 0.864511 0.026912 0.031861
0 0.203966 0.918139 0.024929 0.029968
0 0.290935 0.597634 0.024929 0.028707
0 0.775212 0.180442 0.026912 0.027760
0 0.198867 0.572397 0.023796 0.023659
0 0.965156 0.717981 0.028329 0.034069
0 0.076204 0.753943 0.024363 0.025868
0 0.536119 0.460726 0.026346 0.030599
0 0.839943 0.543060 0.023796 0.031230
0 0.751275 0.718297 0.024929 0.027129
0 0.478895 0.893218 0.025212 0.029338
0 0.264306 0.889590 0.026629 0.030915
0 0.784278 0.880126 0.025212 0.025868
0 0.754391 0.911199 0.027195 0.029968
0 0.167705 0.550158 0.026629 0.028391
0 0.716572 0.568139 0.023513 0.026498
0 0.034561 0.946688 0.027762 0.031546
0 0.235836 0.941167 0.024646 0.026814
0 0.902125 0.567981 0.026346 0.026183
0 0.350708 0.282019 0.028895 0.027129
0 0.475212 0.621609 0.028045 0.026814
0 0.571813 0.858675 0.024646 0.027760
0 0.693343 0.907571 0.023513 0.029653
0 0.843909 0.904259 0.025496 0.027445
0 0.724504 0.855678 0.026912 0.030599
0 0.655382 0.281073 0.029178 0.027129
0 0.572946 0.908675 0.025212 0.027445
0 0.777762 0.594322 0.022946 0.028391
0 0.443201 0.596057 0.025779 0.026183
0 0.933286 0.541167 0.026346 0.027445
0 0.744759 0.255521 0.026062 0.027129
0 0.900850 0.492587 0.026062 0.026183
0 0.510623 0.907256 0.026912 0.025237
0 0.535552 0.376972 0.027479 0.025868
0 0.932295 0.491325 0.027762 0.029968
0 0.814873 0.931073 0.024079 0.026183
0 0.321813 0.623659 0.030028 0.027129
0 0.030453 0.720189 0.025779 0.030915
0 0.106091 0.574606 0.023513 0.026183
0 0.593909 0.228707 0.025779 0.027760
0 0.715439 0.249211 0.024646 0.031546
0 0.845184 0.929968 0.025212 0.027129
0 0.412181 0.494479 0.024363 0.024290
0 0.572946 0.933281 0.026346 0.027445
0 0.868272 0.229338 0.025496 0.029653
0 0.388952 0.838959 0.026629 0.031230
0 0.443201 0.496057 0.026912 0.030599
0 0.077195 0.856782 0.028612 0.028391
0 0.137252 0.626183 0.028045 0.027760
0 0.225496 0.208202 0.024929 0.027129
0 0.898300 0.279811 0.029462 0.027760
0 0.350142 0.230599 0.024929 0.026498
0 0.439518 0.154259 0.025212 0.024606
0 0.078329 0.954732 0.028045 0.025552
0 0.257365 0.216088 0.025779 0.030284
0 0.693909 0.932965 0.024646 0.026814
0 0.359065 0.937066 0.023513 0.025552
0 0.390368 0.864038 0.024929 0.023975
0 0.228187 0.283754 0.028045 0.025552
0 0.291076 0.572240 0.025212 0.025237
0 0.412890 0.571451 0.023513 0.029968
0 0.114023 0.970189 0.030312 0.028707
0 0.264023 0.864038 0.024363 0.024606
0 0.421530 0.961514 0.027762 0.024606
0 0.326629 0.768612 0.026062 0.033123
0 0.327337 0.938328 0.023513 0.026183
0 0.328754 0.962618 0.029745 0.025552
0 0.777195 0.493533 0.022946 0.024290
0 0.602975 0.895426 0.026346 0.029968
0 0.532153 0.280442 0.028612 0.027129
0 0.663031 0.881546 0.025212 0.026814
0 0.684136 0.177760 0.025496 0.023028
0 0.535694 0.549527 0.024929 0.030915
0 0.751841 0.771451 0.026062 0.029338
0 0.870963 0.619558 0.027479 0.025868
0 0.900992 0.517823 0.024646 0.025552
0 0.716431 0.463565 0.027195 0.033754
0 0.540793 0.908991 0.024363 0.026814
0 0.172380 0.866404 0.023513 0.023028
0 0.623938 0.177445 0.024079 0.024290
0 0.535694 0.402524 0.023796 0.029022
0 0.390368 0.937539 0.025496 0.025237
0 0.868414 0.202997 0.025212 0.026814
0 0.962890 0.539748 0.026062 0.027760
0 0.869547 0.279653 0.028612 0.025552
0 0.542068 0.960883 0.029178 0.027129
0 0.392351 0.961199 0.030028 0.026498
0 0.509632 0.857571 0.023796 0.023028
0 0.480312 0.956467 0.030312 0.029022
0 0.321105 0.597161 0.025212 0.028391
0 0.409773 0.231230 0.022380 0.027129
0 0.390935 0.888170 0.024363 0.026814
0 0.562181 0.153628 0.027479 0.025868
0 0.905524 0.930599 0.025212 0.027129
0 0.501558 0.180757 0.026346 0.022713
0 0.633286 0.857413 0.024646 0.023975
0 0.383711 0.597003 0.024646 0.026814
0 0.384136 0.622240 0.027195 0.025552
0 0.296884 0.964511 0.028329 0.026183
0 0.260057 0.619874 0.030028 0.029022
0 0.776771 0.518139 0.023229 0.028076
0 0.540793 0.834227 0.027195 0.028076
0 0.503399 0.280442 0.028895 0.026498
0 0.634703 0.933123 0.026346 0.027760
0 0.567564 0.517666 0.025779 0.023975
0 0.684419 0.229022 0.026062 0.029022
0 0.752125 0.743533 0.025496 0.027760
0 0.963314 0.515615 0.025212 0.022397
0 0.134561 0.159621 0.024929 0.025868
0 0.205807 0.967508 0.029178 0.027129
0 0.502408 0.229495 0.026346 0.028076
0 0.624221 0.230284 0.024079 0.027760
0 0.632720 0.881703 0.025779 0.027760
0 0.143343 0.968297 0.028329 0.027445
0 0.112465 0.944322 0.024929 0.026814
0 0.379603 0.181230 0.026629 0.023659
0 0.420538 0.911199 0.026912 0.026183
0 0.531161 0.180126 0.023796 0.026498
0 0.167280 0.623975 0.030312 0.027760
0 0.897734 0.228864 0.025496 0.030599
0 0.449717 0.962461 0.025212 0.024606
0 0.876204 0.956467 0.028895 0.025868
0 0.810198 0.543375 0.026062 0.023659
0 0.535694 0.578549 0.023796 0.030915
0 0.541926 0.859621 0.027195 0.026498
0 0.352550 0.519874 0.023513 0.023975
0 0.754108 0.873186 0.027762 0.028391
0 0.035411 0.892902 0.026629 0.029338
0 0.723513 0.931073 0.024929 0.029338
0 0.715581 0.279968 0.027762 0.028076
0 0.172805 0.918139 0.023796 0.029338
0 0.469972 0.231703 0.024363 0.023659
0 0.936261 0.854574 0.023796 0.029653
0 0.847025 0.955836 0.027762 0.027129
0 0.595892 0.524290 0.028612 0.028391
0 0.960057 0.202997 0.026062 0.026814
0 0.079603 0.929495 0.026629 0.029338
0 0.808782 0.492587 0.024929 0.024921
0 0.204108 0.943375 0.022380 0.023659
0 0.420255 0.886593 0.025212 0.024290
0 0.229178 0.625079 0.028329 0.024921
0 0.358640 0.863880 0.024363 0.023028
0 0.111473 0.893849 0.024646 0.027445
0 0.936119 0.904416 0.024079 0.025237
0 0.814873 0.905363 0.026912 0.028391
0 0.906091 0.877445 0.025212 0.027445
0 0.744334 0.152366 0.025779 0.027129
0 0.816006 0.956467 0.028612 0.027760
0 0.844051 0.853155 0.023513 0.023659
0 0.471813 0.281861 0.028612 0.026814
0 0.267280 0.966877 0.029745 0.026498
0 0.806232 0.153470 0.025496 0.028076
0 0.109348 0.774448 0.028329 0.027129
0 0.319263 0.280126 0.028329 0.027129
0 0.448584 0.939117 0.024079 0.026498
0 0.444901 0.570189 0.027479 0.030599
0 0.713739 0.153785 0.025779 0.029338
0 0.197734 0.523186 0.024363 0.022397
0 0.077620 0.880284 0.023796 0.023659
0 0.786402 0.956625 0.028329 0.026814
0 0.136827 0.500789 0.024929 0.025552
0 0.744901 0.230599 0.025212 0.027129
0 0.293909 0.840694 0.024646 0.025237
0 0.684278 0.280442 0.026912 0.024606
0 0.412748 0.596688 0.023229 0.026183
0 0.174504 0.967981 0.030028 0.027445
0 0.141076 0.868770 0.024363 0.026498
0 0.695609 0.957256 0.026912 0.025552
0 0.932720 0.516877 0.022946 0.024921
0 0.635836 0.958517 0.029178 0.026183
0 0.234419 0.867508 0.024646 0.022713
0 0.839093 0.517192 0.023229 0.022397
0 0.077479 0.979180 0.024646 0.027760
0 0.111898 0.918927 0.024929 0.027129
0 0.936402 0.929968 0.022946 0.028391
0 0.263456 0.839905 0.024929 0.023659
0 0.633144 0.833438 0.026629 0.027129
0 0.420113 0.862618 0.025496 0.023659
0 0.140793 0.843849 0.023229 0.025237
0 0.383428 0.521451 0.025212 0.024606
0 0.167989 0.574921 0.022096 0.027445
0 0.936969 0.880915 0.024079 0.025552
0 0.692493 0.830757 0.024079 0.024921
0 0.724646 0.957729 0.027762 0.025868
0 0.602408 0.835174 0.027479 0.028076
0 0.474221 0.494006 0.026062 0.026498
0 0.754108 0.954732 0.028895 0.029968
0 0.807507 0.279022 0.028045 0.025552
0 0.663314 0.906782 0.024079 0.026183
0 0.112181 0.867981 0.024363 0.024290
0 0.666289 0.958675 0.029462 0.025237
0 0.295609 0.864196 0.021813 0.023659
0 0.509065 0.835016 0.026629 0.025868
0 0.906799 0.956309 0.028895 0.024921
0 0.570680 0.833596 0.025212 0.023659
0 0.358499 0.886909 0.023513 0.024290
0 0.443201 0.520820 0.028045 0.024606
0 0.106941 0.623659 0.029745 0.026498
0 0.966572 0.905047 0.023796 0.025868
0 0.136261 0.524921 0.023229 0.022713
0 0.784986 0.904259 0.023796 0.024921
0 0.474221 0.541956 0.024363 0.028391
0 0.723513 0.905363 0.023229 0.023344
0 0.473938 0.569243 0.024363 0.029968
0 0.141501 0.893375 0.024646 0.024606
0 0.236686 0.964826 0.025212 0.024921
0 0.474221 0.517192 0.023796 0.023028
0 0.896742 0.149211 0.025779 0.024606
0 0.142068 0.917192 0.022946 0.022397
0 0.906374 0.904732 0.025212 0.029653
0 0.723229 0.829653 0.025496 0.025237
0 0.967280 0.826972 0.023513 0.025552
0 0.966572 0.929180 0.023229 0.026183
0 0.171246 0.843375 0.026346 0.025552
0 0.202833 0.842429 0.023796 0.028076
0 0.443059 0.544637 0.027195 0.028076
0 0.960198 0.280442 0.029178 0.027760
0 0.296317 0.940063 0.020397 0.023344
0 0.967847 0.852524 0.022946 0.028707
0 0.572805 0.960410 0.032861 0.028076
0 0.966856 0.879653 0.023796 0.029338
0 0.966856 0.953943 0.029462 0.027760
0 0.111048 0.844164 0.026062 0.025868
0 0.032295 0.688644 0.026062 0.034069
