0 0.335026 0.531561 0.022656 0.024585
0 0.405990 0.528073 0.024479 0.029568
0 0.789714 0.426412 0.023698 0.033555
0 0.651693 0.197508 0.035156 0.036877
0 0.072135 0.708140 0.026042 0.030233
0 0.216406 0.738206 0.023958 0.031229
0 0.308594 0.900664 0.021354 0.027243
0 0.214844 0.528571 0.023438 0.027243
0 0.819141 0.128738 0.035677 0.044850
0 0.621094 0.453156 0.022917 0.029236
0 0.451693 0.613621 0.024219 0.029900
0 0.476042 0.612625 0.024479 0.030565
0 0.645052 0.425249 0.023438 0.031229
0 0.740885 0.617276 0.023958 0.029236
0 0.911068 0.399169 0.025260 0.032226
0 0.779297 0.300000 0.035156 0.042525
0 0.262240 0.846346 0.021875 0.030233
0 0.596094 0.741030 0.021354 0.030233
0 0.334375 0.448173 0.023438 0.033223
0 0.427995 0.932724 0.023698 0.030233
0 0.821745 0.086047 0.038281 0.041860
0 0.191276 0.736877 0.025260 0.031229
0 0.070833 0.900664 0.022917 0.026578
0 0.119271 0.550332 0.020833 0.027575
0 0.810417 0.740864 0.022917 0.031229
0 0.310286 0.447841 0.024219 0.031229
0 0.910547 0.429734 0.023698 0.030233
0 0.333854 0.710465 0.022917 0.030233
0 0.048047 0.554319 0.022656 0.026910
0 0.381510 0.182558 0.032813 0.037542
0 0.357552 0.502990 0.022396 0.030565
0 0.072396 0.523588 0.021875 0.026578
0 0.736068 0.213953 0.034635 0.047841
0 0.358073 0.448339 0.023958 0.032226
0 0.884505 0.554485 0.021615 0.023920
0 0.310677 0.389037 0.026042 0.033223
0 0.381771 0.504153 0.023438 0.032226
0 0.427734 0.962458 0.025781 0.026578
0 0.649609 0.338538 0.032552 0.040532
0 0.379427 0.262957 0.032292 0.038870
0 0.334896 0.769435 0.023958 0.029900
0 0.741797 0.710631 0.024740 0.031229
0 0.884115 0.908472 0.021354 0.028239
0 0.527995 0.506645 0.024219 0.031894
0 0.427214 0.612292 0.023177 0.031229
0 0.812240 0.541196 0.022396 0.032558
0 0.620182 0.556478 0.022656 0.031229
0 0.835807 0.938870 0.023177 0.029236
0 0.428646 0.711462 0.025521 0.032226
0 0.214453 0.446844 0.025260 0.033223
0 0.596615 0.711960 0.021354 0.029236
0 0.932813 0.713787 0.026562 0.030233
0 0.358984 0.390698 0.022656 0.032558
0 0.405599 0.709967 0.023698 0.032558
0 0.649870 0.264618 0.032031 0.042193
0 0.859375 0.938870 0.021354 0.028571
0 0.191797 0.386877 0.022656 0.032226
0 0.476432 0.583887 0.023698 0.028239
0 0.855339 0.164286 0.038281 0.056146
0 0.405078 0.555814 0.021615 0.027243
0 0.935156 0.429236 0.023438 0.029236
0 0.190104 0.768605 0.026042 0.030897
0 0.428646 0.741860 0.023438 0.027907
0 0.308984 0.640199 0.026302 0.027907
0 0.429036 0.506146 0.024219 0.031561
0 0.516797 0.205316 0.033073 0.039203
0 0.454167 0.420100 0.023958 0.027575
0 0.142578 0.736545 0.024740 0.030565
0 0.262760 0.447508 0.021354 0.034551
0 0.910026 0.459635 0.025260 0.031561
0 0.526563 0.850997 0.022917 0.031561
0 0.262891 0.709967 0.024219 0.033223
0 0.766146 0.643023 0.025521 0.026910
0 0.097266 0.445681 0.024219 0.029568
0 0.073438 0.414784 0.023958 0.030897
0 0.741667 0.643023 0.025521 0.026246
0 0.214193 0.610963 0.022656 0.028571
0 0.883333 0.829236 0.022396 0.028571
0 0.790365 0.455482 0.024479 0.030565
0 0.239583 0.769269 0.023438 0.031561
0 0.787891 0.856312 0.019010 0.024917
0 0.098047 0.416113 0.025260 0.030233
0 0.144922 0.384385 0.023177 0.031229
0 0.932943 0.773920 0.024219 0.030897
0 0.331510 0.180399 0.032813 0.037209
0 0.454297 0.580233 0.025260 0.032890
0 0.516927 0.280066 0.033333 0.037209
0 0.332813 0.338206 0.031771 0.035216
0 0.425130 0.213953 0.032552 0.041196
0 0.737109 0.297342 0.035156 0.037874
0 0.332161 0.217940 0.032031 0.039867
0 0.426563 0.301661 0.030208 0.047841
0 0.285807 0.899336 0.024219 0.025249
0 0.285677 0.449003 0.026562 0.030897
0 0.240234 0.502658 0.023177 0.030565
0 0.119661 0.766113 0.023177 0.031894
0 0.333724 0.304153 0.036719 0.037542
0 0.382031 0.710299 0.021875 0.029900
0 0.357812 0.553488 0.020833 0.027243
0 0.597786 0.451495 0.023698 0.031229
0 0.765234 0.617276 0.022656 0.027907
0 0.645312 0.454153 0.024479 0.031894
0 0.789323 0.511794 0.020833 0.026910
0 0.501432 0.451163 0.023698 0.030565
0 0.095833 0.523588 0.020833 0.023256
0 0.453125 0.847841 0.020833 0.027243
0 0.333984 0.581063 0.023177 0.027907
0 0.620573 0.894684 0.021875 0.031229
0 0.142448 0.768106 0.023958 0.033223
0 0.621875 0.424419 0.023438 0.030897
0 0.166406 0.707973 0.024479 0.033887
0 0.717448 0.712957 0.023438 0.033223
0 0.477083 0.450831 0.024479 0.032558
0 0.715495 0.939867 0.021615 0.028571
0 0.310677 0.417608 0.023958 0.030565
0 0.470182 0.170930 0.030469 0.046844
0 0.357161 0.738704 0.023177 0.028239
0 0.429167 0.825083 0.021875 0.024917
0 0.405208 0.448671 0.023958 0.032226
0 0.382031 0.449502 0.020833 0.031894
0 0.095573 0.738040 0.026562 0.031561
0 0.476562 0.555482 0.023958 0.029900
0 0.098568 0.385880 0.023698 0.030233
0 0.908333 0.910631 0.021875 0.028571
0 0.094922 0.609468 0.024219 0.029568
0 0.644271 0.769934 0.022917 0.029568
0 0.357682 0.769103 0.023177 0.033223
0 0.168359 0.386877 0.022135 0.030233
0 0.471875 0.333389 0.033333 0.040199
0 0.358594 0.710963 0.025000 0.028571
0 0.595703 0.856478 0.019010 0.028571
0 0.741536 0.425748 0.024740 0.029568
0 0.262240 0.767110 0.023958 0.031894
0 0.859375 0.964618 0.023958 0.025581
0 0.334505 0.739037 0.022656 0.030233
0 0.619922 0.711296 0.021615 0.033223
0 0.310547 0.556645 0.022135 0.025581
0 0.812370 0.854817 0.022135 0.027907
0 0.191276 0.447342 0.023177 0.034219
0 0.859245 0.908970 0.021094 0.027907
0 0.428255 0.641030 0.026302 0.027575
0 0.835417 0.741030 0.024479 0.028904
0 0.381901 0.741362 0.022135 0.030897
0 0.476432 0.741196 0.024740 0.030565
0 0.716016 0.642525 0.026302 0.027243
0 0.620443 0.741030 0.022656 0.027575
0 0.120964 0.384551 0.020052 0.028904
0 0.476823 0.849834 0.022396 0.030565
0 0.310677 0.769103 0.025000 0.030565
0 0.263151 0.386213 0.022656 0.028904
0 0.766536 0.454651 0.023177 0.032890
0 0.738411 0.337874 0.035156 0.043854
0 0.094271 0.872259 0.021875 0.031561
0 0.262500 0.894020 0.020833 0.027243
0 0.332422 0.928904 0.023177 0.029236
0 0.810417 0.711794 0.022917 0.028904
0 0.118490 0.817774 0.023438 0.028904
0 0.120833 0.445515 0.021875 0.031894
0 0.717578 0.536711 0.023698 0.030897
0 0.047656 0.708306 0.023958 0.029900
0 0.556510 0.283721 0.030729 0.048505
0 0.428516 0.554485 0.022135 0.025249
0 0.428125 0.769934 0.021354 0.029568
0 0.651172 0.161628 0.037760 0.038206
0 0.765365 0.565781 0.022396 0.029900
0 0.239583 0.417608 0.023958 0.031894
0 0.834896 0.772425 0.023958 0.033887
0 0.071745 0.608970 0.022656 0.029900
0 0.334245 0.823256 0.023177 0.027243
0 0.453385 0.711130 0.022917 0.029568
0 0.597526 0.424419 0.022656 0.028239
0 0.859896 0.742359 0.021354 0.028904
0 0.239323 0.958306 0.024479 0.025581
0 0.429688 0.851827 0.024479 0.030565
0 0.454297 0.391030 0.023698 0.031894
0 0.335547 0.389369 0.023698 0.032558
0 0.644271 0.740199 0.022396 0.028571
0 0.644141 0.855482 0.021615 0.029900
0 0.835417 0.712126 0.025000 0.031561
0 0.692187 0.771262 0.024479 0.030897
0 0.121875 0.414452 0.021875 0.030897
0 0.765885 0.712126 0.023438 0.031561
0 0.071875 0.549003 0.021354 0.027575
0 0.908073 0.534219 0.021875 0.025249
0 0.046875 0.849502 0.023958 0.030565
0 0.381641 0.770266 0.022656 0.027575
0 0.381771 0.609468 0.021875 0.032226
0 0.120052 0.499834 0.025000 0.030897
0 0.885677 0.509468 0.023438 0.026910
0 0.907813 0.938040 0.023958 0.030233
0 0.780729 0.177575 0.033854 0.040864
0 0.907943 0.582558 0.021094 0.028239
0 0.884115 0.856478 0.022396 0.025914
0 0.644271 0.533555 0.020833 0.025249
0 0.453516 0.449169 0.022135 0.033223
0 0.049219 0.446678 0.024479 0.032890
0 0.238411 0.607807 0.022135 0.029568
0 0.119792 0.844850 0.026042 0.029236
0 0.309766 0.740698 0.025260 0.028904
0 0.602214 0.242525 0.029948 0.045847
0 0.286198 0.419767 0.022917 0.030897
0 0.476953 0.883721 0.022135 0.028571
0 0.649870 0.301827 0.031510 0.034884
0 0.811068 0.938538 0.022656 0.027907
0 0.501172 0.769435 0.023177 0.033887
0 0.240104 0.900664 0.024479 0.029236
0 0.072005 0.639535 0.025260 0.027243
0 0.884245 0.880066 0.022135 0.025914
0 0.333724 0.641362 0.026823 0.028239
0 0.501172 0.739867 0.021615 0.026578
0 0.500781 0.557143 0.023438 0.029900
0 0.811458 0.771595 0.022917 0.032226
0 0.526172 0.743189 0.021094 0.031229
0 0.885807 0.429402 0.025260 0.028904
0 0.070052 0.929568 0.022396 0.028571
0 0.476432 0.641362 0.027344 0.028239
0 0.691927 0.532060 0.023438 0.027575
0 0.214193 0.499668 0.024219 0.031229
0 0.075000 0.385714 0.025000 0.028571
0 0.596094 0.611296 0.020833 0.029900
0 0.883464 0.579236 0.021094 0.028239
0 0.286068 0.607309 0.023177 0.029900
0 0.741536 0.565781 0.023698 0.029236
0 0.405599 0.768771 0.022656 0.029236
0 0.622266 0.393023 0.023698 0.033223
0 0.956771 0.886213 0.023438 0.029568
0 0.694141 0.424751 0.023698 0.030233
0 0.379167 0.336047 0.032813 0.038870
0 0.502214 0.506811 0.024740 0.030897
0 0.780729 0.254817 0.035417 0.049834
0 0.263802 0.415615 0.022396 0.029900
0 0.333464 0.848837 0.020573 0.027243
0 0.262240 0.574751 0.021354 0.027243
0 0.526432 0.770764 0.021094 0.029236
0 0.332422 0.899336 0.022135 0.026578
0 0.214583 0.582558 0.023438 0.030897
0 0.214583 0.822093 0.024479 0.030233
0 0.697656 0.337874 0.032292 0.045847
0 0.619661 0.960133 0.024740 0.029900
0 0.501693 0.824917 0.023698 0.027907
0 0.765104 0.536213 0.021354 0.025914
0 0.452344 0.961462 0.025521 0.027243
0 0.932422 0.860465 0.021615 0.024585
0 0.452995 0.507143 0.023698 0.028904
0 0.620443 0.508970 0.023177 0.027907
0 0.095833 0.548339 0.022396 0.027575
0 0.215104 0.639369 0.026042 0.026910
0 0.859766 0.881229 0.021094 0.029568
0 0.885547 0.457475 0.023177 0.032558
0 0.095443 0.639369 0.025260 0.028239
0 0.119141 0.736877 0.022656 0.030565
0 0.788281 0.883389 0.022396 0.029900
0 0.356771 0.961794 0.025000 0.026578
0 0.332813 0.610631 0.022917 0.030565
0 0.787760 0.712957 0.019792 0.033887
0 0.572135 0.938870 0.021875 0.028571
0 0.620313 0.862126 0.022396 0.029900
0 0.477604 0.531561 0.021354 0.020598
0 0.501563 0.710797 0.021354 0.033555
0 0.333594 0.960963 0.026042 0.026910
0 0.882552 0.712625 0.022396 0.032558
0 0.691536 0.642027 0.025260 0.026246
0 0.783984 0.086711 0.034635 0.048505
0 0.070182 0.873090 0.021615 0.030565
0 0.717839 0.742027 0.024219 0.030233
0 0.048438 0.499502 0.023958 0.028904
0 0.074089 0.444850 0.023698 0.029900
0 0.476432 0.710631 0.022656 0.031229
0 0.933594 0.575914 0.022396 0.031561
0 0.551302 0.894352 0.021875 0.031229
0 0.788932 0.536213 0.021094 0.025249
0 0.765234 0.744020 0.023177 0.030897
0 0.382292 0.419601 0.024479 0.031894
0 0.502214 0.640532 0.025781 0.027907
0 0.358203 0.529734 0.020052 0.026246
0 0.357161 0.640365 0.026823 0.028904
0 0.501563 0.586213 0.024479 0.027575
0 0.790365 0.395681 0.020833 0.033223
0 0.215365 0.386711 0.022917 0.030565
0 0.309505 0.710465 0.022135 0.030897
0 0.477474 0.505980 0.024219 0.031229
0 0.238672 0.710963 0.021094 0.030565
0 0.811068 0.604485 0.023177 0.031561
0 0.404427 0.583056 0.022917 0.030565
0 0.403646 0.932724 0.022396 0.029568
0 0.476823 0.961130 0.026562 0.027243
0 0.859375 0.828738 0.020833 0.029568
0 0.453385 0.873754 0.021354 0.027243
0 0.766536 0.425249 0.023177 0.027907
0 0.307943 0.930066 0.022656 0.030897
0 0.403125 0.612126 0.022396 0.029568
0 0.049740 0.382558 0.022917 0.032226
0 0.501953 0.420930 0.022135 0.031229
0 0.214062 0.959635 0.025521 0.026246
0 0.453125 0.552990 0.021875 0.022924
0 0.526693 0.422591 0.022656 0.023920
0 0.144010 0.500997 0.023438 0.031229
0 0.309505 0.608804 0.022135 0.030233
0 0.215755 0.896346 0.023177 0.029236
0 0.558724 0.202159 0.033594 0.036877
0 0.835938 0.828738 0.023438 0.027575
0 0.514193 0.241362 0.030469 0.036213
0 0.468880 0.247010 0.029948 0.044186
0 0.789714 0.641860 0.024219 0.026578
0 0.835807 0.611794 0.024219 0.032226
0 0.811849 0.963787 0.025260 0.026578
0 0.452083 0.641196 0.026562 0.026578
0 0.883464 0.744684 0.023177 0.028239
0 0.095964 0.576578 0.024219 0.028904
0 0.597396 0.583056 0.021875 0.028571
0 0.788411 0.591196 0.021615 0.028904
0 0.691276 0.560963 0.023698 0.028904
0 0.357682 0.902159 0.021094 0.027575
0 0.669271 0.452159 0.022396 0.031894
0 0.550260 0.613787 0.021354 0.028239
0 0.935807 0.398837 0.024219 0.031561
0 0.240104 0.740698 0.021354 0.026910
0 0.215495 0.768439 0.023177 0.031229
0 0.425130 0.256312 0.028906 0.044186
0 0.452083 0.928239 0.021875 0.030565
0 0.619661 0.613621 0.023177 0.029236
0 0.165365 0.823588 0.023438 0.031894
0 0.049609 0.412458 0.023698 0.029568
0 0.883073 0.937209 0.021875 0.028571
0 0.286458 0.959967 0.025000 0.026910
0 0.788021 0.617442 0.021875 0.027575
0 0.741797 0.591694 0.023698 0.027243
0 0.308724 0.960299 0.024740 0.025581
0 0.765755 0.830399 0.023177 0.029568
0 0.358203 0.848837 0.021094 0.024585
0 0.835807 0.555814 0.022656 0.026578
0 0.286068 0.639701 0.024740 0.028239
0 0.932943 0.540365 0.024219 0.034884
0 0.262500 0.606146 0.022396 0.032226
0 0.380599 0.223588 0.027344 0.041196
0 0.882552 0.610797 0.023958 0.031561
0 0.882812 0.773754 0.023438 0.029900
0 0.452344 0.741528 0.021354 0.029900
0 0.573177 0.831728 0.022396 0.030897
0 0.120052 0.576744 0.022396 0.029236
0 0.356901 0.609302 0.023698 0.031894
0 0.812370 0.881728 0.022135 0.027243
0 0.812760 0.456478 0.023958 0.031229
0 0.932031 0.832724 0.025000 0.031561
0 0.357812 0.823588 0.022917 0.029236
0 0.119661 0.639037 0.026823 0.029568
0 0.812760 0.639701 0.026042 0.030233
0 0.517708 0.165615 0.032292 0.039535
0 0.427865 0.450166 0.021354 0.033887
0 0.861589 0.456977 0.022135 0.034219
0 0.452995 0.531229 0.021615 0.021262
0 0.405990 0.389867 0.025521 0.036213
0 0.144922 0.445847 0.023698 0.033887
0 0.764974 0.592691 0.020573 0.027243
0 0.190755 0.861462 0.022656 0.035216
0 0.885026 0.400000 0.023177 0.027907
0 0.595833 0.915116 0.019792 0.029568
0 0.596094 0.640365 0.021875 0.027575
0 0.717578 0.773422 0.023177 0.033887
0 0.907682 0.641362 0.026302 0.030233
0 0.383203 0.554485 0.021094 0.030565
0 0.190625 0.502326 0.022396 0.027243
0 0.595703 0.884718 0.019531 0.028571
0 0.550130 0.772259 0.024740 0.032226
0 0.429818 0.421595 0.023177 0.030565
0 0.239323 0.576246 0.021354 0.028239
0 0.836458 0.879568 0.022396 0.028904
0 0.907682 0.772425 0.024740 0.031229
0 0.596615 0.554651 0.021875 0.029568
0 0.882943 0.643023 0.025781 0.028239
0 0.908333 0.557309 0.020313 0.024252
0 0.821224 0.043854 0.037760 0.045847
0 0.906510 0.830565 0.023438 0.030565
0 0.839453 0.397674 0.024740 0.033223
0 0.470833 0.292027 0.031250 0.039867
0 0.742708 0.394186 0.025000 0.032890
0 0.669661 0.393023 0.021615 0.033887
0 0.551172 0.421262 0.024740 0.033887
0 0.694792 0.393688 0.023958 0.034551
0 0.404297 0.741528 0.022656 0.029900
0 0.836589 0.511628 0.022656 0.025914
0 0.501432 0.391860 0.022656 0.032226
0 0.405078 0.640532 0.025260 0.027243
0 0.906771 0.713953 0.021875 0.031229
0 0.644401 0.507641 0.023698 0.028571
0 0.309115 0.872757 0.020833 0.028571
0 0.602734 0.201661 0.027344 0.037209
0 0.526953 0.962625 0.024219 0.025581
0 0.502083 0.532226 0.021354 0.023920
0 0.574089 0.450166 0.025781 0.032558
0 0.550391 0.506977 0.022656 0.029236
0 0.404036 0.960963 0.022656 0.026246
0 0.167057 0.609967 0.022656 0.029900
0 0.782813 0.134053 0.031250 0.049502
0 0.501172 0.613953 0.023698 0.029236
0 0.141536 0.932890 0.022656 0.029236
0 0.527995 0.536379 0.023177 0.028239
0 0.048177 0.580066 0.021875 0.027243
0 0.736068 0.258804 0.035677 0.044518
0 0.643490 0.614452 0.022396 0.028239
0 0.144010 0.641362 0.025521 0.028239
0 0.527083 0.451495 0.025000 0.030565
0 0.643620 0.910631 0.021094 0.027243
0 0.931901 0.938870 0.022135 0.027907
0 0.165365 0.959967 0.025000 0.026910
0 0.859766 0.713455 0.023177 0.031561
0 0.643490 0.710963 0.023438 0.033223
0 0.598047 0.392691 0.025260 0.035216
0 0.765495 0.882724 0.021615 0.026578
0 0.669141 0.424419 0.021615 0.028239
0 0.262891 0.639701 0.025781 0.028904
0 0.692448 0.588870 0.023958 0.027575
0 0.287109 0.389203 0.024219 0.030897
0 0.777344 0.339037 0.031250 0.039535
0 0.550130 0.742359 0.023177 0.030233
0 0.119010 0.610299 0.023958 0.030565
0 0.284635 0.928738 0.022396 0.030233
0 0.572266 0.965116 0.024219 0.024585
0 0.690885 0.963455 0.024479 0.025914
0 0.381380 0.531063 0.021094 0.022924
0 0.476042 0.770432 0.025000 0.031229
0 0.239714 0.930565 0.021094 0.030565
0 0.556120 0.241528 0.028906 0.036545
0 0.836328 0.853322 0.020052 0.022924
0 0.717708 0.454651 0.025000 0.032226
0 0.643750 0.884219 0.019792 0.026246
0 0.813802 0.426246 0.023438 0.029236
0 0.120052 0.526080 0.021875 0.024252
0 0.118229 0.927907 0.022396 0.030565
0 0.357552 0.873920 0.021354 0.027575
0 0.310547 0.532226 0.022656 0.025249
0 0.742188 0.455648 0.023438 0.033555
0 0.932031 0.610133 0.023958 0.032226
0 0.764583 0.937043 0.021875 0.028239
0 0.143359 0.610133 0.023698 0.029568
0 0.239323 0.872093 0.021354 0.028571
0 0.668490 0.855316 0.022396 0.025581
0 0.164323 0.932724 0.021875 0.028239
0 0.335417 0.554817 0.022917 0.026578
0 0.213932 0.553488 0.022656 0.027907
0 0.574089 0.610631 0.022135 0.031894
0 0.262891 0.550166 0.022135 0.025914
0 0.882422 0.963621 0.025781 0.026910
0 0.766927 0.395681 0.023438 0.033887
0 0.070964 0.842857 0.022135 0.025249
0 0.094141 0.844518 0.022656 0.027907
0 0.285807 0.503654 0.023177 0.031229
0 0.381250 0.639867 0.022917 0.027907
0 0.515755 0.331395 0.030990 0.052824
0 0.692187 0.829402 0.021875 0.026910
0 0.330859 0.261628 0.032552 0.048837
0 0.907292 0.611794 0.023438 0.030897
0 0.715365 0.964286 0.023958 0.024252
0 0.667708 0.641860 0.026042 0.028571
0 0.478125 0.393522 0.024479 0.035548
0 0.311589 0.580565 0.022656 0.028239
0 0.691276 0.937708 0.021615 0.027575
0 0.286068 0.767110 0.022656 0.029900
0 0.451693 0.770930 0.024740 0.026910
0 0.596354 0.770432 0.019271 0.031894
0 0.765885 0.773588 0.023438 0.030233
0 0.405208 0.872924 0.020313 0.025581
0 0.214583 0.928738 0.022396 0.030897
0 0.550391 0.710631 0.021615 0.033887
0 0.741276 0.771262 0.024740 0.030897
0 0.572656 0.641694 0.023438 0.026246
0 0.048307 0.639369 0.026823 0.027575
0 0.595573 0.941030 0.020833 0.026246
0 0.788802 0.564618 0.021875 0.030233
0 0.667708 0.567608 0.021354 0.028904
0 0.742057 0.536213 0.024219 0.029900
0 0.550130 0.930066 0.022135 0.029568
0 0.047135 0.816113 0.025000 0.032226
0 0.693359 0.454485 0.022135 0.029236
0 0.095573 0.706312 0.020313 0.028571
0 0.357031 0.931229 0.021354 0.028571
0 0.643620 0.936213 0.022135 0.028571
0 0.811979 0.572425 0.022396 0.028571
0 0.526432 0.640698 0.023698 0.026910
0 0.500130 0.901993 0.022656 0.027907
0 0.691406 0.505980 0.022396 0.027243
0 0.428516 0.579236 0.021615 0.026910
0 0.238932 0.639867 0.023698 0.028571
0 0.691797 0.615615 0.024219 0.029236
0 0.550781 0.583223 0.022396 0.026910
0 0.144271 0.551827 0.023958 0.027907
0 0.263281 0.959136 0.022917 0.026578
0 0.239583 0.846678 0.020833 0.023588
0 0.333854 0.873422 0.021354 0.025914
0 0.072917 0.496346 0.020313 0.029236
0 0.189974 0.958306 0.025260 0.027575
0 0.715755 0.853654 0.020052 0.023588
0 0.189453 0.896013 0.021094 0.029236
0 0.141797 0.903987 0.022656 0.031229
0 0.716536 0.616279 0.023177 0.028571
0 0.285938 0.737542 0.021875 0.031894
0 0.550130 0.828073 0.022135 0.028904
0 0.692448 0.854651 0.022917 0.027575
0 0.428125 0.900664 0.021354 0.027907
0 0.525781 0.933389 0.021875 0.028239
0 0.787891 0.938870 0.021094 0.028571
0 0.934115 0.642359 0.028646 0.030897
0 0.045703 0.882724 0.021615 0.028571
0 0.837630 0.454153 0.023698 0.033887
0 0.404297 0.824585 0.022135 0.027243
0 0.692318 0.907143 0.022656 0.029568
0 0.766276 0.857807 0.021615 0.024585
0 0.526823 0.905980 0.022396 0.025914
0 0.765625 0.512292 0.022917 0.026578
0 0.739844 0.961794 0.025521 0.028571
0 0.381380 0.388704 0.025260 0.032558
0 0.764714 0.964452 0.024740 0.026578
0 0.166536 0.766777 0.021094 0.033887
0 0.167708 0.446346 0.025000 0.034884
0 0.190104 0.553156 0.021875 0.027907
0 0.694531 0.210465 0.026042 0.042193
0 0.261458 0.925748 0.021354 0.028904
0 0.691927 0.742857 0.022396 0.030565
0 0.380729 0.961130 0.025000 0.027907
0 0.931771 0.883721 0.021354 0.023920
0 0.573698 0.858306 0.021354 0.025581
0 0.309245 0.504319 0.024219 0.032558
0 0.526823 0.879568 0.022917 0.027575
0 0.549349 0.642525 0.023177 0.026578
0 0.643620 0.642193 0.024740 0.026578
0 0.262891 0.503987 0.022135 0.031229
0 0.381120 0.925581 0.022135 0.029900
0 0.932292 0.964784 0.023958 0.027243
0 0.596745 0.531561 0.020052 0.021262
0 0.932031 0.744020 0.022917 0.030897
0 0.717057 0.566445 0.022135 0.028571
0 0.143750 0.578405 0.022396 0.027907
0 0.907552 0.884718 0.021354 0.025914
0 0.190234 0.581728 0.021094 0.030565
0 0.717057 0.591362 0.022135 0.025914
0 0.667969 0.881728 0.022917 0.028571
0 0.286719 0.577076 0.022396 0.028571
0 0.381771 0.854651 0.022396 0.030897
0 0.859375 0.771429 0.020833 0.032558
0 0.119010 0.873588 0.024479 0.027575
0 0.934245 0.458306 0.021615 0.031561
0 0.602474 0.162126 0.033594 0.038538
0 0.166927 0.638870 0.023958 0.027243
0 0.573698 0.911628 0.022396 0.026578
0 0.957943 0.503654 0.023177 0.029236
0 0.073177 0.575415 0.020313 0.029236
0 0.429818 0.389701 0.024219 0.034551
0 0.595052 0.964120 0.023438 0.023920
0 0.646224 0.394186 0.023177 0.032890
0 0.835026 0.580731 0.021615 0.027243
0 0.621484 0.531728 0.021615 0.020930
0 0.885156 0.532558 0.020833 0.025249
0 0.094531 0.816279 0.022917 0.025249
0 0.357031 0.579070 0.020313 0.026578
0 0.190495 0.528738 0.021615 0.024252
0 0.860156 0.853987 0.021875 0.026246
0 0.095443 0.498173 0.021094 0.025581
0 0.667318 0.909136 0.022135 0.026910
0 0.601693 0.342525 0.029948 0.031894
0 0.476562 0.917110 0.022917 0.030897
0 0.667188 0.961628 0.023438 0.027575
0 0.573438 0.507309 0.022396 0.029236
0 0.932552 0.909967 0.022396 0.027907
0 0.643099 0.963953 0.023177 0.026246
0 0.241276 0.386213 0.024219 0.032890
0 0.957552 0.459136 0.022917 0.033223
0 0.093490 0.927907 0.022917 0.029900
0 0.430339 0.342857 0.035677 0.036545
0 0.907552 0.858472 0.021354 0.027243
0 0.692187 0.711794 0.023438 0.034884
0 0.526953 0.711296 0.020573 0.032558
0 0.215755 0.847176 0.022656 0.024585
0 0.239193 0.548505 0.019531 0.026578
0 0.955599 0.859801 0.021094 0.023920
0 0.788802 0.910631 0.022917 0.028571
0 0.667448 0.535050 0.022396 0.030897
0 0.069661 0.764950 0.021615 0.030233
0 0.167578 0.414950 0.023177 0.027907
0 0.287370 0.821262 0.023698 0.029236
0 0.164453 0.905150 0.021615 0.027575
0 0.814453 0.396512 0.023698 0.032226
0 0.288021 0.226910 0.033854 0.041860
0 0.788281 0.743522 0.020833 0.029900
0 0.117969 0.706811 0.021875 0.028904
0 0.501042 0.850000 0.020313 0.025581
0 0.600260 0.310133 0.029687 0.032226
0 0.191406 0.708970 0.022917 0.032558
0 0.765104 0.909801 0.020313 0.027575
0 0.142578 0.874086 0.021615 0.030565
0 0.071484 0.815781 0.022135 0.026910
0 0.650911 0.229402 0.029948 0.031561
0 0.216016 0.709136 0.022135 0.033555
0 0.429036 0.531229 0.020573 0.021927
0 0.740625 0.923588 0.021354 0.027907
0 0.046745 0.763953 0.023177 0.034884
0 0.740885 0.862292 0.023958 0.032226
0 0.500260 0.932226 0.023438 0.030565
0 0.667057 0.607641 0.022135 0.029900
0 0.165755 0.878239 0.021615 0.028239
0 0.619922 0.933223 0.022656 0.029236
0 0.501302 0.963123 0.027083 0.027243
0 0.620703 0.584385 0.021094 0.025914
0 0.526953 0.391362 0.023698 0.037874
0 0.425651 0.168937 0.036719 0.044850
0 0.835547 0.909635 0.021094 0.027243
0 0.239453 0.821927 0.020052 0.025914
0 0.190495 0.610133 0.020052 0.029568
0 0.573698 0.530565 0.020313 0.021262
0 0.620052 0.832558 0.021875 0.027907
0 0.262109 0.870432 0.019531 0.020598
0 0.908073 0.963953 0.025521 0.025581
0 0.165625 0.852159 0.020833 0.024585
0 0.718359 0.394186 0.023177 0.033555
0 0.835547 0.964286 0.023698 0.024917
0 0.811068 0.830731 0.022656 0.025581
0 0.668490 0.770432 0.022396 0.029900
0 0.334115 0.504651 0.024479 0.031229
0 0.070052 0.957309 0.025521 0.025581
0 0.046484 0.914618 0.023698 0.031229
0 0.836589 0.641196 0.025781 0.029236
0 0.619271 0.642027 0.025000 0.026246
0 0.377083 0.299834 0.029687 0.035548
0 0.500130 0.875249 0.020573 0.024252
0 0.190885 0.640365 0.025000 0.028239
0 0.239844 0.526578 0.019271 0.020598
0 0.715755 0.880233 0.021615 0.028904
0 0.716146 0.909967 0.020833 0.031894
0 0.048047 0.527575 0.021615 0.025914
0 0.309896 0.846179 0.020313 0.029236
0 0.189844 0.927409 0.021875 0.028904
0 0.142318 0.959302 0.024219 0.025581
0 0.550651 0.860133 0.021615 0.028571
0 0.452474 0.823090 0.022656 0.024917
0 0.094401 0.957807 0.025260 0.025914
0 0.740755 0.894352 0.022656 0.029900
0 0.644401 0.560631 0.021615 0.030897
0 0.453125 0.898837 0.020833 0.025581
0 0.143229 0.707641 0.022396 0.031894
0 0.405208 0.848339 0.019271 0.024252
0 0.168099 0.579568 0.022135 0.030897
0 0.527734 0.600831 0.021615 0.032226
0 0.286068 0.873090 0.021615 0.026578
0 0.550911 0.451827 0.024219 0.030565
0 0.286068 0.848173 0.020052 0.025914
0 0.549089 0.963123 0.023177 0.026578
0 0.094792 0.768605 0.025000 0.032226
0 0.550911 0.533056 0.021615 0.024252
0 0.144401 0.527243 0.022135 0.023256
0 0.667188 0.507475 0.021875 0.026910
0 0.573828 0.883887 0.020052 0.030233
0 0.906901 0.743355 0.021615 0.026246
0 0.287630 0.182226 0.037240 0.046844
0 0.782031 0.213289 0.028125 0.031229
0 0.469922 0.208306 0.029948 0.029900
0 0.667969 0.709302 0.021875 0.031894
0 0.600260 0.279734 0.030729 0.028571
0 0.643750 0.590365 0.023438 0.025914
0 0.742057 0.509302 0.022135 0.025914
0 0.955599 0.833056 0.021615 0.026910
0 0.619922 0.771262 0.023698 0.032890
0 0.239974 0.446512 0.022135 0.030565
0 0.285807 0.710797 0.021094 0.028239
0 0.550651 0.556146 0.021094 0.026578
0 0.476432 0.822259 0.022135 0.024585
0 0.167318 0.529568 0.022656 0.025249
0 0.692839 0.880399 0.020573 0.027243
0 0.189193 0.823588 0.022135 0.027907
0 0.142969 0.845349 0.022396 0.024917
0 0.167969 0.500831 0.023438 0.029568
0 0.556641 0.165449 0.028906 0.034551
0 0.381510 0.885050 0.021354 0.027907
0 0.573828 0.771262 0.022656 0.030233
0 0.573958 0.710631 0.021875 0.028571
0 0.117708 0.899169 0.020833 0.024252
0 0.572917 0.553156 0.021875 0.023256
0 0.167969 0.552326 0.021875 0.025581
0 0.956120 0.963787 0.024219 0.025914
0 0.551042 0.391362 0.021875 0.028571
0 0.215365 0.870100 0.020833 0.021927
0 0.404818 0.899003 0.019531 0.028571
0 0.955339 0.714452 0.021094 0.031561
0 0.048698 0.610133 0.020833 0.031561
0 0.573438 0.577907 0.022396 0.027575
0 0.381380 0.825083 0.021615 0.024917
0 0.861589 0.507475 0.020573 0.027575
0 0.668099 0.934884 0.022135 0.026578
0 0.381510 0.581229 0.019792 0.022924
0 0.261589 0.820100 0.020573 0.023588
0 0.286589 0.552824 0.021094 0.025914
0 0.118620 0.957807 0.025260 0.026578
0 0.555208 0.344684 0.025521 0.036213
0 0.787370 0.832060 0.018490 0.024252
0 0.643229 0.830399 0.019792 0.024252
0 0.404427 0.503488 0.021354 0.024917
0 0.787240 0.964784 0.023958 0.025249
0 0.310286 0.820598 0.021094 0.023920
0 0.861458 0.483887 0.020833 0.020266
0 0.716797 0.506977 0.023177 0.031229
0 0.668229 0.830897 0.021354 0.024585
0 0.528125 0.564618 0.020833 0.026910
0 0.093490 0.900332 0.020313 0.023256
0 0.429167 0.875581 0.021875 0.021595
0 0.262630 0.529070 0.021094 0.020266
0 0.810807 0.909801 0.022135 0.024917
0 0.574089 0.391860 0.024740 0.034219
0 0.813151 0.511794 0.022135 0.023588
0 0.696094 0.293189 0.022917 0.030897
0 0.142187 0.819601 0.022396 0.026578
0 0.836849 0.532060 0.021615 0.020930
0 0.525651 0.824751 0.020573 0.023588
0 0.286068 0.530897 0.020573 0.021927
0 0.788411 0.773754 0.017448 0.029900
0 0.909635 0.510299 0.022396 0.023920
0 0.955599 0.936379 0.023698 0.030897
0 0.046484 0.956146 0.025260 0.027243
0 0.740625 0.831395 0.021875 0.026246
0 0.555990 0.317774 0.029687 0.020930
0 0.737109 0.168937 0.035677 0.040864
0 0.955729 0.910631 0.019271 0.019934
0 0.716406 0.828405 0.021875 0.027575
0 0.595182 0.831063 0.018490 0.023588
0 0.932292 0.508472 0.022917 0.027575
0 0.958333 0.482558 0.021354 0.016944
0 0.597526 0.507309 0.019531 0.023256
0 0.957552 0.743023 0.019792 0.030897
0 0.477083 0.939369 0.022396 0.016944
0 0.550651 0.800831 0.021615 0.032226
0 0.957943 0.776744 0.023177 0.032558
