0 0.845407 0.075468 0.289768 0.122118
0 0.836819 0.235050 0.277072 0.120677
0 0.840179 0.416066 0.274832 0.157061
0 0.852502 0.589878 0.294996 0.161023
0 0.854369 0.758285 0.285288 0.135447
0 0.851008 0.924712 0.296490 0.121037
0 0.490291 0.075468 0.292009 0.122118
0 0.504108 0.251441 0.283794 0.166427
0 0.502987 0.432997 0.286034 0.146254
0 0.509335 0.588797 0.289768 0.137968
0 0.493652 0.764049 0.280807 0.130403
0 0.489918 0.923091 0.267364 0.119957
0 0.161314 0.077630 0.313667 0.138689
0 0.153846 0.241895 0.289768 0.149496
0 0.163928 0.426153 0.296490 0.164265
0 0.179985 0.594561 0.219567 0.102666
0 0.186706 0.757205 0.312173 0.171470
0 0.172517 0.926873 0.270351 0.144092
