0 0.695573 0.073146 0.028125 0.042886
0 0.258594 0.436473 0.028125 0.038477
0 0.529036 0.110621 0.026302 0.038477
0 0.696094 0.426453 0.028125 0.037675
0 0.659766 0.071944 0.031510 0.046092
0 0.596224 0.144289 0.028385 0.043287
0 0.191536 0.437475 0.027344 0.032465
0 0.862109 0.777756 0.029427 0.042084
0 0.595313 0.106613 0.026562 0.036072
0 0.563932 0.110020 0.027344 0.043687
0 0.926302 0.457916 0.032292 0.043687
0 0.224089 0.072545 0.025260 0.039279
0 0.291016 0.282164 0.024740 0.035271
0 0.123958 0.073747 0.028646 0.042485
0 0.054427 0.759920 0.029687 0.039279
0 0.261849 0.755110 0.028385 0.042485
0 0.091536 0.760721 0.029427 0.043287
0 0.158724 0.115631 0.027344 0.038076
0 0.424609 0.431463 0.027865 0.040481
0 0.596484 0.068737 0.027344 0.038076
0 0.159505 0.151102 0.029948 0.039279
0 0.089583 0.437475 0.027604 0.041283
0 0.494141 0.148697 0.026302 0.041683
0 0.327734 0.791984 0.027865 0.043287
0 0.124740 0.113627 0.026562 0.042886
0 0.862109 0.456313 0.028906 0.046894
0 0.923698 0.068938 0.024479 0.041683
0 0.764323 0.699599 0.029687 0.042886
0 0.925781 0.106212 0.028125 0.036072
0 0.258333 0.115030 0.027083 0.039279
0 0.192318 0.110421 0.023177 0.042084
0 0.664193 0.780762 0.028385 0.042485
0 0.359245 0.113828 0.031510 0.036072
0 0.563932 0.464930 0.028385 0.038477
0 0.127604 0.758317 0.029167 0.040080
0 0.527995 0.708417 0.029948 0.043687
0 0.764583 0.778357 0.027083 0.040882
0 0.792839 0.109419 0.024740 0.041683
0 0.825781 0.142685 0.025521 0.044890
0 0.860026 0.143888 0.028906 0.041683
0 0.694661 0.111623 0.026823 0.037275
0 0.223958 0.110822 0.025521 0.043687
0 0.861849 0.702204 0.027865 0.045691
0 0.125651 0.465932 0.027344 0.049299
0 0.494141 0.428858 0.026823 0.041683
0 0.827344 0.455711 0.028125 0.042485
0 0.055469 0.796794 0.028125 0.043287
0 0.726823 0.106613 0.027604 0.037675
0 0.727344 0.144489 0.029167 0.043687
0 0.294141 0.754709 0.028385 0.036072
0 0.321224 0.074349 0.029427 0.046092
0 0.858724 0.068136 0.027865 0.042485
0 0.659766 0.141683 0.026823 0.046894
0 0.696745 0.701002 0.028906 0.040080
0 0.461849 0.108818 0.028385 0.041283
0 0.260417 0.794589 0.026042 0.042886
0 0.892578 0.389980 0.026302 0.046493
0 0.894661 0.464729 0.028906 0.035671
0 0.359896 0.150501 0.030729 0.039679
0 0.158854 0.078557 0.025000 0.040882
0 0.891146 0.106613 0.026042 0.040080
0 0.322526 0.114629 0.032031 0.038477
0 0.890885 0.144489 0.025521 0.037275
0 0.792839 0.070140 0.024740 0.040080
0 0.726823 0.070140 0.027604 0.036874
0 0.826172 0.070140 0.029948 0.042485
0 0.891536 0.067134 0.027865 0.038076
0 0.698177 0.742084 0.029687 0.041283
0 0.661849 0.463126 0.024740 0.038076
0 0.795443 0.704208 0.028906 0.044088
0 0.494531 0.786774 0.032292 0.042485
0 0.628906 0.781764 0.025000 0.042886
0 0.928255 0.773347 0.028906 0.041283
0 0.627865 0.465531 0.029167 0.036473
0 0.258594 0.397595 0.027083 0.039279
0 0.125130 0.401603 0.027344 0.047295
0 0.728125 0.432265 0.027083 0.035671
0 0.861589 0.741683 0.028385 0.035671
0 0.494661 0.746092 0.026823 0.038878
0 0.597526 0.747295 0.024740 0.038878
0 0.563672 0.149299 0.027344 0.038878
0 0.091927 0.473146 0.029167 0.037275
0 0.459635 0.465531 0.028125 0.038878
0 0.358594 0.075150 0.026042 0.044489
0 0.257161 0.075952 0.028385 0.043687
0 0.663151 0.706212 0.026302 0.043287
0 0.053776 0.145892 0.029948 0.051303
0 0.627214 0.070341 0.028385 0.042886
0 0.895573 0.697395 0.029167 0.039279
0 0.760156 0.070341 0.025521 0.039679
0 0.529948 0.147295 0.028125 0.039679
0 0.461719 0.146693 0.026562 0.040080
0 0.730339 0.463727 0.027344 0.035271
0 0.563151 0.069539 0.026823 0.036473
0 0.394531 0.071343 0.028125 0.040882
0 0.596094 0.390982 0.025521 0.035671
0 0.090755 0.153507 0.028906 0.042485
0 0.290625 0.112224 0.023958 0.040080
0 0.731250 0.743687 0.027083 0.037275
0 0.192969 0.791383 0.028646 0.045291
0 0.192318 0.072545 0.025781 0.037675
0 0.091016 0.720641 0.029948 0.044088
0 0.928906 0.734469 0.028646 0.040481
0 0.425651 0.790982 0.025781 0.039679
0 0.594792 0.465932 0.026042 0.039679
0 0.054557 0.436673 0.028906 0.036473
0 0.089453 0.111022 0.024740 0.041683
0 0.697005 0.462926 0.027865 0.040882
0 0.291406 0.150902 0.026562 0.039679
0 0.191146 0.401202 0.027604 0.040080
0 0.698438 0.779359 0.029167 0.041283
0 0.663542 0.743687 0.027083 0.034068
0 0.426042 0.391984 0.028646 0.039279
0 0.796224 0.743888 0.027865 0.033667
0 0.597786 0.785371 0.025260 0.039679
0 0.392708 0.113226 0.025000 0.043687
0 0.426172 0.074148 0.027344 0.044088
0 0.425521 0.750301 0.025521 0.043287
0 0.661458 0.429659 0.026562 0.037675
0 0.462109 0.071142 0.024219 0.037275
0 0.494010 0.707615 0.024479 0.042084
0 0.627344 0.431062 0.024479 0.037275
0 0.761068 0.109218 0.026823 0.040481
0 0.892839 0.431864 0.026823 0.038878
0 0.493880 0.465932 0.025260 0.034870
0 0.161198 0.716032 0.027604 0.042886
0 0.327214 0.750501 0.030469 0.041283
0 0.527474 0.391784 0.030469 0.045291
0 0.795312 0.145892 0.026562 0.036874
0 0.295052 0.793186 0.025521 0.036874
0 0.731120 0.704208 0.026823 0.046493
0 0.055859 0.471543 0.030990 0.039679
0 0.928385 0.694990 0.027604 0.036874
0 0.696094 0.388778 0.025521 0.035271
0 0.629036 0.701804 0.027865 0.040882
0 0.493359 0.390381 0.026823 0.037675
0 0.526823 0.747896 0.025521 0.040882
0 0.290234 0.186974 0.024219 0.036473
0 0.392708 0.708617 0.028646 0.042485
0 0.327734 0.709820 0.028385 0.040882
0 0.528776 0.786373 0.024740 0.040882
0 0.054427 0.723647 0.029167 0.043687
0 0.796354 0.780962 0.028125 0.038878
0 0.323047 0.149900 0.028906 0.039279
0 0.627604 0.392184 0.026042 0.041283
0 0.223438 0.400401 0.028125 0.042485
0 0.926302 0.388577 0.026562 0.041283
0 0.287240 0.317836 0.027604 0.042485
0 0.290234 0.467535 0.029948 0.044489
0 0.157422 0.399599 0.027344 0.039279
0 0.425391 0.468337 0.025781 0.037275
0 0.290885 0.220040 0.028125 0.036072
0 0.563932 0.746894 0.028906 0.039679
0 0.294271 0.716834 0.027604 0.039679
0 0.323307 0.398196 0.026823 0.046894
0 0.261068 0.717034 0.027344 0.037675
0 0.426823 0.149499 0.028646 0.038477
0 0.224870 0.716633 0.026823 0.036874
0 0.563802 0.430461 0.026562 0.035271
0 0.158333 0.467335 0.027604 0.044088
0 0.629557 0.741683 0.023698 0.036473
0 0.359896 0.753307 0.026562 0.038878
0 0.191406 0.469739 0.028646 0.037675
0 0.595964 0.424649 0.024740 0.034870
0 0.127083 0.720641 0.028646 0.043287
0 0.358984 0.436874 0.022135 0.040080
0 0.732292 0.781764 0.025521 0.038878
0 0.760938 0.393988 0.025000 0.041683
0 0.528255 0.070140 0.027865 0.042485
0 0.362760 0.235671 0.017188 0.026453
0 0.125651 0.152705 0.026823 0.040080
0 0.597917 0.707415 0.023438 0.047295
0 0.564063 0.785571 0.028646 0.040080
0 0.192969 0.713627 0.025521 0.036473
0 0.290365 0.074349 0.026042 0.036473
0 0.794271 0.458918 0.029687 0.038477
0 0.564193 0.706814 0.025781 0.038878
0 0.659766 0.391182 0.023177 0.038477
0 0.526823 0.461723 0.028646 0.042485
0 0.392318 0.396794 0.027344 0.044088
0 0.390755 0.466733 0.027344 0.039679
0 0.360807 0.794790 0.025781 0.036072
0 0.126823 0.795792 0.026042 0.042886
0 0.859115 0.106814 0.022917 0.037275
0 0.360938 0.709820 0.028646 0.043287
0 0.291797 0.394589 0.027865 0.042886
0 0.760677 0.146493 0.027604 0.038076
0 0.494661 0.106613 0.027344 0.040080
0 0.159896 0.793186 0.027604 0.041683
0 0.222135 0.468337 0.026042 0.034068
0 0.054818 0.400000 0.029427 0.040882
0 0.225521 0.150701 0.024479 0.042485
0 0.728516 0.392184 0.027344 0.041283
0 0.600651 0.290381 0.016927 0.027655
0 0.762891 0.457315 0.026823 0.048096
0 0.694141 0.148497 0.026823 0.035671
0 0.832292 0.571743 0.019271 0.027655
0 0.827344 0.388377 0.028646 0.044088
0 0.825781 0.105010 0.027604 0.034469
0 0.829036 0.700000 0.024740 0.037275
0 0.191667 0.150902 0.023438 0.040481
0 0.568750 0.229259 0.019271 0.030461
0 0.898307 0.573948 0.020573 0.032064
0 0.358203 0.470741 0.021615 0.034068
0 0.289844 0.252104 0.026562 0.031263
0 0.053385 0.074950 0.030729 0.044890
0 0.930339 0.807014 0.023177 0.032465
0 0.828516 0.740481 0.024740 0.037275
0 0.468229 0.266934 0.022917 0.034469
0 0.324349 0.465331 0.025260 0.044088
0 0.766667 0.264128 0.019792 0.028858
0 0.898177 0.605611 0.021354 0.028056
0 0.829036 0.778758 0.024219 0.038477
0 0.764714 0.207415 0.017969 0.029259
0 0.626693 0.145691 0.026823 0.037275
0 0.091927 0.800802 0.025521 0.039279
0 0.426042 0.707816 0.024479 0.044088
0 0.290885 0.034269 0.024479 0.044489
0 0.930208 0.204409 0.019792 0.029659
0 0.258203 0.152505 0.026302 0.036473
0 0.869401 0.573547 0.019010 0.031263
0 0.359375 0.395190 0.025000 0.039279
0 0.929948 0.235471 0.019271 0.031663
0 0.089323 0.070140 0.025521 0.036072
0 0.460807 0.708417 0.025260 0.039679
0 0.495052 0.067335 0.025521 0.035271
0 0.162240 0.552906 0.019271 0.028457
0 0.226953 0.792184 0.025260 0.042886
0 0.632031 0.611423 0.019271 0.026854
0 0.795052 0.390581 0.027083 0.038878
0 0.193229 0.750701 0.023958 0.039279
0 0.895052 0.737876 0.024479 0.040080
0 0.763411 0.739679 0.025260 0.034068
0 0.329167 0.260922 0.020313 0.030461
0 0.391536 0.753707 0.024740 0.038878
0 0.396094 0.260321 0.020833 0.031663
0 0.900651 0.293988 0.017448 0.028457
0 0.463151 0.554108 0.020573 0.026854
0 0.391797 0.151904 0.022656 0.036874
0 0.460677 0.788978 0.027604 0.039679
0 0.362370 0.552906 0.019010 0.031663
0 0.933203 0.578156 0.017969 0.029259
0 0.498307 0.555110 0.021615 0.029659
0 0.832943 0.600802 0.018490 0.028056
0 0.088542 0.398798 0.026042 0.039279
0 0.129948 0.501002 0.018229 0.028056
0 0.895182 0.776954 0.024219 0.040481
0 0.099609 0.290982 0.020573 0.035271
0 0.053906 0.563126 0.019792 0.031263
0 0.667578 0.580762 0.020052 0.030461
0 0.097917 0.889780 0.018229 0.029659
0 0.568620 0.565932 0.022135 0.034469
0 0.130469 0.554910 0.018750 0.031663
0 0.433203 0.254509 0.021615 0.034469
0 0.463281 0.581964 0.018750 0.027255
0 0.925521 0.142485 0.023958 0.040481
0 0.832943 0.861723 0.017969 0.027255
0 0.391927 0.793988 0.026562 0.044088
0 0.766797 0.544890 0.019010 0.030060
0 0.629948 0.176353 0.020313 0.029659
0 0.256641 0.469940 0.025781 0.039679
0 0.898698 0.545090 0.019792 0.029659
0 0.568880 0.258918 0.017969 0.027255
0 0.930729 0.491583 0.019792 0.026854
0 0.465885 0.202204 0.020833 0.034068
0 0.161328 0.524649 0.018490 0.028858
0 0.831510 0.514429 0.020313 0.028457
0 0.860938 0.392786 0.028125 0.045691
0 0.099740 0.554509 0.018229 0.030060
0 0.100000 0.585571 0.018229 0.030461
0 0.363672 0.293587 0.018490 0.028457
0 0.497005 0.526653 0.019531 0.028056
0 0.465234 0.233868 0.020573 0.034068
0 0.226302 0.752705 0.023438 0.039279
0 0.162500 0.582966 0.018750 0.032465
0 0.130990 0.259920 0.018750 0.034068
0 0.532943 0.552104 0.020052 0.027655
0 0.460677 0.392184 0.026042 0.037275
0 0.929427 0.265932 0.018229 0.030060
0 0.098828 0.919439 0.016406 0.026453
0 0.932813 0.547495 0.017188 0.029659
0 0.132031 0.291383 0.018229 0.029659
0 0.098958 0.947495 0.018229 0.026453
0 0.060807 0.183367 0.021615 0.030862
0 0.832682 0.633667 0.022135 0.029659
0 0.329297 0.231062 0.019010 0.031663
0 0.562760 0.394589 0.026042 0.038878
0 0.634505 0.903206 0.019010 0.028457
0 0.766276 0.573747 0.019010 0.028457
0 0.704167 0.898196 0.018750 0.028858
0 0.832292 0.544289 0.020313 0.028056
0 0.130208 0.204810 0.019271 0.026453
0 0.765365 0.235271 0.017708 0.029659
0 0.764062 0.180762 0.017708 0.028056
0 0.898047 0.805010 0.019010 0.023647
0 0.738672 0.570341 0.017969 0.027255
0 0.196875 0.206212 0.016667 0.026854
0 0.631380 0.582766 0.018490 0.031263
0 0.933464 0.633467 0.020573 0.025251
0 0.100260 0.616834 0.018229 0.030461
0 0.467318 0.297996 0.019010 0.029259
0 0.568750 0.599800 0.018229 0.028457
0 0.798698 0.260721 0.017188 0.028457
0 0.132292 0.613627 0.017188 0.028056
0 0.059635 0.830261 0.021354 0.026854
0 0.631120 0.551703 0.018490 0.030862
0 0.700000 0.495591 0.021875 0.029259
0 0.098568 0.207014 0.016406 0.026854
0 0.864453 0.199599 0.019010 0.028056
0 0.829818 0.232665 0.020573 0.028457
0 0.229687 0.235671 0.017188 0.028056
0 0.702083 0.561323 0.018750 0.030060
0 0.866536 0.290581 0.019010 0.028056
0 0.395833 0.231263 0.018229 0.029659
0 0.430078 0.607214 0.018490 0.028056
0 0.866797 0.260120 0.020573 0.031263
0 0.702083 0.868737 0.020313 0.029259
0 0.667708 0.610220 0.020313 0.030060
0 0.630078 0.234469 0.020573 0.033667
0 0.099349 0.231263 0.017969 0.028056
0 0.225911 0.499399 0.016406 0.027255
0 0.666667 0.549299 0.020313 0.034068
0 0.260807 0.581964 0.019531 0.028858
0 0.295833 0.551703 0.019792 0.029259
0 0.295443 0.583166 0.019010 0.032064
0 0.132812 0.646293 0.020833 0.027655
0 0.702474 0.593387 0.019531 0.031663
0 0.829688 0.261924 0.019271 0.029259
0 0.800781 0.572345 0.018750 0.025651
0 0.464844 0.607415 0.019271 0.027655
0 0.630990 0.267335 0.019792 0.032064
0 0.531120 0.233066 0.018490 0.028457
0 0.933203 0.607816 0.018490 0.026854
0 0.132161 0.325852 0.021094 0.030461
0 0.364063 0.323046 0.020833 0.029659
0 0.260677 0.553908 0.018750 0.028858
0 0.062240 0.262325 0.019271 0.034870
0 0.630990 0.296994 0.018229 0.027255
0 0.362240 0.263727 0.016667 0.030461
0 0.602734 0.611623 0.017969 0.028858
0 0.429297 0.551102 0.018490 0.028056
0 0.867057 0.859319 0.020052 0.029659
0 0.193229 0.527054 0.018750 0.028858
0 0.733594 0.290381 0.018229 0.026854
0 0.193880 0.556513 0.020052 0.029259
0 0.230469 0.265130 0.018750 0.027655
0 0.196875 0.292585 0.016146 0.028858
0 0.362109 0.210220 0.017969 0.027655
0 0.766927 0.604008 0.018229 0.026453
0 0.898568 0.831263 0.019010 0.029659
0 0.330078 0.579359 0.020573 0.029259
0 0.738281 0.602806 0.018229 0.028056
0 0.632943 0.640080 0.020052 0.028858
0 0.865234 0.831663 0.020052 0.027255
0 0.100651 0.326052 0.022656 0.030862
0 0.532422 0.259519 0.016406 0.025251
0 0.602083 0.582966 0.018750 0.029259
0 0.738281 0.541483 0.019271 0.025651
0 0.361979 0.183166 0.018750 0.028056
0 0.393620 0.611022 0.016406 0.026854
0 0.129297 0.230461 0.020052 0.027255
0 0.631120 0.495792 0.020052 0.026453
0 0.294401 0.499198 0.018490 0.024449
0 0.130469 0.526052 0.017708 0.028457
0 0.262109 0.205611 0.017448 0.027255
0 0.734766 0.494188 0.021094 0.028056
0 0.532292 0.609218 0.018750 0.028056
0 0.130078 0.584569 0.019531 0.030060
0 0.361589 0.498196 0.017448 0.023246
0 0.053255 0.619439 0.016927 0.026854
0 0.929948 0.292986 0.017708 0.025651
0 0.899349 0.888778 0.018490 0.027655
0 0.800391 0.861523 0.018490 0.027655
0 0.532552 0.580762 0.017188 0.026453
0 0.604036 0.903006 0.017448 0.027255
0 0.499479 0.845691 0.018750 0.028858
0 0.053255 0.592986 0.016927 0.023647
0 0.897786 0.231663 0.016927 0.031263
0 0.393229 0.555311 0.016667 0.029259
0 0.061979 0.328457 0.020833 0.030060
0 0.899089 0.516032 0.021615 0.029259
0 0.766406 0.320441 0.019792 0.027655
0 0.363932 0.880762 0.017969 0.030060
0 0.598958 0.206212 0.016667 0.027655
0 0.928646 0.176553 0.017708 0.027655
0 0.063021 0.953307 0.017708 0.025251
0 0.863672 0.172946 0.019010 0.026052
0 0.431901 0.212425 0.019531 0.033667
0 0.429688 0.578557 0.016667 0.026052
0 0.531120 0.494589 0.021615 0.029659
0 0.464714 0.941884 0.020052 0.026453
0 0.664583 0.178156 0.020313 0.030060
0 0.698698 0.264529 0.017188 0.030461
0 0.099349 0.257515 0.017969 0.027655
0 0.499870 0.261723 0.018490 0.026453
0 0.295573 0.612625 0.018750 0.027655
0 0.229687 0.584569 0.017708 0.030060
0 0.461328 0.527255 0.019010 0.028457
0 0.534505 0.910421 0.019531 0.030862
0 0.362760 0.610020 0.019271 0.028858
0 0.163542 0.209018 0.020313 0.033267
0 0.899219 0.860321 0.019792 0.029259
0 0.194141 0.586573 0.017969 0.030862
0 0.196615 0.233066 0.016667 0.030060
0 0.195443 0.181964 0.015365 0.024850
0 0.196875 0.263327 0.017188 0.029659
0 0.262891 0.262124 0.018490 0.026453
0 0.830599 0.289379 0.019531 0.028056
0 0.736719 0.517635 0.020313 0.023647
0 0.262760 0.232866 0.018229 0.024048
0 0.098698 0.522846 0.017708 0.030862
0 0.531901 0.524048 0.021094 0.026854
0 0.263932 0.290982 0.017448 0.028056
0 0.500391 0.293587 0.019010 0.027655
0 0.532161 0.203607 0.019010 0.028858
0 0.499219 0.230261 0.018229 0.026854
0 0.227995 0.553707 0.019010 0.028457
0 0.864323 0.490982 0.019271 0.028056
0 0.567839 0.199800 0.019531 0.026052
0 0.897656 0.200601 0.020833 0.028457
0 0.432943 0.323848 0.022656 0.029659
0 0.393880 0.581563 0.016927 0.026453
0 0.329427 0.199599 0.019271 0.028056
0 0.229818 0.207816 0.017969 0.029259
0 0.296354 0.823848 0.018229 0.024449
0 0.394792 0.524649 0.017708 0.028056
0 0.098047 0.858317 0.018490 0.031663
0 0.767188 0.896593 0.018229 0.035271
0 0.932422 0.517836 0.016406 0.023246
0 0.869401 0.603808 0.016927 0.025251
0 0.394922 0.204008 0.016406 0.023246
0 0.061068 0.893988 0.017448 0.025251
0 0.262500 0.611824 0.019271 0.029259
0 0.134505 0.946092 0.017448 0.025251
0 0.101042 0.646693 0.019792 0.028457
0 0.166016 0.325050 0.020052 0.025651
0 0.461979 0.497796 0.020833 0.028858
0 0.832682 0.834669 0.017448 0.029259
0 0.766667 0.292385 0.018750 0.027655
0 0.799609 0.517034 0.019531 0.032866
0 0.499870 0.877355 0.017448 0.028056
0 0.062500 0.296593 0.020833 0.032064
0 0.569271 0.635471 0.021354 0.032465
0 0.163281 0.613828 0.016667 0.026052
0 0.735807 0.843687 0.018490 0.028858
0 0.053906 0.503607 0.019792 0.027655
0 0.898828 0.262926 0.019531 0.029659
0 0.865625 0.954309 0.020833 0.023246
0 0.053255 0.647896 0.020573 0.030060
0 0.599479 0.522244 0.016667 0.031263
0 0.364063 0.848297 0.019792 0.028457
0 0.060026 0.861323 0.017969 0.029659
0 0.496615 0.495792 0.018750 0.027255
0 0.866536 0.227655 0.019010 0.028858
0 0.430729 0.180361 0.020313 0.026453
0 0.229687 0.615230 0.018229 0.026453
0 0.361719 0.820842 0.021354 0.026453
0 0.700130 0.293186 0.017969 0.026854
0 0.227344 0.525651 0.017708 0.024449
0 0.499089 0.608417 0.017448 0.026453
0 0.698177 0.233267 0.018750 0.031263
0 0.766667 0.517234 0.018229 0.027655
0 0.499349 0.202004 0.019010 0.027255
0 0.569531 0.322445 0.020313 0.030060
0 0.702083 0.527255 0.018750 0.030862
0 0.135156 0.919038 0.017708 0.028858
0 0.867448 0.544088 0.017708 0.028457
0 0.800130 0.545691 0.016406 0.026854
0 0.865885 0.517034 0.018750 0.027255
0 0.898438 0.917836 0.018750 0.028858
0 0.603255 0.871743 0.016927 0.028858
0 0.396224 0.913226 0.020573 0.025251
0 0.597656 0.179960 0.019271 0.032064
0 0.499870 0.636273 0.020573 0.029259
0 0.431380 0.640080 0.020573 0.030461
0 0.567318 0.527856 0.020573 0.034469
0 0.433464 0.291182 0.019531 0.026854
0 0.160938 0.498597 0.018229 0.024048
0 0.930469 0.318637 0.019271 0.025651
0 0.362630 0.523246 0.018490 0.026052
0 0.533464 0.291984 0.019010 0.028457
0 0.195312 0.617234 0.017708 0.029659
0 0.830078 0.203206 0.018490 0.027255
0 0.260547 0.524649 0.018490 0.028056
0 0.132422 0.883968 0.019010 0.029259
0 0.428646 0.496994 0.020313 0.025651
0 0.062500 0.926052 0.019271 0.032465
0 0.363021 0.640481 0.019792 0.025651
0 0.567187 0.845691 0.017708 0.028056
0 0.363021 0.579559 0.018750 0.028056
0 0.670182 0.931062 0.016927 0.024850
0 0.165104 0.286373 0.018229 0.028457
0 0.829688 0.175150 0.021354 0.027255
0 0.394010 0.497595 0.018750 0.026052
0 0.869792 0.633066 0.017708 0.026052
0 0.602083 0.815030 0.017188 0.025251
0 0.295312 0.524248 0.017708 0.026453
0 0.330469 0.524248 0.017708 0.026453
0 0.329036 0.292786 0.019010 0.030060
0 0.767448 0.863727 0.017188 0.028858
0 0.831641 0.320240 0.021094 0.027255
0 0.195312 0.647094 0.019792 0.025251
0 0.231901 0.327255 0.020573 0.025251
0 0.231250 0.294790 0.018229 0.028457
0 0.196354 0.324048 0.018229 0.029259
0 0.801302 0.924248 0.016667 0.025651
0 0.230990 0.941082 0.018750 0.026453
0 0.263672 0.644088 0.018490 0.024048
0 0.569271 0.290581 0.019271 0.030461
0 0.534635 0.840681 0.017188 0.030862
0 0.429818 0.819439 0.020573 0.026854
0 0.731510 0.204409 0.018750 0.024048
0 0.832161 0.923647 0.016927 0.026854
0 0.701302 0.320641 0.022396 0.028858
0 0.298698 0.901603 0.019271 0.030060
0 0.697917 0.201603 0.017708 0.028056
0 0.330469 0.550701 0.018750 0.028858
0 0.163542 0.646092 0.017708 0.024850
0 0.901302 0.320441 0.019792 0.026854
0 0.297396 0.848697 0.016667 0.025251
0 0.734635 0.260922 0.019792 0.030461
0 0.430078 0.523447 0.020052 0.024850
0 0.739323 0.633267 0.019271 0.025651
0 0.330729 0.875551 0.017708 0.027655
0 0.633724 0.872946 0.017448 0.029659
0 0.899479 0.951303 0.020833 0.027655
0 0.396484 0.291984 0.019010 0.030862
0 0.665234 0.207014 0.020052 0.028457
0 0.394792 0.639679 0.018750 0.024850
0 0.329427 0.324248 0.020313 0.030461
0 0.397266 0.324048 0.020052 0.029259
0 0.364974 0.910020 0.019010 0.026052
0 0.498958 0.581764 0.019271 0.026052
0 0.933073 0.892585 0.017708 0.026453
0 0.297526 0.873747 0.019010 0.026453
0 0.702474 0.838277 0.018490 0.032465
0 0.630990 0.521242 0.018750 0.026052
0 0.568099 0.874148 0.018490 0.025651
0 0.566667 0.817034 0.019271 0.026052
0 0.898568 0.634068 0.020573 0.025651
0 0.867057 0.888978 0.017448 0.028056
0 0.668490 0.639078 0.020833 0.030060
0 0.164974 0.823046 0.020052 0.026854
0 0.231380 0.911824 0.017969 0.023246
0 0.061979 0.219238 0.017708 0.028858
0 0.330729 0.905210 0.016667 0.026052
0 0.868229 0.319238 0.020313 0.027655
0 0.230208 0.848096 0.017708 0.024048
0 0.798307 0.232866 0.019531 0.028858
0 0.197917 0.945691 0.015625 0.022846
0 0.166667 0.880160 0.019271 0.029659
0 0.498698 0.176954 0.019271 0.026052
0 0.767188 0.808216 0.019271 0.026052
0 0.832552 0.891383 0.017188 0.028056
0 0.603906 0.839679 0.017708 0.026453
0 0.896615 0.174148 0.018750 0.025251
0 0.769661 0.931463 0.018490 0.033667
0 0.329297 0.613627 0.018490 0.027255
0 0.768359 0.632064 0.019010 0.026453
0 0.394792 0.179359 0.016146 0.021242
0 0.265104 0.903607 0.017188 0.026052
0 0.599219 0.229459 0.017188 0.025251
0 0.164193 0.244289 0.019531 0.034870
0 0.604036 0.931864 0.016406 0.024850
0 0.831120 0.487575 0.020573 0.028457
0 0.801042 0.597194 0.016146 0.024850
0 0.165365 0.914228 0.019271 0.032866
0 0.665625 0.234469 0.018750 0.024048
0 0.597656 0.495792 0.018229 0.023246
0 0.797135 0.175551 0.018750 0.026453
0 0.097266 0.182966 0.017448 0.026854
0 0.296615 0.642685 0.020313 0.028457
0 0.733984 0.321844 0.018490 0.024048
0 0.397135 0.878758 0.019271 0.029259
0 0.798438 0.290782 0.018229 0.033267
0 0.499479 0.817034 0.018750 0.027655
0 0.465365 0.637675 0.021354 0.029659
0 0.798828 0.317034 0.018490 0.024850
0 0.230469 0.647695 0.019271 0.028056
0 0.666406 0.321242 0.021354 0.027655
0 0.501563 0.323246 0.019271 0.027655
0 0.801823 0.955912 0.017708 0.021643
0 0.329688 0.498196 0.017708 0.026453
0 0.100130 0.975351 0.017969 0.024449
0 0.633984 0.841082 0.017969 0.026854
0 0.632422 0.813427 0.020052 0.025251
0 0.798177 0.204008 0.018750 0.028056
0 0.330990 0.847094 0.018229 0.022846
0 0.799089 0.487575 0.018490 0.030060
0 0.469141 0.325852 0.021094 0.028858
0 0.464453 0.176353 0.018490 0.024048
0 0.568359 0.177355 0.019531 0.025251
0 0.265495 0.324449 0.017448 0.025251
0 0.535937 0.940080 0.017708 0.026854
0 0.634635 0.930261 0.016667 0.023246
0 0.054036 0.532866 0.017448 0.022846
0 0.063411 0.976954 0.016406 0.021242
0 0.263281 0.823647 0.019792 0.025651
0 0.329297 0.642285 0.018490 0.024449
0 0.134115 0.973146 0.019271 0.026453
0 0.532943 0.637475 0.018490 0.024449
0 0.666797 0.517836 0.019010 0.027255
0 0.166536 0.945090 0.018490 0.027255
0 0.565365 0.495591 0.020313 0.029259
0 0.098307 0.497194 0.016406 0.022044
0 0.397656 0.944289 0.016667 0.024048
0 0.132031 0.851703 0.018750 0.024048
0 0.533854 0.323046 0.018750 0.024048
0 0.767578 0.836273 0.016406 0.022846
0 0.665625 0.261924 0.018750 0.026854
0 0.669922 0.902806 0.015885 0.026052
0 0.630599 0.205411 0.019010 0.025251
0 0.365234 0.940882 0.016927 0.025251
0 0.599349 0.260521 0.015885 0.032866
0 0.501563 0.913026 0.018750 0.031263
0 0.666406 0.287776 0.017188 0.024850
0 0.737240 0.879359 0.017188 0.029659
0 0.600781 0.551102 0.016667 0.028056
0 0.731380 0.177555 0.020052 0.026453
0 0.096875 0.826653 0.020313 0.022846
0 0.265495 0.937475 0.020573 0.029659
0 0.166797 0.971743 0.019010 0.024449
0 0.732292 0.229058 0.017708 0.025251
0 0.431510 0.846092 0.017708 0.025651
0 0.534896 0.875752 0.017708 0.026453
0 0.601562 0.321844 0.019271 0.029659
0 0.130990 0.826653 0.018750 0.023647
0 0.831901 0.807816 0.016927 0.026854
0 0.395573 0.846092 0.018750 0.025651
0 0.193099 0.498597 0.020573 0.025651
0 0.933073 0.953307 0.018750 0.021242
0 0.299870 0.935671 0.017969 0.028457
0 0.166146 0.848898 0.017188 0.027255
0 0.532292 0.176353 0.019271 0.024048
0 0.431250 0.880160 0.017708 0.025651
0 0.430859 0.909419 0.018490 0.027255
0 0.230599 0.878357 0.016406 0.024449
0 0.259245 0.499800 0.021615 0.024850
0 0.465234 0.877555 0.017448 0.030060
0 0.866276 0.921844 0.017448 0.024850
0 0.197005 0.915431 0.015885 0.026453
0 0.261458 0.179760 0.019271 0.022044
0 0.668490 0.839078 0.018229 0.026052
0 0.800260 0.890782 0.017708 0.034068
0 0.568620 0.907214 0.017969 0.025251
0 0.897917 0.490381 0.019271 0.023647
0 0.766927 0.490581 0.019271 0.023246
0 0.463151 0.818838 0.023698 0.026453
0 0.631901 0.321844 0.017448 0.024850
0 0.465234 0.845291 0.017448 0.023246
0 0.129557 0.179960 0.019010 0.021643
0 0.264844 0.862926 0.017188 0.026453
0 0.331120 0.821443 0.019010 0.024449
0 0.932422 0.923246 0.016406 0.023647
0 0.697396 0.178156 0.019271 0.022846
0 0.331250 0.936673 0.016146 0.023246
0 0.163151 0.179960 0.017969 0.023246
0 0.704427 0.634068 0.018229 0.027255
0 0.464714 0.910621 0.017969 0.031263
0 0.801953 0.632866 0.017448 0.026453
0 0.666016 0.491182 0.018490 0.023647
0 0.231510 0.969539 0.017708 0.024048
0 0.667839 0.813627 0.016927 0.024850
0 0.864974 0.805210 0.020573 0.022445
0 0.227474 0.181363 0.015885 0.023647
0 0.669010 0.868938 0.015625 0.028056
0 0.432812 0.943888 0.016146 0.023246
0 0.266016 0.970541 0.022656 0.026052
0 0.196484 0.848898 0.015885 0.025651
0 0.702083 0.808417 0.017708 0.024850
0 0.569141 0.942084 0.019531 0.033267
0 0.602734 0.637876 0.017969 0.029259
0 0.327734 0.177355 0.018490 0.019639
0 0.735938 0.810220 0.018229 0.026052
0 0.228906 0.822846 0.019792 0.025651
0 0.832031 0.955711 0.015625 0.021242
0 0.501693 0.941683 0.018490 0.025251
0 0.703776 0.926453 0.016927 0.026854
0 0.767448 0.957515 0.014583 0.021643
0 0.932813 0.857916 0.017188 0.024449
0 0.196745 0.880762 0.014323 0.022846
0 0.196484 0.970741 0.021094 0.024048
0 0.194792 0.823647 0.022396 0.024048
0 0.534635 0.814629 0.015625 0.020441
0 0.799870 0.809820 0.020052 0.026854
0 0.930990 0.831463 0.020313 0.023647
0 0.800260 0.837876 0.015625 0.024449
0 0.737240 0.919038 0.016667 0.023246
0 0.298698 0.967335 0.013542 0.018838
0 0.798307 0.338277 0.017448 0.021643
0 0.738932 0.955110 0.016406 0.017635
0 0.330599 0.967936 0.015365 0.024850
0 0.704297 0.956112 0.013802 0.016433
0 0.394922 0.818036 0.020052 0.020842
0 0.501693 0.966934 0.017448 0.020441
0 0.364844 0.966934 0.016667 0.022846
0 0.134245 0.931864 0.018490 0.025651
0 0.466927 0.967535 0.018229 0.023246
0 0.129688 0.244890 0.020833 0.028056
0 0.634375 0.957515 0.013542 0.019238
0 0.535417 0.962525 0.017188 0.015631
0 0.605599 0.958717 0.012240 0.016834
0 0.672526 0.957715 0.014323 0.012425
