0 0.481395 0.124233 0.096400 0.082549
0 0.796816 0.614613 0.096919 0.071360
0 0.309796 0.629281 0.119418 0.107791
0 0.633004 0.374403 0.091208 0.070405
0 0.792835 0.680789 0.099342 0.059080
0 0.313603 0.168440 0.103496 0.089917
0 0.634129 0.438054 0.091727 0.051712
0 0.791191 0.127098 0.087400 0.065357
0 0.640620 0.494542 0.091208 0.064538
0 0.488577 0.373516 0.087574 0.068904
0 0.491000 0.620821 0.089304 0.065220
0 0.795431 0.747578 0.101073 0.074771
0 0.633351 0.183245 0.082901 0.064402
0 0.789893 0.433961 0.086535 0.064265
0 0.642783 0.617888 0.098304 0.071906
0 0.789806 0.307136 0.088785 0.063037
0 0.630235 0.122391 0.082901 0.055669
0 0.635427 0.249761 0.092246 0.071360
0 0.488058 0.434780 0.082035 0.054168
0 0.942714 0.061877 0.085151 0.068086
0 0.640879 0.927412 0.087920 0.069041
0 0.481568 0.493792 0.095016 0.069041
0 0.640447 0.867035 0.084978 0.053623
0 0.484078 0.249215 0.091727 0.071087
0 0.322084 0.528722 0.105227 0.083777
0 0.315161 0.268045 0.130495 0.097285
0 0.794393 0.498499 0.094150 0.065903
0 0.486501 0.682494 0.088266 0.063856
0 0.637418 0.687952 0.093458 0.066312
0 0.482953 0.190544 0.084978 0.053350
0 0.312392 0.448015 0.097612 0.055533
0 0.314209 0.712171 0.100554 0.059626
0 0.789893 0.188293 0.090343 0.052940
0 0.947646 0.130441 0.075978 0.054032
0 0.298979 0.920999 0.098477 0.072315
0 0.789806 0.242598 0.086708 0.066585
0 0.318622 0.379110 0.134995 0.098376
0 0.316978 0.811775 0.130322 0.138218
