0 0.813789 0.250000 0.108296 0.096558
0 0.826009 0.468212 0.101345 0.096558
0 0.825561 0.590344 0.100448 0.108031
0 0.825561 0.698375 0.108072 0.101816
0 0.817265 0.804852 0.099552 0.092495
0 0.707511 0.247371 0.098430 0.089388
0 0.713004 0.360062 0.105381 0.086281
0 0.715359 0.472395 0.104260 0.092495
0 0.714462 0.582098 0.104260 0.097753
0 0.717265 0.703035 0.100448 0.098709
0 0.714910 0.807600 0.095740 0.095602
0 0.606726 0.242113 0.095516 0.101816
0 0.609193 0.348709 0.100448 0.079828
0 0.609193 0.473948 0.096413 0.106119
0 0.611547 0.698375 0.103363 0.093690
0 0.404933 0.239603 0.099552 0.098709
0 0.402018 0.343571 0.101345 0.096797
0 0.404372 0.462476 0.104260 0.108031
0 0.403475 0.573733 0.108296 0.093451
0 0.407735 0.693236 0.109193 0.110182
0 0.401009 0.811185 0.110987 0.107075
0 0.295291 0.242113 0.100448 0.101816
0 0.300112 0.354446 0.100224 0.099904
0 0.296188 0.464627 0.108072 0.097514
0 0.295179 0.577318 0.110090 0.104924
0 0.292825 0.691683 0.111211 0.090344
0 0.289350 0.805449 0.098430 0.099904
0 0.192377 0.243666 0.091480 0.092495
0 0.183184 0.693714 0.094619 0.103011
