0 0.319661 0.479941 0.026302 0.051511
0 0.660547 0.395493 0.026302 0.048044
0 0.658073 0.628034 0.028125 0.050520
0 0.241797 0.570827 0.025781 0.053987
0 0.561068 0.440565 0.026823 0.048044
0 0.929557 0.588162 0.026823 0.051015
0 0.264193 0.666914 0.025260 0.050025
0 0.932682 0.399703 0.025781 0.051511
0 0.221745 0.151560 0.025260 0.051511
0 0.660937 0.307330 0.026562 0.047053
0 0.071745 0.146607 0.024740 0.053492
0 0.661068 0.349678 0.026823 0.049529
0 0.267188 0.524022 0.025521 0.056464
0 0.096354 0.196632 0.022917 0.051511
0 0.733594 0.585438 0.027604 0.050520
0 0.197135 0.147845 0.024479 0.049034
0 0.657552 0.675582 0.027083 0.051511
0 0.738281 0.174344 0.024479 0.050520
0 0.321875 0.250867 0.024479 0.046062
0 0.071615 0.195146 0.025000 0.050520
0 0.193490 0.378900 0.024479 0.044577
0 0.246094 0.289004 0.025521 0.051015
0 0.662370 0.261268 0.026302 0.050025
0 0.221484 0.199356 0.027344 0.044081
0 0.217708 0.476474 0.025000 0.049529
0 0.735938 0.263992 0.023438 0.049529
0 0.860417 0.265478 0.027604 0.048539
0 0.711328 0.169638 0.027344 0.051015
0 0.835547 0.271421 0.025781 0.052501
0 0.440365 0.389549 0.024479 0.051015
0 0.168750 0.474988 0.026562 0.053492
0 0.094792 0.421743 0.023438 0.051015
0 0.147005 0.198118 0.026823 0.049529
0 0.787500 0.172858 0.025521 0.050520
0 0.269141 0.427935 0.026302 0.052501
0 0.411328 0.672610 0.030469 0.052501
0 0.346484 0.205795 0.024740 0.051015
0 0.710677 0.308816 0.028646 0.050025
0 0.785807 0.220654 0.026302 0.047053
0 0.146094 0.285290 0.026042 0.049529
0 0.710286 0.261763 0.026302 0.052006
0 0.420052 0.160723 0.022396 0.044081
0 0.413802 0.386578 0.027083 0.052006
0 0.244010 0.382120 0.025521 0.047053
0 0.810937 0.220158 0.023958 0.050025
0 0.930990 0.316493 0.025521 0.048539
0 0.683333 0.628777 0.025000 0.052006
0 0.683984 0.536652 0.022135 0.042100
0 0.681641 0.721149 0.025781 0.048539
0 0.267839 0.573551 0.024740 0.050520
0 0.445573 0.163447 0.026042 0.048539
0 0.762760 0.172363 0.023958 0.049529
0 0.905599 0.311045 0.026823 0.052501
0 0.294141 0.523031 0.025781 0.053492
0 0.123177 0.147598 0.025521 0.045567
0 0.295312 0.383110 0.025521 0.047053
0 0.656510 0.721892 0.025521 0.048044
0 0.907943 0.179297 0.025260 0.048539
0 0.070573 0.328133 0.022917 0.052006
0 0.322526 0.204557 0.023698 0.053492
0 0.637630 0.216196 0.023698 0.046062
0 0.192708 0.569589 0.023438 0.048539
0 0.119792 0.332343 0.023958 0.049529
0 0.369922 0.206786 0.022135 0.045072
0 0.071354 0.239970 0.026562 0.047053
0 0.784375 0.305597 0.028125 0.051511
0 0.243880 0.428430 0.025260 0.048539
0 0.117188 0.613670 0.026562 0.048539
0 0.558724 0.804606 0.025260 0.050025
0 0.373047 0.157751 0.023177 0.048044
0 0.614583 0.168648 0.025521 0.048044
0 0.654427 0.767459 0.030208 0.050025
0 0.610807 0.440812 0.023698 0.048539
0 0.265104 0.713720 0.027083 0.049529
0 0.783464 0.534423 0.027865 0.051511
0 0.144661 0.333086 0.024219 0.052006
0 0.417839 0.209510 0.026302 0.056464
0 0.094661 0.470282 0.025781 0.050025
0 0.146354 0.242942 0.025000 0.043091
0 0.194531 0.335315 0.024479 0.048539
0 0.266276 0.620357 0.024740 0.047053
0 0.930729 0.494552 0.027083 0.052006
0 0.834766 0.224368 0.023698 0.050520
0 0.444922 0.111689 0.025781 0.052997
0 0.735677 0.349926 0.022396 0.044081
0 0.291667 0.622585 0.023438 0.050520
0 0.295703 0.292224 0.023698 0.048539
0 0.318750 0.431402 0.026042 0.053492
0 0.740495 0.123081 0.023698 0.047053
0 0.270573 0.200099 0.023958 0.048539
0 0.297917 0.155027 0.026042 0.052501
0 0.958073 0.360822 0.027083 0.049034
0 0.687109 0.262011 0.024219 0.051511
0 0.269141 0.337296 0.026302 0.051511
0 0.195312 0.198613 0.022396 0.047548
0 0.122786 0.195641 0.026823 0.048539
0 0.290495 0.757306 0.026302 0.045567
0 0.220964 0.244428 0.025781 0.052006
0 0.236589 0.940317 0.027344 0.050025
0 0.171094 0.198613 0.022917 0.045567
0 0.683724 0.673848 0.026302 0.050025
0 0.532292 0.756315 0.027604 0.046558
0 0.440885 0.340515 0.024479 0.047053
0 0.713281 0.122090 0.026562 0.047053
0 0.684635 0.445518 0.027604 0.052997
0 0.614323 0.216196 0.024479 0.047053
0 0.148438 0.148093 0.023958 0.046558
0 0.684375 0.493809 0.025521 0.046558
0 0.214453 0.668153 0.024740 0.047548
0 0.069531 0.374690 0.023438 0.047053
0 0.320833 0.384101 0.027604 0.051015
0 0.345833 0.252848 0.023438 0.042100
0 0.439323 0.435364 0.023958 0.046558
0 0.097656 0.147350 0.023438 0.051015
0 0.931120 0.356117 0.024740 0.045567
0 0.243490 0.476969 0.025000 0.052501
0 0.095443 0.330609 0.023177 0.046062
0 0.631120 0.718920 0.024219 0.047053
0 0.443620 0.211986 0.025781 0.056464
0 0.297005 0.247400 0.025260 0.046062
0 0.296224 0.202823 0.026302 0.052006
0 0.395964 0.161714 0.023177 0.046062
0 0.733594 0.631253 0.025000 0.051015
0 0.531380 0.899703 0.027344 0.050025
0 0.121224 0.239970 0.025781 0.041109
0 0.168750 0.422734 0.028125 0.056959
0 0.856510 0.445270 0.028125 0.053492
0 0.635156 0.348687 0.025521 0.048539
0 0.809245 0.399455 0.026302 0.051015
0 0.441406 0.293214 0.023958 0.051511
0 0.810547 0.309807 0.025260 0.054978
0 0.169531 0.520555 0.026562 0.043586
0 0.394271 0.209014 0.024479 0.049529
0 0.902214 0.589153 0.028385 0.058940
0 0.561979 0.485884 0.025521 0.048539
0 0.209505 0.944279 0.025781 0.056959
0 0.931641 0.268945 0.023177 0.052501
0 0.761198 0.219168 0.025000 0.046062
0 0.215755 0.569341 0.024219 0.049034
0 0.172396 0.147598 0.023958 0.055473
0 0.321224 0.294453 0.022656 0.048044
0 0.538281 0.256563 0.023438 0.048539
0 0.536458 0.303368 0.026042 0.047053
0 0.414714 0.323180 0.025781 0.064884
0 0.929818 0.541605 0.026302 0.048044
0 0.812370 0.171620 0.024219 0.051015
0 0.116536 0.712234 0.027344 0.050520
0 0.734115 0.397226 0.026042 0.054482
0 0.244531 0.338286 0.025000 0.047548
0 0.764323 0.119861 0.021354 0.053492
0 0.193750 0.425458 0.023438 0.051511
0 0.292187 0.474740 0.025521 0.047053
0 0.465495 0.341258 0.022135 0.048539
0 0.958854 0.403418 0.027083 0.043091
0 0.242318 0.523526 0.025781 0.045567
0 0.365495 0.571322 0.029948 0.052997
0 0.905208 0.450223 0.026562 0.055473
0 0.369531 0.249629 0.023958 0.039624
0 0.264453 0.759782 0.026302 0.049529
0 0.268359 0.380139 0.025781 0.048044
0 0.241406 0.619861 0.024479 0.047053
0 0.347266 0.156761 0.027865 0.050025
0 0.116667 0.662457 0.025521 0.052006
0 0.239974 0.668648 0.023177 0.047548
0 0.590104 0.213967 0.022917 0.037642
0 0.589193 0.259287 0.023177 0.051015
0 0.686458 0.307083 0.021875 0.042595
0 0.636589 0.307083 0.023177 0.038633
0 0.191016 0.712234 0.022135 0.047548
0 0.710417 0.356117 0.027604 0.051511
0 0.070964 0.284299 0.025781 0.047548
0 0.046745 0.138683 0.024740 0.054482
0 0.322656 0.154780 0.025000 0.048044
0 0.907682 0.225359 0.028906 0.049529
0 0.683854 0.581971 0.026562 0.046558
0 0.294922 0.429173 0.024740 0.050025
0 0.320833 0.340020 0.025000 0.046062
0 0.216406 0.523526 0.024479 0.044577
0 0.486328 0.578009 0.028906 0.047548
0 0.369922 0.294205 0.025260 0.047548
0 0.291536 0.714215 0.024219 0.048539
0 0.486068 0.531204 0.025260 0.052997
0 0.362760 0.762754 0.027604 0.050520
0 0.463411 0.437345 0.024219 0.049529
0 0.214453 0.714710 0.024740 0.052501
0 0.809766 0.447994 0.024740 0.050025
0 0.761849 0.264983 0.025260 0.049529
0 0.116536 0.802130 0.027865 0.049034
0 0.614193 0.121347 0.026823 0.044577
0 0.587760 0.440069 0.022917 0.051015
0 0.120703 0.375929 0.026302 0.041605
0 0.708464 0.583952 0.024219 0.055473
0 0.711719 0.213967 0.026042 0.047548
0 0.856771 0.491828 0.029687 0.048539
0 0.531771 0.714215 0.028646 0.046558
0 0.662630 0.214215 0.026302 0.052006
0 0.095573 0.243190 0.020833 0.044577
0 0.532682 0.574542 0.027865 0.050520
0 0.710417 0.400446 0.027083 0.044081
0 0.633203 0.533185 0.024740 0.047053
0 0.654948 0.894502 0.026042 0.045567
0 0.588672 0.305349 0.023698 0.045072
0 0.165234 0.803863 0.023698 0.043586
0 0.636849 0.262259 0.024740 0.055968
0 0.167708 0.615404 0.024479 0.050025
0 0.715755 0.076771 0.025260 0.043586
0 0.708594 0.631748 0.022396 0.048044
0 0.095052 0.286033 0.023438 0.047053
0 0.929557 0.635711 0.027344 0.048044
0 0.704557 0.945022 0.025260 0.052501
0 0.732812 0.675830 0.025521 0.048044
0 0.688151 0.215206 0.023698 0.045072
0 0.563411 0.258049 0.024219 0.049529
0 0.246484 0.201090 0.024740 0.047548
0 0.634766 0.393759 0.023698 0.049529
0 0.412630 0.621347 0.030990 0.055968
0 0.120703 0.284299 0.023698 0.047548
0 0.094531 0.520307 0.025000 0.052997
0 0.292839 0.573056 0.023177 0.050520
0 0.531771 0.853393 0.024479 0.049529
0 0.785026 0.351907 0.026823 0.049034
0 0.167969 0.566369 0.025000 0.049034
0 0.290495 0.669638 0.025781 0.047548
0 0.658594 0.535661 0.025000 0.052006
0 0.657682 0.488856 0.025260 0.047548
0 0.189974 0.759039 0.022135 0.051015
0 0.958203 0.449480 0.027344 0.049034
0 0.611979 0.346459 0.023438 0.046062
0 0.374349 0.105993 0.022135 0.050520
0 0.237630 0.892769 0.026302 0.049034
0 0.613411 0.259782 0.024740 0.041109
0 0.194922 0.287766 0.023698 0.046558
0 0.239714 0.713224 0.024219 0.041605
0 0.194792 0.242942 0.023958 0.046062
0 0.659115 0.441060 0.024479 0.053987
0 0.067969 0.467806 0.023958 0.049034
0 0.270833 0.289252 0.024479 0.047548
0 0.536328 0.389797 0.025260 0.049529
0 0.632031 0.582219 0.027083 0.052006
0 0.537891 0.211738 0.022656 0.041109
0 0.211068 0.891283 0.024740 0.051015
0 0.633984 0.438583 0.025260 0.044081
0 0.219531 0.336553 0.025521 0.047053
0 0.582812 0.714958 0.023438 0.047053
0 0.460938 0.482912 0.023958 0.046558
0 0.413411 0.434869 0.027865 0.046558
0 0.269010 0.475978 0.027083 0.047548
0 0.246745 0.244180 0.024740 0.047548
0 0.882161 0.177316 0.026302 0.050520
0 0.420573 0.109708 0.023438 0.052006
0 0.460677 0.619614 0.027083 0.046558
0 0.263672 0.803863 0.024219 0.044577
0 0.707682 0.677316 0.023698 0.048044
0 0.464193 0.389054 0.023698 0.050025
0 0.629948 0.629520 0.028125 0.046558
0 0.706380 0.725359 0.025260 0.051015
0 0.606641 0.760030 0.026302 0.054978
0 0.589063 0.168153 0.024479 0.052006
0 0.927995 0.680783 0.024740 0.050025
0 0.605599 0.806587 0.025260 0.041109
0 0.562370 0.302625 0.027865 0.050520
0 0.606901 0.713967 0.025260 0.037147
0 0.533594 0.435364 0.029687 0.045567
0 0.633594 0.486627 0.026042 0.051015
0 0.608333 0.941308 0.032292 0.051015
0 0.736849 0.218177 0.024740 0.042100
0 0.044922 0.283556 0.026302 0.052006
0 0.295052 0.336800 0.025000 0.051511
0 0.193099 0.522288 0.022656 0.049034
0 0.043750 0.375433 0.024479 0.051511
0 0.908724 0.130263 0.025781 0.056464
0 0.117578 0.564884 0.025260 0.051015
0 0.654818 0.851412 0.026823 0.044577
0 0.708203 0.534423 0.024740 0.051511
0 0.166927 0.663200 0.026042 0.047548
0 0.247786 0.152055 0.026302 0.051511
0 0.488021 0.482169 0.026562 0.049034
0 0.611719 0.391778 0.023438 0.048539
0 0.558724 0.713967 0.025260 0.042100
0 0.787240 0.123328 0.025000 0.049529
0 0.708724 0.446508 0.022135 0.048044
0 0.931510 0.445022 0.025000 0.049034
0 0.902734 0.519316 0.026823 0.068846
0 0.169661 0.333829 0.025260 0.048539
0 0.588281 0.392026 0.022396 0.051015
0 0.732943 0.856117 0.027344 0.049034
0 0.655208 0.810797 0.026562 0.044577
0 0.217188 0.426201 0.025521 0.051015
0 0.532813 0.622585 0.027604 0.048539
0 0.193359 0.475731 0.023177 0.049034
0 0.118229 0.517088 0.025000 0.045567
0 0.564583 0.214463 0.024479 0.041605
0 0.608724 0.579495 0.024740 0.048539
0 0.489323 0.436355 0.025521 0.044577
0 0.439583 0.483408 0.023438 0.050520
0 0.685547 0.400693 0.022135 0.046558
0 0.166927 0.710253 0.025000 0.048539
0 0.271875 0.243933 0.025000 0.043091
0 0.212109 0.802130 0.025781 0.045072
0 0.045443 0.192917 0.025781 0.053987
0 0.561849 0.393512 0.026302 0.052006
0 0.362630 0.713967 0.028906 0.053987
0 0.069271 0.421743 0.021354 0.047053
0 0.558464 0.761020 0.023177 0.044081
0 0.165104 0.756067 0.025521 0.046062
0 0.069661 0.565379 0.021615 0.048044
0 0.397396 0.108965 0.023958 0.054482
0 0.460677 0.668153 0.027604 0.055473
0 0.736198 0.307578 0.025000 0.042595
0 0.286198 0.940812 0.023958 0.050025
0 0.172135 0.245914 0.022917 0.047053
0 0.838021 0.172858 0.026042 0.051511
0 0.657422 0.581971 0.022135 0.045567
0 0.119922 0.419515 0.024219 0.043586
0 0.459896 0.715948 0.026042 0.048044
0 0.117057 0.756315 0.027344 0.047548
0 0.345443 0.292967 0.023177 0.042100
0 0.784766 0.261268 0.025260 0.042100
0 0.663542 0.166419 0.025521 0.045567
0 0.191146 0.665428 0.021354 0.045072
0 0.606120 0.851907 0.027865 0.054482
0 0.838802 0.123824 0.030208 0.050520
0 0.706120 0.853888 0.024740 0.047548
0 0.213672 0.760030 0.024740 0.043091
0 0.170964 0.288757 0.024740 0.044577
0 0.069661 0.516345 0.023177 0.052006
0 0.811068 0.355126 0.024740 0.040614
0 0.533724 0.524022 0.029948 0.053492
0 0.363932 0.619861 0.026302 0.053987
0 0.344661 0.338039 0.024740 0.048044
0 0.561849 0.347202 0.028906 0.044577
0 0.238151 0.846459 0.025260 0.051511
0 0.639583 0.169391 0.021875 0.053492
0 0.958594 0.179049 0.026562 0.049034
0 0.419661 0.256810 0.024219 0.047053
0 0.612760 0.302873 0.023958 0.043091
0 0.214583 0.620109 0.024479 0.050520
0 0.466276 0.294948 0.023698 0.044081
0 0.237891 0.756563 0.023177 0.049034
0 0.318490 0.573304 0.025521 0.050025
0 0.095312 0.374938 0.024479 0.041605
0 0.581771 0.763497 0.023438 0.047053
0 0.784766 0.398465 0.027344 0.047053
0 0.559375 0.532937 0.025521 0.048539
0 0.882031 0.129024 0.026562 0.049034
0 0.959375 0.314264 0.027604 0.052997
0 0.532031 0.668648 0.028125 0.052501
0 0.559766 0.624567 0.024740 0.050520
0 0.953906 0.496533 0.023438 0.047053
0 0.734896 0.536404 0.026562 0.051511
0 0.735547 0.448489 0.026823 0.052997
0 0.493490 0.163447 0.025521 0.046558
0 0.163281 0.849430 0.023958 0.044577
0 0.682422 0.768945 0.023177 0.048044
0 0.682552 0.812283 0.023438 0.041605
0 0.610417 0.530708 0.026042 0.052006
0 0.489583 0.390540 0.025521 0.048044
0 0.735156 0.493314 0.026562 0.042595
0 0.904818 0.356117 0.024219 0.041605
0 0.606771 0.674591 0.022917 0.042595
0 0.316276 0.710500 0.023698 0.053987
0 0.585286 0.577266 0.023177 0.052997
0 0.461198 0.529718 0.023958 0.048044
0 0.688542 0.168153 0.025000 0.050025
0 0.536979 0.345716 0.023958 0.039624
0 0.906901 0.265973 0.026823 0.043586
0 0.704688 0.898960 0.023438 0.041605
0 0.705859 0.770926 0.024219 0.046062
0 0.287109 0.892273 0.024219 0.044081
0 0.733854 0.809807 0.027083 0.049529
0 0.858203 0.354136 0.027344 0.048539
0 0.191797 0.618623 0.022656 0.047548
0 0.114453 0.889549 0.028385 0.052501
0 0.742057 0.078009 0.027344 0.045072
0 0.261458 0.939822 0.021354 0.049034
0 0.615365 0.074789 0.025521 0.052501
0 0.858854 0.310550 0.025000 0.049529
0 0.680599 0.899208 0.024740 0.050025
0 0.119141 0.470035 0.024740 0.047548
0 0.218880 0.289995 0.025781 0.045072
0 0.212760 0.845716 0.023958 0.043091
0 0.488411 0.625310 0.027344 0.049034
0 0.414193 0.557454 0.029948 0.065874
0 0.533984 0.479445 0.024740 0.041605
0 0.349870 0.106488 0.022656 0.049529
0 0.784505 0.489846 0.026302 0.047548
0 0.562891 0.167410 0.024219 0.052501
0 0.586328 0.486627 0.022135 0.047053
0 0.073828 0.093115 0.029427 0.053492
0 0.537891 0.165428 0.021094 0.046558
0 0.606510 0.896236 0.027604 0.043091
0 0.908464 0.399208 0.023177 0.045567
0 0.710286 0.492323 0.024740 0.041605
0 0.238281 0.800149 0.023438 0.039128
0 0.586719 0.528975 0.026562 0.038633
0 0.557813 0.859584 0.022917 0.057949
0 0.959505 0.225854 0.028906 0.048539
0 0.512370 0.391035 0.022135 0.047053
0 0.928125 0.728083 0.027604 0.051511
0 0.069401 0.613670 0.020052 0.049529
0 0.855859 0.631996 0.028385 0.051511
0 0.112109 0.937593 0.025260 0.049529
0 0.186068 0.892026 0.023177 0.049529
0 0.272266 0.152055 0.022135 0.046558
0 0.631510 0.673601 0.025000 0.046558
0 0.733333 0.723130 0.026042 0.049529
0 0.188542 0.805102 0.021875 0.042100
0 0.122917 0.095592 0.026042 0.057454
0 0.858464 0.397474 0.024740 0.050025
0 0.584375 0.628529 0.022917 0.042595
0 0.319922 0.524765 0.024219 0.042100
0 0.489844 0.763744 0.031250 0.046558
0 0.363411 0.669886 0.027344 0.046062
0 0.579557 0.943289 0.025260 0.049034
0 0.488932 0.669638 0.027344 0.045567
0 0.531771 0.800892 0.027083 0.050520
0 0.857292 0.535414 0.031771 0.042595
0 0.559766 0.579000 0.026302 0.046558
0 0.811328 0.263497 0.024219 0.040614
0 0.168229 0.375186 0.025521 0.039128
0 0.581510 0.808321 0.021875 0.038633
0 0.289453 0.800149 0.024219 0.042100
0 0.855729 0.702823 0.025521 0.065379
0 0.459766 0.575780 0.024219 0.047053
0 0.367448 0.429916 0.029687 0.049529
0 0.488932 0.716691 0.028906 0.049529
0 0.514453 0.255820 0.022656 0.051015
0 0.366927 0.482912 0.028125 0.045567
0 0.610026 0.487618 0.024740 0.046062
0 0.681250 0.944775 0.023438 0.044081
0 0.188021 0.848687 0.023958 0.045072
0 0.411328 0.718177 0.030990 0.051511
0 0.262240 0.892521 0.022917 0.049529
0 0.466667 0.251610 0.021875 0.045567
0 0.582292 0.850669 0.026042 0.044081
0 0.958333 0.267707 0.026562 0.040119
0 0.162240 0.892769 0.023958 0.042100
0 0.185156 0.940069 0.022396 0.046558
0 0.785547 0.628529 0.031510 0.036652
0 0.286719 0.845963 0.026042 0.047548
0 0.681641 0.852650 0.024740 0.045072
0 0.317057 0.663695 0.024219 0.042595
0 0.588802 0.346211 0.022917 0.040614
0 0.365625 0.526498 0.028125 0.039624
0 0.114323 0.846459 0.027083 0.048539
0 0.044010 0.331600 0.024479 0.044081
0 0.313151 0.937841 0.025260 0.048044
0 0.705859 0.812531 0.022656 0.035166
0 0.459505 0.762011 0.025781 0.050025
0 0.483984 0.942298 0.027344 0.052997
0 0.490495 0.345716 0.026823 0.049529
0 0.160677 0.937841 0.024479 0.049034
0 0.043880 0.245914 0.027865 0.031204
0 0.468099 0.207281 0.021094 0.045072
0 0.315234 0.802873 0.022135 0.045567
0 0.655208 0.944032 0.026562 0.048539
0 0.316797 0.620109 0.021615 0.046558
0 0.732031 0.767211 0.021875 0.037642
0 0.490365 0.250371 0.027604 0.034175
0 0.323828 0.104012 0.022656 0.054482
0 0.261979 0.846954 0.021875 0.044577
0 0.583984 0.670381 0.023177 0.043091
0 0.315234 0.891530 0.027865 0.043586
0 0.315495 0.758544 0.022135 0.041109
0 0.369271 0.341753 0.024479 0.041605
0 0.491406 0.210005 0.023438 0.040614
0 0.443750 0.251610 0.025000 0.029718
0 0.491146 0.290490 0.025521 0.039128
0 0.685937 0.355869 0.023438 0.052006
0 0.531641 0.948737 0.026302 0.056959
0 0.783073 0.576771 0.028125 0.039128
0 0.956120 0.543834 0.024219 0.047548
0 0.044271 0.517831 0.020313 0.045072
0 0.606901 0.628777 0.022656 0.048044
0 0.368099 0.384349 0.033073 0.055473
0 0.217839 0.379396 0.024740 0.043586
0 0.416536 0.484646 0.023698 0.047053
0 0.486068 0.853888 0.028906 0.047548
0 0.492969 0.115651 0.027083 0.046062
0 0.580859 0.896979 0.023177 0.043586
0 0.514974 0.210500 0.020052 0.039624
0 0.487370 0.807330 0.028906 0.044577
0 0.514323 0.301882 0.018750 0.041109
0 0.557813 0.902427 0.023958 0.029718
0 0.855469 0.764240 0.025000 0.052501
0 0.784766 0.444527 0.026302 0.050025
0 0.557422 0.942298 0.023698 0.047053
0 0.559115 0.666667 0.023438 0.035661
0 0.485156 0.896236 0.028646 0.040119
0 0.857161 0.585191 0.025260 0.042100
0 0.516406 0.162704 0.021354 0.045072
0 0.351042 0.054730 0.028646 0.053987
0 0.514714 0.344477 0.021615 0.042100
0 0.473177 0.158247 0.017188 0.040119
0 0.316667 0.850916 0.029687 0.053492
0 0.491406 0.313274 0.028125 0.030213
0 0.556901 0.885835 0.022135 0.031204
0 0.496875 0.069837 0.021354 0.049529
