0 0.854167 0.034940 0.104167 0.055422
0 0.850000 0.098795 0.108333 0.055422
0 0.857292 0.229518 0.097917 0.059036
0 0.860417 0.289759 0.091667 0.054217
0 0.858333 0.350602 0.104167 0.050602
0 0.861458 0.409036 0.093750 0.037349
0 0.859375 0.470482 0.093750 0.063855
0 0.856250 0.534337 0.104167 0.046988
0 0.848958 0.592169 0.102083 0.049398
0 0.851042 0.650602 0.093750 0.057831
0 0.857292 0.710241 0.072917 0.044578
0 0.855208 0.765060 0.089583 0.048193
0 0.861458 0.822289 0.077083 0.051807
0 0.865625 0.890361 0.097917 0.055422
0 0.858333 0.949398 0.104167 0.050602
0 0.725000 0.041566 0.095833 0.039759
0 0.729167 0.105422 0.083333 0.049398
0 0.743750 0.160241 0.108333 0.050602
0 0.737500 0.224699 0.100000 0.044578
0 0.744792 0.280723 0.089583 0.050602
0 0.746875 0.346988 0.085417 0.050602
0 0.738542 0.405422 0.097917 0.044578
0 0.737500 0.472892 0.104167 0.054217
0 0.734375 0.531928 0.097917 0.049398
0 0.738542 0.592169 0.085417 0.054217
0 0.735417 0.648795 0.100000 0.037349
0 0.740625 0.710241 0.097917 0.054217
0 0.730208 0.771084 0.077083 0.053012
0 0.730208 0.829518 0.089583 0.063855
0 0.729167 0.890964 0.091667 0.046988
0 0.730208 0.948193 0.081250 0.038554
0 0.614583 0.039759 0.108333 0.062651
0 0.614583 0.105422 0.100000 0.042169
0 0.619792 0.160241 0.077083 0.055422
0 0.621875 0.219880 0.097917 0.049398
0 0.630208 0.285542 0.102083 0.053012
0 0.627083 0.344578 0.091667 0.055422
0 0.626042 0.415060 0.106250 0.061446
0 0.622917 0.469277 0.100000 0.030120
0 0.627083 0.524096 0.083333 0.055422
0 0.620833 0.593976 0.104167 0.057831
0 0.618750 0.652410 0.083333 0.054217
0 0.638542 0.711446 0.118750 0.049398
0 0.617708 0.767470 0.102083 0.048193
0 0.612500 0.824096 0.091667 0.057831
0 0.615625 0.886747 0.097917 0.045783
0 0.613542 0.950602 0.089583 0.053012
0 0.504167 0.036747 0.108333 0.044578
0 0.508333 0.110843 0.108333 0.062651
0 0.509375 0.167470 0.097917 0.053012
0 0.510417 0.220482 0.104167 0.050602
0 0.514583 0.284337 0.104167 0.048193
0 0.515625 0.340964 0.102083 0.045783
0 0.521875 0.405422 0.093750 0.059036
0 0.520833 0.468072 0.095833 0.051807
0 0.516667 0.528916 0.079167 0.055422
0 0.514583 0.593976 0.100000 0.060241
0 0.514583 0.654819 0.100000 0.054217
0 0.514583 0.711446 0.083333 0.051807
0 0.504167 0.769880 0.079167 0.048193
0 0.491667 0.824096 0.083333 0.050602
0 0.508333 0.890964 0.083333 0.051807
0 0.489583 0.948193 0.095833 0.043373
0 0.375000 0.042771 0.104167 0.049398
0 0.381250 0.106627 0.108333 0.051807
0 0.385417 0.162048 0.087500 0.046988
0 0.389583 0.219277 0.100000 0.033735
0 0.398958 0.284337 0.089583 0.053012
0 0.402083 0.345181 0.083333 0.046988
0 0.407292 0.401205 0.097917 0.045783
0 0.407292 0.472289 0.085417 0.053012
0 0.406250 0.530120 0.108333 0.045783
0 0.402083 0.593373 0.095833 0.059036
0 0.405208 0.648795 0.064583 0.037349
0 0.392708 0.713855 0.102083 0.056627
0 0.395833 0.766265 0.091667 0.053012
0 0.391667 0.825904 0.091667 0.049398
0 0.384375 0.883133 0.072917 0.053012
0 0.373958 0.950000 0.081250 0.056627
0 0.278125 0.040361 0.085417 0.051807
0 0.272917 0.110241 0.083333 0.059036
0 0.278125 0.168072 0.085417 0.046988
0 0.284375 0.222892 0.097917 0.040964
0 0.282292 0.284940 0.102083 0.049398
0 0.291667 0.340361 0.100000 0.054217
0 0.284375 0.408434 0.085417 0.038554
0 0.288542 0.469277 0.110417 0.056627
0 0.288542 0.529518 0.089583 0.049398
0 0.282292 0.588554 0.106250 0.056627
0 0.290625 0.650000 0.110417 0.059036
0 0.293750 0.708434 0.108333 0.057831
0 0.284375 0.761446 0.072917 0.045783
0 0.275000 0.828916 0.116667 0.050602
0 0.282292 0.884337 0.093750 0.024096
0 0.275000 0.943373 0.104167 0.055422
0 0.171875 0.040964 0.093750 0.053012
0 0.166667 0.096988 0.070833 0.049398
0 0.171875 0.157229 0.089583 0.049398
0 0.176042 0.228313 0.089583 0.054217
0 0.165625 0.290361 0.106250 0.045783
0 0.168750 0.348795 0.095833 0.051807
