0 0.680729 0.506229 0.023438 0.045300
0 0.213802 0.111268 0.020313 0.048131
0 0.126042 0.161948 0.022396 0.045300
0 0.277083 0.057758 0.021875 0.046433
0 0.563151 0.560023 0.021615 0.044168
0 0.808333 0.160815 0.018750 0.039638
0 0.865104 0.156569 0.021354 0.042469
0 0.953516 0.157418 0.022135 0.044168
0 0.353516 0.557475 0.022656 0.046999
0 0.095964 0.063986 0.021615 0.046433
0 0.859505 0.554077 0.025260 0.044734
0 0.572526 0.106455 0.023698 0.041903
0 0.354036 0.507928 0.021615 0.045300
0 0.425260 0.058041 0.019792 0.042469
0 0.622396 0.557758 0.019271 0.040770
0 0.039714 0.113533 0.021615 0.045866
0 0.632812 0.110419 0.022917 0.045300
0 0.243880 0.726217 0.016406 0.033409
0 0.343229 0.235561 0.016146 0.037373
0 0.483073 0.154870 0.020833 0.039071
0 0.444661 0.561438 0.021094 0.044734
0 0.754687 0.109003 0.021875 0.043601
0 0.324740 0.509343 0.021354 0.048131
0 0.680339 0.558607 0.021615 0.043601
0 0.808724 0.063137 0.019531 0.042469
0 0.949349 0.505946 0.022135 0.041336
0 0.923177 0.159117 0.020833 0.043035
0 0.593880 0.561438 0.022135 0.044734
0 0.426172 0.157701 0.021615 0.042469
0 0.245964 0.110419 0.020052 0.045300
0 0.864844 0.108720 0.022917 0.038505
0 0.600521 0.054926 0.020313 0.045300
0 0.631641 0.055493 0.023177 0.046433
0 0.184896 0.060023 0.022917 0.041903
0 0.264062 0.515572 0.019271 0.041336
0 0.155078 0.109570 0.019531 0.045866
0 0.722526 0.057758 0.023698 0.048698
0 0.895833 0.155719 0.020833 0.050963
0 0.650651 0.609853 0.020573 0.043035
0 0.663802 0.159117 0.020313 0.041903
0 0.155339 0.160815 0.021615 0.049830
0 0.236198 0.514156 0.021875 0.048698
0 0.919922 0.605606 0.021094 0.042469
0 0.829427 0.505096 0.020833 0.044168
0 0.953906 0.109003 0.022396 0.040204
0 0.691146 0.117497 0.020833 0.036806
0 0.096484 0.163364 0.019010 0.041336
0 0.425651 0.109570 0.020573 0.041336
0 0.541406 0.105606 0.020833 0.039071
0 0.650130 0.510193 0.021615 0.047565
0 0.394401 0.109853 0.018490 0.045300
0 0.572526 0.054643 0.023698 0.043601
0 0.445443 0.507928 0.021094 0.046433
0 0.835807 0.110985 0.020052 0.044168
0 0.511458 0.062288 0.021354 0.040770
0 0.563281 0.609853 0.020313 0.043035
0 0.928516 0.349094 0.016406 0.035674
0 0.295964 0.511042 0.020052 0.042469
0 0.889193 0.553794 0.022656 0.044168
0 0.541536 0.057758 0.022135 0.045300
0 0.474349 0.559173 0.020052 0.044734
0 0.572526 0.152605 0.021094 0.043601
0 0.781250 0.160249 0.020833 0.039638
0 0.691406 0.050963 0.020833 0.037373
0 0.601823 0.106172 0.018750 0.040204
0 0.691927 0.156002 0.019792 0.040204
0 0.482812 0.056908 0.021875 0.042469
0 0.067318 0.114100 0.020573 0.045866
0 0.709635 0.604473 0.021875 0.041336
0 0.185156 0.110419 0.020313 0.041903
0 0.155599 0.062288 0.021094 0.046433
0 0.125521 0.065119 0.019792 0.038505
0 0.383594 0.613817 0.021354 0.043035
0 0.246875 0.161665 0.019792 0.036806
0 0.244141 0.764723 0.017448 0.037939
0 0.895443 0.105606 0.020052 0.042469
0 0.866406 0.061155 0.022396 0.049830
0 0.562630 0.506512 0.021094 0.046999
0 0.095573 0.112967 0.018229 0.042469
0 0.798698 0.554077 0.020833 0.048131
0 0.728516 0.238392 0.017448 0.036240
0 0.126302 0.110419 0.019271 0.043035
0 0.828906 0.604473 0.020833 0.041336
0 0.352865 0.609003 0.020313 0.041336
0 0.859635 0.606172 0.020833 0.042469
0 0.512630 0.159400 0.019531 0.042469
0 0.504818 0.504813 0.020573 0.045866
0 0.722526 0.156569 0.020573 0.040204
0 0.919401 0.554643 0.020052 0.037939
0 0.277344 0.108437 0.020313 0.040204
0 0.343099 0.270668 0.014844 0.031710
0 0.382943 0.507928 0.020052 0.044168
0 0.265885 0.561155 0.020313 0.048698
0 0.923828 0.058041 0.021615 0.045866
0 0.899870 0.351076 0.016406 0.032843
0 0.325260 0.557191 0.019792 0.046433
0 0.236198 0.565119 0.019792 0.044168
0 0.245703 0.057758 0.018490 0.045300
0 0.186068 0.161948 0.021094 0.040770
0 0.413802 0.610419 0.020833 0.043035
0 0.836068 0.158834 0.019531 0.042469
0 0.336979 0.155153 0.020833 0.040770
0 0.757292 0.204134 0.017188 0.032276
0 0.191667 0.348528 0.016146 0.032276
0 0.798438 0.504813 0.018229 0.041336
0 0.474349 0.608720 0.020052 0.040770
0 0.542448 0.154870 0.019271 0.040204
0 0.639974 0.240091 0.016406 0.037373
0 0.039453 0.065968 0.020573 0.040204
0 0.214062 0.161382 0.017188 0.040770
0 0.474740 0.503964 0.019792 0.046433
0 0.213672 0.062288 0.018490 0.037373
0 0.335677 0.106172 0.019792 0.048131
0 0.828776 0.554360 0.020573 0.045300
0 0.710026 0.553794 0.023177 0.044168
0 0.766146 0.501133 0.019792 0.044168
0 0.895833 0.058607 0.021354 0.041336
0 0.449479 0.725934 0.014583 0.036240
0 0.449089 0.761891 0.014844 0.032276
0 0.622526 0.604473 0.017448 0.048131
0 0.305990 0.105889 0.019271 0.045300
0 0.068229 0.164496 0.019271 0.048131
0 0.395573 0.157135 0.018750 0.035674
0 0.307682 0.159400 0.021094 0.048131
0 0.517057 0.240091 0.020052 0.037373
0 0.716406 0.726217 0.016146 0.034541
0 0.663932 0.108437 0.020573 0.046999
0 0.368099 0.108154 0.020573 0.039638
0 0.323698 0.607022 0.020313 0.044168
0 0.920573 0.508494 0.017188 0.046433
0 0.757292 0.276048 0.016146 0.034541
0 0.639583 0.276048 0.016146 0.032276
0 0.784766 0.276897 0.015885 0.035108
0 0.601302 0.156285 0.018229 0.043035
0 0.632552 0.159966 0.018229 0.043601
0 0.296094 0.558607 0.021354 0.044734
0 0.947917 0.600510 0.020313 0.042469
0 0.504427 0.607305 0.019792 0.044734
0 0.535677 0.607305 0.020313 0.043601
0 0.482422 0.105889 0.019531 0.043035
0 0.445052 0.607871 0.019792 0.040204
0 0.736589 0.504247 0.018490 0.046999
0 0.454948 0.156852 0.019792 0.040770
0 0.505078 0.556059 0.020573 0.044168
0 0.103906 0.387033 0.016146 0.031144
0 0.296354 0.612401 0.020313 0.044734
0 0.738151 0.554643 0.020573 0.043601
0 0.784505 0.313703 0.014844 0.035108
0 0.276953 0.157701 0.020052 0.045866
0 0.948828 0.552945 0.019531 0.039071
0 0.367318 0.157135 0.020573 0.041336
0 0.237891 0.612118 0.020573 0.044168
0 0.925130 0.681200 0.015365 0.031710
0 0.836589 0.795300 0.016927 0.034541
0 0.716797 0.798131 0.017448 0.033409
0 0.682292 0.608437 0.023958 0.040204
0 0.805339 0.759343 0.016406 0.035108
0 0.512760 0.108720 0.021354 0.040770
0 0.414714 0.509060 0.020052 0.038505
0 0.535677 0.566818 0.020313 0.036240
0 0.835807 0.060589 0.017448 0.046433
0 0.662109 0.063986 0.017448 0.040770
0 0.867188 0.795017 0.016146 0.032843
0 0.066536 0.064270 0.018490 0.040204
0 0.336589 0.056059 0.021615 0.043035
0 0.593750 0.610419 0.019792 0.040770
0 0.784245 0.349377 0.016406 0.033975
0 0.805339 0.795583 0.016406 0.035108
0 0.592708 0.508777 0.018750 0.045866
0 0.768099 0.607305 0.020052 0.041336
0 0.270573 0.763873 0.016146 0.031710
0 0.766667 0.550396 0.019792 0.043035
0 0.737891 0.606738 0.020052 0.039071
0 0.401172 0.234145 0.016927 0.032276
0 0.708984 0.504247 0.019010 0.042469
0 0.313802 0.309456 0.015625 0.034541
0 0.716536 0.761608 0.015885 0.036240
0 0.606120 0.347112 0.015885 0.033975
0 0.329036 0.763024 0.016406 0.033409
0 0.746224 0.759909 0.015885 0.030578
0 0.534896 0.532276 0.017708 0.033975
0 0.312891 0.236976 0.015365 0.032276
0 0.244010 0.689694 0.016146 0.033975
0 0.867188 0.758494 0.015104 0.033409
0 0.928385 0.237542 0.016146 0.035674
0 0.798828 0.603341 0.019531 0.044734
0 0.535026 0.498867 0.017448 0.033975
0 0.757552 0.239807 0.015625 0.036806
0 0.430990 0.309173 0.016146 0.031710
0 0.640365 0.352208 0.017188 0.036240
0 0.757682 0.352492 0.016927 0.033409
0 0.243229 0.802378 0.016146 0.033975
0 0.670182 0.390147 0.018490 0.030578
0 0.621224 0.513024 0.017969 0.038505
0 0.189062 0.201869 0.015104 0.032276
0 0.519401 0.279445 0.016406 0.034541
0 0.418880 0.762174 0.015885 0.032843
0 0.221224 0.351642 0.016927 0.033975
0 0.389583 0.804643 0.015104 0.030578
0 0.753906 0.058041 0.021875 0.041336
0 0.312760 0.200736 0.016667 0.033409
0 0.697917 0.238392 0.016146 0.031710
0 0.568490 0.761042 0.016146 0.032843
0 0.836068 0.759343 0.016406 0.033975
0 0.270182 0.803228 0.017448 0.036806
0 0.301302 0.763590 0.015104 0.034541
0 0.758073 0.387599 0.017708 0.030011
0 0.305469 0.057191 0.020833 0.041903
0 0.805599 0.831540 0.016927 0.032276
0 0.924089 0.109853 0.020573 0.044168
0 0.479167 0.799830 0.016667 0.034541
0 0.389323 0.771518 0.014583 0.036806
0 0.839974 0.312005 0.019531 0.035108
0 0.220964 0.389298 0.017448 0.030011
0 0.860026 0.502265 0.017969 0.046433
0 0.075521 0.350510 0.016146 0.033975
0 0.254036 0.348528 0.016927 0.034541
0 0.539583 0.801529 0.015625 0.028879
0 0.753646 0.157135 0.020833 0.042469
0 0.510026 0.761042 0.017448 0.035108
0 0.745703 0.796716 0.016406 0.032843
0 0.448698 0.799264 0.015625 0.032276
0 0.700000 0.352775 0.016146 0.032843
0 0.669531 0.313420 0.016146 0.031144
0 0.394792 0.058041 0.018750 0.037939
0 0.419401 0.724236 0.016927 0.035108
0 0.597135 0.759909 0.015625 0.035108
0 0.639974 0.312288 0.015365 0.033409
0 0.567839 0.838335 0.018490 0.030011
0 0.343490 0.306342 0.014063 0.032843
0 0.576823 0.311438 0.015104 0.031710
0 0.899219 0.277180 0.015625 0.034541
0 0.271094 0.728199 0.015625 0.035108
0 0.730078 0.350793 0.016927 0.033409
0 0.519792 0.349094 0.015104 0.033409
0 0.266797 0.609570 0.020573 0.042469
0 0.870573 0.201586 0.018229 0.033975
0 0.489323 0.346546 0.016667 0.031710
0 0.757682 0.313420 0.015885 0.034541
0 0.927604 0.201869 0.016146 0.032276
0 0.896354 0.777180 0.015625 0.032276
0 0.872005 0.348811 0.016406 0.032843
0 0.691667 0.083805 0.020313 0.035108
0 0.479687 0.725651 0.016146 0.035674
0 0.103125 0.353058 0.016667 0.034541
0 0.283333 0.288788 0.017188 0.038505
0 0.313281 0.346546 0.016667 0.033975
0 0.358984 0.763024 0.016927 0.035674
0 0.244271 0.840883 0.018229 0.031710
0 0.075521 0.390430 0.017708 0.031144
0 0.889974 0.603341 0.019010 0.046999
0 0.925911 0.716874 0.015885 0.035108
0 0.390495 0.729615 0.015365 0.034541
0 0.957943 0.333239 0.016927 0.034541
0 0.193099 0.387316 0.018490 0.035108
0 0.479818 0.762741 0.016406 0.035108
0 0.271094 0.691110 0.017188 0.034541
0 0.730078 0.385617 0.017448 0.032843
0 0.460026 0.271801 0.016406 0.032843
0 0.746745 0.724519 0.014323 0.030011
0 0.729036 0.275198 0.016406 0.032843
0 0.576953 0.347395 0.015885 0.033409
0 0.953516 0.058607 0.020052 0.041336
0 0.488151 0.198754 0.016406 0.031710
0 0.747135 0.832673 0.018750 0.034541
0 0.358464 0.841166 0.016927 0.031144
0 0.813021 0.275198 0.015625 0.035108
0 0.401302 0.271801 0.015625 0.033975
0 0.779167 0.063137 0.018750 0.048131
0 0.959505 0.240091 0.016406 0.036240
0 0.900000 0.239241 0.016146 0.037939
0 0.242448 0.654304 0.017708 0.035674
0 0.373568 0.307758 0.015885 0.030011
0 0.283464 0.332106 0.016927 0.033409
0 0.358333 0.801246 0.015625 0.030578
0 0.133984 0.279162 0.016406 0.031710
0 0.104297 0.315402 0.016927 0.032843
0 0.898958 0.313986 0.016146 0.036806
0 0.342187 0.199604 0.016146 0.033409
0 0.134245 0.350793 0.016406 0.032276
0 0.626042 0.652322 0.015625 0.033975
0 0.568880 0.724802 0.016406 0.032843
0 0.871094 0.315402 0.015104 0.032843
0 0.299870 0.654587 0.016406 0.035108
0 0.538542 0.723669 0.016667 0.036240
0 0.431120 0.271801 0.014844 0.035108
0 0.728516 0.201869 0.016927 0.032276
0 0.459635 0.234145 0.015104 0.034541
0 0.870833 0.276897 0.017188 0.033975
0 0.401042 0.306059 0.015625 0.032276
0 0.330078 0.838618 0.017448 0.030578
0 0.837370 0.831540 0.018490 0.032276
0 0.900521 0.387599 0.016667 0.032276
0 0.548047 0.237542 0.016927 0.037939
0 0.343099 0.343431 0.016406 0.034541
0 0.453516 0.059173 0.018490 0.044734
0 0.038802 0.166195 0.018750 0.040204
0 0.359115 0.692242 0.016667 0.036806
0 0.597786 0.723386 0.015365 0.034541
0 0.669792 0.238675 0.016146 0.037939
0 0.073828 0.244054 0.015365 0.036240
0 0.519792 0.313137 0.015104 0.029445
0 0.697135 0.203284 0.016146 0.031710
0 0.301042 0.728199 0.014583 0.035108
0 0.313151 0.274632 0.016406 0.030578
0 0.810937 0.383635 0.018750 0.034541
0 0.047135 0.391563 0.019792 0.035674
0 0.329818 0.728482 0.016927 0.035674
0 0.389323 0.840883 0.018229 0.033975
0 0.300651 0.801812 0.016927 0.036240
0 0.458984 0.198754 0.015885 0.035108
0 0.839974 0.203567 0.016927 0.032276
0 0.668880 0.276331 0.015885 0.032843
0 0.163411 0.390430 0.015885 0.028879
0 0.509375 0.800396 0.015104 0.030011
0 0.328906 0.800963 0.017188 0.033409
0 0.538802 0.652605 0.018750 0.036806
0 0.314063 0.384202 0.018229 0.033409
0 0.301823 0.840034 0.017188 0.030011
0 0.418880 0.840317 0.019010 0.032843
0 0.547656 0.273783 0.016667 0.032276
0 0.575911 0.198754 0.015365 0.031710
0 0.254167 0.386183 0.017708 0.033975
0 0.928385 0.274349 0.015625 0.035674
0 0.489193 0.309740 0.016406 0.030578
0 0.811589 0.311438 0.015885 0.032843
0 0.389974 0.691393 0.015365 0.032843
0 0.430469 0.344847 0.016146 0.035108
0 0.046224 0.350793 0.016406 0.033409
0 0.430469 0.233862 0.015104 0.030578
0 0.700651 0.389298 0.016927 0.031144
0 0.190104 0.238675 0.016146 0.034541
0 0.960026 0.200170 0.015885 0.032276
0 0.329948 0.690544 0.015625 0.036806
0 0.717057 0.833805 0.016927 0.030011
0 0.373047 0.344564 0.015885 0.034541
0 0.669010 0.350793 0.017188 0.032276
0 0.812240 0.204983 0.017188 0.035108
0 0.841276 0.275198 0.016406 0.033975
0 0.548698 0.348245 0.016146 0.033975
0 0.867969 0.829558 0.017188 0.030578
0 0.449479 0.838618 0.016146 0.029445
0 0.075260 0.313137 0.014583 0.033975
0 0.546484 0.199320 0.016406 0.031710
0 0.775391 0.832390 0.019010 0.031710
0 0.133984 0.315402 0.017969 0.035108
0 0.509375 0.839185 0.017708 0.029445
0 0.842187 0.385617 0.016146 0.030578
0 0.517057 0.201869 0.016406 0.032276
0 0.480078 0.688562 0.015885 0.036240
0 0.810417 0.347112 0.016146 0.030578
0 0.698698 0.276331 0.015625 0.032843
0 0.929688 0.386467 0.016146 0.031144
0 0.539453 0.837769 0.017448 0.030011
0 0.605469 0.273783 0.016146 0.033409
0 0.191016 0.312288 0.015885 0.032276
0 0.072786 0.208097 0.014323 0.033409
0 0.134115 0.242922 0.016146 0.036240
0 0.729688 0.312854 0.015104 0.034541
0 0.163672 0.351642 0.015885 0.032843
0 0.772526 0.647792 0.016406 0.032843
0 0.401562 0.343148 0.016667 0.035108
0 0.162891 0.240940 0.015365 0.032276
0 0.923568 0.644960 0.014844 0.036240
0 0.928125 0.311721 0.015625 0.032276
0 0.871745 0.385334 0.016406 0.028879
0 0.926302 0.791619 0.015625 0.033975
0 0.358854 0.728199 0.016146 0.030578
0 0.577344 0.274915 0.015625 0.034541
0 0.254427 0.275764 0.015104 0.031710
0 0.164323 0.314270 0.016146 0.030578
0 0.284375 0.384485 0.017708 0.030578
0 0.835807 0.722254 0.015365 0.033409
0 0.894401 0.648075 0.015885 0.034541
0 0.548438 0.311155 0.014583 0.031144
0 0.489844 0.381937 0.017708 0.030011
0 0.567839 0.797565 0.015885 0.033409
0 0.639062 0.203284 0.016146 0.032843
0 0.429557 0.384202 0.020573 0.036806
0 0.605208 0.310872 0.016146 0.032843
0 0.418620 0.800113 0.016406 0.035108
0 0.598828 0.836636 0.017969 0.033409
0 0.841667 0.349377 0.016667 0.035108
0 0.461068 0.309740 0.015885 0.029445
0 0.577604 0.240091 0.016667 0.031710
0 0.389583 0.657418 0.016146 0.031710
0 0.429948 0.199887 0.017188 0.030578
0 0.605729 0.236976 0.016667 0.032276
0 0.489063 0.234145 0.015625 0.033409
0 0.163411 0.277746 0.014844 0.032276
0 0.074740 0.278313 0.014063 0.028879
0 0.300651 0.690827 0.014844 0.032843
0 0.699870 0.313420 0.015365 0.031144
0 0.898958 0.201869 0.015104 0.028879
0 0.597656 0.798131 0.015104 0.034541
0 0.448958 0.690544 0.015625 0.031144
0 0.866667 0.723103 0.016667 0.033975
0 0.272656 0.840034 0.017188 0.031144
0 0.479557 0.839185 0.016406 0.031710
0 0.220964 0.312288 0.015365 0.028879
0 0.402344 0.383352 0.017708 0.029445
0 0.785417 0.386750 0.015625 0.032843
0 0.461068 0.345413 0.016927 0.032843
0 0.889323 0.506512 0.018750 0.037939
0 0.254427 0.310306 0.016146 0.031710
0 0.343750 0.383635 0.016146 0.030011
0 0.045573 0.316535 0.015625 0.031710
0 0.269141 0.651755 0.017448 0.032843
0 0.045182 0.280861 0.015365 0.031710
0 0.606901 0.384768 0.017969 0.033409
0 0.520182 0.386183 0.016927 0.031710
0 0.373568 0.381087 0.017448 0.032843
0 0.373568 0.234994 0.014844 0.030578
0 0.870964 0.237826 0.016406 0.033975
0 0.489323 0.270668 0.014063 0.032843
0 0.400781 0.200736 0.015625 0.031144
0 0.812370 0.240374 0.016406 0.027746
0 0.220833 0.278029 0.014583 0.031710
0 0.835677 0.682333 0.014583 0.037373
0 0.374219 0.272084 0.015104 0.032276
0 0.714583 0.651472 0.016146 0.034541
0 0.895573 0.682050 0.015625 0.035674
0 0.687500 0.836353 0.017188 0.029445
0 0.641146 0.387033 0.016146 0.030011
0 0.773307 0.684881 0.016406 0.035674
0 0.716016 0.689128 0.015885 0.035108
0 0.804297 0.644394 0.013281 0.029445
0 0.840495 0.237542 0.016406 0.034541
0 0.366797 0.056342 0.018490 0.031144
0 0.549089 0.385051 0.016927 0.031710
0 0.669010 0.201302 0.015104 0.028879
0 0.510417 0.724802 0.015625 0.035108
0 0.745443 0.689694 0.016927 0.031710
0 0.283073 0.202152 0.015104 0.028313
0 0.327734 0.653171 0.016927 0.034541
0 0.510417 0.649207 0.016146 0.035674
0 0.774609 0.778879 0.015365 0.032276
0 0.538802 0.762458 0.015625 0.033409
0 0.927083 0.827576 0.016667 0.030011
0 0.955469 0.645243 0.014583 0.030011
0 0.686589 0.786523 0.016406 0.031710
0 0.044922 0.245470 0.015365 0.032276
0 0.568750 0.687995 0.015104 0.036240
0 0.805078 0.723103 0.015885 0.033975
0 0.255078 0.236976 0.015885 0.031144
0 0.773828 0.734428 0.015365 0.036240
0 0.865495 0.682899 0.015885 0.031710
0 0.577734 0.386750 0.016406 0.029445
0 0.135286 0.389298 0.015365 0.030011
0 0.785677 0.238958 0.015625 0.033975
0 0.190885 0.275198 0.014063 0.028313
0 0.958203 0.385900 0.016406 0.030011
0 0.162240 0.206116 0.014583 0.033975
0 0.103516 0.280861 0.016406 0.029445
0 0.461979 0.382786 0.016667 0.029445
0 0.926042 0.754530 0.015104 0.032276
0 0.958594 0.288505 0.016146 0.040204
0 0.448568 0.652888 0.014323 0.035108
0 0.510547 0.686580 0.015365 0.028879
0 0.835417 0.645243 0.014063 0.028879
0 0.657552 0.832673 0.017708 0.031144
0 0.101953 0.242072 0.015365 0.034541
0 0.686979 0.741506 0.016667 0.041336
0 0.283073 0.237826 0.015625 0.029445
0 0.597656 0.688562 0.014063 0.029445
0 0.252083 0.202435 0.017708 0.032276
0 0.626432 0.785674 0.015885 0.034541
0 0.419531 0.686580 0.015104 0.027746
0 0.804297 0.683465 0.012760 0.027180
0 0.656120 0.734994 0.017969 0.035108
0 0.864583 0.649207 0.016146 0.028879
0 0.220573 0.241789 0.015625 0.027180
0 0.628125 0.832673 0.017708 0.035674
0 0.357812 0.655436 0.016146 0.034541
0 0.596745 0.650057 0.013802 0.026048
0 0.100000 0.203851 0.015104 0.037373
0 0.044401 0.210929 0.014844 0.030011
0 0.655990 0.784541 0.017708 0.035674
0 0.626563 0.686580 0.014063 0.027746
0 0.895703 0.828709 0.016927 0.031144
0 0.626432 0.744337 0.016406 0.050396
0 0.417708 0.652039 0.017188 0.028879
0 0.218750 0.206116 0.015625 0.035108
0 0.895312 0.740091 0.016146 0.038505
0 0.785807 0.204134 0.014323 0.025481
0 0.539714 0.685730 0.014323 0.029445
0 0.374219 0.197622 0.015625 0.032843
0 0.133724 0.203567 0.012760 0.026614
0 0.480339 0.649490 0.014844 0.026048
0 0.606901 0.197339 0.013802 0.027746
0 0.656380 0.687429 0.015365 0.030578
0 0.568229 0.650906 0.015104 0.024349
0 0.686849 0.689128 0.014844 0.031710
0 0.745052 0.651189 0.015104 0.027180
0 0.684896 0.651755 0.015625 0.031710
0 0.955599 0.681767 0.015365 0.031710
0 0.956641 0.779445 0.015365 0.032276
0 0.956510 0.735561 0.016146 0.030578
0 0.654948 0.650623 0.015625 0.026048
0 0.956901 0.830974 0.015885 0.023216
