0 0.276582 0.684970 0.027113 0.028056
0 0.465976 0.335070 0.024987 0.025384
0 0.884835 0.761924 0.029107 0.029125
0 0.912679 0.064262 0.025253 0.025117
0 0.701356 0.738210 0.024987 0.024449
0 0.597222 0.550969 0.022993 0.025117
0 0.888424 0.061256 0.024056 0.020975
0 0.598684 0.307148 0.024322 0.026453
0 0.944112 0.090581 0.028575 0.024582
0 0.830742 0.442819 0.022461 0.026052
0 0.413012 0.090114 0.024588 0.025785
0 0.572169 0.089112 0.024455 0.026453
0 0.623339 0.684970 0.025784 0.025651
0 0.546119 0.118437 0.027379 0.027121
0 0.227339 0.499532 0.026183 0.024582
0 0.805423 0.709619 0.022329 0.027121
0 0.675704 0.683834 0.026050 0.026587
0 0.257775 0.088577 0.022727 0.025651
0 0.649654 0.847161 0.027379 0.027255
0 0.383772 0.526520 0.026715 0.025117
0 0.437267 0.686573 0.023392 0.023781
0 0.385300 0.361323 0.024189 0.024983
0 0.858254 0.761456 0.023791 0.025251
0 0.945043 0.063928 0.032562 0.025251
0 0.626329 0.117836 0.025917 0.026720
0 0.304160 0.768537 0.026449 0.030060
0 0.834530 0.255244 0.023392 0.025251
0 0.152313 0.087575 0.025518 0.027388
0 0.331805 0.846293 0.028044 0.027923
0 0.304226 0.580227 0.026050 0.024582
0 0.571903 0.524449 0.023923 0.027923
0 0.570574 0.062993 0.024987 0.023647
0 0.436736 0.658851 0.025253 0.025251
0 0.855595 0.575418 0.023259 0.026453
0 0.858519 0.708083 0.025917 0.024850
0 0.677897 0.926787 0.024854 0.025651
0 0.779373 0.684168 0.025784 0.025651
0 0.467105 0.063794 0.024854 0.029259
0 0.569843 0.711556 0.026183 0.027522
0 0.439195 0.416967 0.027512 0.025919
0 0.542132 0.847695 0.025518 0.024850
0 0.807283 0.359653 0.025253 0.022178
0 0.516879 0.498664 0.022329 0.024182
0 0.438198 0.090381 0.024721 0.028991
0 0.862041 0.062057 0.023126 0.026854
0 0.304891 0.607949 0.023923 0.028724
0 0.911085 0.680828 0.024987 0.023246
0 0.171252 0.685905 0.028575 0.028056
0 0.223551 0.793721 0.024987 0.027789
0 0.780768 0.333601 0.023525 0.024315
0 0.385234 0.256379 0.022727 0.024850
0 0.145933 0.525985 0.024189 0.027255
0 0.436337 0.929526 0.024721 0.026052
0 0.438929 0.254643 0.025120 0.024315
0 0.726874 0.441550 0.023923 0.026453
0 0.335991 0.062191 0.025518 0.024716
0 0.412347 0.227989 0.024322 0.024182
0 0.779506 0.737542 0.023923 0.028190
0 0.572501 0.146560 0.028044 0.029125
0 0.543328 0.525585 0.021531 0.024850
0 0.097687 0.116500 0.026582 0.028056
0 0.410686 0.416032 0.026582 0.026987
0 0.489833 0.608216 0.024588 0.026052
0 0.491029 0.471810 0.025120 0.024182
0 0.518474 0.388644 0.026582 0.027255
0 0.490431 0.660387 0.027645 0.025117
0 0.701887 0.496192 0.025518 0.025651
0 0.200890 0.605745 0.028841 0.026453
0 0.517677 0.526186 0.023923 0.026854
0 0.832204 0.762725 0.022993 0.024850
0 0.650452 0.416032 0.024721 0.027522
0 0.754253 0.359853 0.021797 0.024182
0 0.780968 0.307348 0.023923 0.025251
0 0.203150 0.279826 0.025385 0.023113
0 0.597422 0.388176 0.023923 0.023113
0 0.278243 0.525585 0.025651 0.026987
0 0.675704 0.551169 0.023658 0.025251
0 0.383905 0.390715 0.024056 0.026052
0 0.730396 0.062525 0.025120 0.025919
0 0.331871 0.609285 0.025253 0.025785
0 0.703150 0.280361 0.024056 0.024716
0 0.679027 0.091583 0.027113 0.024983
0 0.676568 0.845758 0.025917 0.031129
0 0.334264 0.332999 0.021797 0.026319
0 0.943979 0.816500 0.031765 0.027388
0 0.464248 0.498464 0.024189 0.023514
0 0.754851 0.925852 0.022196 0.024850
0 0.883905 0.733467 0.024322 0.026720
0 0.569976 0.416232 0.023525 0.026319
0 0.700824 0.658116 0.021797 0.024850
0 0.542796 0.660053 0.022063 0.026052
0 0.201090 0.418637 0.026316 0.026854
0 0.206805 0.060254 0.026582 0.027255
0 0.807018 0.385304 0.025784 0.025117
0 0.249734 0.659653 0.025253 0.025251
0 0.573166 0.117234 0.026183 0.026052
0 0.545189 0.442752 0.024721 0.024850
0 0.333134 0.443955 0.024056 0.024582
0 0.177632 0.147228 0.022727 0.026987
0 0.280635 0.416500 0.024056 0.029259
0 0.832270 0.789579 0.024455 0.025384
0 0.597554 0.711757 0.027379 0.026587
0 0.543461 0.552037 0.025253 0.024315
0 0.833267 0.307415 0.021664 0.025384
0 0.303695 0.929993 0.024455 0.026720
0 0.437002 0.551436 0.024189 0.024716
0 0.780702 0.792385 0.024721 0.026186
0 0.388158 0.118170 0.023525 0.024983
0 0.410952 0.360053 0.024987 0.025651
0 0.571704 0.307348 0.028309 0.024716
0 0.280901 0.471610 0.029373 0.026453
0 0.222887 0.686440 0.023126 0.026453
0 0.912480 0.842151 0.024588 0.026052
0 0.886098 0.253373 0.026316 0.024449
0 0.143075 0.685838 0.025120 0.024716
0 0.779240 0.470207 0.023392 0.027388
0 0.729599 0.091049 0.023525 0.027121
0 0.912547 0.812425 0.024987 0.024582
0 0.169790 0.768003 0.025120 0.028724
0 0.831606 0.415631 0.023392 0.024582
0 0.545455 0.089379 0.022594 0.028056
0 0.520335 0.145892 0.026316 0.027522
0 0.412281 0.307816 0.026582 0.025651
0 0.809277 0.091450 0.026316 0.027388
0 0.704280 0.117902 0.022594 0.023914
0 0.225611 0.527121 0.026183 0.026854
0 0.333200 0.528925 0.026050 0.027522
0 0.251994 0.605812 0.025253 0.027655
0 0.334064 0.417301 0.023259 0.025785
0 0.516348 0.819572 0.024721 0.025785
0 0.177831 0.116834 0.024455 0.027121
0 0.625332 0.306880 0.026316 0.025384
0 0.675439 0.817034 0.024987 0.024182
0 0.705144 0.089512 0.023525 0.023514
0 0.437467 0.631730 0.026715 0.026587
0 0.857921 0.817769 0.023126 0.022979
0 0.627259 0.061456 0.025120 0.023781
0 0.755051 0.844756 0.024987 0.022979
0 0.624402 0.712759 0.024189 0.026987
0 0.887161 0.869071 0.026582 0.026453
0 0.436802 0.846894 0.026449 0.028591
0 0.649920 0.578090 0.025518 0.026987
0 0.248937 0.712291 0.022860 0.023914
0 0.152911 0.056246 0.027512 0.025919
0 0.463517 0.579426 0.024056 0.022712
0 0.913676 0.091516 0.028309 0.028858
0 0.596093 0.899599 0.025518 0.025518
0 0.491760 0.334536 0.026847 0.025384
0 0.436404 0.712358 0.025917 0.022979
0 0.146664 0.554242 0.025385 0.026319
0 0.755183 0.200802 0.026316 0.026720
0 0.124801 0.115364 0.024455 0.027655
0 0.409556 0.741817 0.025651 0.026319
0 0.170654 0.658584 0.026582 0.025785
0 0.650518 0.470741 0.024056 0.023113
0 0.281699 0.227589 0.026183 0.029259
0 0.808745 0.062458 0.024721 0.028724
0 0.332004 0.713093 0.027113 0.026854
0 0.623339 0.389913 0.023126 0.025251
0 0.544125 0.361857 0.024189 0.026587
0 0.596026 0.738945 0.022993 0.026453
0 0.178230 0.200601 0.025253 0.026319
0 0.117026 0.553173 0.028044 0.026854
0 0.465577 0.198931 0.024721 0.024850
0 0.649787 0.498263 0.023126 0.023380
0 0.147727 0.387442 0.025120 0.025919
0 0.753721 0.873280 0.024189 0.024983
0 0.490564 0.685772 0.026847 0.024850
0 0.754918 0.900534 0.023126 0.024182
0 0.596093 0.819706 0.025253 0.023914
0 0.384104 0.417836 0.022860 0.022044
0 0.411284 0.281630 0.025120 0.025384
0 0.651648 0.117568 0.023126 0.026720
0 0.567916 0.847829 0.022594 0.027255
0 0.832204 0.842819 0.024056 0.024182
0 0.571372 0.361256 0.023923 0.025117
0 0.728004 0.387709 0.025651 0.024048
0 0.146531 0.417502 0.023791 0.026453
0 0.569910 0.388577 0.024455 0.027655
0 0.174508 0.472478 0.023126 0.027655
0 0.624136 0.629860 0.024987 0.022846
0 0.883307 0.442418 0.024455 0.025785
0 0.835128 0.176219 0.024588 0.025384
0 0.783692 0.146426 0.025120 0.022178
0 0.728336 0.898864 0.022860 0.027789
0 0.938065 0.624916 0.027911 0.024983
0 0.599282 0.147027 0.022594 0.025785
0 0.857323 0.626319 0.022196 0.024850
0 0.408892 0.930327 0.024854 0.024182
0 0.203216 0.305878 0.026050 0.026319
0 0.650385 0.711957 0.024322 0.024850
0 0.462919 0.766667 0.024189 0.026319
0 0.701356 0.442151 0.023923 0.024716
0 0.256778 0.173547 0.023392 0.025919
0 0.624136 0.360655 0.024987 0.024716
0 0.543993 0.335070 0.025518 0.026186
0 0.780635 0.415097 0.026449 0.025384
0 0.623006 0.442685 0.022461 0.024983
0 0.805622 0.471009 0.023525 0.025251
0 0.203482 0.333333 0.024455 0.030194
0 0.676701 0.901002 0.023525 0.022712
0 0.171186 0.605945 0.025784 0.025785
0 0.597820 0.471543 0.023923 0.025518
0 0.409822 0.768470 0.025917 0.022979
0 0.596956 0.578223 0.022993 0.024315
0 0.909556 0.626186 0.029373 0.025651
0 0.573033 0.201136 0.026980 0.025251
0 0.571438 0.335137 0.025120 0.024182
0 0.232456 0.059920 0.024189 0.027121
0 0.248472 0.685905 0.025651 0.026186
0 0.779173 0.710354 0.024056 0.024582
0 0.224482 0.903206 0.026582 0.027121
0 0.385766 0.308884 0.024854 0.023514
0 0.730396 0.119773 0.024322 0.024449
0 0.857124 0.790114 0.023392 0.028858
0 0.596425 0.630795 0.022727 0.024983
0 0.439726 0.389245 0.027246 0.027923
0 0.543860 0.308617 0.023658 0.024315
0 0.729200 0.200802 0.022993 0.024582
0 0.332204 0.581162 0.025917 0.024315
0 0.123472 0.085504 0.023923 0.023514
0 0.701289 0.521710 0.022727 0.022178
0 0.252127 0.632866 0.023923 0.027255
0 0.649987 0.764262 0.025651 0.026052
0 0.622873 0.657381 0.022461 0.024716
0 0.808480 0.254910 0.022329 0.025651
0 0.435540 0.793587 0.025518 0.026186
0 0.753323 0.817234 0.024721 0.028323
0 0.543860 0.578557 0.024455 0.020975
0 0.702951 0.306613 0.022329 0.025651
0 0.779173 0.496860 0.025385 0.023781
0 0.283958 0.200134 0.026715 0.023514
0 0.441853 0.145691 0.025120 0.021777
0 0.944378 0.788911 0.028309 0.027789
0 0.490696 0.524916 0.025784 0.024048
0 0.570707 0.578357 0.025784 0.026720
0 0.835859 0.090782 0.024189 0.026052
0 0.439460 0.444021 0.027778 0.027388
0 0.887028 0.146359 0.026582 0.025785
0 0.334795 0.229325 0.023126 0.026319
0 0.467305 0.148096 0.024987 0.027388
0 0.174043 0.444689 0.022727 0.025518
0 0.805157 0.442886 0.020999 0.027522
0 0.150053 0.332933 0.028442 0.025651
0 0.360380 0.442218 0.026183 0.025384
0 0.386297 0.334937 0.024322 0.021910
0 0.701821 0.550367 0.024322 0.028724
0 0.489633 0.553240 0.026847 0.027522
0 0.410221 0.551637 0.022727 0.024850
0 0.205210 0.088310 0.025253 0.023514
0 0.153110 0.145491 0.026847 0.025651
0 0.463450 0.849633 0.022329 0.026319
0 0.700558 0.579292 0.024987 0.024850
0 0.280502 0.363260 0.023259 0.026720
0 0.675173 0.630461 0.025518 0.022979
0 0.333931 0.305745 0.021930 0.020441
0 0.227804 0.389646 0.023923 0.025518
0 0.358719 0.579158 0.024987 0.027522
0 0.140883 0.873681 0.027113 0.029793
0 0.705808 0.061657 0.023259 0.023914
0 0.304027 0.712224 0.026183 0.025384
0 0.886164 0.090114 0.025385 0.024983
0 0.913477 0.760454 0.025518 0.020574
0 0.753057 0.603474 0.021531 0.024582
0 0.678429 0.063260 0.022993 0.029259
0 0.833200 0.871009 0.024721 0.025785
0 0.143806 0.606079 0.023126 0.025785
0 0.334463 0.256780 0.021930 0.024315
0 0.360779 0.256446 0.020867 0.024182
0 0.332137 0.686707 0.028177 0.025117
0 0.335194 0.201403 0.022860 0.024983
0 0.569378 0.631396 0.025253 0.024315
0 0.807416 0.334736 0.023923 0.024182
0 0.650053 0.792652 0.022329 0.024315
0 0.832071 0.734469 0.022727 0.025251
0 0.278841 0.554175 0.028177 0.023781
0 0.359848 0.388711 0.021398 0.026052
0 0.308546 0.306480 0.023525 0.025384
0 0.832004 0.682766 0.022860 0.021777
0 0.170787 0.819305 0.025518 0.025251
0 0.755981 0.334335 0.025784 0.023380
0 0.782430 0.090782 0.025253 0.024716
0 0.463118 0.553240 0.023791 0.025384
0 0.704080 0.924382 0.024854 0.021376
0 0.543129 0.471276 0.024588 0.025518
0 0.388224 0.089913 0.022329 0.023781
0 0.623604 0.819372 0.027645 0.027255
0 0.489301 0.580561 0.023259 0.023914
0 0.335128 0.174749 0.023525 0.026186
0 0.623937 0.765665 0.026715 0.025384
0 0.806087 0.736941 0.024987 0.025384
0 0.779705 0.631062 0.024588 0.027388
0 0.807217 0.869873 0.022727 0.024850
0 0.727339 0.844422 0.025120 0.025785
0 0.859184 0.119706 0.025120 0.028056
0 0.780569 0.388243 0.024987 0.024315
0 0.702286 0.710354 0.021797 0.025651
0 0.783227 0.119773 0.024189 0.023113
0 0.412480 0.254108 0.025917 0.023781
0 0.596890 0.767201 0.025784 0.025251
0 0.678429 0.174816 0.026715 0.027388
0 0.151781 0.116767 0.023392 0.024315
0 0.309543 0.087976 0.023658 0.027388
0 0.464912 0.361523 0.022063 0.022712
0 0.831406 0.522445 0.024854 0.028457
0 0.277977 0.632398 0.024322 0.025518
0 0.333732 0.361189 0.023392 0.026319
0 0.276648 0.768604 0.026183 0.027522
0 0.437865 0.524916 0.026183 0.026720
0 0.309011 0.226453 0.020734 0.025384
0 0.859915 0.201069 0.021797 0.021910
0 0.517411 0.417034 0.021531 0.021510
0 0.411217 0.200534 0.024987 0.021643
0 0.358918 0.498798 0.021664 0.028724
0 0.858054 0.307281 0.024189 0.025117
0 0.518806 0.360855 0.026715 0.026720
0 0.678230 0.119439 0.025253 0.024315
0 0.856659 0.415364 0.023525 0.024315
0 0.882243 0.600000 0.024987 0.024315
0 0.225545 0.554175 0.024455 0.024582
0 0.412613 0.118504 0.023791 0.026186
0 0.253987 0.361924 0.027379 0.025919
0 0.229067 0.255311 0.024854 0.023781
0 0.225213 0.633066 0.021930 0.026587
0 0.675372 0.656112 0.023525 0.023781
0 0.173246 0.502004 0.023259 0.025785
0 0.387161 0.147228 0.022860 0.025919
0 0.909689 0.598931 0.025917 0.024048
0 0.463118 0.524783 0.022196 0.027255
0 0.778841 0.576152 0.024987 0.024182
0 0.597422 0.414896 0.022329 0.024182
0 0.463517 0.820975 0.025120 0.029392
0 0.357589 0.605010 0.023259 0.022846
0 0.282629 0.145291 0.022727 0.025251
0 0.463583 0.632599 0.023658 0.020307
0 0.462453 0.606346 0.024056 0.026052
0 0.224282 0.820307 0.025651 0.024850
0 0.125133 0.056847 0.026449 0.023914
0 0.437733 0.498397 0.022461 0.022578
0 0.754785 0.281430 0.020999 0.026854
0 0.227671 0.360321 0.023392 0.025651
0 0.231725 0.088310 0.025120 0.024850
0 0.598285 0.443420 0.024056 0.027255
0 0.198166 0.794456 0.027113 0.027388
0 0.436869 0.901737 0.028177 0.024716
0 0.230330 0.280494 0.024189 0.021777
0 0.409755 0.633200 0.026582 0.024182
0 0.440191 0.173079 0.026050 0.029793
0 0.857722 0.654910 0.024854 0.024850
0 0.520069 0.117168 0.023923 0.025651
0 0.541800 0.821309 0.022727 0.024716
0 0.652379 0.279492 0.025385 0.022445
0 0.757376 0.092184 0.026449 0.025384
0 0.331871 0.633133 0.024455 0.022178
0 0.335194 0.282365 0.022329 0.023647
0 0.728535 0.361790 0.023791 0.025384
0 0.519936 0.089846 0.022594 0.025785
0 0.409357 0.660321 0.027113 0.026587
0 0.809875 0.923246 0.022993 0.023647
0 0.123405 0.147295 0.025651 0.028991
0 0.304426 0.635070 0.024854 0.023647
0 0.515816 0.846760 0.024189 0.023246
0 0.573033 0.174950 0.023791 0.023914
0 0.490896 0.498330 0.024322 0.023781
0 0.197967 0.657849 0.021398 0.022712
0 0.702618 0.361389 0.023791 0.028591
0 0.805821 0.815498 0.023126 0.024048
0 0.544856 0.200935 0.025917 0.025919
0 0.333998 0.389379 0.024987 0.028457
0 0.304426 0.685170 0.025385 0.025251
0 0.146465 0.445625 0.023126 0.026052
0 0.276249 0.820641 0.025120 0.024182
0 0.438729 0.307415 0.022329 0.022445
0 0.650053 0.873948 0.025253 0.023380
0 0.624269 0.469472 0.023923 0.021910
0 0.571903 0.470341 0.027911 0.026854
0 0.439128 0.332799 0.023126 0.024582
0 0.411683 0.389178 0.025651 0.022979
0 0.257443 0.117301 0.020734 0.026987
0 0.462254 0.738945 0.024721 0.026987
0 0.463982 0.793654 0.024189 0.020975
0 0.490431 0.712425 0.027645 0.024182
0 0.179692 0.057248 0.027911 0.023914
0 0.596691 0.605210 0.023525 0.022178
0 0.625532 0.146426 0.021664 0.023514
0 0.596558 0.684903 0.024854 0.022311
0 0.359848 0.361857 0.022461 0.024983
0 0.282031 0.118103 0.024189 0.025919
0 0.701156 0.765598 0.024588 0.028724
0 0.519338 0.228791 0.023525 0.025518
0 0.438796 0.281296 0.021398 0.027655
0 0.778442 0.549031 0.024721 0.023647
0 0.727406 0.737609 0.022594 0.025651
0 0.149322 0.281363 0.024854 0.024582
0 0.491560 0.361657 0.024056 0.025919
0 0.329545 0.792585 0.024056 0.024182
0 0.831738 0.815698 0.024987 0.025785
0 0.598485 0.498664 0.023392 0.024716
0 0.223684 0.740347 0.023392 0.027655
0 0.332270 0.659586 0.028974 0.026453
0 0.255715 0.281296 0.023392 0.022578
0 0.595694 0.847695 0.025518 0.025384
0 0.436869 0.604275 0.023923 0.023514
0 0.677698 0.874883 0.027379 0.024449
0 0.435872 0.578023 0.022727 0.024449
0 0.703549 0.226453 0.025120 0.023514
0 0.275319 0.740615 0.026715 0.027388
0 0.569910 0.552371 0.021265 0.023914
0 0.623405 0.874749 0.026715 0.025518
0 0.283426 0.088577 0.024056 0.024048
0 0.649056 0.605210 0.023259 0.023781
0 0.912347 0.733801 0.022993 0.025518
0 0.386829 0.175017 0.021132 0.026186
0 0.623472 0.333200 0.024189 0.024048
0 0.332403 0.556179 0.028974 0.024048
0 0.490763 0.902672 0.027778 0.024716
0 0.277778 0.579960 0.024189 0.023781
0 0.438729 0.202004 0.022594 0.025384
0 0.859516 0.895725 0.026582 0.027121
0 0.147794 0.359452 0.024189 0.022846
0 0.383041 0.579760 0.024189 0.025518
0 0.516082 0.659252 0.023392 0.023380
0 0.412812 0.147428 0.024455 0.023914
0 0.304027 0.739145 0.026449 0.027121
0 0.753522 0.577154 0.022461 0.022979
0 0.883905 0.362725 0.022727 0.028858
0 0.830941 0.628724 0.023126 0.024048
0 0.729732 0.255311 0.022461 0.026720
0 0.727406 0.711890 0.023658 0.026052
0 0.516148 0.633734 0.025120 0.026052
0 0.490763 0.416834 0.022993 0.025384
0 0.362972 0.119105 0.024455 0.025251
0 0.858254 0.681630 0.026715 0.024582
0 0.624136 0.226987 0.024721 0.024582
0 0.519737 0.200334 0.028309 0.026587
0 0.249468 0.820040 0.023658 0.025117
0 0.858985 0.362391 0.024987 0.025518
0 0.754054 0.656313 0.023259 0.023380
0 0.726675 0.659385 0.023259 0.027388
0 0.361909 0.201336 0.023126 0.025384
0 0.649189 0.631997 0.021930 0.024716
0 0.701489 0.872745 0.020999 0.024983
0 0.779771 0.765264 0.024189 0.025919
0 0.544258 0.497662 0.027113 0.023781
0 0.780170 0.442485 0.025784 0.026186
0 0.543860 0.416500 0.022594 0.026052
0 0.308878 0.361590 0.024455 0.024182
0 0.305356 0.553440 0.023525 0.025251
0 0.275917 0.928457 0.024455 0.025785
0 0.778907 0.658450 0.020335 0.024716
0 0.439128 0.228657 0.025784 0.023380
0 0.493886 0.088110 0.024189 0.022311
0 0.756512 0.146894 0.022594 0.025518
0 0.806353 0.842485 0.022594 0.024315
0 0.151781 0.197862 0.024987 0.021643
0 0.598352 0.361456 0.024987 0.024449
0 0.567650 0.768203 0.023658 0.026453
0 0.727140 0.494990 0.023392 0.022178
0 0.883772 0.679960 0.022993 0.024983
0 0.753456 0.387108 0.020999 0.024983
0 0.835260 0.281096 0.024588 0.021376
0 0.726608 0.523781 0.024189 0.023380
0 0.599548 0.118570 0.024987 0.023380
0 0.463118 0.711356 0.024854 0.021777
0 0.570109 0.442685 0.022461 0.024716
0 0.333400 0.471075 0.025917 0.027255
0 0.308014 0.333667 0.023525 0.023914
0 0.910619 0.361189 0.023259 0.024449
0 0.624668 0.792318 0.026582 0.023380
0 0.381845 0.687308 0.024721 0.023380
0 0.654306 0.061991 0.020999 0.027522
0 0.307150 0.524449 0.026316 0.023113
0 0.329811 0.875017 0.022727 0.024716
0 0.172049 0.713494 0.028044 0.026587
0 0.542265 0.738744 0.024455 0.024449
0 0.702685 0.388844 0.022594 0.021242
0 0.141879 0.902806 0.022993 0.025251
0 0.675704 0.709753 0.022329 0.024449
0 0.360247 0.333667 0.023791 0.025785
0 0.257376 0.144289 0.021398 0.023514
0 0.806752 0.652772 0.022860 0.024850
0 0.596624 0.925050 0.025253 0.022979
0 0.542996 0.603474 0.022461 0.022178
0 0.516215 0.552839 0.023658 0.024048
0 0.176901 0.228190 0.024455 0.029392
0 0.703947 0.174349 0.022993 0.026186
0 0.702751 0.468871 0.023259 0.020441
0 0.805356 0.764596 0.021930 0.023246
0 0.173046 0.577622 0.025784 0.024716
0 0.362174 0.147295 0.024455 0.028457
0 0.203881 0.116767 0.022860 0.022979
0 0.222554 0.712826 0.024322 0.026052
0 0.805157 0.626854 0.021797 0.022979
0 0.729466 0.281897 0.021930 0.025117
0 0.703150 0.333200 0.024056 0.024315
0 0.676635 0.360254 0.022860 0.028457
0 0.279771 0.498798 0.026847 0.022311
0 0.834197 0.921042 0.022196 0.024315
0 0.068713 0.114896 0.024455 0.030194
0 0.281831 0.254709 0.025385 0.024716
0 0.224947 0.929993 0.024854 0.024048
0 0.941986 0.201202 0.028309 0.026186
0 0.912281 0.785905 0.023923 0.026854
0 0.805755 0.790047 0.022196 0.023647
0 0.357057 0.794122 0.028309 0.025919
0 0.177432 0.331329 0.024455 0.022445
0 0.141281 0.847361 0.025784 0.025785
0 0.462254 0.685972 0.023392 0.026854
0 0.252259 0.579158 0.023923 0.025384
0 0.198432 0.631463 0.022329 0.022578
0 0.649721 0.819506 0.022727 0.024582
0 0.330476 0.739279 0.024854 0.022846
0 0.830476 0.655711 0.022727 0.027789
0 0.882974 0.468804 0.022196 0.024315
0 0.913676 0.148831 0.024854 0.026720
0 0.435340 0.876019 0.024588 0.025919
0 0.254652 0.305945 0.021797 0.023781
0 0.675306 0.738210 0.019139 0.027655
0 0.626329 0.088778 0.023259 0.025785
0 0.096890 0.175284 0.022329 0.027522
0 0.944312 0.845357 0.031366 0.026854
0 0.913743 0.870608 0.026582 0.025785
0 0.465311 0.089980 0.024721 0.021242
0 0.600279 0.173480 0.024056 0.023914
0 0.701754 0.604409 0.024189 0.025117
0 0.726409 0.629392 0.022461 0.028858
0 0.227406 0.444155 0.023658 0.026587
0 0.097422 0.146025 0.022063 0.024582
0 0.119351 0.472144 0.025518 0.024048
0 0.855728 0.519773 0.023259 0.023647
0 0.754785 0.309018 0.023923 0.025117
0 0.226276 0.472612 0.021398 0.025251
0 0.752658 0.470140 0.023126 0.024315
0 0.435739 0.740013 0.022461 0.023246
0 0.942384 0.654309 0.029373 0.027655
0 0.675837 0.469940 0.024455 0.024449
0 0.779771 0.818904 0.022594 0.024983
0 0.701754 0.414963 0.022063 0.022979
0 0.492823 0.145291 0.022594 0.023380
0 0.543660 0.281897 0.022993 0.025651
0 0.518873 0.060454 0.022860 0.024983
0 0.178894 0.086840 0.024455 0.027255
0 0.859915 0.922645 0.024721 0.022712
0 0.277246 0.657849 0.026582 0.022979
0 0.779040 0.522044 0.024056 0.024182
0 0.543727 0.389245 0.021797 0.023113
0 0.386364 0.202405 0.023126 0.024048
0 0.381712 0.658918 0.024189 0.027255
0 0.462719 0.902739 0.024056 0.023514
0 0.941255 0.680762 0.025784 0.025518
0 0.493222 0.172545 0.024189 0.025251
0 0.674907 0.416566 0.022594 0.024850
0 0.518873 0.174015 0.021797 0.021510
0 0.572103 0.254041 0.021930 0.024182
0 0.141946 0.819372 0.026847 0.025651
0 0.517743 0.607148 0.022993 0.022044
0 0.884237 0.814496 0.027113 0.026052
0 0.597222 0.658317 0.022993 0.021242
0 0.781632 0.844422 0.023658 0.021510
0 0.357855 0.685237 0.022727 0.025919
0 0.227738 0.416032 0.026449 0.025384
0 0.598950 0.200601 0.024322 0.025785
0 0.651249 0.332599 0.027113 0.022578
0 0.249601 0.766600 0.024721 0.026186
0 0.411417 0.497595 0.021664 0.027655
0 0.491959 0.389178 0.022993 0.024315
0 0.198631 0.739947 0.025385 0.027121
0 0.361178 0.229593 0.021132 0.024716
0 0.491826 0.229726 0.022461 0.029259
0 0.276183 0.846693 0.023392 0.022044
0 0.284024 0.172077 0.025518 0.028591
0 0.248405 0.902138 0.022594 0.029259
0 0.198033 0.767602 0.022594 0.023113
0 0.360048 0.282231 0.023126 0.024983
0 0.096691 0.085772 0.023259 0.025919
0 0.623272 0.416099 0.022196 0.020708
0 0.700558 0.631196 0.022329 0.023914
0 0.516680 0.442418 0.024322 0.022311
0 0.861178 0.280895 0.022993 0.024983
0 0.543394 0.631329 0.021398 0.021777
0 0.752658 0.442819 0.022860 0.022846
0 0.172448 0.553106 0.020601 0.021643
0 0.597554 0.253574 0.023923 0.023514
0 0.831140 0.709753 0.024854 0.022846
0 0.385101 0.470407 0.025385 0.021910
0 0.123206 0.173413 0.022329 0.022712
0 0.465577 0.117836 0.022329 0.028056
0 0.622807 0.603741 0.022860 0.023514
0 0.675106 0.496794 0.022461 0.024182
0 0.882044 0.627255 0.022461 0.022712
0 0.832536 0.387308 0.021797 0.024582
0 0.517411 0.471209 0.026050 0.029927
0 0.223817 0.874749 0.027113 0.027388
0 0.492823 0.116566 0.022860 0.022578
0 0.252924 0.471610 0.022063 0.024582
0 0.942584 0.174349 0.028974 0.026453
0 0.386497 0.062525 0.023658 0.029927
0 0.650718 0.360788 0.024721 0.024182
0 0.861178 0.173747 0.024588 0.028457
0 0.282496 0.281964 0.023791 0.025251
0 0.727472 0.414162 0.022196 0.022178
0 0.065524 0.549499 0.024455 0.024048
0 0.302897 0.847027 0.022594 0.024048
0 0.223418 0.659452 0.020999 0.021376
0 0.491494 0.444088 0.025518 0.023514
0 0.146531 0.498664 0.022727 0.022846
0 0.858054 0.733868 0.024987 0.021643
0 0.275319 0.794522 0.024322 0.024850
0 0.356925 0.712625 0.023525 0.027789
0 0.068315 0.174215 0.025253 0.025651
0 0.438131 0.472345 0.024854 0.024983
0 0.385167 0.443955 0.024189 0.022712
0 0.543195 0.927923 0.025253 0.023647
0 0.598020 0.334202 0.023259 0.025785
0 0.730197 0.925585 0.024721 0.022712
0 0.885367 0.841216 0.024854 0.022311
0 0.835061 0.149031 0.024189 0.024449
0 0.542265 0.901937 0.025518 0.026720
0 0.545521 0.229125 0.022196 0.026186
0 0.439128 0.360588 0.024189 0.024048
0 0.229200 0.306814 0.021132 0.024983
0 0.359317 0.470407 0.020601 0.023246
0 0.908094 0.416032 0.024854 0.026987
0 0.358320 0.847228 0.024987 0.024983
0 0.782297 0.227722 0.023126 0.027121
0 0.386895 0.229125 0.022594 0.023781
0 0.910420 0.653707 0.025253 0.028323
0 0.541268 0.767067 0.022461 0.023914
0 0.121544 0.361723 0.025917 0.027121
0 0.858852 0.333333 0.023126 0.025919
0 0.651715 0.254509 0.024588 0.021910
0 0.780436 0.280695 0.021797 0.022712
0 0.141813 0.739546 0.027379 0.027121
0 0.120415 0.390314 0.022860 0.024449
0 0.650651 0.387909 0.022993 0.025251
0 0.198897 0.497796 0.021930 0.025384
0 0.280369 0.444556 0.025120 0.026587
0 0.651183 0.737141 0.025120 0.024716
0 0.752791 0.550434 0.021531 0.025651
0 0.359184 0.307548 0.024056 0.024582
0 0.860912 0.090180 0.021132 0.021643
0 0.779173 0.602739 0.021664 0.023914
0 0.199761 0.471343 0.023923 0.024582
0 0.912414 0.333935 0.025518 0.023647
0 0.122807 0.199399 0.021265 0.025785
0 0.545654 0.147161 0.023791 0.026854
0 0.229798 0.144489 0.026050 0.025785
0 0.782363 0.924649 0.027246 0.024315
0 0.122475 0.252906 0.027778 0.027255
0 0.726542 0.467268 0.021132 0.023647
0 0.939327 0.598063 0.028309 0.024716
0 0.152246 0.172745 0.028044 0.025384
0 0.143541 0.658985 0.027645 0.025785
0 0.413344 0.062057 0.026050 0.025251
0 0.492557 0.307415 0.023126 0.022445
0 0.201223 0.389446 0.023126 0.029125
0 0.569644 0.657315 0.024455 0.021910
0 0.882443 0.493387 0.023525 0.022979
0 0.307350 0.497128 0.022993 0.024315
0 0.883971 0.706480 0.025518 0.023514
0 0.172780 0.528123 0.022063 0.025117
0 0.596691 0.873413 0.025120 0.019906
0 0.255914 0.198397 0.022461 0.021376
0 0.309144 0.255444 0.022594 0.024582
0 0.385035 0.498196 0.026050 0.023246
0 0.677764 0.147495 0.024322 0.025651
0 0.305024 0.820441 0.028177 0.024850
0 0.805223 0.414429 0.021398 0.022979
0 0.356725 0.741750 0.023392 0.023781
0 0.361643 0.061122 0.023126 0.022846
0 0.411417 0.333200 0.025917 0.023246
0 0.309809 0.146894 0.022063 0.025251
0 0.675505 0.523781 0.023525 0.024182
0 0.253456 0.443353 0.021797 0.024983
0 0.938729 0.517902 0.027645 0.025251
0 0.491361 0.279693 0.020202 0.023914
0 0.941122 0.310888 0.026316 0.026453
0 0.117823 0.499800 0.023791 0.025117
0 0.149455 0.307214 0.025385 0.026319
0 0.361178 0.174616 0.022461 0.023514
0 0.704346 0.253307 0.026980 0.024850
0 0.676568 0.280762 0.019272 0.023380
0 0.519338 0.309486 0.026715 0.025518
0 0.753323 0.709753 0.024189 0.023914
0 0.650718 0.900534 0.025784 0.024716
0 0.464580 0.281897 0.019537 0.023514
0 0.065191 0.580094 0.026449 0.030995
0 0.120548 0.336139 0.024189 0.023246
0 0.754120 0.682565 0.023392 0.020574
0 0.887759 0.896259 0.022196 0.023380
0 0.859516 0.227722 0.023658 0.023113
0 0.830875 0.469873 0.023525 0.023781
0 0.516481 0.711089 0.023923 0.021242
0 0.464514 0.307615 0.021265 0.020174
0 0.516348 0.874883 0.023923 0.026052
0 0.570043 0.682966 0.023392 0.023514
0 0.545322 0.060321 0.020999 0.021242
0 0.728137 0.332933 0.022993 0.024850
0 0.179426 0.174282 0.022329 0.023647
0 0.908892 0.443220 0.024588 0.024182
0 0.224083 0.765798 0.022860 0.021910
0 0.249402 0.930862 0.020601 0.027121
0 0.704612 0.199733 0.025385 0.024315
0 0.407961 0.794122 0.021930 0.025919
0 0.249535 0.739546 0.022993 0.023914
0 0.384436 0.552505 0.023259 0.023647
0 0.122608 0.225317 0.026449 0.023647
0 0.463650 0.876152 0.024588 0.024582
0 0.386031 0.283100 0.022461 0.023781
0 0.308745 0.416433 0.023658 0.021910
0 0.251661 0.498931 0.020601 0.024716
0 0.730197 0.147695 0.026050 0.026052
0 0.251396 0.553440 0.023259 0.022044
0 0.651715 0.305077 0.025651 0.021777
0 0.310872 0.116900 0.026316 0.024048
0 0.834131 0.226854 0.023126 0.021376
0 0.309942 0.060321 0.020468 0.021777
0 0.622741 0.524582 0.024056 0.023380
0 0.119152 0.446293 0.022993 0.027388
0 0.516414 0.684970 0.022727 0.023246
0 0.807948 0.307415 0.021265 0.020574
0 0.938596 0.545825 0.025518 0.027655
0 0.333466 0.500468 0.024189 0.027255
0 0.228668 0.174616 0.025651 0.029392
0 0.728535 0.307548 0.022993 0.021376
0 0.254187 0.333400 0.024854 0.023380
0 0.275984 0.714228 0.025385 0.023514
0 0.275120 0.873480 0.020999 0.024048
0 0.834197 0.360454 0.024322 0.021910
0 0.571970 0.281764 0.026183 0.023246
0 0.835194 0.202672 0.025784 0.025117
0 0.858785 0.843287 0.024056 0.024315
0 0.143939 0.711757 0.025253 0.023914
0 0.253854 0.389446 0.023923 0.028323
0 0.753721 0.735471 0.022594 0.020307
0 0.912679 0.177288 0.024455 0.027255
0 0.702485 0.683300 0.022461 0.019372
0 0.753389 0.790047 0.022196 0.023380
0 0.304094 0.658651 0.022063 0.018437
0 0.330742 0.900735 0.023525 0.022712
0 0.464514 0.471610 0.023126 0.024850
0 0.309809 0.172211 0.023658 0.022445
0 0.624468 0.279559 0.022196 0.023113
0 0.356858 0.819973 0.028974 0.025518
0 0.308214 0.389646 0.023658 0.027923
0 0.441321 0.118437 0.026715 0.022846
0 0.915670 0.895925 0.025120 0.025384
0 0.541135 0.794589 0.021930 0.023914
0 0.122142 0.308884 0.023126 0.025384
0 0.067850 0.360855 0.026449 0.030461
0 0.804957 0.601536 0.021930 0.023380
0 0.119750 0.418637 0.022860 0.025785
0 0.516082 0.792251 0.020999 0.021643
0 0.940789 0.255043 0.024588 0.023514
0 0.751861 0.522846 0.022594 0.023113
0 0.914009 0.120641 0.027113 0.022979
0 0.436071 0.765197 0.024721 0.022044
0 0.704080 0.145491 0.021398 0.022445
0 0.728402 0.790247 0.025651 0.022178
0 0.651781 0.925919 0.024455 0.021777
0 0.144471 0.631931 0.025253 0.021910
0 0.097089 0.055845 0.024056 0.022979
0 0.170388 0.793854 0.021531 0.022178
0 0.676369 0.305611 0.021265 0.020441
0 0.170388 0.899733 0.025518 0.023647
0 0.302964 0.901804 0.025651 0.023246
0 0.382709 0.631997 0.021398 0.021510
0 0.490696 0.874816 0.023126 0.021376
0 0.097156 0.202405 0.022860 0.026186
0 0.142544 0.766667 0.025385 0.023380
0 0.174375 0.417502 0.021531 0.024315
0 0.149920 0.223914 0.024189 0.026453
0 0.225877 0.606146 0.023259 0.022979
0 0.885367 0.199866 0.022461 0.024315
0 0.362108 0.089312 0.024322 0.025785
0 0.754054 0.761857 0.023791 0.022846
0 0.488437 0.766934 0.023392 0.026587
0 0.335393 0.146226 0.020867 0.024182
0 0.142079 0.793120 0.027911 0.026587
0 0.830941 0.575217 0.022860 0.022578
0 0.568913 0.927655 0.024322 0.024182
0 0.942850 0.149432 0.024189 0.023914
0 0.651116 0.444289 0.021797 0.022846
0 0.909490 0.517234 0.025784 0.021510
0 0.860447 0.869272 0.027911 0.024182
0 0.567982 0.875150 0.021930 0.020975
0 0.254187 0.253641 0.022727 0.025785
0 0.910354 0.387508 0.024056 0.024983
0 0.857124 0.441750 0.028177 0.026319
0 0.277844 0.605411 0.023259 0.020708
0 0.885433 0.334669 0.025253 0.024048
0 0.944710 0.733534 0.028177 0.023647
0 0.409423 0.847562 0.025385 0.022712
0 0.302299 0.875150 0.020069 0.024182
0 0.516281 0.927054 0.022993 0.023246
0 0.859981 0.255110 0.021132 0.024182
0 0.542265 0.685037 0.024455 0.022311
0 0.942517 0.228925 0.025120 0.023113
0 0.675572 0.604275 0.020734 0.024315
0 0.729798 0.226653 0.022594 0.020708
0 0.781300 0.253975 0.021930 0.022445
0 0.516015 0.579359 0.021398 0.022846
0 0.308347 0.468403 0.023126 0.022979
0 0.885167 0.119105 0.021797 0.022311
0 0.675239 0.443821 0.023791 0.023514
0 0.330011 0.766333 0.024721 0.025919
0 0.228336 0.227856 0.024721 0.025785
0 0.755250 0.227789 0.024056 0.024048
0 0.283227 0.059385 0.024455 0.020174
0 0.168129 0.846092 0.021797 0.023514
0 0.254585 0.226653 0.020867 0.023380
0 0.174110 0.390381 0.020468 0.027789
0 0.782031 0.062859 0.020999 0.023113
0 0.780369 0.359385 0.020601 0.024315
0 0.624668 0.253173 0.023392 0.023246
0 0.727406 0.684436 0.023658 0.022445
0 0.913078 0.253975 0.023658 0.023514
0 0.598352 0.280227 0.021797 0.024449
0 0.804160 0.575752 0.022461 0.023647
0 0.409024 0.874749 0.022727 0.027655
0 0.727539 0.576152 0.025784 0.024983
0 0.230728 0.199733 0.025518 0.023246
0 0.941388 0.761723 0.024189 0.024182
0 0.066587 0.391650 0.025518 0.025518
0 0.884702 0.787776 0.024854 0.023647
0 0.117757 0.526186 0.027113 0.023113
0 0.068514 0.087108 0.026980 0.022445
0 0.808413 0.281430 0.022196 0.024716
0 0.410154 0.684903 0.024721 0.019906
0 0.330808 0.927388 0.024455 0.025785
0 0.200292 0.443019 0.024721 0.022712
0 0.356925 0.903340 0.022461 0.023914
0 0.202818 0.251904 0.026847 0.027655
0 0.465976 0.172077 0.023126 0.021376
0 0.782164 0.200668 0.021531 0.020307
0 0.382177 0.714228 0.021664 0.028056
0 0.516281 0.737074 0.024056 0.023246
0 0.069046 0.054776 0.027246 0.025117
0 0.939593 0.469673 0.029107 0.023914
0 0.170255 0.740080 0.025518 0.025251
0 0.880981 0.519172 0.025385 0.022979
0 0.223485 0.846092 0.026449 0.024315
0 0.282031 0.306947 0.022329 0.020441
0 0.830210 0.495524 0.021930 0.020842
0 0.409556 0.579893 0.021930 0.025518
0 0.728004 0.763126 0.024322 0.021643
0 0.675837 0.331997 0.019936 0.024315
0 0.409623 0.607281 0.020734 0.021510
0 0.625266 0.199532 0.023259 0.024983
0 0.146598 0.472478 0.022063 0.021777
0 0.465776 0.417568 0.020601 0.020441
0 0.310407 0.196860 0.022461 0.024182
0 0.069179 0.145758 0.026183 0.026186
0 0.198764 0.553307 0.020335 0.024182
0 0.909689 0.470207 0.026449 0.026052
0 0.854399 0.547161 0.023525 0.021777
0 0.571637 0.228123 0.022063 0.022311
0 0.755449 0.172812 0.024721 0.023380
0 0.225811 0.580227 0.020999 0.025384
0 0.357855 0.632265 0.022196 0.023914
0 0.809942 0.148230 0.022329 0.024449
0 0.064327 0.610220 0.028974 0.029259
0 0.228868 0.333200 0.020999 0.021910
0 0.490564 0.929125 0.024987 0.023380
0 0.408958 0.820775 0.021797 0.022044
0 0.411417 0.469405 0.023525 0.024182
0 0.249601 0.793721 0.023923 0.024582
0 0.937733 0.494255 0.027512 0.020441
0 0.518806 0.256647 0.021398 0.023781
0 0.860646 0.146092 0.024056 0.021777
0 0.571106 0.496326 0.022063 0.020307
0 0.280237 0.335003 0.021398 0.026319
0 0.782629 0.175084 0.026980 0.026587
0 0.249003 0.873881 0.023525 0.024850
0 0.335991 0.117702 0.021531 0.021376
0 0.493288 0.060655 0.020069 0.025117
0 0.805489 0.680895 0.022196 0.026587
0 0.541999 0.874683 0.025518 0.025919
0 0.702087 0.898397 0.021664 0.023647
0 0.886364 0.280695 0.023923 0.024582
0 0.808014 0.227655 0.022461 0.025117
0 0.752791 0.415498 0.022329 0.023781
0 0.488703 0.634001 0.021531 0.022044
0 0.257576 0.062124 0.022594 0.021643
0 0.780369 0.898397 0.022196 0.023380
0 0.623006 0.901202 0.022196 0.021510
0 0.728137 0.816834 0.025651 0.022712
0 0.623604 0.739412 0.022594 0.022846
0 0.599947 0.087909 0.023923 0.024582
0 0.251794 0.525518 0.019803 0.022846
0 0.515218 0.765665 0.022461 0.022979
0 0.728801 0.174549 0.022993 0.023914
0 0.199096 0.579559 0.021797 0.021109
0 0.149854 0.253240 0.022727 0.026319
0 0.063929 0.636206 0.028708 0.024315
0 0.727339 0.603140 0.022993 0.020708
0 0.622807 0.846493 0.023126 0.021376
0 0.882310 0.414896 0.022461 0.021777
0 0.141414 0.930862 0.026050 0.023647
0 0.912214 0.308216 0.022461 0.022979
0 0.598618 0.226253 0.021531 0.022044
0 0.357589 0.875284 0.020069 0.024449
0 0.304027 0.795190 0.023791 0.024048
0 0.249335 0.846226 0.022594 0.022712
0 0.649056 0.523113 0.023525 0.023647
0 0.856991 0.494856 0.023126 0.021376
0 0.275385 0.901670 0.024721 0.022979
0 0.649654 0.549365 0.022063 0.022979
0 0.384171 0.605945 0.024588 0.021510
0 0.938995 0.572812 0.030037 0.023647
0 0.912347 0.227856 0.022196 0.023113
0 0.857190 0.600868 0.021930 0.019639
0 0.622873 0.576820 0.020867 0.020708
0 0.355662 0.769138 0.023126 0.024315
0 0.464381 0.388377 0.019936 0.021376
0 0.121079 0.282031 0.025518 0.025919
0 0.780037 0.871142 0.021265 0.022846
0 0.144737 0.579158 0.021797 0.019773
0 0.651914 0.227923 0.023126 0.026186
0 0.675173 0.791450 0.020999 0.021910
0 0.569179 0.900802 0.021930 0.021510
0 0.197169 0.709619 0.021132 0.021777
0 0.202419 0.360989 0.024721 0.021643
0 0.675904 0.388577 0.019803 0.022044
0 0.596225 0.793387 0.023923 0.021242
0 0.912281 0.282164 0.022594 0.022712
0 0.597089 0.525718 0.021132 0.019506
0 0.911616 0.706146 0.023923 0.025518
0 0.727937 0.871343 0.021265 0.020842
0 0.701555 0.816700 0.019537 0.021376
0 0.463716 0.926386 0.024455 0.021376
0 0.489234 0.821910 0.019936 0.022979
0 0.358386 0.657782 0.019803 0.022311
0 0.544989 0.173146 0.024854 0.022178
0 0.753190 0.630595 0.022594 0.021910
0 0.752392 0.495391 0.023658 0.019506
0 0.834264 0.332465 0.022329 0.020708
0 0.544125 0.255511 0.020468 0.019639
0 0.462985 0.657515 0.022727 0.021242
0 0.652977 0.088911 0.021265 0.020975
0 0.068248 0.331797 0.025651 0.023113
0 0.625266 0.171810 0.022461 0.023514
0 0.360048 0.415297 0.022860 0.023647
0 0.464779 0.227989 0.020734 0.025518
0 0.651582 0.146693 0.022196 0.024850
0 0.881247 0.573948 0.021664 0.021910
0 0.567982 0.819305 0.020335 0.020441
0 0.170521 0.927455 0.027645 0.024315
0 0.407695 0.903674 0.024588 0.024315
0 0.568913 0.738878 0.022196 0.017769
0 0.857722 0.389713 0.022727 0.023514
0 0.943315 0.119305 0.028841 0.026186
0 0.254054 0.416032 0.024854 0.020574
0 0.651249 0.198998 0.019936 0.022578
0 0.649455 0.682565 0.020601 0.024582
0 0.491494 0.199198 0.019936 0.022712
0 0.176435 0.278557 0.025385 0.020574
0 0.940258 0.281897 0.024588 0.028323
0 0.701422 0.845023 0.021398 0.024048
0 0.649455 0.657114 0.022993 0.019906
0 0.754984 0.253841 0.022461 0.022979
0 0.488969 0.796460 0.020999 0.024182
0 0.176701 0.256446 0.024588 0.021242
0 0.830210 0.549633 0.022461 0.023246
0 0.885633 0.225718 0.023791 0.019105
0 0.598884 0.059118 0.022063 0.019372
0 0.726608 0.549432 0.020202 0.019906
0 0.939926 0.442218 0.027379 0.029125
0 0.516946 0.282498 0.026183 0.023380
0 0.232589 0.117168 0.023126 0.020574
0 0.067982 0.201336 0.028309 0.025919
0 0.805157 0.496660 0.020734 0.023113
0 0.856659 0.468136 0.023791 0.024048
0 0.410619 0.525451 0.021930 0.020842
0 0.176568 0.303140 0.021930 0.020574
0 0.622940 0.496059 0.022063 0.018971
0 0.701555 0.792184 0.024322 0.021510
0 0.175638 0.358918 0.020335 0.023647
0 0.308878 0.281029 0.020202 0.021242
0 0.359516 0.550635 0.022594 0.019105
0 0.116760 0.580494 0.020867 0.019238
0 0.408626 0.712291 0.023525 0.023380
0 0.756778 0.118904 0.023126 0.022979
0 0.675106 0.765932 0.020069 0.021643
0 0.198232 0.524449 0.023525 0.020975
0 0.907895 0.494322 0.021531 0.021376
0 0.810673 0.118637 0.025385 0.022178
0 0.835792 0.118437 0.019803 0.019639
0 0.807682 0.896994 0.024721 0.022979
0 0.913012 0.203407 0.024854 0.021510
0 0.939793 0.388043 0.022329 0.022311
0 0.358985 0.525117 0.021797 0.022044
0 0.516148 0.901737 0.019537 0.020174
0 0.491560 0.254843 0.019803 0.018570
0 0.881313 0.545625 0.021531 0.024850
0 0.942982 0.707749 0.022063 0.020708
0 0.334928 0.089379 0.025518 0.020040
0 0.939859 0.336473 0.024322 0.023113
0 0.541268 0.711423 0.020335 0.020842
0 0.940191 0.412358 0.024721 0.022846
0 0.064527 0.524716 0.025385 0.022578
0 0.883440 0.389780 0.020999 0.016700
0 0.808745 0.201136 0.021265 0.020174
0 0.464846 0.253841 0.020867 0.018971
0 0.836390 0.060521 0.023658 0.021376
0 0.885433 0.308617 0.021531 0.022712
0 0.065590 0.498130 0.023791 0.024182
0 0.168262 0.872879 0.024455 0.024983
0 0.569444 0.604609 0.023259 0.019105
0 0.280569 0.388644 0.021531 0.020307
0 0.410752 0.442953 0.020867 0.019105
0 0.831007 0.602405 0.022727 0.021376
0 0.464846 0.443487 0.020867 0.021510
0 0.651781 0.172812 0.022329 0.021242
0 0.887959 0.919305 0.021531 0.018971
0 0.915869 0.921443 0.020999 0.018971
0 0.172315 0.631329 0.020069 0.018036
0 0.307150 0.441683 0.020999 0.022178
0 0.199495 0.684970 0.027911 0.022712
0 0.441786 0.061924 0.028177 0.025785
0 0.810207 0.174950 0.022063 0.019906
0 0.754785 0.062391 0.020734 0.025117
0 0.804625 0.521576 0.018607 0.018971
0 0.488703 0.737408 0.022594 0.018036
0 0.066786 0.419773 0.028044 0.024850
0 0.911217 0.546894 0.026316 0.023113
0 0.833599 0.895257 0.020999 0.019238
0 0.886098 0.172879 0.022063 0.018971
0 0.625000 0.924916 0.022727 0.017902
0 0.939128 0.364529 0.023126 0.023113
0 0.065989 0.305611 0.031499 0.023113
0 0.357456 0.927789 0.024588 0.018570
0 0.067384 0.281363 0.025518 0.021643
0 0.090377 0.245023 0.025784 0.030728
