0 0.919204 0.145642 0.073985 0.068807
0 0.920272 0.241686 0.076122 0.072248
0 0.915732 0.330992 0.069177 0.050745
0 0.930021 0.430763 0.072115 0.076548
0 0.923611 0.524226 0.079060 0.065654
0 0.925080 0.622420 0.078259 0.079702
0 0.924679 0.703698 0.073184 0.063933
0 0.925080 0.806049 0.081998 0.081709
0 0.923210 0.890052 0.076122 0.077695
0 0.837607 0.152666 0.079060 0.067947
0 0.845620 0.240682 0.065171 0.074255
0 0.831731 0.335722 0.073184 0.071101
0 0.836004 0.431336 0.066239 0.056479
0 0.838542 0.526806 0.075053 0.084002
0 0.834669 0.606508 0.073184 0.054186
0 0.840545 0.791858 0.073184 0.048739
0 0.751068 0.155247 0.074252 0.071388
0 0.750000 0.246130 0.077991 0.082856
0 0.753472 0.338446 0.075321 0.076548
0 0.760016 0.422878 0.064370 0.071101
0 0.755475 0.526806 0.079327 0.084002
0 0.756544 0.616112 0.069177 0.056193
0 0.754941 0.706279 0.078259 0.069094
0 0.755876 0.798595 0.080128 0.090310
0 0.754006 0.886898 0.083868 0.084002
0 0.661592 0.144639 0.079060 0.092603
0 0.661058 0.236382 0.080128 0.089163
0 0.665999 0.338446 0.090011 0.070241
0 0.663595 0.428039 0.083066 0.079702
0 0.668937 0.521646 0.093750 0.075401
0 0.667869 0.617116 0.084135 0.081709
0 0.663996 0.705275 0.082265 0.079702
0 0.665064 0.801892 0.080128 0.079702
0 0.668403 0.896932 0.080929 0.074255
0 0.574386 0.140338 0.083066 0.069094
0 0.576389 0.243406 0.084936 0.100917
0 0.573985 0.332999 0.072115 0.067947
0 0.575988 0.425459 0.078259 0.074541
0 0.580929 0.520499 0.082265 0.081709
0 0.579460 0.613962 0.083066 0.073108
0 0.580929 0.803039 0.074252 0.079702
0 0.583333 0.892202 0.073184 0.073394
0 0.445379 0.138331 0.064370 0.060493
0 0.437901 0.239106 0.071314 0.083716
0 0.438969 0.335292 0.071314 0.067947
0 0.447382 0.429186 0.074252 0.062500
0 0.441907 0.518349 0.075053 0.058486
0 0.443910 0.710579 0.071047 0.064507
0 0.448851 0.802896 0.091079 0.075401
0 0.445913 0.892202 0.077190 0.098624
0 0.357372 0.147362 0.088141 0.084862
0 0.357906 0.235952 0.081197 0.073394
0 0.358440 0.334146 0.080128 0.070241
0 0.363248 0.424455 0.077991 0.076548
0 0.364183 0.520499 0.078259 0.073108
0 0.362179 0.612959 0.086004 0.064794
0 0.361779 0.705705 0.079327 0.082856
0 0.361779 0.795011 0.065438 0.069954
0 0.364183 0.893779 0.078259 0.070241
0 0.268296 0.145212 0.058494 0.061640
0 0.268697 0.242833 0.067308 0.089450
0 0.271234 0.330992 0.064370 0.061640
0 0.276309 0.426032 0.076122 0.086009
0 0.272837 0.521072 0.069177 0.080562
0 0.272302 0.615539 0.081998 0.089450
0 0.275775 0.703125 0.088942 0.071388
0 0.268697 0.805046 0.073184 0.086009
0 0.270299 0.889048 0.074252 0.071101
0 0.187634 0.142489 0.079327 0.086009
0 0.187634 0.242403 0.083066 0.090310
0 0.186699 0.329989 0.081197 0.072248
0 0.183226 0.428756 0.088141 0.082856
0 0.186565 0.524226 0.083066 0.080562
0 0.183627 0.619266 0.088942 0.103211
0 0.186165 0.710006 0.076389 0.074255
0 0.182292 0.800745 0.081998 0.077408
0 0.185630 0.890625 0.081197 0.082856
0 0.098157 0.143635 0.092147 0.077408
0 0.104033 0.241256 0.084135 0.075401
0 0.099092 0.334719 0.091880 0.073108
0 0.091213 0.520499 0.092147 0.075401
0 0.091213 0.611955 0.081998 0.075401
0 0.096154 0.703698 0.094017 0.074255
0 0.091747 0.796588 0.077190 0.062787
0 0.095620 0.891628 0.084936 0.065940
