0 0.298943 0.589992 0.110752 0.171239
0 0.430727 0.251788 0.111856 0.161634
0 0.567979 0.759314 0.114756 0.171956
0 0.698311 0.765042 0.121267 0.151108
0 0.299641 0.251452 0.105229 0.150088
0 0.567954 0.264649 0.115432 0.188395
0 0.429178 0.762173 0.111747 0.158054
0 0.698721 0.257105 0.105407 0.173619
0 0.300314 0.415657 0.110885 0.156090
0 0.566134 0.434000 0.116850 0.166601
0 0.300428 0.758597 0.099458 0.157320
0 0.697396 0.425615 0.109158 0.146742
0 0.433519 0.421732 0.110038 0.148205
0 0.433975 0.588894 0.112460 0.159296
0 0.696593 0.598143 0.088164 0.164418
0 0.566780 0.596786 0.089983 0.155161
