0 0.680990 0.592585 0.019792 0.034258
0 0.513151 0.279705 0.018490 0.027754
0 0.701172 0.591500 0.019531 0.033825
0 0.556380 0.399610 0.019010 0.031657
0 0.392839 0.229835 0.019531 0.032090
0 0.681641 0.344536 0.017448 0.029922
0 0.722786 0.593018 0.021094 0.033391
0 0.595313 0.750000 0.018229 0.032524
0 0.595443 0.891370 0.018490 0.029055
0 0.217578 0.071986 0.021094 0.034692
0 0.639453 0.591934 0.020052 0.035559
0 0.149870 0.072637 0.021094 0.032524
0 0.907682 0.312229 0.019531 0.032958
0 0.576432 0.229618 0.019010 0.030789
0 0.597396 0.419124 0.020313 0.034258
0 0.451562 0.314831 0.018750 0.029488
0 0.535286 0.299870 0.019010 0.026453
0 0.533073 0.661101 0.021875 0.038595
0 0.214453 0.634866 0.020573 0.033825
0 0.680859 0.372073 0.017448 0.030356
0 0.682161 0.317866 0.016927 0.027754
0 0.889323 0.281873 0.017708 0.032090
0 0.283203 0.069384 0.020573 0.036427
0 0.722135 0.624458 0.019271 0.032090
0 0.887500 0.592151 0.020833 0.034258
0 0.679427 0.751301 0.020313 0.032524
0 0.430990 0.375325 0.020313 0.034258
0 0.239063 0.103859 0.019792 0.032524
0 0.806250 0.593452 0.021354 0.035993
0 0.948047 0.339332 0.019531 0.029922
0 0.847266 0.362316 0.018490 0.025585
0 0.596224 0.808543 0.019010 0.029922
0 0.808464 0.063747 0.018490 0.032958
0 0.556120 0.260408 0.017969 0.031657
0 0.260677 0.071336 0.021875 0.035126
0 0.534896 0.230052 0.019271 0.033391
0 0.108203 0.073721 0.021615 0.035559
0 0.432422 0.068517 0.020052 0.033825
0 0.640885 0.064397 0.022396 0.035126
0 0.450391 0.342151 0.017969 0.028621
0 0.824740 0.754337 0.019792 0.030789
0 0.683333 0.260841 0.018750 0.030789
0 0.596615 0.226583 0.019792 0.032524
0 0.868359 0.311362 0.017448 0.028621
0 0.824479 0.837164 0.016667 0.028187
0 0.908333 0.627277 0.021354 0.036860
0 0.739193 0.944059 0.019010 0.028621
0 0.215885 0.670859 0.022396 0.039029
0 0.471354 0.423894 0.019271 0.029922
0 0.639714 0.398959 0.017969 0.026886
0 0.785547 0.443192 0.018490 0.026019
0 0.868359 0.282741 0.019010 0.031223
0 0.412500 0.066999 0.018229 0.036860
0 0.865365 0.753469 0.020313 0.033391
0 0.619141 0.592368 0.020052 0.034692
0 0.904948 0.869254 0.018229 0.031657
0 0.640104 0.375108 0.017188 0.024284
0 0.659375 0.425846 0.018750 0.026886
0 0.785026 0.627060 0.021094 0.033825
0 0.807422 0.226800 0.020573 0.034692
0 0.086068 0.072637 0.021615 0.034258
0 0.905729 0.839766 0.018750 0.031657
0 0.368620 0.291414 0.019010 0.030356
0 0.661198 0.626626 0.021875 0.034692
0 0.905990 0.784042 0.019792 0.031223
0 0.700391 0.781873 0.019010 0.030356
0 0.700521 0.751735 0.018750 0.031657
0 0.533724 0.754553 0.017969 0.031223
0 0.369010 0.232003 0.019271 0.031223
0 0.195573 0.071119 0.021875 0.038161
0 0.845964 0.592801 0.021094 0.032958
0 0.868490 0.253686 0.020313 0.030356
0 0.844922 0.753469 0.018490 0.030789
0 0.618490 0.413920 0.020833 0.031657
0 0.804818 0.753903 0.018490 0.032524
0 0.618229 0.360581 0.016667 0.025585
0 0.044401 0.263660 0.017448 0.026886
0 0.326172 0.068517 0.021094 0.039029
0 0.171615 0.344970 0.017708 0.031657
0 0.742057 0.751301 0.018490 0.033391
0 0.719531 0.946444 0.018750 0.028187
0 0.946615 0.659584 0.020313 0.039029
0 0.680208 0.420859 0.018750 0.028187
0 0.410807 0.290546 0.017969 0.028621
0 0.657682 0.449263 0.020573 0.023417
0 0.172786 0.071769 0.022135 0.034258
0 0.597917 0.591934 0.019792 0.035559
0 0.574870 0.663270 0.020573 0.034258
0 0.349219 0.067433 0.021354 0.035993
0 0.556250 0.102125 0.019271 0.032524
0 0.741276 0.840416 0.018490 0.027754
0 0.682813 0.289679 0.017708 0.031223
0 0.862891 0.892888 0.016927 0.028621
0 0.450781 0.373157 0.019271 0.030789
0 0.866536 0.624675 0.019010 0.032524
0 0.369922 0.067216 0.017969 0.039896
0 0.761589 0.892021 0.020052 0.030356
0 0.945443 0.750867 0.020052 0.032524
0 0.763151 0.626626 0.019010 0.033825
0 0.556380 0.289896 0.018490 0.029055
0 0.699870 0.811795 0.019010 0.031223
0 0.239453 0.070035 0.019531 0.032524
0 0.944792 0.810928 0.017188 0.032090
0 0.108594 0.143972 0.020833 0.034692
0 0.661328 0.590850 0.021094 0.035993
0 0.845313 0.812663 0.018229 0.028621
0 0.722005 0.659150 0.020052 0.034692
0 0.597786 0.285776 0.019010 0.032958
0 0.661068 0.133781 0.021615 0.035993
0 0.739844 0.891370 0.017708 0.024718
0 0.786719 0.099089 0.020833 0.033391
0 0.535156 0.135082 0.021875 0.035993
0 0.945443 0.839766 0.017448 0.029055
0 0.724089 0.134649 0.019531 0.034258
0 0.637760 0.450130 0.018750 0.025152
0 0.430859 0.230052 0.017969 0.029922
0 0.804818 0.786427 0.019010 0.030789
0 0.086198 0.107329 0.019271 0.033391
0 0.410938 0.232003 0.017708 0.033825
0 0.410677 0.422593 0.018229 0.029055
0 0.764583 0.313964 0.019271 0.029488
0 0.659896 0.662836 0.021875 0.035993
0 0.087109 0.142021 0.020052 0.038595
0 0.701172 0.396357 0.017969 0.028621
0 0.258724 0.840633 0.018490 0.026453
0 0.369010 0.261925 0.018750 0.030356
0 0.575911 0.135733 0.021094 0.036427
0 0.784635 0.591934 0.019271 0.031223
0 0.700651 0.625542 0.018490 0.035993
0 0.806641 0.364050 0.016927 0.027320
0 0.064714 0.318734 0.019531 0.033825
0 0.807161 0.258239 0.019531 0.028187
0 0.390495 0.066349 0.019531 0.035559
0 0.596875 0.628144 0.020833 0.032524
0 0.532943 0.590199 0.020052 0.035559
0 0.926432 0.752819 0.019531 0.032090
0 0.615755 0.837381 0.019010 0.031223
0 0.842578 0.943625 0.017969 0.030356
0 0.471875 0.312229 0.018229 0.028621
0 0.821745 0.943192 0.017969 0.029488
0 0.905859 0.752602 0.018490 0.034258
0 0.807422 0.311362 0.017448 0.027754
0 0.908464 0.422810 0.017448 0.026886
0 0.575260 0.423461 0.018750 0.029055
0 0.617057 0.779271 0.017969 0.029488
0 0.283594 0.262359 0.019271 0.033825
0 0.759635 0.947311 0.017708 0.028187
0 0.595313 0.943625 0.018229 0.027754
0 0.368750 0.320252 0.018750 0.029055
0 0.473047 0.228751 0.019531 0.029922
0 0.909896 0.281873 0.018229 0.030356
0 0.388021 0.835646 0.019792 0.030356
0 0.739193 0.917389 0.019010 0.029055
0 0.215755 0.290330 0.019010 0.029055
0 0.065755 0.288812 0.019010 0.030356
0 0.656250 0.820468 0.018229 0.032958
0 0.720573 0.841717 0.018229 0.029488
0 0.534635 0.397225 0.019271 0.030356
0 0.844661 0.838248 0.019010 0.025152
0 0.700911 0.420859 0.020052 0.028187
0 0.929297 0.226366 0.016927 0.032958
0 0.928255 0.340199 0.019531 0.030789
0 0.702344 0.226800 0.020313 0.036427
0 0.845573 0.783608 0.018750 0.031223
0 0.534115 0.426279 0.018750 0.029488
0 0.534115 0.808109 0.016146 0.027320
0 0.721745 0.753036 0.020052 0.031657
0 0.194531 0.237641 0.019271 0.032958
0 0.655599 0.888335 0.019010 0.031657
0 0.215365 0.942758 0.019792 0.029488
0 0.826823 0.415004 0.018229 0.029488
0 0.617839 0.660668 0.019531 0.036860
0 0.741797 0.626193 0.020052 0.032958
0 0.826693 0.310928 0.019010 0.029488
0 0.928516 0.421509 0.018490 0.028621
0 0.491667 0.366219 0.018229 0.030789
0 0.535807 0.067866 0.021094 0.035993
0 0.847396 0.257589 0.017188 0.030356
0 0.846094 0.661752 0.020313 0.033825
0 0.865365 0.810278 0.017708 0.027320
0 0.471484 0.339332 0.019010 0.029055
0 0.391667 0.312229 0.018229 0.026886
0 0.573958 0.957936 0.020833 0.031223
0 0.636979 0.810494 0.018229 0.029488
0 0.554427 0.626843 0.020313 0.035126
0 0.765104 0.132047 0.020833 0.034258
0 0.888542 0.312446 0.016667 0.031657
0 0.282813 0.138768 0.020313 0.037294
0 0.533203 0.888552 0.017448 0.031223
0 0.926302 0.840850 0.018750 0.029488
0 0.846094 0.627277 0.019271 0.035126
0 0.387109 0.934735 0.020052 0.029055
0 0.944792 0.869254 0.019271 0.031657
0 0.808333 0.096704 0.019271 0.032958
0 0.471615 0.394840 0.017708 0.029922
0 0.215755 0.761925 0.021615 0.032958
0 0.553516 0.590199 0.020052 0.032958
0 0.389844 0.592585 0.021354 0.035126
0 0.411849 0.138768 0.019531 0.034692
0 0.862109 0.945794 0.017969 0.029488
0 0.843750 0.890937 0.018229 0.029055
0 0.471354 0.366435 0.018229 0.027754
0 0.638672 0.424545 0.017448 0.028621
0 0.676823 0.886817 0.020833 0.033825
0 0.807552 0.285343 0.017708 0.027754
0 0.867578 0.591717 0.019531 0.033391
0 0.430859 0.288595 0.018490 0.029922
0 0.766016 0.064831 0.022135 0.035993
0 0.431901 0.101908 0.020052 0.033825
0 0.883333 0.970945 0.022396 0.029488
0 0.282161 0.103643 0.020573 0.032090
0 0.783203 0.797051 0.018490 0.032958
0 0.866797 0.338682 0.018490 0.030356
0 0.619661 0.226149 0.019010 0.029055
0 0.301693 0.757589 0.020052 0.032958
0 0.638542 0.662619 0.019792 0.035559
0 0.429948 0.408716 0.018750 0.031657
0 0.430339 0.343452 0.017969 0.029488
0 0.887240 0.341067 0.017708 0.029055
0 0.214844 0.598005 0.019792 0.040763
0 0.907943 0.447095 0.019531 0.026019
0 0.576302 0.593018 0.019792 0.032524
0 0.907813 0.342368 0.018750 0.029922
0 0.724609 0.257372 0.019010 0.029055
0 0.347917 0.233088 0.020313 0.034258
0 0.430208 0.317216 0.017708 0.029055
0 0.618620 0.099957 0.019531 0.034258
0 0.325781 0.355377 0.018229 0.031657
0 0.929688 0.311362 0.018750 0.031223
0 0.493620 0.310061 0.018490 0.027754
0 0.555990 0.427797 0.018229 0.028187
0 0.827474 0.361015 0.017448 0.023851
0 0.325781 0.415438 0.019271 0.032090
0 0.742448 0.591500 0.019271 0.036427
0 0.391146 0.365568 0.018229 0.028621
0 0.619010 0.135516 0.021875 0.035126
0 0.698047 0.866869 0.018490 0.029488
0 0.127995 0.370989 0.018490 0.031657
0 0.926432 0.660234 0.019010 0.030789
0 0.637630 0.750650 0.019010 0.026886
0 0.889453 0.252602 0.018490 0.030789
0 0.764193 0.370989 0.020573 0.034258
0 0.698047 0.919558 0.018490 0.031657
0 0.618620 0.309627 0.017969 0.030356
0 0.907422 0.590416 0.019010 0.032524
0 0.703125 0.065915 0.019271 0.036427
0 0.760807 0.864701 0.017448 0.026019
0 0.555599 0.228317 0.017448 0.030789
0 0.828776 0.097572 0.019010 0.032090
0 0.721094 0.782307 0.016667 0.030356
0 0.325391 0.233088 0.020052 0.033391
0 0.828646 0.132697 0.018750 0.035559
0 0.216276 0.263877 0.019010 0.026453
0 0.888672 0.225065 0.017969 0.026019
0 0.618359 0.626843 0.019531 0.033391
0 0.660807 0.373807 0.017448 0.028621
0 0.064974 0.071986 0.019010 0.033825
0 0.260026 0.913270 0.019531 0.027754
0 0.472135 0.257589 0.018229 0.026886
0 0.887500 0.447311 0.020833 0.028187
0 0.887500 0.660017 0.019792 0.034692
0 0.781120 0.913703 0.018490 0.032090
0 0.534375 0.782741 0.017708 0.028621
0 0.618359 0.336730 0.016927 0.026453
0 0.492188 0.397008 0.017188 0.034258
0 0.703906 0.099740 0.019271 0.032958
0 0.326432 0.385299 0.019531 0.030789
0 0.909245 0.253686 0.018490 0.030356
0 0.864062 0.865568 0.018750 0.027754
0 0.699870 0.660451 0.019531 0.037294
0 0.576302 0.318083 0.021354 0.029922
0 0.304818 0.261925 0.019010 0.034692
0 0.259505 0.758890 0.020573 0.034692
0 0.597786 0.256071 0.019010 0.030789
0 0.128906 0.074154 0.019271 0.032958
0 0.824349 0.811578 0.016927 0.027320
0 0.866276 0.658933 0.020573 0.033391
0 0.597005 0.390286 0.018490 0.027754
0 0.948828 0.397008 0.017448 0.032524
0 0.575000 0.753903 0.019792 0.033391
0 0.576042 0.397008 0.018750 0.029922
0 0.806120 0.442758 0.021094 0.026019
0 0.945703 0.780356 0.017448 0.029922
0 0.512240 0.388335 0.018750 0.029055
0 0.827474 0.336947 0.017448 0.026019
0 0.555469 0.370555 0.016667 0.030789
0 0.843359 0.863617 0.018490 0.029922
0 0.867057 0.391587 0.019010 0.031223
0 0.512760 0.592585 0.018750 0.033391
0 0.739844 0.865785 0.018229 0.029055
0 0.173437 0.141587 0.021875 0.037728
0 0.450521 0.409584 0.018750 0.034258
0 0.410938 0.317433 0.017708 0.027754
0 0.085938 0.450564 0.022396 0.032958
0 0.085286 0.344102 0.020052 0.035126
0 0.173437 0.107329 0.021354 0.030789
0 0.493620 0.256505 0.017969 0.026453
0 0.086198 0.310928 0.020313 0.032090
0 0.867839 0.224415 0.019010 0.029922
0 0.764844 0.225932 0.019792 0.033825
0 0.368229 0.410668 0.019271 0.032090
0 0.701562 0.370338 0.018229 0.027754
0 0.945182 0.898742 0.017448 0.029922
0 0.513281 0.227884 0.019792 0.032524
0 0.595703 0.918040 0.017448 0.027754
0 0.637370 0.781873 0.017969 0.031223
0 0.535677 0.347355 0.017708 0.027754
0 0.431380 0.137034 0.019010 0.039029
0 0.697266 0.945794 0.019010 0.029488
0 0.617839 0.065048 0.019010 0.035559
0 0.412240 0.103426 0.019271 0.034258
0 0.430339 0.259324 0.018490 0.030356
0 0.595833 0.862533 0.018229 0.030356
0 0.087109 0.376626 0.019531 0.031657
0 0.533724 0.832394 0.016406 0.026453
0 0.908464 0.369905 0.019531 0.029488
0 0.848568 0.062879 0.019010 0.038161
0 0.302083 0.788595 0.019792 0.030789
0 0.783203 0.839115 0.019010 0.033825
0 0.369792 0.137901 0.020313 0.037294
0 0.574740 0.840850 0.019271 0.034692
0 0.702083 0.314180 0.018229 0.034258
0 0.085677 0.410885 0.021354 0.035993
0 0.948828 0.060928 0.019010 0.036860
0 0.046484 0.798135 0.018490 0.033391
0 0.659505 0.290546 0.019010 0.030356
0 0.450260 0.447311 0.020833 0.031657
0 0.387500 0.863833 0.019271 0.028621
0 0.238151 0.235690 0.020573 0.034258
0 0.575000 0.344102 0.017708 0.028187
0 0.802865 0.865785 0.017708 0.027320
0 0.702995 0.132480 0.021094 0.034258
0 0.804818 0.816349 0.019010 0.034258
0 0.887630 0.369471 0.017448 0.030356
0 0.554427 0.661969 0.018229 0.034258
0 0.782682 0.754987 0.017969 0.033825
0 0.555339 0.138118 0.018490 0.039462
0 0.512370 0.448612 0.021615 0.028187
0 0.698698 0.839766 0.017708 0.029055
0 0.823958 0.784692 0.018750 0.033391
0 0.193490 0.296834 0.020313 0.032524
0 0.596615 0.662186 0.019271 0.036427
0 0.867839 0.132264 0.018490 0.036427
0 0.553906 0.887684 0.019271 0.030356
0 0.823698 0.863617 0.017188 0.027320
0 0.743880 0.133998 0.017448 0.037294
0 0.552995 0.860147 0.017969 0.026453
0 0.862760 0.972246 0.021354 0.028621
0 0.576562 0.289679 0.018229 0.032090
0 0.908464 0.397658 0.018490 0.030356
0 0.597526 0.133998 0.020052 0.034692
0 0.533984 0.452082 0.021094 0.027320
0 0.887891 0.395273 0.015885 0.027320
0 0.867188 0.419775 0.020833 0.031223
0 0.926172 0.810928 0.018490 0.029488
0 0.513802 0.333912 0.019271 0.028621
0 0.615234 0.864918 0.017448 0.027320
0 0.388672 0.960755 0.023177 0.029055
0 0.616667 0.750000 0.018229 0.026453
0 0.238151 0.262359 0.018490 0.025152
0 0.947135 0.622940 0.018229 0.032524
0 0.848828 0.132264 0.019531 0.037294
0 0.846745 0.387684 0.016927 0.028621
0 0.065495 0.260841 0.017448 0.028187
0 0.598047 0.313313 0.017448 0.025585
0 0.659375 0.229402 0.018750 0.036427
0 0.702214 0.257589 0.017448 0.026886
0 0.325911 0.139636 0.018490 0.038161
0 0.680599 0.397441 0.016927 0.025585
0 0.763802 0.419558 0.018750 0.028187
0 0.655469 0.923894 0.018750 0.035993
0 0.761849 0.839115 0.015885 0.027754
0 0.946484 0.589332 0.019531 0.033825
0 0.806641 0.415872 0.019010 0.030356
0 0.452214 0.067216 0.019531 0.034692
0 0.302474 0.667606 0.020573 0.039462
0 0.512370 0.753252 0.017969 0.031223
0 0.701693 0.343886 0.018490 0.028621
0 0.575000 0.370121 0.017708 0.029055
0 0.451823 0.256288 0.018750 0.030356
0 0.347266 0.390069 0.018490 0.033391
0 0.723698 0.287294 0.017188 0.034258
0 0.929427 0.282958 0.019792 0.029055
0 0.742057 0.661535 0.019531 0.035126
0 0.682292 0.226800 0.017188 0.032090
0 0.616536 0.807676 0.017448 0.029055
0 0.806510 0.388768 0.017188 0.029055
0 0.615104 0.944493 0.016667 0.027754
0 0.823047 0.890937 0.016927 0.029055
0 0.660547 0.264094 0.019010 0.032090
0 0.722656 0.419991 0.020313 0.029055
0 0.842318 0.971162 0.021094 0.028187
0 0.576302 0.259324 0.017708 0.029488
0 0.949349 0.278838 0.017448 0.031223
0 0.512240 0.420208 0.019792 0.031223
0 0.169661 0.764310 0.020573 0.033391
0 0.724089 0.065048 0.019010 0.037294
0 0.806380 0.338248 0.016927 0.028621
0 0.929297 0.255637 0.019010 0.029922
0 0.387760 0.810711 0.018750 0.027320
0 0.846094 0.442541 0.019792 0.027320
0 0.944271 0.976800 0.019792 0.026453
0 0.808203 0.131830 0.020573 0.035559
0 0.452604 0.287511 0.018229 0.029488
0 0.763802 0.590850 0.018750 0.034258
0 0.108854 0.107546 0.019792 0.032090
0 0.764323 0.445577 0.021354 0.027320
0 0.597656 0.835212 0.016667 0.027754
0 0.492318 0.337814 0.017969 0.029488
0 0.659245 0.318951 0.017969 0.030789
0 0.724089 0.314831 0.016406 0.026019
0 0.786458 0.063964 0.019792 0.035993
0 0.216016 0.816349 0.022656 0.029922
0 0.802474 0.892454 0.016406 0.032090
0 0.888281 0.129011 0.019271 0.035126
0 0.904818 0.897225 0.017969 0.028621
0 0.742188 0.783825 0.017708 0.029922
0 0.828385 0.065481 0.017708 0.036427
0 0.883594 0.922376 0.021354 0.033825
0 0.193880 0.325672 0.019531 0.031223
0 0.763542 0.341284 0.018229 0.029488
0 0.949479 0.367736 0.021875 0.030356
0 0.391406 0.339549 0.018229 0.029488
0 0.661849 0.066349 0.017448 0.037294
0 0.760156 0.921292 0.018750 0.030789
0 0.723828 0.339983 0.017448 0.027754
0 0.929297 0.062446 0.017448 0.035559
0 0.885156 0.871422 0.019271 0.033391
0 0.719401 0.969644 0.020573 0.024284
0 0.107813 0.348439 0.019792 0.033391
0 0.866797 0.445360 0.020052 0.024284
0 0.679688 0.445794 0.020313 0.026886
0 0.827214 0.387034 0.017969 0.029922
0 0.927604 0.447745 0.020313 0.027320
0 0.640755 0.098656 0.020052 0.033391
0 0.043750 0.313747 0.018229 0.028187
0 0.783854 0.661535 0.020313 0.032524
0 0.827865 0.284042 0.017188 0.028621
0 0.258594 0.813313 0.019271 0.030789
0 0.085938 0.230919 0.019792 0.025585
0 0.304036 0.349306 0.020052 0.030789
0 0.348177 0.142671 0.021875 0.040763
0 0.761589 0.810711 0.016927 0.029055
0 0.848307 0.097138 0.018490 0.032090
0 0.928255 0.394623 0.018490 0.030356
0 0.470964 0.450564 0.020573 0.026019
0 0.368880 0.378794 0.019531 0.030789
0 0.659635 0.346921 0.017188 0.030356
0 0.512240 0.786860 0.020313 0.034258
0 0.597786 0.069167 0.017969 0.039462
0 0.044922 0.287728 0.016927 0.027320
0 0.925130 0.898959 0.018490 0.029488
0 0.556901 0.069384 0.020052 0.034692
0 0.826823 0.441023 0.019792 0.026019
0 0.150651 0.318083 0.016927 0.027320
0 0.681901 0.132264 0.020052 0.036427
0 0.470443 0.756505 0.021094 0.034258
0 0.927604 0.590416 0.018750 0.032524
0 0.346354 0.416305 0.018229 0.029488
0 0.764714 0.285343 0.016927 0.029488
0 0.904557 0.951431 0.017969 0.027754
0 0.677474 0.849740 0.019531 0.031657
0 0.106901 0.798352 0.017969 0.034692
0 0.045443 0.964657 0.017969 0.028187
0 0.847656 0.309410 0.016667 0.028187
0 0.904818 0.924761 0.017969 0.030789
0 0.513802 0.360364 0.017708 0.029488
0 0.719922 0.920642 0.016406 0.030356
0 0.533594 0.915872 0.018229 0.027754
0 0.127214 0.342368 0.019010 0.029922
0 0.389583 0.418690 0.018750 0.029922
0 0.304948 0.140720 0.020313 0.035126
0 0.127344 0.289245 0.020313 0.028621
0 0.513411 0.306592 0.017448 0.029488
0 0.700651 0.447745 0.021615 0.028187
0 0.943750 0.953382 0.018229 0.029055
0 0.389974 0.392888 0.017448 0.025152
0 0.173698 0.264310 0.019271 0.029922
0 0.762240 0.753252 0.018750 0.029488
0 0.785937 0.132480 0.018750 0.035126
0 0.923698 0.952515 0.019271 0.027320
0 0.150130 0.140286 0.020573 0.035126
0 0.864974 0.837598 0.019531 0.029922
0 0.785417 0.255854 0.019792 0.034692
0 0.259505 0.598222 0.020573 0.035993
0 0.660807 0.401127 0.017969 0.029488
0 0.720443 0.868387 0.017448 0.029055
0 0.923568 0.977667 0.020573 0.027320
0 0.554948 0.453166 0.019792 0.026886
0 0.348177 0.264310 0.019271 0.029055
0 0.214583 0.840850 0.020833 0.026886
0 0.762109 0.782741 0.016927 0.026886
0 0.926302 0.783174 0.018229 0.028621
0 0.847526 0.284692 0.018490 0.027320
0 0.948568 0.424545 0.019010 0.027754
0 0.555729 0.343018 0.017708 0.027754
0 0.885677 0.830876 0.019792 0.034692
0 0.410677 0.369688 0.017708 0.027320
0 0.369531 0.346704 0.018229 0.032524
0 0.085677 0.258023 0.018229 0.027754
0 0.764193 0.256938 0.018490 0.029055
0 0.885677 0.789462 0.019271 0.032524
0 0.064062 0.426713 0.018229 0.029488
0 0.471615 0.137901 0.019792 0.034692
0 0.636458 0.839549 0.016146 0.028621
0 0.723177 0.393539 0.018750 0.027320
0 0.410807 0.261709 0.017969 0.031657
0 0.801562 0.946010 0.017708 0.026453
0 0.656380 0.752168 0.019010 0.032524
0 0.949089 0.309627 0.016406 0.031223
0 0.129297 0.143755 0.020052 0.033391
0 0.806120 0.660668 0.019010 0.033391
0 0.429427 0.446010 0.020833 0.030789
0 0.944792 0.927363 0.017708 0.029055
0 0.723698 0.367303 0.018229 0.027754
0 0.533984 0.966392 0.020052 0.024718
0 0.195312 0.267780 0.019271 0.028187
0 0.906380 0.811795 0.019010 0.028621
0 0.885026 0.753686 0.017969 0.032958
0 0.846224 0.415221 0.017969 0.029055
0 0.170964 0.838031 0.017969 0.035126
0 0.493750 0.226366 0.017188 0.026886
0 0.679036 0.661969 0.016406 0.035126
0 0.597266 0.338899 0.016927 0.028187
0 0.553385 0.960971 0.019792 0.026019
0 0.128125 0.766912 0.019792 0.032524
0 0.387760 0.784475 0.020313 0.031223
0 0.724349 0.099306 0.019010 0.030356
0 0.536068 0.323287 0.016927 0.025585
0 0.619531 0.252602 0.017708 0.026453
0 0.925000 0.870555 0.018229 0.030789
0 0.802083 0.920642 0.017708 0.028621
0 0.302474 0.913487 0.017448 0.023851
0 0.064062 0.453382 0.020833 0.029055
0 0.847135 0.336513 0.018229 0.028621
0 0.236849 0.595837 0.019010 0.040763
0 0.635417 0.919991 0.017708 0.029055
0 0.409896 0.343452 0.017188 0.028621
0 0.804427 0.841067 0.017708 0.026453
0 0.535286 0.100173 0.019010 0.030356
0 0.909635 0.128794 0.019271 0.035559
0 0.738932 0.968560 0.020052 0.025585
0 0.107682 0.399827 0.019010 0.034692
0 0.721484 0.813530 0.017448 0.031223
0 0.888151 0.420642 0.017448 0.027754
0 0.720703 0.893972 0.015885 0.026453
0 0.723307 0.446010 0.022135 0.026453
0 0.391667 0.258890 0.017708 0.027754
0 0.847656 0.227233 0.018750 0.031223
0 0.843359 0.915438 0.016927 0.025152
0 0.258984 0.864050 0.016927 0.026453
0 0.616797 0.443192 0.020052 0.030356
0 0.301563 0.632264 0.020313 0.033825
0 0.924349 0.925629 0.018490 0.029922
0 0.741406 0.812879 0.017708 0.028187
0 0.493490 0.283174 0.018750 0.027754
0 0.785677 0.371856 0.018229 0.033391
0 0.596484 0.445143 0.020573 0.026453
0 0.639583 0.312446 0.017188 0.026453
0 0.676172 0.964224 0.022656 0.030789
0 0.347656 0.291197 0.017708 0.028187
0 0.825911 0.591717 0.017969 0.030789
0 0.514453 0.066782 0.019010 0.039896
0 0.697786 0.893105 0.019010 0.026453
0 0.619792 0.280572 0.017188 0.027754
0 0.554036 0.835646 0.018490 0.028621
0 0.678125 0.816999 0.018229 0.033825
0 0.702865 0.285343 0.019792 0.029488
0 0.927604 0.366435 0.017708 0.026886
0 0.387760 0.910451 0.018750 0.025585
0 0.658073 0.787511 0.019792 0.032090
0 0.305469 0.294232 0.018750 0.032524
0 0.513802 0.254987 0.018750 0.025152
0 0.535026 0.371639 0.017448 0.024284
0 0.428906 0.755637 0.020833 0.033391
0 0.635156 0.947095 0.017708 0.029488
0 0.065104 0.232871 0.018750 0.026019
0 0.391797 0.286210 0.017448 0.026886
0 0.828125 0.257372 0.018750 0.029922
0 0.347786 0.342585 0.016406 0.027754
0 0.907682 0.661535 0.017448 0.034258
0 0.045443 0.938205 0.017969 0.029922
0 0.636198 0.865134 0.016146 0.026886
0 0.786979 0.289029 0.021354 0.034258
0 0.064323 0.602125 0.021354 0.032524
0 0.128385 0.315915 0.019271 0.029922
0 0.107552 0.452082 0.020833 0.031657
0 0.821615 0.969861 0.020313 0.027320
0 0.327083 0.322853 0.020833 0.033391
0 0.128646 0.398309 0.017708 0.027320
0 0.762630 0.661535 0.019010 0.040330
0 0.615495 0.892888 0.016927 0.029488
0 0.640104 0.351474 0.018750 0.031657
0 0.865234 0.783825 0.017448 0.025585
0 0.303385 0.815915 0.020313 0.029922
0 0.822917 0.916739 0.016667 0.026886
0 0.862891 0.918040 0.015365 0.026886
0 0.215365 0.235473 0.020313 0.033825
0 0.682552 0.065481 0.020313 0.034692
0 0.044661 0.234822 0.019531 0.035993
0 0.575781 0.450347 0.022396 0.029055
0 0.949479 0.248916 0.017188 0.026019
0 0.780990 0.965091 0.020833 0.028187
0 0.554036 0.754337 0.018490 0.027320
0 0.763672 0.396141 0.020052 0.025585
0 0.635677 0.892021 0.016146 0.029488
0 0.150000 0.344102 0.017188 0.028187
0 0.346875 0.445794 0.021354 0.029488
0 0.676042 0.922160 0.020313 0.035993
0 0.171224 0.925412 0.020052 0.034692
0 0.215625 0.890720 0.017708 0.027754
0 0.410156 0.396141 0.016667 0.028187
0 0.868750 0.064614 0.019792 0.034692
0 0.724219 0.226583 0.018750 0.030789
0 0.128125 0.799003 0.018750 0.029055
0 0.301693 0.889853 0.018490 0.027754
0 0.472526 0.067216 0.020573 0.033825
0 0.595703 0.366435 0.021615 0.031223
0 0.654427 0.962489 0.022396 0.031657
0 0.784766 0.343452 0.017969 0.028621
0 0.260286 0.137684 0.017969 0.035993
0 0.825781 0.661535 0.019271 0.035126
0 0.430339 0.787728 0.021094 0.033391
0 0.368490 0.442324 0.021354 0.030356
0 0.214062 0.346704 0.019271 0.031657
0 0.639714 0.248482 0.017448 0.026886
0 0.678255 0.780356 0.017969 0.028187
0 0.800911 0.969644 0.020573 0.026019
0 0.640495 0.133348 0.018490 0.036860
0 0.193359 0.358196 0.020573 0.033825
0 0.325130 0.262576 0.018490 0.028187
0 0.108073 0.236990 0.018750 0.029922
0 0.216276 0.140286 0.020573 0.035126
0 0.491667 0.427363 0.018750 0.028187
0 0.948828 0.450564 0.020052 0.025152
0 0.867318 0.365785 0.018490 0.026453
0 0.781641 0.877927 0.017448 0.032524
0 0.390234 0.445360 0.020052 0.026886
0 0.494141 0.069818 0.019010 0.039896
0 0.533203 0.859280 0.017448 0.028187
0 0.640885 0.271249 0.017188 0.023851
0 0.553646 0.937121 0.018229 0.027754
0 0.260677 0.939939 0.018750 0.029055
0 0.169922 0.800304 0.019531 0.030789
0 0.303906 0.068734 0.018229 0.033391
0 0.171875 0.880312 0.020313 0.034692
0 0.259505 0.888335 0.017448 0.027320
0 0.348307 0.317216 0.017448 0.026453
0 0.238281 0.137684 0.020313 0.035126
0 0.214844 0.864918 0.018750 0.028187
0 0.043750 0.341284 0.018229 0.031223
0 0.236979 0.289245 0.019792 0.028621
0 0.533724 0.941674 0.017969 0.029055
0 0.948438 0.094536 0.019271 0.028621
0 0.492188 0.134866 0.018750 0.038161
0 0.194401 0.143972 0.020052 0.042498
0 0.554167 0.779271 0.017188 0.024284
0 0.596354 0.779488 0.017188 0.029055
0 0.617578 0.383781 0.017448 0.028621
0 0.345182 0.885299 0.021615 0.035993
0 0.470182 0.787511 0.019010 0.029488
0 0.063151 0.346921 0.019010 0.030356
0 0.759766 0.970295 0.020052 0.025585
0 0.513411 0.135299 0.019010 0.035559
0 0.301432 0.864484 0.018490 0.029055
0 0.698047 0.969644 0.020573 0.025152
0 0.472266 0.285126 0.017969 0.027320
0 0.594792 0.966609 0.018750 0.023417
0 0.410026 0.449480 0.019010 0.026453
0 0.063672 0.373374 0.017448 0.026886
0 0.304688 0.322420 0.017708 0.029055
0 0.577344 0.068300 0.019792 0.036860
0 0.064193 0.400260 0.017969 0.026886
0 0.215755 0.915438 0.017969 0.028621
0 0.386849 0.887684 0.017969 0.024284
0 0.346224 0.666739 0.023698 0.038595
0 0.640104 0.290980 0.016146 0.023417
0 0.283594 0.301388 0.019271 0.035559
0 0.614974 0.968777 0.017969 0.024284
0 0.149870 0.455551 0.021615 0.031657
0 0.085938 0.283825 0.017188 0.029055
0 0.301823 0.841067 0.017708 0.024718
0 0.785937 0.317216 0.017708 0.029055
0 0.044141 0.372073 0.017969 0.032958
0 0.301563 0.939722 0.020313 0.030356
0 0.216146 0.318517 0.018229 0.029922
0 0.170833 0.671292 0.021875 0.036427
0 0.107552 0.296834 0.017708 0.030789
0 0.553385 0.806592 0.017708 0.031223
0 0.428906 0.589983 0.022396 0.036860
0 0.173437 0.290980 0.018750 0.029488
0 0.300911 0.594319 0.019010 0.035993
0 0.215625 0.790763 0.019271 0.025585
0 0.045052 0.401995 0.019271 0.031223
0 0.302214 0.965958 0.022135 0.026453
0 0.491667 0.451431 0.020313 0.025152
0 0.063281 0.673244 0.019792 0.035126
0 0.615755 0.918690 0.016406 0.029055
0 0.173437 0.235690 0.018750 0.031657
0 0.451562 0.225932 0.018229 0.027754
0 0.949089 0.223981 0.019010 0.027320
0 0.949609 0.127493 0.020573 0.039029
0 0.150130 0.290330 0.020052 0.032524
0 0.553906 0.914137 0.017188 0.024284
0 0.065885 0.797051 0.018750 0.032090
0 0.391927 0.135299 0.018229 0.038161
0 0.656250 0.853209 0.017188 0.030789
0 0.903776 0.975716 0.019531 0.024284
0 0.216536 0.968127 0.022656 0.027320
0 0.128906 0.670859 0.021354 0.033825
0 0.470443 0.591500 0.023177 0.036427
0 0.634635 0.969861 0.017708 0.022984
0 0.785156 0.419341 0.017188 0.025152
0 0.237240 0.315915 0.020833 0.029055
0 0.172005 0.598439 0.020573 0.037294
0 0.261068 0.260191 0.020573 0.028621
0 0.108203 0.767346 0.017969 0.029922
0 0.259766 0.788378 0.019010 0.026019
0 0.556510 0.318300 0.018750 0.026019
0 0.303906 0.425412 0.018750 0.026886
0 0.345833 0.818517 0.019792 0.035126
0 0.910417 0.222680 0.017708 0.026453
0 0.151953 0.374675 0.022135 0.033825
0 0.044271 0.431049 0.017708 0.030356
0 0.344661 0.592801 0.021615 0.032958
0 0.388021 0.756071 0.018750 0.026453
0 0.535026 0.258456 0.019531 0.029488
0 0.193750 0.667606 0.018229 0.039462
0 0.042448 0.600607 0.017708 0.030356
0 0.303516 0.448612 0.020573 0.025585
0 0.304818 0.374892 0.019010 0.028187
0 0.044401 0.457719 0.020052 0.027320
0 0.347005 0.364050 0.016927 0.022116
0 0.127734 0.453599 0.021094 0.028621
0 0.325260 0.446661 0.021354 0.028621
0 0.172917 0.318083 0.018229 0.026453
0 0.260677 0.668257 0.021875 0.038161
0 0.387500 0.665872 0.020833 0.033391
0 0.193620 0.597355 0.020573 0.038595
0 0.346354 0.757155 0.020833 0.033825
0 0.128646 0.261925 0.020833 0.030356
0 0.639974 0.225065 0.016406 0.023417
0 0.127995 0.426930 0.020573 0.031657
0 0.106250 0.668907 0.020313 0.032524
0 0.785156 0.398959 0.016667 0.021683
0 0.929557 0.129879 0.020573 0.036860
0 0.261068 0.963790 0.020052 0.022984
0 0.303516 0.230703 0.018490 0.026886
0 0.173047 0.374241 0.018490 0.032090
0 0.171354 0.968127 0.024479 0.031657
0 0.908984 0.095620 0.016927 0.021249
0 0.064714 0.140069 0.020573 0.039896
0 0.345833 0.959670 0.025000 0.035559
0 0.065755 0.766696 0.017969 0.026019
0 0.534635 0.278187 0.017708 0.021249
0 0.193750 0.452298 0.020313 0.028621
0 0.451042 0.135733 0.018229 0.036427
0 0.171875 0.455117 0.019792 0.029055
0 0.828646 0.225065 0.017708 0.026019
0 0.326302 0.292281 0.018229 0.031223
0 0.282031 0.446878 0.021354 0.029055
0 0.867578 0.099523 0.020573 0.028187
0 0.045443 0.767780 0.016927 0.027320
0 0.304557 0.401127 0.019531 0.029488
0 0.045052 0.986340 0.018750 0.021249
0 0.639062 0.333478 0.016667 0.022550
0 0.150000 0.260624 0.019271 0.029488
0 0.043490 0.669775 0.018229 0.030789
0 0.107943 0.599523 0.023177 0.036860
0 0.744141 0.165221 0.016927 0.024284
0 0.128255 0.235690 0.019010 0.026453
0 0.786328 0.223981 0.017969 0.025585
0 0.262240 0.232437 0.021875 0.031223
0 0.744271 0.190590 0.015625 0.029055
0 0.284245 0.386600 0.020573 0.037728
0 0.238281 0.667823 0.020313 0.038161
0 0.046094 0.911969 0.017188 0.026019
0 0.258073 0.625325 0.016667 0.023417
0 0.909505 0.065048 0.017448 0.031223
0 0.236979 0.451648 0.021354 0.022984
0 0.043229 0.073938 0.020313 0.035993
0 0.044922 0.830225 0.016927 0.033391
0 0.890234 0.064180 0.020052 0.035559
0 0.149349 0.428014 0.017969 0.027754
0 0.149479 0.403729 0.018750 0.029488
0 0.214583 0.453382 0.019271 0.029922
0 0.238542 0.426930 0.019271 0.029922
0 0.283333 0.231570 0.016667 0.028621
0 0.259635 0.287728 0.019271 0.031657
0 0.150260 0.233738 0.017188 0.026019
0 0.681120 0.626409 0.018490 0.035126
0 0.349349 0.103209 0.020052 0.035559
0 0.370052 0.102125 0.018750 0.034258
0 0.806120 0.627710 0.019010 0.033391
0 0.169792 0.429748 0.020313 0.026019
0 0.575521 0.627277 0.018750 0.034258
0 0.170833 0.403079 0.019271 0.029922
0 0.639583 0.630095 0.019271 0.028621
0 0.597786 0.102992 0.016927 0.028187
0 0.283464 0.339549 0.016927 0.031223
0 0.238411 0.342585 0.014844 0.023417
0 0.044792 0.860147 0.016146 0.022116
0 0.045443 0.885733 0.015885 0.026453
0 0.044792 0.147225 0.014583 0.022116
0 0.193620 0.395273 0.015885 0.030789
0 0.193229 0.426930 0.016667 0.025585
0 0.214583 0.374241 0.019271 0.026886
0 0.216276 0.402428 0.015885 0.023417
0 0.215625 0.426930 0.014583 0.021249
0 0.237240 0.371206 0.018750 0.027754
0 0.237370 0.399827 0.017969 0.024284
0 0.260677 0.313530 0.016667 0.020815
0 0.261458 0.337598 0.016667 0.022116
0 0.261328 0.366002 0.017969 0.023417
0 0.259766 0.397441 0.020052 0.024718
0 0.259635 0.427580 0.021354 0.026886
0 0.259635 0.451431 0.018750 0.023417
