0 0.762999 0.165353 0.221282 0.168638
0 0.766022 0.321288 0.215236 0.153745
0 0.762696 0.477880 0.224305 0.156811
0 0.757557 0.641481 0.214027 0.167762
0 0.765115 0.818003 0.219468 0.183530
0 0.543229 0.167981 0.238815 0.169514
0 0.548972 0.318660 0.235792 0.142357
0 0.539601 0.477661 0.198912 0.182654
0 0.536276 0.650898 0.207981 0.193605
0 0.545345 0.819755 0.237001 0.161629
0 0.321342 0.163601 0.198912 0.163382
0 0.318924 0.487954 0.206167 0.175208
0 0.318924 0.660534 0.209794 0.189225
0 0.318924 0.819098 0.209794 0.155935
