0 0.880833 0.903057 0.022854 0.022789
0 0.660841 0.564930 0.021894 0.021161
0 0.293547 0.114216 0.023238 0.021523
0 0.708469 0.293724 0.025735 0.017001
0 0.825427 0.047387 0.022278 0.023512
0 0.681198 0.069181 0.024198 0.023693
0 0.897446 0.115663 0.020741 0.022608
0 0.685231 0.522156 0.022278 0.022789
0 0.660841 0.809731 0.022662 0.022789
0 0.733340 0.571170 0.020933 0.022065
0 0.827444 0.321487 0.024006 0.022970
0 0.105147 0.159613 0.024006 0.026949
0 0.463799 0.134021 0.024966 0.020980
0 0.613789 0.521794 0.020357 0.022065
0 0.806895 0.926479 0.023622 0.024778
0 0.589783 0.945469 0.022278 0.021161
0 0.660745 0.521704 0.022086 0.024055
0 0.346457 0.721740 0.023430 0.022970
0 0.416459 0.227166 0.022470 0.024598
0 0.802381 0.229698 0.025350 0.027491
0 0.463415 0.297432 0.023814 0.022608
0 0.637411 0.383614 0.024198 0.024236
0 0.245535 0.114397 0.020933 0.023332
0 0.874688 0.090884 0.022854 0.023332
0 0.371423 0.477302 0.023814 0.024598
0 0.296044 0.609061 0.020933 0.022246
0 0.562032 0.297974 0.022854 0.025864
0 0.688112 0.677157 0.023430 0.021342
0 0.826772 0.405679 0.023430 0.023512
0 0.833589 0.900253 0.024006 0.017906
0 0.321202 0.319407 0.023622 0.025321
0 0.684175 0.340658 0.023622 0.026949
0 0.587286 0.114849 0.024966 0.023151
0 0.897350 0.091789 0.020549 0.025140
0 0.590071 0.566829 0.020933 0.022789
0 0.297196 0.633930 0.022470 0.024598
0 0.326099 0.835052 0.023430 0.023512
0 0.294027 0.046934 0.023046 0.021885
0 0.370367 0.362272 0.024774 0.020980
0 0.129729 0.159432 0.024006 0.026225
0 0.317937 0.159613 0.024390 0.023693
0 0.710006 0.545126 0.022278 0.020980
0 0.801997 0.115844 0.023430 0.024417
0 0.419819 0.722011 0.020741 0.022065
0 0.106107 0.136553 0.025927 0.019533
0 0.854619 0.634201 0.023814 0.022608
0 0.827252 0.299964 0.022470 0.020799
0 0.294315 0.297884 0.020933 0.027130
0 0.588823 0.385603 0.024198 0.020980
0 0.515268 0.407850 0.026119 0.024598
0 0.827924 0.381986 0.023814 0.023512
0 0.540234 0.428739 0.024966 0.017906
0 0.637411 0.656086 0.021894 0.021523
0 0.106203 0.093778 0.028423 0.024055
0 0.614461 0.945560 0.023622 0.022065
0 0.708949 0.339031 0.022086 0.020799
0 0.318802 0.135739 0.025350 0.024417
0 0.827732 0.203744 0.021125 0.021161
0 0.592280 0.809731 0.022278 0.024959
0 0.800941 0.163954 0.023622 0.022608
0 0.106203 0.385151 0.025350 0.021523
0 0.269733 0.113221 0.024006 0.020257
0 0.708277 0.315247 0.023046 0.023512
0 0.341175 0.090704 0.020549 0.025140
0 0.396582 0.789022 0.024966 0.019714
0 0.395717 0.362814 0.023238 0.018086
0 0.207221 0.791825 0.026887 0.019895
0 0.854235 0.722644 0.022662 0.023693
0 0.662858 0.610689 0.022086 0.022970
0 0.922412 0.405860 0.023814 0.022789
0 0.658249 0.296347 0.024390 0.022246
0 0.130017 0.071170 0.022662 0.022246
0 0.463799 0.044221 0.024582 0.020438
0 0.897254 0.046211 0.022662 0.020799
0 0.439985 0.274371 0.019205 0.024598
0 0.274438 0.767408 0.019205 0.022789
0 0.344248 0.386869 0.022086 0.026406
0 0.469368 0.564930 0.023046 0.021523
0 0.518533 0.925303 0.020357 0.018810
0 0.751969 0.317056 0.021702 0.022065
0 0.396389 0.722463 0.023814 0.022246
0 0.228346 0.566377 0.021125 0.024778
0 0.294988 0.204920 0.022278 0.025321
0 0.803918 0.337674 0.022278 0.019895
0 0.900711 0.634382 0.022278 0.022246
0 0.494815 0.721016 0.022470 0.021885
0 0.611965 0.362543 0.020933 0.021885
0 0.640580 0.971514 0.022086 0.024055
0 0.341079 0.114306 0.021125 0.022065
0 0.657480 0.157714 0.024006 0.023874
0 0.349433 0.765419 0.023238 0.022427
0 0.343096 0.136824 0.022854 0.024055
0 0.755906 0.409839 0.021894 0.024236
0 0.398598 0.875746 0.024006 0.019172
0 0.587190 0.046844 0.023238 0.021342
0 0.446706 0.901791 0.022662 0.025683
0 0.610812 0.156990 0.024006 0.023151
0 0.269349 0.069000 0.024006 0.021885
0 0.419531 0.586725 0.021317 0.023512
0 0.734396 0.546482 0.021510 0.027311
0 0.752353 0.272382 0.021702 0.024598
0 0.468888 0.542865 0.022854 0.021161
0 0.542059 0.545578 0.022086 0.024417
0 0.708277 0.270845 0.023046 0.022970
0 0.296332 0.543860 0.021894 0.016640
0 0.536585 0.135196 0.022278 0.024417
0 0.152391 0.050552 0.025158 0.023693
0 0.734492 0.592512 0.022086 0.020980
0 0.616094 0.766142 0.021125 0.024598
0 0.657864 0.227528 0.023622 0.021342
0 0.298540 0.721649 0.021702 0.022065
0 0.204436 0.702930 0.025543 0.020076
0 0.588247 0.025321 0.021510 0.023874
0 0.418283 0.407578 0.022278 0.021161
0 0.441041 0.298607 0.020933 0.021342
0 0.394661 0.340568 0.020741 0.023874
0 0.466872 0.384247 0.024966 0.022246
0 0.661993 0.786309 0.023814 0.024778
0 0.806991 0.652831 0.023430 0.021523
0 0.398694 0.946374 0.022278 0.020799
0 0.614173 0.682492 0.023046 0.021885
0 0.156616 0.700127 0.025158 0.023874
0 0.899174 0.722192 0.021510 0.023512
0 0.512003 0.136553 0.023046 0.026768
0 0.293547 0.156990 0.021317 0.023874
0 0.201748 0.433894 0.022086 0.021342
0 0.273190 0.630042 0.024006 0.017906
0 0.393605 0.316422 0.020165 0.021885
0 0.920876 0.114397 0.023430 0.021885
0 0.565777 0.656357 0.020357 0.022789
0 0.923756 0.655453 0.024966 0.022065
0 0.878049 0.722554 0.020741 0.022065
0 0.229499 0.589618 0.021510 0.021342
0 0.566353 0.812805 0.020741 0.023512
0 0.877185 0.611774 0.023622 0.023693
0 0.705877 0.182131 0.022854 0.021342
0 0.324947 0.765147 0.021125 0.021885
0 0.135107 0.791192 0.023238 0.021523
0 0.293451 0.091698 0.022662 0.023151
0 0.806126 0.675348 0.022470 0.020257
0 0.897638 0.358383 0.020741 0.020076
0 0.157672 0.433261 0.026503 0.025140
0 0.639140 0.921595 0.021125 0.022246
0 0.370847 0.450534 0.024582 0.023151
0 0.589207 0.589166 0.021125 0.022246
0 0.687920 0.653011 0.024966 0.026225
0 0.136739 0.972237 0.022278 0.025864
0 0.302285 0.925122 0.022278 0.020619
0 0.731707 0.341472 0.021894 0.025321
0 0.296236 0.385513 0.025927 0.024055
0 0.205012 0.633930 0.023238 0.021704
0 0.080277 0.364985 0.023046 0.021342
0 0.414826 0.115753 0.019973 0.021704
0 0.104859 0.321668 0.023430 0.022246
0 0.369503 0.026497 0.023430 0.023332
0 0.321490 0.608700 0.020741 0.024778
0 0.395045 0.522518 0.024198 0.022427
0 0.104475 0.026949 0.024198 0.022065
0 0.565969 0.429915 0.024582 0.022427
0 0.561648 0.228251 0.024006 0.021342
0 0.469752 0.832791 0.022278 0.021161
0 0.683407 0.227889 0.024390 0.025683
0 0.879489 0.833785 0.020549 0.021704
0 0.393125 0.136643 0.020357 0.022608
0 0.708853 0.383252 0.022278 0.023874
0 0.760035 0.833243 0.020549 0.021342
0 0.760227 0.856394 0.022086 0.022427
0 0.878145 0.634201 0.023238 0.020076
0 0.761187 0.792368 0.022854 0.022427
0 0.130785 0.452342 0.021510 0.028215
0 0.615326 0.922138 0.022278 0.024055
0 0.300749 0.789112 0.023046 0.018810
0 0.711254 0.591970 0.022470 0.024959
0 0.803342 0.205010 0.022662 0.022246
0 0.415306 0.159161 0.019397 0.020257
0 0.757634 0.542955 0.022278 0.022789
0 0.158441 0.766504 0.026119 0.018448
0 0.633666 0.297884 0.020165 0.021342
0 0.415306 0.025140 0.020933 0.021704
0 0.779816 0.314885 0.024390 0.028577
0 0.661705 0.634021 0.023622 0.022970
0 0.416075 0.069181 0.022854 0.020438
0 0.422604 0.923675 0.020549 0.020257
0 0.325427 0.789745 0.022470 0.023693
0 0.369599 0.317236 0.024774 0.022789
0 0.638467 0.788479 0.021317 0.019353
0 0.804206 0.477935 0.024006 0.025864
0 0.848089 0.046753 0.021510 0.022608
0 0.855867 0.791463 0.020933 0.021342
0 0.780200 0.476759 0.020933 0.027130
0 0.760515 0.877916 0.020741 0.021342
0 0.374400 0.878007 0.021317 0.026949
0 0.638371 0.765961 0.021510 0.024959
0 0.443922 0.521071 0.022854 0.022065
0 0.850490 0.430277 0.021702 0.020619
0 0.157288 0.789202 0.022278 0.023332
0 0.751008 0.025683 0.023622 0.024236
0 0.850970 0.183487 0.023430 0.021523
0 0.712214 0.834961 0.020549 0.021523
0 0.614461 0.451890 0.022470 0.022608
0 0.710966 0.856484 0.021894 0.020076
0 0.636451 0.520528 0.021510 0.019533
0 0.200499 0.116115 0.022662 0.023512
0 0.489053 0.027039 0.021317 0.022246
0 0.222777 0.136462 0.020741 0.017544
0 0.444690 0.609604 0.021317 0.023332
0 0.804014 0.361367 0.020933 0.020619
0 0.660073 0.432718 0.024582 0.023693
0 0.660073 0.455598 0.024966 0.021704
0 0.590455 0.657262 0.023622 0.021342
0 0.709814 0.408030 0.025735 0.023151
0 0.850682 0.272201 0.019013 0.023512
0 0.154600 0.206909 0.025735 0.023874
0 0.615710 0.789112 0.021894 0.020619
0 0.343384 0.202387 0.022662 0.021342
0 0.221913 0.045849 0.019781 0.020799
0 0.200787 0.139356 0.023622 0.021885
0 0.898118 0.316694 0.020549 0.022427
0 0.832725 0.879092 0.024966 0.022608
0 0.156712 0.384880 0.026119 0.024236
0 0.824467 0.070808 0.023814 0.021885
0 0.441617 0.342286 0.021702 0.018991
0 0.232379 0.678694 0.024198 0.018629
0 0.293547 0.025231 0.024390 0.021523
0 0.566737 0.541508 0.022278 0.021704
0 0.781928 0.878188 0.020165 0.022246
0 0.445746 0.699674 0.024966 0.023332
0 0.800461 0.090161 0.024198 0.021523
0 0.566545 0.679689 0.022278 0.022427
0 0.656328 0.180774 0.022086 0.020799
0 0.827828 0.342196 0.022854 0.017001
0 0.270309 0.227256 0.021702 0.024055
0 0.803726 0.293272 0.020357 0.023693
0 0.468600 0.608067 0.022662 0.022427
0 0.560592 0.180774 0.023046 0.021523
0 0.732956 0.407759 0.020933 0.018629
0 0.222297 0.025321 0.021317 0.022065
0 0.561360 0.158347 0.024582 0.022608
0 0.295660 0.523241 0.018629 0.023874
0 0.157672 0.589528 0.022662 0.026587
0 0.105051 0.588624 0.022662 0.022608
0 0.683695 0.365618 0.023046 0.022246
0 0.321010 0.583831 0.020549 0.023874
0 0.849337 0.159523 0.020165 0.026406
0 0.633954 0.138723 0.020741 0.020980
0 0.277991 0.925936 0.023238 0.021885
0 0.561840 0.070356 0.022470 0.026406
0 0.566449 0.701664 0.022086 0.021161
0 0.851450 0.360011 0.021317 0.022608
0 0.275975 0.789474 0.021894 0.020619
0 0.590839 0.833966 0.018245 0.022427
0 0.586422 0.089709 0.025158 0.023151
0 0.712502 0.902243 0.021894 0.024417
0 0.419147 0.653554 0.020933 0.022608
0 0.853178 0.587991 0.020933 0.022789
0 0.635779 0.318231 0.023238 0.017544
0 0.567697 0.790378 0.023046 0.022065
0 0.687824 0.722825 0.024390 0.021161
0 0.807183 0.857479 0.023430 0.019533
0 0.779624 0.430729 0.023622 0.027311
0 0.490494 0.431181 0.023430 0.023151
0 0.441329 0.320402 0.018437 0.021523
0 0.804590 0.430729 0.024006 0.028757
0 0.761283 0.768584 0.023814 0.023693
0 0.344344 0.699494 0.021894 0.021885
0 0.682543 0.180865 0.024198 0.022065
0 0.444690 0.632393 0.021317 0.021523
0 0.080949 0.206366 0.024774 0.023874
0 0.488381 0.136010 0.021894 0.022789
0 0.372671 0.765600 0.021317 0.024598
0 0.318706 0.027401 0.024390 0.025864
0 0.294411 0.271568 0.020741 0.020438
0 0.899366 0.699403 0.021510 0.021704
0 0.325715 0.811630 0.022662 0.020438
0 0.587670 0.229517 0.023814 0.020619
0 0.226522 0.409839 0.023622 0.023512
0 0.343096 0.226352 0.022470 0.026587
0 0.876800 0.589076 0.020165 0.023512
0 0.373728 0.923585 0.019973 0.025502
0 0.348761 0.810183 0.021894 0.022970
0 0.250720 0.810997 0.024390 0.018448
0 0.659977 0.409206 0.021702 0.021523
0 0.084790 0.835052 0.022854 0.022789
0 0.804110 0.406764 0.020741 0.019533
0 0.610620 0.067101 0.023238 0.020619
0 0.293931 0.069000 0.020165 0.021885
0 0.204436 0.724815 0.026311 0.024055
0 0.637507 0.634382 0.023238 0.023332
0 0.369695 0.699494 0.022662 0.023332
0 0.276071 0.971243 0.022854 0.023151
0 0.706069 0.046030 0.020165 0.018629
0 0.586710 0.137728 0.024198 0.021161
0 0.248992 0.387864 0.022854 0.027672
0 0.368830 0.138904 0.024006 0.021704
0 0.128001 0.277446 0.020933 0.026406
0 0.247071 0.297793 0.022086 0.023693
0 0.857211 0.902604 0.022854 0.022970
0 0.326003 0.947549 0.020165 0.024598
0 0.711350 0.812715 0.021125 0.021885
0 0.922604 0.181588 0.023430 0.026044
0 0.613309 0.476397 0.019781 0.020980
0 0.833013 0.792187 0.023238 0.027491
0 0.613501 0.543317 0.021702 0.021342
0 0.615229 0.968620 0.021317 0.020438
0 0.853466 0.452342 0.022662 0.021342
0 0.661993 0.900344 0.021894 0.018448
0 0.417899 0.430367 0.023046 0.022246
0 0.566257 0.612317 0.020933 0.026225
0 0.661993 0.655905 0.022662 0.019714
0 0.470328 0.721107 0.021510 0.022065
0 0.296428 0.410201 0.023238 0.027491
0 0.561648 0.136824 0.022086 0.019353
0 0.685423 0.856122 0.023430 0.021161
0 0.566065 0.587177 0.020549 0.021523
0 0.736220 0.812353 0.024774 0.022608
0 0.587862 0.408392 0.022278 0.022065
0 0.561360 0.116296 0.023046 0.024236
0 0.899942 0.450262 0.021894 0.021161
0 0.393701 0.565202 0.022662 0.020619
0 0.851354 0.338850 0.022278 0.018629
0 0.444402 0.562579 0.024198 0.017182
0 0.759843 0.702026 0.023238 0.020438
0 0.422316 0.943842 0.020741 0.020076
0 0.585078 0.183397 0.020933 0.022789
0 0.637219 0.832791 0.022662 0.020799
0 0.657960 0.045849 0.018821 0.021885
0 0.279432 0.834599 0.023430 0.021161
0 0.899558 0.656538 0.023430 0.019895
0 0.946514 0.295714 0.020549 0.021342
0 0.947090 0.317598 0.023622 0.020980
0 0.827732 0.274462 0.022662 0.029481
0 0.731611 0.365075 0.021317 0.020799
0 0.438448 0.046844 0.022662 0.022427
0 0.873152 0.158980 0.021702 0.024236
0 0.321586 0.633297 0.022086 0.023332
0 0.565009 0.408483 0.021125 0.020438
0 0.543211 0.721740 0.022854 0.021885
0 0.751776 0.295714 0.020165 0.020619
0 0.207029 0.835504 0.024198 0.025140
0 0.782408 0.565925 0.024198 0.020257
0 0.493758 0.631669 0.021125 0.025864
0 0.706069 0.159613 0.024006 0.021885
0 0.712598 0.789564 0.022470 0.024778
0 0.848185 0.026135 0.022086 0.020076
0 0.801037 0.043227 0.023046 0.023151
0 0.414826 0.136914 0.018821 0.021704
0 0.230747 0.722735 0.019781 0.024959
0 0.317073 0.092512 0.020741 0.022970
0 0.415018 0.091970 0.019589 0.025140
0 0.735548 0.612679 0.019205 0.018991
0 0.438256 0.024507 0.022662 0.024055
0 0.441233 0.433080 0.020549 0.020438
0 0.828692 0.475041 0.023814 0.024778
0 0.826388 0.114216 0.023046 0.021885
0 0.295660 0.586453 0.020165 0.022246
0 0.777031 0.091337 0.023046 0.023874
0 0.824563 0.024598 0.022854 0.023151
0 0.297100 0.474408 0.026119 0.022427
0 0.755617 0.432809 0.020549 0.022065
0 0.614077 0.641074 0.021702 0.019714
0 0.536681 0.112859 0.022470 0.021704
0 0.849722 0.133840 0.023238 0.023512
0 0.590071 0.722192 0.022854 0.022427
0 0.541579 0.677790 0.021894 0.020076
0 0.876896 0.678242 0.018053 0.022427
0 0.590935 0.858202 0.021894 0.024959
0 0.439697 0.090432 0.022086 0.023874
0 0.920780 0.383342 0.020933 0.022608
0 0.222105 0.115663 0.020549 0.022970
0 0.922988 0.547115 0.024966 0.023151
0 0.418955 0.338850 0.022470 0.021885
0 0.446706 0.924851 0.021894 0.019714
0 0.832917 0.923133 0.024966 0.022427
0 0.421164 0.810997 0.020741 0.022427
0 0.418859 0.315880 0.024966 0.021161
0 0.464759 0.406855 0.023814 0.021161
0 0.344728 0.362633 0.024582 0.021342
0 0.268101 0.159342 0.021510 0.022065
0 0.491454 0.450443 0.021894 0.017182
0 0.133474 0.722102 0.021510 0.023332
0 0.807183 0.902333 0.021894 0.022065
0 0.318129 0.050642 0.020933 0.021704
0 0.639044 0.946645 0.022086 0.025683
0 0.732956 0.521885 0.019397 0.022970
0 0.679758 0.093507 0.024006 0.025683
0 0.415786 0.203111 0.021510 0.022789
0 0.855771 0.813167 0.020741 0.021342
0 0.564240 0.384880 0.019589 0.020980
0 0.463319 0.024055 0.023622 0.019172
0 0.659977 0.322481 0.024006 0.024598
0 0.562032 0.023874 0.026311 0.022789
0 0.682639 0.203201 0.025543 0.022608
0 0.515652 0.432176 0.022278 0.023332
0 0.444690 0.790288 0.020165 0.020438
0 0.444882 0.723639 0.023622 0.022789
0 0.775975 0.116658 0.024774 0.024236
0 0.904167 0.900977 0.022278 0.023332
0 0.660265 0.543769 0.021125 0.022246
0 0.201748 0.409658 0.023622 0.025321
0 0.224601 0.204196 0.022854 0.021704
0 0.613597 0.621722 0.020741 0.021885
0 0.536585 0.181859 0.022278 0.025140
0 0.395045 0.652107 0.020741 0.021885
0 0.269637 0.480647 0.026503 0.023693
0 0.589975 0.634563 0.021894 0.024055
0 0.828020 0.227256 0.020549 0.025864
0 0.441329 0.363990 0.019205 0.022608
0 0.203188 0.364261 0.025735 0.023151
0 0.417707 0.273829 0.020357 0.023512
0 0.731323 0.318683 0.018821 0.021704
0 0.134530 0.833152 0.021702 0.020076
0 0.279336 0.856936 0.022086 0.022065
0 0.294219 0.180503 0.020357 0.021342
0 0.372863 0.788027 0.022470 0.020619
0 0.729403 0.160246 0.023430 0.025321
0 0.920588 0.044764 0.022470 0.018267
0 0.898502 0.542232 0.021702 0.020619
0 0.244383 0.047296 0.022470 0.020438
0 0.658825 0.364261 0.022854 0.022789
0 0.489149 0.296799 0.021510 0.020619
0 0.827348 0.181317 0.021894 0.022246
0 0.899846 0.588443 0.020549 0.025864
0 0.490205 0.274824 0.022470 0.021523
0 0.269253 0.182764 0.021125 0.022246
0 0.874784 0.292096 0.021510 0.023151
0 0.536297 0.049647 0.022470 0.018629
0 0.422124 0.899078 0.019973 0.023874
0 0.759650 0.945560 0.023238 0.017725
0 0.464279 0.429734 0.024006 0.022427
0 0.418187 0.453066 0.021702 0.022789
0 0.223929 0.158166 0.023430 0.021161
0 0.852890 0.318502 0.022662 0.021704
0 0.516420 0.362995 0.026119 0.017363
0 0.659881 0.387050 0.020741 0.023151
0 0.225658 0.385061 0.020357 0.020980
0 0.439793 0.068638 0.022662 0.020076
0 0.367678 0.092784 0.021702 0.024959
0 0.396678 0.699132 0.024390 0.021523
0 0.830805 0.721288 0.020357 0.022427
0 0.349722 0.788208 0.021510 0.020980
0 0.200019 0.296980 0.022470 0.022065
0 0.705973 0.091065 0.023814 0.023332
0 0.589783 0.544131 0.021125 0.023332
0 0.753505 0.183758 0.023238 0.021704
0 0.153351 0.114578 0.023238 0.020799
0 0.152199 0.072798 0.022470 0.020438
0 0.153831 0.183849 0.022278 0.021885
0 0.320434 0.364713 0.020165 0.024778
0 0.494719 0.809459 0.023814 0.024417
0 0.897158 0.159161 0.021702 0.020980
0 0.876128 0.566287 0.019205 0.021704
0 0.422028 0.856846 0.020165 0.020076
0 0.515556 0.383975 0.022470 0.019895
0 0.713463 0.969976 0.022662 0.021342
0 0.273382 0.587267 0.023622 0.018448
0 0.946226 0.339573 0.022662 0.021523
0 0.753409 0.228251 0.023814 0.023512
0 0.567025 0.564750 0.023238 0.022970
0 0.297580 0.677338 0.024006 0.020619
0 0.897830 0.203744 0.021894 0.020799
0 0.564240 0.362905 0.020357 0.022608
0 0.833301 0.945922 0.023046 0.021704
0 0.134050 0.656990 0.023814 0.022246
0 0.109660 0.924941 0.021125 0.020257
0 0.294219 0.228974 0.023814 0.026044
0 0.661801 0.921595 0.019205 0.022246
0 0.806991 0.788388 0.021125 0.017363
0 0.880545 0.879002 0.023430 0.022427
0 0.346265 0.274191 0.022662 0.027130
0 0.161225 0.970881 0.022854 0.022427
0 0.397638 0.854947 0.024390 0.023151
0 0.681198 0.138181 0.022278 0.022065
0 0.222201 0.091427 0.019973 0.022246
0 0.919819 0.089709 0.020933 0.024236
0 0.778855 0.340477 0.023622 0.021161
0 0.610812 0.024959 0.020549 0.022065
0 0.922220 0.471966 0.023430 0.024055
0 0.875072 0.182040 0.022470 0.022246
0 0.850682 0.227889 0.023238 0.022427
0 0.514212 0.315609 0.022854 0.022427
0 0.776551 0.069090 0.022854 0.020619
0 0.393605 0.431452 0.020165 0.025140
0 0.248608 0.411738 0.020933 0.020076
0 0.828596 0.451438 0.024390 0.018448
0 0.542059 0.789474 0.019013 0.020980
0 0.472633 0.946374 0.023046 0.020799
0 0.396005 0.676252 0.024582 0.022427
0 0.541963 0.656357 0.020741 0.022789
0 0.590071 0.699946 0.022470 0.020257
0 0.783080 0.632393 0.024774 0.024417
0 0.081141 0.161422 0.025543 0.022246
0 0.444018 0.542503 0.022278 0.019353
0 0.615037 0.876650 0.023238 0.021342
0 0.851354 0.296166 0.019973 0.024055
0 0.542635 0.900344 0.021702 0.023874
0 0.805934 0.585458 0.024390 0.021342
0 0.728250 0.043407 0.021894 0.020619
0 0.707029 0.227980 0.021317 0.021885
0 0.156616 0.723729 0.022086 0.022246
0 0.271077 0.541508 0.022086 0.021342
0 0.567025 0.921143 0.019397 0.020257
0 0.688208 0.966630 0.021702 0.026587
0 0.878721 0.855580 0.022470 0.021161
0 0.130689 0.398083 0.022470 0.024236
0 0.735740 0.945741 0.019973 0.019895
0 0.639908 0.679327 0.023814 0.024236
0 0.317457 0.071713 0.020357 0.021161
0 0.269925 0.455959 0.023238 0.027491
0 0.326099 0.857840 0.021510 0.019895
0 0.518533 0.589528 0.021125 0.022608
0 0.159881 0.656810 0.026695 0.025502
0 0.420588 0.787936 0.019973 0.020438
0 0.130593 0.135920 0.024582 0.018629
0 0.369599 0.520799 0.021317 0.022970
0 0.750816 0.047839 0.021702 0.020076
0 0.516132 0.341834 0.023622 0.024598
0 0.348665 0.857750 0.022470 0.021523
0 0.782504 0.610147 0.022854 0.020438
0 0.920300 0.065202 0.022278 0.022246
0 0.639620 0.700760 0.023238 0.019714
0 0.445458 0.654097 0.026311 0.020076
0 0.614749 0.899982 0.023430 0.019895
0 0.876800 0.654910 0.019013 0.019533
0 0.662089 0.587448 0.021702 0.023512
0 0.801805 0.139808 0.022662 0.023874
0 0.516804 0.453427 0.023046 0.020257
0 0.345785 0.653373 0.022086 0.026225
0 0.799405 0.067643 0.024390 0.021704
0 0.349241 0.946374 0.022470 0.022608
0 0.395717 0.455869 0.024390 0.022970
0 0.161321 0.924941 0.024582 0.021342
0 0.153639 0.093507 0.024582 0.023512
0 0.345304 0.340749 0.021510 0.022065
0 0.923276 0.569181 0.023238 0.020980
0 0.638275 0.610780 0.023238 0.022065
0 0.921356 0.360011 0.021702 0.022608
0 0.517957 0.721016 0.022662 0.021161
0 0.923084 0.203834 0.021317 0.018810
0 0.298060 0.699041 0.021894 0.022427
0 0.396678 0.831073 0.022854 0.023151
0 0.707029 0.203834 0.020933 0.022427
0 0.321106 0.294086 0.025350 0.026406
0 0.302189 0.945831 0.022086 0.020076
0 0.133762 0.768674 0.019781 0.023512
0 0.778375 0.268584 0.022278 0.019533
0 0.827828 0.429825 0.020549 0.023332
0 0.568273 0.767227 0.020357 0.024959
0 0.247167 0.363176 0.019589 0.020619
0 0.779336 0.365256 0.020357 0.021885
0 0.464663 0.176162 0.021317 0.020980
0 0.711734 0.947459 0.023046 0.022608
0 0.874112 0.115211 0.020933 0.024598
0 0.760803 0.723368 0.024774 0.021885
0 0.130785 0.226442 0.022278 0.021704
0 0.348473 0.833514 0.021317 0.020799
0 0.924141 0.701302 0.021894 0.027672
0 0.249760 0.584735 0.020165 0.021704
0 0.633666 0.047658 0.022470 0.021523
0 0.129153 0.049286 0.024006 0.022246
0 0.736316 0.833514 0.026119 0.019714
0 0.249472 0.561946 0.019205 0.021704
0 0.784137 0.946012 0.022278 0.021523
0 0.519493 0.945922 0.021125 0.019533
0 0.729307 0.204467 0.023622 0.022246
0 0.807279 0.968710 0.024006 0.020257
0 0.733052 0.428559 0.021894 0.018991
0 0.392933 0.111865 0.021125 0.026225
0 0.828884 0.522427 0.020357 0.023693
0 0.542731 0.811449 0.020357 0.021885
0 0.109564 0.790559 0.024774 0.019172
0 0.611677 0.226442 0.025350 0.025321
0 0.228250 0.545307 0.022086 0.017001
0 0.497407 0.901791 0.021894 0.020980
0 0.342520 0.159070 0.020549 0.021523
0 0.854523 0.655363 0.019781 0.020438
0 0.198963 0.047296 0.022278 0.020438
0 0.399558 0.922138 0.023622 0.025864
0 0.369887 0.382438 0.022278 0.018991
0 0.730747 0.272111 0.018821 0.021885
0 0.803438 0.454693 0.022854 0.020980
0 0.157288 0.409658 0.025350 0.020257
0 0.112733 0.947368 0.023814 0.019533
0 0.250624 0.767137 0.023046 0.023693
0 0.132418 0.543588 0.020933 0.023332
0 0.590455 0.453880 0.021702 0.020438
0 0.369599 0.116838 0.024390 0.022065
0 0.298540 0.767227 0.022854 0.026044
0 0.320434 0.430638 0.024006 0.017725
0 0.445362 0.676886 0.024966 0.022970
0 0.113309 0.969253 0.023430 0.018086
0 0.878145 0.700217 0.019013 0.020799
0 0.445458 0.810997 0.023622 0.019895
0 0.920780 0.270392 0.021317 0.022789
0 0.660649 0.477663 0.022662 0.022065
0 0.493662 0.543317 0.019013 0.018448
0 0.268485 0.136643 0.022278 0.021523
0 0.080661 0.344004 0.023046 0.020257
0 0.829076 0.545035 0.018821 0.020799
0 0.490205 0.408392 0.023622 0.021704
0 0.513347 0.182492 0.021894 0.023151
0 0.303342 0.878821 0.026695 0.022789
0 0.469752 0.788388 0.023046 0.020619
0 0.346457 0.452704 0.021894 0.024598
0 0.685231 0.543950 0.020741 0.020076
0 0.686192 0.564297 0.022662 0.019895
0 0.567601 0.856394 0.024006 0.020619
0 0.391972 0.204829 0.021510 0.022970
0 0.634242 0.069633 0.022470 0.021704
0 0.760035 0.967083 0.022854 0.023874
0 0.542443 0.612769 0.021702 0.021704
0 0.659305 0.879816 0.026503 0.020438
0 0.898118 0.381986 0.022086 0.024236
0 0.495007 0.676524 0.024390 0.020438
0 0.369695 0.403780 0.021510 0.020799
0 0.709430 0.522970 0.022662 0.023332
0 0.758402 0.609242 0.024582 0.020799
0 0.634050 0.114939 0.022086 0.025864
0 0.854619 0.700579 0.021894 0.021523
0 0.587382 0.159523 0.024390 0.022065
0 0.925869 0.814885 0.021894 0.021161
0 0.804206 0.384518 0.024390 0.021342
0 0.754465 0.341834 0.021702 0.022789
0 0.487805 0.048833 0.019973 0.022065
0 0.542251 0.969163 0.022470 0.022608
0 0.134434 0.947278 0.020741 0.022246
0 0.203572 0.679960 0.025350 0.025864
0 0.487229 0.070266 0.019973 0.020076
0 0.396101 0.478568 0.023238 0.022427
0 0.317361 0.227889 0.021317 0.023874
0 0.201748 0.386688 0.025158 0.019172
0 0.775591 0.048110 0.023238 0.019172
0 0.540714 0.451890 0.022086 0.020438
0 0.639044 0.899982 0.021317 0.020619
0 0.566929 0.722735 0.021510 0.022789
0 0.397638 0.767137 0.024390 0.023332
0 0.879681 0.925755 0.022854 0.020799
0 0.614653 0.853861 0.021702 0.019533
0 0.230075 0.612498 0.018437 0.023332
0 0.806606 0.721740 0.023046 0.024055
0 0.203380 0.586182 0.022278 0.027130
0 0.712886 0.877283 0.023814 0.020799
0 0.687056 0.699946 0.021702 0.023151
0 0.848089 0.070266 0.021125 0.023693
0 0.946706 0.384880 0.023622 0.023874
0 0.369022 0.180955 0.024006 0.018991
0 0.756482 0.520709 0.020741 0.020257
0 0.248416 0.201121 0.021702 0.019533
0 0.226714 0.431181 0.024006 0.019533
0 0.422700 0.876650 0.020741 0.018448
0 0.152967 0.026678 0.025543 0.025502
0 0.318129 0.112407 0.021317 0.018629
0 0.711062 0.567010 0.020549 0.024598
0 0.104667 0.204015 0.024582 0.022789
0 0.856155 0.857569 0.021125 0.022970
0 0.805934 0.697866 0.022086 0.020076
0 0.489821 0.320130 0.022086 0.024598
0 0.345208 0.521432 0.019397 0.019895
0 0.295948 0.362272 0.021894 0.020619
0 0.227386 0.523603 0.018053 0.023512
0 0.346649 0.410562 0.023046 0.020619
0 0.199443 0.069452 0.021702 0.020980
0 0.472441 0.900615 0.024966 0.023693
0 0.562608 0.319768 0.022086 0.017363
0 0.204340 0.610960 0.023814 0.021704
0 0.684079 0.429192 0.020741 0.025321
0 0.129249 0.303491 0.019205 0.021704
0 0.081237 0.385874 0.022662 0.020799
0 0.561072 0.094954 0.022086 0.022065
0 0.513251 0.067824 0.023238 0.023151
0 0.396870 0.809097 0.024774 0.020438
0 0.779143 0.453427 0.020357 0.019172
0 0.367774 0.047748 0.021510 0.019895
0 0.736124 0.856394 0.026119 0.023874
0 0.368734 0.068548 0.021894 0.022065
0 0.899654 0.677790 0.021702 0.020799
0 0.542251 0.522065 0.024006 0.021523
0 0.251584 0.789293 0.022662 0.019533
0 0.441521 0.387231 0.019973 0.022427
0 0.877761 0.965726 0.019397 0.021885
0 0.946226 0.270754 0.021510 0.024236
0 0.319282 0.181769 0.024006 0.018448
0 0.270693 0.431724 0.021317 0.020980
0 0.495295 0.833966 0.022278 0.023151
0 0.399078 0.898535 0.022662 0.022789
0 0.419819 0.675529 0.019589 0.019895
0 0.464663 0.273738 0.024774 0.022246
0 0.368542 0.604540 0.022662 0.021523
0 0.325907 0.901881 0.022278 0.023693
0 0.876704 0.452342 0.023430 0.026768
0 0.758018 0.632212 0.023046 0.022970
0 0.276839 0.948725 0.022470 0.021523
0 0.729595 0.090523 0.022278 0.022246
0 0.754177 0.205553 0.024582 0.022970
0 0.130497 0.094502 0.023622 0.022970
0 0.154504 0.160969 0.022086 0.025683
0 0.878913 0.790016 0.022470 0.020980
0 0.348377 0.924670 0.021510 0.020799
0 0.613213 0.704106 0.022662 0.022065
0 0.321586 0.655182 0.022086 0.018991
0 0.878817 0.768403 0.022662 0.022246
0 0.157960 0.857660 0.022470 0.024598
0 0.487997 0.094230 0.023430 0.028577
0 0.783945 0.922952 0.023046 0.019895
0 0.923949 0.677157 0.023046 0.020257
0 0.419051 0.382076 0.021125 0.020076
0 0.511427 0.026135 0.020357 0.022246
0 0.445458 0.768132 0.021317 0.023151
0 0.613693 0.384156 0.022854 0.018810
0 0.901863 0.611955 0.023430 0.020076
0 0.682255 0.272653 0.020549 0.022246
0 0.395141 0.544674 0.024390 0.019714
0 0.204052 0.561584 0.024006 0.018448
0 0.875168 0.204558 0.021125 0.020619
0 0.224986 0.227347 0.020933 0.024598
0 0.635203 0.337584 0.021317 0.016820
0 0.464855 0.064750 0.024006 0.019533
0 0.921164 0.294900 0.022470 0.022246
0 0.706549 0.067734 0.023814 0.022608
0 0.561744 0.046120 0.021510 0.022065
0 0.613693 0.725629 0.024774 0.019895
0 0.109468 0.768584 0.022662 0.021885
0 0.109468 0.812443 0.023046 0.023512
0 0.447283 0.969253 0.022278 0.020619
0 0.897734 0.067462 0.022086 0.022789
0 0.757538 0.565473 0.021702 0.021161
0 0.104955 0.047839 0.024774 0.017906
0 0.681679 0.024507 0.022086 0.023332
0 0.472729 0.968258 0.023238 0.023332
0 0.271654 0.294990 0.022086 0.020980
0 0.587959 0.320311 0.024390 0.026406
0 0.469560 0.765780 0.020741 0.019895
0 0.686096 0.878459 0.023622 0.022427
0 0.662186 0.945469 0.021510 0.020076
0 0.589495 0.522337 0.021702 0.020980
0 0.245631 0.157262 0.021125 0.020799
0 0.463799 0.111955 0.021894 0.022427
0 0.712502 0.925303 0.019205 0.021704
0 0.080277 0.544493 0.023046 0.020438
0 0.877185 0.476488 0.023238 0.022246
0 0.803630 0.315518 0.019397 0.021161
0 0.225178 0.181407 0.024390 0.023874
0 0.781928 0.543498 0.023238 0.024236
0 0.108028 0.720564 0.023622 0.024959
0 0.447283 0.879182 0.024582 0.020257
0 0.560784 0.274371 0.023430 0.020980
0 0.321298 0.451890 0.023046 0.021161
0 0.682831 0.293905 0.020933 0.016640
0 0.758882 0.902152 0.022854 0.021342
0 0.398310 0.968439 0.023046 0.021885
0 0.340791 0.066649 0.021317 0.023332
0 0.731419 0.386960 0.022086 0.018991
0 0.612061 0.134473 0.020741 0.019714
0 0.438256 0.134201 0.021894 0.022427
0 0.687152 0.833243 0.024966 0.023512
0 0.318610 0.411376 0.021894 0.020076
0 0.541963 0.587810 0.020741 0.024598
0 0.852698 0.610780 0.020357 0.020257
0 0.805934 0.767408 0.020933 0.019533
0 0.520261 0.830530 0.021125 0.018448
0 0.895237 0.023965 0.021317 0.024417
0 0.567025 0.898083 0.021317 0.020438
0 0.759843 0.924670 0.022854 0.022970
0 0.275110 0.696509 0.023622 0.019895
0 0.318898 0.203111 0.022470 0.020980
0 0.779720 0.385784 0.021510 0.018086
0 0.393125 0.607705 0.020741 0.020980
0 0.512963 0.089890 0.022662 0.018810
0 0.446322 0.947097 0.020357 0.022970
0 0.872959 0.024688 0.019397 0.020799
0 0.898694 0.226804 0.024774 0.022789
0 0.470136 0.677157 0.020357 0.021342
0 0.925485 0.793453 0.019205 0.019895
0 0.494911 0.698228 0.022662 0.021523
0 0.278855 0.812896 0.026503 0.022608
0 0.343480 0.044312 0.023238 0.016278
0 0.610716 0.180141 0.023430 0.020619
0 0.301229 0.810364 0.020165 0.022970
0 0.685519 0.765057 0.020165 0.020257
0 0.735548 0.632845 0.019589 0.018086
0 0.294603 0.135015 0.024582 0.020076
0 0.321010 0.537801 0.020549 0.019353
0 0.203092 0.476759 0.025927 0.020980
0 0.320146 0.388678 0.019589 0.022427
0 0.685519 0.607253 0.020933 0.018991
0 0.244479 0.089618 0.021125 0.024778
0 0.779528 0.204739 0.020741 0.022065
0 0.590647 0.678694 0.023238 0.020799
0 0.493086 0.586725 0.020549 0.022427
0 0.610620 0.046211 0.019781 0.020076
0 0.109852 0.878278 0.020357 0.024236
0 0.367870 0.221830 0.020933 0.026225
0 0.855579 0.834509 0.019205 0.021342
0 0.135299 0.902604 0.022854 0.021523
0 0.825235 0.092150 0.022278 0.020799
0 0.636547 0.587629 0.022086 0.023874
0 0.202132 0.319678 0.023622 0.023693
0 0.247647 0.179056 0.022086 0.020257
0 0.830325 0.630494 0.025927 0.018086
0 0.296140 0.655815 0.021125 0.020980
0 0.588823 0.431543 0.021894 0.023151
0 0.416555 0.180051 0.023046 0.022246
0 0.368734 0.542594 0.019973 0.018086
0 0.537258 0.092241 0.022470 0.018086
0 0.417803 0.294357 0.021702 0.016459
0 0.199731 0.273558 0.020741 0.024055
0 0.393029 0.067191 0.022470 0.021523
0 0.326484 0.970971 0.021510 0.019353
0 0.497119 0.945017 0.020165 0.020619
0 0.659305 0.273919 0.020741 0.018991
0 0.469368 0.630222 0.019973 0.021885
0 0.900134 0.521161 0.020357 0.020076
0 0.347993 0.901067 0.023046 0.018810
0 0.757730 0.586725 0.021702 0.020980
0 0.277895 0.880087 0.021125 0.024236
0 0.468408 0.585911 0.022662 0.019353
0 0.488381 0.178061 0.022278 0.021523
0 0.129921 0.183397 0.020933 0.018448
0 0.078740 0.140713 0.023430 0.021704
0 0.252737 0.832158 0.024582 0.020257
0 0.205301 0.769850 0.026887 0.024778
0 0.830613 0.565383 0.023046 0.018810
0 0.135683 0.878730 0.022086 0.021523
0 0.730555 0.227799 0.022278 0.023693
0 0.825523 0.157895 0.020549 0.023151
0 0.806895 0.834419 0.020165 0.022970
0 0.851066 0.383523 0.022854 0.023693
0 0.492414 0.471695 0.021125 0.020619
0 0.709622 0.360644 0.021510 0.018448
0 0.731131 0.296437 0.019589 0.022427
0 0.660457 0.856484 0.021125 0.025140
0 0.805742 0.563574 0.019397 0.019533
0 0.854043 0.678513 0.020741 0.021161
0 0.832053 0.814614 0.022086 0.018810
0 0.319858 0.559776 0.021317 0.025321
0 0.898022 0.338398 0.019973 0.017725
0 0.393221 0.158256 0.024774 0.018810
0 0.129633 0.026044 0.022662 0.022427
0 0.520453 0.851962 0.020357 0.021161
0 0.685904 0.811177 0.022854 0.021342
0 0.105147 0.069633 0.024006 0.023512
0 0.463511 0.319135 0.021317 0.022970
0 0.755906 0.362000 0.024966 0.015735
0 0.922892 0.522246 0.023622 0.026225
0 0.874112 0.270121 0.022086 0.020799
0 0.850970 0.205553 0.022278 0.021885
0 0.160937 0.946555 0.023814 0.021523
0 0.321106 0.342015 0.024198 0.019895
0 0.904456 0.791373 0.023238 0.022970
0 0.781832 0.586996 0.021125 0.019714
0 0.853082 0.475583 0.023046 0.019353
0 0.418763 0.630494 0.022854 0.022789
0 0.394949 0.383342 0.022086 0.018629
0 0.542827 0.945741 0.021702 0.022789
0 0.830133 0.677338 0.019397 0.019895
0 0.295372 0.431814 0.021125 0.015373
0 0.198579 0.024869 0.021510 0.023332
0 0.370271 0.722644 0.022278 0.020438
0 0.105435 0.298155 0.020357 0.024778
0 0.247263 0.321125 0.021317 0.021161
0 0.392645 0.180503 0.022086 0.023151
0 0.543115 0.923313 0.022662 0.022065
0 0.208277 0.811991 0.025158 0.022246
0 0.419915 0.609242 0.025543 0.019353
0 0.231131 0.657443 0.022086 0.020980
0 0.519877 0.766323 0.019589 0.021342
0 0.686000 0.923946 0.023046 0.022608
0 0.248704 0.431905 0.018821 0.020257
0 0.634915 0.406855 0.021510 0.021885
0 0.710294 0.474046 0.021317 0.024959
0 0.803726 0.270212 0.021510 0.020980
0 0.853274 0.564750 0.020741 0.023332
0 0.537930 0.319316 0.019589 0.018991
0 0.590647 0.921957 0.023622 0.023693
0 0.441137 0.410562 0.019973 0.023151
0 0.757250 0.655453 0.021894 0.019172
0 0.708757 0.429282 0.022086 0.018267
0 0.634530 0.180412 0.018821 0.023332
0 0.874208 0.356755 0.020741 0.020076
0 0.637891 0.810002 0.021702 0.021885
0 0.640196 0.723910 0.025543 0.023693
0 0.344728 0.563393 0.019973 0.019533
0 0.272902 0.609061 0.022278 0.022608
0 0.729979 0.135377 0.021510 0.024778
0 0.205205 0.655996 0.025927 0.019172
0 0.419051 0.520438 0.018821 0.019714
0 0.246975 0.273377 0.020741 0.025864
0 0.736893 0.968530 0.023046 0.022065
0 0.157384 0.478477 0.024390 0.023693
0 0.713175 0.723277 0.025543 0.021342
0 0.834742 0.969434 0.021317 0.022065
0 0.705877 0.137005 0.021317 0.021523
0 0.541963 0.633116 0.019973 0.019714
0 0.250048 0.607976 0.021894 0.018267
0 0.779336 0.406403 0.021125 0.017725
0 0.587959 0.066468 0.022470 0.018629
0 0.301805 0.970790 0.022470 0.020076
0 0.706357 0.114939 0.023814 0.023693
0 0.805742 0.541599 0.020165 0.018629
0 0.512579 0.159975 0.020357 0.020076
0 0.875264 0.226081 0.023238 0.019895
0 0.781928 0.652288 0.022086 0.017544
0 0.247743 0.226171 0.019973 0.025502
0 0.370271 0.652017 0.020357 0.021342
0 0.422124 0.766413 0.021894 0.021161
0 0.564913 0.451076 0.022470 0.017363
0 0.247935 0.521432 0.017669 0.019533
0 0.514788 0.293995 0.020165 0.016459
0 0.538314 0.295171 0.019589 0.024959
0 0.903783 0.857117 0.020357 0.020257
0 0.592472 0.786037 0.022662 0.020980
0 0.851834 0.408302 0.022086 0.022970
0 0.104955 0.544312 0.022086 0.024055
0 0.439408 0.199584 0.022662 0.024778
0 0.201364 0.228432 0.021317 0.024959
0 0.439793 0.224453 0.021125 0.022065
0 0.104667 0.227889 0.021894 0.023874
0 0.420972 0.834961 0.021894 0.019353
0 0.566641 0.875746 0.020165 0.019172
0 0.135875 0.924851 0.024006 0.022970
0 0.566833 0.965817 0.022854 0.017001
0 0.516900 0.523422 0.021702 0.023512
0 0.751296 0.161331 0.019973 0.021704
0 0.807087 0.810092 0.022086 0.023874
0 0.899462 0.563212 0.019781 0.019533
0 0.586422 0.206366 0.019781 0.023874
0 0.467640 0.452433 0.024582 0.019714
0 0.852698 0.521161 0.022662 0.019353
0 0.252353 0.722644 0.018437 0.021523
0 0.271365 0.409477 0.021125 0.022427
0 0.132802 0.588533 0.021702 0.019895
0 0.513635 0.206276 0.023622 0.023693
0 0.344824 0.677338 0.020549 0.021342
0 0.536297 0.158256 0.024774 0.019172
0 0.833013 0.855128 0.020165 0.022789
0 0.610620 0.089890 0.023238 0.020980
0 0.898022 0.179508 0.021894 0.019353
0 0.680334 0.117472 0.023238 0.018991
0 0.422892 0.969434 0.023814 0.021342
0 0.105339 0.611413 0.024390 0.022608
0 0.494431 0.654820 0.020933 0.020076
0 0.105627 0.408302 0.023430 0.024055
0 0.134146 0.634292 0.023622 0.020619
0 0.518533 0.676433 0.020357 0.022427
0 0.735452 0.901519 0.020549 0.019353
0 0.223161 0.068457 0.019589 0.022608
0 0.517957 0.698228 0.020741 0.021523
0 0.271269 0.270935 0.023238 0.022789
0 0.446610 0.856032 0.022470 0.018086
0 0.078260 0.093236 0.024006 0.022970
0 0.658441 0.068548 0.020165 0.024236
0 0.465143 0.223820 0.025350 0.025140
0 0.539658 0.382348 0.020741 0.018810
0 0.321010 0.517906 0.021702 0.016097
0 0.806895 0.878821 0.022086 0.019533
0 0.782984 0.853771 0.022662 0.017544
0 0.873920 0.044131 0.020165 0.016278
0 0.200019 0.091608 0.020933 0.022970
0 0.736316 0.721378 0.019973 0.024778
0 0.442385 0.453518 0.024774 0.021885
0 0.873920 0.137728 0.020165 0.018991
0 0.832821 0.833243 0.022086 0.016640
0 0.232283 0.699222 0.022470 0.022427
0 0.469848 0.810092 0.022086 0.020619
0 0.373536 0.901610 0.020741 0.017725
0 0.439601 0.155996 0.022278 0.020799
0 0.613405 0.563122 0.020741 0.018991
0 0.275687 0.718213 0.025158 0.024959
0 0.512099 0.111684 0.021702 0.022608
0 0.612637 0.405589 0.021125 0.016820
0 0.903783 0.879002 0.021125 0.018086
0 0.543307 0.876198 0.019589 0.024417
0 0.657672 0.090884 0.021317 0.023332
0 0.782312 0.518086 0.023622 0.019714
0 0.246399 0.342105 0.021510 0.020799
0 0.782792 0.701935 0.020357 0.020257
0 0.302669 0.853319 0.021125 0.019895
0 0.921740 0.339211 0.022854 0.017906
0 0.418379 0.563212 0.022854 0.022065
0 0.051565 0.138904 0.021702 0.027491
0 0.926445 0.921686 0.022662 0.020980
0 0.752449 0.093055 0.021125 0.024778
0 0.537738 0.205372 0.021125 0.022246
0 0.805934 0.521885 0.020933 0.019353
0 0.806126 0.630042 0.020165 0.019714
0 0.589879 0.612407 0.023238 0.022065
0 0.271365 0.565835 0.018821 0.023693
0 0.589879 0.969253 0.021317 0.024959
0 0.728539 0.112317 0.020933 0.020980
0 0.154696 0.228613 0.025158 0.022789
0 0.638756 0.879725 0.018821 0.018810
0 0.903591 0.924308 0.022278 0.019714
0 0.419627 0.699313 0.018437 0.022608
0 0.230747 0.636191 0.019781 0.021161
0 0.879105 0.811358 0.020933 0.021704
0 0.539754 0.406041 0.021317 0.022065
0 0.634722 0.090342 0.023814 0.019353
0 0.542635 0.833966 0.021317 0.019533
0 0.155944 0.613131 0.021125 0.019172
0 0.201171 0.342377 0.022470 0.019895
0 0.830133 0.654187 0.023238 0.020980
0 0.393317 0.586092 0.021510 0.021885
0 0.658921 0.343823 0.020357 0.018810
0 0.805262 0.607976 0.023046 0.018991
0 0.367198 0.160246 0.023046 0.020257
0 0.271558 0.205372 0.023814 0.017906
0 0.829268 0.609061 0.020357 0.018629
0 0.897926 0.427564 0.023238 0.021342
0 0.874784 0.066649 0.022278 0.024417
0 0.780776 0.901700 0.018245 0.021885
0 0.661513 0.763700 0.020933 0.019714
0 0.464759 0.154368 0.023430 0.018629
0 0.758306 0.679056 0.021317 0.023332
0 0.200883 0.455959 0.024582 0.018810
0 0.539850 0.341201 0.022278 0.023332
0 0.253025 0.699765 0.020549 0.022427
0 0.613981 0.601555 0.023046 0.018810
0 0.873824 0.378640 0.021125 0.021161
0 0.078836 0.116658 0.023622 0.026044
0 0.712886 0.654639 0.023814 0.019353
0 0.922508 0.227347 0.021702 0.020619
0 0.252161 0.877916 0.021894 0.021704
0 0.825331 0.135287 0.024006 0.021342
0 0.130689 0.204467 0.020549 0.020076
0 0.345304 0.542774 0.021125 0.020980
0 0.226906 0.451709 0.023622 0.020076
0 0.685616 0.787846 0.019973 0.023151
0 0.489149 0.226081 0.018053 0.023151
0 0.685135 0.901881 0.023238 0.020076
0 0.491646 0.385151 0.023430 0.021523
0 0.497119 0.968801 0.020165 0.024055
0 0.711926 0.676976 0.020741 0.021342
0 0.439120 0.111503 0.022086 0.019353
0 0.781832 0.831886 0.020741 0.020438
0 0.563088 0.339935 0.020741 0.018991
0 0.497215 0.924218 0.019589 0.019895
0 0.634146 0.025592 0.019205 0.022608
0 0.159209 0.521885 0.025350 0.021161
0 0.345400 0.604540 0.020549 0.023332
0 0.372671 0.830620 0.024390 0.019714
0 0.565777 0.942756 0.020357 0.020799
0 0.295468 0.451438 0.021702 0.018086
0 0.874976 0.314343 0.020741 0.019895
0 0.415498 0.047748 0.019397 0.021342
0 0.156808 0.633930 0.021702 0.017001
0 0.320818 0.269940 0.020549 0.017544
0 0.732764 0.473051 0.020165 0.024055
0 0.278471 0.903147 0.021510 0.022970
0 0.273670 0.672002 0.021894 0.024778
0 0.470232 0.699041 0.020549 0.021704
0 0.369887 0.675439 0.019589 0.023693
0 0.463319 0.087086 0.021317 0.023693
0 0.830421 0.697866 0.019973 0.020438
0 0.270885 0.520528 0.023238 0.020619
0 0.776647 0.139808 0.024582 0.019533
0 0.107452 0.680322 0.021317 0.024778
0 0.832725 0.767318 0.023430 0.020076
0 0.729499 0.065925 0.021702 0.022970
0 0.368830 0.563936 0.019781 0.019533
0 0.754945 0.383523 0.022278 0.020799
0 0.535241 0.027672 0.019589 0.026768
0 0.920876 0.158347 0.020741 0.018629
0 0.635107 0.428468 0.021894 0.017001
0 0.712983 0.765328 0.024774 0.020799
0 0.393029 0.088171 0.021317 0.016820
0 0.852602 0.542684 0.021702 0.018629
0 0.565777 0.635287 0.020357 0.018991
0 0.784137 0.771387 0.021894 0.023874
0 0.078356 0.024598 0.026119 0.019895
0 0.612253 0.113221 0.022662 0.023874
0 0.471769 0.924579 0.022470 0.023512
0 0.157096 0.565473 0.023046 0.022246
0 0.635203 0.203834 0.020165 0.021704
0 0.752353 0.069723 0.024006 0.021885
0 0.926829 0.769759 0.022278 0.023874
0 0.440561 0.176705 0.023046 0.018810
0 0.923372 0.631760 0.023046 0.018810
0 0.372479 0.966992 0.022854 0.021523
0 0.488669 0.202026 0.019781 0.021704
0 0.683119 0.314252 0.020741 0.019714
0 0.541291 0.475493 0.023622 0.024598
0 0.632802 0.274191 0.022662 0.023874
0 0.636931 0.563212 0.022086 0.018448
0 0.783273 0.723368 0.019013 0.022246
0 0.134242 0.811810 0.019205 0.017544
0 0.470136 0.653102 0.018821 0.021342
0 0.080853 0.227889 0.023430 0.020619
0 0.252833 0.855670 0.022470 0.021704
0 0.759939 0.811177 0.020741 0.017001
0 0.586806 0.273648 0.025543 0.022789
0 0.635491 0.358835 0.019973 0.018810
0 0.346265 0.627871 0.021894 0.021523
0 0.155272 0.456050 0.026311 0.018629
0 0.541099 0.699494 0.018629 0.021161
0 0.157480 0.542684 0.023430 0.019714
0 0.612925 0.582474 0.022854 0.020076
0 0.154696 0.297793 0.022854 0.022246
0 0.950739 0.677247 0.021317 0.021885
0 0.855963 0.925574 0.018437 0.021161
0 0.737277 0.766413 0.022278 0.019353
0 0.133282 0.610327 0.022278 0.025864
0 0.946898 0.362091 0.020549 0.019895
0 0.488957 0.157443 0.021125 0.018991
0 0.543115 0.766233 0.021125 0.019714
0 0.156040 0.320130 0.025543 0.022065
0 0.782216 0.669018 0.021510 0.017725
0 0.419435 0.540061 0.023046 0.016640
0 0.296332 0.563755 0.019973 0.022065
0 0.591511 0.762706 0.021125 0.017725
0 0.325715 0.923766 0.021125 0.018991
0 0.084598 0.721288 0.022470 0.026044
0 0.345977 0.430367 0.024006 0.018629
0 0.711830 0.613945 0.024390 0.020438
0 0.633858 0.160246 0.021702 0.018810
0 0.419051 0.359378 0.021125 0.018086
0 0.877857 0.521432 0.023046 0.021342
0 0.201171 0.205010 0.021702 0.019353
0 0.494143 0.609061 0.021894 0.019353
0 0.610812 0.271478 0.021317 0.025683
0 0.566545 0.833514 0.021510 0.019714
0 0.658249 0.023241 0.022086 0.022246
0 0.373152 0.854314 0.022662 0.018629
0 0.270213 0.317598 0.018437 0.022065
0 0.129729 0.375023 0.022854 0.020438
0 0.829940 0.587810 0.018629 0.022065
0 0.897926 0.137909 0.021317 0.021523
0 0.560880 0.204106 0.020165 0.025502
0 0.801613 0.183849 0.021894 0.019353
0 0.655944 0.203473 0.020549 0.024236
0 0.107259 0.454060 0.022470 0.026587
0 0.107452 0.655905 0.021702 0.024417
0 0.735836 0.788931 0.020549 0.022427
0 0.343096 0.025773 0.022086 0.019353
0 0.783753 0.967716 0.019973 0.021885
0 0.293835 0.320311 0.022278 0.018086
0 0.053198 0.163049 0.026887 0.022608
0 0.392837 0.226714 0.024390 0.019714
0 0.776647 0.160246 0.022278 0.022789
0 0.924429 0.589528 0.022854 0.019714
0 0.735932 0.923856 0.020357 0.021704
0 0.613117 0.660517 0.019013 0.020257
0 0.512963 0.047206 0.021894 0.017725
0 0.344536 0.581660 0.019973 0.016640
0 0.269925 0.339844 0.020549 0.018086
0 0.441137 0.478477 0.023814 0.025140
0 0.898406 0.405498 0.019205 0.021342
0 0.661225 0.831434 0.021894 0.019172
0 0.159401 0.881715 0.021510 0.022427
0 0.154312 0.136372 0.022854 0.022427
0 0.252257 0.676705 0.020165 0.020076
0 0.923372 0.724272 0.022662 0.017544
0 0.903399 0.834690 0.021125 0.022065
0 0.129633 0.115934 0.019973 0.019533
0 0.637411 0.856032 0.019205 0.023151
0 0.519013 0.968530 0.020165 0.021342
0 0.372767 0.809097 0.022662 0.019714
0 0.302381 0.902062 0.019397 0.022608
0 0.827828 0.359559 0.022470 0.016640
0 0.392933 0.025321 0.018821 0.021704
0 0.083445 0.680051 0.020933 0.023512
0 0.611581 0.201121 0.025158 0.022789
0 0.775879 0.026135 0.019589 0.026225
0 0.517669 0.567462 0.019397 0.022246
0 0.349337 0.879635 0.025735 0.020438
0 0.465815 0.360192 0.022470 0.020799
0 0.807759 0.948454 0.020741 0.018448
0 0.728250 0.023422 0.020357 0.018991
0 0.371039 0.427383 0.021125 0.020257
0 0.686000 0.585730 0.021510 0.018991
0 0.322835 0.717218 0.019973 0.017544
0 0.897926 0.292458 0.019397 0.019533
0 0.517476 0.546392 0.022086 0.019895
0 0.782024 0.810092 0.021894 0.021704
0 0.855387 0.768674 0.018437 0.022789
0 0.368830 0.339664 0.019397 0.020619
0 0.085654 0.970067 0.021894 0.023332
0 0.105435 0.273286 0.022278 0.023151
0 0.086806 0.902604 0.024966 0.024417
0 0.133090 0.520528 0.023046 0.020257
0 0.662570 0.721197 0.023814 0.024417
0 0.104475 0.363447 0.021125 0.020799
0 0.268869 0.047839 0.019973 0.019353
0 0.080277 0.566739 0.024582 0.023332
0 0.683887 0.404142 0.021510 0.018629
0 0.294795 0.340206 0.021125 0.017363
0 0.591319 0.879273 0.021125 0.020076
0 0.779047 0.290921 0.022086 0.017544
0 0.368830 0.292639 0.020165 0.019895
0 0.301997 0.831434 0.020933 0.016278
0 0.131170 0.423946 0.021894 0.022065
0 0.945170 0.089980 0.021702 0.022970
0 0.611485 0.340749 0.016900 0.020980
0 0.107163 0.633659 0.023430 0.019353
0 0.129345 0.352324 0.021702 0.022789
0 0.680718 0.046482 0.019397 0.018448
0 0.369022 0.627781 0.018245 0.021342
0 0.079412 0.071622 0.024006 0.023151
0 0.711350 0.700398 0.025350 0.020076
0 0.081141 0.522970 0.024006 0.021885
0 0.706549 0.024417 0.021510 0.022789
0 0.778471 0.183125 0.019781 0.019353
0 0.253121 0.903328 0.019973 0.023693
0 0.921260 0.318050 0.020357 0.021885
0 0.079700 0.274281 0.025350 0.026949
0 0.926157 0.878640 0.021702 0.020619
0 0.947955 0.565111 0.022662 0.022608
0 0.468408 0.522427 0.023430 0.019353
0 0.636451 0.451709 0.019973 0.018991
0 0.104091 0.182583 0.023430 0.017906
0 0.681294 0.159613 0.020165 0.019353
0 0.129633 0.328631 0.020357 0.021704
0 0.538122 0.271839 0.020741 0.020619
0 0.519109 0.611865 0.022662 0.019895
0 0.926157 0.944565 0.022470 0.023693
0 0.105627 0.115572 0.021125 0.020619
0 0.611965 0.313981 0.020549 0.016640
0 0.777895 0.228070 0.022086 0.023151
0 0.321490 0.473865 0.020357 0.018448
0 0.750912 0.120637 0.020357 0.026768
0 0.110716 0.902243 0.020549 0.022970
0 0.345400 0.317508 0.021317 0.017906
0 0.947283 0.634925 0.019781 0.018629
0 0.393509 0.627962 0.021510 0.018810
0 0.876224 0.544041 0.019013 0.022789
0 0.875264 0.426026 0.022086 0.020438
0 0.226522 0.476307 0.022470 0.026225
0 0.613981 0.830801 0.019973 0.016097
0 0.244094 0.067553 0.021510 0.016820
0 0.517572 0.472418 0.022662 0.016640
0 0.856155 0.880087 0.021894 0.020257
0 0.684463 0.383795 0.025735 0.014469
0 0.134434 0.677609 0.023430 0.018629
0 0.903783 0.812896 0.019205 0.020438
0 0.896678 0.270302 0.021125 0.020438
0 0.519589 0.897812 0.019397 0.016640
0 0.394085 0.293543 0.019589 0.022065
0 0.952756 0.701031 0.028039 0.022789
0 0.270021 0.361096 0.020741 0.018629
0 0.104475 0.342738 0.021125 0.020619
0 0.135395 0.855580 0.021125 0.023332
0 0.080949 0.322391 0.022086 0.021523
0 0.919147 0.023874 0.023046 0.022427
0 0.080661 0.454151 0.023046 0.021342
0 0.245055 0.135739 0.022278 0.018991
0 0.106011 0.566377 0.022278 0.020438
0 0.107067 0.430458 0.025158 0.020257
0 0.368926 0.583288 0.016132 0.016278
0 0.373056 0.946374 0.022854 0.017544
0 0.445746 0.832972 0.021894 0.017182
0 0.224505 0.315789 0.019205 0.022065
0 0.081045 0.408935 0.023430 0.020257
0 0.342424 0.180141 0.022662 0.022065
0 0.268581 0.025502 0.020549 0.021342
0 0.614653 0.811087 0.020549 0.021523
0 0.321682 0.675348 0.017669 0.015916
0 0.393413 0.046392 0.018629 0.018991
0 0.490686 0.342105 0.021125 0.017182
0 0.922316 0.428920 0.022086 0.018991
0 0.685904 0.629047 0.019397 0.020257
0 0.157672 0.678152 0.021125 0.017544
0 0.080949 0.589799 0.022470 0.020980
0 0.920972 0.136914 0.018629 0.023512
0 0.899654 0.473503 0.021317 0.024236
0 0.662954 0.676976 0.019589 0.018810
0 0.849337 0.110780 0.020165 0.018629
0 0.751488 0.142250 0.021125 0.017906
0 0.732476 0.449087 0.020741 0.016278
0 0.225754 0.361277 0.019397 0.023332
0 0.494815 0.786309 0.019013 0.019353
0 0.566257 0.519805 0.020549 0.017725
0 0.519973 0.875656 0.019397 0.016459
0 0.922220 0.448815 0.019973 0.019353
0 0.273094 0.649213 0.021894 0.016097
0 0.801325 0.022156 0.021702 0.017182
0 0.709910 0.449087 0.020549 0.014831
0 0.848953 0.091065 0.021317 0.017182
0 0.543211 0.854494 0.021317 0.018629
0 0.243806 0.026225 0.018629 0.019533
0 0.905032 0.767680 0.017092 0.022970
0 0.537258 0.071622 0.020933 0.022789
0 0.712502 0.634744 0.023046 0.017906
0 0.783753 0.790921 0.023814 0.015193
0 0.250816 0.652831 0.019589 0.021161
0 0.519973 0.631489 0.022854 0.017906
0 0.519685 0.789293 0.019205 0.019895
0 0.590551 0.474227 0.021125 0.019533
0 0.467736 0.476397 0.023238 0.026406
0 0.490878 0.361096 0.021894 0.019714
0 0.925869 0.857207 0.019973 0.018267
0 0.157960 0.833243 0.022086 0.022427
0 0.472345 0.875113 0.020933 0.018991
0 0.108796 0.854947 0.019781 0.016278
0 0.949203 0.535902 0.025158 0.030747
0 0.076724 0.047839 0.019781 0.021523
0 0.348857 0.970790 0.021702 0.026225
0 0.949779 0.655182 0.021702 0.023693
0 0.053966 0.319135 0.023046 0.027672
0 0.951123 0.722192 0.023238 0.022789
0 0.394277 0.406764 0.017669 0.018448
0 0.663530 0.968077 0.018821 0.022608
0 0.086230 0.880358 0.023046 0.016459
0 0.153543 0.274552 0.022854 0.022789
0 0.685231 0.452433 0.024966 0.018991
0 0.368734 0.269579 0.020741 0.017906
0 0.079220 0.183578 0.019013 0.020980
0 0.757154 0.475222 0.024006 0.016097
0 0.081621 0.430729 0.023814 0.017906
0 0.052333 0.202387 0.031304 0.022427
0 0.159209 0.903418 0.021894 0.020257
0 0.464183 0.197142 0.021510 0.019172
0 0.729211 0.182402 0.019205 0.017906
0 0.079316 0.300506 0.022278 0.021885
0 0.537162 0.228613 0.021894 0.023512
0 0.875168 0.334238 0.019973 0.017001
0 0.734780 0.879182 0.018437 0.018810
0 0.083541 0.769579 0.020741 0.024598
0 0.926253 0.898716 0.019973 0.017001
0 0.133762 0.700036 0.021702 0.019353
0 0.268293 0.089980 0.023046 0.017544
0 0.663146 0.697956 0.021125 0.019172
0 0.782792 0.685296 0.022662 0.014469
0 0.326772 0.879363 0.020549 0.019533
0 0.157096 0.811991 0.019973 0.019353
0 0.202420 0.540423 0.021894 0.018448
0 0.947090 0.587358 0.020549 0.020799
0 0.686288 0.474589 0.023622 0.019533
0 0.249088 0.540514 0.018821 0.016459
0 0.515172 0.272563 0.023238 0.019172
0 0.925197 0.968168 0.020933 0.024236
0 0.635875 0.475131 0.021894 0.023151
0 0.444786 0.585278 0.019205 0.018810
0 0.471673 0.855580 0.022662 0.017544
0 0.565105 0.474679 0.022470 0.022608
0 0.493278 0.564750 0.017092 0.019353
0 0.084406 0.859378 0.021702 0.022970
0 0.736413 0.678604 0.022470 0.019172
0 0.541387 0.567010 0.018053 0.017001
0 0.106203 0.521794 0.022278 0.017725
0 0.465623 0.340116 0.024006 0.015012
0 0.155656 0.344457 0.024774 0.023693
0 0.109564 0.834147 0.024006 0.019172
0 0.519877 0.810273 0.019205 0.019533
0 0.924717 0.836951 0.019973 0.021523
0 0.901959 0.944746 0.022854 0.020438
0 0.518149 0.653102 0.017669 0.017363
0 0.756962 0.453337 0.023622 0.019353
0 0.051277 0.112950 0.021125 0.021161
0 0.249664 0.629589 0.019589 0.016278
0 0.494239 0.765871 0.021317 0.021161
0 0.087190 0.926569 0.022662 0.023151
0 0.636931 0.541870 0.018245 0.018448
0 0.635107 0.226081 0.020741 0.019895
0 0.945266 0.067462 0.018821 0.017001
0 0.106203 0.478387 0.018821 0.019172
0 0.345785 0.296980 0.020933 0.017001
0 0.201364 0.161331 0.022470 0.024598
0 0.107932 0.700940 0.023046 0.017182
0 0.223737 0.292277 0.019205 0.018086
0 0.079892 0.652288 0.028807 0.026587
0 0.735356 0.698770 0.019973 0.018629
0 0.512387 0.229155 0.023430 0.021342
0 0.207701 0.857298 0.027079 0.017725
0 0.393221 0.269488 0.020549 0.018448
0 0.589399 0.365165 0.023046 0.017725
0 0.321874 0.696238 0.016900 0.017906
0 0.657960 0.133297 0.021125 0.018810
0 0.488093 0.116658 0.020933 0.015554
0 0.201364 0.183487 0.023238 0.021885
0 0.493374 0.523060 0.019205 0.019895
0 0.132034 0.567010 0.020165 0.017363
0 0.948435 0.612226 0.022470 0.027491
0 0.613501 0.428016 0.016324 0.017182
0 0.084406 0.810454 0.019781 0.023512
0 0.656616 0.113945 0.019589 0.017363
0 0.923853 0.610418 0.021317 0.017363
0 0.050509 0.046392 0.022662 0.024417
0 0.686768 0.944113 0.019589 0.015193
0 0.053198 0.344637 0.023430 0.022246
0 0.590839 0.898264 0.020933 0.017182
0 0.225754 0.339664 0.022086 0.016278
0 0.949587 0.787665 0.022854 0.018810
0 0.734876 0.656448 0.022470 0.025502
0 0.874880 0.399711 0.022470 0.014107
0 0.346457 0.475493 0.027271 0.017001
0 0.496735 0.877826 0.022086 0.023693
0 0.948147 0.405408 0.021894 0.017906
0 0.949779 0.473775 0.024006 0.026587
0 0.541483 0.361819 0.022854 0.015735
0 0.156040 0.364532 0.022086 0.018629
0 0.084694 0.947368 0.023814 0.021342
0 0.131650 0.481823 0.023622 0.023874
0 0.587286 0.295804 0.026503 0.020076
0 0.084694 0.790559 0.021125 0.017001
0 0.945842 0.046573 0.024198 0.019353
0 0.902535 0.966540 0.020549 0.017363
0 0.367870 0.200127 0.023622 0.018267
0 0.080757 0.610418 0.019397 0.017725
0 0.878529 0.945198 0.021702 0.015193
0 0.246783 0.454151 0.015364 0.022427
0 0.224409 0.269669 0.021317 0.017725
0 0.202708 0.521252 0.017092 0.017363
0 0.856155 0.965003 0.018437 0.025864
0 0.052910 0.365437 0.021702 0.021523
0 0.082581 0.700036 0.022662 0.015735
0 0.944978 0.226714 0.020933 0.022246
0 0.272038 0.382981 0.022086 0.021885
0 0.081429 0.481190 0.022278 0.025140
0 0.247167 0.474950 0.018053 0.021342
0 0.944402 0.024055 0.019781 0.017725
0 0.053198 0.525321 0.023814 0.020799
0 0.053198 0.181769 0.027655 0.014831
0 0.587959 0.342467 0.019781 0.017906
0 0.946610 0.448092 0.018053 0.019353
0 0.053870 0.090432 0.025543 0.022789
0 0.059247 0.838759 0.025543 0.019353
0 0.421548 0.475131 0.018053 0.018448
0 0.055502 0.544674 0.022662 0.019714
0 0.854811 0.943299 0.017669 0.012841
0 0.611292 0.295623 0.022662 0.020076
0 0.945362 0.180322 0.018245 0.018448
0 0.952180 0.946283 0.022662 0.022427
0 0.946514 0.426931 0.018245 0.019714
0 0.496447 0.856755 0.019589 0.019895
0 0.053582 0.224724 0.026887 0.023693
0 0.951027 0.766504 0.020357 0.020257
0 0.944690 0.204196 0.016900 0.019895
0 0.060784 0.898897 0.021702 0.025321
0 0.083445 0.632122 0.019013 0.023151
0 0.055406 0.023151 0.022470 0.020257
0 0.051469 0.068367 0.026119 0.021342
0 0.945074 0.160969 0.023814 0.019172
0 0.946226 0.117924 0.019205 0.020257
0 0.055406 0.385422 0.024774 0.017001
0 0.061072 0.817960 0.020357 0.016097
