0 0.661358 0.089921 0.022404 0.026356
0 0.635609 0.220386 0.024713 0.031710
0 0.479501 0.631662 0.025043 0.030081
0 0.323881 0.178503 0.023813 0.032736
0 0.794027 0.533204 0.023326 0.033949
0 0.636820 0.635254 0.023457 0.033870
0 0.220321 0.081055 0.023311 0.033338
0 0.560214 0.874699 0.023799 0.030970
0 0.690891 0.568051 0.024968 0.030865
0 0.769838 0.428266 0.023511 0.031014
0 0.608930 0.360074 0.023286 0.031954
0 0.663288 0.326522 0.021152 0.033980
0 0.533432 0.770923 0.022674 0.030556
0 0.690606 0.188565 0.024851 0.033430
0 0.690659 0.812465 0.024131 0.029970
0 0.426548 0.389719 0.022828 0.029119
0 0.402112 0.907145 0.022769 0.032967
0 0.744288 0.461598 0.024655 0.034255
0 0.351176 0.211808 0.025886 0.029414
0 0.768775 0.534004 0.022267 0.033454
0 0.478418 0.149012 0.023378 0.029079
0 0.557304 0.358057 0.023170 0.030697
0 0.295729 0.493550 0.025966 0.032902
0 0.663728 0.392197 0.024254 0.032507
0 0.400676 0.768517 0.024588 0.031628
0 0.298132 0.212883 0.023868 0.034726
0 0.817347 0.746031 0.022036 0.033618
0 0.636009 0.775150 0.024594 0.035506
0 0.744092 0.189041 0.023240 0.030237
0 0.375726 0.146442 0.022549 0.031363
0 0.295791 0.458613 0.022927 0.033099
0 0.531402 0.497362 0.023118 0.035747
0 0.558926 0.737096 0.022832 0.033574
0 0.534504 0.840715 0.023263 0.030194
0 0.663681 0.290858 0.023199 0.032874
0 0.559774 0.841944 0.023453 0.030627
0 0.298426 0.281874 0.022044 0.029925
0 0.794357 0.815381 0.024962 0.031609
0 0.717209 0.911796 0.025088 0.030734
0 0.690745 0.534335 0.025975 0.032951
0 0.375653 0.180825 0.023888 0.034394
0 0.348101 0.354594 0.022238 0.031864
0 0.817446 0.814542 0.021285 0.035552
0 0.609627 0.119524 0.024716 0.033256
0 0.506454 0.667717 0.024795 0.031708
0 0.479106 0.598525 0.024818 0.034175
0 0.581667 0.089282 0.022255 0.027615
0 0.558995 0.702483 0.022639 0.029412
0 0.793775 0.637863 0.021701 0.031166
0 0.717262 0.091052 0.025423 0.027398
0 0.716368 0.742321 0.023826 0.034200
0 0.745203 0.291777 0.023285 0.032670
0 0.637493 0.911441 0.024247 0.028228
0 0.611899 0.808672 0.025249 0.032267
0 0.453335 0.495513 0.023174 0.035112
0 0.530486 0.219544 0.023824 0.033317
0 0.297349 0.316928 0.023360 0.030585
0 0.477883 0.253211 0.022794 0.032570
0 0.768719 0.461927 0.023613 0.031336
0 0.742338 0.743433 0.025116 0.036497
0 0.429720 0.908145 0.025395 0.031580
0 0.794540 0.568641 0.022025 0.032640
0 0.794133 0.495957 0.023010 0.032634
0 0.744907 0.256790 0.023476 0.027058
0 0.296197 0.422622 0.023196 0.033378
0 0.295605 0.734808 0.022426 0.029144
0 0.816974 0.710883 0.020300 0.032427
0 0.401058 0.320481 0.024034 0.028867
0 0.662620 0.532515 0.023958 0.034950
0 0.428136 0.736301 0.022110 0.033201
0 0.663095 0.740977 0.022683 0.032898
0 0.221202 0.144534 0.023394 0.030924
0 0.638076 0.809007 0.023980 0.027073
0 0.427387 0.116987 0.024221 0.028638
0 0.582615 0.119883 0.022397 0.031582
0 0.664554 0.876632 0.024469 0.030424
0 0.688706 0.636348 0.024290 0.029696
0 0.402418 0.872406 0.023153 0.030187
0 0.298135 0.082030 0.025891 0.029253
0 0.323411 0.282219 0.024811 0.030902
0 0.638036 0.877652 0.022241 0.032756
0 0.452689 0.218027 0.021092 0.033561
0 0.635726 0.739905 0.023960 0.029827
0 0.195892 0.144207 0.024615 0.030685
0 0.557970 0.460377 0.023035 0.031802
0 0.742278 0.779629 0.022970 0.029627
0 0.744040 0.496324 0.024696 0.035295
0 0.245624 0.079471 0.024011 0.030211
0 0.663993 0.359630 0.025371 0.028644
0 0.635881 0.425798 0.025642 0.032376
0 0.716370 0.601649 0.025235 0.030818
0 0.663231 0.256853 0.024760 0.027708
0 0.401930 0.287214 0.024616 0.030956
0 0.402536 0.356314 0.024039 0.033058
0 0.820119 0.259968 0.020146 0.032287
0 0.663250 0.600587 0.025941 0.031548
0 0.503806 0.322989 0.020180 0.036348
0 0.451692 0.148437 0.022281 0.025641
0 0.478729 0.288561 0.023587 0.031972
0 0.245686 0.316979 0.023219 0.032900
0 0.556860 0.251543 0.022960 0.033231
0 0.556082 0.216034 0.021909 0.030725
0 0.609810 0.324207 0.023173 0.034067
0 0.582884 0.461179 0.023125 0.034504
0 0.609823 0.288511 0.024508 0.030179
0 0.427962 0.319314 0.023369 0.033386
0 0.455116 0.874991 0.022160 0.031855
0 0.716330 0.672877 0.023161 0.032349
0 0.478016 0.117796 0.023779 0.029329
0 0.768325 0.779919 0.023797 0.032319
0 0.743359 0.533569 0.024304 0.030389
0 0.635342 0.460716 0.023994 0.028710
0 0.636566 0.495437 0.023588 0.035347
0 0.349441 0.179394 0.022592 0.033163
0 0.636406 0.358084 0.022901 0.033153
0 0.560796 0.908386 0.023586 0.028932
0 0.374948 0.424526 0.025483 0.034221
0 0.611472 0.843317 0.024662 0.028952
0 0.400592 0.735931 0.022061 0.030760
0 0.270692 0.316690 0.021739 0.028857
0 0.690948 0.291261 0.024746 0.033170
0 0.557803 0.392641 0.025245 0.032946
0 0.769196 0.602447 0.024179 0.032450
0 0.507909 0.773100 0.022605 0.033952
0 0.558535 0.633005 0.022719 0.035456
0 0.794790 0.122825 0.024282 0.032698
0 0.530785 0.288879 0.023849 0.034045
0 0.768291 0.814322 0.022935 0.032157
0 0.454025 0.633898 0.022283 0.031951
0 0.244993 0.423736 0.023123 0.029885
0 0.743100 0.569107 0.023373 0.028464
0 0.793755 0.780273 0.023090 0.029130
0 0.269083 0.840124 0.023622 0.029499
0 0.529524 0.150548 0.023013 0.032446
0 0.533483 0.734830 0.022461 0.032465
0 0.742996 0.915114 0.024217 0.030760
0 0.479758 0.665174 0.024726 0.029239
0 0.610613 0.775513 0.024349 0.030754
0 0.322827 0.317529 0.023148 0.031593
0 0.478574 0.425402 0.024304 0.033050
0 0.743959 0.395430 0.023333 0.030909
0 0.297447 0.145977 0.020518 0.030885
0 0.401594 0.215861 0.023872 0.028923
0 0.559245 0.773684 0.023315 0.032953
0 0.689650 0.602320 0.024126 0.033666
0 0.321367 0.734805 0.025087 0.031715
0 0.610090 0.668986 0.024479 0.029497
0 0.401599 0.531724 0.024465 0.034945
0 0.506622 0.595706 0.026075 0.033414
0 0.402326 0.251372 0.023290 0.035427
0 0.452532 0.390423 0.024270 0.028750
0 0.268902 0.871651 0.024090 0.029798
0 0.297374 0.113389 0.023264 0.030809
0 0.583586 0.634051 0.022084 0.032284
0 0.556542 0.183103 0.023663 0.027919
0 0.531712 0.460848 0.024188 0.027818
0 0.504388 0.390471 0.023089 0.032541
0 0.272215 0.246248 0.024578 0.034932
0 0.295338 0.871875 0.022918 0.026374
0 0.401706 0.181818 0.022348 0.030922
0 0.375692 0.251780 0.024216 0.031220
0 0.401207 0.667443 0.023407 0.032355
0 0.719084 0.222728 0.026153 0.031015
0 0.582418 0.186281 0.024830 0.032268
0 0.611980 0.875676 0.025539 0.029198
0 0.793131 0.709920 0.021241 0.030776
0 0.452938 0.459582 0.022852 0.032542
0 0.821272 0.123695 0.024273 0.031616
0 0.582760 0.151828 0.025492 0.031151
0 0.635189 0.089568 0.021861 0.025867
0 0.795986 0.156691 0.025134 0.029396
0 0.769395 0.567935 0.022298 0.033592
0 0.662346 0.776817 0.022997 0.029022
0 0.716882 0.566990 0.023463 0.030022
0 0.372837 0.768792 0.023104 0.034395
0 0.717314 0.123145 0.024186 0.030343
0 0.532166 0.532485 0.022443 0.030956
0 0.558072 0.596843 0.024429 0.031541
0 0.717592 0.429714 0.024362 0.033834
0 0.585021 0.874491 0.022399 0.031086
0 0.635412 0.253830 0.023519 0.033236
0 0.744232 0.360477 0.022007 0.031731
0 0.481180 0.841167 0.023173 0.030604
0 0.428559 0.632325 0.025909 0.031345
0 0.453751 0.324795 0.022794 0.034368
0 0.270747 0.422406 0.023695 0.033909
0 0.742704 0.601207 0.024367 0.032976
0 0.608715 0.089482 0.024061 0.024906
0 0.428409 0.598345 0.024504 0.032009
0 0.478519 0.323020 0.020509 0.035504
0 0.220921 0.113595 0.023312 0.030926
0 0.744464 0.326985 0.022657 0.030900
0 0.219248 0.595292 0.024092 0.032883
0 0.794095 0.745404 0.024048 0.032593
0 0.662271 0.706146 0.022784 0.030520
0 0.636499 0.598666 0.025243 0.031084
0 0.374981 0.286648 0.023359 0.032586
0 0.716857 0.533737 0.022824 0.031531
0 0.504477 0.425474 0.021062 0.031927
0 0.557791 0.426067 0.023947 0.033095
0 0.508619 0.875454 0.023297 0.028929
0 0.322104 0.493554 0.024483 0.033838
0 0.503109 0.150210 0.021241 0.029433
0 0.716974 0.846348 0.024802 0.030544
0 0.636335 0.184515 0.023651 0.029752
0 0.635943 0.671383 0.022039 0.033921
0 0.401314 0.701669 0.022897 0.031406
0 0.768206 0.708812 0.022828 0.032042
0 0.506351 0.632841 0.023233 0.031353
0 0.427366 0.667870 0.023566 0.028438
0 0.795242 0.190587 0.022871 0.031780
0 0.743295 0.813587 0.025579 0.034115
0 0.195730 0.110704 0.023433 0.033785
0 0.821262 0.156954 0.022675 0.030741
0 0.479577 0.564406 0.025576 0.030380
0 0.559159 0.669429 0.022557 0.033652
0 0.661739 0.120366 0.022571 0.033561
0 0.504931 0.494592 0.023081 0.030358
0 0.297749 0.248360 0.021459 0.031939
0 0.374918 0.836860 0.026173 0.028228
0 0.608236 0.462121 0.022895 0.027982
0 0.794325 0.091307 0.022758 0.028519
0 0.744057 0.120942 0.022338 0.030937
0 0.453199 0.532426 0.022444 0.031901
0 0.690651 0.845314 0.022359 0.029590
0 0.530319 0.117382 0.023661 0.028842
0 0.505960 0.531398 0.024350 0.032213
0 0.428830 0.807204 0.024250 0.031424
0 0.401331 0.494796 0.023596 0.034979
0 0.690376 0.391277 0.025045 0.030960
0 0.608617 0.427503 0.025192 0.032996
0 0.583765 0.565803 0.022111 0.032087
0 0.609812 0.151711 0.026281 0.029846
0 0.769165 0.914670 0.022472 0.029296
0 0.662859 0.222974 0.023938 0.034169
0 0.426454 0.087528 0.023756 0.027773
0 0.583134 0.496959 0.022993 0.031955
0 0.246281 0.144058 0.023765 0.030770
0 0.321670 0.564045 0.023022 0.033681
0 0.321923 0.699578 0.022799 0.032079
0 0.585904 0.910986 0.022755 0.034223
0 0.220724 0.210878 0.023838 0.033763
0 0.583128 0.323771 0.022626 0.033038
0 0.271900 0.144167 0.024993 0.032116
0 0.689619 0.778263 0.023411 0.030807
0 0.608313 0.566487 0.024085 0.031149
0 0.718391 0.257174 0.023522 0.029815
0 0.583345 0.358594 0.022911 0.030732
0 0.689633 0.153989 0.022245 0.033445
0 0.348263 0.388043 0.022507 0.028880
0 0.743259 0.091089 0.021701 0.029010
0 0.768954 0.497676 0.021960 0.030562
0 0.427970 0.530745 0.023553 0.029942
0 0.452459 0.285402 0.021814 0.029646
0 0.455356 0.840196 0.021032 0.028084
0 0.663947 0.844069 0.024804 0.030061
0 0.635516 0.119931 0.022613 0.031428
0 0.609252 0.707053 0.022390 0.028227
0 0.662951 0.566266 0.024959 0.030079
0 0.268840 0.806590 0.024958 0.036079
0 0.269942 0.494603 0.023081 0.035269
0 0.557707 0.323307 0.022562 0.033906
0 0.794418 0.328942 0.022961 0.034248
0 0.296796 0.562702 0.022706 0.031612
0 0.375462 0.319061 0.024994 0.030204
0 0.244827 0.562801 0.022460 0.031034
0 0.454078 0.666644 0.023783 0.029523
0 0.794347 0.363461 0.023755 0.029868
0 0.768691 0.360354 0.023373 0.028710
0 0.324248 0.247515 0.023212 0.032790
0 0.663493 0.635044 0.022865 0.032262
0 0.636171 0.391243 0.024811 0.029529
0 0.636059 0.565418 0.024465 0.029437
0 0.245530 0.211015 0.023668 0.031869
0 0.375917 0.216453 0.021074 0.031552
0 0.818454 0.429788 0.021356 0.027953
0 0.745674 0.222993 0.022986 0.030331
0 0.219201 0.528262 0.024539 0.030008
0 0.454817 0.807692 0.022893 0.032109
0 0.477977 0.390001 0.022173 0.033363
0 0.272926 0.176314 0.024480 0.030424
0 0.508514 0.842299 0.022715 0.032256
0 0.638166 0.843405 0.022951 0.029286
0 0.663239 0.153380 0.024823 0.028778
0 0.637341 0.287355 0.025041 0.031935
0 0.636597 0.322836 0.023264 0.031127
0 0.662459 0.495666 0.022702 0.032337
0 0.690476 0.741037 0.024911 0.033728
0 0.322283 0.770981 0.023750 0.035188
0 0.609226 0.392949 0.024856 0.030212
0 0.794208 0.397361 0.025068 0.031982
0 0.245552 0.281809 0.023501 0.031095
0 0.818970 0.395943 0.021311 0.031598
0 0.400029 0.087082 0.023379 0.026697
0 0.663696 0.427091 0.025180 0.034739
0 0.718638 0.291727 0.023274 0.033165
0 0.716585 0.812275 0.023867 0.032452
0 0.768498 0.743857 0.024504 0.033234
0 0.402182 0.423384 0.023079 0.027746
0 0.743388 0.879192 0.023018 0.031100
0 0.452724 0.424508 0.024513 0.032615
0 0.428896 0.770818 0.023431 0.030688
0 0.244968 0.349057 0.024059 0.028608
0 0.608615 0.498056 0.022285 0.031304
0 0.819801 0.361264 0.021209 0.032835
0 0.635911 0.152951 0.021239 0.031097
0 0.271880 0.211588 0.024580 0.030775
0 0.478965 0.531703 0.025789 0.034157
0 0.219752 0.177187 0.022136 0.029994
0 0.584250 0.809737 0.021503 0.032845
0 0.323267 0.145147 0.025053 0.033623
0 0.269279 0.630712 0.022742 0.030847
0 0.663605 0.810202 0.023597 0.032956
0 0.532641 0.631807 0.023605 0.029088
0 0.767814 0.847066 0.020781 0.029532
0 0.323339 0.113794 0.024541 0.028616
0 0.718213 0.327470 0.022276 0.034964
0 0.556886 0.496646 0.022456 0.032850
0 0.585016 0.774184 0.022541 0.034957
0 0.663042 0.671307 0.024647 0.029334
0 0.534748 0.806015 0.022744 0.030202
0 0.375737 0.664757 0.025669 0.032354
0 0.743186 0.847351 0.023263 0.029576
0 0.268521 0.735532 0.022838 0.034658
0 0.219634 0.245301 0.024015 0.031015
0 0.428315 0.703363 0.023861 0.030608
0 0.558988 0.807144 0.022042 0.030596
0 0.531272 0.424382 0.025179 0.034091
0 0.270641 0.282873 0.021005 0.029749
0 0.611763 0.909126 0.023010 0.029543
0 0.509349 0.908966 0.027194 0.034211
0 0.269292 0.905434 0.024826 0.031766
0 0.816976 0.779145 0.021998 0.028345
0 0.769433 0.120618 0.020876 0.029526
0 0.609880 0.738943 0.023915 0.031711
0 0.769790 0.089909 0.022862 0.026676
0 0.689375 0.091797 0.025618 0.028963
0 0.270398 0.351728 0.022564 0.032224
0 0.689880 0.671298 0.024136 0.034450
0 0.609266 0.532527 0.024502 0.029476
0 0.584072 0.599473 0.022655 0.031533
0 0.219624 0.386230 0.024033 0.032469
0 0.690332 0.256636 0.023719 0.033386
0 0.793854 0.672246 0.021096 0.029368
0 0.690430 0.327371 0.022791 0.037609
0 0.502871 0.218176 0.019763 0.033456
0 0.794875 0.258760 0.024399 0.032427
0 0.742794 0.673795 0.023819 0.029210
0 0.324524 0.212009 0.022932 0.030066
0 0.820888 0.224385 0.022287 0.032782
0 0.245162 0.177811 0.021271 0.027692
0 0.349487 0.247890 0.024545 0.033887
0 0.504156 0.288077 0.019393 0.030799
0 0.584183 0.670544 0.021412 0.031645
0 0.401680 0.632165 0.022843 0.029790
0 0.742070 0.707572 0.023834 0.029133
0 0.427404 0.459509 0.022927 0.030542
0 0.218782 0.735657 0.022609 0.034124
0 0.793929 0.880100 0.021114 0.027455
0 0.716224 0.776441 0.022631 0.029736
0 0.455145 0.909136 0.020704 0.031559
0 0.504116 0.253685 0.020789 0.033163
0 0.323280 0.597009 0.023917 0.027693
0 0.243420 0.906247 0.023064 0.030188
0 0.348470 0.423819 0.025404 0.031243
0 0.817897 0.638229 0.020995 0.033092
0 0.296115 0.596130 0.022618 0.032984
0 0.453933 0.770933 0.023300 0.030534
0 0.374859 0.084724 0.021255 0.025903
0 0.743299 0.427032 0.025116 0.029918
0 0.558429 0.564071 0.024930 0.030971
0 0.401570 0.565612 0.022930 0.030987
0 0.769646 0.221530 0.022323 0.028673
0 0.691473 0.910233 0.024511 0.028741
0 0.375315 0.561832 0.025447 0.029917
0 0.322133 0.424239 0.024226 0.028592
0 0.742662 0.636146 0.023171 0.031315
0 0.218170 0.699329 0.020788 0.031152
0 0.453476 0.702530 0.021655 0.027246
0 0.480941 0.808491 0.021632 0.026004
0 0.481561 0.907727 0.022506 0.033401
0 0.663291 0.462230 0.025341 0.027902
0 0.555760 0.089287 0.022608 0.027453
0 0.530630 0.324379 0.025216 0.032135
0 0.744168 0.155715 0.022793 0.028821
0 0.349312 0.144668 0.022084 0.029873
0 0.426863 0.495676 0.023965 0.027692
0 0.558474 0.530915 0.024923 0.032151
0 0.269793 0.595449 0.023729 0.034413
0 0.374722 0.631554 0.025779 0.028122
0 0.295879 0.666222 0.022085 0.035347
0 0.271814 0.112833 0.025689 0.031257
0 0.401360 0.458750 0.023210 0.031761
0 0.401009 0.148453 0.020751 0.031621
0 0.294713 0.840751 0.022230 0.033104
0 0.820004 0.326105 0.021925 0.033051
0 0.717946 0.186998 0.023465 0.033085
0 0.245110 0.389096 0.022476 0.033609
0 0.298161 0.177651 0.023281 0.029596
0 0.324223 0.083665 0.025187 0.028743
0 0.295451 0.769439 0.024565 0.027446
0 0.270478 0.458948 0.021848 0.035088
0 0.427536 0.180490 0.024116 0.032267
0 0.374665 0.803041 0.024184 0.026838
0 0.716427 0.635309 0.022553 0.027295
0 0.244127 0.491078 0.022912 0.033086
0 0.452233 0.085991 0.026146 0.025052
0 0.530017 0.389513 0.023023 0.030930
0 0.477793 0.088752 0.021469 0.026808
0 0.817651 0.569991 0.020793 0.031120
0 0.769748 0.190110 0.022831 0.033132
0 0.582933 0.288364 0.025650 0.033338
0 0.322136 0.388216 0.024188 0.030031
0 0.478486 0.492620 0.024449 0.034439
0 0.374496 0.389128 0.024566 0.030893
0 0.242802 0.804100 0.024263 0.028299
0 0.429797 0.839062 0.024595 0.028495
0 0.555315 0.150803 0.021733 0.032563
0 0.401778 0.390546 0.022236 0.029790
0 0.218919 0.631317 0.023750 0.031599
0 0.582760 0.254758 0.022169 0.030797
0 0.717810 0.393315 0.023909 0.030507
0 0.401694 0.803975 0.023481 0.030809
0 0.608852 0.185867 0.023541 0.030382
0 0.427614 0.285644 0.021526 0.029037
0 0.817456 0.847778 0.022329 0.027821
0 0.770022 0.155945 0.022029 0.029409
0 0.534594 0.873716 0.022584 0.031159
0 0.793867 0.430531 0.023426 0.028701
0 0.478092 0.181878 0.024487 0.033905
0 0.716463 0.708191 0.023470 0.029291
0 0.217957 0.839660 0.023829 0.031026
0 0.426983 0.215699 0.021196 0.025981
0 0.296335 0.387056 0.022862 0.030455
0 0.502950 0.117371 0.021989 0.032986
0 0.609508 0.632722 0.022382 0.031850
0 0.244359 0.630895 0.023383 0.034163
0 0.217734 0.805264 0.023828 0.032837
0 0.271252 0.080593 0.022495 0.029366
0 0.717829 0.462670 0.025245 0.029381
0 0.269774 0.528262 0.022459 0.029882
0 0.769126 0.673088 0.023330 0.029673
0 0.451228 0.116339 0.020102 0.029454
0 0.218902 0.561511 0.023436 0.032365
0 0.375076 0.354637 0.024074 0.033742
0 0.556816 0.286471 0.022210 0.027863
0 0.452665 0.252955 0.024285 0.028440
0 0.295750 0.701317 0.022847 0.031225
0 0.427164 0.355474 0.020372 0.032001
0 0.243567 0.872275 0.022273 0.032019
0 0.768462 0.392402 0.022921 0.031209
0 0.794595 0.292980 0.024949 0.029289
0 0.244239 0.458369 0.020190 0.032458
0 0.321896 0.459724 0.024589 0.028657
0 0.426045 0.146751 0.022271 0.027159
0 0.373608 0.493927 0.023254 0.033585
0 0.691660 0.497274 0.026222 0.033143
0 0.219257 0.421959 0.023208 0.027563
0 0.322574 0.529444 0.021789 0.028278
0 0.583250 0.218932 0.023384 0.031246
0 0.322222 0.629195 0.025409 0.030180
0 0.218597 0.664795 0.022824 0.032135
0 0.271053 0.387546 0.021955 0.029161
0 0.820902 0.191222 0.022848 0.031821
0 0.530889 0.252795 0.024911 0.027667
0 0.244470 0.596330 0.021679 0.028696
0 0.768149 0.881112 0.023252 0.032142
0 0.270252 0.561019 0.024648 0.028048
0 0.535108 0.909548 0.021993 0.035473
0 0.584902 0.842419 0.022252 0.027706
0 0.453703 0.735098 0.023355 0.031528
0 0.636173 0.705656 0.022459 0.032140
0 0.532098 0.564660 0.023041 0.027037
0 0.478103 0.459368 0.023678 0.030115
0 0.533097 0.666963 0.022086 0.032224
0 0.245875 0.111531 0.022285 0.028937
0 0.427776 0.564707 0.024585 0.033050
0 0.504102 0.356244 0.023495 0.031084
0 0.506711 0.703059 0.024900 0.027161
0 0.477905 0.356466 0.022604 0.026984
0 0.322190 0.354032 0.024321 0.027869
0 0.296005 0.527802 0.024137 0.029981
0 0.452350 0.181549 0.019856 0.025614
0 0.269962 0.769345 0.022309 0.029771
0 0.508195 0.806350 0.022686 0.028705
0 0.533536 0.701576 0.022584 0.027565
0 0.217949 0.770053 0.024551 0.032643
0 0.768362 0.635961 0.021411 0.031667
0 0.374937 0.872056 0.024264 0.030112
0 0.321088 0.838989 0.023920 0.029598
0 0.817523 0.675733 0.020616 0.029084
0 0.718436 0.154389 0.022693 0.027214
0 0.584463 0.705792 0.020809 0.032432
0 0.244173 0.666312 0.022877 0.029366
0 0.244466 0.528708 0.021825 0.031151
0 0.374875 0.114515 0.021413 0.030688
0 0.348615 0.317866 0.020379 0.030914
0 0.506737 0.735477 0.023427 0.029064
0 0.321875 0.871427 0.023808 0.027542
0 0.555534 0.118163 0.022189 0.026615
0 0.453171 0.596864 0.022783 0.031170
0 0.529211 0.088349 0.023492 0.028083
0 0.663967 0.910023 0.023795 0.030869
0 0.794261 0.599333 0.024887 0.027951
0 0.376081 0.906457 0.026171 0.030848
0 0.794184 0.849096 0.022049 0.033700
0 0.243012 0.838211 0.023823 0.028114
0 0.609875 0.253311 0.020634 0.029276
0 0.530325 0.184427 0.023271 0.030623
0 0.690447 0.460878 0.020837 0.029390
0 0.716619 0.496273 0.023288 0.028556
0 0.244006 0.699754 0.025125 0.033759
0 0.220221 0.350032 0.023918 0.028533
0 0.818021 0.604343 0.018976 0.025301
0 0.219911 0.314373 0.023453 0.029540
0 0.769071 0.326539 0.021021 0.027946
0 0.269604 0.666604 0.024991 0.031062
0 0.296208 0.352271 0.021875 0.030306
0 0.375924 0.596396 0.021815 0.028389
0 0.505273 0.459921 0.020152 0.029939
0 0.689604 0.426167 0.022494 0.028538
0 0.348283 0.458415 0.021133 0.029569
0 0.817873 0.532014 0.021351 0.032635
0 0.296536 0.630045 0.020011 0.028577
0 0.504076 0.181417 0.020361 0.029519
0 0.531212 0.358533 0.023137 0.027676
0 0.374626 0.700827 0.025873 0.030059
0 0.818782 0.496523 0.020623 0.030213
0 0.769355 0.291071 0.022936 0.033389
0 0.480411 0.874513 0.023715 0.024652
0 0.609354 0.598529 0.021685 0.028425
0 0.294232 0.805517 0.022987 0.029016
0 0.218748 0.457890 0.020947 0.030956
0 0.349134 0.282516 0.021099 0.024827
0 0.374674 0.457771 0.025380 0.028766
0 0.479131 0.702751 0.023403 0.026804
0 0.583006 0.392361 0.021021 0.028801
0 0.717457 0.877644 0.021005 0.026836
0 0.321350 0.804755 0.023536 0.027935
0 0.502998 0.087976 0.023224 0.029127
0 0.635553 0.532368 0.024107 0.027497
0 0.374830 0.530527 0.023447 0.029503
0 0.817118 0.882131 0.021590 0.031298
0 0.427010 0.250010 0.021324 0.027220
0 0.821425 0.090125 0.026102 0.031027
0 0.219468 0.280052 0.023614 0.027594
0 0.505613 0.564360 0.021154 0.027499
0 0.794970 0.224036 0.023294 0.028248
0 0.794321 0.915327 0.021808 0.035138
0 0.662086 0.185669 0.023143 0.029018
0 0.717989 0.360431 0.021825 0.025372
0 0.269238 0.700126 0.023035 0.028351
0 0.584210 0.739724 0.023601 0.026476
0 0.477781 0.218799 0.020319 0.028942
0 0.348959 0.084243 0.020800 0.027264
0 0.532451 0.596119 0.022530 0.027472
0 0.582476 0.427419 0.022520 0.025784
0 0.769561 0.257351 0.020132 0.029968
0 0.609613 0.219383 0.021390 0.029242
0 0.691522 0.877023 0.023085 0.027221
0 0.348145 0.113657 0.022766 0.024670
0 0.583595 0.531583 0.021398 0.029605
0 0.320964 0.905749 0.023914 0.032192
0 0.794667 0.464875 0.023338 0.023084
0 0.295091 0.904531 0.023734 0.028638
0 0.243640 0.732388 0.020870 0.025439
0 0.479804 0.771484 0.023632 0.027491
0 0.453397 0.564580 0.021395 0.024549
0 0.401084 0.838135 0.022593 0.029200
0 0.322479 0.667043 0.022342 0.026419
0 0.820425 0.291483 0.020482 0.025472
0 0.218458 0.493269 0.023705 0.029771
0 0.245577 0.246726 0.020856 0.025980
0 0.218166 0.902555 0.022519 0.027547
0 0.401058 0.116081 0.022295 0.022830
0 0.819170 0.463757 0.020708 0.023365
0 0.401364 0.597054 0.021577 0.026920
0 0.427006 0.423977 0.021721 0.029931
0 0.243186 0.765837 0.024048 0.030439
0 0.429376 0.872687 0.020525 0.027077
0 0.689438 0.121471 0.023607 0.023073
0 0.375035 0.734576 0.021401 0.027589
0 0.690453 0.360861 0.024123 0.021880
0 0.218486 0.874223 0.020768 0.023022
0 0.480037 0.738041 0.024174 0.024335
0 0.195100 0.080855 0.023566 0.022620
0 0.689512 0.710171 0.023677 0.025454
