0 0.770254 0.163601 0.235792 0.163382
0 0.778416 0.328734 0.217050 0.177398
0 0.771161 0.496058 0.225514 0.163382
0 0.773881 0.648927 0.220073 0.148489
0 0.779021 0.805738 0.224305 0.167762
0 0.555623 0.150022 0.222491 0.129216
0 0.554111 0.320850 0.223096 0.197547
0 0.545345 0.499781 0.220073 0.160315
0 0.547461 0.663601 0.236397 0.169952
0 0.546856 0.819317 0.243652 0.153745
0 0.328597 0.178712 0.231560 0.193605
0 0.327993 0.341656 0.224305 0.169076
0 0.330109 0.507884 0.234583 0.178274
0 0.331016 0.660096 0.238815 0.166448
0 0.325877 0.823697 0.226119 0.192291
