0 0.597526 0.091851 0.023698 0.032881
0 0.472135 0.090422 0.023958 0.032166
0 0.596354 0.206040 0.022396 0.034668
0 0.572135 0.088992 0.021875 0.029307
0 0.673438 0.113295 0.025000 0.035740
0 0.495703 0.281630 0.020573 0.025733
0 0.597656 0.060400 0.023958 0.031451
0 0.675260 0.060758 0.023438 0.030021
0 0.622396 0.255718 0.026042 0.036097
0 0.394922 0.088099 0.024219 0.032523
0 0.779167 0.063438 0.023438 0.031808
0 0.623437 0.058435 0.022917 0.030379
0 0.395703 0.057005 0.023698 0.033238
0 0.596615 0.118299 0.020833 0.024303
0 0.345573 0.057005 0.020833 0.033238
0 0.571094 0.255004 0.024479 0.031808
0 0.595964 0.172266 0.021094 0.035025
0 0.726172 0.092566 0.023698 0.032881
0 0.446615 0.092030 0.022917 0.033953
0 0.727214 0.061115 0.024219 0.032166
0 0.800911 0.291458 0.024740 0.037527
0 0.594792 0.260007 0.021875 0.031808
0 0.572917 0.060579 0.022917 0.031808
0 0.566406 0.879557 0.025521 0.033595
0 0.290495 0.284310 0.023698 0.032523
0 0.774870 0.289671 0.024740 0.032523
0 0.190885 0.085418 0.022396 0.039314
0 0.368359 0.088992 0.024740 0.036455
0 0.623047 0.084882 0.021094 0.026805
0 0.752865 0.063259 0.024479 0.031451
0 0.595964 0.142602 0.019010 0.027162
0 0.472526 0.058256 0.022656 0.035025
0 0.621875 0.112044 0.022917 0.031094
0 0.570312 0.281272 0.021354 0.027877
0 0.293359 0.085418 0.025781 0.033595
0 0.421484 0.056826 0.024219 0.035025
0 0.699870 0.094889 0.023177 0.031094
0 0.724740 0.287169 0.026562 0.034668
0 0.319792 0.088992 0.025521 0.033595
0 0.320182 0.056826 0.024219 0.033595
0 0.595573 0.233560 0.021875 0.023946
0 0.752083 0.093817 0.025000 0.031808
0 0.367708 0.288599 0.023438 0.033238
0 0.243620 0.055754 0.023698 0.030021
0 0.673958 0.084882 0.022396 0.027520
0 0.469271 0.255182 0.023438 0.034310
0 0.447135 0.058256 0.023438 0.035740
0 0.541276 0.880093 0.023177 0.032523
0 0.540365 0.847391 0.021354 0.034310
0 0.494141 0.304682 0.022135 0.026805
0 0.368359 0.055754 0.022135 0.030021
0 0.495703 0.254289 0.022656 0.032523
0 0.699089 0.289492 0.021615 0.035025
0 0.391536 0.254467 0.022135 0.032166
0 0.469661 0.285740 0.021615 0.028234
0 0.498568 0.088992 0.024740 0.035025
0 0.595443 0.313796 0.023698 0.034310
0 0.595182 0.346497 0.023177 0.034668
0 0.443620 0.288063 0.024219 0.030021
0 0.700130 0.255897 0.025781 0.032881
0 0.266146 0.297891 0.026042 0.033238
0 0.570052 0.307184 0.022917 0.031094
0 0.746484 0.681558 0.024740 0.026447
0 0.242188 0.087384 0.025000 0.038242
0 0.165625 0.247320 0.023958 0.032881
0 0.749870 0.288956 0.021615 0.033953
0 0.443229 0.256076 0.023958 0.035382
0 0.801302 0.258041 0.025000 0.032166
0 0.343490 0.087741 0.018229 0.027520
0 0.342708 0.253931 0.022396 0.032523
0 0.418099 0.285919 0.025781 0.034310
0 0.191406 0.052716 0.021354 0.026805
0 0.721745 0.649214 0.023698 0.032523
0 0.363672 0.486240 0.026302 0.036097
0 0.572266 0.112580 0.022135 0.025018
0 0.516667 0.878663 0.022396 0.031094
0 0.288281 0.453360 0.023958 0.031808
0 0.420964 0.089528 0.025260 0.031094
0 0.594661 0.286455 0.022656 0.025375
0 0.391146 0.288420 0.023438 0.036455
0 0.649740 0.090779 0.022917 0.034310
0 0.314844 0.279128 0.022396 0.030736
0 0.216146 0.103109 0.022917 0.030379
0 0.466406 0.676019 0.025000 0.034668
0 0.365625 0.454789 0.025521 0.030379
0 0.266276 0.271980 0.020573 0.025018
0 0.313542 0.485883 0.025521 0.031094
0 0.798698 0.333631 0.020833 0.035382
0 0.650391 0.060579 0.023698 0.033953
0 0.748047 0.486776 0.021615 0.035025
0 0.389974 0.484989 0.025260 0.033595
0 0.521224 0.305933 0.022656 0.029307
0 0.342708 0.285025 0.025000 0.033238
0 0.491276 0.879199 0.025781 0.030736
0 0.498307 0.057720 0.021615 0.030379
0 0.721354 0.681737 0.022917 0.032523
0 0.216276 0.250000 0.025260 0.034668
0 0.568359 0.677269 0.026302 0.033595
0 0.827083 0.094532 0.021875 0.030379
0 0.702474 0.063438 0.022135 0.033238
0 0.851693 0.259292 0.024219 0.033953
0 0.672005 0.256076 0.027865 0.033953
0 0.749219 0.454968 0.022396 0.031451
0 0.466797 0.490708 0.025260 0.035025
0 0.724219 0.255540 0.020833 0.030021
0 0.189974 0.280915 0.024740 0.037884
0 0.519401 0.486419 0.023698 0.032881
0 0.288542 0.486061 0.022396 0.034310
0 0.775130 0.258756 0.024219 0.031451
0 0.597396 0.028771 0.026042 0.036097
0 0.189583 0.248749 0.021875 0.030736
0 0.566406 0.847212 0.025521 0.031808
0 0.495964 0.202109 0.017969 0.022516
0 0.363802 0.677269 0.024479 0.030736
0 0.417839 0.253038 0.023177 0.035025
0 0.242057 0.250715 0.023698 0.036812
0 0.876042 0.348642 0.025521 0.029664
0 0.470833 0.207112 0.020313 0.026090
0 0.339583 0.453360 0.022917 0.033953
0 0.362370 0.878663 0.022135 0.034668
0 0.880078 0.030915 0.025781 0.039671
0 0.622917 0.287527 0.026042 0.032523
0 0.494531 0.330772 0.020313 0.024660
0 0.674349 0.288420 0.025260 0.032881
0 0.497396 0.177806 0.019271 0.026090
0 0.568880 0.486598 0.026302 0.032523
0 0.210677 0.682094 0.027083 0.033238
0 0.848437 0.684417 0.024479 0.030021
0 0.621745 0.167798 0.018490 0.021801
0 0.777995 0.093281 0.022135 0.029307
0 0.313542 0.452287 0.023958 0.034668
0 0.548307 0.093817 0.021094 0.026805
0 0.211458 0.647963 0.023958 0.037884
0 0.616146 0.880629 0.026042 0.035740
0 0.316667 0.249107 0.021354 0.032166
0 0.903125 0.458363 0.025000 0.032523
0 0.388281 0.876162 0.021354 0.029664
0 0.266146 0.245711 0.022917 0.036097
0 0.388932 0.677448 0.024740 0.029664
0 0.417969 0.455325 0.025000 0.035025
0 0.338281 0.486419 0.023958 0.032881
0 0.644401 0.647605 0.022656 0.027877
0 0.803255 0.093281 0.022135 0.030021
0 0.164193 0.278592 0.021615 0.030379
0 0.648568 0.257148 0.023177 0.035382
0 0.644922 0.670479 0.022656 0.023588
0 0.315234 0.303610 0.022656 0.026090
0 0.619401 0.484989 0.027344 0.033595
0 0.874740 0.380093 0.024479 0.034668
0 0.671224 0.679235 0.022656 0.036097
0 0.647526 0.133310 0.019531 0.023588
0 0.878125 0.093281 0.022917 0.029307
0 0.339844 0.881701 0.023958 0.032166
0 0.875911 0.188885 0.024219 0.038956
0 0.827604 0.063438 0.023438 0.033238
0 0.749349 0.256791 0.022135 0.028949
0 0.366536 0.255004 0.022656 0.035382
0 0.418620 0.163152 0.017969 0.018942
0 0.446224 0.165833 0.020052 0.022159
0 0.493229 0.649214 0.025000 0.033953
0 0.263802 0.199071 0.018750 0.023588
0 0.825781 0.255361 0.020833 0.031094
0 0.899479 0.503574 0.025000 0.033595
0 0.819792 0.682809 0.026042 0.026805
0 0.492839 0.682273 0.024219 0.035740
0 0.417578 0.487848 0.024219 0.035740
0 0.210286 0.848642 0.023177 0.034668
0 0.340104 0.644925 0.024479 0.033238
0 0.793099 0.885990 0.024219 0.028592
0 0.851562 0.503217 0.025000 0.030021
0 0.516797 0.844353 0.022135 0.037527
0 0.217448 0.051108 0.021875 0.028592
0 0.390365 0.452823 0.020833 0.026447
0 0.416667 0.201930 0.021875 0.028592
0 0.568229 0.647427 0.027083 0.029664
0 0.498958 0.127234 0.022396 0.029307
0 0.697656 0.353824 0.020833 0.028592
0 0.260547 0.645104 0.022135 0.029307
0 0.440104 0.679235 0.024479 0.034668
0 0.824479 0.302895 0.020833 0.028234
0 0.268229 0.106326 0.023438 0.031808
0 0.087370 0.244282 0.023177 0.031094
0 0.293229 0.144746 0.019792 0.024303
0 0.415755 0.880629 0.024740 0.032166
0 0.493359 0.478377 0.022656 0.026090
0 0.237370 0.482309 0.024740 0.036812
0 0.879948 0.065940 0.022396 0.032523
0 0.774089 0.487670 0.025260 0.035382
0 0.364453 0.848463 0.020573 0.028592
0 0.929036 0.325768 0.020573 0.033238
0 0.541797 0.679235 0.021615 0.035382
0 0.724870 0.186204 0.017448 0.019299
0 0.293229 0.118835 0.019271 0.028234
0 0.722526 0.453360 0.023698 0.028949
0 0.643620 0.879557 0.023698 0.030736
0 0.521615 0.280736 0.022917 0.027520
0 0.291927 0.252859 0.022396 0.034668
0 0.518359 0.678878 0.021094 0.033953
0 0.495964 0.352395 0.020052 0.023588
0 0.724089 0.129557 0.020573 0.031094
0 0.211589 0.484096 0.024219 0.036812
0 0.775521 0.184417 0.016667 0.020729
0 0.520573 0.648320 0.022396 0.030736
0 0.673047 0.201930 0.019010 0.025018
0 0.673307 0.485525 0.022656 0.028234
0 0.877604 0.122945 0.021354 0.029307
0 0.697526 0.487134 0.023698 0.032881
0 0.647917 0.290743 0.021875 0.032523
0 0.648307 0.155468 0.021615 0.025018
0 0.804167 0.063438 0.022396 0.033238
0 0.167448 0.052716 0.023958 0.040386
0 0.463542 0.879021 0.024479 0.032523
0 0.186589 0.484096 0.020573 0.030379
0 0.877734 0.317012 0.023177 0.030736
0 0.722526 0.498034 0.022656 0.028949
0 0.471875 0.127591 0.019271 0.024303
0 0.697786 0.202287 0.019531 0.023588
0 0.416797 0.847034 0.026302 0.034310
0 0.621745 0.207291 0.021615 0.033595
0 0.847526 0.655826 0.023698 0.035740
0 0.772656 0.453538 0.025521 0.035025
0 0.166276 0.085954 0.022135 0.032523
0 0.615495 0.846676 0.023698 0.033595
0 0.824870 0.457648 0.028906 0.039671
0 0.775521 0.165833 0.016146 0.016440
0 0.725000 0.204432 0.016667 0.020014
0 0.464453 0.846676 0.024219 0.034310
0 0.622396 0.138670 0.018229 0.023588
0 0.182422 0.879557 0.024219 0.031451
0 0.266276 0.130093 0.018490 0.021444
0 0.497396 0.154932 0.018750 0.021086
0 0.212109 0.451036 0.023177 0.030021
0 0.927995 0.294139 0.021615 0.027877
0 0.268620 0.055397 0.020052 0.033595
0 0.673568 0.141887 0.021094 0.026447
0 0.798047 0.455147 0.025781 0.029664
0 0.241406 0.284846 0.021354 0.034310
0 0.493880 0.450858 0.023698 0.033238
0 0.771615 0.683167 0.022396 0.030379
0 0.749349 0.361151 0.020573 0.023946
0 0.464974 0.641351 0.023177 0.036812
0 0.182161 0.847034 0.024219 0.033595
0 0.876302 0.224267 0.022917 0.027520
0 0.619922 0.453181 0.023177 0.028592
0 0.114583 0.247141 0.023958 0.031094
0 0.366536 0.121337 0.016927 0.019657
0 0.387370 0.172087 0.016406 0.019657
0 0.568880 0.455683 0.025260 0.034310
0 0.089583 0.049857 0.022917 0.029664
0 0.292969 0.055575 0.025000 0.028949
0 0.089583 0.081308 0.024479 0.033238
0 0.646875 0.488027 0.025000 0.030379
0 0.747917 0.381701 0.019271 0.022873
0 0.262760 0.217477 0.016146 0.017513
0 0.521745 0.255361 0.021094 0.026090
0 0.521354 0.182809 0.016146 0.020372
0 0.774219 0.377412 0.021875 0.026447
0 0.210026 0.881523 0.022656 0.033238
0 0.876823 0.258578 0.020833 0.033953
0 0.291797 0.171015 0.020052 0.025375
0 0.622266 0.182809 0.017969 0.019657
0 0.469010 0.186383 0.017708 0.019657
0 0.776432 0.203896 0.020052 0.025375
0 0.417578 0.181916 0.020052 0.020729
0 0.723177 0.477663 0.021875 0.026805
0 0.490625 0.847212 0.024479 0.035382
0 0.799219 0.494818 0.023438 0.046104
0 0.694010 0.849178 0.021354 0.032166
0 0.644401 0.691744 0.022656 0.024660
0 0.672396 0.535025 0.019271 0.035025
0 0.114714 0.278592 0.025260 0.036097
0 0.118229 0.052538 0.025521 0.035025
0 0.445573 0.184060 0.020313 0.021444
0 0.522135 0.163688 0.015625 0.017870
0 0.217448 0.077198 0.021354 0.029307
0 0.646615 0.203360 0.019792 0.025018
0 0.364063 0.645997 0.021875 0.031808
0 0.875000 0.151716 0.022917 0.032523
0 0.387240 0.845783 0.019271 0.026090
0 0.548438 0.063259 0.020313 0.032166
0 0.470313 0.168156 0.018229 0.021801
0 0.647135 0.520908 0.026042 0.037527
0 0.215625 0.281630 0.023958 0.032166
0 0.520833 0.329521 0.018750 0.023588
0 0.721354 0.567370 0.017708 0.020372
0 0.851953 0.291101 0.019010 0.028234
0 0.312240 0.646176 0.025000 0.031451
0 0.900391 0.483560 0.023177 0.025018
0 0.161068 0.450322 0.021615 0.032881
0 0.904427 0.258578 0.021354 0.036812
0 0.087240 0.274482 0.022917 0.032166
0 0.542318 0.647963 0.021094 0.026447
0 0.238672 0.446390 0.024740 0.029307
0 0.242448 0.127949 0.020313 0.027877
0 0.418750 0.144568 0.016667 0.021086
0 0.648698 0.180665 0.017188 0.023946
0 0.312240 0.849714 0.025000 0.030379
0 0.744922 0.883310 0.022135 0.035382
0 0.850521 0.479092 0.022917 0.024660
0 0.668880 0.649214 0.019010 0.026090
0 0.792708 0.853109 0.023438 0.036455
0 0.697266 0.328806 0.017969 0.020014
0 0.825521 0.489099 0.025521 0.031094
0 0.264062 0.483202 0.021875 0.029307
0 0.189714 0.158149 0.017969 0.022516
0 0.471615 0.147784 0.019271 0.021086
0 0.801042 0.196390 0.020313 0.038242
0 0.443620 0.202466 0.016406 0.021086
0 0.747135 0.529664 0.019792 0.022873
0 0.445833 0.146176 0.019271 0.020014
0 0.750130 0.326662 0.022135 0.029307
0 0.524870 0.060400 0.024219 0.030021
0 0.390104 0.646712 0.021875 0.033238
0 0.143229 0.054503 0.022396 0.037527
0 0.572396 0.140994 0.020313 0.035382
0 0.771224 0.652430 0.020052 0.031094
0 0.260677 0.684417 0.023958 0.048606
0 0.725130 0.166726 0.018490 0.021801
0 0.319922 0.138313 0.021615 0.032881
0 0.854297 0.095604 0.022135 0.028949
0 0.747526 0.647427 0.025260 0.038956
0 0.796745 0.678163 0.019531 0.023946
0 0.851042 0.206219 0.017188 0.021444
0 0.415234 0.678699 0.025260 0.035025
0 0.520052 0.202466 0.017188 0.022516
0 0.697135 0.227663 0.021354 0.025018
0 0.696354 0.682630 0.022396 0.032166
0 0.440755 0.847927 0.022135 0.031808
0 0.397135 0.141708 0.017188 0.019657
0 0.774870 0.328628 0.017969 0.023946
0 0.821224 0.652966 0.023177 0.034310
0 0.673047 0.175840 0.019010 0.022873
0 0.522786 0.147427 0.016927 0.019657
0 0.366406 0.139385 0.017188 0.019299
0 0.699740 0.184239 0.016667 0.016798
0 0.285417 0.645640 0.022396 0.036097
0 0.317969 0.165297 0.017708 0.023231
0 0.365885 0.180665 0.016146 0.019657
0 0.899219 0.533595 0.013542 0.014296
0 0.569271 0.162080 0.018229 0.021801
0 0.286458 0.687277 0.023438 0.047177
0 0.339323 0.847391 0.021354 0.036455
0 0.161328 0.482666 0.024740 0.032523
0 0.238932 0.180486 0.016406 0.019299
0 0.701562 0.164403 0.017188 0.024303
0 0.774089 0.546998 0.021615 0.023946
0 0.468099 0.327913 0.020573 0.021801
0 0.159505 0.847927 0.021615 0.036812
0 0.823177 0.327913 0.021354 0.024660
0 0.395313 0.121515 0.022396 0.022873
0 0.851432 0.186383 0.016927 0.025375
0 0.671615 0.562009 0.017708 0.021086
0 0.798698 0.364010 0.019792 0.024660
0 0.773438 0.402609 0.021354 0.025375
0 0.776563 0.230879 0.019792 0.029307
0 0.390755 0.217655 0.020052 0.022159
0 0.544401 0.206040 0.019531 0.021801
0 0.747005 0.547891 0.017448 0.017155
0 0.417839 0.642602 0.025260 0.042888
0 0.774609 0.353467 0.019531 0.025733
0 0.319271 0.124196 0.018229 0.020372
0 0.267969 0.080415 0.020833 0.022873
0 0.722526 0.531272 0.018490 0.024660
0 0.088411 0.137241 0.016406 0.020729
0 0.365365 0.202823 0.019271 0.028234
0 0.824609 0.284668 0.019010 0.020372
0 0.261589 0.846497 0.023177 0.031808
0 0.543880 0.483202 0.020052 0.030736
0 0.366667 0.159936 0.019271 0.024660
0 0.670573 0.600071 0.016667 0.022873
0 0.671615 0.847212 0.023958 0.034668
0 0.929167 0.191387 0.023438 0.038242
0 0.645703 0.845961 0.028385 0.039314
0 0.390755 0.193174 0.021615 0.026090
0 0.239453 0.159042 0.022135 0.029307
0 0.184375 0.446569 0.023958 0.038242
0 0.266016 0.143495 0.019531 0.027520
0 0.441797 0.452466 0.019531 0.028592
0 0.569922 0.198713 0.020052 0.030021
0 0.312370 0.697105 0.024740 0.034668
0 0.617969 0.649214 0.023958 0.028949
0 0.697526 0.653860 0.020573 0.031808
0 0.823568 0.191923 0.021094 0.033595
0 0.697005 0.376340 0.020052 0.025733
0 0.519531 0.363474 0.018229 0.022873
0 0.464844 0.540386 0.018750 0.031451
0 0.773958 0.527341 0.019271 0.020372
0 0.492969 0.500536 0.021354 0.027520
0 0.235547 0.644746 0.021615 0.034310
0 0.543490 0.350250 0.019792 0.022873
0 0.848177 0.854360 0.023438 0.031094
0 0.235807 0.847927 0.021094 0.033238
0 0.797396 0.652073 0.020833 0.031808
0 0.775781 0.143317 0.019271 0.032881
0 0.466797 0.392959 0.017448 0.033238
0 0.495182 0.367763 0.017448 0.017870
0 0.900130 0.549678 0.016406 0.020014
0 0.311719 0.672087 0.023438 0.024660
0 0.341797 0.149392 0.015365 0.020729
0 0.190625 0.177984 0.018229 0.019299
0 0.751302 0.204610 0.020833 0.044675
0 0.523568 0.090243 0.022135 0.032523
0 0.933984 0.032166 0.026823 0.035740
0 0.933203 0.066297 0.022135 0.034668
0 0.935156 0.099893 0.024479 0.023946
0 0.931380 0.127055 0.023177 0.032523
0 0.930990 0.156004 0.023958 0.023231
0 0.929557 0.225340 0.026823 0.018942
0 0.929818 0.259114 0.023177 0.040029
0 0.898828 0.569693 0.019010 0.015726
0 0.901432 0.588099 0.018490 0.018942
0 0.850911 0.453002 0.023177 0.028234
0 0.876563 0.288599 0.020833 0.025375
0 0.903776 0.290565 0.023177 0.029307
0 0.853906 0.061472 0.022917 0.031451
0 0.088542 0.118656 0.016146 0.013581
0 0.087760 0.152430 0.017708 0.011794
0 0.087370 0.169228 0.016927 0.019657
0 0.086589 0.189064 0.015365 0.022159
0 0.191146 0.124553 0.016146 0.016798
0 0.191536 0.140279 0.013802 0.018942
0 0.903776 0.065046 0.021615 0.024303
0 0.903776 0.091851 0.021615 0.031451
0 0.899219 0.604896 0.016667 0.014653
0 0.845573 0.886705 0.019792 0.031451
0 0.821094 0.856683 0.029167 0.032881
0 0.821875 0.890994 0.027604 0.037884
0 0.770182 0.849357 0.022135 0.034668
0 0.769792 0.888313 0.024479 0.034668
0 0.744141 0.849893 0.025260 0.027162
0 0.719271 0.849357 0.022917 0.032523
0 0.718490 0.881880 0.022917 0.032523
0 0.691927 0.881344 0.020833 0.031451
0 0.670573 0.881880 0.023958 0.028234
0 0.441536 0.642781 0.020573 0.031808
0 0.338932 0.678520 0.023698 0.031808
0 0.234766 0.674232 0.022135 0.021086
0 0.235937 0.697999 0.021354 0.022159
0 0.157422 0.879736 0.019010 0.026090
0 0.136719 0.849893 0.022396 0.025018
0 0.135937 0.879199 0.026562 0.027162
0 0.108854 0.849357 0.024479 0.028234
0 0.107552 0.881344 0.020833 0.027162
0 0.081250 0.848821 0.026042 0.035740
0 0.081641 0.880808 0.023698 0.030379
0 0.235547 0.880808 0.020573 0.030379
0 0.260026 0.872945 0.019010 0.023231
0 0.261589 0.896176 0.022135 0.018942
0 0.287240 0.847212 0.024479 0.028234
0 0.288411 0.875089 0.022135 0.021086
0 0.312500 0.883488 0.018229 0.027162
0 0.441146 0.879736 0.021354 0.026090
0 0.263802 0.453002 0.019271 0.028234
