0 0.382231 0.494178 0.111034 0.108082
0 0.370834 0.191507 0.114833 0.113699
0 0.262476 0.355479 0.092557 0.073151
0 0.359178 0.066507 0.105336 0.092466
0 0.542221 0.939863 0.134346 0.097260
0 0.097565 0.078288 0.100501 0.107534
0 0.873942 0.056918 0.130893 0.102603
0 0.527543 0.567740 0.134692 0.135479
0 0.261872 0.549247 0.111034 0.084247
0 0.401399 0.712260 0.104127 0.099863
0 0.253929 0.450205 0.093421 0.081507
0 0.882576 0.428151 0.145398 0.135479
0 0.390779 0.602808 0.089795 0.084795
0 0.503972 0.410959 0.147988 0.137260
0 0.883440 0.558836 0.129857 0.116301
0 0.927128 0.784932 0.098429 0.078630
0 0.102400 0.276027 0.104991 0.077260
0 0.406234 0.932466 0.102055 0.092877
0 0.513815 0.071438 0.165256 0.109726
0 0.532982 0.770822 0.117942 0.086301
0 0.505612 0.296438 0.134001 0.057808
0 0.877655 0.172397 0.151097 0.097945
0 0.531773 0.683904 0.116215 0.074384
0 0.101364 0.177466 0.097047 0.070548
0 0.916595 0.703425 0.112934 0.078356
0 0.515455 0.189110 0.098083 0.111096
0 0.869971 0.291575 0.135728 0.126438
0 0.715248 0.091918 0.138836 0.156438
0 0.307028 0.634247 0.039371 0.038356
0 0.769384 0.053904 0.050941 0.046438
0 0.103954 0.746507 0.097047 0.126438
0 0.262649 0.837123 0.101882 0.073151
0 0.273787 0.905890 0.087204 0.058356
0 0.374719 0.312192 0.113279 0.109863
0 0.230012 0.059178 0.105681 0.080548
0 0.441547 0.681575 0.040408 0.043151
0 0.094198 0.376986 0.076843 0.083014
0 0.096615 0.634110 0.113452 0.086027
0 0.923502 0.921781 0.109135 0.123836
0 0.256950 0.752671 0.121223 0.083973
0 0.230703 0.183014 0.101537 0.089863
0 0.542221 0.843151 0.096702 0.056438
0 0.668451 0.221781 0.235193 0.084384
0 0.099983 0.480000 0.104991 0.088493
0 0.403557 0.839247 0.071836 0.105342
0 0.271369 0.967329 0.083751 0.064247
0 0.254101 0.659110 0.088931 0.090548
0 0.236833 0.271781 0.118287 0.089589
