0 0.140144 0.179286 0.144728 0.185553
0 0.425508 0.537598 0.089718 0.093124
0 0.767845 0.150392 0.093648 0.107224
0 0.671415 0.547346 0.090701 0.116449
0 0.126392 0.354569 0.123772 0.165709
0 0.670023 0.426458 0.086280 0.097476
0 0.552227 0.247433 0.087099 0.097650
0 0.234528 0.320801 0.079077 0.081462
0 0.422642 0.232724 0.084971 0.094343
0 0.422642 0.121845 0.087917 0.084595
0 0.435658 0.655614 0.092338 0.095909
0 0.316306 0.511749 0.090701 0.103046
0 0.671578 0.883725 0.086444 0.116623
0 0.783153 0.600957 0.089227 0.096954
0 0.664129 0.133681 0.077112 0.084595
0 0.791667 0.699043 0.095449 0.079373
0 0.876310 0.433768 0.084643 0.085292
0 0.431238 0.428634 0.086771 0.086858
0 0.558530 0.714883 0.085953 0.095735
0 0.782089 0.495474 0.081860 0.087206
0 0.431647 0.755788 0.095121 0.068930
0 0.553454 0.611575 0.078422 0.089643
0 0.669532 0.752132 0.085625 0.113142
0 0.253274 0.015753 0.025213 0.023847
0 0.549198 0.397476 0.097413 0.148825
0 0.392927 0.015057 0.020956 0.025587
0 0.427636 0.327589 0.082515 0.081114
0 0.669204 0.320017 0.077439 0.088251
0 0.420678 0.014795 0.027341 0.025065
0 0.450884 0.014273 0.027832 0.024021
0 0.420187 0.045953 0.019810 0.022628
0 0.335953 0.015840 0.027505 0.026110
0 0.478553 0.041688 0.024885 0.031506
0 0.058284 0.029243 0.050098 0.049434
0 0.559430 0.861097 0.093320 0.166057
0 0.310085 0.165622 0.104781 0.155091
0 0.881549 0.129156 0.079077 0.083203
0 0.669941 0.649869 0.074656 0.070844
0 0.201621 0.044822 0.022757 0.023847
0 0.365586 0.010705 0.020629 0.015840
0 0.175016 0.013751 0.020301 0.017755
0 0.792158 0.899739 0.089227 0.076588
0 0.479289 0.012010 0.023412 0.019495
0 0.772593 0.343864 0.089064 0.099391
0 0.664047 0.223586 0.073346 0.072237
0 0.214718 0.032376 0.050917 0.055352
0 0.137688 0.470670 0.091028 0.082855
0 0.334479 0.044735 0.023903 0.020888
0 0.390963 0.044996 0.021938 0.019321
0 0.452358 0.910705 0.078585 0.050827
0 0.447937 0.869713 0.090701 0.128982
0 0.547151 0.134813 0.067780 0.071540
0 0.278324 0.015144 0.017027 0.018103
0 0.770383 0.246910 0.081369 0.091732
0 0.787737 0.771889 0.082351 0.065970
0 0.294532 0.031941 0.055010 0.052393
0 0.100606 0.013055 0.023084 0.019495
0 0.016618 0.844038 0.032908 0.069974
0 0.307220 0.013577 0.023739 0.021584
0 0.875982 0.223847 0.083988 0.093647
0 0.879093 0.323151 0.083988 0.111227
0 0.363703 0.042994 0.026359 0.035509
0 0.797397 0.754830 0.128847 0.195474
0 0.124673 0.040731 0.025049 0.038990
0 0.125327 0.014883 0.024067 0.022802
0 0.316798 0.331419 0.080223 0.113142
0 0.364768 0.024891 0.023903 0.039687
0 0.305665 0.042472 0.029142 0.026806
0 0.275868 0.047171 0.020956 0.021584
0 0.251883 0.042646 0.021120 0.022628
0 0.098150 0.044386 0.022430 0.036205
0 0.150540 0.015492 0.020138 0.024021
0 0.204650 0.016797 0.028487 0.026284
0 0.319335 0.423499 0.084971 0.062663
0 0.249836 0.032637 0.032089 0.054830
0 0.447855 0.041427 0.019483 0.025065
0 0.171496 0.032724 0.021447 0.022977
0 0.173134 0.053438 0.020465 0.018451
0 0.147511 0.031593 0.022593 0.022802
0 0.151031 0.052829 0.021447 0.021758
0 0.044122 0.061010 0.022430 0.020714
0 0.046169 0.088773 0.024558 0.034813
0 0.043631 0.118190 0.027669 0.026110
0 0.041585 0.147520 0.025540 0.030461
0 0.042567 0.176849 0.023576 0.028198
0 0.230435 0.439077 0.069581 0.150218
0 0.550180 0.519495 0.062377 0.100087
