0 0.828133 0.063377 0.239054 0.125695
0 0.834424 0.191320 0.226472 0.119079
0 0.851032 0.308150 0.209361 0.114581
0 0.844741 0.431596 0.209864 0.121196
0 0.852038 0.563377 0.232511 0.129135
0 0.845496 0.673591 0.203322 0.113522
0 0.877202 0.803652 0.245596 0.133369
0 0.867640 0.923922 0.255662 0.113522
0 0.620282 0.064435 0.221943 0.123578
0 0.616256 0.184573 0.243080 0.123578
0 0.609713 0.312384 0.209864 0.138926
0 0.603422 0.428817 0.226472 0.111405
0 0.611978 0.543530 0.230498 0.129135
0 0.612984 0.662477 0.216407 0.111405
0 0.621288 0.787775 0.215903 0.119079
0 0.633870 0.907912 0.215903 0.130193
0 0.372924 0.068272 0.226472 0.120138
0 0.372924 0.187351 0.226472 0.129135
0 0.384499 0.308547 0.220433 0.118021
0 0.374937 0.438740 0.222446 0.127018
0 0.397836 0.549484 0.239054 0.112464
0 0.388525 0.667505 0.224459 0.138926
0 0.409411 0.797565 0.237041 0.130193
0 0.402114 0.917835 0.205335 0.116698
0 0.144187 0.059936 0.217916 0.099233
0 0.138148 0.182456 0.213890 0.114581
0 0.151736 0.306430 0.245093 0.124372
0 0.151736 0.431596 0.233015 0.136544
0 0.148717 0.551204 0.213890 0.118021
0 0.153749 0.673062 0.203825 0.114581
0 0.165325 0.797565 0.247106 0.130193
0 0.168344 0.924980 0.211877 0.102408
