0 0.875134 0.234091 0.096955 0.097727
0 0.868723 0.325142 0.087874 0.082102
0 0.868323 0.423438 0.087073 0.087216
0 0.864850 0.518182 0.080128 0.076705
0 0.861912 0.620881 0.074252 0.073580
0 0.862847 0.719744 0.087874 0.086080
0 0.860844 0.817472 0.090278 0.094602
0 0.768830 0.230540 0.090011 0.088352
0 0.764824 0.333097 0.090011 0.101989
0 0.764824 0.424574 0.090011 0.080966
0 0.760951 0.524574 0.083868 0.074716
0 0.759081 0.631250 0.080128 0.098864
0 0.758948 0.723437 0.086271 0.080966
0 0.757479 0.824432 0.092949 0.076705
0 0.662393 0.213494 0.092949 0.088352
0 0.659054 0.314631 0.087874 0.090625
0 0.662927 0.422443 0.086004 0.097727
0 0.663462 0.517614 0.084936 0.071591
0 0.661058 0.622443 0.077991 0.093750
0 0.659455 0.724006 0.079060 0.094602
0 0.656517 0.820739 0.087073 0.086364
0 0.568910 0.222017 0.094017 0.088352
0 0.568910 0.315625 0.080128 0.077841
0 0.573050 0.422017 0.081998 0.094602
0 0.568910 0.524006 0.080128 0.100852
0 0.564637 0.621307 0.079060 0.093750
0 0.567975 0.711932 0.081998 0.085227
0 0.563568 0.815483 0.081197 0.105398
0 0.418670 0.311932 0.087874 0.093750
0 0.419605 0.404972 0.086004 0.067330
0 0.422543 0.509801 0.088141 0.087216
0 0.418670 0.612500 0.084135 0.092614
0 0.421608 0.697159 0.078259 0.070455
0 0.420673 0.802841 0.086004 0.081818
0 0.313835 0.221023 0.088141 0.086364
0 0.315839 0.320881 0.084135 0.090625
0 0.315171 0.411364 0.087073 0.092614
0 0.314770 0.509375 0.087874 0.077841
0 0.317308 0.610227 0.087073 0.086364
0 0.315839 0.704972 0.084135 0.088352
0 0.322249 0.808523 0.094818 0.091477
0 0.212340 0.227273 0.081197 0.077841
0 0.217815 0.320455 0.084135 0.087500
0 0.213942 0.423438 0.086004 0.095739
0 0.213809 0.519318 0.084135 0.078977
0 0.219418 0.615625 0.091079 0.092614
0 0.217815 0.719176 0.081998 0.095739
0 0.225694 0.809801 0.091880 0.074716
0 0.119925 0.240909 0.083868 0.105114
0 0.123798 0.333523 0.090011 0.080114
0 0.120459 0.428693 0.087073 0.076705
0 0.119391 0.521449 0.075321 0.083239
0 0.120860 0.631392 0.081998 0.103125
0 0.119925 0.732244 0.088141 0.096875
0 0.123798 0.827983 0.084135 0.088352
