0 0.905810 0.088973 0.188381 0.146739
0 0.899770 0.235273 0.176301 0.106241
0 0.899626 0.391918 0.200748 0.143583
0 0.899626 0.538745 0.200748 0.139201
0 0.901352 0.670231 0.197297 0.121669
0 0.892436 0.821441 0.215128 0.119390
0 0.895024 0.930487 0.209951 0.107468
0 0.666091 0.088447 0.226632 0.141480
0 0.679609 0.251140 0.217429 0.133766
0 0.691401 0.405154 0.201323 0.150070
0 0.669830 0.555224 0.230083 0.117111
0 0.669830 0.686711 0.244464 0.125877
0 0.667098 0.820915 0.249928 0.135870
0 0.678746 0.949334 0.230083 0.101332
0 0.418033 0.075298 0.222893 0.134818
0 0.410986 0.222651 0.215703 0.142356
0 0.426086 0.371669 0.210239 0.131487
0 0.425367 0.516392 0.201323 0.127104
0 0.420765 0.659362 0.206500 0.115007
0 0.394593 0.815480 0.215703 0.144635
0 0.404659 0.947142 0.217429 0.105715
0 0.125108 0.062675 0.204774 0.111676
0 0.135030 0.212833 0.210239 0.146914
0 0.124245 0.365621 0.203049 0.136921
0 0.123238 0.517970 0.179753 0.154453
0 0.127696 0.650596 0.185217 0.106241
0 0.136756 0.785326 0.195858 0.103962
0 0.144953 0.929085 0.215703 0.141830
