0 0.759370 0.158503 0.151811 0.101854
0 0.751811 0.280728 0.164409 0.100938
0 0.766142 0.405585 0.153386 0.117647
0 0.748976 0.517510 0.121575 0.072786
0 0.761890 0.640307 0.158740 0.093614
0 0.585827 0.168345 0.115906 0.105058
0 0.574331 0.289654 0.135748 0.108263
0 0.573543 0.399863 0.146142 0.091554
0 0.565669 0.534562 0.124724 0.109178
0 0.580787 0.651179 0.146142 0.098878
0 0.576378 0.770771 0.146142 0.078050
0 0.575118 0.891508 0.131654 0.107118
0 0.388976 0.162165 0.140472 0.092699
0 0.391811 0.287594 0.134803 0.108263
0 0.393228 0.411421 0.140157 0.112383
0 0.395906 0.531472 0.120315 0.092470
0 0.397638 0.661021 0.128819 0.087434
0 0.405354 0.906043 0.121575 0.086290
0 0.211496 0.175212 0.154646 0.104143
0 0.225039 0.294919 0.124409 0.089494
0 0.220000 0.401465 0.140157 0.075990
0 0.220630 0.531014 0.127559 0.103914
0 0.228661 0.653239 0.151811 0.094759
0 0.235748 0.776036 0.169134 0.113298
0 0.224252 0.900893 0.157480 0.092470
