0 0.818066 0.122695 0.312977 0.195184
0 0.815310 0.295594 0.310857 0.161373
0 0.822519 0.490907 0.314249 0.219006
0 0.819975 0.705430 0.312553 0.180328
0 0.817218 0.898566 0.300254 0.201844
0 0.505301 0.121670 0.323579 0.205943
0 0.495759 0.312756 0.318066 0.180328
0 0.503605 0.504739 0.323579 0.184682
0 0.505301 0.696849 0.333757 0.199539
0 0.500848 0.900231 0.339271 0.196465
0 0.179389 0.118468 0.321459 0.199539
0 0.171332 0.311091 0.301951 0.185707
0 0.180025 0.505379 0.309160 0.192111
0 0.182782 0.702228 0.318066 0.188781
0 0.173240 0.892802 0.305768 0.185707
