0 0.129120 0.651206 0.084345 0.112514
0 0.685494 0.258324 0.086947 0.088634
0 0.684302 0.156716 0.082394 0.097130
0 0.881180 0.482893 0.088031 0.106544
0 0.212272 0.588060 0.071986 0.104248
0 0.126409 0.755568 0.068517 0.079219
0 0.107762 0.184386 0.078491 0.114351
0 0.886817 0.599311 0.096704 0.107463
0 0.778729 0.249598 0.071769 0.095982
0 0.209670 0.169460 0.085863 0.116188
0 0.421834 0.495178 0.081310 0.106315
0 0.211839 0.283582 0.081093 0.099196
0 0.419558 0.609644 0.076756 0.091848
0 0.683001 0.353387 0.083695 0.090471
0 0.417173 0.391274 0.078925 0.088634
0 0.570902 0.648335 0.080225 0.097589
0 0.678448 0.464179 0.083695 0.121470
0 0.888985 0.388863 0.079358 0.079219
0 0.567975 0.333639 0.080009 0.079908
0 0.116002 0.390471 0.082394 0.094834
0 0.570252 0.749598 0.075889 0.089323
0 0.583586 0.147417 0.077840 0.085878
0 0.416414 0.299082 0.078708 0.063605
0 0.419449 0.231114 0.078708 0.064524
0 0.568951 0.851665 0.073721 0.101952
0 0.667281 0.873708 0.083912 0.064294
0 0.672376 0.698622 0.077190 0.083352
0 0.674436 0.589437 0.081743 0.123536
0 0.113075 0.295178 0.080442 0.091160
0 0.673244 0.798622 0.082394 0.083582
0 0.309735 0.151894 0.075672 0.076464
0 0.421184 0.147646 0.068734 0.084041
0 0.215308 0.482549 0.084562 0.099426
0 0.418907 0.732262 0.091500 0.136395
0 0.775369 0.163146 0.066782 0.074168
0 0.780681 0.486452 0.082177 0.076005
0 0.896683 0.296326 0.078708 0.105855
0 0.570577 0.449369 0.082611 0.108381
0 0.570143 0.550057 0.081743 0.091160
0 0.308760 0.248450 0.078057 0.088634
0 0.783716 0.399426 0.067433 0.076923
0 0.575889 0.242365 0.073721 0.087945
0 0.122615 0.884845 0.091717 0.087486
0 0.888768 0.185189 0.072853 0.109529
0 0.212272 0.380367 0.071119 0.091160
0 0.885841 0.785763 0.076539 0.077153
0 0.781982 0.331343 0.071769 0.067968
0 0.127710 0.549828 0.068083 0.073249
0 0.883239 0.860161 0.080009 0.065212
0 0.314180 0.329851 0.066349 0.069575
0 0.425629 0.855224 0.084128 0.103100
0 0.215742 0.867623 0.069384 0.093915
0 0.121422 0.818025 0.076756 0.047991
0 0.217585 0.681171 0.065265 0.070494
0 0.877277 0.701263 0.064180 0.087715
0 0.209996 0.773249 0.066132 0.100344
0 0.115460 0.474742 0.046184 0.058553
