0 0.660218 0.164258 0.214027 0.151555
0 0.659613 0.313841 0.209190 0.168638
0 0.664752 0.477442 0.225514 0.175208
0 0.657497 0.632282 0.196493 0.168638
0 0.657195 0.804205 0.187424 0.198861
0 0.453144 0.164696 0.209794 0.165572
0 0.458888 0.329391 0.227328 0.184845
0 0.462213 0.495401 0.212213 0.170828
0 0.456167 0.655278 0.212213 0.161191
0 0.464329 0.817127 0.243047 0.177398
0 0.234885 0.175427 0.236397 0.182654
0 0.235490 0.338371 0.237606 0.164258
0 0.233374 0.498686 0.235792 0.162505
0 0.241536 0.674551 0.213422 0.189225
0 0.243047 0.833552 0.220073 0.135786
