0 0.221005 0.150720 0.065704 0.030998
0 0.540567 0.968147 0.059731 0.029534
0 0.413141 0.638760 0.064709 0.032219
0 0.601792 0.969490 0.062718 0.028313
0 0.230961 0.940200 0.061722 0.026849
0 0.599303 0.819502 0.060727 0.029046
0 0.478596 0.465096 0.058238 0.034904
0 0.159283 0.187698 0.056745 0.026361
0 0.096317 0.188553 0.069189 0.029534
0 0.219263 0.213571 0.057242 0.029290
0 0.160528 0.307908 0.061224 0.034904
0 0.347437 0.640225 0.056745 0.031731
0 0.730214 0.850500 0.069686 0.032463
0 0.415630 0.795216 0.064709 0.029290
0 0.411399 0.608616 0.065207 0.027581
0 0.159034 0.119478 0.060229 0.029046
0 0.848930 0.734440 0.066202 0.030266
0 0.225983 0.548694 0.056745 0.032707
0 0.788203 0.639492 0.056247 0.032707
0 0.414883 0.368318 0.064211 0.028802
0 0.156546 0.058213 0.054256 0.026605
0 0.156794 0.088601 0.057740 0.029778
0 0.167745 0.911643 0.064709 0.028313
0 0.480338 0.736759 0.054754 0.033439
0 0.159781 0.273737 0.055749 0.031486
0 0.096565 0.126556 0.066700 0.031975
0 0.291936 0.969856 0.057242 0.030510
0 0.478845 0.769343 0.056745 0.030266
0 0.476356 0.641811 0.058736 0.027093
0 0.285217 0.181718 0.068691 0.027581
0 0.349676 0.188431 0.061224 0.030754
0 0.664012 0.547718 0.065704 0.027825
0 0.222997 0.369417 0.054754 0.030998
0 0.290443 0.243227 0.069189 0.030022
0 0.355898 0.545521 0.060727 0.033683
0 0.666750 0.307786 0.071180 0.032219
0 0.846939 0.519282 0.056247 0.033439
0 0.354903 0.305589 0.067695 0.037100
0 0.479094 0.402856 0.058238 0.031975
0 0.414883 0.764584 0.063216 0.030510
0 0.099054 0.219429 0.062718 0.028802
0 0.850174 0.768489 0.058736 0.036368
0 0.413888 0.212106 0.063216 0.029778
0 0.165256 0.705394 0.053758 0.028802
0 0.730463 0.933244 0.061224 0.031486
0 0.290941 0.457530 0.064211 0.033927
0 0.103783 0.702465 0.066202 0.033195
0 0.354405 0.580547 0.055749 0.034904
0 0.538328 0.459483 0.056247 0.028069
0 0.354654 0.462045 0.062220 0.033683
0 0.161523 0.487552 0.055251 0.026117
0 0.417123 0.400781 0.057740 0.035148
0 0.411648 0.275812 0.063713 0.031242
0 0.100050 0.969002 0.068691 0.031731
0 0.595321 0.701367 0.063713 0.025629
0 0.293678 0.939224 0.057740 0.030754
0 0.094077 0.059190 0.068691 0.034415
0 0.287456 0.370271 0.068193 0.032707
0 0.100548 0.157676 0.070682 0.030266
0 0.164759 0.792043 0.055749 0.029290
0 0.103036 0.734562 0.057740 0.029046
0 0.849925 0.700391 0.064211 0.033927
0 0.536834 0.577252 0.061224 0.031731
0 0.733698 0.966683 0.057740 0.030022
0 0.599054 0.551013 0.066202 0.029046
0 0.289447 0.212351 0.063216 0.030754
0 0.481832 0.968758 0.061722 0.032219
0 0.350174 0.156822 0.058238 0.031486
0 0.169238 0.940078 0.062718 0.028069
0 0.223992 0.425311 0.059731 0.030022
0 0.922101 0.639858 0.070184 0.028557
0 0.226232 0.821211 0.053260 0.028069
0 0.354405 0.821211 0.061722 0.029046
0 0.160030 0.155236 0.053260 0.033195
0 0.534345 0.637784 0.054256 0.030266
0 0.288950 0.276056 0.061224 0.030754
0 0.102539 0.641933 0.063713 0.031731
0 0.224739 0.703197 0.048283 0.024896
0 0.288452 0.610569 0.066202 0.031975
0 0.535839 0.546742 0.058238 0.024896
0 0.415132 0.542470 0.058736 0.026605
0 0.166252 0.969978 0.053758 0.029290
0 0.289447 0.818160 0.065207 0.031242
0 0.668492 0.968147 0.068691 0.026117
0 0.221752 0.273493 0.066202 0.030998
0 0.099303 0.519160 0.065207 0.031242
0 0.598556 0.522089 0.062220 0.026849
0 0.091090 0.093605 0.056745 0.031975
0 0.351170 0.367708 0.062220 0.029534
0 0.166999 0.823651 0.061224 0.028069
0 0.100299 0.580303 0.063216 0.030998
0 0.728721 0.819014 0.062718 0.029534
0 0.354156 0.909690 0.062220 0.031731
0 0.604530 0.578838 0.069189 0.026605
0 0.286212 0.705150 0.048780 0.030266
0 0.220259 0.182573 0.056247 0.024896
0 0.599054 0.761655 0.058238 0.026605
0 0.598308 0.637906 0.069686 0.036856
0 0.850423 0.938247 0.065207 0.032219
0 0.537830 0.428850 0.059233 0.032707
0 0.540816 0.820478 0.050274 0.034904
0 0.162519 0.577862 0.058238 0.030022
0 0.287705 0.578716 0.063713 0.029290
0 0.663763 0.820478 0.062220 0.029534
0 0.665505 0.936783 0.058736 0.026849
0 0.481085 0.906883 0.063216 0.030022
0 0.100050 0.609714 0.060727 0.029778
0 0.477352 0.433000 0.059731 0.027825
0 0.540567 0.789236 0.057740 0.027093
0 0.595570 0.242128 0.069189 0.032707
0 0.413639 0.148401 0.056745 0.025873
0 0.101045 0.935074 0.068691 0.028313
0 0.284719 0.119600 0.075660 0.032219
0 0.416874 0.458262 0.059233 0.029046
0 0.850423 0.641201 0.060229 0.035148
0 0.163016 0.426654 0.059233 0.030266
0 0.159532 0.243349 0.051269 0.027825
0 0.730463 0.639370 0.058238 0.032463
0 0.471379 0.247010 0.057740 0.031731
0 0.414634 0.734684 0.067695 0.027825
0 0.476605 0.276910 0.060229 0.028557
0 0.165007 0.547718 0.063216 0.029290
0 0.660279 0.704052 0.061224 0.030022
0 0.354903 0.430681 0.061722 0.030998
0 0.410154 0.244569 0.056745 0.030266
0 0.536336 0.273737 0.058238 0.030510
0 0.098308 0.279717 0.069189 0.036124
0 0.164261 0.640957 0.061722 0.031242
0 0.290692 0.548694 0.071677 0.024896
0 0.538328 0.728460 0.051269 0.030998
0 0.349179 0.763119 0.055251 0.030998
0 0.475859 0.548328 0.056745 0.028069
0 0.532852 0.244691 0.054256 0.026117
0 0.597063 0.307176 0.066202 0.034904
0 0.228472 0.909202 0.055749 0.031731
0 0.479841 0.936661 0.060727 0.027581
0 0.665505 0.578716 0.061722 0.032707
0 0.352165 0.793141 0.063216 0.026117
0 0.663514 0.518428 0.064709 0.028802
0 0.723494 0.764950 0.058238 0.022944
0 0.419861 0.967903 0.065207 0.030022
0 0.601543 0.788870 0.057242 0.026849
0 0.356147 0.941176 0.066202 0.029290
0 0.784968 0.702953 0.065704 0.030754
0 0.541314 0.909324 0.056247 0.030510
0 0.595321 0.730779 0.054754 0.031242
0 0.350423 0.124115 0.052763 0.032951
0 0.167994 0.853673 0.058238 0.032463
0 0.219512 0.307542 0.057740 0.031242
0 0.593828 0.395777 0.051767 0.030022
0 0.413390 0.180864 0.057242 0.033195
0 0.288203 0.425555 0.057740 0.027581
0 0.099054 0.550037 0.061722 0.028557
0 0.417621 0.489993 0.056745 0.028069
0 0.481832 0.798267 0.060727 0.027093
0 0.666252 0.907249 0.055251 0.031242
0 0.102290 0.428850 0.058238 0.030266
0 0.728223 0.607518 0.055749 0.031242
0 0.286212 0.641567 0.055749 0.029046
0 0.594077 0.428118 0.054256 0.032219
0 0.855898 0.609714 0.063216 0.027337
0 0.347934 0.703808 0.067695 0.025140
0 0.722997 0.738589 0.054256 0.027825
0 0.415630 0.703808 0.055749 0.028069
0 0.473619 0.184647 0.061224 0.034904
0 0.475112 0.613498 0.056247 0.031486
0 0.417123 0.823163 0.052763 0.025629
0 0.534843 0.609348 0.050274 0.022700
0 0.418616 0.935929 0.055749 0.024164
0 0.287954 0.306932 0.064211 0.029534
0 0.785465 0.733830 0.055749 0.026605
0 0.667745 0.877349 0.053260 0.026605
0 0.167496 0.884184 0.061224 0.027093
0 0.791687 0.820722 0.052265 0.029534
0 0.725983 0.791189 0.057242 0.026117
0 0.163265 0.761167 0.057740 0.027581
0 0.287705 0.151696 0.052763 0.024652
0 0.480338 0.704540 0.063713 0.029534
0 0.417621 0.305711 0.062718 0.030022
0 0.231458 0.968758 0.055749 0.025873
0 0.227974 0.731145 0.055749 0.023188
0 0.413141 0.575055 0.056745 0.028802
0 0.731210 0.575909 0.065704 0.031486
0 0.597063 0.274713 0.060229 0.028557
0 0.597810 0.458506 0.056745 0.026605
0 0.789945 0.790456 0.056745 0.026117
0 0.292185 0.488284 0.060727 0.030022
0 0.163016 0.608372 0.056247 0.027093
0 0.097063 0.247986 0.056745 0.024408
0 0.291687 0.764706 0.060727 0.029290
0 0.099303 0.489138 0.061224 0.027337
0 0.358636 0.396876 0.060229 0.030754
0 0.537083 0.396266 0.053758 0.030998
0 0.602290 0.907737 0.055749 0.029290
0 0.662270 0.490115 0.061224 0.026361
0 0.908661 0.520991 0.057242 0.029046
0 0.478845 0.852453 0.061722 0.026605
0 0.664012 0.759946 0.057740 0.030998
0 0.162270 0.518062 0.054754 0.028557
0 0.664012 0.791311 0.055749 0.026361
0 0.535092 0.215157 0.064709 0.028069
0 0.225236 0.517452 0.055251 0.027337
0 0.661025 0.276422 0.058736 0.030510
0 0.223992 0.242617 0.065704 0.025384
0 0.598805 0.939590 0.055749 0.030510
0 0.596068 0.490969 0.052265 0.035392
0 0.101543 0.849890 0.058736 0.032219
0 0.224739 0.455699 0.054256 0.027337
0 0.289696 0.736026 0.057740 0.027093
0 0.539821 0.488894 0.053260 0.026361
0 0.352663 0.245546 0.053260 0.028313
0 0.786959 0.939468 0.050772 0.030266
0 0.104032 0.792775 0.063713 0.028802
0 0.726481 0.881499 0.056247 0.027093
0 0.101045 0.460093 0.061722 0.028313
0 0.849925 0.855382 0.058238 0.029534
0 0.542061 0.852697 0.052763 0.027581
0 0.346939 0.732121 0.052763 0.028557
0 0.663763 0.850378 0.056247 0.022944
0 0.416127 0.430559 0.058736 0.022944
0 0.159034 0.216622 0.050274 0.025140
0 0.659781 0.732121 0.061224 0.025140
0 0.228472 0.763485 0.061722 0.026849
0 0.542310 0.880400 0.063216 0.028313
0 0.353659 0.969246 0.062220 0.023920
0 0.290692 0.519526 0.059731 0.028069
0 0.164261 0.457286 0.058736 0.028557
0 0.098556 0.371003 0.058736 0.035636
0 0.102539 0.906639 0.061722 0.022700
0 0.853161 0.885282 0.061722 0.028802
0 0.850174 0.800952 0.059731 0.028557
0 0.154306 0.028680 0.058736 0.030510
0 0.420607 0.516598 0.062718 0.020747
0 0.535341 0.759946 0.056247 0.026605
0 0.788203 0.761899 0.063216 0.027093
0 0.538576 0.518062 0.050772 0.028069
0 0.289945 0.790945 0.060229 0.022211
0 0.482578 0.825116 0.065207 0.026605
0 0.290443 0.849890 0.057242 0.027825
0 0.791687 0.969612 0.050274 0.030510
0 0.099303 0.879424 0.067198 0.027337
0 0.910652 0.702343 0.053260 0.030022
0 0.482081 0.517940 0.061224 0.027337
0 0.348930 0.217354 0.050772 0.024164
0 0.468392 0.147791 0.046789 0.027093
0 0.355401 0.490359 0.058736 0.025384
0 0.227974 0.642421 0.055749 0.024896
0 0.223245 0.398096 0.053260 0.022944
0 0.354405 0.517208 0.063713 0.023920
0 0.229467 0.852087 0.054754 0.028313
0 0.848432 0.967293 0.056247 0.025873
0 0.848432 0.487796 0.059233 0.028557
0 0.224739 0.612643 0.055251 0.034171
0 0.920607 0.609104 0.059233 0.027581
0 0.101294 0.763119 0.061224 0.026117
0 0.534345 0.304979 0.050274 0.030998
0 0.417621 0.851355 0.052763 0.027337
0 0.919861 0.936905 0.054754 0.030998
0 0.793430 0.603979 0.066700 0.030022
0 0.916376 0.764950 0.057740 0.029290
0 0.475610 0.216744 0.052265 0.027337
0 0.665754 0.607152 0.062220 0.022700
0 0.477352 0.370149 0.056745 0.030510
0 0.100796 0.818892 0.064211 0.021967
0 0.290692 0.398462 0.065704 0.023676
0 0.227974 0.791799 0.056745 0.023920
0 0.789199 0.882353 0.051269 0.028313
0 0.100796 0.401391 0.060229 0.025140
0 0.164012 0.365755 0.060229 0.023676
0 0.475859 0.578838 0.058736 0.030998
0 0.478845 0.877471 0.056745 0.020991
0 0.163514 0.398828 0.055251 0.021967
0 0.788701 0.910300 0.049278 0.026117
0 0.662021 0.637174 0.059731 0.030998
0 0.093579 0.025629 0.053758 0.026849
0 0.541065 0.938492 0.052763 0.023920
0 0.854405 0.579082 0.064211 0.029046
0 0.223743 0.485355 0.054256 0.025629
0 0.790443 0.851721 0.049776 0.030998
0 0.284719 0.090676 0.062718 0.023676
0 0.852165 0.827679 0.058736 0.023920
0 0.722997 0.706004 0.059233 0.034904
0 0.718517 0.486087 0.046292 0.025629
0 0.225734 0.581401 0.056247 0.032707
0 0.219761 0.119356 0.048283 0.025384
0 0.353410 0.880156 0.061722 0.027337
0 0.475610 0.308030 0.049278 0.031242
0 0.356894 0.849890 0.058736 0.026361
0 0.233201 0.881743 0.062220 0.023676
0 0.349428 0.610203 0.047785 0.022455
0 0.349676 0.273249 0.060229 0.021723
0 0.417870 0.906395 0.059233 0.023676
0 0.784968 0.488528 0.063713 0.030022
0 0.221503 0.086649 0.057740 0.033683
0 0.160777 0.734928 0.052763 0.025384
0 0.850423 0.911521 0.062220 0.021235
0 0.601294 0.851477 0.055749 0.033927
0 0.478347 0.492433 0.058736 0.019282
0 0.416127 0.880156 0.057740 0.026849
0 0.595570 0.604833 0.063216 0.023432
0 0.417123 0.120210 0.068691 0.025629
0 0.590592 0.365389 0.066202 0.025384
0 0.292932 0.910788 0.054256 0.025629
0 0.538576 0.699536 0.052763 0.017574
0 0.530363 0.366000 0.046292 0.027581
0 0.723992 0.907005 0.054256 0.024896
0 0.787208 0.517696 0.060229 0.026361
0 0.916625 0.791677 0.051269 0.023188
0 0.096317 0.309007 0.067198 0.019038
0 0.293678 0.884062 0.052763 0.025873
0 0.344948 0.093849 0.050772 0.026117
0 0.912145 0.734440 0.048283 0.026849
0 0.659034 0.244691 0.052763 0.023676
0 0.606770 0.877227 0.059731 0.022944
0 0.718517 0.515987 0.043305 0.027337
0 0.788701 0.572736 0.060229 0.017818
0 0.915630 0.846961 0.053260 0.026849
0 0.918865 0.967781 0.060727 0.022944
0 0.732703 0.544301 0.068691 0.027825
0 0.911896 0.490237 0.060727 0.028069
0 0.916625 0.818404 0.050274 0.028313
0 0.926083 0.585428 0.061224 0.020747
0 0.663514 0.460215 0.064709 0.030998
0 0.850921 0.549426 0.058238 0.021967
0 0.924092 0.913595 0.051269 0.018550
0 0.787208 0.547596 0.057242 0.027093
0 0.653559 0.397486 0.060727 0.030998
0 0.649328 0.365877 0.043305 0.026361
0 0.532603 0.180620 0.052763 0.038077
0 0.913141 0.873932 0.058238 0.027581
