0 0.677768 0.544584 0.055246 0.061076
0 0.393320 0.409814 0.053056 0.062415
0 0.164223 0.298683 0.055020 0.062557
0 0.593298 0.657946 0.052459 0.060830
0 0.681751 0.202829 0.067412 0.059736
0 0.594745 0.825921 0.054611 0.046934
0 0.318394 0.353132 0.064968 0.048418
0 0.291377 0.529209 0.036192 0.041916
0 0.163740 0.188348 0.057065 0.058218
0 0.836261 0.309171 0.058961 0.056806
0 0.392746 0.587525 0.055706 0.051844
0 0.251609 0.700740 0.039897 0.047912
0 0.596494 0.545038 0.053165 0.058027
0 0.214285 0.754190 0.032930 0.051384
0 0.911521 0.418172 0.055609 0.054113
0 0.833593 0.860968 0.063637 0.052349
0 0.290165 0.582631 0.030680 0.042675
0 0.597596 0.599048 0.054081 0.048217
0 0.391110 0.527068 0.056632 0.055528
0 0.173644 0.758292 0.038244 0.052774
0 0.163954 0.357998 0.052871 0.049121
0 0.910367 0.591578 0.054381 0.051453
0 0.914793 0.251725 0.055698 0.054504
0 0.165662 0.243240 0.060363 0.045667
0 0.100757 0.645341 0.041356 0.044372
0 0.289800 0.701455 0.034804 0.044733
0 0.062038 0.585714 0.031906 0.040655
0 0.850870 0.532685 0.042918 0.049824
0 0.891682 0.701940 0.038857 0.049877
0 0.137707 0.806352 0.038456 0.038180
0 0.914450 0.305713 0.056813 0.050098
0 0.064131 0.700401 0.033692 0.049209
0 0.597412 0.773016 0.053060 0.052028
0 0.066603 0.303039 0.041826 0.054611
0 0.100453 0.587595 0.039540 0.043045
0 0.390836 0.466593 0.053111 0.046896
0 0.064329 0.239558 0.039328 0.047312
0 0.908943 0.535562 0.051642 0.060023
0 0.107660 0.299542 0.041267 0.039553
0 0.815750 0.707057 0.036659 0.040174
0 0.773204 0.590775 0.037930 0.049307
0 0.693183 0.768212 0.040573 0.054453
0 0.929593 0.701982 0.036330 0.048642
0 0.135898 0.854258 0.038683 0.039453
0 0.654201 0.820220 0.036026 0.037395
0 0.656642 0.715777 0.032996 0.048024
0 0.329361 0.804560 0.046473 0.043012
0 0.309518 0.293443 0.052570 0.049090
0 0.063784 0.527310 0.034048 0.053214
0 0.852858 0.646057 0.036780 0.044347
0 0.754096 0.421619 0.061983 0.048284
0 0.833836 0.252145 0.052643 0.049333
0 0.065970 0.357996 0.038060 0.041627
0 0.063464 0.471393 0.034558 0.039249
0 0.249360 0.752021 0.034012 0.045500
0 0.734981 0.593455 0.032872 0.045994
0 0.850513 0.758958 0.038484 0.035944
0 0.330599 0.756846 0.045720 0.046419
0 0.815063 0.645049 0.038108 0.050241
0 0.835924 0.362174 0.058718 0.047914
0 0.697402 0.418158 0.036407 0.037287
0 0.326512 0.852876 0.044303 0.046554
0 0.286041 0.808176 0.036527 0.046474
0 0.103578 0.470085 0.038908 0.044078
0 0.293301 0.464355 0.034191 0.049156
0 0.105798 0.359003 0.041943 0.048369
0 0.592888 0.871356 0.062774 0.038831
0 0.284969 0.855565 0.040722 0.045243
0 0.142408 0.585559 0.033894 0.038091
0 0.064604 0.414822 0.037395 0.047429
0 0.216152 0.584588 0.036257 0.035153
0 0.327335 0.581947 0.041753 0.045316
0 0.174477 0.809055 0.041438 0.046655
0 0.909114 0.360527 0.047493 0.051367
0 0.175895 0.856303 0.039081 0.045511
0 0.288519 0.756203 0.037204 0.038347
0 0.654958 0.770642 0.036466 0.050276
0 0.835403 0.807882 0.059523 0.050732
0 0.811629 0.472514 0.035470 0.045177
0 0.894036 0.648036 0.042727 0.047466
0 0.597137 0.482615 0.050623 0.045968
0 0.253776 0.583214 0.035145 0.043882
0 0.754353 0.709769 0.059574 0.052386
0 0.693520 0.819083 0.041730 0.045778
0 0.618197 0.203654 0.044885 0.051808
0 0.330843 0.526910 0.042467 0.042839
0 0.178347 0.589691 0.036824 0.044442
0 0.696662 0.869169 0.042094 0.045076
0 0.140637 0.705696 0.035215 0.041748
0 0.103324 0.412129 0.031790 0.042280
0 0.252027 0.641220 0.035209 0.043600
0 0.248882 0.803314 0.038546 0.045423
0 0.214933 0.693447 0.032214 0.034514
0 0.891817 0.756930 0.039463 0.037380
0 0.931462 0.756162 0.038765 0.033720
0 0.061926 0.187971 0.037846 0.042797
0 0.694844 0.713643 0.040524 0.043676
0 0.060967 0.646857 0.030430 0.040839
0 0.106969 0.242370 0.041557 0.045607
0 0.107444 0.187832 0.037633 0.043629
0 0.174392 0.703711 0.037984 0.041313
0 0.738229 0.537510 0.035686 0.048522
0 0.330293 0.702710 0.041229 0.052482
0 0.692851 0.482000 0.044564 0.051075
0 0.815875 0.590673 0.037900 0.046492
0 0.772686 0.536009 0.033886 0.045481
0 0.414155 0.241176 0.042595 0.048149
0 0.291807 0.641211 0.038630 0.044473
0 0.855084 0.586658 0.038929 0.041644
0 0.851794 0.473245 0.038415 0.047339
0 0.816933 0.537931 0.038398 0.042772
0 0.332617 0.466596 0.040893 0.051583
0 0.255996 0.465279 0.032863 0.039841
0 0.372562 0.187933 0.036463 0.039351
0 0.696651 0.650510 0.037975 0.047428
0 0.661608 0.257217 0.036261 0.040136
0 0.697540 0.309491 0.041339 0.048501
0 0.221569 0.464959 0.033634 0.045159
0 0.220258 0.528989 0.037356 0.041867
0 0.178063 0.531393 0.034566 0.039866
0 0.774256 0.649337 0.038422 0.048013
0 0.216178 0.636763 0.032332 0.036056
0 0.930527 0.647128 0.030243 0.043817
0 0.329620 0.636947 0.038964 0.034533
0 0.103088 0.530731 0.041432 0.039767
0 0.102285 0.701323 0.035819 0.031463
0 0.176353 0.647819 0.039103 0.046235
0 0.145191 0.532655 0.035967 0.045072
0 0.661886 0.309650 0.036919 0.045353
0 0.375335 0.236863 0.037791 0.041132
0 0.414099 0.182875 0.044729 0.035893
0 0.162117 0.413965 0.065936 0.044614
0 0.738366 0.648325 0.036498 0.049532
0 0.852715 0.706406 0.036242 0.045847
0 0.658161 0.654382 0.035341 0.045039
0 0.314799 0.403087 0.070668 0.049188
0 0.755196 0.866274 0.050347 0.044498
0 0.694741 0.597335 0.038163 0.045567
0 0.141596 0.647894 0.034576 0.043522
0 0.755769 0.482012 0.072702 0.052915
0 0.662754 0.424327 0.035345 0.050661
0 0.094068 0.759001 0.039772 0.040846
0 0.658235 0.594579 0.031940 0.033346
0 0.254477 0.525779 0.037813 0.050622
0 0.699032 0.363736 0.036362 0.043114
0 0.915408 0.861189 0.046864 0.043434
0 0.138303 0.751648 0.030595 0.032661
0 0.811873 0.417956 0.030688 0.038597
0 0.219112 0.406955 0.036612 0.036213
0 0.753757 0.814213 0.048774 0.044401
0 0.852827 0.415275 0.044021 0.043855
0 0.752288 0.767057 0.051598 0.044138
0 0.603027 0.368211 0.051662 0.049008
0 0.142934 0.472494 0.034246 0.043642
0 0.654994 0.869117 0.040055 0.050786
0 0.909354 0.476434 0.046948 0.042289
0 0.178969 0.471174 0.038528 0.048900
0 0.661946 0.363536 0.035290 0.036538
0 0.757667 0.307194 0.045961 0.042403
0 0.758639 0.200413 0.047428 0.041732
0 0.603030 0.310988 0.048943 0.045985
0 0.758130 0.256774 0.044126 0.042100
0 0.602552 0.426202 0.050422 0.048311
0 0.080414 0.858884 0.046164 0.042271
0 0.294711 0.403446 0.032904 0.037050
0 0.595938 0.716624 0.045641 0.043099
0 0.914414 0.196365 0.046643 0.040801
0 0.242739 0.410700 0.066184 0.052114
0 0.832643 0.198108 0.048352 0.044451
0 0.395784 0.352580 0.052301 0.045382
0 0.914632 0.808515 0.044886 0.041485
0 0.603928 0.256953 0.047589 0.043533
0 0.143322 0.411678 0.029983 0.035196
0 0.390707 0.295274 0.047205 0.043178
0 0.083732 0.807016 0.041556 0.037446
0 0.760198 0.365197 0.042388 0.041658
0 0.700231 0.258992 0.041262 0.046711
