0 0.247266 0.148770 0.046094 0.050815
0 0.632031 0.278523 0.038542 0.046341
0 0.766536 0.274529 0.044531 0.051135
0 0.553776 0.162991 0.041406 0.049217
0 0.552995 0.247363 0.035677 0.049217
0 0.594531 0.245286 0.038021 0.046980
0 0.766927 0.196548 0.043750 0.045382
0 0.437109 0.205976 0.035677 0.051454
0 0.472266 0.322148 0.040365 0.040268
0 0.821354 0.109300 0.047396 0.049217
0 0.558724 0.600511 0.024219 0.023011
0 0.298177 0.149888 0.042708 0.046021
0 0.299349 0.281240 0.041406 0.044743
0 0.770312 0.153723 0.040104 0.046660
0 0.299089 0.194311 0.035677 0.044104
0 0.670573 0.230745 0.041667 0.051774
0 0.631120 0.319751 0.039323 0.041866
0 0.553776 0.204538 0.034115 0.040268
0 0.690885 0.467402 0.023958 0.030361
0 0.051562 0.639661 0.022396 0.024609
0 0.393099 0.154043 0.041406 0.044743
0 0.716797 0.272451 0.038802 0.054011
0 0.301823 0.863535 0.024479 0.028763
0 0.592448 0.283317 0.035417 0.034835
0 0.383594 0.405561 0.025000 0.030042
0 0.640234 0.464845 0.025260 0.027165
0 0.201432 0.908757 0.022656 0.023330
0 0.277734 0.784116 0.023177 0.024609
0 0.227474 0.551135 0.023177 0.023330
0 0.303125 0.783797 0.023958 0.027165
0 0.472396 0.248003 0.037500 0.040268
0 0.534245 0.601470 0.023177 0.023011
0 0.278516 0.601630 0.023177 0.021413
0 0.392448 0.195270 0.034896 0.038351
0 0.765885 0.517258 0.021875 0.023330
0 0.355339 0.961649 0.024740 0.021732
0 0.663542 0.568872 0.021354 0.025567
0 0.251953 0.864493 0.022656 0.024928
0 0.405078 0.939278 0.020573 0.024928
0 0.226172 0.784436 0.020573 0.024609
0 0.869401 0.470757 0.024219 0.030042
0 0.819271 0.158357 0.045312 0.049537
0 0.149609 0.906999 0.021094 0.024289
0 0.595573 0.205657 0.035417 0.034835
0 0.512760 0.206296 0.036458 0.037392
0 0.277474 0.755193 0.023698 0.028763
0 0.509505 0.599233 0.024219 0.019815
0 0.795312 0.410834 0.024479 0.028444
0 0.227214 0.885906 0.021094 0.027485
0 0.814063 0.782359 0.022396 0.028124
0 0.353516 0.579099 0.021094 0.022371
0 0.277083 0.516139 0.021875 0.025567
0 0.690885 0.409716 0.022396 0.030681
0 0.204557 0.402205 0.022135 0.028444
0 0.251432 0.753436 0.025260 0.029722
0 0.716276 0.224672 0.039844 0.040268
0 0.718750 0.323106 0.044271 0.050495
0 0.354297 0.597635 0.024740 0.023011
0 0.671484 0.178971 0.045573 0.049856
0 0.125781 0.906200 0.021354 0.026526
0 0.532682 0.559923 0.021094 0.024928
0 0.431120 0.960371 0.024219 0.023011
0 0.254167 0.601630 0.023958 0.021413
0 0.329167 0.943752 0.021875 0.023011
0 0.380078 0.961489 0.024219 0.021413
0 0.738672 0.908917 0.019010 0.023650
0 0.821354 0.061042 0.047917 0.049856
0 0.586979 0.434004 0.023438 0.029402
0 0.437630 0.157239 0.034635 0.051135
0 0.345833 0.234260 0.038542 0.043464
0 0.201172 0.816235 0.020573 0.033237
0 0.176042 0.784436 0.021354 0.029722
0 0.615365 0.406679 0.024479 0.029083
0 0.660937 0.811761 0.023958 0.032598
0 0.428516 0.859700 0.021615 0.023650
0 0.378906 0.783477 0.023958 0.028444
0 0.717578 0.439278 0.025260 0.028444
0 0.615104 0.436721 0.024479 0.025248
0 0.559115 0.464366 0.022917 0.028124
0 0.297656 0.239693 0.031250 0.042186
0 0.685937 0.945030 0.024479 0.024289
0 0.717187 0.408917 0.024479 0.031640
0 0.101562 0.928412 0.022917 0.026206
0 0.355078 0.463247 0.023698 0.024609
0 0.303125 0.513742 0.020833 0.024609
0 0.177344 0.814477 0.022917 0.031640
0 0.508203 0.515820 0.021615 0.025567
0 0.347266 0.276926 0.036198 0.040588
0 0.253385 0.403484 0.023438 0.029722
0 0.766016 0.548578 0.019010 0.021413
0 0.474479 0.205976 0.038021 0.044423
0 0.047135 0.888303 0.020833 0.023330
0 0.691406 0.439438 0.022917 0.026206
0 0.380078 0.545062 0.020573 0.019495
0 0.769531 0.409875 0.024479 0.029083
0 0.871615 0.441675 0.026042 0.025567
0 0.613542 0.464366 0.023958 0.027485
0 0.815625 0.752796 0.022917 0.026526
0 0.560417 0.435283 0.023438 0.028124
0 0.201693 0.865772 0.022656 0.024289
0 0.253125 0.940396 0.022917 0.025887
0 0.303776 0.813838 0.023177 0.031000
0 0.406380 0.960850 0.023698 0.022691
0 0.508854 0.289230 0.036458 0.051774
0 0.430599 0.318153 0.035677 0.041866
0 0.661458 0.946309 0.023438 0.021093
0 0.471354 0.286353 0.032813 0.036433
0 0.432161 0.597635 0.023177 0.022371
0 0.075391 0.966922 0.025260 0.023969
0 0.483203 0.537712 0.021094 0.022052
0 0.660677 0.782678 0.022917 0.027485
0 0.226693 0.814318 0.025781 0.028763
0 0.277344 0.925695 0.019271 0.023330
0 0.347135 0.191275 0.031771 0.041227
0 0.302865 0.754235 0.023438 0.031320
0 0.329427 0.434004 0.020313 0.027485
0 0.123828 0.950144 0.021615 0.024289
0 0.176823 0.400128 0.022396 0.028763
0 0.716276 0.466283 0.022656 0.027485
0 0.639974 0.438479 0.023177 0.027485
0 0.151172 0.753915 0.025260 0.029402
0 0.533464 0.581336 0.021094 0.021732
0 0.535547 0.405081 0.024740 0.029722
0 0.944401 0.906040 0.020573 0.022371
0 0.252214 0.812240 0.024740 0.027804
0 0.459245 0.405561 0.021094 0.028124
0 0.392057 0.239054 0.033594 0.040908
0 0.664844 0.465804 0.023438 0.028444
0 0.176432 0.927293 0.022135 0.023969
0 0.405859 0.462608 0.022135 0.028444
0 0.355599 0.903484 0.023698 0.024928
0 0.915495 0.812560 0.024219 0.029083
0 0.429036 0.814477 0.024219 0.030361
0 0.228125 0.947907 0.021354 0.021732
0 0.458203 0.433205 0.023698 0.027804
0 0.839974 0.752157 0.019531 0.027165
0 0.202734 0.431288 0.023698 0.027165
0 0.074089 0.816235 0.021094 0.026206
0 0.328255 0.813359 0.023177 0.027485
0 0.202474 0.946309 0.020573 0.024928
0 0.788932 0.751039 0.023698 0.028124
0 0.585417 0.601950 0.022917 0.020773
0 0.074740 0.786833 0.021354 0.030042
0 0.074870 0.942633 0.023698 0.029722
0 0.789583 0.944391 0.024479 0.020454
0 0.149740 0.883988 0.019792 0.023650
0 0.354036 0.924577 0.022135 0.022371
0 0.299089 0.321668 0.037760 0.043784
0 0.483724 0.935443 0.022135 0.026846
0 0.768750 0.322307 0.043229 0.046980
0 0.408203 0.406520 0.023177 0.026206
0 0.177995 0.948066 0.020573 0.023969
0 0.277865 0.582614 0.018750 0.020454
0 0.252604 0.914190 0.021875 0.029722
0 0.738021 0.945829 0.026042 0.021413
0 0.432943 0.279482 0.031510 0.039310
0 0.688932 0.533717 0.021094 0.023650
0 0.353906 0.859540 0.021875 0.022052
0 0.176042 0.752796 0.020313 0.022691
0 0.279036 0.403004 0.023177 0.027485
0 0.389974 0.279642 0.031510 0.040908
0 0.864453 0.753915 0.021615 0.030042
0 0.432943 0.405880 0.025260 0.028763
0 0.457813 0.534676 0.020833 0.024289
0 0.428646 0.920422 0.022917 0.023650
0 0.666536 0.407159 0.023177 0.030681
0 0.715365 0.179770 0.040625 0.046980
0 0.202083 0.886705 0.020313 0.024609
0 0.766797 0.466922 0.022656 0.028763
0 0.762760 0.750719 0.025521 0.029402
0 0.743750 0.410195 0.025000 0.031000
0 0.792839 0.467402 0.020573 0.029722
0 0.201432 0.783957 0.022135 0.029402
0 0.046354 0.865932 0.022396 0.025887
0 0.819271 0.438479 0.020833 0.026846
0 0.661328 0.853468 0.022656 0.030361
0 0.226432 0.909716 0.018490 0.023330
0 0.202344 0.460371 0.021354 0.030361
0 0.329948 0.963726 0.023958 0.022691
0 0.551042 0.320070 0.031771 0.037392
0 0.346875 0.151806 0.038021 0.038990
0 0.354427 0.941994 0.019792 0.020773
0 0.254427 0.963726 0.023958 0.024609
0 0.252083 0.515820 0.019792 0.023650
0 0.793229 0.440077 0.022396 0.024928
0 0.457031 0.461649 0.022917 0.025248
0 0.099870 0.785395 0.023177 0.032279
0 0.635547 0.841643 0.020052 0.025248
0 0.304036 0.908437 0.020052 0.023330
0 0.405339 0.580697 0.021094 0.023650
0 0.787370 0.813039 0.022656 0.030042
0 0.940104 0.814477 0.022396 0.027165
0 0.073047 0.887344 0.021094 0.025887
0 0.741536 0.466443 0.022656 0.032279
0 0.815755 0.602908 0.023177 0.020773
0 0.843880 0.470757 0.020052 0.031959
0 0.820964 0.412112 0.024740 0.028444
0 0.276953 0.812400 0.021615 0.029402
0 0.353516 0.754554 0.023177 0.031959
0 0.507943 0.244327 0.039323 0.043784
0 0.841927 0.946948 0.022917 0.018536
0 0.150651 0.814637 0.021615 0.028124
0 0.149349 0.928571 0.019531 0.023969
0 0.225391 0.756472 0.022135 0.028763
0 0.126042 0.881272 0.019792 0.025248
0 0.598437 0.166187 0.040104 0.049217
0 0.788932 0.781560 0.023177 0.030361
0 0.404818 0.861298 0.023177 0.027485
0 0.378385 0.879994 0.021354 0.023969
0 0.126693 0.815916 0.023698 0.030681
0 0.228125 0.930489 0.021354 0.022691
0 0.176693 0.883988 0.020052 0.026206
0 0.125911 0.600991 0.022656 0.020773
0 0.685417 0.813199 0.021875 0.027165
0 0.380339 0.597315 0.024219 0.021732
0 0.889193 0.854107 0.022135 0.023969
0 0.560547 0.404922 0.022135 0.031959
0 0.508203 0.564717 0.019010 0.018536
0 0.228516 0.401406 0.021094 0.026846
0 0.202344 0.603388 0.023438 0.022371
0 0.379297 0.812560 0.023698 0.030361
0 0.048828 0.787472 0.024740 0.027485
0 0.482031 0.516938 0.020833 0.023330
0 0.921094 0.946309 0.022917 0.020454
0 0.767318 0.234420 0.038281 0.034835
0 0.819271 0.468041 0.025521 0.029083
0 0.404557 0.918984 0.020573 0.022691
0 0.510156 0.405241 0.022917 0.025567
0 0.248828 0.195430 0.038802 0.043784
0 0.253906 0.431128 0.023438 0.025567
0 0.328646 0.902525 0.020833 0.021732
0 0.664193 0.543624 0.020052 0.025567
0 0.049609 0.909236 0.024219 0.024289
0 0.381120 0.434484 0.023177 0.027165
0 0.640365 0.406520 0.022917 0.027485
0 0.099870 0.905241 0.022135 0.027165
0 0.353385 0.813519 0.021875 0.030361
0 0.379818 0.940556 0.022656 0.023650
0 0.889974 0.754235 0.024219 0.028124
0 0.637891 0.551774 0.018490 0.023969
0 0.330339 0.404922 0.022135 0.032598
0 0.200911 0.754394 0.022656 0.030361
0 0.252214 0.461329 0.021615 0.029722
0 0.586589 0.464046 0.022656 0.028763
0 0.329297 0.924097 0.021094 0.023330
0 0.407943 0.435283 0.024219 0.026206
0 0.048307 0.818472 0.022656 0.028124
0 0.484375 0.405081 0.021354 0.027165
0 0.149219 0.950144 0.020313 0.023011
0 0.683594 0.888463 0.019792 0.027485
0 0.736589 0.781240 0.022656 0.025887
0 0.328385 0.752796 0.022917 0.027165
0 0.228646 0.431608 0.021875 0.029722
0 0.228776 0.966443 0.022135 0.019175
0 0.791536 0.568073 0.020052 0.020134
0 0.793229 0.517737 0.020313 0.023650
0 0.099870 0.882870 0.022135 0.023330
0 0.151042 0.784756 0.023958 0.032918
0 0.946484 0.946628 0.023698 0.021732
0 0.941797 0.784116 0.026302 0.030361
0 0.403776 0.753755 0.023177 0.031000
0 0.073568 0.913071 0.021615 0.030042
0 0.355859 0.434164 0.021615 0.029722
0 0.051562 0.614254 0.022396 0.026846
0 0.404036 0.813519 0.022135 0.030361
0 0.303776 0.885906 0.021094 0.023011
0 0.635938 0.866251 0.020833 0.027165
0 0.355339 0.404922 0.023177 0.026846
0 0.177995 0.428891 0.022135 0.027485
0 0.432812 0.246724 0.031250 0.029402
0 0.508333 0.581975 0.020833 0.020454
0 0.761979 0.781879 0.022917 0.029083
0 0.278125 0.461969 0.021354 0.030361
0 0.432161 0.434644 0.022656 0.026206
0 0.787370 0.925695 0.020052 0.021413
0 0.379036 0.752477 0.021094 0.029722
0 0.428385 0.880952 0.020313 0.023969
0 0.431901 0.513583 0.020052 0.021093
0 0.812240 0.813678 0.022917 0.028763
0 0.277734 0.904442 0.020573 0.023650
0 0.920312 0.925695 0.021875 0.025248
0 0.944141 0.886545 0.019531 0.019175
0 0.785807 0.852669 0.023698 0.027485
0 0.484766 0.958293 0.022135 0.022052
0 0.686589 0.785395 0.024740 0.031000
0 0.303125 0.945670 0.020833 0.022371
0 0.765365 0.567593 0.018229 0.019815
0 0.074219 0.755833 0.021354 0.029402
0 0.455859 0.814477 0.021615 0.032279
0 0.533464 0.536913 0.019531 0.024289
0 0.863672 0.894855 0.021615 0.026846
0 0.226562 0.603068 0.023958 0.020454
0 0.328125 0.564238 0.017708 0.022691
0 0.840234 0.929370 0.021615 0.020454
0 0.533724 0.514382 0.020052 0.022691
0 0.837500 0.872483 0.021875 0.026206
0 0.177344 0.905561 0.019792 0.022052
0 0.513021 0.161713 0.040625 0.051135
0 0.868099 0.944711 0.023698 0.021093
0 0.431380 0.461010 0.022135 0.027804
0 0.663802 0.596516 0.022917 0.025248
0 0.124349 0.929051 0.020573 0.023011
0 0.353906 0.881592 0.019792 0.024609
0 0.405469 0.900128 0.021875 0.023330
0 0.635417 0.957015 0.023438 0.023969
0 0.252214 0.889581 0.019531 0.025248
0 0.202865 0.966123 0.020833 0.023011
0 0.482422 0.600032 0.024740 0.021413
0 0.740495 0.516459 0.020052 0.019815
0 0.710417 0.850751 0.022396 0.024289
0 0.614193 0.516139 0.021094 0.020454
0 0.279167 0.431288 0.019271 0.028444
0 0.125130 0.582295 0.020573 0.021732
0 0.098828 0.582774 0.020573 0.022691
0 0.584375 0.513103 0.020313 0.021413
0 0.585286 0.548098 0.021615 0.021093
0 0.590755 0.322467 0.034635 0.046660
0 0.405599 0.561841 0.020573 0.020454
0 0.792188 0.549696 0.019271 0.021093
0 0.738672 0.888942 0.019531 0.022052
0 0.177734 0.604027 0.022656 0.020454
0 0.303125 0.403484 0.021875 0.031640
0 0.842578 0.522851 0.020052 0.030042
0 0.891797 0.910195 0.021615 0.022371
0 0.550781 0.285714 0.032813 0.030681
0 0.303255 0.534196 0.019531 0.020134
0 0.150260 0.862256 0.022917 0.023650
0 0.100000 0.601790 0.021875 0.021732
0 0.812240 0.877597 0.019271 0.023650
0 0.378516 0.902205 0.020573 0.024289
0 0.559245 0.530841 0.020573 0.023650
0 0.048958 0.966763 0.023958 0.021732
0 0.893359 0.571748 0.019531 0.024928
0 0.429427 0.940716 0.020833 0.020773
0 0.253516 0.535315 0.020573 0.021093
0 0.684635 0.919623 0.020313 0.026526
0 0.710807 0.892138 0.020573 0.022691
0 0.613021 0.566795 0.017708 0.016299
0 0.664453 0.515660 0.020052 0.023969
0 0.818099 0.532918 0.019531 0.022052
0 0.816536 0.551294 0.019531 0.020454
0 0.329297 0.512784 0.022135 0.022691
0 0.918750 0.587089 0.018229 0.021732
0 0.710677 0.873122 0.020313 0.019175
0 0.661979 0.926814 0.019792 0.021732
0 0.227344 0.863215 0.019792 0.021093
0 0.072656 0.865452 0.021354 0.023011
0 0.379297 0.561681 0.020573 0.020773
0 0.379948 0.578619 0.020313 0.020773
0 0.277604 0.885267 0.021354 0.021732
0 0.836589 0.894695 0.020052 0.021413
0 0.149349 0.584212 0.020573 0.021732
0 0.048177 0.947587 0.020313 0.023650
0 0.255469 0.582454 0.020313 0.020134
0 0.302865 0.551934 0.019792 0.020454
0 0.380078 0.461809 0.022135 0.024289
0 0.761328 0.909076 0.019010 0.020134
0 0.815885 0.569191 0.019792 0.021093
0 0.612891 0.584851 0.021094 0.022371
0 0.918490 0.902685 0.020313 0.022691
0 0.764844 0.601151 0.021875 0.017258
0 0.711589 0.911633 0.020573 0.021413
0 0.689193 0.568233 0.021094 0.018536
0 0.076172 0.717002 0.022656 0.021413
0 0.768490 0.108182 0.047917 0.055928
0 0.814323 0.944231 0.023438 0.021413
0 0.202865 0.517098 0.021875 0.024928
0 0.661979 0.892777 0.019792 0.022691
0 0.125521 0.753276 0.022917 0.031320
0 0.329167 0.862256 0.021875 0.022371
0 0.713932 0.552413 0.020573 0.020773
0 0.585026 0.530841 0.018490 0.019815
0 0.151432 0.601470 0.022656 0.020454
0 0.814453 0.922659 0.019010 0.022371
0 0.047917 0.928571 0.017708 0.021413
0 0.177083 0.585810 0.019271 0.021093
0 0.737630 0.926015 0.019531 0.021413
0 0.760938 0.891339 0.018229 0.020454
0 0.099479 0.816235 0.020833 0.028763
0 0.761589 0.813678 0.023698 0.028763
0 0.636328 0.977629 0.024219 0.026206
0 0.124479 0.970438 0.022917 0.020773
0 0.945052 0.926494 0.020313 0.023650
0 0.715755 0.515820 0.019531 0.019815
0 0.791276 0.585650 0.019531 0.020773
0 0.639714 0.514382 0.019010 0.019495
0 0.201302 0.926654 0.020833 0.018856
0 0.760286 0.873602 0.017969 0.017578
0 0.482292 0.568392 0.019271 0.018217
0 0.761458 0.850431 0.021875 0.030681
0 0.762630 0.943752 0.021615 0.019815
0 0.280469 0.964366 0.021354 0.020134
0 0.613281 0.601950 0.022917 0.019495
0 0.176302 0.568392 0.017708 0.020773
0 0.278385 0.565037 0.018750 0.019815
0 0.149349 0.566155 0.020052 0.022052
0 0.100130 0.950943 0.020052 0.023330
0 0.100521 0.969639 0.022396 0.020454
0 0.916406 0.853148 0.022396 0.022691
0 0.429948 0.754554 0.024479 0.030042
0 0.684115 0.855705 0.020833 0.029083
0 0.872266 0.413551 0.023698 0.029402
0 0.431250 0.579738 0.019792 0.021093
0 0.888411 0.813998 0.024740 0.031959
0 0.866146 0.920741 0.021875 0.026846
0 0.764714 0.584851 0.018490 0.019815
0 0.740495 0.550815 0.018490 0.022691
0 0.890885 0.889422 0.022396 0.023650
0 0.587630 0.405081 0.023698 0.027165
0 0.150391 0.969639 0.022656 0.020454
0 0.738802 0.593001 0.022917 0.034196
0 0.813281 0.900607 0.020313 0.023011
0 0.276823 0.862097 0.022917 0.027165
0 0.740625 0.567434 0.018750 0.019495
0 0.685547 0.752956 0.021094 0.029402
0 0.713672 0.602908 0.022656 0.019495
0 0.613802 0.549696 0.019792 0.021732
0 0.457031 0.513742 0.020313 0.020134
0 0.710547 0.928891 0.019531 0.019495
0 0.302214 0.461809 0.020052 0.028763
0 0.667839 0.314318 0.033594 0.053372
0 0.229036 0.461170 0.023698 0.030042
0 0.585026 0.584052 0.019531 0.022052
0 0.712109 0.753276 0.022135 0.030042
0 0.836849 0.851550 0.019010 0.020134
0 0.713281 0.586609 0.018750 0.018217
0 0.662760 0.910035 0.020313 0.016938
0 0.482943 0.553372 0.019531 0.017578
0 0.098047 0.563599 0.027865 0.021413
0 0.278776 0.946149 0.020573 0.022052
0 0.713021 0.570310 0.018750 0.019495
0 0.202214 0.569032 0.019531 0.018856
0 0.584766 0.565516 0.019010 0.020134
0 0.429818 0.900447 0.021094 0.022052
0 0.897005 0.443273 0.021615 0.026846
0 0.202344 0.584372 0.019271 0.020134
0 0.711719 0.948386 0.025521 0.025248
0 0.377734 0.922339 0.019531 0.020454
0 0.455469 0.552413 0.019792 0.017578
0 0.894401 0.550176 0.017969 0.022052
0 0.302865 0.926973 0.020313 0.018856
0 0.305469 0.964046 0.022917 0.022052
0 0.329036 0.883030 0.019531 0.022371
0 0.048698 0.756951 0.021875 0.029083
0 0.233203 0.631032 0.023698 0.026526
0 0.176432 0.548897 0.019531 0.021413
0 0.736198 0.812400 0.023438 0.029402
0 0.354167 0.784276 0.022917 0.028124
0 0.303516 0.568073 0.019010 0.022052
0 0.688021 0.551934 0.019792 0.020454
0 0.510286 0.435123 0.022135 0.030361
0 0.510026 0.957654 0.024219 0.024609
0 0.811458 0.854426 0.021354 0.025248
0 0.125130 0.563119 0.020052 0.019815
0 0.633203 0.239533 0.029427 0.036114
0 0.761719 0.926334 0.019792 0.018856
0 0.737891 0.871365 0.019010 0.020773
0 0.639974 0.531959 0.017969 0.020773
0 0.179297 0.967562 0.022135 0.022052
0 0.735938 0.750879 0.019792 0.025887
0 0.892839 0.929051 0.020052 0.023011
0 0.202995 0.551454 0.019010 0.022052
0 0.432031 0.549696 0.020313 0.020454
0 0.125911 0.860499 0.020052 0.020773
0 0.634245 0.932726 0.025260 0.029083
0 0.709896 0.814477 0.021875 0.029722
0 0.922266 0.471397 0.022656 0.028763
0 0.391406 0.319751 0.034375 0.042506
0 0.737500 0.852509 0.019792 0.022052
0 0.687891 0.585011 0.020052 0.020773
0 0.509375 0.936561 0.020313 0.025248
0 0.838021 0.813519 0.022917 0.031000
0 0.638021 0.569511 0.017188 0.018536
0 0.869271 0.517578 0.020313 0.021413
0 0.380078 0.527005 0.019531 0.019815
0 0.558984 0.564238 0.019010 0.018856
0 0.201953 0.535155 0.019010 0.016299
0 0.328516 0.598913 0.024740 0.020454
0 0.177995 0.460690 0.022656 0.029722
0 0.100130 0.862576 0.021094 0.021093
0 0.428776 0.783158 0.022656 0.027165
0 0.329427 0.463087 0.020313 0.027485
0 0.406120 0.512624 0.019531 0.020454
0 0.346875 0.313838 0.032813 0.036433
0 0.657292 0.752956 0.026562 0.032598
0 0.455599 0.567434 0.019531 0.018217
0 0.843099 0.496964 0.020052 0.019815
0 0.354557 0.513103 0.019531 0.022052
0 0.277734 0.534356 0.020573 0.016619
0 0.302865 0.585650 0.020833 0.022052
0 0.815365 0.585331 0.019271 0.020134
0 0.379557 0.856024 0.021094 0.024609
0 0.868880 0.551294 0.018490 0.021093
0 0.689193 0.512784 0.022135 0.023330
0 0.227344 0.584532 0.020313 0.021093
0 0.456120 0.861937 0.018490 0.024928
0 0.817969 0.515500 0.018750 0.018536
0 0.785937 0.874401 0.020313 0.017897
0 0.687891 0.603547 0.022135 0.022691
0 0.328125 0.546021 0.018229 0.018217
0 0.483073 0.913391 0.021875 0.021732
0 0.048698 0.586609 0.023958 0.027804
0 0.838281 0.912432 0.018750 0.017897
0 0.354297 0.531000 0.017969 0.020134
0 0.302995 0.601151 0.021615 0.017897
0 0.175781 0.864973 0.020833 0.019495
0 0.227083 0.531000 0.021354 0.021413
0 0.792839 0.533717 0.017448 0.015980
0 0.661198 0.875200 0.019792 0.018856
0 0.558594 0.547939 0.016146 0.017578
0 0.405859 0.597315 0.022135 0.019175
0 0.917318 0.876957 0.020573 0.030681
0 0.868099 0.571429 0.020052 0.023650
0 0.278516 0.549217 0.019531 0.019495
0 0.510417 0.326302 0.035417 0.028763
0 0.787109 0.906839 0.017448 0.020773
0 0.405859 0.882071 0.021094 0.019175
0 0.918490 0.569511 0.020313 0.023011
0 0.456380 0.595717 0.022135 0.027485
0 0.482031 0.583733 0.019271 0.019495
0 0.508724 0.914829 0.018490 0.025887
0 0.227734 0.568073 0.019531 0.017578
0 0.741406 0.532758 0.018229 0.019175
0 0.558594 0.580857 0.020833 0.020134
0 0.862891 0.814797 0.021615 0.033557
0 0.922266 0.535634 0.020052 0.023650
0 0.714063 0.534835 0.019271 0.020773
0 0.484375 0.892298 0.022917 0.021093
0 0.431771 0.536274 0.020313 0.030681
0 0.455729 0.584372 0.020313 0.020773
0 0.858724 0.193512 0.045573 0.062959
0 0.510417 0.893576 0.019271 0.020454
0 0.149870 0.548258 0.019010 0.021413
0 0.405599 0.545382 0.018490 0.017578
0 0.252995 0.554011 0.020052 0.019495
0 0.791797 0.603068 0.023698 0.020454
0 0.202344 0.629434 0.023438 0.025887
0 0.922786 0.444231 0.022656 0.026206
0 0.894141 0.948066 0.023177 0.018856
0 0.635677 0.811282 0.020833 0.034196
0 0.765755 0.533557 0.017448 0.014382
0 0.559245 0.512464 0.018490 0.018217
0 0.920703 0.605145 0.023698 0.021413
0 0.125911 0.547779 0.020052 0.015980
0 0.475781 0.162832 0.036458 0.041866
0 0.328646 0.582934 0.020833 0.020454
0 0.638542 0.601790 0.025000 0.021732
0 0.328516 0.530201 0.017969 0.017897
0 0.455859 0.839725 0.020052 0.022052
0 0.923177 0.414989 0.022396 0.028444
0 0.614062 0.532758 0.019792 0.019175
0 0.124870 0.460850 0.021094 0.028763
0 0.431510 0.564877 0.018229 0.015021
0 0.151823 0.459092 0.020833 0.025887
0 0.862760 0.868009 0.021354 0.028763
0 0.405990 0.534036 0.019271 0.029402
0 0.076042 0.676414 0.021354 0.027804
0 0.916797 0.754235 0.022135 0.026206
0 0.943099 0.869926 0.019531 0.021732
0 0.100781 0.545382 0.020313 0.018856
0 0.152474 0.400128 0.025260 0.028763
0 0.100000 0.755193 0.023958 0.028124
0 0.890755 0.874561 0.022135 0.022052
0 0.482943 0.463247 0.023177 0.026526
0 0.869271 0.535315 0.018229 0.021093
0 0.942969 0.852828 0.019271 0.018217
0 0.638021 0.585970 0.021875 0.020773
0 0.076953 0.697347 0.021615 0.022371
0 0.380729 0.509588 0.020313 0.019495
0 0.353646 0.553052 0.019792 0.031000
0 0.920443 0.553212 0.019531 0.020454
0 0.633854 0.908597 0.023958 0.026206
0 0.226302 0.516139 0.020313 0.022371
0 0.073958 0.611857 0.021354 0.027804
0 0.150521 0.531160 0.019792 0.023011
0 0.051693 0.674816 0.021615 0.020773
0 0.898958 0.413071 0.025000 0.034196
0 0.099740 0.460690 0.020313 0.028444
0 0.535677 0.463726 0.021354 0.024289
0 0.482422 0.856344 0.023177 0.029722
0 0.177734 0.515021 0.019531 0.018856
0 0.072005 0.587888 0.022135 0.026526
0 0.786458 0.890700 0.019271 0.018536
0 0.940365 0.753915 0.021354 0.025567
0 0.915885 0.832375 0.021875 0.017578
0 0.895312 0.530201 0.020833 0.022371
0 0.945964 0.502397 0.018490 0.015980
0 0.945443 0.506072 0.018490 0.023330
0 0.508594 0.877437 0.019271 0.018217
0 0.483073 0.436721 0.021875 0.022052
0 0.253776 0.567434 0.019010 0.016938
0 0.483073 0.813199 0.024479 0.032279
0 0.126823 0.532119 0.020833 0.019175
0 0.481380 0.783317 0.030469 0.029402
0 0.737370 0.835890 0.022135 0.022691
0 0.125911 0.399808 0.021094 0.030681
0 0.946094 0.473953 0.020833 0.032598
0 0.052214 0.691435 0.023177 0.020134
0 0.146615 0.509588 0.026042 0.026526
0 0.100130 0.521732 0.023177 0.032918
0 0.710677 0.785235 0.023958 0.029402
0 0.481120 0.879674 0.022656 0.024609
0 0.353646 0.566315 0.018750 0.013423
0 0.176432 0.533397 0.017969 0.019815
0 0.861979 0.854746 0.022917 0.021413
0 0.948307 0.528923 0.021615 0.029402
0 0.894141 0.475232 0.024219 0.036433
0 0.169661 0.493129 0.020573 0.024928
0 0.920964 0.495845 0.020052 0.021413
0 0.098568 0.399009 0.023177 0.029722
0 0.617448 0.949025 0.014063 0.020134
0 0.506641 0.811761 0.022656 0.030681
0 0.920833 0.514541 0.022396 0.024928
0 0.771484 0.125439 0.039844 0.021413
0 0.123438 0.514541 0.021875 0.023011
0 0.893359 0.589326 0.018490 0.016619
0 0.893359 0.605305 0.016927 0.015340
0 0.866406 0.590444 0.015104 0.016299
0 0.868099 0.604826 0.018490 0.014382
0 0.508073 0.534835 0.019271 0.012464
0 0.508464 0.550655 0.018490 0.013423
0 0.481250 0.754714 0.019271 0.027804
0 0.507682 0.754874 0.020052 0.025567
0 0.507682 0.857303 0.020052 0.022691
0 0.053255 0.704378 0.018490 0.015340
0 0.053255 0.717801 0.018490 0.015340
0 0.072135 0.632630 0.017708 0.012464
0 0.076432 0.651167 0.015885 0.020773
0 0.051562 0.657399 0.016667 0.016619
