0 0.922656 0.422281 0.024479 0.030526
0 0.570573 0.212281 0.025000 0.031579
0 0.498307 0.123860 0.023177 0.032982
0 0.327214 0.570526 0.025260 0.033684
0 0.448307 0.273509 0.024740 0.027018
0 0.445443 0.478947 0.022135 0.032281
0 0.446094 0.451053 0.025000 0.029123
0 0.258724 0.183860 0.023698 0.032281
0 0.232161 0.660702 0.025781 0.032281
0 0.800521 0.746667 0.027083 0.034386
0 0.677083 0.747895 0.022396 0.032632
0 0.569922 0.242982 0.025781 0.036140
0 0.329297 0.183860 0.024219 0.031579
0 0.284375 0.125965 0.022917 0.030877
0 0.326693 0.603509 0.023698 0.032982
0 0.283594 0.245789 0.025521 0.031228
0 0.372396 0.661579 0.022396 0.033333
0 0.377083 0.184035 0.024479 0.031228
0 0.447526 0.182982 0.023177 0.031228
0 0.470313 0.394386 0.023438 0.029474
0 0.090755 0.187018 0.024740 0.032982
0 0.116667 0.156667 0.023958 0.033333
0 0.209505 0.421404 0.023698 0.031579
0 0.472526 0.152281 0.022135 0.023860
0 0.440234 0.923684 0.025260 0.035439
0 0.208854 0.571930 0.024479 0.032982
0 0.233594 0.541404 0.025521 0.036491
0 0.420833 0.570351 0.025000 0.033333
0 0.400391 0.184035 0.023177 0.032632
0 0.522396 0.122105 0.025000 0.032281
0 0.521354 0.273158 0.026562 0.031228
0 0.444141 0.629649 0.023177 0.027018
0 0.396354 0.661228 0.023438 0.036140
0 0.258594 0.243158 0.022396 0.030877
0 0.375000 0.244386 0.025000 0.031930
0 0.473568 0.213158 0.023177 0.027018
0 0.473438 0.122632 0.027083 0.032632
0 0.832031 0.152807 0.023438 0.031228
0 0.371745 0.720877 0.024740 0.035439
0 0.772917 0.750175 0.025521 0.036491
0 0.444661 0.422105 0.024219 0.031579
0 0.469922 0.422982 0.024219 0.029123
0 0.568880 0.302807 0.023698 0.030877
0 0.677604 0.776667 0.024479 0.031228
0 0.473177 0.181930 0.023958 0.034035
0 0.439844 0.956667 0.027083 0.034035
0 0.470833 0.363158 0.024479 0.035789
0 0.399609 0.393333 0.023698 0.027368
0 0.523047 0.183860 0.025781 0.030877
0 0.285156 0.155263 0.023438 0.026316
0 0.680990 0.600351 0.024479 0.035088
0 0.466536 0.807193 0.022656 0.031930
0 0.206641 0.811579 0.022135 0.035088
0 0.617448 0.151404 0.026042 0.034035
0 0.398307 0.478246 0.022135 0.030175
0 0.346354 0.836842 0.020313 0.028772
0 0.258073 0.305088 0.022396 0.034035
0 0.493880 0.537895 0.023698 0.033684
0 0.421354 0.507895 0.023438 0.031930
0 0.116536 0.124912 0.025260 0.031579
0 0.804818 0.328947 0.023177 0.032632
0 0.283854 0.215439 0.024479 0.032281
0 0.283724 0.184386 0.022135 0.031228
0 0.676823 0.838070 0.024479 0.030526
0 0.572005 0.123860 0.026302 0.034386
0 0.207422 0.632105 0.022656 0.031930
0 0.448828 0.152982 0.022135 0.030877
0 0.278125 0.864386 0.027604 0.034737
0 0.301953 0.631053 0.024219 0.034737
0 0.772786 0.778596 0.024219 0.027368
0 0.302474 0.663860 0.024740 0.033684
0 0.470313 0.330000 0.023958 0.033333
0 0.571224 0.181930 0.026823 0.033333
0 0.278906 0.720000 0.022917 0.028070
0 0.448698 0.212807 0.025521 0.031228
0 0.207161 0.539649 0.024740 0.033684
0 0.350911 0.476842 0.022656 0.027368
0 0.708854 0.447544 0.023438 0.029825
0 0.444401 0.571053 0.024219 0.033333
0 0.397656 0.540000 0.022396 0.031579
0 0.923047 0.447544 0.022656 0.024912
0 0.370833 0.837719 0.023958 0.029825
0 0.327344 0.478070 0.022396 0.031930
0 0.420833 0.537895 0.021875 0.030877
0 0.566536 0.506491 0.025260 0.029825
0 0.568490 0.360877 0.027604 0.031228
0 0.903125 0.212632 0.023958 0.036491
0 0.371484 0.570526 0.022135 0.030877
0 0.377344 0.153684 0.024479 0.034386
0 0.445703 0.538070 0.027344 0.032632
0 0.660937 0.361579 0.022396 0.034035
0 0.470573 0.451404 0.021875 0.029825
0 0.234766 0.302807 0.024219 0.030877
0 0.350781 0.421404 0.023438 0.030877
0 0.700260 0.808070 0.026042 0.034386
0 0.468750 0.535088 0.020833 0.030175
0 0.419661 0.630351 0.023177 0.027018
0 0.469792 0.567544 0.026562 0.035439
0 0.235937 0.155789 0.022396 0.032982
0 0.229948 0.836667 0.025521 0.033333
0 0.498177 0.240877 0.020833 0.029825
0 0.521745 0.242105 0.025260 0.034386
0 0.352604 0.154912 0.025521 0.033333
0 0.139323 0.124912 0.020833 0.031579
0 0.396094 0.724737 0.023438 0.033333
0 0.139453 0.244211 0.023698 0.032982
0 0.396484 0.692982 0.023177 0.032982
0 0.352083 0.184211 0.023438 0.028070
0 0.115625 0.185965 0.022917 0.030175
0 0.705078 0.598421 0.024740 0.034035
0 0.806120 0.239649 0.024219 0.028772
0 0.327865 0.303860 0.025000 0.032281
0 0.374089 0.392281 0.024219 0.030175
0 0.563672 0.808421 0.025781 0.034386
0 0.397786 0.508772 0.022656 0.031579
0 0.777734 0.565263 0.024219 0.033684
0 0.470313 0.480702 0.021875 0.030175
0 0.559115 0.923158 0.026562 0.035088
0 0.658854 0.418246 0.021875 0.032982
0 0.497656 0.362105 0.026562 0.031579
0 0.468620 0.508246 0.022656 0.026316
0 0.547266 0.153158 0.024219 0.033333
0 0.567578 0.422105 0.026823 0.031579
0 0.464323 0.868421 0.025000 0.027368
0 0.423698 0.243333 0.024479 0.033333
0 0.328385 0.334211 0.025000 0.030526
0 0.441797 0.720702 0.023177 0.034386
0 0.303646 0.570175 0.022396 0.032281
0 0.708594 0.476667 0.023958 0.031228
0 0.205339 0.896140 0.024740 0.033684
0 0.211849 0.185789 0.022135 0.031228
0 0.324479 0.721930 0.024479 0.030526
0 0.231380 0.690526 0.027344 0.032281
0 0.424609 0.123509 0.022656 0.032281
0 0.370964 0.953684 0.025781 0.036491
0 0.184245 0.509825 0.023177 0.028070
0 0.472526 0.273158 0.024219 0.034737
0 0.701432 0.774737 0.024219 0.034386
0 0.830599 0.212456 0.023177 0.031228
0 0.371745 0.691930 0.023698 0.030175
0 0.497917 0.271579 0.026042 0.029474
0 0.328646 0.214211 0.021875 0.032632
0 0.205729 0.867544 0.022396 0.028421
0 0.092057 0.154912 0.024219 0.034035
0 0.680599 0.632456 0.021615 0.030526
0 0.182161 0.752105 0.023177 0.029123
0 0.710417 0.272456 0.023958 0.033333
0 0.799089 0.776140 0.024740 0.031579
0 0.206250 0.780877 0.022396 0.030526
0 0.498307 0.154035 0.024219 0.031579
0 0.807031 0.211228 0.021875 0.030877
0 0.207943 0.510351 0.021615 0.027719
0 0.682813 0.479298 0.022917 0.032281
0 0.421875 0.480175 0.023958 0.028421
0 0.832943 0.121930 0.022135 0.034737
0 0.351172 0.507193 0.025260 0.035439
0 0.746094 0.779649 0.024479 0.032982
0 0.303125 0.538772 0.022917 0.034035
0 0.781120 0.331053 0.021094 0.031930
0 0.735156 0.241754 0.022917 0.032982
0 0.229687 0.867018 0.023438 0.030175
0 0.563542 0.689298 0.025521 0.031228
0 0.376563 0.213684 0.021875 0.035088
0 0.546875 0.212982 0.023438 0.033684
0 0.561068 0.892807 0.027865 0.033333
0 0.446484 0.364211 0.025260 0.031579
0 0.856641 0.213509 0.026823 0.029825
0 0.326953 0.538246 0.021094 0.031579
0 0.327734 0.508070 0.022135 0.030877
0 0.714714 0.091579 0.023177 0.031579
0 0.498047 0.185088 0.022656 0.036140
0 0.400000 0.303684 0.023438 0.031228
0 0.230469 0.806491 0.022917 0.029123
0 0.281510 0.274386 0.023438 0.029474
0 0.448698 0.243860 0.023438 0.033684
0 0.675651 0.807544 0.023698 0.035439
0 0.443490 0.692105 0.024479 0.029123
0 0.710677 0.302632 0.021875 0.032632
0 0.397135 0.570351 0.022396 0.033333
0 0.712630 0.211930 0.025781 0.032281
0 0.400260 0.271930 0.024479 0.030175
0 0.280208 0.478772 0.023438 0.032632
0 0.396875 0.753333 0.022917 0.029474
0 0.445443 0.392632 0.021615 0.028772
0 0.774740 0.659298 0.023958 0.035789
0 0.446224 0.507719 0.022135 0.027368
0 0.704948 0.629474 0.024479 0.032982
0 0.757552 0.327544 0.023438 0.029825
0 0.276562 0.954912 0.027604 0.031930
0 0.280078 0.508772 0.024219 0.030877
0 0.759375 0.214561 0.021875 0.031930
0 0.306510 0.155614 0.020313 0.031930
0 0.776823 0.595965 0.022917 0.028421
0 0.562760 0.747368 0.025521 0.028070
0 0.800000 0.658246 0.026562 0.035789
0 0.375000 0.479298 0.021875 0.030175
0 0.565365 0.566667 0.027083 0.033684
0 0.463672 0.956842 0.021615 0.032281
0 0.753516 0.476140 0.022656 0.031579
0 0.279687 0.334561 0.021875 0.029123
0 0.163021 0.215263 0.022917 0.029825
0 0.281120 0.421053 0.026302 0.030877
0 0.443359 0.659649 0.022656 0.037193
0 0.212630 0.154211 0.022135 0.035439
0 0.260286 0.124035 0.022656 0.027018
0 0.280990 0.303860 0.023438 0.032281
0 0.522786 0.153158 0.025781 0.035439
0 0.496484 0.391930 0.021615 0.034386
0 0.471094 0.302105 0.020833 0.025965
0 0.807161 0.122982 0.025260 0.031930
0 0.687630 0.181579 0.020573 0.032632
0 0.711589 0.359474 0.025781 0.034035
0 0.493750 0.507193 0.021875 0.031930
0 0.350521 0.213860 0.022396 0.031930
0 0.854036 0.302105 0.026823 0.032982
0 0.182422 0.690351 0.022656 0.034737
0 0.661979 0.302105 0.023438 0.035088
0 0.448177 0.301053 0.023958 0.026667
0 0.348177 0.780351 0.022917 0.028772
0 0.233464 0.602456 0.027344 0.035789
0 0.777604 0.534211 0.022396 0.030526
0 0.799479 0.834386 0.024479 0.032281
0 0.448437 0.122807 0.021354 0.032982
0 0.421094 0.420702 0.020313 0.027368
0 0.400521 0.213684 0.021875 0.028772
0 0.138021 0.215088 0.026042 0.030175
0 0.374609 0.332807 0.025260 0.034035
0 0.567969 0.451404 0.025000 0.034035
0 0.158203 0.839474 0.022135 0.031228
0 0.395964 0.603158 0.022135 0.030877
0 0.230859 0.954035 0.024740 0.032982
0 0.375260 0.302281 0.025000 0.030526
0 0.280469 0.568596 0.023438 0.031930
0 0.447786 0.330877 0.023698 0.033684
0 0.351823 0.301404 0.023438 0.030877
0 0.393490 0.867895 0.022917 0.032632
0 0.642318 0.154561 0.025260 0.034035
0 0.927734 0.213333 0.021615 0.028070
0 0.498177 0.214211 0.022917 0.024912
0 0.306641 0.244561 0.021615 0.028772
0 0.277604 0.778596 0.027604 0.032982
0 0.684375 0.447719 0.023438 0.034386
0 0.232031 0.632982 0.023958 0.030175
0 0.495573 0.421930 0.021875 0.026316
0 0.799740 0.689123 0.026042 0.032982
0 0.747526 0.835263 0.026302 0.032632
0 0.401302 0.153333 0.025000 0.032281
0 0.303906 0.393509 0.024479 0.029825
0 0.422266 0.450351 0.024219 0.032632
0 0.351562 0.124737 0.024479 0.029825
0 0.674870 0.894737 0.023698 0.030175
0 0.350521 0.272456 0.022396 0.026316
0 0.349870 0.632456 0.023698 0.031228
0 0.424219 0.273684 0.023438 0.026667
0 0.181510 0.866140 0.022396 0.030526
0 0.798047 0.922982 0.024740 0.031930
0 0.852734 0.391579 0.025260 0.032982
0 0.348177 0.751754 0.023438 0.031228
0 0.231380 0.896140 0.028906 0.034386
0 0.805599 0.358246 0.023698 0.028070
0 0.139583 0.274737 0.024479 0.030877
0 0.182031 0.781930 0.022396 0.034737
0 0.235807 0.187544 0.022135 0.033333
0 0.067969 0.154211 0.023438 0.031930
0 0.422396 0.333158 0.023438 0.036842
0 0.092708 0.126140 0.022917 0.024912
0 0.187760 0.155263 0.023438 0.032632
0 0.348698 0.690702 0.023438 0.031228
0 0.773568 0.690000 0.023177 0.030526
0 0.278646 0.809474 0.026042 0.031579
0 0.325000 0.809298 0.022396 0.030526
0 0.182552 0.660175 0.022917 0.027719
0 0.499349 0.093333 0.022656 0.032281
0 0.700651 0.837544 0.024740 0.027368
0 0.372526 0.540175 0.021615 0.030526
0 0.471875 0.241579 0.024479 0.028421
0 0.805469 0.387018 0.023958 0.032281
0 0.186979 0.214386 0.022917 0.028070
0 0.468750 0.601053 0.022917 0.026667
0 0.206380 0.749825 0.021615 0.034386
0 0.798568 0.806316 0.024740 0.030175
0 0.777865 0.474561 0.023438 0.026316
0 0.376042 0.273860 0.023438 0.031930
0 0.234505 0.334561 0.025260 0.036140
0 0.371484 0.752456 0.024740 0.030526
0 0.259505 0.152807 0.024219 0.029825
0 0.925911 0.242807 0.023698 0.032982
0 0.569792 0.273158 0.022917 0.033333
0 0.349870 0.601228 0.024219 0.034737
0 0.114974 0.273509 0.023177 0.032632
0 0.797526 0.863684 0.026302 0.033333
0 0.422526 0.212456 0.021615 0.030526
0 0.702083 0.745789 0.023958 0.027018
0 0.497005 0.302632 0.026302 0.034737
0 0.564453 0.599649 0.026823 0.034386
0 0.372526 0.630877 0.024740 0.031579
0 0.679557 0.689649 0.025781 0.034035
0 0.684245 0.419298 0.024219 0.029474
0 0.801823 0.626667 0.025521 0.030877
0 0.560807 0.837193 0.024740 0.031579
0 0.736328 0.211579 0.021615 0.028772
0 0.775651 0.626667 0.023698 0.036491
0 0.422005 0.362807 0.020573 0.025263
0 0.324870 0.866140 0.023698 0.031228
0 0.257943 0.273684 0.023177 0.032281
0 0.710547 0.390175 0.023698 0.027368
0 0.418880 0.601579 0.021094 0.032632
0 0.704297 0.658772 0.023177 0.031930
0 0.232292 0.719298 0.023438 0.030877
0 0.663802 0.184035 0.025521 0.031930
0 0.420182 0.751930 0.024219 0.032982
0 0.424219 0.183509 0.021354 0.028772
0 0.181771 0.895965 0.021875 0.030526
0 0.805078 0.299123 0.025260 0.030526
0 0.707422 0.537193 0.025781 0.033684
0 0.423438 0.301404 0.023958 0.030175
0 0.463802 0.894737 0.023958 0.029474
0 0.423698 0.154211 0.021354 0.029825
0 0.206641 0.662105 0.023177 0.030877
0 0.493880 0.569298 0.020573 0.030526
0 0.689974 0.154211 0.025260 0.028421
0 0.547917 0.122105 0.022396 0.032982
0 0.547396 0.182456 0.022917 0.027368
0 0.187630 0.185088 0.023177 0.028421
0 0.442318 0.752632 0.023177 0.032982
0 0.161849 0.184035 0.023177 0.030526
0 0.747526 0.747895 0.024740 0.032632
0 0.372266 0.601228 0.020573 0.031228
0 0.772396 0.834211 0.025521 0.034035
0 0.704167 0.688772 0.022917 0.030877
0 0.681771 0.569123 0.023438 0.033684
0 0.351432 0.449825 0.024740 0.028772
0 0.467318 0.689474 0.026302 0.037193
0 0.399219 0.333333 0.022396 0.030877
0 0.136589 0.540351 0.025781 0.038596
0 0.473307 0.092105 0.024219 0.030526
0 0.399870 0.420702 0.023177 0.028070
0 0.375391 0.448246 0.021094 0.033333
0 0.393359 0.951930 0.020573 0.031579
0 0.950651 0.212982 0.023177 0.029474
0 0.661458 0.331579 0.022917 0.028772
0 0.304167 0.332281 0.023438 0.026667
0 0.232682 0.510526 0.022135 0.031579
0 0.183464 0.540175 0.024219 0.032632
0 0.139453 0.184035 0.019010 0.031228
0 0.686328 0.270526 0.023698 0.031579
0 0.685417 0.301053 0.021875 0.031579
0 0.754818 0.446140 0.023177 0.029825
0 0.182682 0.632632 0.022135 0.026667
0 0.750911 0.565614 0.025260 0.035088
0 0.324479 0.837895 0.019271 0.027368
0 0.783724 0.269649 0.020573 0.029123
0 0.400260 0.240000 0.021354 0.021053
0 0.233724 0.572456 0.026302 0.029123
0 0.280599 0.538421 0.023698 0.031930
0 0.328646 0.245263 0.021875 0.030175
0 0.277214 0.836842 0.024219 0.028070
0 0.306380 0.213509 0.023698 0.032632
0 0.421875 0.389649 0.021354 0.030526
0 0.464453 0.924561 0.024219 0.032982
0 0.347396 0.808596 0.021354 0.029825
0 0.346484 0.865439 0.023177 0.031228
0 0.799219 0.893509 0.028125 0.033333
0 0.419531 0.719649 0.021354 0.029474
0 0.068750 0.124035 0.023438 0.029825
0 0.207422 0.602281 0.026302 0.029123
0 0.207292 0.720351 0.024479 0.028772
0 0.443620 0.602807 0.024219 0.032281
0 0.494271 0.475789 0.019792 0.033684
0 0.303385 0.507368 0.023958 0.032281
0 0.772005 0.924211 0.022135 0.034386
0 0.857682 0.153158 0.024740 0.035439
0 0.376563 0.122807 0.025521 0.029474
0 0.279818 0.362807 0.022135 0.030877
0 0.780078 0.360000 0.021615 0.030877
0 0.229167 0.925263 0.025000 0.030877
0 0.373958 0.510000 0.021875 0.030526
0 0.658854 0.476316 0.024479 0.036140
0 0.922786 0.507018 0.023698 0.032982
0 0.276042 0.924561 0.028125 0.032281
0 0.350130 0.537544 0.024219 0.028070
0 0.396094 0.632281 0.020833 0.023860
0 0.157161 0.783860 0.024219 0.030175
0 0.350651 0.244561 0.022656 0.030877
0 0.521484 0.212632 0.024740 0.027368
0 0.709375 0.418421 0.024479 0.028421
0 0.856510 0.241754 0.027083 0.032281
0 0.066927 0.245965 0.023438 0.034386
0 0.159375 0.753158 0.022396 0.035439
0 0.773047 0.862982 0.022135 0.027018
0 0.572786 0.153333 0.025260 0.028070
0 0.664062 0.214035 0.023438 0.031579
0 0.773438 0.719123 0.024479 0.029825
0 0.304036 0.301754 0.023698 0.028772
0 0.922786 0.475088 0.021615 0.033684
0 0.417969 0.658421 0.022396 0.034035
0 0.414714 0.955614 0.021094 0.030526
0 0.751563 0.597544 0.026042 0.035088
0 0.399089 0.364912 0.023698 0.033684
0 0.348958 0.568947 0.021354 0.033333
0 0.206380 0.691228 0.021094 0.031579
0 0.710938 0.330526 0.025000 0.026667
0 0.140104 0.154912 0.019792 0.029825
0 0.568229 0.332281 0.025000 0.032281
0 0.779297 0.419474 0.022135 0.030526
0 0.468229 0.630877 0.023438 0.032982
0 0.746745 0.805965 0.024219 0.026667
0 0.349349 0.661930 0.023698 0.027018
0 0.748437 0.715789 0.023958 0.036491
0 0.258333 0.213684 0.020313 0.027368
0 0.495443 0.331930 0.021615 0.027368
0 0.186979 0.124035 0.021875 0.032632
0 0.066797 0.185614 0.021094 0.029474
0 0.660547 0.271404 0.026823 0.030526
0 0.682031 0.535614 0.022396 0.031228
0 0.737891 0.122807 0.022135 0.028070
0 0.803255 0.564035 0.024740 0.031228
0 0.233333 0.481228 0.025521 0.028421
0 0.566406 0.534912 0.023438 0.028421
0 0.205339 0.841053 0.022656 0.028070
0 0.394010 0.837895 0.022396 0.030877
0 0.138411 0.303684 0.022135 0.029825
0 0.680599 0.658421 0.019531 0.027018
0 0.442188 0.807895 0.022396 0.031930
0 0.802734 0.533509 0.024740 0.033333
0 0.374479 0.363684 0.027083 0.032632
0 0.306250 0.183509 0.020833 0.025965
0 0.303125 0.600351 0.022917 0.028070
0 0.850651 0.565965 0.024219 0.037193
0 0.208724 0.391579 0.023698 0.031579
0 0.401562 0.123684 0.023958 0.027719
0 0.182292 0.722456 0.023958 0.035088
0 0.711979 0.242632 0.025000 0.031228
0 0.183854 0.571579 0.022917 0.030175
0 0.780078 0.388596 0.023177 0.032632
0 0.659505 0.445965 0.020573 0.025965
0 0.904167 0.122105 0.022917 0.032982
0 0.325781 0.634561 0.022917 0.029123
0 0.468229 0.659825 0.021875 0.026316
0 0.562109 0.777719 0.026302 0.035439
0 0.466797 0.776491 0.022656 0.030175
0 0.398828 0.449474 0.024740 0.031579
0 0.566016 0.628596 0.033073 0.032632
0 0.561198 0.865088 0.021875 0.026316
0 0.324219 0.927193 0.026042 0.031930
0 0.698177 0.892982 0.024479 0.034386
0 0.230208 0.777193 0.024479 0.030175
0 0.325000 0.750000 0.023438 0.026316
0 0.773307 0.804561 0.021094 0.025965
0 0.280859 0.451053 0.024219 0.026316
0 0.304427 0.479474 0.022396 0.026316
0 0.759505 0.273684 0.023698 0.026667
0 0.280078 0.689649 0.025260 0.034035
0 0.687630 0.241053 0.023177 0.026667
0 0.205078 0.927368 0.022135 0.030877
0 0.210938 0.304035 0.021354 0.030526
0 0.850000 0.630000 0.026562 0.035439
0 0.902995 0.243509 0.021615 0.028772
0 0.067057 0.216316 0.022656 0.029825
0 0.664453 0.152807 0.020573 0.037544
0 0.308333 0.124737 0.023438 0.029825
0 0.739844 0.092982 0.025000 0.032982
0 0.351302 0.332281 0.023438 0.030175
0 0.776432 0.502982 0.025260 0.033333
0 0.755599 0.417719 0.020573 0.027018
0 0.678516 0.718246 0.019531 0.025965
0 0.687891 0.212456 0.021094 0.030526
0 0.441016 0.867193 0.021094 0.024211
0 0.805990 0.268772 0.022917 0.033684
0 0.135156 0.691754 0.023958 0.035439
0 0.417969 0.864561 0.024479 0.025965
0 0.566667 0.478246 0.026562 0.025263
0 0.277083 0.658947 0.026042 0.030175
0 0.708984 0.506140 0.026823 0.035439
0 0.305599 0.273509 0.021615 0.029123
0 0.467318 0.720877 0.021094 0.029123
0 0.236719 0.125263 0.023958 0.031579
0 0.280729 0.746842 0.027083 0.031228
0 0.440104 0.891579 0.021875 0.028772
0 0.369661 0.866667 0.024219 0.030877
0 0.209245 0.452281 0.022135 0.030175
0 0.183594 0.603333 0.022917 0.031228
0 0.924219 0.361754 0.025521 0.032281
0 0.212370 0.120000 0.022135 0.035789
0 0.714453 0.184035 0.026823 0.026316
0 0.852604 0.476140 0.024479 0.030877
0 0.204818 0.955263 0.022656 0.026316
0 0.115885 0.244211 0.019271 0.029474
0 0.567057 0.391053 0.024740 0.034035
0 0.185417 0.395088 0.020833 0.032281
0 0.346484 0.954561 0.021094 0.031930
0 0.800781 0.594737 0.022396 0.030877
0 0.185286 0.480000 0.022135 0.028070
0 0.375521 0.420175 0.025000 0.027018
0 0.415495 0.924912 0.024740 0.030877
0 0.759505 0.246140 0.023698 0.032632
0 0.231120 0.749649 0.023698 0.027719
0 0.347917 0.721754 0.020313 0.033684
0 0.756250 0.388421 0.025000 0.032982
0 0.750521 0.627368 0.027604 0.032281
0 0.113802 0.216140 0.024479 0.032281
0 0.802734 0.448947 0.023698 0.033333
0 0.156250 0.953860 0.021875 0.034737
0 0.160677 0.632807 0.021354 0.031228
0 0.617318 0.183860 0.026302 0.033684
0 0.673958 0.866667 0.026562 0.030877
0 0.211198 0.216667 0.023438 0.032632
0 0.303906 0.363333 0.023958 0.034035
0 0.372526 0.780351 0.024219 0.025965
0 0.494661 0.447193 0.020573 0.028421
0 0.850911 0.598772 0.024740 0.030526
0 0.370833 0.807895 0.022396 0.030526
0 0.185938 0.331228 0.018750 0.026667
0 0.233073 0.365088 0.026562 0.031228
0 0.322786 0.777719 0.027344 0.034035
0 0.856250 0.184561 0.028125 0.035789
0 0.809245 0.092632 0.021615 0.029474
0 0.370833 0.922982 0.025521 0.028421
0 0.904557 0.181930 0.021615 0.028421
0 0.901823 0.297895 0.024479 0.034386
0 0.347526 0.925263 0.017969 0.027368
0 0.802604 0.417719 0.021875 0.031930
0 0.853125 0.361404 0.025521 0.030175
0 0.925521 0.331404 0.021354 0.029825
0 0.854427 0.271228 0.027604 0.031579
0 0.674609 0.922456 0.025260 0.032281
0 0.304427 0.451053 0.021354 0.032632
0 0.091406 0.275263 0.024479 0.031228
0 0.748437 0.863509 0.025521 0.029474
0 0.926953 0.272632 0.025781 0.032982
0 0.850651 0.505965 0.026302 0.032982
0 0.706250 0.568421 0.023958 0.028772
0 0.279557 0.391930 0.022135 0.026667
0 0.325521 0.691579 0.025521 0.032982
0 0.564974 0.660526 0.026823 0.029825
0 0.759115 0.299649 0.024479 0.030877
0 0.522786 0.301754 0.025260 0.032281
0 0.467057 0.748947 0.023698 0.028421
0 0.441016 0.838772 0.021094 0.033333
0 0.559896 0.954211 0.023438 0.031228
0 0.395052 0.808947 0.018750 0.028421
0 0.329297 0.154035 0.022656 0.028772
0 0.091406 0.216667 0.021354 0.027719
0 0.158203 0.810000 0.025260 0.028421
0 0.760677 0.183158 0.020833 0.032982
0 0.685286 0.332982 0.021615 0.033684
0 0.420443 0.688772 0.018490 0.025965
0 0.778906 0.446842 0.019271 0.025614
0 0.686328 0.361754 0.022135 0.028070
0 0.181380 0.925439 0.025260 0.032632
0 0.136068 0.481579 0.029427 0.027018
0 0.235807 0.276842 0.022135 0.024561
0 0.750781 0.658070 0.023958 0.029123
0 0.854557 0.331754 0.030469 0.031930
0 0.093880 0.065965 0.024740 0.032982
0 0.773177 0.955439 0.023958 0.031579
0 0.466667 0.837895 0.021875 0.032982
0 0.277604 0.896316 0.024479 0.029123
0 0.702474 0.718421 0.023177 0.027719
0 0.161328 0.479825 0.020052 0.027018
0 0.951042 0.183684 0.026042 0.031930
0 0.572005 0.091053 0.025260 0.032632
0 0.418359 0.837719 0.025781 0.028421
0 0.416016 0.894561 0.024219 0.031228
0 0.524740 0.092456 0.022396 0.029123
0 0.328385 0.274386 0.021875 0.024561
0 0.714323 0.122632 0.024479 0.032632
0 0.773307 0.892281 0.023177 0.035088
0 0.093490 0.097193 0.023958 0.034386
0 0.900521 0.363333 0.022396 0.036842
0 0.325521 0.956491 0.024479 0.026667
0 0.664323 0.243158 0.023438 0.028070
0 0.327344 0.450351 0.023438 0.027719
0 0.803125 0.503333 0.022396 0.029825
0 0.831771 0.182632 0.023438 0.033333
0 0.181120 0.955965 0.022656 0.031228
0 0.833724 0.091404 0.024219 0.030526
0 0.747396 0.685439 0.024479 0.027018
0 0.419661 0.806842 0.025781 0.034737
0 0.213411 0.246140 0.023698 0.025614
0 0.782161 0.214386 0.021615 0.032281
0 0.442188 0.780526 0.022396 0.024211
0 0.566016 0.718772 0.030469 0.030526
0 0.698568 0.922982 0.023177 0.028421
0 0.181380 0.812281 0.023698 0.031579
0 0.232552 0.392456 0.025000 0.029825
0 0.800260 0.717544 0.026042 0.027368
0 0.137370 0.510175 0.025260 0.035789
0 0.700000 0.864035 0.025521 0.026316
0 0.160938 0.541754 0.023438 0.036491
0 0.284505 0.093684 0.024219 0.034386
0 0.684115 0.391053 0.020313 0.033333
0 0.761068 0.124561 0.020573 0.030175
0 0.926823 0.184035 0.021875 0.032632
0 0.114974 0.304211 0.023698 0.033684
0 0.853385 0.420351 0.020833 0.028772
0 0.735026 0.270175 0.021094 0.023158
0 0.161979 0.302632 0.020833 0.026316
0 0.782552 0.242632 0.021354 0.027719
0 0.138672 0.334737 0.023698 0.028070
0 0.305599 0.421228 0.018490 0.027018
0 0.065625 0.301930 0.024479 0.036842
0 0.351042 0.392632 0.021354 0.029474
0 0.279687 0.601754 0.023958 0.034386
0 0.951562 0.242982 0.027604 0.034035
0 0.392708 0.896842 0.020833 0.025263
0 0.739453 0.180000 0.022135 0.032982
0 0.211589 0.274035 0.025260 0.035088
0 0.716536 0.154561 0.025260 0.034035
0 0.901563 0.330877 0.022396 0.030175
0 0.158464 0.893860 0.024219 0.032632
0 0.232422 0.451930 0.023177 0.032281
0 0.163151 0.246491 0.023177 0.034737
0 0.328125 0.363158 0.027083 0.029474
0 0.660417 0.390351 0.020313 0.029123
0 0.207292 0.482281 0.021354 0.030526
0 0.923568 0.392632 0.027344 0.033684
0 0.137240 0.573509 0.026042 0.031930
0 0.211458 0.332632 0.022396 0.032281
0 0.751042 0.532632 0.024479 0.034386
0 0.781771 0.300175 0.020833 0.034035
0 0.798698 0.953158 0.025000 0.031930
0 0.158073 0.864035 0.022396 0.022105
0 0.617188 0.118772 0.026042 0.035439
0 0.159245 0.663333 0.023177 0.030526
0 0.238542 0.095088 0.026042 0.032982
0 0.350521 0.362456 0.022396 0.031579
0 0.161458 0.508772 0.018750 0.032982
0 0.324740 0.661404 0.023958 0.024561
0 0.852214 0.448947 0.023177 0.031228
0 0.161589 0.452456 0.020573 0.028421
0 0.278906 0.630702 0.023438 0.027018
0 0.395833 0.782105 0.025000 0.030175
0 0.163281 0.153684 0.020833 0.030175
0 0.232813 0.421579 0.021875 0.030526
0 0.134635 0.954386 0.018229 0.023860
0 0.757031 0.357719 0.022917 0.032632
0 0.325260 0.895439 0.023958 0.032281
0 0.810026 0.060351 0.022135 0.032982
0 0.091146 0.244561 0.021875 0.030877
0 0.596484 0.061754 0.023177 0.034386
0 0.235807 0.247368 0.022135 0.035789
0 0.326302 0.419825 0.020313 0.025614
0 0.659115 0.507544 0.025521 0.029123
0 0.683984 0.506842 0.020573 0.024912
0 0.157943 0.690877 0.019010 0.025965
0 0.347526 0.897018 0.018490 0.030526
0 0.807943 0.182807 0.022135 0.030175
0 0.905990 0.153860 0.028646 0.032632
0 0.904687 0.270175 0.017188 0.025965
0 0.157031 0.723860 0.025521 0.037193
0 0.676562 0.954561 0.025521 0.034035
0 0.135677 0.456316 0.028646 0.030526
0 0.328646 0.125088 0.019271 0.027719
0 0.802995 0.476140 0.020573 0.025263
0 0.135026 0.601053 0.021094 0.028070
0 0.135286 0.632456 0.023698 0.031930
0 0.163802 0.331228 0.023958 0.029474
0 0.185156 0.423860 0.024479 0.028772
0 0.161068 0.571754 0.020052 0.029123
0 0.186328 0.302807 0.021615 0.030877
0 0.163151 0.124035 0.024219 0.032632
0 0.158594 0.925263 0.021875 0.025965
0 0.163542 0.275263 0.023438 0.029825
0 0.807292 0.153333 0.022917 0.032982
0 0.926042 0.301579 0.020833 0.031228
0 0.162760 0.393509 0.021354 0.036140
0 0.187500 0.244912 0.023438 0.030877
0 0.131120 0.846842 0.027344 0.038947
0 0.699870 0.952456 0.026302 0.032632
0 0.130599 0.895263 0.027865 0.034737
0 0.182161 0.839474 0.023698 0.026316
0 0.328906 0.391754 0.027083 0.031930
0 0.185938 0.360526 0.021875 0.034737
0 0.133203 0.928070 0.024219 0.031579
0 0.134766 0.661930 0.023177 0.027719
0 0.185417 0.451754 0.022396 0.030526
0 0.419922 0.780702 0.023177 0.029474
0 0.644661 0.122807 0.024219 0.034386
0 0.393880 0.923684 0.021615 0.027719
0 0.715234 0.053509 0.025781 0.042456
0 0.159115 0.603860 0.021875 0.034386
0 0.136719 0.363333 0.028125 0.035439
0 0.852083 0.534035 0.018750 0.025965
0 0.209635 0.363158 0.022396 0.028070
0 0.783464 0.122982 0.023698 0.029123
0 0.258333 0.259298 0.021354 0.013333
0 0.134505 0.721579 0.021094 0.024211
0 0.135677 0.751930 0.022917 0.024561
0 0.642578 0.091404 0.024219 0.029123
0 0.236849 0.215088 0.020573 0.025263
0 0.950260 0.120351 0.027604 0.037193
0 0.132682 0.779123 0.022656 0.028421
0 0.162760 0.362807 0.021875 0.028772
0 0.616536 0.088070 0.023177 0.029474
0 0.760547 0.152456 0.020573 0.029123
0 0.782292 0.185263 0.019271 0.025965
0 0.130339 0.810526 0.028385 0.032982
0 0.949870 0.151228 0.020573 0.024561
0 0.880208 0.124035 0.021875 0.036140
0 0.066016 0.420877 0.023698 0.028421
0 0.370182 0.896316 0.025260 0.028421
0 0.640755 0.072807 0.030469 0.060000
0 0.882161 0.091579 0.017448 0.029474
0 0.441797 0.737719 0.022656 0.019298
0 0.568620 0.255789 0.022656 0.021754
0 0.187109 0.271930 0.021094 0.030877
0 0.161198 0.424561 0.020833 0.028772
0 0.466016 0.824912 0.021615 0.013333
0 0.066146 0.389123 0.020313 0.028070
0 0.138932 0.394737 0.027865 0.029474
0 0.734375 0.258596 0.021875 0.014035
0 0.804167 0.370877 0.023958 0.023860
0 0.686719 0.125614 0.027604 0.030175
0 0.318099 0.272632 0.019010 0.028772
0 0.211979 0.171228 0.020313 0.016842
0 0.134505 0.674035 0.022656 0.016140
0 0.372135 0.587193 0.021354 0.017895
0 0.131120 0.871579 0.024740 0.020351
0 0.595964 0.092105 0.020573 0.031930
0 0.904427 0.090175 0.026042 0.030877
0 0.929427 0.152982 0.022396 0.032982
0 0.752083 0.505614 0.019792 0.017544
