0 0.790551 0.078393 0.110236 0.074846
0 0.791181 0.179332 0.103307 0.073014
0 0.790551 0.275006 0.090079 0.070726
0 0.792598 0.367132 0.065827 0.053101
0 0.789764 0.456626 0.102992 0.065461
0 0.801890 0.550240 0.110236 0.050813
0 0.800472 0.656901 0.113071 0.064546
0 0.801260 0.744221 0.120315 0.081254
0 0.795433 0.842527 0.111811 0.075990
0 0.786929 0.940375 0.085984 0.067521
0 0.662992 0.081598 0.098898 0.062486
0 0.657480 0.170062 0.081575 0.095674
0 0.660945 0.271458 0.100472 0.067750
0 0.655118 0.363470 0.088819 0.064546
0 0.657953 0.462921 0.094488 0.078050
0 0.655118 0.553902 0.100157 0.052186
0 0.656693 0.652209 0.094488 0.075761
0 0.660315 0.753719 0.101732 0.072786
0 0.655276 0.843671 0.085984 0.065461
0 0.655276 0.929503 0.091654 0.083314
0 0.519213 0.077935 0.088504 0.071641
0 0.527087 0.174182 0.092913 0.054017
0 0.522047 0.273976 0.102992 0.079194
0 0.522835 0.366102 0.098898 0.082170
0 0.520000 0.457084 0.090079 0.083314
0 0.521260 0.554475 0.090079 0.063401
0 0.517795 0.647517 0.100157 0.064546
0 0.514173 0.734379 0.092913 0.042802
0 0.516220 0.838865 0.088819 0.072786
0 0.510551 0.928931 0.088819 0.063401
0 0.368976 0.079423 0.102992 0.081025
0 0.366614 0.165827 0.078740 0.058366
0 0.371024 0.270886 0.098898 0.089494
0 0.367402 0.356718 0.082835 0.055161
0 0.377953 0.454337 0.078740 0.080110
0 0.376693 0.549783 0.078740 0.076905
0 0.376063 0.647974 0.094488 0.071870
0 0.369449 0.744678 0.093228 0.073930
0 0.371024 0.843557 0.081890 0.059281
0 0.370394 0.928473 0.094488 0.078965
0 0.235748 0.067521 0.106142 0.053101
0 0.228504 0.152781 0.097323 0.055161
0 0.241417 0.245480 0.114331 0.063401
0 0.232126 0.341154 0.087559 0.078050
0 0.230709 0.442550 0.092913 0.051957
0 0.230709 0.543488 0.087244 0.078965
0 0.226457 0.650034 0.084409 0.075990
0 0.238583 0.734951 0.111811 0.081025
0 0.230709 0.819181 0.098583 0.081025
0 0.232756 0.914282 0.131654 0.100938
