0 0.692441 0.079494 0.128819 0.081889
0 0.688819 0.197080 0.124724 0.076642
0 0.695276 0.315351 0.097323 0.062272
0 0.695906 0.434078 0.133228 0.096259
0 0.711024 0.559535 0.117480 0.106752
0 0.682362 0.675068 0.108661 0.074589
0 0.690866 0.795392 0.123150 0.091241
0 0.688819 0.923928 0.115906 0.074589
0 0.520630 0.095005 0.157480 0.100593
0 0.511969 0.208029 0.140157 0.098540
0 0.513386 0.332915 0.131654 0.103786
0 0.536378 0.443431 0.105827 0.092153
0 0.541417 0.566264 0.124724 0.093294
0 0.546299 0.678832 0.117480 0.079836
0 0.540630 0.789690 0.097323 0.065237
0 0.524252 0.920278 0.127559 0.090100
0 0.360945 0.087705 0.127244 0.108805
0 0.358110 0.203467 0.098898 0.091241
0 0.363150 0.311702 0.125984 0.096487
0 0.370394 0.434535 0.120315 0.076642
0 0.366614 0.551779 0.110236 0.091241
0 0.369606 0.670392 0.127559 0.083942
0 0.368819 0.791286 0.120315 0.083029
0 0.374646 0.903285 0.123150 0.064325
0 0.195591 0.086223 0.114646 0.091241
0 0.200000 0.205976 0.125984 0.102646
0 0.190551 0.326756 0.115906 0.080976
0 0.205669 0.549726 0.117165 0.083029
0 0.192126 0.673586 0.098898 0.086223
0 0.201417 0.791172 0.134488 0.093294
0 0.189134 0.918796 0.113071 0.084854
