0 0.725354 0.075303 0.129134 0.072786
0 0.718110 0.157015 0.094488 0.057221
0 0.712441 0.258984 0.103307 0.096818
0 0.716693 0.363012 0.111811 0.088350
0 0.724724 0.455024 0.115906 0.052186
0 0.716693 0.554360 0.097323 0.075990
0 0.716063 0.643854 0.118740 0.061341
0 0.723307 0.744335 0.107402 0.091554
0 0.728504 0.835317 0.100157 0.073930
0 0.721102 0.930991 0.102992 0.073930
0 0.577795 0.075303 0.091654 0.079194
0 0.583622 0.172122 0.105827 0.091554
0 0.578583 0.261616 0.110236 0.068666
0 0.580787 0.358778 0.117165 0.086290
0 0.580000 0.453994 0.130079 0.074846
0 0.570709 0.541428 0.114646 0.054246
0 0.586614 0.637102 0.123150 0.062486
0 0.590709 0.732319 0.123150 0.078050
0 0.582835 0.830625 0.107402 0.068666
0 0.579843 0.926871 0.104567 0.082170
0 0.449921 0.078965 0.098583 0.075990
0 0.437638 0.164797 0.091654 0.068666
0 0.440472 0.263676 0.108661 0.087434
0 0.445512 0.352598 0.107402 0.082170
0 0.447559 0.445754 0.100157 0.093614
0 0.443307 0.536622 0.128819 0.078050
0 0.449134 0.629892 0.120315 0.072786
0 0.451969 0.742618 0.120315 0.082170
0 0.448976 0.833257 0.102992 0.071641
0 0.451181 0.925269 0.101732 0.077134
0 0.315906 0.079423 0.122835 0.081025
0 0.315906 0.163767 0.105827 0.062486
0 0.316693 0.262074 0.107402 0.080110
0 0.312283 0.353513 0.101732 0.069810
0 0.303150 0.448844 0.091654 0.079194
0 0.306614 0.537766 0.092913 0.071641
0 0.309449 0.623140 0.116220 0.063401
0 0.317953 0.725452 0.087244 0.074846
0 0.315906 0.825933 0.103307 0.069810
0 0.318110 0.929961 0.098898 0.063630
0 0.176378 0.070382 0.098898 0.051957
0 0.174646 0.164225 0.096063 0.061570
0 0.182835 0.263676 0.085984 0.076905
0 0.175748 0.367704 0.094488 0.089494
0 0.168504 0.453422 0.088819 0.057221
0 0.174961 0.539826 0.113071 0.073930
0 0.179055 0.642367 0.107402 0.097734
0 0.178898 0.739986 0.113386 0.087434
0 0.177638 0.839437 0.115906 0.082170
0 0.175591 0.935111 0.100472 0.073930
