0 0.834903 0.079482 0.228061 0.114074
0 0.833912 0.196198 0.206247 0.117243
0 0.835895 0.311328 0.210213 0.115131
0 0.834903 0.442303 0.228061 0.108793
0 0.837878 0.545287 0.218146 0.097175
0 0.851760 0.663058 0.226078 0.136256
0 0.829945 0.791392 0.214179 0.114074
0 0.834903 0.913916 0.224095 0.128862
0 0.592960 0.060470 0.212196 0.111962
0 0.599901 0.170320 0.206247 0.105625
0 0.606842 0.283866 0.220129 0.123581
0 0.613783 0.405334 0.234011 0.113018
0 0.606842 0.536837 0.216163 0.130974
0 0.596926 0.659889 0.200297 0.117243
0 0.597918 0.778189 0.210213 0.113018
0 0.607833 0.895960 0.222112 0.120412
0 0.367873 0.069976 0.226078 0.126749
0 0.373823 0.191444 0.234011 0.114074
0 0.367873 0.307103 0.218146 0.110906
0 0.383738 0.430684 0.237977 0.125693
0 0.376797 0.551624 0.224095 0.114074
0 0.369856 0.673620 0.206247 0.125693
0 0.381755 0.799842 0.237977 0.118299
0 0.373823 0.919725 0.222112 0.121468
0 0.131879 0.064695 0.210213 0.122524
0 0.121963 0.182994 0.218146 0.114074
0 0.126921 0.302350 0.228061 0.130974
0 0.131879 0.425931 0.237977 0.111962
0 0.131879 0.545815 0.245910 0.117243
0 0.136837 0.672036 0.220129 0.122524
0 0.151215 0.796673 0.219137 0.114074
0 0.130887 0.918141 0.216163 0.124637
