0 0.468210 0.349502 0.017289 0.026368
0 0.333659 0.673632 0.016453 0.026866
0 0.027607 0.572886 0.019520 0.032338
0 0.684467 0.815174 0.018126 0.029353
0 0.925265 0.596020 0.017289 0.024876
0 0.093140 0.050000 0.017847 0.035323
0 0.889013 0.350995 0.017847 0.026368
0 0.260736 0.708706 0.021751 0.047264
0 0.471556 0.593532 0.016732 0.024876
0 0.255298 0.565174 0.019799 0.029851
0 0.773006 0.352985 0.017847 0.024378
0 0.774122 0.101493 0.017847 0.032836
0 0.647936 0.067910 0.020357 0.034328
0 0.774819 0.064179 0.017568 0.031841
0 0.533185 0.322139 0.018405 0.034328
0 0.684467 0.350746 0.017568 0.025871
0 0.369911 0.709950 0.018684 0.038806
0 0.969743 0.164925 0.014780 0.025373
0 0.261015 0.666915 0.019520 0.037313
0 0.774819 0.597264 0.017568 0.024378
0 0.287646 0.567910 0.018684 0.030348
0 0.814975 0.866169 0.019799 0.027861
0 0.648912 0.599005 0.015059 0.025871
0 0.897797 0.680597 0.014780 0.024876
0 0.736057 0.621642 0.019799 0.029353
0 0.815393 0.065920 0.018405 0.027363
0 0.612521 0.352239 0.017568 0.027861
0 0.925962 0.571393 0.017568 0.029353
0 0.100251 0.595522 0.015895 0.021891
0 0.284579 0.067413 0.019241 0.026368
0 0.855270 0.066169 0.019520 0.031841
0 0.320273 0.067910 0.018126 0.034328
0 0.736893 0.596517 0.018126 0.023881
0 0.392917 0.108955 0.022309 0.028856
0 0.611266 0.324876 0.019520 0.033831
0 0.058422 0.096020 0.014222 0.026866
0 0.095650 0.196020 0.015616 0.024876
0 0.733826 0.326866 0.019241 0.029851
0 0.256135 0.211194 0.017011 0.026368
0 0.932655 0.163930 0.017568 0.023383
0 0.965979 0.404975 0.020078 0.042786
0 0.920803 0.867164 0.016732 0.030846
0 0.370190 0.679602 0.015337 0.021891
0 0.621584 0.953234 0.019520 0.037811
0 0.533882 0.350498 0.017011 0.027363
0 0.033742 0.677363 0.016174 0.022388
0 0.400446 0.833582 0.017289 0.022388
0 0.359035 0.571642 0.019241 0.033831
0 0.570134 0.369403 0.018126 0.032338
0 0.816230 0.597512 0.017289 0.023881
0 0.579336 0.949502 0.019241 0.039303
0 0.735220 0.350995 0.016453 0.024378
0 0.173452 0.070149 0.018963 0.029851
0 0.970022 0.196269 0.019241 0.041294
0 0.058840 0.071891 0.015616 0.024378
0 0.610987 0.070398 0.019520 0.031343
0 0.968767 0.672637 0.018405 0.036816
0 0.933352 0.698756 0.017289 0.024378
0 0.358199 0.068408 0.017568 0.026368
0 0.184607 0.454726 0.020078 0.027861
0 0.897100 0.702488 0.017289 0.024876
0 0.611963 0.103483 0.018126 0.026866
0 0.320831 0.110199 0.018684 0.029353
0 0.540574 0.911940 0.015337 0.024876
0 0.569994 0.325373 0.018963 0.032836
0 0.435443 0.596766 0.015337 0.025373
0 0.324456 0.570398 0.017568 0.029353
0 0.098438 0.571642 0.019520 0.031841
0 0.110151 0.708955 0.021194 0.044776
0 0.027747 0.810945 0.017568 0.027861
0 0.509900 0.937313 0.014780 0.022886
0 0.691997 0.622388 0.017568 0.027861
0 0.328779 0.858706 0.020078 0.028856
0 0.093140 0.094527 0.017289 0.028856
0 0.026771 0.599005 0.016174 0.027861
0 0.359035 0.616418 0.018684 0.033831
0 0.648912 0.574378 0.016732 0.026368
0 0.468767 0.373134 0.017289 0.025871
0 0.109453 0.433831 0.016453 0.020896
0 0.735220 0.374129 0.018684 0.023881
0 0.574177 0.571891 0.021194 0.033333
0 0.970580 0.966169 0.018684 0.026866
0 0.570134 0.101990 0.019799 0.040796
0 0.774679 0.858458 0.018405 0.030348
0 0.780535 0.928358 0.015616 0.021891
0 0.613497 0.840299 0.016732 0.022886
0 0.353040 0.369900 0.019520 0.031343
0 0.646960 0.370398 0.017289 0.035323
0 0.647936 0.103234 0.018684 0.030348
0 0.220580 0.469900 0.018405 0.025373
0 0.655745 0.196517 0.019241 0.042786
0 0.580033 0.396517 0.016732 0.024876
0 0.534579 0.816418 0.017847 0.027861
0 0.179448 0.861940 0.020915 0.029353
0 0.889849 0.841542 0.017289 0.026368
0 0.895566 0.966667 0.019241 0.025871
0 0.036531 0.720896 0.017847 0.026866
0 0.772448 0.328109 0.017289 0.029353
0 0.889013 0.375871 0.017289 0.026368
0 0.116007 0.920398 0.014501 0.022886
0 0.319716 0.375124 0.018126 0.027861
0 0.063162 0.570149 0.019241 0.033831
0 0.283045 0.092537 0.016732 0.022886
0 0.683212 0.840547 0.017289 0.024378
0 0.185165 0.694279 0.018405 0.025373
0 0.924847 0.619154 0.020915 0.025373
0 0.028165 0.622637 0.017289 0.026368
0 0.438650 0.172388 0.013943 0.020398
0 0.333938 0.706219 0.021472 0.043284
0 0.095231 0.220149 0.015337 0.028358
0 0.185583 0.717164 0.020357 0.027363
0 0.027328 0.834577 0.017289 0.023383
0 0.065951 0.860199 0.018684 0.029851
0 0.134412 0.071642 0.017847 0.030846
0 0.093419 0.119154 0.016732 0.025373
0 0.897518 0.209453 0.019241 0.024876
0 0.924289 0.326866 0.019241 0.030846
0 0.815254 0.841791 0.018126 0.024876
0 0.327663 0.835572 0.014501 0.022388
0 0.535137 0.857214 0.016174 0.023881
0 0.693252 0.197761 0.018963 0.041294
0 0.825432 0.468657 0.020636 0.037811
0 0.175544 0.618905 0.017011 0.031841
0 0.510457 0.915672 0.014780 0.024378
0 0.247072 0.069900 0.015616 0.032338
0 0.896682 0.463433 0.022030 0.044279
0 0.816788 0.574627 0.017847 0.028856
0 0.146263 0.475124 0.020357 0.021891
0 0.325293 0.594279 0.015337 0.023383
0 0.816230 0.620647 0.017847 0.028358
0 0.930563 0.928607 0.015616 0.023383
0 0.741076 0.126617 0.018684 0.023383
0 0.440742 0.395025 0.013664 0.028856
0 0.958868 0.326119 0.018126 0.032338
0 0.364055 0.858955 0.017568 0.025373
0 0.774540 0.573383 0.018684 0.027363
0 0.772309 0.376617 0.017568 0.027861
0 0.138734 0.619900 0.019241 0.029851
0 0.962354 0.104478 0.017289 0.027861
0 0.065672 0.812189 0.017568 0.033333
0 0.684328 0.373881 0.019520 0.025373
0 0.574038 0.836816 0.015895 0.021891
0 0.319576 0.349751 0.017847 0.027861
0 0.888734 0.816418 0.015616 0.026866
0 0.065672 0.836567 0.014780 0.020398
0 0.075711 0.950746 0.019241 0.043781
0 0.925823 0.376368 0.020078 0.025373
0 0.649331 0.623881 0.016453 0.026866
0 0.784161 0.661940 0.013943 0.020398
0 0.655047 0.396269 0.014501 0.027363
0 0.657418 0.643532 0.015895 0.027363
0 0.142917 0.175871 0.016453 0.025373
0 0.572922 0.597264 0.018126 0.021393
0 0.479225 0.692537 0.017568 0.021891
0 0.825153 0.427861 0.015059 0.033831
0 0.366843 0.171642 0.014222 0.020896
0 0.646682 0.865174 0.015616 0.025871
0 0.654629 0.431592 0.018126 0.030348
0 0.618795 0.128109 0.015616 0.023383
0 0.813441 0.329104 0.021194 0.033333
0 0.896821 0.146269 0.012828 0.018905
0 0.615449 0.573632 0.017289 0.031841
0 0.395148 0.573881 0.018405 0.031343
0 0.289877 0.857711 0.018126 0.026866
0 0.444367 0.674627 0.014222 0.023881
0 0.895984 0.724378 0.018963 0.023881
0 0.109872 0.676368 0.015616 0.023383
0 0.353737 0.327612 0.018684 0.033333
0 0.736057 0.064677 0.017568 0.025871
0 0.578500 0.922886 0.016453 0.020896
0 0.074875 0.719154 0.020357 0.026368
0 0.579197 0.434328 0.015059 0.021891
0 0.027468 0.857960 0.017011 0.025373
0 0.212632 0.570896 0.017568 0.028358
0 0.401143 0.415174 0.016453 0.025373
0 0.731874 0.865174 0.019799 0.029851
0 0.020357 0.370896 0.018963 0.026368
0 0.826827 0.147512 0.016174 0.027363
0 0.741355 0.396517 0.015895 0.023881
0 0.815672 0.101990 0.020078 0.031841
0 0.107362 0.811692 0.018405 0.027363
0 0.035276 0.698010 0.017011 0.021891
0 0.363776 0.835572 0.015337 0.024378
0 0.896821 0.434577 0.018963 0.024378
0 0.930424 0.910945 0.014780 0.021891
0 0.924847 0.354229 0.019241 0.025871
0 0.499442 0.108209 0.018963 0.029353
0 0.613915 0.817413 0.016453 0.027861
0 0.036810 0.918408 0.015059 0.022886
0 0.896682 0.166418 0.014780 0.024378
0 0.781093 0.955473 0.018963 0.037313
0 0.393056 0.350498 0.017011 0.023383
0 0.960402 0.844279 0.016732 0.023881
0 0.860987 0.682338 0.016453 0.022388
0 0.889152 0.104478 0.018684 0.027861
0 0.684049 0.325124 0.016174 0.024378
0 0.465839 0.075124 0.018126 0.043781
0 0.432236 0.372139 0.016174 0.031841
0 0.064835 0.618408 0.018684 0.032836
0 0.851785 0.573383 0.018126 0.032338
0 0.217094 0.816915 0.017011 0.030846
0 0.472950 0.618905 0.018405 0.025871
0 0.479225 0.460448 0.019799 0.046269
0 0.217234 0.840299 0.016174 0.022886
0 0.499861 0.070647 0.018126 0.029851
0 0.860708 0.148507 0.013664 0.019403
0 0.255717 0.433333 0.017289 0.018905
0 0.393614 0.336318 0.021472 0.047761
0 0.400307 0.856219 0.017011 0.024876
0 0.543363 0.469154 0.020357 0.030846
0 0.615310 0.622388 0.018684 0.029851
0 0.028165 0.413682 0.017289 0.027363
0 0.970301 0.934577 0.018126 0.040299
0 0.621026 0.197264 0.018963 0.042289
0 0.853597 0.620647 0.017847 0.028358
0 0.144590 0.814677 0.016453 0.031343
0 0.218767 0.214179 0.017568 0.026368
0 0.736336 0.572637 0.017568 0.022886
0 0.627579 0.677861 0.015337 0.021393
0 0.436698 0.856468 0.016732 0.027363
0 0.438511 0.193532 0.015337 0.022886
0 0.510597 0.704478 0.019520 0.041791
0 0.033603 0.655970 0.015895 0.026368
0 0.443670 0.709204 0.020078 0.036318
0 0.253486 0.861940 0.020078 0.030348
0 0.260457 0.636567 0.016732 0.025373
0 0.392220 0.373881 0.018126 0.026368
0 0.620329 0.159701 0.017568 0.034826
0 0.173592 0.095025 0.017568 0.021891
0 0.535416 0.616169 0.019520 0.030348
0 0.570273 0.068408 0.015059 0.022388
0 0.510039 0.957960 0.016732 0.024378
0 0.534579 0.571642 0.019520 0.030846
0 0.969883 0.641542 0.016732 0.024378
0 0.363218 0.811940 0.015337 0.026866
0 0.544060 0.677363 0.013943 0.020398
0 0.256274 0.413682 0.016174 0.027363
0 0.854434 0.373134 0.020636 0.029851
0 0.400307 0.435323 0.015895 0.020896
0 0.219325 0.448259 0.014222 0.022886
0 0.068740 0.215920 0.019241 0.027861
0 0.173173 0.350000 0.016174 0.022388
0 0.613497 0.864925 0.016732 0.028358
0 0.539320 0.955473 0.017847 0.023383
0 0.578918 0.901741 0.015616 0.025373
0 0.073201 0.695274 0.015895 0.024378
0 0.888734 0.326368 0.016732 0.021891
0 0.745259 0.682836 0.015895 0.028358
0 0.931818 0.397512 0.016453 0.022886
0 0.691299 0.598507 0.016732 0.025871
0 0.225460 0.959950 0.019799 0.024378
0 0.932794 0.195522 0.019520 0.045771
0 0.261433 0.937065 0.015895 0.026368
0 0.741355 0.926368 0.014222 0.022886
0 0.257250 0.460199 0.020357 0.042786
0 0.098020 0.351493 0.016453 0.024378
0 0.431958 0.327363 0.016732 0.030846
0 0.969604 0.700746 0.017289 0.025373
0 0.362242 0.414428 0.017289 0.026866
0 0.783603 0.682090 0.018405 0.023881
0 0.479364 0.715920 0.018405 0.026866
0 0.783324 0.166418 0.014501 0.024378
0 0.921082 0.841542 0.016174 0.023383
0 0.287925 0.613433 0.018684 0.025871
0 0.291829 0.135572 0.015337 0.024378
0 0.507529 0.203980 0.019520 0.041791
0 0.961238 0.573134 0.016732 0.031841
0 0.394172 0.070149 0.017568 0.028856
0 0.503765 0.619154 0.018684 0.027363
0 0.465282 0.109950 0.015895 0.029851
0 0.175544 0.571891 0.020915 0.029353
0 0.327105 0.813682 0.015616 0.025373
0 0.897239 0.187811 0.015337 0.023383
0 0.021333 0.097264 0.017568 0.028358
0 0.503625 0.572637 0.016732 0.031841
0 0.019660 0.349502 0.017568 0.022388
0 0.646403 0.839801 0.016732 0.026866
0 0.889431 0.572139 0.018126 0.029851
0 0.397658 0.618657 0.020636 0.028358
0 0.924010 0.063184 0.015895 0.025871
0 0.888316 0.077114 0.018126 0.031841
0 0.534021 0.108209 0.015616 0.026368
0 0.144451 0.434080 0.014501 0.026368
0 0.814835 0.374627 0.020636 0.037811
0 0.698271 0.701493 0.017847 0.024876
0 0.400725 0.471642 0.019520 0.028856
0 0.854294 0.867662 0.018126 0.025871
0 0.897100 0.397264 0.015616 0.022388
0 0.472532 0.570149 0.015337 0.025871
0 0.539877 0.934826 0.016174 0.024876
0 0.220162 0.674129 0.015895 0.023881
0 0.293363 0.461692 0.020636 0.046766
0 0.962493 0.083333 0.015337 0.020398
0 0.657836 0.709204 0.017289 0.038308
0 0.533185 0.374876 0.017289 0.025373
0 0.932236 0.469154 0.021194 0.031841
0 0.478388 0.423632 0.017568 0.033333
0 0.854434 0.821642 0.018405 0.032338
0 0.611963 0.376119 0.017568 0.024876
0 0.506832 0.173383 0.013107 0.024378
0 0.774679 0.622139 0.017847 0.028358
0 0.542805 0.150995 0.013107 0.020398
0 0.074456 0.921144 0.015059 0.023383
0 0.691857 0.167413 0.017289 0.025373
0 0.689626 0.885572 0.016174 0.020896
0 0.134830 0.114677 0.015895 0.024378
0 0.292387 0.677861 0.017568 0.026368
0 0.579476 0.416169 0.015059 0.019403
0 0.144172 0.394030 0.015059 0.021891
0 0.898215 0.660697 0.013943 0.019900
0 0.038622 0.959950 0.018126 0.025373
0 0.862381 0.470398 0.018126 0.027363
0 0.572922 0.621144 0.017568 0.029353
0 0.444228 0.655224 0.015059 0.018905
0 0.435025 0.571891 0.017289 0.031343
0 0.430563 0.111940 0.016732 0.026866
0 0.861127 0.721642 0.016732 0.025373
0 0.099275 0.326617 0.017847 0.027363
0 0.435165 0.812687 0.017568 0.030348
0 0.293084 0.656716 0.016732 0.024876
0 0.442415 0.472139 0.018684 0.027861
0 0.292248 0.192040 0.015616 0.021891
0 0.261712 0.959204 0.018126 0.022886
0 0.071249 0.394776 0.016453 0.030348
0 0.741216 0.461443 0.021751 0.046269
0 0.860569 0.167413 0.013943 0.019403
0 0.476297 0.396020 0.016174 0.026866
0 0.479364 0.902239 0.016174 0.025373
0 0.894590 0.943781 0.015059 0.022886
0 0.961238 0.063184 0.018963 0.024876
0 0.648215 0.324876 0.018126 0.032836
0 0.620608 0.926119 0.015895 0.024378
0 0.510318 0.675124 0.014501 0.019900
0 0.019241 0.325871 0.016732 0.026866
0 0.931818 0.643035 0.015337 0.024378
0 0.036531 0.897015 0.016732 0.021891
0 0.407557 0.913930 0.014780 0.019900
0 0.218349 0.412935 0.015059 0.022886
0 0.656302 0.473881 0.018684 0.023383
0 0.542666 0.170398 0.013943 0.021393
0 0.745678 0.710945 0.016732 0.030846
0 0.216955 0.863184 0.018405 0.026866
0 0.574735 0.858955 0.017289 0.026368
0 0.174568 0.372139 0.017289 0.025871
0 0.574038 0.813433 0.015337 0.022886
0 0.655605 0.452736 0.016732 0.018905
0 0.143056 0.154975 0.014501 0.020398
0 0.327245 0.196020 0.018126 0.023881
0 0.175404 0.593781 0.016732 0.021393
0 0.959844 0.351493 0.017289 0.022388
0 0.116007 0.901493 0.013943 0.019900
0 0.469186 0.323881 0.017568 0.028856
0 0.889849 0.618905 0.020078 0.028856
0 0.254741 0.816169 0.019241 0.033333
0 0.959426 0.820398 0.017568 0.029851
0 0.247490 0.370149 0.015895 0.028856
0 0.853876 0.107214 0.017289 0.026368
0 0.544060 0.659950 0.013385 0.022388
0 0.110429 0.405473 0.017847 0.038806
0 0.533603 0.838308 0.015895 0.019900
0 0.115170 0.882587 0.015616 0.023881
0 0.657836 0.682587 0.016732 0.022886
0 0.020357 0.072886 0.015059 0.022388
0 0.212772 0.594030 0.015059 0.021891
0 0.544200 0.713184 0.018126 0.027363
0 0.182097 0.396517 0.016174 0.024876
0 0.332683 0.644030 0.017289 0.037313
0 0.217652 0.155721 0.014222 0.022886
0 0.966955 0.443284 0.018684 0.038806
0 0.470580 0.858458 0.017568 0.029353
0 0.293363 0.635572 0.017289 0.022388
0 0.931121 0.957711 0.018963 0.037811
0 0.361963 0.453483 0.016732 0.023383
0 0.479085 0.950000 0.021194 0.037313
0 0.173871 0.325373 0.018126 0.028856
0 0.187814 0.923383 0.014222 0.019900
0 0.209983 0.370647 0.015059 0.024876
0 0.969465 0.144527 0.013664 0.019403
0 0.405745 0.657960 0.012828 0.017413
0 0.142638 0.205473 0.022030 0.050746
0 0.248187 0.324876 0.016174 0.028856
0 0.224902 0.886318 0.014780 0.023383
0 0.137479 0.571144 0.020636 0.030846
0 0.187535 0.950249 0.018684 0.042786
0 0.429587 0.069154 0.017011 0.033831
0 0.741495 0.165423 0.018405 0.021393
0 0.247909 0.347264 0.013943 0.022886
0 0.932794 0.419900 0.018405 0.028856
0 0.825851 0.649751 0.017568 0.037811
0 0.183631 0.431592 0.018126 0.022388
0 0.289738 0.834328 0.017289 0.024876
0 0.620190 0.884826 0.016732 0.026368
0 0.961656 0.864925 0.017568 0.026368
0 0.181260 0.174627 0.013943 0.021891
0 0.291969 0.410199 0.015059 0.019403
0 0.293224 0.212438 0.018684 0.023881
0 0.298383 0.957214 0.018405 0.023881
0 0.437953 0.133831 0.016453 0.024876
0 0.860848 0.909453 0.014501 0.018905
0 0.694367 0.420149 0.017289 0.027363
0 0.400307 0.452488 0.015895 0.019403
0 0.654769 0.167910 0.014501 0.019403
0 0.211099 0.112935 0.015616 0.025871
0 0.399610 0.813184 0.017847 0.024378
0 0.860848 0.128607 0.013943 0.022388
0 0.178472 0.823881 0.018963 0.047761
0 0.298383 0.882836 0.015059 0.022388
0 0.327524 0.459950 0.020357 0.044279
0 0.438371 0.154726 0.013385 0.017910
0 0.961378 0.621393 0.017568 0.024876
0 0.294339 0.708458 0.020357 0.040796
0 0.693949 0.395771 0.015337 0.024378
0 0.072365 0.419900 0.016453 0.026866
0 0.358199 0.091045 0.015337 0.023881
0 0.438929 0.214677 0.016732 0.022388
0 0.436001 0.618408 0.015895 0.022886
0 0.689347 0.924378 0.013943 0.021891
0 0.110011 0.658706 0.014780 0.018905
0 0.097462 0.173881 0.019241 0.022388
0 0.149191 0.678358 0.015059 0.030348
0 0.282069 0.327114 0.016453 0.030348
0 0.741495 0.196517 0.021751 0.043781
0 0.058840 0.121393 0.013385 0.027861
0 0.542248 0.433831 0.015337 0.023881
0 0.969604 0.904229 0.016174 0.026368
0 0.185862 0.650746 0.017011 0.036816
0 0.474345 0.151244 0.013943 0.019900
0 0.689905 0.905721 0.013385 0.019403
0 0.218070 0.134328 0.013943 0.023881
0 0.361963 0.434328 0.016732 0.020896
0 0.187395 0.905970 0.013943 0.019900
0 0.027050 0.218905 0.020078 0.025871
0 0.533603 0.070896 0.015337 0.035323
0 0.134830 0.328856 0.018126 0.030846
0 0.219465 0.651990 0.016732 0.025373
0 0.178472 0.838557 0.015616 0.023383
0 0.107920 0.858955 0.020636 0.027363
0 0.861545 0.701493 0.015895 0.021891
0 0.968349 0.127114 0.018126 0.021393
0 0.262270 0.885323 0.016453 0.024378
0 0.142777 0.134328 0.015059 0.019900
0 0.735778 0.087065 0.015337 0.021891
0 0.501394 0.351244 0.014501 0.025871
0 0.321668 0.321891 0.019241 0.032836
0 0.405745 0.717413 0.016174 0.022886
0 0.542108 0.132090 0.013385 0.022388
0 0.283463 0.372139 0.017568 0.030846
0 0.150864 0.953980 0.020636 0.034328
0 0.212772 0.616418 0.015616 0.026866
0 0.735220 0.105970 0.014780 0.020896
0 0.474345 0.171144 0.014501 0.019900
0 0.028444 0.391542 0.015059 0.019900
0 0.101785 0.621891 0.016732 0.032836
0 0.470441 0.816667 0.016732 0.029353
0 0.217094 0.173383 0.015337 0.021393
0 0.742750 0.416915 0.016453 0.020896
0 0.694088 0.474378 0.020078 0.025373
0 0.479504 0.672388 0.014780 0.019403
0 0.852342 0.327363 0.019799 0.031841
0 0.292526 0.430846 0.014501 0.023881
0 0.684467 0.104726 0.016453 0.024378
0 0.889292 0.867164 0.016732 0.026866
0 0.933212 0.719652 0.017568 0.021393
0 0.297825 0.935821 0.014501 0.021891
0 0.655745 0.148756 0.015337 0.026866
0 0.501394 0.326119 0.016732 0.027363
0 0.509342 0.461443 0.020357 0.048259
0 0.181539 0.138806 0.015059 0.022886
0 0.860708 0.414677 0.015895 0.019403
0 0.895845 0.126617 0.014780 0.020398
0 0.627161 0.658706 0.013385 0.018905
0 0.896821 0.415920 0.016732 0.018905
0 0.181958 0.204478 0.018684 0.043781
0 0.968349 0.474876 0.019799 0.027363
0 0.697713 0.720896 0.017289 0.017910
0 0.405884 0.676119 0.014222 0.020896
0 0.682934 0.864179 0.016174 0.025871
0 0.185862 0.674876 0.015895 0.019403
0 0.067764 0.176119 0.015059 0.020896
0 0.542387 0.201741 0.016732 0.043284
0 0.932934 0.678109 0.015337 0.018905
0 0.440602 0.420398 0.014501 0.029851
0 0.692833 0.145274 0.015337 0.024876
0 0.861127 0.642786 0.013385 0.019900
0 0.255159 0.185075 0.016732 0.029851
0 0.407557 0.943284 0.017011 0.039801
0 0.361963 0.391542 0.013943 0.023881
0 0.173592 0.115920 0.017568 0.025871
0 0.474345 0.191791 0.016174 0.022388
0 0.507390 0.150746 0.013664 0.024876
0 0.254741 0.592537 0.019799 0.029851
0 0.646821 0.813433 0.017568 0.028856
0 0.219604 0.692786 0.014780 0.023383
0 0.402259 0.172139 0.015337 0.024876
0 0.697574 0.680348 0.014780 0.021393
0 0.246654 0.107711 0.018684 0.040299
0 0.361824 0.474876 0.017568 0.024378
0 0.861266 0.661940 0.014222 0.022388
0 0.478806 0.880597 0.015616 0.023881
0 0.931260 0.891542 0.013664 0.022886
0 0.255438 0.392289 0.015059 0.020398
0 0.959704 0.374129 0.015895 0.025871
0 0.224205 0.913433 0.017847 0.035821
0 0.109593 0.455970 0.019520 0.055224
0 0.059398 0.330597 0.016732 0.025373
0 0.145008 0.860448 0.018405 0.032338
0 0.150307 0.904229 0.013943 0.024378
0 0.072922 0.675871 0.015337 0.021393
0 0.337842 0.912438 0.014780 0.022886
0 0.657697 0.922637 0.015337 0.026368
0 0.326687 0.175622 0.015895 0.020896
0 0.931818 0.437065 0.018684 0.019403
0 0.932097 0.144776 0.014780 0.020896
0 0.684328 0.064428 0.015616 0.020398
0 0.255856 0.138557 0.014222 0.025373
0 0.827105 0.187065 0.016174 0.020896
0 0.074875 0.882090 0.014780 0.020896
0 0.212075 0.072139 0.015895 0.034826
0 0.217931 0.393781 0.014780 0.023383
0 0.099136 0.364677 0.021472 0.044776
0 0.578500 0.128856 0.013107 0.019900
0 0.540993 0.886318 0.013943 0.031343
0 0.366425 0.144030 0.016732 0.037313
0 0.657697 0.667910 0.016453 0.024378
0 0.261712 0.905224 0.015337 0.019403
0 0.509621 0.657463 0.014222 0.020398
0 0.407557 0.890796 0.015337 0.027363
0 0.187256 0.885323 0.014222 0.020398
0 0.724066 0.889552 0.013664 0.021891
0 0.372002 0.938557 0.015059 0.025373
0 0.578221 0.879851 0.015895 0.018408
0 0.690045 0.964428 0.018684 0.023383
0 0.782766 0.145522 0.014501 0.021393
0 0.782906 0.132836 0.017011 0.036816
0 0.860429 0.889303 0.014222 0.022388
0 0.742192 0.151741 0.017568 0.031841
0 0.442276 0.899254 0.015059 0.026368
0 0.337284 0.951741 0.018126 0.024876
0 0.134272 0.094527 0.013664 0.019900
0 0.385109 0.131592 0.012828 0.019403
0 0.783603 0.467413 0.018963 0.033333
0 0.577803 0.190796 0.014501 0.021393
0 0.068321 0.195771 0.016732 0.020398
0 0.116286 0.961443 0.015616 0.027363
0 0.860429 0.188557 0.016453 0.024876
0 0.745817 0.652488 0.017011 0.033333
0 0.823898 0.959204 0.020357 0.039801
0 0.371166 0.878856 0.015059 0.025373
0 0.224345 0.940299 0.016453 0.021891
0 0.732292 0.816418 0.020078 0.033831
0 0.073062 0.659204 0.014501 0.018905
0 0.658394 0.957463 0.019520 0.033333
0 0.440742 0.433085 0.014780 0.021393
0 0.657975 0.943781 0.016453 0.022886
0 0.785834 0.639303 0.015059 0.023881
0 0.924986 0.084328 0.015059 0.019403
0 0.298104 0.916667 0.015059 0.020398
0 0.292387 0.171144 0.014780 0.022886
0 0.474484 0.131592 0.014222 0.020398
0 0.622839 0.453234 0.017568 0.029851
0 0.400725 0.392537 0.014501 0.021891
0 0.210402 0.334826 0.019799 0.048756
0 0.074875 0.901244 0.014222 0.020398
0 0.097741 0.883085 0.013664 0.022886
0 0.578639 0.468408 0.019520 0.033333
0 0.969883 0.721891 0.016174 0.022886
0 0.697853 0.644030 0.014222 0.018408
0 0.441299 0.919403 0.015337 0.020896
0 0.435722 0.835075 0.015895 0.018408
0 0.038065 0.937811 0.014780 0.020896
0 0.824596 0.396766 0.014501 0.022388
0 0.742610 0.434080 0.017847 0.021393
0 0.503346 0.853483 0.017847 0.035323
0 0.326408 0.414677 0.017568 0.027363
0 0.627719 0.700498 0.017847 0.023881
0 0.148634 0.711940 0.023982 0.034826
0 0.784161 0.206965 0.023424 0.025871
0 0.326827 0.132836 0.013385 0.016915
0 0.327245 0.212438 0.019241 0.024876
0 0.654629 0.127363 0.014780 0.019900
0 0.541272 0.396517 0.016174 0.022886
0 0.253486 0.615920 0.019520 0.026866
0 0.094395 0.140050 0.015337 0.021393
0 0.826548 0.205721 0.016174 0.023383
0 0.691578 0.574378 0.015059 0.028358
0 0.511433 0.886816 0.016174 0.036318
0 0.931958 0.126368 0.014501 0.019900
0 0.217791 0.192537 0.015616 0.021891
0 0.067206 0.138060 0.015059 0.021393
0 0.338260 0.893532 0.013943 0.019900
0 0.823480 0.909453 0.015616 0.026866
0 0.405047 0.638557 0.013107 0.023383
0 0.826269 0.684577 0.019520 0.027861
0 0.143753 0.413682 0.014222 0.022388
0 0.582543 0.678856 0.013943 0.023383
0 0.036949 0.878109 0.016453 0.019900
0 0.859872 0.395274 0.015337 0.020398
0 0.657975 0.721393 0.013107 0.018905
0 0.441578 0.945274 0.020357 0.045771
0 0.093001 0.075871 0.016453 0.020398
0 0.371863 0.918159 0.015337 0.020398
0 0.783185 0.418159 0.016453 0.022388
0 0.367819 0.196269 0.016732 0.029353
0 0.405466 0.695771 0.015616 0.021393
0 0.925823 0.105473 0.016732 0.029851
0 0.931818 0.454229 0.019799 0.021891
0 0.784161 0.704229 0.017847 0.026368
0 0.697853 0.661692 0.013664 0.019900
0 0.895566 0.906716 0.016453 0.021393
0 0.741634 0.900995 0.014780 0.032836
0 0.181400 0.156219 0.013107 0.020896
0 0.402398 0.143035 0.016174 0.040299
0 0.144311 0.836318 0.015895 0.018905
0 0.894730 0.925622 0.014222 0.019403
0 0.621305 0.400249 0.018405 0.030348
0 0.134830 0.372388 0.017568 0.024378
0 0.693112 0.124876 0.014222 0.017910
0 0.218489 0.637562 0.017011 0.020398
0 0.847183 0.644279 0.012828 0.020896
0 0.359035 0.104478 0.020357 0.041791
0 0.627858 0.638308 0.013664 0.018905
0 0.255020 0.158209 0.014222 0.020896
0 0.894869 0.887811 0.015059 0.022388
0 0.824735 0.887811 0.013664 0.019403
0 0.067485 0.158209 0.015059 0.022886
0 0.027189 0.176617 0.017568 0.022886
0 0.443670 0.636816 0.016174 0.019900
0 0.116007 0.940547 0.014501 0.020398
0 0.287925 0.592040 0.017011 0.021891
0 0.283603 0.115423 0.015616 0.023881
0 0.026213 0.136567 0.017289 0.023383
0 0.782348 0.397264 0.015895 0.025373
0 0.577942 0.209950 0.014222 0.020896
0 0.476297 0.215672 0.018405 0.027363
0 0.291969 0.154478 0.013943 0.017413
0 0.478249 0.936816 0.017289 0.020896
0 0.370468 0.660697 0.014780 0.022886
0 0.684328 0.083333 0.015616 0.020398
0 0.627440 0.718905 0.017847 0.022886
0 0.149191 0.647015 0.017847 0.035323
0 0.402119 0.195522 0.015059 0.026866
0 0.780117 0.888060 0.017568 0.028856
0 0.862381 0.438806 0.015337 0.031841
0 0.508505 0.404726 0.017011 0.043284
0 0.246654 0.094527 0.014222 0.020896
0 0.219743 0.715672 0.016732 0.027363
0 0.577803 0.157711 0.015616 0.040796
0 0.823341 0.929851 0.015895 0.020896
0 0.542248 0.415423 0.015895 0.018905
0 0.370468 0.637065 0.014780 0.027363
0 0.150446 0.883582 0.015337 0.022886
0 0.138316 0.595771 0.015059 0.022388
0 0.932515 0.665174 0.016174 0.026866
0 0.430145 0.092289 0.015895 0.021393
0 0.073062 0.445771 0.017289 0.030846
0 0.027050 0.199751 0.018963 0.042289
0 0.367959 0.213433 0.017011 0.022886
0 0.060095 0.371642 0.017011 0.026866
0 0.029559 0.452985 0.018405 0.020398
0 0.582543 0.718657 0.016732 0.021393
0 0.478806 0.921642 0.015059 0.021393
0 0.509481 0.640050 0.013943 0.016418
0 0.290017 0.812438 0.016732 0.024876
0 0.784439 0.716667 0.021194 0.029353
0 0.026771 0.157711 0.017847 0.024876
0 0.783185 0.436816 0.018126 0.021891
0 0.479643 0.655473 0.014501 0.016418
0 0.657557 0.886816 0.013943 0.027363
0 0.028583 0.432090 0.017011 0.018408
0 0.775237 0.836070 0.017847 0.022388
0 0.074596 0.469154 0.016453 0.023881
0 0.326408 0.152985 0.013664 0.025373
0 0.059816 0.348259 0.015895 0.018905
0 0.826966 0.715174 0.021472 0.035323
0 0.503207 0.816169 0.016453 0.030348
0 0.693530 0.453731 0.017847 0.022886
0 0.325432 0.617413 0.015616 0.021891
0 0.814835 0.817413 0.017289 0.030846
0 0.021194 0.118905 0.017847 0.022886
0 0.337284 0.931343 0.017011 0.025871
0 0.508645 0.435572 0.016174 0.023383
0 0.292387 0.392289 0.014780 0.019403
0 0.218628 0.431095 0.013943 0.020398
0 0.689766 0.944527 0.013664 0.020398
0 0.775655 0.818408 0.019799 0.034826
0 0.543921 0.698756 0.016453 0.025373
0 0.544618 0.638557 0.013385 0.019403
0 0.896960 0.641294 0.014780 0.018905
0 0.326129 0.392289 0.017011 0.020398
0 0.144311 0.453234 0.015337 0.018905
0 0.371584 0.899502 0.014780 0.021891
0 0.479504 0.641791 0.014780 0.026866
0 0.741495 0.963682 0.016174 0.023881
0 0.405047 0.698507 0.020915 0.060697
0 0.922476 0.818159 0.015059 0.026368
0 0.134969 0.345771 0.023424 0.070647
0 0.405745 0.877363 0.014501 0.018408
0 0.402677 0.214925 0.015059 0.025871
0 0.072225 0.642537 0.015059 0.019403
0 0.780535 0.907463 0.016174 0.022886
0 0.441160 0.881095 0.016174 0.022886
0 0.502510 0.374627 0.016174 0.022886
0 0.623815 0.474378 0.016174 0.020398
0 0.622560 0.417413 0.017011 0.024876
0 0.261573 0.917662 0.015059 0.016418
0 0.846486 0.889552 0.010876 0.020896
0 0.298383 0.902488 0.015059 0.018905
0 0.182794 0.413682 0.019799 0.053234
0 0.860848 0.964179 0.016732 0.024876
0 0.620468 0.908955 0.015616 0.024876
0 0.287925 0.103731 0.018126 0.044279
0 0.134690 0.352488 0.017289 0.020398
0 0.582404 0.658706 0.013664 0.019900
0 0.479225 0.913433 0.015895 0.009950
0 0.506693 0.134826 0.012828 0.024876
0 0.860429 0.927861 0.016453 0.025871
0 0.933352 0.737313 0.016174 0.018905
0 0.582264 0.698507 0.015059 0.023881
0 0.827803 0.125871 0.014222 0.020896
0 0.326687 0.442040 0.017011 0.032338
0 0.542805 0.451741 0.016453 0.018905
0 0.097044 0.157463 0.018963 0.027363
0 0.860708 0.204478 0.017011 0.028856
0 0.032766 0.637065 0.018684 0.015423
0 0.582404 0.643284 0.014222 0.025871
0 0.149749 0.924876 0.017289 0.020896
0 0.059816 0.347761 0.020357 0.065672
0 0.622281 0.428109 0.017011 0.019403
0 0.109035 0.641045 0.015059 0.024378
0 0.826827 0.700498 0.018963 0.020896
0 0.570970 0.118408 0.019799 0.017910
0 0.365310 0.132090 0.012270 0.019403
0 0.338818 0.876119 0.015059 0.018905
0 0.786113 0.185323 0.017847 0.022388
0 0.032487 0.471393 0.015337 0.016418
