0 0.320385 0.514073 0.073628 0.090176
0 0.243005 0.200520 0.074879 0.089100
0 0.417149 0.199444 0.069877 0.096630
0 0.319056 0.722571 0.075973 0.085156
0 0.321166 0.202492 0.069877 0.082646
0 0.579334 0.217193 0.085353 0.124238
0 0.412303 0.730459 0.074254 0.093403
0 0.578318 0.418071 0.067063 0.105773
0 0.413006 0.418430 0.071909 0.082467
0 0.152806 0.397544 0.082070 0.100574
0 0.417930 0.318125 0.074879 0.103084
0 0.237690 0.629616 0.071752 0.091431
0 0.238393 0.523037 0.066281 0.086590
0 0.237377 0.733507 0.077693 0.113123
0 0.153040 0.294012 0.072221 0.111868
0 0.152884 0.708498 0.078787 0.086769
0 0.414257 0.518107 0.079725 0.104338
0 0.318978 0.618143 0.074254 0.098602
0 0.575895 0.629437 0.069408 0.080674
0 0.411521 0.631947 0.073941 0.078523
0 0.239878 0.416637 0.069877 0.079957
0 0.153744 0.505737 0.074254 0.106131
0 0.242692 0.309161 0.068939 0.081212
0 0.323824 0.306741 0.066750 0.084260
0 0.575660 0.832736 0.076442 0.085335
0 0.153978 0.192721 0.066906 0.076371
0 0.577771 0.524740 0.067532 0.087487
0 0.324058 0.415292 0.075660 0.074399
0 0.580428 0.320635 0.066594 0.078702
0 0.762154 0.199444 0.082382 0.097347
0 0.412928 0.829419 0.071440 0.081929
0 0.321557 0.832288 0.067219 0.086949
0 0.575348 0.735030 0.065812 0.088204
0 0.151243 0.823144 0.074254 0.091251
0 0.234172 0.831033 0.065343 0.078702
0 0.150461 0.606042 0.078318 0.080853
0 0.666953 0.618053 0.073316 0.097705
0 0.847194 0.835515 0.080819 0.095554
0 0.676958 0.199982 0.080819 0.091610
0 0.676489 0.303245 0.081757 0.117067
0 0.667813 0.408211 0.077224 0.095016
0 0.667735 0.509502 0.069877 0.107565
0 0.670002 0.725081 0.076286 0.098064
0 0.845709 0.516314 0.078162 0.102187
0 0.848445 0.644496 0.094576 0.122266
0 0.850320 0.750448 0.081757 0.089638
0 0.847507 0.415023 0.083633 0.089638
0 0.847976 0.301183 0.082695 0.104338
0 0.848914 0.193618 0.090199 0.096092
0 0.763796 0.306472 0.092856 0.110613
0 0.756448 0.408300 0.090980 0.082288
0 0.752384 0.510577 0.091918 0.109717
0 0.754651 0.621190 0.091136 0.107565
0 0.756448 0.725708 0.092856 0.107565
