0 0.435972 0.307959 0.156971 0.186259
0 0.133133 0.348844 0.149914 0.127347
0 0.596472 0.138027 0.139931 0.132381
0 0.143460 0.820544 0.175043 0.109660
0 0.141910 0.589252 0.175731 0.123810
0 0.609208 0.719116 0.197074 0.194694
0 0.439157 0.114150 0.132014 0.173061
0 0.607831 0.900748 0.154389 0.166122
0 0.132186 0.095374 0.162134 0.133061
0 0.757831 0.084694 0.111532 0.091020
0 0.134251 0.470612 0.153528 0.108027
0 0.128227 0.223537 0.163511 0.107755
0 0.135370 0.708639 0.167814 0.116327
0 0.598537 0.516939 0.166781 0.189524
0 0.752926 0.260680 0.108950 0.090340
0 0.883649 0.260068 0.081928 0.069796
0 0.759122 0.172449 0.109294 0.071973
0 0.890017 0.350476 0.119449 0.064762
0 0.135800 0.929252 0.160069 0.118639
0 0.603356 0.316054 0.150258 0.211701
0 0.889759 0.440136 0.074871 0.052517
0 0.750602 0.452041 0.103614 0.100544
0 0.751549 0.352245 0.103787 0.089796
0 0.885886 0.518639 0.064716 0.053878
0 0.285198 0.322925 0.083649 0.065986
0 0.889673 0.609048 0.079174 0.060816
0 0.885370 0.685306 0.071256 0.059320
0 0.892857 0.170612 0.065232 0.065578
0 0.890103 0.770544 0.084165 0.066531
0 0.917040 0.072041 0.096386 0.065442
0 0.282358 0.389660 0.074871 0.061224
0 0.889329 0.868844 0.066781 0.050068
0 0.605164 0.042993 0.110155 0.022585
0 0.286059 0.260340 0.079518 0.058639
0 0.288812 0.199592 0.068847 0.060680
0 0.288726 0.102245 0.082100 0.131837
