0 0.866536 0.142948 0.046615 0.049029
0 0.590495 0.554760 0.019531 0.023241
0 0.693490 0.416905 0.046875 0.052531
0 0.143099 0.264088 0.042969 0.045527
0 0.200521 0.268545 0.041667 0.047437
0 0.255208 0.358166 0.043750 0.046482
0 0.367578 0.223177 0.041927 0.048392
0 0.868359 0.094874 0.046615 0.049029
0 0.695052 0.371538 0.045833 0.045845
0 0.308854 0.357848 0.043750 0.047755
0 0.201172 0.217447 0.045052 0.050302
0 0.311198 0.267908 0.036979 0.048074
0 0.144792 0.216969 0.045833 0.052531
0 0.363932 0.315186 0.040365 0.045209
0 0.346224 0.834129 0.019531 0.025470
0 0.364323 0.270614 0.039583 0.042025
0 0.309505 0.546960 0.018490 0.021012
0 0.696354 0.324578 0.043229 0.051894
0 0.474870 0.363260 0.043490 0.043935
0 0.367578 0.834607 0.020052 0.026425
0 0.587500 0.322031 0.042708 0.042980
0 0.642448 0.278255 0.041667 0.051576
0 0.588802 0.229226 0.038542 0.047755
0 0.804557 0.328558 0.045052 0.049029
0 0.255990 0.266476 0.042188 0.048392
0 0.752344 0.281280 0.039062 0.053168
0 0.640365 0.368672 0.039062 0.045209
0 0.650000 0.531837 0.018229 0.023878
0 0.926693 0.845909 0.017969 0.022286
0 0.590234 0.578319 0.018490 0.023241
0 0.569271 0.576727 0.018750 0.023241
0 0.309375 0.313435 0.041667 0.046164
0 0.751172 0.371856 0.039323 0.050302
0 0.726693 0.820439 0.019531 0.022286
0 0.476693 0.320917 0.044531 0.046482
0 0.768490 0.841133 0.018750 0.025470
0 0.287370 0.569564 0.020573 0.026106
0 0.629036 0.555237 0.017969 0.022923
0 0.610417 0.530882 0.016667 0.023878
0 0.305339 0.832697 0.020052 0.027061
0 0.371745 0.548233 0.017448 0.022923
0 0.362760 0.410697 0.038021 0.054760
0 0.247786 0.569086 0.019010 0.024514
0 0.143359 0.312639 0.037240 0.043298
0 0.371484 0.573225 0.019531 0.024514
0 0.428385 0.813276 0.016667 0.023241
0 0.185677 0.567654 0.019271 0.021012
0 0.640234 0.323145 0.039844 0.041388
0 0.227474 0.568768 0.017969 0.022604
0 0.731901 0.557147 0.019010 0.024196
0 0.311589 0.219675 0.039844 0.047119
0 0.610156 0.555237 0.016667 0.023559
0 0.587891 0.276982 0.036719 0.049029
0 0.532552 0.275072 0.038542 0.045209
0 0.084375 0.563674 0.019792 0.024514
0 0.183203 0.785896 0.018490 0.025788
0 0.803776 0.373766 0.044010 0.046482
0 0.926953 0.822350 0.019531 0.022923
0 0.252474 0.403852 0.040885 0.049984
0 0.775260 0.557943 0.017708 0.021968
0 0.451953 0.574180 0.019531 0.023241
0 0.349609 0.573066 0.019531 0.024196
0 0.432031 0.573384 0.019271 0.024196
0 0.391927 0.573862 0.017708 0.023241
0 0.308854 0.524355 0.018229 0.026106
0 0.905859 0.845113 0.021094 0.023878
0 0.248047 0.545049 0.017969 0.021649
0 0.207161 0.567494 0.019010 0.021331
0 0.628776 0.532315 0.016406 0.023559
0 0.418750 0.363101 0.038021 0.047437
0 0.768099 0.819803 0.017448 0.021649
0 0.529557 0.319643 0.039323 0.043935
0 0.691146 0.557307 0.018750 0.024514
0 0.545964 0.793060 0.019010 0.022923
0 0.476693 0.225247 0.039844 0.053805
0 0.507292 0.575454 0.019271 0.025151
0 0.604688 0.839542 0.018750 0.025470
0 0.347005 0.788921 0.016927 0.020376
0 0.308724 0.570519 0.019531 0.024196
0 0.349349 0.548233 0.019010 0.024833
0 0.476953 0.273798 0.050781 0.049029
0 0.256510 0.216969 0.040625 0.046800
0 0.142057 0.356256 0.041406 0.039478
0 0.364583 0.361191 0.039062 0.048711
0 0.747526 0.839860 0.021094 0.024833
0 0.590885 0.530882 0.018229 0.024514
0 0.448307 0.814550 0.018490 0.021331
0 0.453385 0.526425 0.019271 0.023241
0 0.848568 0.843521 0.019531 0.026425
0 0.429297 0.790990 0.020052 0.022604
0 0.807031 0.283349 0.039583 0.043935
0 0.624870 0.840337 0.020052 0.024514
0 0.643099 0.229704 0.036719 0.046800
0 0.546354 0.837791 0.021354 0.023241
0 0.308073 0.405922 0.043750 0.052213
0 0.788151 0.820758 0.017969 0.021649
0 0.548698 0.575931 0.019271 0.019739
0 0.746615 0.886501 0.017188 0.020057
0 0.412760 0.526743 0.019271 0.022604
0 0.308984 0.592486 0.017448 0.019102
0 0.350781 0.525470 0.019792 0.023878
0 0.367448 0.811047 0.018229 0.022604
0 0.089323 0.311207 0.040625 0.040433
0 0.422656 0.224292 0.040625 0.054441
0 0.244141 0.833333 0.019010 0.023241
0 0.411328 0.573543 0.019010 0.023241
0 0.305599 0.787647 0.019010 0.024833
0 0.089974 0.264088 0.037240 0.050621
0 0.255078 0.312480 0.040885 0.049984
0 0.646745 0.840337 0.017969 0.023241
0 0.749089 0.419771 0.043490 0.047437
0 0.287630 0.522127 0.017969 0.023559
0 0.751432 0.328080 0.038802 0.037886
0 0.686849 0.840815 0.020052 0.025470
0 0.569792 0.530882 0.017708 0.021968
0 0.586979 0.367876 0.039583 0.044890
0 0.711068 0.583095 0.019010 0.023241
0 0.707292 0.818211 0.018229 0.021649
0 0.090885 0.213785 0.043229 0.044253
0 0.346745 0.810092 0.017448 0.023241
0 0.585156 0.838586 0.019271 0.022286
0 0.412370 0.549984 0.017969 0.023241
0 0.691146 0.533270 0.018750 0.021649
0 0.433333 0.527061 0.019271 0.024514
0 0.080599 0.828717 0.019010 0.022923
0 0.267188 0.544413 0.017708 0.020376
0 0.525391 0.791945 0.020052 0.022604
0 0.726693 0.796243 0.019010 0.024833
0 0.165495 0.567654 0.017969 0.020376
0 0.794661 0.559058 0.017969 0.022923
0 0.371745 0.526584 0.017969 0.022923
0 0.528776 0.529927 0.018490 0.024514
0 0.141797 0.404011 0.040365 0.053486
0 0.529297 0.368036 0.044531 0.054760
0 0.473438 0.410220 0.044792 0.048074
0 0.366406 0.857848 0.018229 0.020057
0 0.447656 0.836358 0.020833 0.024196
0 0.669922 0.579911 0.016927 0.023878
0 0.807813 0.819007 0.018229 0.021968
0 0.124609 0.588029 0.016406 0.018465
0 0.145964 0.567176 0.018490 0.023241
0 0.814323 0.582139 0.018750 0.022604
0 0.688281 0.795925 0.019792 0.023559
0 0.085286 0.539796 0.019010 0.023241
0 0.865755 0.190385 0.046094 0.052213
0 0.420833 0.274594 0.041667 0.051894
0 0.629297 0.578797 0.018490 0.022923
0 0.707422 0.840656 0.018490 0.024514
0 0.525911 0.645973 0.015365 0.021649
0 0.731641 0.581503 0.019531 0.023878
0 0.670443 0.556511 0.020052 0.022923
0 0.448958 0.790831 0.016667 0.024833
0 0.730990 0.532633 0.016667 0.022923
0 0.247917 0.591850 0.016667 0.019102
0 0.646484 0.817256 0.016406 0.021649
0 0.144922 0.589940 0.017448 0.019739
0 0.746224 0.864852 0.016927 0.021968
0 0.637370 0.415950 0.034115 0.050621
0 0.802865 0.419930 0.039062 0.042662
0 0.605078 0.817096 0.019531 0.020057
0 0.185156 0.590576 0.017188 0.020376
0 0.524479 0.815186 0.017708 0.019421
0 0.368490 0.663324 0.016667 0.020694
0 0.125260 0.565743 0.019271 0.025470
0 0.347786 0.638968 0.016927 0.021012
0 0.567057 0.793378 0.019010 0.022923
0 0.533594 0.227794 0.038542 0.045527
0 0.228646 0.521172 0.019271 0.021649
0 0.307422 0.615727 0.016927 0.021649
0 0.267578 0.523400 0.020573 0.019739
0 0.650000 0.556511 0.016667 0.023559
0 0.508724 0.529290 0.017448 0.021331
0 0.726953 0.842248 0.017969 0.023878
0 0.247786 0.521331 0.016927 0.024514
0 0.266667 0.569245 0.016667 0.024196
0 0.607292 0.647087 0.015625 0.020694
0 0.080469 0.805635 0.017708 0.022604
0 0.809115 0.235435 0.040625 0.050621
0 0.146484 0.519739 0.019531 0.022604
0 0.752604 0.233206 0.038021 0.042343
0 0.671094 0.533270 0.017188 0.022923
0 0.387240 0.881407 0.017188 0.020694
0 0.746875 0.933461 0.017708 0.020376
0 0.162891 0.807705 0.019531 0.021649
0 0.548047 0.621936 0.016927 0.021968
0 0.774349 0.580866 0.017448 0.022604
0 0.710547 0.558262 0.016927 0.023878
0 0.767188 0.864215 0.015104 0.020057
0 0.390885 0.617638 0.016146 0.019739
0 0.874740 0.583095 0.019271 0.023878
0 0.795052 0.534543 0.016667 0.022923
0 0.544271 0.953200 0.017188 0.022923
0 0.650260 0.580070 0.021875 0.024196
0 0.666927 0.909742 0.017188 0.020694
0 0.285156 0.637695 0.017708 0.022923
0 0.227344 0.591372 0.017188 0.020694
0 0.696745 0.277778 0.032031 0.041706
0 0.407682 0.835244 0.019010 0.025151
0 0.385677 0.904807 0.016146 0.021012
0 0.348438 0.616205 0.016667 0.020057
0 0.326302 0.834288 0.017188 0.024514
0 0.666146 0.954473 0.019271 0.022286
0 0.583854 0.951767 0.018229 0.021331
0 0.346875 0.662687 0.016667 0.020694
0 0.207552 0.543298 0.017188 0.022604
0 0.245052 0.787170 0.018229 0.023878
0 0.164583 0.590417 0.015625 0.018147
0 0.167969 0.520535 0.018750 0.024196
0 0.266536 0.592327 0.016927 0.020057
0 0.550000 0.529290 0.017188 0.021331
0 0.724740 0.911334 0.016667 0.020694
0 0.146224 0.543139 0.018490 0.024196
0 0.567448 0.646769 0.015104 0.020057
0 0.427344 0.836835 0.017708 0.022604
0 0.369661 0.595670 0.016927 0.017829
0 0.104297 0.588507 0.015885 0.018147
0 0.729818 0.650271 0.017448 0.020694
0 0.834635 0.559217 0.019271 0.023878
0 0.327214 0.663005 0.016406 0.021968
0 0.409766 0.641356 0.017969 0.021968
0 0.809635 0.138968 0.043750 0.055715
0 0.364453 0.881248 0.015885 0.021012
0 0.625000 0.817574 0.018229 0.022923
0 0.523698 0.929322 0.016667 0.020376
0 0.329427 0.570837 0.017708 0.022923
0 0.875391 0.536294 0.020052 0.023878
0 0.548568 0.600287 0.016927 0.019421
0 0.327474 0.639924 0.016406 0.020376
0 0.667188 0.839542 0.019271 0.025470
0 0.228385 0.543776 0.018229 0.024196
0 0.766797 0.934575 0.014844 0.021331
0 0.391536 0.549347 0.015365 0.027061
0 0.160547 0.922477 0.015885 0.019421
0 0.452734 0.550939 0.017448 0.021968
0 0.926432 0.936326 0.015885 0.019739
0 0.388021 0.833493 0.017188 0.023559
0 0.393099 0.525788 0.016927 0.021968
0 0.807943 0.842566 0.017448 0.024514
0 0.349089 0.594556 0.017448 0.021331
0 0.502474 0.905922 0.017448 0.021331
0 0.709896 0.671283 0.017708 0.020057
0 0.286198 0.615887 0.015625 0.020057
0 0.204167 0.786851 0.016146 0.025151
0 0.487370 0.666189 0.016927 0.020694
0 0.776042 0.535180 0.017708 0.022923
0 0.752083 0.582139 0.017188 0.023878
0 0.431380 0.596784 0.016927 0.020057
0 0.086979 0.401783 0.036979 0.045845
0 0.328516 0.593123 0.017448 0.018465
0 0.524089 0.836835 0.016406 0.021331
0 0.766667 0.911175 0.014583 0.019739
0 0.286719 0.592009 0.017708 0.018784
0 0.224740 0.831582 0.020313 0.024833
0 0.283594 0.661732 0.016667 0.018784
0 0.369792 0.616364 0.017188 0.021012
0 0.329297 0.546323 0.017969 0.019102
0 0.646094 0.908946 0.017708 0.020376
0 0.468490 0.791309 0.016667 0.024514
0 0.410417 0.596148 0.016146 0.018147
0 0.471615 0.574658 0.018750 0.023559
0 0.126432 0.518306 0.017969 0.022286
0 0.609375 0.579592 0.018750 0.022604
0 0.083724 0.610793 0.017448 0.021331
0 0.225781 0.637854 0.017188 0.019421
0 0.369271 0.640083 0.017188 0.020057
0 0.568750 0.599172 0.015104 0.016555
0 0.685677 0.955428 0.016667 0.021649
0 0.417969 0.409583 0.040104 0.048074
0 0.528776 0.574817 0.020052 0.024514
0 0.848047 0.798313 0.016927 0.021331
0 0.141927 0.681630 0.015104 0.017192
0 0.450781 0.597103 0.016667 0.020057
0 0.164062 0.637058 0.015625 0.020376
0 0.794010 0.581821 0.016146 0.023878
0 0.787500 0.912289 0.017188 0.021331
0 0.387891 0.812958 0.016406 0.019421
0 0.390234 0.641038 0.016406 0.022604
0 0.525781 0.667144 0.016146 0.020694
0 0.503776 0.837154 0.017448 0.022604
0 0.648698 0.648360 0.015625 0.021331
0 0.485417 0.815027 0.018750 0.021649
0 0.585938 0.413403 0.038542 0.041706
0 0.409896 0.664756 0.017188 0.021012
0 0.626563 0.670487 0.016146 0.020376
0 0.766927 0.887456 0.016146 0.021968
0 0.388802 0.790513 0.017188 0.024196
0 0.710938 0.605062 0.016667 0.019421
0 0.547917 0.645654 0.016146 0.018465
0 0.430859 0.641834 0.017969 0.021649
0 0.245964 0.637058 0.014844 0.020376
0 0.180729 0.923114 0.016146 0.019421
0 0.786849 0.864374 0.017969 0.020376
0 0.389453 0.665234 0.016406 0.020057
0 0.307161 0.638650 0.017448 0.021012
0 0.725260 0.933301 0.017188 0.021968
0 0.470833 0.598058 0.016146 0.018784
0 0.566146 0.836835 0.016667 0.020694
0 0.766276 0.958294 0.014844 0.021012
0 0.140365 0.921999 0.018750 0.019739
0 0.468880 0.666507 0.017969 0.021331
0 0.528125 0.598058 0.017188 0.018147
0 0.645052 0.954314 0.017708 0.023241
0 0.431120 0.664438 0.017969 0.021012
0 0.809375 0.185450 0.039583 0.042980
0 0.121484 0.829354 0.019010 0.021012
0 0.505078 0.792264 0.017969 0.024514
0 0.328516 0.616205 0.016406 0.020694
0 0.305469 0.686406 0.016667 0.021012
0 0.391797 0.596148 0.016406 0.021331
0 0.590365 0.601082 0.019271 0.018465
0 0.607682 0.623050 0.016406 0.021012
0 0.917057 0.560809 0.020573 0.022604
0 0.807031 0.865966 0.016146 0.020376
0 0.527604 0.620185 0.016667 0.021649
0 0.504427 0.861350 0.019271 0.021968
0 0.920312 0.238618 0.040104 0.053805
0 0.330078 0.523719 0.016406 0.023559
0 0.505990 0.665871 0.015104 0.018147
0 0.745833 0.911812 0.015104 0.021649
0 0.550130 0.552849 0.015365 0.021968
0 0.807813 0.913085 0.016146 0.022286
0 0.410156 0.617797 0.017708 0.021968
0 0.666536 0.886183 0.017969 0.022604
0 0.875000 0.559694 0.018229 0.022923
0 0.646094 0.863101 0.016667 0.019739
0 0.626042 0.795288 0.020313 0.025470
0 0.140755 0.899554 0.017448 0.021331
0 0.711979 0.534225 0.017188 0.022923
0 0.868099 0.797517 0.017969 0.023559
0 0.144531 0.635307 0.016146 0.020057
0 0.686589 0.909583 0.017448 0.020376
0 0.605990 0.691340 0.016146 0.017510
0 0.585677 0.816937 0.016667 0.020376
0 0.670182 0.603789 0.016406 0.020694
0 0.523698 0.951130 0.017188 0.019421
0 0.225911 0.659981 0.016927 0.021012
0 0.265234 0.638650 0.015885 0.019102
0 0.501823 0.929481 0.015104 0.020057
0 0.508203 0.550621 0.017969 0.019421
0 0.604688 0.794970 0.016667 0.026106
0 0.083594 0.588188 0.017708 0.023241
0 0.125651 0.541229 0.016406 0.019102
0 0.915625 0.585005 0.018750 0.023241
0 0.223958 0.684973 0.015104 0.020057
0 0.848047 0.820121 0.017969 0.021012
0 0.467448 0.814868 0.016667 0.021331
0 0.729557 0.671283 0.016406 0.019421
0 0.243750 0.810729 0.019792 0.023878
0 0.507552 0.597580 0.016667 0.018465
0 0.326953 0.810411 0.017448 0.021968
0 0.649089 0.624960 0.016406 0.021012
0 0.926302 0.912767 0.015625 0.020376
0 0.264844 0.661095 0.015625 0.020694
0 0.525000 0.689589 0.017188 0.017829
0 0.367318 0.788921 0.019010 0.023559
0 0.828516 0.843680 0.019010 0.022923
0 0.606120 0.669850 0.015885 0.021012
0 0.604036 0.953518 0.019010 0.021012
0 0.201693 0.902101 0.016927 0.020057
0 0.060286 0.803884 0.017448 0.019739
0 0.667057 0.932028 0.017969 0.020694
0 0.624089 0.954632 0.016927 0.021968
0 0.686458 0.865170 0.018750 0.020694
0 0.507031 0.620981 0.015625 0.020694
0 0.225130 0.787647 0.017969 0.024833
0 0.101953 0.807068 0.016406 0.022923
0 0.122396 0.658071 0.016146 0.019102
0 0.707552 0.795447 0.017708 0.022604
0 0.246484 0.615409 0.015365 0.019739
0 0.625000 0.908469 0.017708 0.021968
0 0.429036 0.687838 0.015885 0.021331
0 0.926693 0.867399 0.015365 0.019421
0 0.207161 0.590099 0.016927 0.019421
0 0.450000 0.665552 0.015104 0.018784
0 0.873307 0.651544 0.017969 0.018784
0 0.691276 0.581344 0.019531 0.024196
0 0.484375 0.836358 0.020313 0.023559
0 0.450521 0.642311 0.016667 0.020057
0 0.264714 0.832060 0.020573 0.026425
0 0.485807 0.792900 0.017448 0.023878
0 0.689063 0.693251 0.016146 0.020694
0 0.420964 0.319166 0.040365 0.040433
0 0.487109 0.689430 0.016927 0.022604
0 0.165234 0.612703 0.015885 0.020057
0 0.506901 0.644699 0.015885 0.021012
0 0.915104 0.606813 0.016667 0.019102
0 0.327083 0.787329 0.018750 0.024196
0 0.264323 0.684814 0.016146 0.017829
0 0.064323 0.564152 0.019271 0.024833
0 0.786979 0.935053 0.016146 0.019102
0 0.814063 0.535180 0.017188 0.023559
0 0.181510 0.899236 0.016667 0.020057
0 0.628646 0.624483 0.017188 0.020694
0 0.689844 0.670646 0.015625 0.020057
0 0.264974 0.616205 0.015365 0.022604
0 0.686328 0.933461 0.016406 0.019102
0 0.625521 0.692932 0.015625 0.019421
0 0.470313 0.643744 0.015625 0.021012
0 0.926562 0.889207 0.016667 0.023559
0 0.566927 0.690544 0.015625 0.019102
0 0.144661 0.613021 0.015885 0.022604
0 0.488281 0.643903 0.015104 0.019421
0 0.568229 0.622413 0.014583 0.021012
0 0.545182 0.930595 0.016927 0.021649
0 0.306510 0.663165 0.015625 0.019739
0 0.202344 0.876791 0.016146 0.022923
0 0.472396 0.527857 0.016667 0.021649
0 0.873698 0.672079 0.017708 0.019102
0 0.584505 0.908946 0.017448 0.019739
0 0.768880 0.795925 0.016927 0.018465
0 0.102344 0.784782 0.017188 0.019102
0 0.794271 0.605062 0.017188 0.022604
0 0.160547 0.899713 0.015885 0.020376
0 0.123177 0.784304 0.018229 0.020694
0 0.667057 0.863419 0.017448 0.019739
0 0.262891 0.856893 0.016406 0.021968
0 0.669401 0.670487 0.014844 0.020376
0 0.706250 0.910060 0.015625 0.019421
0 0.388411 0.858325 0.016927 0.022286
0 0.567187 0.668259 0.014583 0.019102
0 0.705990 0.934257 0.016146 0.018784
0 0.225781 0.613499 0.016146 0.019102
0 0.710677 0.649634 0.016667 0.020057
0 0.451042 0.618752 0.015625 0.019421
0 0.746354 0.956861 0.016146 0.018147
0 0.847526 0.865966 0.016406 0.017829
0 0.205078 0.637695 0.014323 0.021012
0 0.908073 0.867240 0.017708 0.019739
0 0.346484 0.857052 0.016927 0.020376
0 0.646224 0.931232 0.016927 0.021649
0 0.787240 0.886819 0.018229 0.023241
0 0.161589 0.830468 0.016927 0.022604
0 0.281771 0.904330 0.016146 0.022604
0 0.245312 0.684336 0.016146 0.016874
0 0.648568 0.670169 0.015885 0.021012
0 0.625000 0.862623 0.017708 0.020694
0 0.785677 0.958134 0.015625 0.020694
0 0.502865 0.882999 0.017188 0.020057
0 0.284505 0.787329 0.016927 0.020376
0 0.224089 0.854187 0.017448 0.021012
0 0.646354 0.886342 0.017188 0.020376
0 0.184245 0.659981 0.015365 0.020376
0 0.105729 0.565743 0.019792 0.026743
0 0.488411 0.620821 0.015885 0.021012
0 0.725651 0.887615 0.015885 0.020376
0 0.668880 0.693091 0.016927 0.019739
0 0.888021 0.934734 0.018229 0.021649
0 0.806510 0.957179 0.018229 0.020057
0 0.788281 0.843362 0.017708 0.025470
0 0.405729 0.882203 0.015104 0.018465
0 0.163281 0.785259 0.018750 0.022604
0 0.490755 0.527539 0.016927 0.021012
0 0.915625 0.537249 0.019271 0.022604
0 0.788672 0.797198 0.016406 0.024833
0 0.201953 0.853550 0.017448 0.019739
0 0.827474 0.936167 0.016927 0.018784
0 0.246094 0.660777 0.016146 0.021331
0 0.563932 0.907514 0.013802 0.017510
0 0.265234 0.787488 0.019010 0.022604
0 0.546224 0.861987 0.019531 0.022604
0 0.828776 0.821076 0.019010 0.023559
0 0.895312 0.628940 0.015104 0.020694
0 0.564714 0.929959 0.014844 0.020376
0 0.368750 0.686565 0.017708 0.020057
0 0.773958 0.651703 0.016146 0.017829
0 0.627083 0.646609 0.015104 0.021012
0 0.833203 0.671601 0.014844 0.019421
0 0.088932 0.354187 0.041406 0.040433
0 0.887240 0.820599 0.018750 0.020694
0 0.281380 0.926616 0.014844 0.020057
0 0.143490 0.657911 0.017188 0.021331
0 0.854557 0.559854 0.015365 0.022604
0 0.184245 0.636581 0.015885 0.020057
0 0.855208 0.535817 0.016667 0.019102
0 0.186719 0.520694 0.017188 0.022604
0 0.489193 0.574976 0.016927 0.024833
0 0.813151 0.627666 0.015365 0.020694
0 0.466927 0.928208 0.016146 0.018784
0 0.686589 0.886819 0.016406 0.020694
0 0.647135 0.793060 0.016667 0.023559
0 0.163281 0.658707 0.014583 0.017829
0 0.503255 0.952563 0.016406 0.019739
0 0.407943 0.812798 0.017969 0.019102
0 0.564063 0.952404 0.015625 0.020694
0 0.203906 0.660299 0.013542 0.021649
0 0.835547 0.535657 0.017969 0.020694
0 0.587891 0.623050 0.015365 0.020376
0 0.102474 0.657434 0.014323 0.018465
0 0.811849 0.671442 0.015885 0.019102
0 0.894401 0.653295 0.015365 0.017829
0 0.141536 0.829672 0.017448 0.022923
0 0.446484 0.928048 0.014844 0.019102
0 0.914062 0.652181 0.013542 0.018147
0 0.547396 0.690385 0.017188 0.017510
0 0.449219 0.688316 0.017708 0.020376
0 0.608464 0.601719 0.014844 0.016555
0 0.547266 0.667940 0.014844 0.017829
0 0.912891 0.673193 0.016406 0.021331
0 0.927604 0.797676 0.018229 0.025151
0 0.750521 0.672238 0.016146 0.020694
0 0.887760 0.957338 0.015625 0.020376
0 0.624740 0.930118 0.017708 0.020694
0 0.207552 0.520535 0.015625 0.021649
0 0.201823 0.923273 0.015625 0.021012
0 0.389323 0.686246 0.015625 0.018147
0 0.409766 0.686406 0.017448 0.019739
0 0.585938 0.691022 0.016146 0.019421
0 0.648698 0.692614 0.016146 0.018147
0 0.205599 0.612544 0.016406 0.023559
0 0.808594 0.796562 0.017188 0.023559
0 0.671615 0.625119 0.017708 0.019421
0 0.583594 0.930755 0.017708 0.022604
0 0.243229 0.858166 0.019792 0.028972
0 0.346875 0.684973 0.017188 0.019421
0 0.260807 0.926297 0.015365 0.018784
0 0.669922 0.647405 0.016406 0.021331
0 0.546224 0.883795 0.017448 0.020376
0 0.649740 0.602833 0.016667 0.016874
0 0.118750 0.945718 0.016146 0.020694
0 0.470313 0.620503 0.014063 0.020376
0 0.867839 0.935371 0.016406 0.021649
0 0.751302 0.648679 0.019271 0.021968
0 0.793620 0.650430 0.014323 0.020376
0 0.425651 0.906081 0.015365 0.021649
0 0.469922 0.688316 0.016927 0.019739
0 0.326302 0.685450 0.016146 0.016555
0 0.530208 0.411652 0.038021 0.030564
0 0.811589 0.651862 0.015365 0.019421
0 0.688151 0.816937 0.017969 0.017192
0 0.430990 0.617797 0.016667 0.018784
0 0.873828 0.607450 0.017969 0.022286
0 0.834505 0.582458 0.019531 0.021968
0 0.771875 0.672557 0.015625 0.019421
0 0.726302 0.863897 0.017708 0.018784
0 0.767448 0.979306 0.016146 0.021012
0 0.807161 0.934893 0.015885 0.018784
0 0.446354 0.906081 0.014583 0.019739
0 0.792578 0.627189 0.014844 0.019102
0 0.867448 0.866125 0.016146 0.018147
0 0.524219 0.883954 0.016146 0.020057
0 0.893620 0.671920 0.016406 0.019421
0 0.057682 0.895734 0.015365 0.020057
0 0.085807 0.517670 0.018490 0.023559
0 0.140885 0.853072 0.015104 0.020057
0 0.305469 0.901942 0.018229 0.023559
0 0.729167 0.692773 0.016667 0.017829
0 0.059896 0.825533 0.016667 0.022286
0 0.752734 0.535498 0.019531 0.024196
0 0.827995 0.913085 0.015365 0.019739
0 0.706250 0.888730 0.014583 0.018784
0 0.935547 0.512257 0.016927 0.026106
0 0.625521 0.885228 0.016146 0.021968
0 0.826953 0.958134 0.016406 0.018147
0 0.284245 0.685132 0.019010 0.018465
0 0.082943 0.632919 0.015885 0.021012
0 0.604688 0.931391 0.017708 0.021331
0 0.545182 0.906240 0.016927 0.022604
0 0.605078 0.907514 0.016927 0.020694
0 0.305469 0.879497 0.017188 0.020057
0 0.887240 0.844635 0.017188 0.022923
0 0.489193 0.597262 0.014844 0.018465
0 0.833073 0.606495 0.015104 0.019102
0 0.386198 0.925501 0.016667 0.021012
0 0.223698 0.707896 0.016146 0.017510
0 0.282422 0.880134 0.017448 0.018784
0 0.345313 0.882521 0.016667 0.021012
0 0.847005 0.934416 0.015365 0.019739
0 0.814193 0.604744 0.016406 0.019421
0 0.323828 0.926775 0.017969 0.022286
0 0.730599 0.603948 0.017448 0.021649
0 0.185938 0.612225 0.017188 0.020376
0 0.689323 0.715855 0.016146 0.017510
0 0.143099 0.784941 0.016927 0.023241
0 0.908203 0.889048 0.015885 0.020694
0 0.203385 0.683699 0.013021 0.020057
0 0.160547 0.945718 0.016927 0.019421
0 0.283203 0.831901 0.016406 0.024833
0 0.505339 0.689430 0.014844 0.019421
0 0.689974 0.647883 0.014844 0.019739
0 0.893099 0.605540 0.020573 0.020376
0 0.104427 0.614772 0.016667 0.022923
0 0.705729 0.955428 0.016667 0.020376
0 0.710417 0.625279 0.015104 0.019102
0 0.121875 0.636103 0.016667 0.019739
0 0.586328 0.793537 0.018490 0.024514
0 0.811979 0.693251 0.016146 0.019421
0 0.485026 0.929959 0.017969 0.021649
0 0.892969 0.695638 0.016146 0.019102
0 0.912240 0.694683 0.018229 0.019739
0 0.936589 0.562401 0.015885 0.023878
0 0.139193 0.946355 0.015885 0.016874
0 0.833333 0.628621 0.016667 0.019421
0 0.483724 0.951767 0.017969 0.020694
0 0.667318 0.796084 0.015885 0.023878
0 0.867578 0.842566 0.019531 0.025788
0 0.181510 0.877109 0.015625 0.020376
0 0.405339 0.927412 0.015885 0.017829
0 0.873307 0.628621 0.015365 0.018784
0 0.523698 0.906558 0.015625 0.018784
0 0.706641 0.864693 0.016406 0.021012
0 0.305859 0.708691 0.015365 0.016555
0 0.120964 0.874403 0.015885 0.018784
0 0.867969 0.957657 0.017708 0.019739
0 0.690104 0.625915 0.015104 0.020376
0 0.426563 0.857689 0.017188 0.017192
0 0.624349 0.978510 0.016927 0.018784
0 0.403255 0.950653 0.016406 0.022923
0 0.832031 0.692455 0.015625 0.019102
0 0.586198 0.670328 0.014583 0.017510
0 0.887630 0.888889 0.016406 0.019102
0 0.302865 0.927093 0.015625 0.018465
0 0.063672 0.587233 0.015885 0.018147
0 0.428906 0.711238 0.015625 0.015918
0 0.847266 0.913403 0.014844 0.017192
0 0.846094 0.889048 0.016667 0.021968
0 0.325260 0.881566 0.015104 0.019102
0 0.523958 0.861509 0.016146 0.020376
0 0.426563 0.928048 0.015625 0.020376
0 0.586849 0.646132 0.013802 0.019421
0 0.750391 0.695798 0.015365 0.019421
0 0.222786 0.878383 0.016406 0.020376
0 0.120313 0.900191 0.018229 0.021968
0 0.751693 0.628462 0.016406 0.017829
0 0.825521 0.864056 0.018229 0.017829
0 0.161458 0.854187 0.016146 0.020376
0 0.695964 0.226998 0.039323 0.047119
0 0.202995 0.706781 0.014323 0.016555
0 0.123307 0.806272 0.019010 0.023241
0 0.646094 0.979624 0.017188 0.019102
0 0.689974 0.604585 0.015885 0.017829
0 0.106510 0.518306 0.018229 0.024833
0 0.908984 0.913403 0.014844 0.019102
0 0.868099 0.912926 0.016927 0.022604
0 0.162240 0.681789 0.015104 0.018147
0 0.407813 0.858962 0.018229 0.022286
0 0.183333 0.683063 0.014583 0.018147
0 0.914453 0.629736 0.014323 0.019739
0 0.774089 0.602833 0.016406 0.021331
0 0.790495 0.695161 0.014844 0.020057
0 0.446875 0.859121 0.016146 0.019421
0 0.729427 0.626074 0.014583 0.016874
0 0.564844 0.861509 0.015104 0.020376
0 0.262630 0.879338 0.014844 0.017192
0 0.101953 0.679242 0.015365 0.017510
0 0.907682 0.934257 0.014844 0.019421
0 0.140625 0.876154 0.015104 0.016555
0 0.242708 0.924706 0.013542 0.016874
0 0.855208 0.512098 0.018229 0.027061
0 0.748568 0.796243 0.018490 0.023559
0 0.866797 0.888571 0.017448 0.023559
0 0.847656 0.956702 0.017708 0.019102
0 0.926432 0.958134 0.016406 0.016874
0 0.807943 0.888571 0.014323 0.017829
0 0.628125 0.601242 0.016667 0.020694
0 0.081380 0.782553 0.016406 0.019739
0 0.060547 0.657434 0.018490 0.022923
0 0.405729 0.904807 0.016146 0.019739
0 0.280859 0.858007 0.020573 0.024833
0 0.223958 0.924228 0.018229 0.019739
0 0.059115 0.873448 0.015625 0.018784
0 0.060026 0.783031 0.016927 0.021968
0 0.888151 0.911493 0.015885 0.021012
0 0.119531 0.921840 0.016667 0.020057
0 0.123438 0.611589 0.014583 0.019102
0 0.079818 0.851003 0.016927 0.018465
0 0.710417 0.692614 0.016146 0.018784
0 0.887370 0.867717 0.015885 0.019421
0 0.791536 0.671124 0.016406 0.021649
0 0.908203 0.957816 0.013802 0.018147
0 0.786589 0.980420 0.016927 0.019421
0 0.341797 0.904967 0.019010 0.021968
0 0.471224 0.906399 0.018490 0.020376
0 0.686198 0.979624 0.017188 0.019739
0 0.181901 0.853391 0.017448 0.020057
0 0.201172 0.946832 0.015365 0.019102
0 0.751172 0.604107 0.015885 0.020057
0 0.103646 0.636103 0.015104 0.019102
0 0.833984 0.651703 0.017969 0.020376
0 0.183333 0.944763 0.019792 0.020694
0 0.222005 0.901146 0.017969 0.024514
0 0.077734 0.876472 0.016406 0.022286
0 0.261979 0.903852 0.015625 0.021649
0 0.872396 0.692932 0.016146 0.020057
0 0.121745 0.682744 0.015885 0.020057
0 0.162109 0.876313 0.017448 0.020057
0 0.564453 0.884432 0.015365 0.020376
0 0.363932 0.902897 0.019010 0.020376
0 0.483464 0.906399 0.016406 0.021012
0 0.467187 0.951926 0.016146 0.019102
0 0.082292 0.655524 0.016667 0.021012
0 0.725260 0.955747 0.016667 0.019739
0 0.201823 0.828558 0.019271 0.025788
0 0.363932 0.924228 0.016406 0.019739
0 0.773958 0.623209 0.014583 0.019421
0 0.935807 0.537886 0.015365 0.015600
0 0.120703 0.853709 0.018490 0.021331
0 0.324609 0.904330 0.015885 0.021968
0 0.182161 0.829513 0.018490 0.023878
0 0.467318 0.836995 0.016406 0.022286
0 0.445833 0.952085 0.016667 0.016874
0 0.773307 0.692932 0.013802 0.018784
0 0.894661 0.583254 0.020573 0.022286
0 0.626042 0.713945 0.013542 0.018784
0 0.081250 0.679242 0.015625 0.015600
0 0.057031 0.944922 0.014583 0.016555
0 0.427734 0.879815 0.017969 0.022604
0 0.603255 0.863738 0.020052 0.024196
0 0.326172 0.856893 0.015885 0.020694
0 0.906641 0.822350 0.017448 0.021012
0 0.103125 0.759631 0.021354 0.030564
0 0.543620 0.978032 0.016927 0.021012
0 0.483203 0.858325 0.020052 0.021649
0 0.407161 0.792582 0.017448 0.023241
0 0.077734 0.898440 0.015885 0.021649
0 0.896484 0.536294 0.017969 0.025151
0 0.280599 0.946514 0.019010 0.019102
0 0.304167 0.857211 0.018750 0.023878
0 0.583724 0.861987 0.017969 0.018784
0 0.830078 0.797517 0.016406 0.021012
0 0.583594 0.882840 0.018750 0.024196
0 0.243099 0.881407 0.015885 0.018147
0 0.888411 0.980420 0.016406 0.018784
0 0.368229 0.948106 0.019792 0.023559
0 0.605729 0.885546 0.015625 0.018784
0 0.895833 0.560331 0.016146 0.014008
0 0.483333 0.978032 0.017708 0.019102
0 0.827474 0.888730 0.016927 0.023241
0 0.484505 0.882999 0.013802 0.023241
0 0.221354 0.947151 0.014063 0.017829
0 0.060417 0.847819 0.014583 0.021649
0 0.057161 0.921203 0.016406 0.023878
0 0.445964 0.881089 0.016406 0.021968
0 0.886849 0.798790 0.014844 0.021649
0 0.063281 0.608883 0.015104 0.021331
0 0.344010 0.927730 0.015625 0.020376
0 0.486849 0.712830 0.014844 0.015282
0 0.425651 0.951289 0.014323 0.014645
0 0.469792 0.881407 0.016667 0.020694
0 0.243359 0.905285 0.014844 0.015600
0 0.065495 0.516714 0.018490 0.024196
0 0.467187 0.858962 0.015104 0.019102
0 0.261068 0.946673 0.014323 0.018147
0 0.201823 0.975804 0.013542 0.017829
0 0.062760 0.631964 0.017188 0.022286
0 0.060156 0.677969 0.019271 0.021331
0 0.076302 0.922159 0.018229 0.021331
0 0.075391 0.944922 0.014844 0.017829
0 0.120052 0.977714 0.011979 0.015918
0 0.242839 0.948742 0.016406 0.019102
0 0.300521 0.950812 0.015625 0.016874
0 0.324479 0.950812 0.014583 0.014963
0 0.344792 0.950653 0.015625 0.019102
0 0.386068 0.951289 0.014844 0.014008
0 0.405729 0.976281 0.015625 0.014963
