0 0.833155 0.095355 0.333689 0.185789
0 0.826482 0.292679 0.320342 0.204552
0 0.843300 0.497847 0.313401 0.207628
0 0.836092 0.707936 0.327816 0.210089
0 0.819808 0.905414 0.311265 0.189173
0 0.509076 0.097970 0.303791 0.195325
0 0.499733 0.292679 0.300053 0.194094
0 0.498131 0.505383 0.307528 0.222701
0 0.505339 0.714857 0.326215 0.200554
0 0.505339 0.905414 0.314469 0.189173
0 0.197010 0.094740 0.335291 0.188865
0 0.179658 0.291603 0.311265 0.204860
0 0.182328 0.498770 0.309130 0.205783
0 0.179658 0.701476 0.311265 0.192864
0 0.174853 0.897724 0.305926 0.201476
