0 0.794084 0.270397 0.269142 0.119639
0 0.818735 0.423734 0.273202 0.120606
0 0.812645 0.587069 0.280742 0.112544
0 0.802494 0.736375 0.252320 0.128023
0 0.810035 0.901161 0.279002 0.135118
0 0.520012 0.101741 0.270882 0.117704
0 0.504060 0.264592 0.262181 0.139632
0 0.494780 0.426959 0.258701 0.110287
0 0.510441 0.571429 0.290023 0.108352
0 0.506381 0.743309 0.265661 0.118671
0 0.504060 0.897614 0.280742 0.128023
0 0.205916 0.107062 0.241299 0.117381
0 0.194606 0.255240 0.230278 0.126733
0 0.198086 0.426959 0.252320 0.139310
0 0.214037 0.590293 0.232019 0.114479
0 0.199246 0.744115 0.258121 0.126733
0 0.187935 0.898097 0.272622 0.118671
