0 0.502299 0.782595 0.021303 0.030155
0 0.579955 0.450200 0.023649 0.032533
0 0.456456 0.482733 0.024399 0.028028
0 0.816019 0.100100 0.025432 0.031532
0 0.333146 0.416104 0.021396 0.029154
0 0.527262 0.845783 0.023367 0.025400
0 0.633915 0.138013 0.022523 0.031281
0 0.431212 0.583396 0.023273 0.028904
0 0.456738 0.174362 0.021396 0.032407
0 0.578970 0.549675 0.022053 0.031281
0 0.578594 0.517017 0.022616 0.030531
0 0.733202 0.448761 0.021772 0.028904
0 0.455940 0.210148 0.022053 0.031156
0 0.578688 0.483734 0.022992 0.025275
0 0.407048 0.346409 0.020176 0.028403
0 0.455283 0.551364 0.024118 0.031406
0 0.526464 0.879442 0.022523 0.030405
0 0.407048 0.583208 0.020552 0.027528
0 0.456503 0.313438 0.023367 0.033784
0 0.602102 0.781281 0.019707 0.030531
0 0.608014 0.242430 0.020646 0.029655
0 0.552740 0.780405 0.020458 0.027027
0 0.529795 0.480981 0.023555 0.029029
0 0.557761 0.137450 0.021303 0.029404
0 0.601774 0.715028 0.022241 0.028904
0 0.733577 0.414602 0.022710 0.028403
0 0.382554 0.176364 0.023555 0.032407
0 0.527496 0.616304 0.022523 0.029154
0 0.406250 0.483796 0.021209 0.028153
0 0.683699 0.174675 0.022616 0.027778
0 0.455471 0.517455 0.025995 0.029154
0 0.762622 0.101727 0.020927 0.030280
0 0.707395 0.414227 0.021021 0.027653
0 0.580706 0.312750 0.024024 0.028153
0 0.433089 0.173361 0.023461 0.029154
0 0.654092 0.549112 0.022147 0.027903
0 0.334037 0.312437 0.023742 0.028028
0 0.333099 0.380255 0.020552 0.031532
0 0.527778 0.814565 0.021772 0.028779
0 0.307386 0.484547 0.023930 0.030155
0 0.527684 0.549987 0.022147 0.027903
0 0.533408 0.139577 0.021209 0.028654
0 0.580565 0.380881 0.022804 0.029530
0 0.283596 0.415666 0.021209 0.027277
0 0.583849 0.138701 0.023930 0.027653
0 0.553350 0.747873 0.023179 0.030030
0 0.332301 0.482232 0.020270 0.029029
0 0.608390 0.174362 0.021772 0.027402
0 0.527919 0.782533 0.022992 0.030280
0 0.382461 0.313188 0.020552 0.027778
0 0.630724 0.415666 0.019707 0.028278
0 0.627815 0.649837 0.020270 0.027152
0 0.734797 0.278841 0.021396 0.031156
0 0.502768 0.747998 0.021303 0.026777
0 0.433512 0.138514 0.023930 0.032282
0 0.709835 0.244307 0.021959 0.028403
0 0.384619 0.139327 0.023367 0.031657
0 0.430227 0.915791 0.019801 0.030030
0 0.382367 0.244244 0.021678 0.029780
0 0.456456 0.649087 0.021584 0.029154
0 0.432151 0.242805 0.020833 0.027903
0 0.508071 0.137763 0.025526 0.029530
0 0.630396 0.483421 0.022616 0.028904
0 0.358202 0.176051 0.019895 0.028779
0 0.430743 0.549800 0.022523 0.029279
0 0.306400 0.715403 0.022710 0.028904
0 0.527590 0.747560 0.022335 0.031406
0 0.357967 0.380881 0.021866 0.028529
0 0.481841 0.208458 0.019050 0.031532
0 0.503003 0.549737 0.021396 0.030155
0 0.455846 0.242930 0.021303 0.027653
0 0.682620 0.378566 0.021584 0.029404
0 0.334225 0.102352 0.025244 0.030280
0 0.283878 0.383258 0.021959 0.029279
0 0.531672 0.175551 0.024493 0.028779
0 0.382789 0.278591 0.024775 0.030656
0 0.502440 0.682620 0.021021 0.025400
0 0.406860 0.749937 0.022429 0.028403
0 0.762059 0.275776 0.025619 0.034034
0 0.504645 0.480230 0.024306 0.030280
0 0.652496 0.747623 0.020270 0.029029
0 0.233390 0.140766 0.024587 0.031281
0 0.761730 0.241929 0.022898 0.029404
0 0.528482 0.516704 0.020364 0.029154
0 0.654185 0.517142 0.020646 0.028278
0 0.479917 0.583896 0.023086 0.030906
0 0.357686 0.415666 0.021303 0.032783
0 0.557761 0.174112 0.021490 0.029655
0 0.358343 0.448886 0.021866 0.025150
0 0.502862 0.648961 0.020176 0.024900
0 0.554758 0.482045 0.020176 0.029655
0 0.307808 0.450075 0.021584 0.029029
0 0.455518 0.448824 0.022147 0.027277
0 0.656391 0.381819 0.017736 0.029655
0 0.406860 0.716029 0.021115 0.025400
0 0.431541 0.346534 0.023367 0.025901
0 0.705283 0.581832 0.020927 0.027528
0 0.530218 0.448636 0.021584 0.028153
0 0.505818 0.208959 0.021584 0.028779
0 0.407188 0.414915 0.020270 0.028779
0 0.456269 0.277965 0.024587 0.030906
0 0.333099 0.448511 0.023555 0.028904
0 0.527965 0.583021 0.020270 0.031406
0 0.432949 0.103103 0.022429 0.028529
0 0.407423 0.173986 0.018675 0.029154
0 0.709272 0.346534 0.022147 0.029905
0 0.503285 0.515828 0.019895 0.026902
0 0.308089 0.313751 0.023649 0.028654
0 0.306776 0.683684 0.023649 0.031031
0 0.307855 0.416229 0.020364 0.025651
0 0.309028 0.383008 0.022710 0.030531
0 0.603791 0.549862 0.021021 0.027152
0 0.555462 0.313126 0.021959 0.029154
0 0.333052 0.277590 0.023086 0.031907
0 0.478744 0.847347 0.018487 0.030280
0 0.601774 0.747435 0.019613 0.028403
0 0.407235 0.551301 0.021678 0.031281
0 0.333146 0.516079 0.021959 0.027152
0 0.554946 0.416354 0.022053 0.029404
0 0.659488 0.138639 0.021678 0.028779
0 0.581410 0.242305 0.023179 0.028153
0 0.608577 0.103041 0.020646 0.029905
0 0.604448 0.447760 0.020458 0.029404
0 0.281860 0.681056 0.022241 0.028028
0 0.733577 0.381319 0.020833 0.031657
0 0.283831 0.209897 0.021490 0.031406
0 0.454908 0.582520 0.022053 0.027152
0 0.600929 0.681244 0.022053 0.029154
0 0.527965 0.650088 0.021584 0.030656
0 0.505021 0.311624 0.022053 0.029905
0 0.234516 0.210148 0.022710 0.028153
0 0.654232 0.616241 0.021490 0.030030
0 0.334319 0.243681 0.022429 0.030155
0 0.479542 0.517518 0.018393 0.030531
0 0.607029 0.277903 0.023930 0.033033
0 0.406344 0.783596 0.021209 0.027152
0 0.478932 0.749312 0.022053 0.029655
0 0.736674 0.101852 0.019707 0.031782
0 0.258727 0.618243 0.021772 0.031532
0 0.632883 0.174862 0.019707 0.030906
0 0.307714 0.347222 0.020270 0.028779
0 0.235501 0.382320 0.022241 0.029154
0 0.708146 0.447510 0.020646 0.028153
0 0.358906 0.140390 0.022241 0.031031
0 0.357170 0.553178 0.022898 0.029780
0 0.736205 0.172235 0.022147 0.028904
0 0.787538 0.138514 0.022147 0.028278
0 0.332723 0.648524 0.024681 0.028529
0 0.454204 0.748373 0.021209 0.026527
0 0.584037 0.102603 0.023742 0.029780
0 0.382742 0.209835 0.023742 0.029029
0 0.284112 0.349412 0.022053 0.028654
0 0.455846 0.680743 0.022241 0.028654
0 0.657986 0.242180 0.023367 0.029655
0 0.601633 0.915978 0.019895 0.026401
0 0.532048 0.242618 0.020364 0.026026
0 0.577515 0.714089 0.020833 0.025025
0 0.234234 0.278966 0.022147 0.028654
0 0.576389 0.880380 0.020833 0.032282
0 0.731231 0.615303 0.019895 0.026151
0 0.708521 0.312312 0.023461 0.031281
0 0.552646 0.582770 0.023836 0.029404
0 0.502065 0.915478 0.021584 0.025651
0 0.710539 0.172860 0.022992 0.029404
0 0.408361 0.312688 0.021115 0.029029
0 0.630490 0.448699 0.024681 0.031782
0 0.507977 0.101602 0.021209 0.026026
0 0.708005 0.378504 0.020364 0.028529
0 0.578923 0.582395 0.020646 0.028904
0 0.502581 0.815003 0.019801 0.027402
0 0.480950 0.381069 0.021772 0.030405
0 0.505396 0.346284 0.023930 0.028153
0 0.659065 0.210148 0.022147 0.029404
0 0.815644 0.137012 0.023555 0.027277
0 0.482170 0.174299 0.020458 0.028278
0 0.551755 0.845345 0.019613 0.027778
0 0.457864 0.136324 0.020833 0.027402
0 0.406438 0.650776 0.021584 0.030280
0 0.760088 0.345033 0.021678 0.031156
0 0.357780 0.684810 0.021490 0.029530
0 0.283549 0.483609 0.020552 0.029530
0 0.454157 0.879004 0.022992 0.026527
0 0.478275 0.916604 0.018487 0.029404
0 0.708005 0.482170 0.020176 0.028904
0 0.711008 0.137763 0.024118 0.030280
0 0.634103 0.102853 0.022523 0.026276
0 0.479448 0.550738 0.021396 0.029655
0 0.358765 0.347097 0.021772 0.028278
0 0.554664 0.448011 0.022992 0.029655
0 0.655593 0.414039 0.020646 0.026527
0 0.332723 0.749875 0.022429 0.029029
0 0.761730 0.207958 0.023461 0.025275
0 0.233437 0.618181 0.024306 0.028904
0 0.603369 0.648148 0.019613 0.025025
0 0.259525 0.417355 0.022053 0.025651
0 0.526652 0.915353 0.020833 0.024900
0 0.629833 0.515766 0.020927 0.028278
0 0.605715 0.379755 0.023179 0.026527
0 0.307151 0.915728 0.021021 0.026401
0 0.305086 0.782595 0.021584 0.030656
0 0.357827 0.517267 0.022523 0.027778
0 0.681963 0.480355 0.022523 0.028779
0 0.684825 0.140203 0.024306 0.030155
0 0.284159 0.242618 0.021772 0.026026
0 0.762106 0.138388 0.024962 0.030531
0 0.333333 0.816316 0.022335 0.027027
0 0.683230 0.243431 0.020927 0.028654
0 0.705002 0.616992 0.020552 0.027528
0 0.306822 0.650651 0.022053 0.025526
0 0.505161 0.380443 0.022335 0.030405
0 0.381944 0.346722 0.023086 0.027277
0 0.455049 0.414164 0.021021 0.029279
0 0.258211 0.783784 0.020739 0.028028
0 0.501830 0.714777 0.020176 0.025651
0 0.506522 0.173048 0.022616 0.028529
0 0.710726 0.210085 0.020927 0.031281
0 0.580612 0.278341 0.024212 0.035160
0 0.357310 0.750501 0.021866 0.028028
0 0.528435 0.715716 0.021396 0.029029
0 0.681400 0.448511 0.020646 0.027653
0 0.554101 0.649274 0.020739 0.028028
0 0.283033 0.618243 0.021584 0.029029
0 0.631194 0.279154 0.021959 0.030280
0 0.553913 0.683496 0.021115 0.027402
0 0.308371 0.551802 0.021772 0.029530
0 0.532235 0.102603 0.020176 0.027528
0 0.480621 0.415228 0.021866 0.026401
0 0.284112 0.104855 0.021678 0.027778
0 0.407235 0.102165 0.020176 0.026902
0 0.503988 0.616429 0.021678 0.026652
0 0.502111 0.846221 0.020739 0.027027
0 0.307386 0.175863 0.021303 0.029154
0 0.703735 0.813376 0.021209 0.028654
0 0.631804 0.312750 0.020739 0.024900
0 0.576764 0.845033 0.023273 0.029655
0 0.333896 0.139014 0.020833 0.029279
0 0.581832 0.210711 0.018956 0.029029
0 0.627065 0.878003 0.022335 0.025776
0 0.332113 0.683684 0.020646 0.030030
0 0.734375 0.345721 0.021115 0.027778
0 0.332911 0.346221 0.021490 0.029780
0 0.234703 0.313313 0.021959 0.030531
0 0.282752 0.553616 0.022523 0.026902
0 0.307949 0.280093 0.020176 0.033158
0 0.307667 0.138764 0.022804 0.027277
0 0.812172 0.344094 0.022992 0.026777
0 0.358343 0.279404 0.020927 0.027528
0 0.283737 0.175551 0.022616 0.028529
0 0.553866 0.616241 0.021959 0.026527
0 0.603932 0.582395 0.019613 0.031406
0 0.455283 0.615428 0.020364 0.026151
0 0.482498 0.099224 0.023555 0.029530
0 0.552553 0.916667 0.021772 0.026276
0 0.658831 0.175050 0.020739 0.032533
0 0.358530 0.617618 0.023179 0.028529
0 0.233812 0.717342 0.020364 0.028779
0 0.577468 0.683559 0.019050 0.030781
0 0.734938 0.311937 0.021303 0.028779
0 0.629176 0.616179 0.024306 0.028403
0 0.579533 0.414477 0.022992 0.027402
0 0.357029 0.716967 0.022992 0.028779
0 0.282470 0.715653 0.018956 0.028153
0 0.333615 0.175113 0.019895 0.032658
0 0.557339 0.242743 0.020833 0.026527
0 0.258071 0.717030 0.022523 0.031406
0 0.760276 0.309747 0.018487 0.027152
0 0.629598 0.548861 0.021021 0.026151
0 0.557949 0.210023 0.019426 0.030656
0 0.358108 0.244307 0.021209 0.029404
0 0.736862 0.136824 0.022710 0.028153
0 0.578641 0.648586 0.019707 0.032407
0 0.504645 0.414977 0.020364 0.027152
0 0.604777 0.415103 0.022053 0.027653
0 0.305556 0.749062 0.019895 0.028153
0 0.356982 0.817005 0.021209 0.025651
0 0.233530 0.176051 0.022241 0.032783
0 0.359703 0.102853 0.021584 0.026026
0 0.455330 0.846534 0.022147 0.029154
0 0.604073 0.480480 0.020646 0.027778
0 0.282517 0.584522 0.022429 0.028153
0 0.307808 0.847785 0.022147 0.027402
0 0.258399 0.585398 0.021866 0.027152
0 0.258587 0.553178 0.020927 0.031281
0 0.600835 0.846284 0.019426 0.030155
0 0.282282 0.650400 0.021772 0.025526
0 0.580800 0.345971 0.017830 0.030531
0 0.257648 0.750250 0.020927 0.028779
0 0.407564 0.137200 0.020458 0.026902
0 0.711336 0.100788 0.023086 0.027152
0 0.685998 0.104542 0.021772 0.031156
0 0.682104 0.344970 0.020364 0.028028
0 0.683793 0.209960 0.020927 0.028529
0 0.455377 0.380005 0.022992 0.030030
0 0.788758 0.098849 0.024212 0.030030
0 0.308042 0.104479 0.022992 0.029029
0 0.506851 0.276652 0.022710 0.027778
0 0.357451 0.480981 0.022523 0.026777
0 0.233530 0.649900 0.022616 0.030280
0 0.805227 0.912287 0.022429 0.032282
0 0.478697 0.715340 0.019144 0.027277
0 0.527215 0.684309 0.021209 0.029530
0 0.307808 0.519394 0.020458 0.028779
0 0.233718 0.483546 0.023555 0.028904
0 0.307620 0.584084 0.021772 0.026026
0 0.479870 0.482045 0.019801 0.026401
0 0.503707 0.582270 0.022241 0.028403
0 0.555931 0.379442 0.022335 0.029905
0 0.407235 0.617367 0.022429 0.028529
0 0.430556 0.616617 0.020833 0.024525
0 0.683371 0.311374 0.021021 0.026902
0 0.601774 0.815065 0.019426 0.028529
0 0.283033 0.518769 0.020270 0.030280
0 0.813861 0.242805 0.022053 0.028904
0 0.731090 0.580393 0.020176 0.026401
0 0.481325 0.138639 0.020270 0.029029
0 0.813673 0.207395 0.020739 0.028654
0 0.481466 0.242430 0.018300 0.027402
0 0.479354 0.814815 0.019144 0.029279
0 0.604026 0.616804 0.022053 0.028153
0 0.508071 0.240240 0.024587 0.030030
0 0.480434 0.312563 0.022053 0.032032
0 0.654983 0.480418 0.020927 0.027152
0 0.283080 0.748936 0.018863 0.024149
0 0.702750 0.844845 0.022241 0.028278
0 0.632038 0.380568 0.023649 0.025901
0 0.761496 0.172735 0.024306 0.028153
0 0.502768 0.880193 0.021678 0.024149
0 0.333146 0.849662 0.022523 0.026151
0 0.811421 0.378941 0.020552 0.029655
0 0.530734 0.380380 0.022804 0.028028
0 0.628285 0.748686 0.019707 0.031657
0 0.282752 0.278966 0.020083 0.025901
0 0.258634 0.243619 0.020270 0.025776
0 0.431541 0.312750 0.020552 0.028654
0 0.407845 0.209459 0.021209 0.026276
0 0.733765 0.480355 0.019520 0.027027
0 0.582911 0.173799 0.023179 0.025526
0 0.281672 0.848786 0.018863 0.024399
0 0.332442 0.782595 0.021115 0.026652
0 0.429429 0.749937 0.019895 0.030906
0 0.708896 0.278529 0.021396 0.029780
0 0.807667 0.714464 0.020927 0.026026
0 0.531532 0.347222 0.021396 0.025526
0 0.332160 0.583083 0.019613 0.030030
0 0.560295 0.100475 0.022616 0.027528
0 0.656954 0.311874 0.021866 0.027653
0 0.660004 0.102040 0.023836 0.029154
0 0.234328 0.244119 0.021959 0.026026
0 0.358718 0.650963 0.023179 0.032658
0 0.259337 0.209897 0.020927 0.027903
0 0.258821 0.649775 0.020646 0.028529
0 0.576483 0.917855 0.021584 0.028153
0 0.577046 0.745746 0.020458 0.028529
0 0.406203 0.683746 0.021115 0.029404
0 0.282188 0.818694 0.021959 0.028779
0 0.356231 0.785473 0.020270 0.029154
0 0.406954 0.516767 0.018300 0.023524
0 0.333943 0.209960 0.022053 0.028028
0 0.656156 0.347222 0.020833 0.029279
0 0.259854 0.105793 0.022147 0.028654
0 0.456550 0.104229 0.019895 0.026026
0 0.653904 0.648899 0.022335 0.029530
0 0.814611 0.172360 0.023555 0.029905
0 0.283174 0.916542 0.022053 0.026276
0 0.556025 0.346221 0.023273 0.030030
0 0.358577 0.312875 0.021021 0.026652
0 0.607357 0.208771 0.022523 0.028654
0 0.332723 0.882945 0.021678 0.026902
0 0.706691 0.513889 0.021115 0.020771
0 0.627299 0.812688 0.020364 0.026276
0 0.259009 0.315503 0.021772 0.025651
0 0.732545 0.514765 0.018393 0.030280
0 0.233061 0.552803 0.022053 0.028028
0 0.604214 0.516329 0.020176 0.028904
0 0.357920 0.916917 0.019895 0.027778
0 0.553819 0.548861 0.019989 0.026151
0 0.306729 0.617868 0.019801 0.026276
0 0.257461 0.917543 0.020364 0.024775
0 0.655265 0.448323 0.019801 0.029530
0 0.257789 0.817505 0.019520 0.027152
0 0.578876 0.614990 0.020927 0.027277
0 0.383164 0.100851 0.022523 0.027277
0 0.653388 0.713714 0.019426 0.026276
0 0.455236 0.912475 0.022710 0.027402
0 0.555743 0.277402 0.018956 0.029279
0 0.658080 0.278591 0.021490 0.027903
0 0.479120 0.446134 0.021678 0.027152
0 0.480480 0.277465 0.022335 0.027402
0 0.812265 0.446071 0.024681 0.029029
0 0.429289 0.447573 0.021303 0.030280
0 0.577233 0.781969 0.021209 0.030155
0 0.477900 0.781907 0.020739 0.028028
0 0.430133 0.682995 0.021678 0.025901
0 0.531391 0.312125 0.019801 0.025651
0 0.577468 0.813564 0.021115 0.026527
0 0.605668 0.314627 0.021021 0.027402
0 0.357123 0.885135 0.021303 0.028028
0 0.531532 0.276839 0.018956 0.028403
0 0.407705 0.278278 0.019613 0.031782
0 0.232686 0.682808 0.023555 0.027528
0 0.358765 0.210085 0.021959 0.025776
0 0.307245 0.880380 0.022898 0.026777
0 0.333521 0.716029 0.022523 0.030906
0 0.283408 0.139515 0.020646 0.029780
0 0.532048 0.209397 0.023367 0.030155
0 0.429336 0.517205 0.020270 0.029154
0 0.455096 0.816629 0.021866 0.024900
0 0.234140 0.585711 0.021772 0.030781
0 0.628941 0.714777 0.021959 0.026652
0 0.405218 0.879630 0.023086 0.027027
0 0.813767 0.277277 0.024118 0.026026
0 0.258305 0.683809 0.020927 0.026777
0 0.810107 0.514952 0.022804 0.027152
0 0.309544 0.243994 0.021866 0.027528
0 0.258774 0.176364 0.022616 0.028403
0 0.704955 0.650150 0.018769 0.028529
0 0.284300 0.313876 0.022616 0.029404
0 0.282188 0.882195 0.021959 0.027152
0 0.259291 0.484547 0.022335 0.027653
0 0.735642 0.208333 0.019520 0.024525
0 0.653529 0.680618 0.020646 0.025651
0 0.735267 0.243493 0.019144 0.024274
0 0.704157 0.779717 0.020552 0.027653
0 0.608249 0.138451 0.020927 0.026902
0 0.429805 0.879630 0.019895 0.029279
0 0.633352 0.210085 0.019895 0.027277
0 0.308136 0.210961 0.021678 0.025776
0 0.479073 0.616179 0.019707 0.029655
0 0.553866 0.516016 0.021209 0.026777
0 0.806729 0.745120 0.021115 0.028278
0 0.552271 0.814252 0.019520 0.024399
0 0.430931 0.378128 0.023649 0.022022
0 0.631194 0.345596 0.020083 0.027277
0 0.429617 0.414665 0.019332 0.027027
0 0.810295 0.580893 0.025244 0.027402
0 0.731982 0.547548 0.021209 0.024525
0 0.258211 0.849912 0.022053 0.025901
0 0.407611 0.243556 0.019050 0.025400
0 0.605152 0.346659 0.022053 0.028654
0 0.429805 0.482295 0.017830 0.026902
0 0.306119 0.817943 0.021396 0.026527
0 0.258587 0.348348 0.019801 0.025275
0 0.259009 0.278529 0.019332 0.026026
0 0.529842 0.415165 0.019520 0.025776
0 0.233765 0.105105 0.020458 0.028779
0 0.405687 0.450075 0.018956 0.027027
0 0.431635 0.207020 0.018863 0.023899
0 0.258399 0.517830 0.020364 0.029905
0 0.259150 0.449950 0.020176 0.028028
0 0.807292 0.778403 0.021866 0.029530
0 0.478604 0.648461 0.019332 0.027653
0 0.405218 0.816254 0.021021 0.028153
0 0.258071 0.881569 0.023086 0.024900
0 0.454439 0.715528 0.019050 0.027402
0 0.703547 0.912850 0.018393 0.027152
0 0.431072 0.277653 0.019238 0.023023
0 0.811562 0.414352 0.022898 0.029154
0 0.454345 0.782658 0.020927 0.028779
0 0.807902 0.647710 0.021396 0.028153
0 0.430509 0.649024 0.019238 0.023524
0 0.283784 0.449199 0.022335 0.028529
0 0.705612 0.548173 0.019707 0.025776
0 0.456410 0.345408 0.020739 0.025400
0 0.481090 0.346722 0.021490 0.025776
0 0.429805 0.715153 0.021396 0.025150
0 0.600694 0.881256 0.018956 0.031031
0 0.629270 0.581206 0.020364 0.027027
0 0.813016 0.310811 0.021678 0.025025
0 0.553866 0.714277 0.021959 0.024399
0 0.428632 0.846284 0.018112 0.029154
0 0.258305 0.140953 0.022992 0.024399
0 0.679992 0.516454 0.018206 0.023899
0 0.626924 0.914977 0.019613 0.032157
0 0.234000 0.449700 0.020739 0.029279
0 0.682479 0.280030 0.020364 0.021271
0 0.233296 0.518519 0.021772 0.025776
0 0.405828 0.848098 0.021490 0.023524
0 0.504974 0.449074 0.019707 0.028278
0 0.704439 0.744682 0.020552 0.029404
0 0.811608 0.480480 0.025244 0.031281
0 0.477994 0.880255 0.019801 0.026777
0 0.809544 0.613488 0.024681 0.029780
0 0.628285 0.845908 0.021959 0.022898
0 0.682104 0.413601 0.021115 0.023649
0 0.655124 0.581269 0.021021 0.027402
0 0.804336 0.843031 0.018956 0.024149
0 0.808699 0.547798 0.021303 0.028028
0 0.280452 0.782845 0.020552 0.029154
0 0.234469 0.348223 0.021490 0.025776
0 0.478275 0.680556 0.019238 0.028028
0 0.258399 0.383383 0.018112 0.024274
0 0.234750 0.414852 0.020176 0.022397
0 0.333099 0.915353 0.021115 0.027903
0 0.331034 0.616366 0.021866 0.028028
0 0.703313 0.877690 0.021303 0.028654
0 0.405171 0.915040 0.019426 0.025526
0 0.429054 0.782220 0.020458 0.023398
0 0.382789 0.379942 0.018581 0.022898
0 0.703594 0.682120 0.019050 0.023899
0 0.357123 0.849224 0.020176 0.026527
0 0.357920 0.583834 0.020083 0.023023
0 0.808089 0.680305 0.021959 0.028529
0 0.806306 0.812312 0.022147 0.026527
0 0.429336 0.815566 0.017830 0.024775
0 0.652919 0.781594 0.017361 0.024149
0 0.704627 0.713839 0.018487 0.020771
0 0.552459 0.879379 0.018581 0.023774
0 0.628050 0.681306 0.017173 0.020771
0 0.627393 0.782407 0.020364 0.021271
0 0.406015 0.377565 0.019989 0.025651
0 0.332630 0.547860 0.017549 0.020646
0 0.632695 0.243368 0.018393 0.022773
0 0.730903 0.646459 0.017736 0.021396
0 0.805978 0.871747 0.022053 0.029029
