0 0.745897 0.140344 0.109613 0.147772
0 0.229484 0.132134 0.116647 0.148554
0 0.395369 0.137217 0.127198 0.152463
0 0.586753 0.143081 0.127784 0.153245
0 0.716882 0.689210 0.042204 0.055512
0 0.720692 0.744722 0.048652 0.053948
0 0.534291 0.680219 0.048652 0.057858
0 0.826202 0.417514 0.036928 0.050039
0 0.298066 0.258796 0.042790 0.048475
0 0.661489 0.365129 0.036928 0.045348
0 0.268171 0.517983 0.040445 0.050821
0 0.829426 0.471071 0.037515 0.049257
0 0.298945 0.308444 0.038687 0.053948
0 0.309496 0.568022 0.037515 0.052385
0 0.776671 0.263487 0.038687 0.053167
0 0.583236 0.623143 0.041032 0.062549
0 0.310668 0.512901 0.041032 0.045348
0 0.627491 0.682565 0.049824 0.050039
0 0.616354 0.367084 0.042790 0.053948
0 0.448417 0.860829 0.043376 0.054730
0 0.354045 0.738468 0.045721 0.052385
0 0.538101 0.732995 0.039859 0.049257
0 0.446366 0.694683 0.045135 0.068022
0 0.398300 0.693901 0.043962 0.061767
0 0.266999 0.572713 0.043962 0.058640
0 0.450176 0.803362 0.050410 0.057076
0 0.307737 0.684910 0.042204 0.057858
0 0.667057 0.575450 0.041032 0.054730
0 0.671161 0.743941 0.044549 0.055512
0 0.779894 0.367866 0.041618 0.047694
0 0.426729 0.580923 0.036342 0.051603
0 0.658851 0.413604 0.037515 0.045348
0 0.582063 0.681392 0.038687 0.050821
0 0.786049 0.489054 0.046893 0.083659
0 0.303341 0.864347 0.041618 0.050821
0 0.784584 0.418686 0.040445 0.049257
0 0.401231 0.468335 0.035756 0.054730
0 0.711313 0.521892 0.040445 0.049257
0 0.620164 0.518765 0.038687 0.049257
0 0.154748 0.247850 0.045721 0.067240
0 0.178195 0.600078 0.042204 0.050821
0 0.721571 0.862002 0.037515 0.046130
0 0.221571 0.747459 0.041032 0.051603
0 0.574443 0.463643 0.038687 0.046912
0 0.449883 0.416732 0.042790 0.056294
0 0.713951 0.571931 0.041032 0.052385
0 0.833822 0.578577 0.041618 0.054730
0 0.125733 0.865911 0.055686 0.074277
0 0.678488 0.854965 0.042790 0.061767
0 0.126612 0.699375 0.052755 0.082095
0 0.766120 0.804535 0.044549 0.060985
0 0.809496 0.797498 0.041032 0.054730
0 0.259086 0.862392 0.042204 0.054730
0 0.672333 0.684519 0.039859 0.052385
0 0.829426 0.522674 0.035170 0.049257
0 0.308617 0.367866 0.034584 0.046130
0 0.633939 0.854965 0.049824 0.068022
0 0.173212 0.652854 0.039273 0.050039
0 0.666178 0.516810 0.045135 0.056294
0 0.733294 0.257232 0.036342 0.046912
0 0.816823 0.261532 0.036928 0.052385
0 0.816237 0.314308 0.036928 0.053167
0 0.822392 0.368256 0.045721 0.050039
0 0.840856 0.639171 0.039273 0.047694
0 0.842321 0.689992 0.037515 0.053948
0 0.848769 0.747850 0.044549 0.050821
0 0.849355 0.804926 0.037515 0.052385
0 0.851114 0.856529 0.039859 0.050821
0 0.810961 0.853792 0.039273 0.050039
0 0.804807 0.741595 0.037515 0.050821
0 0.764654 0.741986 0.047479 0.059421
0 0.759379 0.680610 0.043962 0.047694
0 0.805100 0.689210 0.038101 0.053948
0 0.796307 0.634480 0.034584 0.057076
0 0.755275 0.632525 0.047479 0.046912
0 0.714830 0.629789 0.045135 0.046130
0 0.667057 0.629789 0.044549 0.046130
0 0.674971 0.797498 0.040445 0.048475
0 0.721571 0.799844 0.043376 0.062549
0 0.764361 0.865129 0.037515 0.053948
0 0.792204 0.575059 0.035756 0.055512
0 0.753810 0.575450 0.044549 0.067240
0 0.748535 0.517201 0.036342 0.052385
0 0.745018 0.467553 0.039859 0.045348
0 0.742380 0.415559 0.031067 0.055512
0 0.740035 0.361611 0.035756 0.041439
0 0.738863 0.312744 0.041618 0.043784
0 0.696366 0.311181 0.037515 0.054730
0 0.699004 0.366693 0.038101 0.053167
0 0.701934 0.415950 0.041618 0.042220
0 0.700176 0.465989 0.034584 0.048475
0 0.663540 0.464034 0.035170 0.047694
0 0.619578 0.415559 0.046893 0.044566
0 0.619578 0.472635 0.038687 0.038311
0 0.622802 0.571931 0.040445 0.061767
0 0.623681 0.629789 0.039859 0.047694
0 0.627491 0.734558 0.043962 0.057076
0 0.631301 0.790070 0.048066 0.047694
0 0.585287 0.847928 0.043962 0.050821
0 0.583822 0.893276 0.039859 0.039875
0 0.541911 0.901095 0.041618 0.036747
0 0.541032 0.849883 0.039859 0.059421
0 0.538394 0.786943 0.035756 0.047694
0 0.581770 0.790852 0.046307 0.061767
0 0.583822 0.735731 0.044549 0.050039
0 0.532532 0.623143 0.047479 0.050039
0 0.535170 0.573104 0.037515 0.046912
0 0.577081 0.568804 0.038101 0.055512
0 0.575029 0.512901 0.043376 0.054730
0 0.535756 0.515637 0.042204 0.050821
0 0.533118 0.468726 0.041618 0.049257
0 0.533411 0.415168 0.044549 0.053167
0 0.573271 0.410086 0.042204 0.050821
0 0.570926 0.361611 0.039859 0.046130
0 0.531067 0.362783 0.042204 0.050039
0 0.533411 0.313135 0.039859 0.057076
0 0.534877 0.262314 0.033411 0.049257
0 0.569168 0.257232 0.038687 0.046912
0 0.572392 0.312744 0.036928 0.054730
0 0.614302 0.256059 0.037515 0.044566
0 0.614596 0.313135 0.038101 0.055512
0 0.656506 0.260751 0.042204 0.053948
0 0.657093 0.315481 0.037515 0.050821
0 0.694314 0.260360 0.036928 0.053167
0 0.447245 0.631744 0.043376 0.048475
0 0.398886 0.861220 0.042790 0.060203
0 0.351114 0.865911 0.041032 0.061767
0 0.352286 0.915950 0.043376 0.043002
0 0.304220 0.916341 0.038687 0.037529
0 0.253224 0.915559 0.039859 0.040657
0 0.399179 0.800235 0.038687 0.055512
0 0.354045 0.685301 0.035170 0.055512
0 0.403283 0.636826 0.042204 0.053948
0 0.424385 0.523847 0.046893 0.051603
0 0.444607 0.469116 0.043962 0.051603
0 0.402696 0.415559 0.043376 0.050821
0 0.424678 0.306880 0.046307 0.044566
0 0.451641 0.362392 0.045135 0.055512
0 0.401524 0.358092 0.046893 0.046912
0 0.266999 0.457389 0.040445 0.046912
0 0.311254 0.460907 0.044549 0.052385
0 0.179074 0.550039 0.041618 0.050821
0 0.179953 0.500782 0.035170 0.049257
0 0.182591 0.394058 0.034584 0.042220
0 0.140094 0.386239 0.045721 0.065676
0 0.134525 0.542611 0.050996 0.051603
0 0.223329 0.520719 0.048066 0.051603
0 0.220985 0.581704 0.041032 0.062549
0 0.213365 0.692338 0.049238 0.058640
0 0.263482 0.683346 0.038101 0.054730
0 0.265533 0.748632 0.043376 0.064894
0 0.307151 0.741986 0.042204 0.059421
0 0.357268 0.577795 0.046307 0.059421
0 0.356975 0.517592 0.045721 0.051603
0 0.357855 0.465598 0.045135 0.050821
0 0.173505 0.852619 0.039859 0.072713
0 0.170574 0.747068 0.033998 0.050821
0 0.172333 0.696247 0.035170 0.039875
0 0.183177 0.356529 0.041618 0.039093
