0 0.822500 0.144846 0.150000 0.098011
0 0.786250 0.455335 0.154500 0.086799
0 0.804750 0.592224 0.177500 0.114647
0 0.801250 0.735262 0.178500 0.120072
0 0.802500 0.877396 0.167000 0.081736
0 0.591250 0.135986 0.172500 0.107776
0 0.600500 0.286257 0.180000 0.116817
0 0.599750 0.438879 0.147500 0.121881
0 0.599750 0.598915 0.161500 0.123689
0 0.596250 0.736890 0.185500 0.133454
0 0.583500 0.871248 0.157000 0.098373
0 0.397500 0.133816 0.160000 0.117902
0 0.403250 0.275407 0.174500 0.105244
0 0.392000 0.426401 0.163000 0.088969
0 0.387750 0.577758 0.168500 0.116817
0 0.384000 0.717722 0.170000 0.121881
0 0.394750 0.866546 0.177500 0.123689
0 0.195500 0.133996 0.179000 0.121881
0 0.202000 0.273960 0.197000 0.135624
0 0.187750 0.424412 0.154500 0.107414
0 0.199750 0.576673 0.187500 0.124774
0 0.204750 0.723870 0.177500 0.095118
0 0.195500 0.869078 0.190000 0.110669
