0 0.861837 0.098343 0.276326 0.167867
0 0.845780 0.282601 0.308439 0.147334
0 0.847274 0.448847 0.294996 0.141931
0 0.843913 0.603206 0.312173 0.168948
0 0.845780 0.788365 0.308439 0.154539
0 0.855489 0.938401 0.289022 0.123199
0 0.507842 0.102486 0.328603 0.169669
0 0.503734 0.261888 0.320388 0.112392
0 0.504854 0.434978 0.348021 0.147334
0 0.503361 0.628963 0.328603 0.158501
0 0.500373 0.814661 0.322629 0.153098
0 0.498506 0.956412 0.321882 0.082853
0 0.153846 0.087536 0.268857 0.113112
0 0.144137 0.253602 0.262883 0.163545
0 0.172890 0.439481 0.320388 0.137608
0 0.160194 0.610771 0.311426 0.140850
0 0.157207 0.796650 0.296490 0.154539
0 0.157207 0.950288 0.296490 0.099424
