0 0.854483 0.085229 0.283435 0.142290
0 0.862082 0.257494 0.275836 0.140845
0 0.834726 0.414410 0.234802 0.115926
0 0.851064 0.602745 0.290274 0.140123
0 0.850684 0.778982 0.257599 0.129289
0 0.843845 0.933189 0.312310 0.133622
0 0.513678 0.084146 0.370821 0.150957
0 0.504179 0.232394 0.338146 0.126038
0 0.505319 0.429758 0.317629 0.153124
0 0.498480 0.596244 0.267477 0.137956
0 0.514438 0.775731 0.326748 0.153124
0 0.512538 0.939328 0.363982 0.121343
0 0.132599 0.090105 0.234802 0.145540
0 0.145137 0.262008 0.246201 0.143373
0 0.164894 0.439328 0.317629 0.143373
0 0.156535 0.611412 0.311550 0.153124
0 0.169453 0.938787 0.335866 0.122427
