0 0.768742 0.171266 0.218259 0.178712
0 0.767231 0.344284 0.227328 0.176084
0 0.765719 0.505475 0.238815 0.155059
0 0.762999 0.657906 0.188634 0.179588
0 0.759674 0.832019 0.244861 0.166886
0 0.547461 0.169514 0.238815 0.166448
0 0.543229 0.328734 0.238815 0.177398
0 0.537183 0.483136 0.218259 0.137538
0 0.548972 0.649365 0.223700 0.187911
0 0.549274 0.812965 0.237606 0.180464
0 0.316203 0.169514 0.188634 0.175208
0 0.323458 0.346474 0.209190 0.180464
0 0.330713 0.507665 0.200726 0.159439
0 0.328597 0.669514 0.198912 0.173018
0 0.332830 0.828296 0.204958 0.178712
