0 0.716850 0.084740 0.105827 0.100593
0 0.715433 0.199703 0.128819 0.090100
0 0.714016 0.314325 0.131654 0.101734
0 0.715276 0.436131 0.125984 0.079836
0 0.708189 0.554859 0.123150 0.082801
0 0.711654 0.679859 0.133228 0.104699
0 0.711654 0.800525 0.138898 0.101505
0 0.705984 0.921305 0.130079 0.098540
0 0.533543 0.074818 0.114646 0.087135
0 0.547874 0.194457 0.140157 0.100593
0 0.550709 0.313755 0.140157 0.115192
0 0.542835 0.429859 0.133228 0.104699
0 0.545669 0.553262 0.121890 0.090100
0 0.526929 0.667313 0.110236 0.104699
0 0.546299 0.794252 0.123150 0.091241
0 0.540630 0.921875 0.148976 0.097400
0 0.377480 0.075274 0.131969 0.090328
0 0.381732 0.198677 0.131654 0.106752
0 0.377480 0.320027 0.123150 0.096259
0 0.381732 0.447536 0.146142 0.109033
0 0.366772 0.580748 0.153386 0.105839
0 0.358740 0.682824 0.100157 0.059078
0 0.364567 0.819229 0.137638 0.093294
0 0.368819 0.941036 0.125984 0.065465
0 0.212913 0.078353 0.137323 0.085995
0 0.207874 0.198107 0.130394 0.085082
0 0.212756 0.320484 0.102992 0.078923
0 0.213543 0.434535 0.121575 0.068431
0 0.211496 0.552806 0.123150 0.074589
0 0.219213 0.690237 0.090079 0.079836
0 0.211339 0.792313 0.100157 0.076870
0 0.194173 0.917199 0.140157 0.071624
