0 0.184950 0.749375 0.077027 0.080561
0 0.264009 0.594982 0.061114 0.071332
0 0.833503 0.239281 0.077704 0.101711
0 0.264432 0.208421 0.067378 0.073063
0 0.575334 0.430494 0.074319 0.099596
0 0.175300 0.520477 0.064500 0.087291
0 0.180464 0.843780 0.072795 0.097097
0 0.740816 0.232936 0.062976 0.078254
0 0.417640 0.349740 0.068393 0.063834
0 0.262485 0.522400 0.066531 0.062296
0 0.577197 0.536243 0.073641 0.087291
0 0.267395 0.676985 0.060098 0.081138
0 0.744456 0.432898 0.057728 0.069794
0 0.415693 0.588156 0.066193 0.065372
0 0.413831 0.737647 0.065854 0.080561
0 0.573134 0.337435 0.066193 0.071909
0 0.417471 0.660834 0.067716 0.074601
0 0.265109 0.293117 0.069748 0.082484
0 0.267395 0.445395 0.067886 0.081715
0 0.174623 0.350702 0.068563 0.089598
0 0.573641 0.819169 0.072964 0.089021
0 0.836888 0.613632 0.060775 0.072486
0 0.178009 0.438762 0.058067 0.076524
0 0.575419 0.742261 0.054850 0.058643
0 0.657864 0.406172 0.080921 0.091713
0 0.745218 0.526053 0.059590 0.081138
0 0.176062 0.236878 0.069748 0.116901
0 0.834518 0.527687 0.066870 0.092098
0 0.746910 0.591809 0.059252 0.057681
0 0.269172 0.856854 0.063992 0.053259
0 0.270103 0.368871 0.071610 0.062873
0 0.839512 0.335801 0.069409 0.083638
0 0.839936 0.808018 0.068224 0.115555
0 0.576181 0.648529 0.074996 0.125745
0 0.412561 0.512209 0.073134 0.085753
0 0.740985 0.309171 0.063315 0.066141
0 0.265956 0.756201 0.058913 0.063065
0 0.568647 0.214766 0.068732 0.045376
0 0.649399 0.239665 0.062638 0.068641
0 0.651346 0.325418 0.057051 0.067102
0 0.413492 0.806287 0.051972 0.060950
0 0.570933 0.269660 0.067208 0.063257
0 0.659641 0.519227 0.072964 0.128245
0 0.750550 0.798020 0.067208 0.118246
0 0.745302 0.661507 0.061453 0.079408
0 0.176909 0.636128 0.075842 0.130552
0 0.416455 0.249471 0.074149 0.134397
0 0.415439 0.206403 0.066362 0.057489
0 0.836719 0.694001 0.055019 0.087868
0 0.574149 0.682369 0.052311 0.061527
0 0.741916 0.370986 0.044523 0.041338
0 0.344083 0.258316 0.050956 0.144780
0 0.841798 0.430013 0.048925 0.101327
