0 0.602779 0.154008 0.036593 0.042194
0 0.784243 0.634435 0.043591 0.049461
0 0.453509 0.170300 0.033593 0.039616
0 0.795541 0.225621 0.045791 0.048992
0 0.503099 0.252461 0.039192 0.037506
0 0.098780 0.179794 0.037193 0.045476
0 0.836133 0.604782 0.040192 0.045476
0 0.735853 0.442686 0.037992 0.041022
0 0.732853 0.511955 0.037992 0.038444
0 0.732154 0.696203 0.038592 0.043601
0 0.508498 0.163385 0.035193 0.031411
0 0.244151 0.210384 0.040392 0.041491
0 0.644671 0.302860 0.036793 0.030942
0 0.688862 0.175692 0.038792 0.041960
0 0.733153 0.477731 0.036193 0.035631
0 0.554189 0.574191 0.037792 0.043835
0 0.782643 0.682724 0.038792 0.049461
0 0.554989 0.257618 0.038592 0.037506
0 0.732853 0.625527 0.041992 0.047117
0 0.351730 0.320675 0.035993 0.032818
0 0.779844 0.726793 0.040792 0.045710
0 0.558788 0.113221 0.036593 0.047351
0 0.352030 0.290553 0.039392 0.038678
0 0.243251 0.276957 0.040592 0.044773
0 0.188362 0.586732 0.037992 0.047820
0 0.787542 0.458040 0.034593 0.039381
0 0.737353 0.233474 0.038192 0.049226
0 0.555889 0.447726 0.037592 0.045007
0 0.554289 0.296179 0.034393 0.045241
0 0.790342 0.420534 0.043791 0.043601
0 0.734553 0.586615 0.032993 0.034927
0 0.553189 0.538326 0.036993 0.035865
0 0.733053 0.550164 0.037193 0.043601
0 0.642571 0.189053 0.035793 0.031646
0 0.730454 0.802391 0.037193 0.041256
0 0.644871 0.275082 0.043591 0.036803
0 0.136473 0.229372 0.031394 0.033052
0 0.241052 0.528247 0.036193 0.030239
0 0.097580 0.293483 0.031594 0.045007
0 0.603879 0.110408 0.041992 0.047351
0 0.555989 0.220113 0.036993 0.044538
0 0.881324 0.596460 0.040992 0.048054
0 0.681064 0.591655 0.031594 0.032818
0 0.248350 0.690694 0.035993 0.037740
0 0.884623 0.560478 0.039992 0.034693
0 0.737253 0.313877 0.040792 0.041256
0 0.641172 0.656939 0.030994 0.035865
0 0.245751 0.654712 0.033993 0.035631
0 0.682164 0.536685 0.034993 0.040084
0 0.602679 0.336850 0.037992 0.042663
0 0.554889 0.366971 0.032793 0.034927
0 0.641472 0.159986 0.039992 0.036334
0 0.358328 0.732185 0.032793 0.036334
0 0.554989 0.333216 0.034993 0.035865
0 0.504099 0.361814 0.039192 0.052274
0 0.293241 0.226207 0.036993 0.040788
0 0.302240 0.815635 0.038192 0.033521
0 0.403719 0.430849 0.036393 0.038444
0 0.791742 0.116268 0.042192 0.042194
0 0.186463 0.342358 0.037792 0.039616
0 0.292741 0.443976 0.046391 0.036568
0 0.876725 0.670417 0.034993 0.037506
0 0.683163 0.441866 0.039792 0.042194
0 0.550890 0.761603 0.039992 0.036099
0 0.737552 0.346929 0.038992 0.034224
0 0.403819 0.118964 0.047391 0.050867
0 0.191462 0.634787 0.041392 0.053446
0 0.097580 0.222457 0.032793 0.044069
0 0.453409 0.369784 0.036193 0.035865
0 0.732354 0.660455 0.033793 0.034459
0 0.351830 0.352086 0.038192 0.042194
0 0.602579 0.222222 0.037792 0.034224
0 0.454809 0.204290 0.033393 0.035865
0 0.139372 0.554266 0.036793 0.034459
0 0.878224 0.635724 0.035193 0.037037
0 0.504599 0.286685 0.030194 0.039381
0 0.793741 0.153188 0.040192 0.033990
0 0.505799 0.221050 0.036993 0.030474
0 0.500300 0.484529 0.033193 0.037506
0 0.837233 0.501992 0.037193 0.037740
0 0.554589 0.401899 0.035793 0.038678
0 0.501300 0.562353 0.036793 0.033755
0 0.838032 0.459095 0.035993 0.048992
0 0.350030 0.161744 0.032194 0.026254
0 0.293941 0.168190 0.030794 0.032583
0 0.837033 0.564229 0.036393 0.039850
0 0.185263 0.299344 0.034193 0.046414
0 0.189662 0.425809 0.036993 0.038678
0 0.404719 0.301922 0.033193 0.032349
0 0.096781 0.257618 0.032394 0.031880
0 0.297540 0.657290 0.036793 0.036568
0 0.452410 0.338725 0.031394 0.032818
0 0.601180 0.186709 0.033793 0.032114
0 0.682164 0.624473 0.032593 0.040788
0 0.793241 0.184951 0.037592 0.035162
0 0.406419 0.462611 0.040192 0.034459
0 0.352030 0.234880 0.039392 0.041256
0 0.739152 0.115448 0.038992 0.042897
0 0.737852 0.406353 0.037193 0.039616
0 0.450510 0.578762 0.039992 0.035631
0 0.730854 0.735349 0.039192 0.040319
0 0.684263 0.368261 0.035993 0.035162
0 0.239452 0.174871 0.036993 0.037037
0 0.403819 0.681200 0.036593 0.035631
0 0.834133 0.649789 0.042991 0.054383
0 0.500500 0.525434 0.041592 0.046179
0 0.551790 0.728551 0.040192 0.040788
0 0.640572 0.719409 0.033393 0.031880
0 0.739052 0.276254 0.034393 0.040553
0 0.598380 0.481247 0.037792 0.034693
0 0.509598 0.136662 0.034193 0.030005
0 0.449910 0.669597 0.039192 0.037740
0 0.358628 0.698195 0.031794 0.038209
0 0.242352 0.495077 0.032793 0.039381
0 0.404619 0.648148 0.038192 0.037506
0 0.731254 0.840131 0.039192 0.038912
0 0.244851 0.625293 0.030994 0.030239
0 0.134273 0.293015 0.035793 0.044069
0 0.401120 0.155532 0.029994 0.027895
0 0.689962 0.141585 0.036593 0.031880
0 0.642272 0.541491 0.032394 0.035162
0 0.838232 0.415143 0.037592 0.045476
0 0.242352 0.378692 0.033993 0.034459
0 0.455709 0.240506 0.035993 0.045476
0 0.355229 0.582747 0.034593 0.035631
0 0.454209 0.304032 0.037792 0.043132
0 0.450610 0.733357 0.029394 0.030708
0 0.299740 0.693038 0.035593 0.038678
0 0.133173 0.149320 0.032793 0.033286
0 0.500500 0.621777 0.038392 0.038678
0 0.404419 0.550398 0.038192 0.043601
0 0.450710 0.703586 0.033193 0.038209
0 0.453609 0.405767 0.032194 0.043132
0 0.455409 0.821378 0.033393 0.031880
0 0.683563 0.404008 0.031794 0.041022
0 0.141372 0.648969 0.033593 0.036803
0 0.458008 0.869667 0.038192 0.058603
0 0.497900 0.732068 0.037193 0.035162
0 0.504499 0.191983 0.038392 0.037506
0 0.501700 0.401782 0.034393 0.032818
0 0.355429 0.386310 0.038592 0.033286
0 0.139572 0.115213 0.040792 0.045710
0 0.138772 0.390881 0.039592 0.035396
0 0.876725 0.715541 0.033793 0.041491
0 0.786943 0.501524 0.039392 0.053680
0 0.599280 0.281060 0.032394 0.038444
0 0.738752 0.375762 0.034193 0.031880
0 0.195661 0.796531 0.037393 0.037506
0 0.291842 0.318565 0.039392 0.037975
0 0.093781 0.333216 0.032793 0.038209
0 0.496801 0.703469 0.032993 0.029536
0 0.681364 0.563994 0.031394 0.028129
0 0.189662 0.152485 0.048990 0.032114
0 0.402619 0.201477 0.035393 0.035865
0 0.450310 0.609001 0.035593 0.035631
0 0.792741 0.347281 0.040592 0.027426
0 0.364327 0.838139 0.029194 0.031177
0 0.782344 0.768167 0.036193 0.039381
0 0.550890 0.666081 0.037193 0.040553
0 0.502000 0.449953 0.039392 0.037271
0 0.293341 0.479255 0.040392 0.041022
0 0.357828 0.439405 0.036593 0.029301
0 0.830534 0.694562 0.040992 0.047820
0 0.601480 0.250117 0.041592 0.029536
0 0.238652 0.142288 0.037792 0.035631
0 0.294641 0.556142 0.040592 0.061650
0 0.242851 0.562822 0.036593 0.042663
0 0.641572 0.405180 0.037393 0.041022
0 0.882424 0.422644 0.035593 0.038444
0 0.556289 0.151430 0.041192 0.034224
0 0.138672 0.509611 0.038592 0.061885
0 0.094881 0.564112 0.027395 0.030708
0 0.138372 0.706868 0.035593 0.030708
0 0.355229 0.550398 0.035393 0.036099
0 0.093181 0.643929 0.029194 0.040788
0 0.189162 0.543366 0.031194 0.037506
0 0.641972 0.754688 0.033793 0.042897
0 0.354229 0.464018 0.034593 0.031177
0 0.600380 0.723394 0.035793 0.045476
0 0.499200 0.810244 0.036193 0.046648
0 0.297441 0.136428 0.035393 0.035631
0 0.188462 0.374941 0.034593 0.034459
0 0.884023 0.389475 0.037592 0.037740
0 0.144371 0.734177 0.036793 0.037506
0 0.242252 0.242147 0.034993 0.033286
0 0.293641 0.195148 0.034993 0.031177
0 0.793441 0.272855 0.037193 0.050633
0 0.691762 0.110173 0.037393 0.036568
0 0.599980 0.759142 0.034993 0.031646
0 0.241452 0.436826 0.035393 0.030708
0 0.642272 0.367206 0.034793 0.039616
0 0.639472 0.591538 0.034393 0.033990
0 0.642372 0.566807 0.034193 0.021566
0 0.405119 0.331341 0.027195 0.033521
0 0.135573 0.257970 0.033993 0.032583
0 0.455709 0.138889 0.040792 0.031177
0 0.241652 0.462846 0.030594 0.031177
0 0.403619 0.226910 0.032993 0.026723
0 0.643871 0.330638 0.033593 0.033521
0 0.641272 0.508556 0.032793 0.038678
0 0.509298 0.106188 0.033193 0.035162
0 0.404319 0.272504 0.031994 0.038209
0 0.642472 0.244374 0.037592 0.032583
0 0.192761 0.751992 0.033593 0.046414
0 0.302939 0.724801 0.034793 0.033286
0 0.500700 0.590248 0.029994 0.031411
0 0.685463 0.332396 0.040792 0.040788
0 0.836133 0.533169 0.032194 0.030239
0 0.499900 0.671589 0.039192 0.045476
0 0.882424 0.504923 0.035593 0.029067
0 0.452609 0.535513 0.040592 0.057900
0 0.790842 0.379395 0.032793 0.038209
0 0.294141 0.264299 0.037193 0.039147
0 0.411218 0.860877 0.036993 0.033990
0 0.134873 0.328411 0.036993 0.035631
0 0.141672 0.680263 0.032194 0.030474
0 0.249250 0.720230 0.025395 0.026020
0 0.552689 0.621542 0.037592 0.054149
0 0.356029 0.413268 0.033393 0.029067
0 0.134473 0.431317 0.034193 0.038912
0 0.352729 0.190342 0.038792 0.037506
0 0.882623 0.531177 0.036793 0.031880
0 0.740552 0.155649 0.042991 0.032349
0 0.556189 0.185068 0.033393 0.034927
0 0.407518 0.735701 0.029594 0.031646
0 0.190862 0.510900 0.032194 0.033521
0 0.096981 0.141116 0.028794 0.033286
0 0.409818 0.813408 0.036993 0.039850
0 0.291542 0.367557 0.037193 0.060009
0 0.599380 0.426746 0.038192 0.043366
0 0.094481 0.682138 0.027794 0.034693
0 0.348630 0.122949 0.042192 0.057900
0 0.240552 0.108767 0.029594 0.033286
0 0.680164 0.764065 0.034993 0.025551
0 0.449710 0.639827 0.032793 0.031646
0 0.783143 0.564229 0.036193 0.030942
0 0.405019 0.349508 0.032593 0.037975
0 0.603679 0.847164 0.035193 0.033755
0 0.500800 0.844702 0.031394 0.031646
0 0.686263 0.259611 0.033193 0.041960
0 0.406419 0.708509 0.033793 0.032583
0 0.242252 0.345874 0.034593 0.037740
0 0.301640 0.785045 0.037393 0.036568
0 0.190962 0.708275 0.033593 0.043835
0 0.552789 0.697492 0.036593 0.030708
0 0.404719 0.378106 0.027195 0.024848
0 0.640472 0.793132 0.032394 0.037271
0 0.240452 0.409400 0.034593 0.034459
0 0.497500 0.759494 0.035193 0.029067
0 0.601380 0.658462 0.039792 0.036099
0 0.294941 0.108298 0.033193 0.027661
0 0.189662 0.471753 0.039792 0.050398
0 0.556189 0.882208 0.032993 0.031177
0 0.457908 0.107243 0.046391 0.040084
0 0.409818 0.836732 0.037792 0.025082
0 0.603679 0.878926 0.033593 0.034459
0 0.183063 0.218940 0.038192 0.026254
0 0.140572 0.600680 0.036793 0.054149
0 0.731054 0.767698 0.033193 0.031411
0 0.354229 0.635724 0.034193 0.035162
0 0.134873 0.195030 0.027395 0.031880
0 0.643171 0.871777 0.036193 0.056259
0 0.404519 0.582513 0.031194 0.031411
0 0.180764 0.113807 0.040392 0.046648
0 0.303639 0.843413 0.028194 0.028129
0 0.368826 0.866151 0.025395 0.029067
0 0.145971 0.762775 0.035193 0.030005
0 0.185763 0.268401 0.043591 0.028129
0 0.735353 0.191749 0.040992 0.034693
0 0.600880 0.813994 0.031194 0.033052
0 0.885323 0.311767 0.038592 0.045007
0 0.190362 0.676043 0.035993 0.029536
0 0.786743 0.538209 0.039392 0.028598
0 0.407219 0.761369 0.029794 0.028129
0 0.364327 0.810009 0.031594 0.030708
0 0.780844 0.835560 0.036393 0.044773
0 0.597780 0.548992 0.035393 0.053446
0 0.243051 0.588490 0.035793 0.040553
0 0.679064 0.706282 0.037592 0.042194
0 0.293541 0.411744 0.036393 0.039147
0 0.452709 0.795007 0.031994 0.030708
0 0.600880 0.306610 0.029194 0.024379
0 0.092781 0.536217 0.027195 0.033990
0 0.452110 0.460033 0.039592 0.040553
0 0.244351 0.313174 0.038392 0.036568
0 0.883123 0.471285 0.035793 0.035396
0 0.404519 0.609470 0.033193 0.031411
0 0.553589 0.814580 0.033793 0.030942
0 0.303139 0.754337 0.037193 0.033286
0 0.292541 0.511369 0.037592 0.033521
0 0.092881 0.597164 0.028594 0.039616
0 0.295941 0.601500 0.033993 0.034224
0 0.351930 0.205696 0.032793 0.027426
0 0.641172 0.128223 0.032194 0.037037
0 0.088882 0.438701 0.026595 0.019925
0 0.685563 0.284576 0.036993 0.019222
0 0.454609 0.273676 0.028194 0.029301
0 0.135173 0.170886 0.030394 0.022972
0 0.405419 0.400609 0.035393 0.031411
0 0.360828 0.775082 0.035393 0.044304
0 0.678364 0.739217 0.034593 0.038209
0 0.556189 0.849273 0.034593 0.040319
0 0.452110 0.757384 0.028394 0.027661
0 0.873625 0.756329 0.032793 0.042429
0 0.597680 0.513010 0.030794 0.031177
0 0.502699 0.880216 0.028794 0.028598
0 0.780544 0.803211 0.038192 0.034927
0 0.684263 0.474684 0.039592 0.033286
0 0.136473 0.463197 0.030994 0.032818
0 0.309238 0.875527 0.034993 0.041256
0 0.641572 0.824660 0.031794 0.031880
0 0.351730 0.262072 0.036793 0.027661
0 0.552789 0.789850 0.031794 0.029770
0 0.096781 0.714721 0.024395 0.034693
0 0.405019 0.489569 0.036193 0.029301
0 0.555889 0.500820 0.034793 0.052743
0 0.680564 0.810244 0.032593 0.033990
0 0.412418 0.885842 0.036993 0.032818
0 0.884223 0.449250 0.037592 0.026957
0 0.296741 0.626934 0.034393 0.031177
0 0.641072 0.693155 0.028794 0.030005
0 0.407518 0.784810 0.030794 0.026723
0 0.189062 0.398031 0.024195 0.019222
0 0.498000 0.775902 0.031394 0.024379
0 0.598880 0.456165 0.033993 0.024379
0 0.093181 0.508556 0.027195 0.020863
0 0.149570 0.819855 0.039992 0.041022
0 0.355329 0.485701 0.028394 0.023910
0 0.599580 0.686826 0.034593 0.036099
0 0.640972 0.099391 0.028994 0.024379
0 0.403819 0.517346 0.032993 0.028598
0 0.400020 0.178504 0.033793 0.023207
0 0.404319 0.247539 0.031594 0.020628
0 0.682264 0.501992 0.032394 0.018987
0 0.199160 0.879044 0.035993 0.033755
0 0.679564 0.840952 0.034193 0.033521
0 0.195461 0.828762 0.032993 0.036803
0 0.451210 0.492264 0.036993 0.030005
0 0.295841 0.283872 0.036193 0.045007
0 0.600280 0.587084 0.036393 0.021800
0 0.090482 0.474801 0.024195 0.017581
0 0.453309 0.437881 0.031994 0.028598
0 0.600780 0.786099 0.032993 0.029301
0 0.781644 0.879747 0.033593 0.041725
0 0.681264 0.865448 0.032793 0.019222
0 0.681764 0.891936 0.028194 0.031880
0 0.676665 0.784927 0.023595 0.016174
0 0.683963 0.304852 0.025395 0.021331
0 0.358128 0.503633 0.019196 0.013830
0 0.357229 0.520628 0.024595 0.022504
0 0.187762 0.178036 0.032793 0.021331
0 0.184963 0.244726 0.036393 0.022504
0 0.089082 0.414088 0.022595 0.028833
0 0.092681 0.456751 0.024595 0.018050
0 0.091282 0.491913 0.018196 0.016174
0 0.145871 0.785982 0.032593 0.024379
0 0.134073 0.357126 0.028994 0.029770
0 0.098680 0.110994 0.025395 0.029770
0 0.354429 0.607361 0.022595 0.019222
0 0.603579 0.605837 0.038992 0.028833
0 0.603479 0.634669 0.033593 0.024613
0 0.640372 0.624004 0.030994 0.026723
0 0.643971 0.216479 0.038192 0.025551
0 0.791242 0.319855 0.027195 0.036334
0 0.783943 0.594702 0.030994 0.030005
