0 0.758464 0.166886 0.224305 0.165572
0 0.772975 0.337276 0.197703 0.183968
0 0.774184 0.510951 0.217050 0.163382
0 0.769952 0.676084 0.244861 0.183530
0 0.772068 0.841218 0.235792 0.172142
0 0.536276 0.160972 0.234583 0.158125
0 0.534160 0.323478 0.218259 0.179150
0 0.539299 0.482698 0.234583 0.149803
0 0.536578 0.653088 0.231560 0.199737
0 0.536276 0.818003 0.228537 0.147613
0 0.318319 0.159439 0.219468 0.152431
0 0.320435 0.319755 0.217654 0.165572
0 0.315296 0.484231 0.219468 0.176522
0 0.315296 0.653526 0.213422 0.179588
0 0.313785 0.814498 0.216445 0.152869
