0 0.863975 0.079052 0.216031 0.134502
0 0.853844 0.235769 0.247616 0.140056
0 0.857569 0.360465 0.169249 0.111767
0 0.854887 0.500434 0.238379 0.150816
0 0.854738 0.637105 0.234505 0.127039
0 0.861293 0.766748 0.206496 0.102048
0 0.864124 0.920167 0.219905 0.157237
0 0.608015 0.067077 0.225566 0.132419
0 0.614571 0.204877 0.230930 0.127907
0 0.634088 0.352308 0.199046 0.147518
0 0.618296 0.495054 0.219905 0.118188
0 0.618296 0.647345 0.219905 0.156196
0 0.610846 0.775425 0.219905 0.088858
0 0.600715 0.922943 0.236591 0.119403
0 0.364869 0.082350 0.234505 0.143179
0 0.372318 0.219542 0.230930 0.129122
0 0.364124 0.354564 0.191895 0.132246
0 0.365912 0.503124 0.255066 0.132246
0 0.383641 0.640403 0.204708 0.111767
0 0.353844 0.786793 0.230930 0.133461
0 0.339839 0.927803 0.165971 0.120444
0 0.109058 0.070896 0.217521 0.131378
0 0.122020 0.214596 0.232718 0.145262
0 0.120232 0.352916 0.239869 0.120271
0 0.109803 0.641965 0.182658 0.158278
0 0.116359 0.779243 0.229142 0.122527
0 0.094905 0.916435 0.182658 0.153940
