0 0.557565 0.214099 0.069433 0.084595
0 0.439771 0.301741 0.074116 0.101480
0 0.558695 0.123412 0.061683 0.095735
0 0.724043 0.229939 0.065881 0.065448
0 0.253351 0.656484 0.073632 0.089295
0 0.886727 0.447607 0.063459 0.093473
0 0.253108 0.278242 0.077345 0.100783
0 0.716616 0.736815 0.064266 0.057441
0 0.635233 0.588164 0.065558 0.064752
0 0.120782 0.509748 0.079445 0.088947
0 0.647021 0.162663 0.073632 0.074674
0 0.727999 0.102785 0.053770 0.061445
0 0.439851 0.439774 0.072017 0.075370
0 0.718634 0.501915 0.067657 0.068059
0 0.887373 0.260139 0.064105 0.070148
0 0.256419 0.737772 0.074600 0.072933
0 0.804780 0.365622 0.067173 0.077807
0 0.642419 0.097041 0.057000 0.054830
0 0.880349 0.816710 0.074277 0.073455
0 0.558938 0.309138 0.072178 0.102350
0 0.884789 0.672411 0.067657 0.075196
0 0.714032 0.800522 0.057807 0.067537
0 0.122154 0.423586 0.076054 0.082332
0 0.253028 0.413838 0.072340 0.075718
0 0.355563 0.452742 0.074277 0.085292
0 0.880914 0.743081 0.074439 0.068581
0 0.121266 0.326371 0.079445 0.110705
0 0.892701 0.112794 0.063782 0.076588
0 0.641773 0.288338 0.065073 0.063534
0 0.807848 0.289208 0.065558 0.062141
0 0.250848 0.196258 0.070564 0.064926
0 0.709430 0.921062 0.057969 0.067711
0 0.891410 0.190513 0.064751 0.072933
0 0.122396 0.593473 0.081705 0.078155
0 0.642257 0.359443 0.061198 0.074500
0 0.633053 0.719756 0.071855 0.076936
0 0.803811 0.441340 0.061037 0.061097
0 0.727434 0.385205 0.061683 0.053960
0 0.806071 0.219843 0.062974 0.073107
0 0.439448 0.220279 0.083158 0.066667
0 0.718634 0.676153 0.059906 0.059704
0 0.442274 0.509225 0.063297 0.062837
0 0.353141 0.353525 0.082997 0.112446
0 0.886000 0.321497 0.062651 0.055701
0 0.251090 0.350479 0.062328 0.056571
0 0.645325 0.225152 0.062490 0.056223
0 0.629501 0.794778 0.069918 0.067537
0 0.437106 0.376327 0.064589 0.058138
0 0.884386 0.532115 0.062651 0.065448
0 0.722186 0.440470 0.070886 0.057963
0 0.885839 0.601218 0.066204 0.068930
0 0.642177 0.441427 0.064589 0.080070
0 0.634022 0.650305 0.060875 0.052567
0 0.441466 0.642994 0.064589 0.071366
0 0.711206 0.860400 0.058615 0.049434
0 0.808171 0.096345 0.051025 0.051349
0 0.886646 0.379373 0.063297 0.050653
0 0.628048 0.859095 0.059260 0.057615
0 0.809139 0.153264 0.062651 0.052393
0 0.352737 0.224630 0.061521 0.064230
0 0.629017 0.924717 0.055708 0.062489
0 0.439528 0.572324 0.066527 0.064056
0 0.803649 0.510096 0.062005 0.069800
0 0.254562 0.559443 0.066688 0.087380
0 0.558372 0.393299 0.064266 0.062489
0 0.718634 0.564491 0.061844 0.056397
0 0.723478 0.332115 0.058615 0.047694
0 0.443081 0.777894 0.062328 0.058486
0 0.875020 0.923760 0.060068 0.059182
0 0.442274 0.714012 0.064266 0.065100
0 0.717019 0.616536 0.057646 0.047694
0 0.635798 0.517319 0.057969 0.066144
0 0.726304 0.160923 0.051671 0.054482
0 0.256984 0.859356 0.067657 0.074848
0 0.250121 0.483203 0.059745 0.061271
0 0.120943 0.218451 0.077830 0.107224
0 0.351768 0.274848 0.055708 0.042820
0 0.441385 0.890078 0.067657 0.083725
0 0.724851 0.283812 0.057161 0.037424
0 0.253593 0.796780 0.059583 0.049260
0 0.873971 0.869626 0.056031 0.033072
0 0.119732 0.249086 0.053124 0.043168
0 0.022283 0.934465 0.037785 0.057267
