0 0.498698 0.200027 0.034375 0.031361
0 0.319010 0.167985 0.035417 0.034361
0 0.563411 0.199755 0.036198 0.039542
0 0.745443 0.076493 0.040365 0.035724
0 0.439453 0.233297 0.030469 0.037906
0 0.400000 0.630079 0.015625 0.018271
0 0.680469 0.238615 0.034896 0.032179
0 0.808464 0.773930 0.017969 0.020180
0 0.796745 0.506954 0.017969 0.018544
0 0.684375 0.207254 0.039062 0.036542
0 0.319010 0.197709 0.032292 0.031088
0 0.622656 0.169621 0.040104 0.034361
0 0.743229 0.112081 0.039583 0.038724
0 0.864193 0.930597 0.016406 0.017726
0 0.262891 0.170712 0.034115 0.033270
0 0.380990 0.197437 0.038021 0.034361
0 0.648828 0.505727 0.016927 0.020453
0 0.379557 0.134851 0.035156 0.034633
0 0.746484 0.041996 0.043490 0.038724
0 0.797917 0.149168 0.039062 0.047450
0 0.756120 0.694301 0.016406 0.016362
0 0.627344 0.630079 0.017708 0.018271
0 0.318880 0.261794 0.028906 0.033815
0 0.737370 0.694982 0.016927 0.016089
0 0.263672 0.232615 0.034635 0.033815
0 0.497786 0.172348 0.032552 0.031088
0 0.418099 0.675893 0.016927 0.016089
0 0.382943 0.661576 0.015365 0.015817
0 0.418490 0.628988 0.017708 0.015544
0 0.888151 0.533270 0.019010 0.019907
0 0.400521 0.647396 0.015625 0.018544
0 0.775260 0.630215 0.017188 0.016362
0 0.101432 0.897055 0.016927 0.015544
0 0.792969 0.646305 0.017188 0.020180
0 0.318750 0.295064 0.032292 0.038724
0 0.788281 0.947232 0.016146 0.014999
0 0.213021 0.897737 0.015625 0.016362
0 0.606641 0.820698 0.017969 0.018271
0 0.557422 0.326698 0.036198 0.031088
0 0.381641 0.773793 0.016406 0.020998
0 0.204948 0.167030 0.029167 0.032452
0 0.719141 0.694301 0.016927 0.016908
0 0.605469 0.929779 0.015104 0.016089
0 0.318359 0.134442 0.035156 0.033270
0 0.364714 0.676575 0.015365 0.016908
0 0.827474 0.774202 0.017969 0.020180
0 0.455208 0.628579 0.016667 0.019089
0 0.380339 0.229615 0.032552 0.038178
0 0.380859 0.956368 0.015365 0.015271
0 0.361849 0.956640 0.015365 0.015817
0 0.363542 0.773657 0.017188 0.019089
0 0.562500 0.234115 0.035937 0.032452
0 0.608073 0.662394 0.016146 0.015817
0 0.287240 0.898555 0.016667 0.014726
0 0.318620 0.329561 0.032031 0.032452
0 0.624740 0.820971 0.017708 0.019907
0 0.559766 0.294246 0.033073 0.038178
0 0.792057 0.662122 0.015365 0.015817
0 0.382682 0.646032 0.015885 0.015817
0 0.770573 0.946823 0.014583 0.015817
0 0.682422 0.145350 0.036198 0.034361
0 0.234245 0.549496 0.019010 0.021816
0 0.629948 0.505999 0.018750 0.019362
0 0.884766 0.795064 0.016406 0.019907
0 0.438411 0.551268 0.017969 0.019907
0 0.807682 0.901827 0.017969 0.015271
0 0.571745 0.693346 0.016406 0.016089
0 0.682161 0.773248 0.017969 0.018816
0 0.883203 0.901418 0.017448 0.017180
0 0.230599 0.956368 0.016406 0.015817
0 0.270573 0.629670 0.016146 0.019635
0 0.435286 0.897737 0.015885 0.015271
0 0.590755 0.661849 0.015885 0.015271
0 0.100651 0.958686 0.015365 0.015544
0 0.788281 0.901554 0.015104 0.014726
0 0.590234 0.693210 0.015365 0.016908
0 0.082031 0.958140 0.015625 0.015544
0 0.530339 0.913690 0.016406 0.017726
0 0.492578 0.898009 0.014844 0.015817
0 0.645573 0.773384 0.018750 0.017453
0 0.194401 0.956640 0.015365 0.015271
0 0.143229 0.501091 0.018229 0.019907
0 0.141927 0.642487 0.015625 0.017453
0 0.902734 0.819880 0.019010 0.021543
0 0.343750 0.914371 0.016667 0.016908
0 0.569271 0.916008 0.016667 0.016908
0 0.588151 0.820562 0.015885 0.017453
0 0.645052 0.795200 0.018750 0.018544
0 0.642708 0.912326 0.015104 0.017180
0 0.701953 0.677120 0.016927 0.018544
0 0.700521 0.773384 0.017188 0.018544
0 0.119531 0.942869 0.016146 0.016089
0 0.497005 0.230979 0.029427 0.035451
0 0.793229 0.629534 0.015625 0.014999
0 0.087109 0.500818 0.017969 0.020998
0 0.846094 0.930597 0.016146 0.019362
0 0.530078 0.930597 0.015885 0.016635
0 0.865625 0.677666 0.016667 0.016908
0 0.362240 0.911781 0.015625 0.014453
0 0.398568 0.899373 0.015365 0.017453
0 0.250651 0.898282 0.017969 0.016908
0 0.492057 0.958277 0.015885 0.016362
0 0.308984 0.628443 0.017448 0.016635
0 0.068099 0.500000 0.017969 0.020998
0 0.623307 0.898691 0.016927 0.016635
0 0.587630 0.929506 0.014844 0.014453
0 0.626432 0.708754 0.017969 0.015817
0 0.619401 0.329425 0.034635 0.036542
0 0.739062 0.630488 0.017188 0.015817
0 0.142969 0.547178 0.018229 0.019362
0 0.720703 0.630079 0.016927 0.016635
0 0.646745 0.629534 0.016406 0.015544
0 0.494401 0.771475 0.017969 0.019089
0 0.808333 0.793292 0.017708 0.017998
0 0.194401 0.897464 0.016406 0.015817
0 0.884115 0.819744 0.017188 0.019635
0 0.212630 0.943687 0.014844 0.014999
0 0.205990 0.198800 0.030208 0.031088
0 0.830729 0.559995 0.017708 0.022634
0 0.549609 0.898282 0.016406 0.014181
0 0.607161 0.630215 0.016406 0.017453
0 0.683464 0.628579 0.017969 0.015817
0 0.319792 0.230161 0.030208 0.034361
0 0.848047 0.661167 0.017448 0.019907
0 0.642448 0.927870 0.016146 0.016089
0 0.472786 0.911644 0.016927 0.016362
0 0.887109 0.557949 0.021615 0.020725
0 0.262370 0.261794 0.030990 0.029452
0 0.587500 0.899509 0.016667 0.016089
0 0.902083 0.916280 0.017188 0.017453
0 0.846354 0.947232 0.016146 0.015544
0 0.770312 0.931415 0.014583 0.017726
0 0.847917 0.677938 0.016667 0.017998
0 0.532161 0.772566 0.019531 0.017453
0 0.325911 0.914235 0.016406 0.018816
0 0.718359 0.773521 0.017448 0.017726
0 0.663542 0.773384 0.018229 0.017453
0 0.605469 0.899373 0.015104 0.017453
0 0.382552 0.628852 0.016667 0.016908
0 0.623047 0.957186 0.016927 0.016362
0 0.417839 0.771203 0.017969 0.018544
0 0.587760 0.958004 0.015625 0.016362
0 0.194271 0.928007 0.015104 0.014726
0 0.738281 0.662394 0.016667 0.015817
0 0.289323 0.707254 0.017188 0.014453
0 0.852474 0.509272 0.019010 0.019362
0 0.251172 0.790837 0.014844 0.020180
0 0.380339 0.897737 0.016406 0.013635
0 0.559896 0.262885 0.031250 0.029997
0 0.455078 0.676029 0.014844 0.015817
0 0.289583 0.628307 0.017188 0.015817
0 0.607161 0.693346 0.016406 0.016635
0 0.735156 0.929643 0.016667 0.015817
0 0.454167 0.772021 0.015104 0.021271
0 0.262500 0.136488 0.031771 0.036815
0 0.103125 0.770385 0.017708 0.019635
0 0.199089 0.502727 0.016927 0.020998
0 0.474349 0.628579 0.017448 0.017998
0 0.569010 0.899373 0.015625 0.017998
0 0.268880 0.911644 0.014844 0.015817
0 0.493229 0.820016 0.019792 0.018544
0 0.773958 0.694301 0.016146 0.016908
0 0.676302 0.329834 0.035417 0.044451
0 0.436979 0.676575 0.016146 0.016362
0 0.343880 0.899236 0.016406 0.014999
0 0.062760 0.896646 0.016667 0.016362
0 0.235677 0.500409 0.018750 0.017998
0 0.549609 0.913553 0.017448 0.017453
0 0.138672 0.896918 0.015885 0.014726
0 0.827214 0.929370 0.016406 0.015271
0 0.379948 0.263158 0.030729 0.035997
0 0.496875 0.293155 0.032292 0.031633
0 0.866276 0.774066 0.017969 0.020453
0 0.286719 0.940415 0.015625 0.014999
0 0.137760 0.943823 0.016146 0.014726
0 0.511589 0.912735 0.014844 0.015271
0 0.757292 0.630624 0.015104 0.016089
0 0.379427 0.165394 0.033854 0.029179
0 0.347396 0.645623 0.016667 0.017180
0 0.827083 0.901554 0.016667 0.014181
0 0.287370 0.912326 0.016406 0.014453
0 0.645833 0.708481 0.018229 0.015271
0 0.720052 0.678484 0.014063 0.015271
0 0.233333 0.771612 0.015104 0.019907
0 0.663802 0.663212 0.016667 0.018544
0 0.400000 0.663894 0.014583 0.017180
0 0.436849 0.691437 0.016406 0.015544
0 0.306250 0.924189 0.014583 0.015271
0 0.511458 0.942732 0.015104 0.015271
0 0.344922 0.771748 0.019010 0.016908
0 0.666667 0.526043 0.016667 0.019635
0 0.123958 0.521134 0.017708 0.021816
0 0.194531 0.913008 0.017188 0.016362
0 0.439193 0.199346 0.032031 0.034361
0 0.492839 0.928688 0.016406 0.014453
0 0.382161 0.692937 0.015365 0.015271
0 0.120052 0.896646 0.016146 0.015271
0 0.418750 0.708754 0.018750 0.016362
0 0.682682 0.708345 0.017969 0.016089
0 0.755729 0.772021 0.018229 0.018544
0 0.807943 0.820834 0.018490 0.019089
0 0.608333 0.646578 0.015625 0.017998
0 0.364714 0.691983 0.015365 0.015544
0 0.084505 0.676575 0.015885 0.017453
0 0.138542 0.912872 0.016667 0.018271
0 0.137500 0.958140 0.015625 0.014999
0 0.268620 0.955140 0.016406 0.016089
0 0.530078 0.898418 0.015365 0.013908
0 0.400391 0.679029 0.014323 0.014726
0 0.457031 0.523998 0.017188 0.019362
0 0.552083 0.629125 0.016667 0.015817
0 0.249609 0.942869 0.015885 0.013908
0 0.850260 0.532043 0.018229 0.018544
0 0.679297 0.913144 0.016406 0.013908
0 0.643099 0.897328 0.014844 0.013908
0 0.589844 0.629943 0.015104 0.014726
0 0.123828 0.500545 0.019010 0.018271
0 0.158333 0.789474 0.016667 0.019635
0 0.770964 0.903191 0.013802 0.017998
0 0.622266 0.203572 0.037240 0.038996
0 0.251042 0.819607 0.018229 0.020453
0 0.205599 0.232206 0.030990 0.034633
0 0.610677 0.525498 0.019271 0.019089
0 0.620182 0.263158 0.028906 0.033815
0 0.082812 0.911917 0.015625 0.016362
0 0.529167 0.946005 0.014583 0.014726
0 0.716797 0.900327 0.016927 0.016635
0 0.758333 0.646305 0.016667 0.016908
0 0.437240 0.707663 0.017188 0.015271
0 0.156641 0.958140 0.015365 0.015544
0 0.327604 0.628716 0.015625 0.014999
0 0.788542 0.916144 0.014583 0.014453
0 0.741536 0.505999 0.018490 0.019362
0 0.849349 0.559176 0.019010 0.020998
0 0.263281 0.200436 0.029687 0.030543
0 0.756510 0.678211 0.015625 0.015817
0 0.194271 0.941233 0.014063 0.014453
0 0.702344 0.629397 0.015625 0.016908
0 0.400391 0.708345 0.016406 0.014453
0 0.870833 0.510499 0.017188 0.020180
0 0.570703 0.772975 0.017969 0.020453
0 0.625000 0.795064 0.018229 0.019907
0 0.705078 0.526998 0.016927 0.022634
0 0.082161 0.944096 0.015365 0.015271
0 0.588151 0.914917 0.016406 0.016362
0 0.808073 0.930052 0.016146 0.014453
0 0.775260 0.646169 0.015625 0.016089
0 0.416536 0.957322 0.015885 0.015544
0 0.753776 0.946005 0.016406 0.014181
0 0.380339 0.911917 0.015885 0.014726
0 0.884505 0.694028 0.016927 0.015817
0 0.472917 0.770112 0.017708 0.019635
0 0.105078 0.501773 0.016927 0.021271
0 0.533594 0.628170 0.017188 0.015544
0 0.552214 0.693755 0.016927 0.016362
0 0.496224 0.675757 0.014323 0.018544
0 0.421094 0.527952 0.016146 0.021271
0 0.476042 0.550041 0.019792 0.022362
0 0.846484 0.960594 0.015365 0.015544
0 0.272396 0.503272 0.017708 0.020998
0 0.362109 0.898009 0.015885 0.013635
0 0.492057 0.942732 0.015365 0.015271
0 0.865495 0.793701 0.017969 0.019362
0 0.251563 0.770657 0.016146 0.018544
0 0.683203 0.675348 0.017969 0.014453
0 0.364974 0.646032 0.014844 0.015817
0 0.475781 0.523316 0.018229 0.020180
0 0.231641 0.898691 0.016927 0.017180
0 0.251953 0.628034 0.015885 0.015817
0 0.177734 0.770521 0.019010 0.018816
0 0.119401 0.974502 0.017969 0.016089
0 0.180078 0.501909 0.016406 0.020453
0 0.827474 0.819607 0.018490 0.020453
0 0.062891 0.958686 0.015365 0.014999
0 0.306120 0.937824 0.015885 0.014726
0 0.739193 0.645759 0.016406 0.016362
0 0.811328 0.628716 0.017448 0.017726
0 0.264193 0.293973 0.029427 0.032724
0 0.788021 0.932097 0.015104 0.018544
0 0.663672 0.690619 0.016927 0.017726
0 0.473698 0.674802 0.015104 0.016089
0 0.753776 0.916553 0.014844 0.014181
0 0.398568 0.914780 0.015365 0.014999
0 0.454818 0.691846 0.016406 0.016362
0 0.717969 0.975457 0.016667 0.014726
0 0.605208 0.944232 0.016146 0.016089
0 0.866016 0.628307 0.018490 0.018544
0 0.382943 0.708208 0.016406 0.014726
0 0.418490 0.660485 0.017188 0.015271
0 0.138151 0.929234 0.015885 0.016635
0 0.438672 0.165121 0.034115 0.031906
0 0.847005 0.819880 0.018490 0.020453
0 0.325651 0.958004 0.015885 0.016908
0 0.086719 0.521680 0.017188 0.020725
0 0.401823 0.551541 0.017708 0.021543
0 0.197526 0.547859 0.016406 0.018544
0 0.289453 0.644669 0.017448 0.017998
0 0.496354 0.627625 0.017708 0.015544
0 0.535156 0.525634 0.018229 0.019362
0 0.325391 0.934688 0.016927 0.018271
0 0.847135 0.692801 0.015625 0.015544
0 0.121354 0.770521 0.017708 0.018271
0 0.512630 0.772975 0.016406 0.018816
0 0.231771 0.912872 0.016146 0.014999
0 0.863802 0.914644 0.015625 0.014726
0 0.455859 0.644260 0.015885 0.013908
0 0.605469 0.958004 0.015625 0.013635
0 0.270313 0.645487 0.015104 0.015271
0 0.251172 0.674939 0.015885 0.016362
0 0.062240 0.943414 0.016667 0.018271
0 0.796094 0.556449 0.020313 0.020453
0 0.722135 0.555768 0.017188 0.021271
0 0.211458 0.957731 0.016146 0.014726
0 0.176823 0.927188 0.015104 0.017453
0 0.364714 0.707936 0.017969 0.015271
0 0.826953 0.959913 0.016406 0.015817
0 0.664062 0.708208 0.017708 0.015817
0 0.456641 0.550859 0.016406 0.022362
0 0.100651 0.973002 0.016927 0.015271
0 0.772786 0.773112 0.017448 0.017998
0 0.496745 0.139351 0.036719 0.035997
0 0.251693 0.691164 0.015885 0.016089
0 0.716667 0.928961 0.016667 0.016635
0 0.086068 0.546496 0.016927 0.019635
0 0.774740 0.662394 0.015625 0.017453
0 0.587630 0.943142 0.014323 0.013908
0 0.605078 0.914917 0.014844 0.015271
0 0.605990 0.794655 0.016667 0.019089
0 0.270052 0.675484 0.016146 0.017453
0 0.270052 0.659940 0.016146 0.016362
0 0.159505 0.642623 0.016927 0.016089
0 0.437240 0.628034 0.017188 0.015817
0 0.515104 0.644941 0.017188 0.019089
0 0.418880 0.644396 0.016406 0.016362
0 0.286979 0.926370 0.016667 0.015271
0 0.400521 0.692801 0.014583 0.016635
0 0.308333 0.819607 0.016667 0.019362
0 0.435547 0.912326 0.015365 0.014999
0 0.416927 0.942596 0.016146 0.015544
0 0.366667 0.503000 0.018229 0.018271
0 0.753906 0.931688 0.015104 0.017726
0 0.435807 0.790292 0.017448 0.018544
0 0.492969 0.913553 0.016146 0.016908
0 0.682552 0.659395 0.016146 0.018544
0 0.717969 0.793973 0.017708 0.018816
0 0.569141 0.821107 0.017448 0.017453
0 0.306120 0.972457 0.019010 0.016908
0 0.120182 0.911917 0.015365 0.015817
0 0.365234 0.629534 0.014844 0.018271
0 0.156901 0.896918 0.016927 0.016362
0 0.720833 0.647668 0.016667 0.018544
0 0.378516 0.294246 0.030990 0.028361
0 0.417969 0.691983 0.016667 0.016635
0 0.453516 0.792064 0.017448 0.019362
0 0.234766 0.642760 0.015365 0.016362
0 0.737370 0.678756 0.015885 0.017998
0 0.253646 0.501227 0.016146 0.019635
0 0.660937 0.975593 0.017188 0.014453
0 0.646224 0.645896 0.016406 0.018271
0 0.630078 0.526043 0.016927 0.021271
0 0.496354 0.262612 0.033333 0.031088
0 0.548828 0.928279 0.015885 0.013090
0 0.085286 0.658986 0.016406 0.016089
0 0.306510 0.897600 0.015104 0.014999
0 0.101823 0.912872 0.017188 0.017180
0 0.160286 0.547041 0.017448 0.018544
0 0.420312 0.551813 0.016146 0.019907
0 0.345573 0.692392 0.016146 0.016362
0 0.215755 0.641942 0.016406 0.014726
0 0.213151 0.912599 0.015365 0.016635
0 0.270052 0.691573 0.016146 0.015817
0 0.434635 0.927734 0.014063 0.015271
0 0.574609 0.504909 0.017969 0.018816
0 0.141016 0.690074 0.016927 0.016089
0 0.402083 0.504772 0.017188 0.022362
0 0.788932 0.959640 0.015885 0.014726
0 0.642057 0.943142 0.015885 0.015544
0 0.665104 0.643305 0.016146 0.017998
0 0.063151 0.910963 0.015885 0.013908
0 0.626823 0.659531 0.015625 0.014453
0 0.679948 0.293155 0.038021 0.028361
0 0.084766 0.691573 0.016406 0.015271
0 0.777083 0.507227 0.016146 0.022362
0 0.346094 0.628716 0.016667 0.017180
0 0.513021 0.819198 0.017188 0.021271
0 0.399219 0.789474 0.017188 0.017998
0 0.679427 0.898964 0.015104 0.014999
0 0.647396 0.554950 0.016667 0.021816
0 0.290885 0.550995 0.016146 0.020453
0 0.365495 0.550586 0.019010 0.020725
0 0.325260 0.898282 0.016146 0.014726
0 0.716536 0.944369 0.015885 0.015271
0 0.737630 0.709981 0.017448 0.015544
0 0.119531 0.958822 0.016146 0.015817
0 0.306250 0.953368 0.016146 0.016362
0 0.397786 0.956368 0.015365 0.015271
0 0.439974 0.135533 0.030990 0.028361
0 0.439583 0.292473 0.028646 0.034088
0 0.082031 0.929097 0.016146 0.017998
0 0.572135 0.630352 0.016146 0.017726
0 0.308724 0.690892 0.016406 0.017180
0 0.620313 0.295882 0.033854 0.029997
0 0.622526 0.235070 0.035677 0.026179
0 0.472005 0.956640 0.016406 0.015817
0 0.400000 0.771339 0.016146 0.017180
0 0.868229 0.558631 0.017708 0.018816
0 0.384766 0.503136 0.017448 0.018544
0 0.123177 0.547314 0.019271 0.018544
0 0.417578 0.927870 0.015365 0.014999
0 0.158854 0.769566 0.019271 0.016908
0 0.177865 0.626670 0.015104 0.014726
0 0.121484 0.658713 0.015885 0.015544
0 0.661458 0.912326 0.013542 0.013362
0 0.250000 0.912599 0.016667 0.013908
0 0.454297 0.943414 0.015365 0.016089
0 0.679557 0.944096 0.015885 0.019089
0 0.268750 0.939869 0.015104 0.015544
0 0.548438 0.820562 0.018750 0.019089
0 0.084635 0.627897 0.016667 0.018271
0 0.179036 0.642760 0.016927 0.019089
0 0.626823 0.674393 0.016146 0.015817
0 0.439583 0.526452 0.015104 0.022089
0 0.288542 0.819471 0.017708 0.018544
0 0.380990 0.926779 0.015104 0.016089
0 0.660417 0.942732 0.015104 0.016362
0 0.682813 0.690483 0.017188 0.016908
0 0.735417 0.945050 0.017188 0.016635
0 0.496484 0.707799 0.017448 0.014453
0 0.085026 0.643851 0.015885 0.014726
0 0.554427 0.553586 0.018229 0.022907
0 0.514453 0.677393 0.016927 0.015271
0 0.066536 0.703709 0.017448 0.014999
0 0.592969 0.505318 0.016667 0.020725
0 0.883333 0.929506 0.015625 0.013908
0 0.417187 0.897873 0.015625 0.013908
0 0.569792 0.795746 0.018229 0.018544
0 0.308594 0.550859 0.018229 0.021271
0 0.795703 0.528497 0.017448 0.021271
0 0.791276 0.693891 0.016406 0.016635
0 0.178776 0.673848 0.016406 0.017998
0 0.455078 0.707663 0.017969 0.015817
0 0.514974 0.692392 0.015885 0.016362
0 0.234375 0.659395 0.015104 0.016362
0 0.472396 0.896509 0.016667 0.016089
0 0.196224 0.690483 0.016406 0.016908
0 0.162370 0.500954 0.016927 0.017453
0 0.383594 0.551541 0.017708 0.021543
0 0.361589 0.926234 0.015365 0.014999
0 0.119792 0.927188 0.014583 0.016362
0 0.661328 0.898691 0.015365 0.014453
0 0.263672 0.329561 0.029948 0.038996
0 0.756901 0.663076 0.016406 0.016089
0 0.864583 0.946278 0.016146 0.015271
0 0.807552 0.916417 0.016146 0.015544
0 0.572396 0.662531 0.016667 0.015544
0 0.623047 0.913553 0.016406 0.014181
0 0.865104 0.820016 0.017708 0.021816
0 0.666536 0.554131 0.019531 0.019635
0 0.884896 0.773248 0.016146 0.021543
0 0.122656 0.643169 0.017188 0.017726
0 0.474349 0.644260 0.016406 0.014453
0 0.493490 0.793973 0.016146 0.017180
0 0.660677 0.927188 0.014583 0.015271
0 0.440885 0.502727 0.017188 0.018271
0 0.701302 0.708617 0.017708 0.015544
0 0.826562 0.915735 0.015104 0.015817
0 0.827344 0.793701 0.016146 0.018816
0 0.140755 0.704800 0.018490 0.014999
0 0.156380 0.927734 0.015365 0.017453
0 0.735938 0.975593 0.017188 0.014453
0 0.771354 0.960049 0.015104 0.014453
0 0.272266 0.523861 0.019010 0.017998
0 0.361979 0.819607 0.017708 0.018271
0 0.380729 0.324925 0.031771 0.034633
0 0.343880 0.820834 0.016927 0.020180
0 0.552734 0.645350 0.017448 0.017180
0 0.063151 0.972593 0.017969 0.014999
0 0.552734 0.662667 0.015885 0.015817
0 0.884766 0.628852 0.016927 0.018544
0 0.496094 0.658849 0.014583 0.016908
0 0.496615 0.692119 0.015625 0.016362
0 0.741406 0.526725 0.018750 0.019362
0 0.473047 0.972457 0.017969 0.015271
0 0.772266 0.820562 0.016927 0.019635
0 0.383984 0.525498 0.017969 0.018544
0 0.271484 0.550859 0.017969 0.018544
0 0.270443 0.706708 0.017448 0.014999
0 0.907682 0.560676 0.017969 0.024543
0 0.533594 0.708345 0.017708 0.014999
0 0.680078 0.975593 0.017448 0.014999
0 0.474609 0.659395 0.016406 0.016908
0 0.515104 0.662940 0.016146 0.016362
0 0.846224 0.913826 0.015365 0.015271
0 0.178516 0.547587 0.018490 0.018544
0 0.457943 0.504500 0.016406 0.019089
0 0.343099 0.957867 0.016406 0.017180
0 0.176042 0.912326 0.015625 0.014453
0 0.326562 0.819335 0.018229 0.018271
0 0.062891 0.925143 0.014844 0.016635
0 0.328125 0.551132 0.018229 0.019635
0 0.562500 0.136624 0.035417 0.029997
0 0.847135 0.628307 0.017708 0.017998
0 0.679297 0.927325 0.015885 0.015544
0 0.362630 0.940005 0.014844 0.014726
0 0.100651 0.943960 0.015885 0.016635
0 0.719531 0.709436 0.018229 0.014999
0 0.770833 0.915871 0.014063 0.013362
0 0.885026 0.658849 0.015885 0.015817
0 0.808073 0.959913 0.016146 0.015271
0 0.755339 0.709981 0.019010 0.016089
0 0.308724 0.644941 0.016927 0.017998
0 0.472917 0.926916 0.015104 0.015817
0 0.159766 0.658849 0.016406 0.016362
0 0.883724 0.960594 0.016927 0.016635
0 0.569010 0.931961 0.016146 0.016089
0 0.067969 0.521680 0.017188 0.021816
0 0.159766 0.690210 0.015885 0.015817
0 0.572786 0.645623 0.016406 0.016635
0 0.626172 0.772702 0.017448 0.016635
0 0.885026 0.644805 0.015885 0.014453
0 0.364844 0.660758 0.015625 0.014181
0 0.473568 0.708072 0.017969 0.015544
0 0.156771 0.911235 0.015625 0.014453
0 0.645312 0.692255 0.016146 0.015544
0 0.249740 0.973548 0.016667 0.014726
0 0.137370 0.973412 0.016927 0.014999
0 0.288802 0.792746 0.016146 0.019089
0 0.327344 0.707663 0.018750 0.015817
0 0.492969 0.974230 0.018750 0.016089
0 0.251563 0.643851 0.016146 0.016908
0 0.644401 0.821516 0.016927 0.022089
0 0.141276 0.675075 0.017969 0.016089
0 0.847266 0.708208 0.017969 0.015271
0 0.121224 0.817562 0.015365 0.021816
0 0.195052 0.971503 0.015625 0.013908
0 0.643229 0.974775 0.017708 0.015544
0 0.215625 0.659122 0.017188 0.016908
0 0.534245 0.661167 0.016406 0.017726
0 0.548438 0.958413 0.016146 0.016089
0 0.471615 0.941233 0.014583 0.014999
0 0.735547 0.958958 0.016406 0.014453
0 0.698828 0.913417 0.015885 0.015544
0 0.269010 0.820153 0.015625 0.019362
0 0.198307 0.523998 0.017448 0.017726
0 0.453776 0.897191 0.016927 0.016908
0 0.268620 0.926507 0.014844 0.013908
0 0.232161 0.973139 0.017448 0.014999
0 0.306510 0.910417 0.014063 0.012817
0 0.327083 0.691710 0.016667 0.016635
0 0.454688 0.928416 0.016146 0.017180
0 0.082812 0.972048 0.016667 0.013908
0 0.686849 0.503136 0.017448 0.016362
0 0.642318 0.958413 0.015885 0.016089
0 0.865625 0.693346 0.016146 0.015544
0 0.625781 0.691710 0.016667 0.017180
0 0.866276 0.660213 0.017448 0.019635
0 0.195833 0.771339 0.016667 0.020453
0 0.382682 0.677393 0.014844 0.016908
0 0.680078 0.959776 0.014844 0.014999
0 0.417318 0.912599 0.015365 0.014453
0 0.759115 0.527816 0.016146 0.021543
0 0.176302 0.973002 0.017188 0.015271
0 0.065885 0.665939 0.015625 0.019635
0 0.213281 0.928825 0.015625 0.017998
0 0.178906 0.523998 0.017188 0.019362
0 0.607552 0.708481 0.017708 0.014181
0 0.890495 0.510908 0.020573 0.023180
0 0.249219 0.956777 0.016146 0.015544
0 0.216016 0.522634 0.015885 0.019907
0 0.567839 0.960731 0.015365 0.014181
0 0.197135 0.643032 0.016146 0.015817
0 0.476562 0.503272 0.017708 0.019907
0 0.233073 0.691983 0.015104 0.014999
0 0.528906 0.959640 0.015625 0.014726
0 0.326953 0.660485 0.015885 0.016362
0 0.883594 0.944641 0.016146 0.016362
0 0.511458 0.928279 0.013542 0.015271
0 0.530078 0.820425 0.017969 0.018816
0 0.473438 0.691573 0.017188 0.017998
0 0.611068 0.505318 0.017969 0.019635
0 0.346224 0.660213 0.016406 0.014181
0 0.685286 0.554813 0.016406 0.020998
0 0.607422 0.772566 0.015885 0.017998
0 0.065755 0.628307 0.015885 0.019089
0 0.827083 0.944232 0.016146 0.014999
0 0.828516 0.975320 0.017969 0.014999
0 0.437500 0.643442 0.016146 0.014999
0 0.716146 0.914508 0.015625 0.013362
0 0.216146 0.502045 0.016146 0.021271
0 0.698047 0.935642 0.016927 0.019635
0 0.215234 0.627216 0.016927 0.016908
0 0.497656 0.552768 0.018750 0.020180
0 0.082422 0.896646 0.015885 0.015271
0 0.791406 0.677120 0.016146 0.015817
0 0.866406 0.644123 0.016667 0.014181
0 0.808073 0.975320 0.016667 0.013908
0 0.510807 0.957186 0.015365 0.015271
0 0.735286 0.899100 0.015885 0.013635
0 0.326953 0.771203 0.018490 0.017453
0 0.401953 0.526316 0.016927 0.018544
0 0.289714 0.667167 0.016406 0.023180
0 0.811328 0.644805 0.016927 0.015544
0 0.626953 0.645214 0.015885 0.014181
0 0.308464 0.707390 0.017969 0.014726
0 0.773958 0.710390 0.017188 0.015817
0 0.175391 0.957322 0.015885 0.016635
0 0.496224 0.643032 0.015885 0.015817
0 0.422266 0.505181 0.017448 0.023725
0 0.548698 0.942460 0.016146 0.016362
0 0.231380 0.927870 0.016406 0.016089
0 0.253125 0.551268 0.016667 0.017726
0 0.291927 0.502045 0.017708 0.018544
0 0.157943 0.819880 0.016927 0.019907
0 0.588672 0.973548 0.017969 0.014726
0 0.720052 0.663758 0.015104 0.015817
0 0.810026 0.675484 0.016927 0.015817
0 0.285807 0.954868 0.016406 0.016089
0 0.808073 0.945323 0.016667 0.016635
0 0.104427 0.640578 0.015625 0.018544
0 0.536198 0.504227 0.018229 0.020725
0 0.329688 0.502454 0.018229 0.019907
0 0.436589 0.770930 0.016406 0.016908
0 0.716667 0.959367 0.016146 0.015817
0 0.066276 0.645350 0.016406 0.016635
0 0.103125 0.657622 0.014583 0.016635
0 0.268750 0.771339 0.018750 0.020453
0 0.699349 0.975184 0.017969 0.015271
0 0.847005 0.773384 0.016406 0.017998
0 0.902344 0.935233 0.016146 0.019907
0 0.775911 0.555359 0.017448 0.020998
0 0.269141 0.791928 0.016927 0.017998
0 0.159375 0.705209 0.017188 0.015271
0 0.678906 0.266294 0.031771 0.029179
0 0.342839 0.974911 0.017448 0.015817
0 0.590495 0.645759 0.015885 0.017453
0 0.736719 0.793973 0.015625 0.018816
0 0.902995 0.773384 0.015885 0.022362
0 0.864974 0.976139 0.017448 0.014999
0 0.571745 0.678347 0.015885 0.016089
0 0.736328 0.773248 0.014844 0.018271
0 0.514974 0.628170 0.015885 0.014453
0 0.083724 0.771475 0.017448 0.019635
0 0.788932 0.975866 0.016406 0.014453
0 0.533203 0.692801 0.016927 0.016089
0 0.346484 0.707390 0.016927 0.014726
0 0.498568 0.522362 0.016927 0.019907
0 0.607422 0.677120 0.016406 0.016362
0 0.346484 0.550723 0.017969 0.019907
0 0.753776 0.958549 0.017448 0.015271
0 0.810677 0.708754 0.018750 0.016362
0 0.178385 0.705481 0.017708 0.015817
0 0.864583 0.960731 0.015625 0.015817
0 0.512500 0.791246 0.016667 0.016635
0 0.723177 0.527270 0.016146 0.021543
0 0.555078 0.503954 0.017448 0.020180
0 0.398177 0.928007 0.014063 0.013090
0 0.755339 0.792201 0.016927 0.017998
0 0.161589 0.521953 0.016927 0.020725
0 0.660286 0.958822 0.014323 0.016908
0 0.232813 0.789610 0.014583 0.017180
0 0.102604 0.817698 0.017188 0.021543
0 0.777214 0.529861 0.016406 0.021816
0 0.214974 0.691028 0.016406 0.015817
0 0.735286 0.913144 0.015885 0.016635
0 0.588932 0.773384 0.015365 0.019089
0 0.398177 0.941233 0.013542 0.016635
0 0.512109 0.897873 0.015885 0.014453
0 0.325781 0.973684 0.017708 0.014999
0 0.065885 0.688574 0.016667 0.016908
0 0.215365 0.548132 0.016667 0.019089
0 0.309896 0.501773 0.017708 0.020180
0 0.286979 0.972184 0.017708 0.016362
0 0.156641 0.943005 0.015365 0.014181
0 0.289323 0.691573 0.016146 0.018544
0 0.103125 0.789201 0.017708 0.017998
0 0.555599 0.525770 0.016406 0.021816
0 0.104297 0.546905 0.019010 0.018816
0 0.156771 0.973684 0.017188 0.015544
0 0.434766 0.818926 0.017969 0.019635
0 0.550911 0.771884 0.016927 0.019907
0 0.362240 0.973684 0.017708 0.016635
0 0.380469 0.819198 0.018229 0.017998
0 0.206120 0.134442 0.028906 0.032724
0 0.139714 0.770248 0.017448 0.018816
0 0.814714 0.507363 0.017969 0.019907
0 0.105208 0.521407 0.018229 0.017453
0 0.327214 0.644260 0.015365 0.016089
0 0.212760 0.972866 0.019271 0.014999
0 0.342969 0.934824 0.016667 0.020180
0 0.139583 0.790974 0.017188 0.019362
0 0.308724 0.524680 0.017448 0.019635
0 0.697786 0.958958 0.016406 0.016635
0 0.454427 0.912872 0.016146 0.014999
0 0.196745 0.627488 0.015885 0.016362
0 0.865625 0.709026 0.017188 0.015271
0 0.103385 0.674530 0.016146 0.016635
0 0.121484 0.674393 0.016406 0.016362
0 0.345703 0.676166 0.015365 0.016089
0 0.143229 0.522089 0.017188 0.019362
0 0.233724 0.676848 0.014844 0.015817
0 0.141797 0.658849 0.016406 0.016908
0 0.552083 0.708481 0.017188 0.014726
0 0.121354 0.689937 0.016667 0.015817
0 0.514844 0.708072 0.016667 0.014453
0 0.249740 0.928552 0.014583 0.017453
0 0.178385 0.690074 0.016146 0.016089
0 0.434635 0.956504 0.015625 0.014999
0 0.552214 0.677802 0.014844 0.015544
0 0.534635 0.551950 0.017708 0.020725
0 0.213802 0.787974 0.015625 0.016089
0 0.529557 0.974639 0.017448 0.014726
0 0.774609 0.677802 0.014844 0.015544
0 0.789583 0.820698 0.015625 0.019907
0 0.753906 0.975593 0.017188 0.014453
0 0.739583 0.555359 0.017188 0.021543
0 0.701693 0.653668 0.015885 0.021816
0 0.621354 0.137306 0.035937 0.031361
0 0.215234 0.676302 0.018490 0.016362
0 0.847135 0.792746 0.015625 0.018544
0 0.327344 0.675211 0.016667 0.015817
0 0.646484 0.661576 0.015885 0.016362
0 0.568229 0.974093 0.017188 0.013635
0 0.686068 0.524680 0.017969 0.019089
0 0.455339 0.660213 0.015885 0.016908
0 0.178255 0.658713 0.015885 0.014453
0 0.757292 0.555768 0.018750 0.019089
0 0.251563 0.659395 0.016146 0.015817
0 0.175781 0.897873 0.015625 0.017180
0 0.606510 0.973821 0.017708 0.015817
0 0.683073 0.643714 0.015625 0.016089
0 0.251563 0.706572 0.017188 0.014726
0 0.754818 0.819607 0.017448 0.020453
0 0.103385 0.690346 0.016667 0.016089
0 0.622656 0.927188 0.015625 0.014181
0 0.548958 0.974230 0.017188 0.014453
0 0.511068 0.973684 0.016927 0.015544
0 0.197005 0.706436 0.017448 0.015544
0 0.703646 0.556040 0.017708 0.017453
0 0.085677 0.705618 0.018750 0.015544
0 0.624349 0.973957 0.016927 0.015544
0 0.308594 0.667712 0.016146 0.019907
0 0.568229 0.946550 0.014063 0.015271
0 0.532161 0.792064 0.016927 0.017726
0 0.628516 0.555086 0.017969 0.019362
0 0.472266 0.818653 0.016406 0.019635
0 0.380599 0.973412 0.017448 0.015544
0 0.291276 0.524543 0.016927 0.022089
0 0.884245 0.677938 0.016406 0.017453
0 0.515755 0.551541 0.017448 0.019907
0 0.347135 0.524816 0.017188 0.019362
0 0.533724 0.643987 0.015885 0.016089
0 0.883073 0.916689 0.016146 0.013908
0 0.441016 0.326834 0.035156 0.035724
0 0.736458 0.820698 0.017188 0.019907
0 0.754297 0.902236 0.015365 0.017726
0 0.705599 0.504091 0.019010 0.016635
0 0.159115 0.674257 0.015104 0.015544
0 0.848307 0.644123 0.016927 0.017453
0 0.572266 0.708890 0.017448 0.014453
0 0.437370 0.660485 0.014844 0.016908
0 0.884115 0.975593 0.018229 0.014999
0 0.348177 0.502591 0.017188 0.016908
0 0.176432 0.942187 0.016406 0.014726
0 0.103255 0.705209 0.017448 0.014181
0 0.846875 0.977093 0.017188 0.015271
0 0.792188 0.709436 0.017188 0.015544
0 0.176953 0.791110 0.016927 0.020180
0 0.433594 0.942051 0.016146 0.014999
0 0.101562 0.928825 0.015104 0.015817
0 0.122135 0.627079 0.016146 0.016635
0 0.067318 0.545405 0.015885 0.022362
0 0.591016 0.676439 0.014844 0.015544
0 0.698698 0.899100 0.016146 0.013635
0 0.235156 0.520453 0.016146 0.018816
0 0.497396 0.503818 0.016146 0.016089
0 0.453385 0.973957 0.017708 0.015544
0 0.814063 0.527543 0.018229 0.018816
0 0.902865 0.961140 0.016146 0.017180
0 0.215885 0.706436 0.017188 0.014999
0 0.810026 0.691846 0.016927 0.016908
0 0.589844 0.708208 0.015625 0.013635
0 0.325781 0.792610 0.017188 0.017726
0 0.699349 0.820834 0.017448 0.016908
0 0.454167 0.818244 0.016146 0.020998
0 0.343880 0.792064 0.016406 0.016635
0 0.903255 0.976275 0.017448 0.014726
0 0.810417 0.660349 0.016146 0.016635
0 0.680859 0.821925 0.017969 0.015271
0 0.213932 0.818516 0.015885 0.018816
0 0.789844 0.773930 0.015104 0.021816
0 0.682682 0.176166 0.032552 0.028906
0 0.438932 0.262749 0.030990 0.023180
0 0.141667 0.626398 0.015104 0.014181
0 0.902344 0.795882 0.015104 0.017180
0 0.121354 0.705481 0.017188 0.014726
0 0.453255 0.958140 0.015885 0.015544
0 0.398958 0.973002 0.016667 0.014726
0 0.268490 0.973275 0.017708 0.015271
0 0.884635 0.709163 0.017708 0.014999
0 0.195964 0.819198 0.017969 0.022362
0 0.269141 0.897055 0.014844 0.013908
0 0.195964 0.790974 0.015365 0.019907
0 0.645833 0.677257 0.016146 0.016089
0 0.591016 0.526179 0.020573 0.019907
0 0.233203 0.706299 0.016406 0.014181
0 0.380859 0.941369 0.014323 0.014726
0 0.139453 0.817289 0.014323 0.020725
0 0.417448 0.788519 0.016146 0.015544
0 0.416797 0.973548 0.017448 0.015271
0 0.328385 0.523180 0.016667 0.017726
0 0.064583 0.771748 0.016667 0.022907
0 0.759245 0.505999 0.016406 0.019362
0 0.473307 0.790019 0.015885 0.017998
0 0.588802 0.797246 0.015104 0.024816
0 0.253516 0.522362 0.015365 0.019362
0 0.417057 0.818789 0.015885 0.018816
0 0.864844 0.900464 0.015625 0.013635
0 0.593359 0.555222 0.017969 0.017453
0 0.662500 0.821380 0.017708 0.015817
0 0.159635 0.626398 0.016146 0.014726
0 0.196745 0.673030 0.016406 0.017453
0 0.104427 0.625579 0.014583 0.014181
0 0.665234 0.628307 0.015365 0.014181
0 0.622526 0.942323 0.015365 0.016089
0 0.533724 0.676848 0.014323 0.015271
0 0.772656 0.792064 0.015625 0.018271
0 0.572396 0.554950 0.017708 0.021271
0 0.122135 0.789337 0.015625 0.018271
0 0.771484 0.976139 0.015885 0.014453
0 0.723698 0.504909 0.017188 0.019362
0 0.561719 0.167439 0.028646 0.027816
0 0.399609 0.818653 0.016406 0.021271
0 0.434896 0.972730 0.016667 0.015271
0 0.196224 0.657486 0.015885 0.014726
0 0.232031 0.818653 0.016146 0.017998
0 0.901432 0.900600 0.015365 0.013908
0 0.610417 0.553722 0.016146 0.023180
0 0.846484 0.900600 0.015885 0.012817
0 0.234115 0.627216 0.015104 0.016908
0 0.683073 0.111808 0.038021 0.039269
0 0.214323 0.770521 0.015104 0.017726
0 0.667839 0.502727 0.016406 0.014999
0 0.496224 0.325607 0.033073 0.023452
0 0.813151 0.556995 0.014844 0.020998
0 0.869661 0.533133 0.017969 0.019635
0 0.718099 0.820971 0.016406 0.019907
0 0.905208 0.587537 0.020313 0.024816
0 0.231250 0.941914 0.016146 0.014181
0 0.829818 0.586719 0.019531 0.022089
0 0.083073 0.817426 0.018229 0.019362
0 0.307292 0.771748 0.017188 0.017453
0 0.685937 0.075539 0.033854 0.043087
0 0.176432 0.820289 0.015885 0.016908
0 0.289714 0.771475 0.017969 0.019635
0 0.517318 0.503000 0.016406 0.016089
0 0.065104 0.817562 0.014583 0.020725
