0 0.552117 0.083012 0.024647 0.052539
0 0.595390 0.959370 0.023895 0.046935
0 0.309784 0.042907 0.020884 0.047986
0 0.526246 0.136602 0.024083 0.052539
0 0.283255 0.452189 0.026529 0.046935
0 0.233396 0.086865 0.024647 0.043433
0 0.233114 0.590018 0.023706 0.047986
0 0.403857 0.910333 0.024271 0.047636
0 0.355597 0.817688 0.019567 0.042382
0 0.866416 0.647285 0.028975 0.051138
0 0.866228 0.598599 0.025212 0.044834
0 0.526152 0.047285 0.026529 0.045534
0 0.472060 0.545709 0.025964 0.048336
0 0.284760 0.137478 0.024647 0.046585
0 0.915428 0.632925 0.023518 0.046935
0 0.814299 0.679685 0.022201 0.050788
0 0.179680 0.962347 0.024835 0.050788
0 0.915334 0.816813 0.022954 0.046235
0 0.745626 0.227145 0.021072 0.043082
0 0.788523 0.410858 0.024083 0.039229
0 0.133960 0.172855 0.026341 0.045884
0 0.553340 0.134151 0.027469 0.047636
0 0.551082 0.270578 0.026341 0.049387
0 0.695673 0.178984 0.026905 0.045534
0 0.600941 0.090543 0.022201 0.040981
0 0.768579 0.275832 0.022954 0.051489
0 0.253904 0.727846 0.023518 0.049037
0 0.816275 0.869352 0.025776 0.049737
0 0.283349 0.088441 0.022201 0.046585
0 0.788899 0.732574 0.022201 0.036778
0 0.152775 0.960070 0.022954 0.047636
0 0.694732 0.317863 0.023142 0.048687
0 0.134337 0.037303 0.023330 0.038879
0 0.473001 0.689317 0.023330 0.044834
0 0.305927 0.684413 0.024083 0.049037
0 0.815804 0.732049 0.028222 0.053940
0 0.229727 0.829772 0.019191 0.038529
0 0.744873 0.272855 0.020696 0.044834
0 0.867733 0.321191 0.022201 0.040630
0 0.552493 0.181786 0.027281 0.046235
0 0.695296 0.267426 0.023895 0.043783
0 0.331421 0.812609 0.026905 0.046935
0 0.184102 0.226970 0.020884 0.044834
0 0.449483 0.866025 0.022954 0.052189
0 0.742709 0.366550 0.020884 0.045184
0 0.622013 0.180210 0.022578 0.046585
0 0.817592 0.088266 0.025400 0.054641
0 0.578833 0.311384 0.027658 0.046935
0 0.131797 0.766025 0.025776 0.039229
0 0.550894 0.319965 0.024459 0.047986
0 0.769991 0.077408 0.024647 0.036427
0 0.253434 0.825919 0.025212 0.045534
0 0.258231 0.227846 0.023142 0.044483
0 0.308655 0.090193 0.025024 0.038179
0 0.132549 0.312259 0.025024 0.047285
0 0.743932 0.318389 0.023330 0.048336
0 0.570273 0.950263 0.025588 0.043433
0 0.257103 0.181086 0.023895 0.048336
0 0.449765 0.914361 0.024647 0.038879
0 0.724177 0.136778 0.023330 0.043082
0 0.892380 0.272329 0.024083 0.051489
0 0.474130 0.448161 0.024083 0.046585
0 0.281373 0.776357 0.028410 0.047986
0 0.181656 0.823292 0.025024 0.040981
0 0.520320 0.682487 0.023895 0.045884
0 0.180809 0.905779 0.026341 0.048336
0 0.570367 0.862872 0.023142 0.041681
0 0.695955 0.091944 0.028598 0.047285
0 0.159172 0.271103 0.025964 0.049037
0 0.155315 0.680560 0.023518 0.051138
0 0.866698 0.409632 0.023895 0.041681
0 0.180151 0.734676 0.023142 0.051489
0 0.259360 0.134676 0.026152 0.042382
0 0.525870 0.091419 0.024835 0.040630
0 0.815052 0.815587 0.026717 0.054991
0 0.792004 0.323292 0.022013 0.046235
0 0.815146 0.958144 0.024271 0.041681
0 0.915710 0.729947 0.025588 0.049737
0 0.257291 0.319264 0.024647 0.047285
0 0.816087 0.914536 0.027281 0.035026
0 0.768297 0.179510 0.023895 0.045184
0 0.720226 0.538179 0.027846 0.053590
0 0.552587 0.225744 0.024835 0.042382
0 0.258137 0.085114 0.024459 0.047636
0 0.789840 0.369527 0.023330 0.042732
0 0.815428 0.450088 0.025588 0.053940
0 0.696519 0.133800 0.028222 0.041331
0 0.766510 0.584413 0.021825 0.047986
0 0.601787 0.457618 0.023518 0.040981
0 0.157291 0.725394 0.023330 0.037828
0 0.643932 0.773030 0.026529 0.041331
0 0.330386 0.956392 0.024459 0.052890
0 0.747695 0.090193 0.020696 0.045884
0 0.868109 0.551138 0.025964 0.049387
0 0.306115 0.548161 0.024083 0.046935
0 0.449577 0.449912 0.021261 0.047285
0 0.623236 0.135377 0.018250 0.038179
0 0.843932 0.093870 0.025024 0.053240
0 0.496049 0.727496 0.019003 0.045534
0 0.840734 0.456392 0.023895 0.042032
0 0.208184 0.867951 0.025024 0.044133
0 0.280715 0.728196 0.026717 0.048336
0 0.867357 0.273555 0.021449 0.049737
0 0.400847 0.543783 0.019379 0.050088
0 0.307714 0.821191 0.020132 0.051489
0 0.500376 0.091594 0.022013 0.043082
0 0.403481 0.044483 0.020884 0.044834
0 0.866416 0.454991 0.022954 0.046935
0 0.769050 0.326445 0.022389 0.042032
0 0.355221 0.599475 0.024459 0.046585
0 0.448448 0.816287 0.026529 0.045184
0 0.518062 0.953240 0.023142 0.054291
0 0.279868 0.635377 0.019379 0.042032
0 0.305833 0.948511 0.020508 0.054641
0 0.768956 0.225394 0.023706 0.042382
0 0.280997 0.592995 0.022013 0.044834
0 0.817027 0.599475 0.023895 0.039580
0 0.600847 0.046760 0.022013 0.043783
0 0.696519 0.045534 0.025964 0.048336
0 0.720320 0.406830 0.025776 0.040981
0 0.256444 0.870753 0.025212 0.042032
0 0.155880 0.767776 0.020132 0.035727
0 0.402634 0.090893 0.020696 0.039580
0 0.618438 0.956392 0.020320 0.047285
0 0.545626 0.862522 0.023706 0.045184
0 0.495390 0.767776 0.019944 0.032224
0 0.787394 0.780560 0.022578 0.056392
0 0.207526 0.912434 0.025212 0.041331
0 0.380433 0.639229 0.027093 0.046235
0 0.356444 0.767776 0.023895 0.049737
0 0.863688 0.915236 0.020508 0.034326
0 0.725024 0.093345 0.023895 0.041681
0 0.357667 0.077058 0.024459 0.049737
0 0.380715 0.090543 0.021637 0.040280
0 0.766416 0.368651 0.020884 0.041681
0 0.355315 0.549387 0.021637 0.052890
0 0.153716 0.910683 0.021825 0.046235
0 0.914581 0.680911 0.023706 0.041331
0 0.577705 0.087391 0.023142 0.047285
0 0.597178 0.767951 0.024083 0.048687
0 0.648166 0.194046 0.025964 0.056042
0 0.644309 0.960420 0.026152 0.034326
0 0.183443 0.322767 0.024459 0.045184
0 0.402070 0.959545 0.023330 0.041681
0 0.355691 0.909982 0.025024 0.049737
0 0.519003 0.900175 0.024271 0.040630
0 0.281750 0.407531 0.027281 0.040280
0 0.868674 0.094396 0.021449 0.041681
0 0.334995 0.098424 0.023895 0.058844
0 0.306021 0.635201 0.027658 0.047285
0 0.843462 0.553240 0.022954 0.054991
0 0.720226 0.365499 0.022954 0.041681
0 0.815992 0.043433 0.025588 0.032925
0 0.255033 0.408932 0.023518 0.042382
0 0.254563 0.776708 0.024083 0.048687
0 0.083349 0.229422 0.023706 0.051839
0 0.378175 0.594921 0.021449 0.042382
0 0.841769 0.326445 0.026717 0.041331
0 0.232173 0.449212 0.025212 0.047285
0 0.570649 0.817513 0.025964 0.049737
0 0.472625 0.644308 0.022578 0.041681
0 0.524741 0.188616 0.024835 0.047285
0 0.868579 0.364974 0.024647 0.038529
0 0.232643 0.542032 0.026152 0.048687
0 0.644403 0.819264 0.024083 0.042732
0 0.080151 0.820841 0.026717 0.038879
0 0.281844 0.368301 0.026717 0.039580
0 0.336124 0.151489 0.023142 0.045884
0 0.257479 0.271979 0.025776 0.046585
0 0.229445 0.785289 0.022389 0.048336
0 0.060019 0.036427 0.024083 0.040630
0 0.131985 0.358319 0.020508 0.042032
0 0.283537 0.184413 0.019944 0.045884
0 0.401317 0.717338 0.018062 0.041331
0 0.816745 0.636077 0.023706 0.032925
0 0.280621 0.680736 0.023518 0.040280
0 0.894826 0.326970 0.027846 0.048687
0 0.844214 0.045709 0.021072 0.035377
0 0.500564 0.137303 0.022766 0.049037
0 0.306397 0.731173 0.021261 0.042382
0 0.381562 0.685114 0.023330 0.048336
0 0.471872 0.734326 0.022578 0.045184
0 0.868297 0.186340 0.024083 0.044834
0 0.132173 0.220665 0.022766 0.041331
0 0.865005 0.959194 0.027281 0.045184
0 0.231232 0.401576 0.021825 0.041681
0 0.254563 0.915587 0.021825 0.041331
0 0.232549 0.636602 0.021825 0.043783
0 0.281656 0.959545 0.024459 0.043082
0 0.787394 0.827671 0.023330 0.036427
0 0.892756 0.597373 0.023706 0.035377
0 0.283537 0.240806 0.024083 0.053590
0 0.106961 0.366200 0.023142 0.040280
0 0.790122 0.451664 0.022766 0.044483
0 0.182502 0.634676 0.022578 0.042732
0 0.742709 0.453765 0.019755 0.047285
0 0.379774 0.402977 0.025024 0.044483
0 0.572154 0.772680 0.025588 0.047636
0 0.425776 0.589842 0.022578 0.047636
0 0.842992 0.140280 0.022389 0.037478
0 0.577140 0.394746 0.026905 0.047636
0 0.181373 0.781086 0.027469 0.045534
0 0.865663 0.868126 0.025588 0.047285
0 0.893227 0.142382 0.023895 0.041681
0 0.180527 0.682487 0.025776 0.050088
0 0.231421 0.316637 0.022954 0.042032
0 0.545437 0.907180 0.024459 0.042032
0 0.544967 0.813310 0.023518 0.054641
0 0.744026 0.408231 0.021637 0.037478
0 0.571308 0.906830 0.024271 0.038529
0 0.356350 0.957268 0.023330 0.037128
0 0.356538 0.685114 0.023706 0.038529
0 0.576482 0.450438 0.027093 0.058144
0 0.206397 0.821016 0.024083 0.043433
0 0.230668 0.269877 0.023706 0.044483
0 0.184102 0.275482 0.023895 0.048687
0 0.644309 0.546935 0.023518 0.040981
0 0.544779 0.686515 0.023142 0.044834
0 0.619285 0.272680 0.024271 0.049387
0 0.284290 0.039930 0.024083 0.043433
0 0.596519 0.860070 0.022013 0.041681
0 0.284008 0.292294 0.023518 0.047285
0 0.866698 0.822242 0.025400 0.043082
0 0.132079 0.401226 0.023330 0.043082
0 0.579586 0.262347 0.026152 0.045534
0 0.939229 0.102277 0.023706 0.046235
0 0.329727 0.596848 0.023142 0.032224
0 0.716557 0.739405 0.025776 0.035727
0 0.916745 0.588967 0.023895 0.036077
0 0.473283 0.402102 0.025024 0.043433
0 0.081373 0.541856 0.019003 0.041331
0 0.232361 0.041331 0.024083 0.041331
0 0.764346 0.735552 0.022389 0.043433
0 0.447507 0.723818 0.021261 0.038879
0 0.643744 0.728546 0.026905 0.043433
0 0.205927 0.686515 0.024271 0.044133
0 0.061336 0.083012 0.023330 0.049037
0 0.232267 0.226445 0.020884 0.036077
0 0.207808 0.592294 0.025776 0.046935
0 0.357949 0.275131 0.023895 0.042382
0 0.061994 0.184413 0.020884 0.037478
0 0.084478 0.274431 0.022954 0.033975
0 0.693509 0.448862 0.022201 0.043082
0 0.717874 0.692469 0.025776 0.054641
0 0.257197 0.591243 0.021825 0.046935
0 0.645908 0.680911 0.027469 0.045534
0 0.721355 0.232574 0.024459 0.046235
0 0.818438 0.139755 0.023706 0.044133
0 0.426529 0.960771 0.027469 0.047636
0 0.867545 0.044308 0.021449 0.048687
0 0.131515 0.677583 0.023706 0.037478
0 0.815804 0.774956 0.030103 0.029772
0 0.280903 0.542907 0.024459 0.047636
0 0.817121 0.272504 0.020696 0.048336
0 0.331421 0.547811 0.022389 0.059545
0 0.792192 0.232925 0.022013 0.049037
0 0.789182 0.683363 0.022389 0.050438
0 0.520414 0.824343 0.024459 0.039580
0 0.305456 0.590368 0.020132 0.034676
0 0.791157 0.551489 0.023330 0.040981
0 0.792850 0.279159 0.022578 0.039229
0 0.400470 0.811384 0.020884 0.045184
0 0.255221 0.959019 0.024647 0.042032
0 0.378739 0.547285 0.021449 0.051489
0 0.158420 0.317513 0.024083 0.044483
0 0.357761 0.322242 0.023518 0.046235
0 0.572437 0.633975 0.025776 0.047636
0 0.157479 0.543783 0.027846 0.050088
0 0.766416 0.533800 0.022766 0.043433
0 0.766322 0.410858 0.018815 0.040630
0 0.401411 0.594746 0.024647 0.049737
0 0.381562 0.452014 0.031609 0.047285
0 0.864346 0.691243 0.027469 0.029072
0 0.209690 0.640280 0.023142 0.046935
0 0.544873 0.727496 0.023330 0.035026
0 0.205456 0.774606 0.024083 0.042382
0 0.623989 0.324869 0.023895 0.052189
0 0.130103 0.817163 0.023518 0.053240
0 0.694920 0.224168 0.023518 0.032925
0 0.206961 0.096322 0.024459 0.053240
0 0.129257 0.539405 0.025588 0.038529
0 0.379774 0.779860 0.022013 0.045884
0 0.792192 0.094221 0.019379 0.044133
0 0.939417 0.146060 0.025964 0.038529
0 0.230386 0.962347 0.022766 0.047986
0 0.280997 0.909982 0.026152 0.055342
0 0.180809 0.861296 0.026717 0.033625
0 0.447319 0.770228 0.024271 0.044834
0 0.623236 0.091594 0.020508 0.046585
0 0.404327 0.228196 0.021449 0.040280
0 0.379962 0.045534 0.021261 0.049037
0 0.379586 0.963573 0.019755 0.039930
0 0.893791 0.094571 0.024271 0.055342
0 0.786642 0.958319 0.025212 0.050438
0 0.476294 0.180210 0.021637 0.052189
0 0.332267 0.243783 0.024835 0.046935
0 0.471966 0.597373 0.026152 0.051489
0 0.355127 0.643783 0.021637 0.038529
0 0.231138 0.683363 0.022013 0.046935
0 0.163123 0.128371 0.023706 0.050788
0 0.768297 0.130648 0.022013 0.049737
0 0.894638 0.187916 0.022578 0.045184
0 0.257197 0.544133 0.021449 0.043082
0 0.104986 0.733975 0.025588 0.066900
0 0.500188 0.046235 0.019755 0.045534
0 0.426435 0.447461 0.023518 0.043783
0 0.693321 0.367426 0.022201 0.044834
0 0.842145 0.277233 0.023706 0.048687
0 0.447601 0.589667 0.019944 0.046585
0 0.892756 0.406655 0.025212 0.036427
0 0.937535 0.230648 0.025212 0.050088
0 0.717592 0.591068 0.029727 0.047285
0 0.231703 0.182137 0.025400 0.049037
0 0.204986 0.043433 0.024647 0.047636
0 0.082502 0.039405 0.020132 0.042382
0 0.131138 0.720841 0.025964 0.038529
0 0.747037 0.135026 0.022013 0.040280
0 0.816181 0.405254 0.025588 0.035026
0 0.816651 0.320841 0.023895 0.041331
0 0.500753 0.182487 0.021261 0.040630
0 0.519191 0.730998 0.021637 0.049737
0 0.207714 0.544658 0.022201 0.043433
0 0.578175 0.041856 0.019944 0.037478
0 0.769050 0.037128 0.024271 0.025919
0 0.256256 0.451313 0.021825 0.040981
0 0.864440 0.728371 0.026905 0.045884
0 0.229257 0.735026 0.022766 0.052890
0 0.596896 0.913485 0.023518 0.037828
0 0.719661 0.277058 0.024083 0.044834
0 0.519379 0.860771 0.025776 0.032574
0 0.332173 0.639229 0.023518 0.048336
0 0.620884 0.906305 0.021449 0.047285
0 0.473189 0.871103 0.018438 0.037828
0 0.623518 0.367250 0.024459 0.031173
0 0.643650 0.622242 0.022578 0.051489
0 0.154751 0.863923 0.022766 0.042382
0 0.575917 0.541856 0.023330 0.046235
0 0.937912 0.777408 0.020696 0.046585
0 0.183725 0.452539 0.024647 0.048336
0 0.080527 0.951489 0.025212 0.054291
0 0.133020 0.633800 0.023706 0.040280
0 0.124741 0.916637 0.030480 0.049037
0 0.892850 0.228196 0.024647 0.036077
0 0.231703 0.359545 0.023142 0.041681
0 0.256162 0.680385 0.022766 0.038179
0 0.497930 0.543958 0.023142 0.043433
0 0.135089 0.126970 0.025588 0.038879
0 0.183443 0.544658 0.024459 0.045534
0 0.840546 0.411033 0.023518 0.045884
0 0.892474 0.367601 0.020508 0.035377
0 0.308937 0.135377 0.021825 0.048687
0 0.599906 0.367426 0.020132 0.044133
0 0.546660 0.591243 0.021637 0.044133
0 0.425212 0.638879 0.021449 0.043433
0 0.381562 0.215412 0.023330 0.030123
0 0.333866 0.197548 0.022766 0.044834
0 0.331703 0.292119 0.026717 0.051839
0 0.787582 0.867951 0.024083 0.040630
0 0.255127 0.367075 0.020696 0.039229
0 0.619379 0.768301 0.021825 0.047285
0 0.647413 0.276532 0.022578 0.041681
0 0.724177 0.045534 0.023706 0.046935
0 0.379586 0.880736 0.020508 0.046585
0 0.450706 0.319965 0.022389 0.047986
0 0.522860 0.446235 0.024459 0.043433
0 0.476199 0.229772 0.023330 0.042732
0 0.819567 0.184413 0.022954 0.042382
0 0.281844 0.818914 0.028222 0.032925
0 0.623518 0.045534 0.019191 0.045534
0 0.378457 0.828371 0.019755 0.047636
0 0.256538 0.634326 0.022766 0.037828
0 0.356162 0.447636 0.020320 0.042032
0 0.790216 0.598599 0.022954 0.049037
0 0.717968 0.639580 0.029351 0.053940
0 0.161712 0.173380 0.025024 0.042032
0 0.644685 0.866025 0.028410 0.050088
0 0.648542 0.139755 0.025588 0.046235
0 0.718062 0.446935 0.023895 0.040630
0 0.619567 0.859895 0.022201 0.039229
0 0.578081 0.131173 0.022389 0.032574
0 0.692944 0.409107 0.022201 0.038529
0 0.405362 0.859545 0.028034 0.042732
0 0.426058 0.042732 0.020508 0.044133
0 0.937817 0.870928 0.021637 0.043783
0 0.893227 0.043433 0.022013 0.042732
0 0.601317 0.138004 0.021449 0.049037
0 0.449106 0.955342 0.023706 0.038179
0 0.132361 0.586865 0.021637 0.048687
0 0.494732 0.810333 0.019003 0.047986
0 0.154374 0.814886 0.024271 0.043783
0 0.916745 0.965324 0.025024 0.049737
0 0.601223 0.181436 0.018250 0.039930
0 0.353528 0.863573 0.018438 0.035377
0 0.135278 0.085639 0.024083 0.045884
0 0.746849 0.181086 0.022766 0.044834
0 0.448542 0.406305 0.021825 0.038529
0 0.645061 0.917688 0.026529 0.046935
0 0.383255 0.174781 0.023330 0.044834
0 0.382220 0.311734 0.024647 0.046235
0 0.623895 0.404729 0.024459 0.037478
0 0.132173 0.265149 0.024271 0.042032
0 0.231515 0.871454 0.020884 0.041331
0 0.766322 0.454116 0.021449 0.046585
0 0.524553 0.363748 0.023330 0.038179
0 0.107432 0.593870 0.024835 0.042382
0 0.205927 0.456042 0.018627 0.043433
0 0.035278 0.264974 0.025400 0.043783
0 0.355409 0.720490 0.023706 0.034326
0 0.330103 0.902977 0.024271 0.047636
0 0.424835 0.408056 0.022201 0.030823
0 0.447507 0.680210 0.022766 0.040630
0 0.523330 0.405779 0.025024 0.045184
0 0.182690 0.365674 0.025588 0.039930
0 0.544779 0.954291 0.022013 0.043082
0 0.477046 0.320315 0.024647 0.043783
0 0.718909 0.322067 0.022954 0.047986
0 0.422860 0.542557 0.019755 0.044834
0 0.522578 0.589842 0.023518 0.042732
0 0.422954 0.688441 0.022201 0.048687
0 0.060677 0.136427 0.025776 0.041681
0 0.476294 0.089842 0.020508 0.047986
0 0.080151 0.718914 0.019944 0.037478
0 0.331797 0.718564 0.020884 0.042382
0 0.130103 0.868651 0.024271 0.047636
0 0.058796 0.224518 0.018250 0.037128
0 0.544873 0.766025 0.025212 0.032224
0 0.059266 0.267250 0.019944 0.042032
0 0.939699 0.825044 0.025400 0.043783
0 0.602164 0.413485 0.024271 0.047285
0 0.307808 0.181261 0.021072 0.040981
0 0.306867 0.773905 0.024083 0.040280
0 0.379680 0.923993 0.019944 0.039930
0 0.331703 0.766375 0.024835 0.041331
0 0.158514 0.452715 0.022766 0.045884
0 0.426058 0.912960 0.020132 0.045184
0 0.104798 0.674431 0.025588 0.052189
0 0.939229 0.277758 0.022578 0.037828
0 0.868297 0.135902 0.022954 0.040630
0 0.402258 0.135201 0.024835 0.049737
0 0.915240 0.772680 0.023142 0.034326
0 0.597930 0.628196 0.021072 0.052189
0 0.477422 0.040630 0.020508 0.039930
0 0.473659 0.825569 0.019003 0.044834
0 0.400564 0.761471 0.020696 0.037828
0 0.496707 0.675482 0.021449 0.047986
0 0.790216 0.637828 0.023706 0.032224
0 0.494073 0.950613 0.019191 0.046935
0 0.817686 0.224518 0.024459 0.034326
0 0.257479 0.032049 0.023518 0.039580
0 0.058043 0.711559 0.023518 0.038879
0 0.084102 0.174081 0.021825 0.051138
0 0.572719 0.681786 0.024459 0.046585
0 0.081185 0.862172 0.026152 0.041681
0 0.715428 0.776708 0.032173 0.039580
0 0.181656 0.592119 0.022013 0.041681
0 0.476764 0.277058 0.023330 0.041331
0 0.357103 0.225919 0.022954 0.041331
0 0.206303 0.730823 0.022389 0.044483
0 0.085136 0.126970 0.018250 0.038879
0 0.380527 0.732574 0.021637 0.047285
0 0.084008 0.083538 0.019379 0.038879
0 0.234431 0.133625 0.022954 0.046585
0 0.842051 0.365324 0.024647 0.039229
0 0.034337 0.310158 0.024647 0.048687
0 0.865569 0.784764 0.027281 0.031874
0 0.451834 0.270928 0.025400 0.047285
0 0.965099 0.267426 0.023518 0.049387
0 0.619191 0.816988 0.024459 0.046585
0 0.913923 0.867075 0.020884 0.042382
0 0.545343 0.641156 0.023518 0.048687
0 0.059172 0.317163 0.022013 0.053590
0 0.447789 0.540455 0.017686 0.048336
0 0.035748 0.225919 0.021825 0.035727
0 0.157479 0.591769 0.024835 0.039580
0 0.791157 0.051489 0.020696 0.041331
0 0.055127 0.666375 0.026341 0.047285
0 0.522578 0.282837 0.028410 0.042382
0 0.618627 0.637653 0.022578 0.041681
0 0.208467 0.180035 0.020696 0.037128
0 0.471402 0.776182 0.021637 0.040630
0 0.424647 0.370403 0.021825 0.043082
0 0.476482 0.134676 0.022013 0.032574
0 0.939605 0.643783 0.022201 0.046935
0 0.815522 0.367601 0.027658 0.038179
0 0.404327 0.186340 0.020320 0.042032
0 0.890216 0.915762 0.023142 0.034676
0 0.329069 0.860420 0.024083 0.038179
0 0.597178 0.817513 0.021072 0.043433
0 0.207150 0.402627 0.021825 0.048687
0 0.081373 0.907180 0.028034 0.039930
0 0.282596 0.331349 0.024083 0.033625
0 0.868297 0.229422 0.021825 0.039229
0 0.914958 0.549212 0.020320 0.036427
0 0.084666 0.314886 0.024835 0.039229
0 0.572813 0.725219 0.022013 0.045184
0 0.520414 0.634851 0.022954 0.042382
0 0.360207 0.131173 0.023895 0.052189
0 0.940546 0.916112 0.019567 0.040280
0 0.552587 0.036778 0.023706 0.035026
0 0.306679 0.907531 0.021825 0.030123
0 0.307808 0.447636 0.020320 0.037828
0 0.206115 0.223643 0.021637 0.040280
0 0.502822 0.360420 0.017121 0.032224
0 0.382973 0.258144 0.024271 0.053240
0 0.402446 0.634676 0.021825 0.034326
0 0.423330 0.816813 0.020696 0.042732
0 0.182408 0.405254 0.024647 0.042732
0 0.893133 0.550438 0.021825 0.056392
0 0.402446 0.674606 0.018815 0.039229
0 0.079774 0.780911 0.021072 0.037478
0 0.721167 0.185114 0.019191 0.050088
0 0.844685 0.233275 0.023142 0.037828
0 0.578551 0.218039 0.022578 0.037478
0 0.763876 0.693345 0.024459 0.036778
0 0.785983 0.913310 0.026905 0.034676
0 0.057103 0.540280 0.026152 0.038879
0 0.355503 0.407706 0.019003 0.034326
0 0.890687 0.447636 0.021449 0.042032
0 0.620790 0.548511 0.021261 0.047636
0 0.185042 0.182662 0.022013 0.038879
0 0.157008 0.408757 0.023895 0.042732
0 0.890499 0.876182 0.025212 0.050088
0 0.156726 0.363748 0.021825 0.045184
0 0.648260 0.239930 0.025776 0.035727
0 0.939135 0.964273 0.022766 0.049037
0 0.422766 0.774081 0.023330 0.037828
0 0.230762 0.915236 0.022013 0.042032
0 0.940075 0.050963 0.025024 0.050088
0 0.307714 0.360245 0.020884 0.044483
0 0.160207 0.077933 0.025400 0.045884
0 0.547131 0.545184 0.020696 0.049387
0 0.941392 0.597373 0.020884 0.039580
0 0.281468 0.860070 0.025588 0.043082
0 0.494638 0.864974 0.018815 0.047986
0 0.549294 0.364098 0.022013 0.038179
0 0.206303 0.269002 0.020132 0.041331
0 0.891345 0.642557 0.020508 0.048687
0 0.764440 0.659895 0.024083 0.037128
0 0.423706 0.730473 0.023706 0.040280
0 0.106961 0.095271 0.024647 0.040630
0 0.308373 0.223993 0.023706 0.038879
0 0.523518 0.542382 0.023142 0.052890
0 0.792192 0.177933 0.022766 0.037828
0 0.331138 0.451839 0.023330 0.045534
0 0.579492 0.172855 0.023330 0.042382
0 0.108090 0.141506 0.026529 0.049037
0 0.791251 0.139580 0.022389 0.043082
0 0.205550 0.959019 0.023518 0.037128
0 0.577987 0.353065 0.024459 0.035026
0 0.620696 0.595972 0.022954 0.042382
0 0.207056 0.312434 0.020508 0.038529
0 0.404045 0.318039 0.017498 0.035026
0 0.106397 0.788266 0.026905 0.040981
0 0.528410 0.322242 0.017498 0.032224
0 0.107996 0.288091 0.021825 0.053590
0 0.403669 0.449912 0.019379 0.038179
0 0.959454 0.968827 0.017874 0.048336
0 0.107996 0.233275 0.024083 0.047636
0 0.766134 0.625569 0.022954 0.023117
0 0.428881 0.865324 0.015240 0.045184
0 0.573848 0.582837 0.022201 0.033625
0 0.106867 0.632399 0.025212 0.031173
0 0.914581 0.046935 0.019567 0.044133
0 0.332738 0.042732 0.022013 0.049037
0 0.505362 0.324168 0.024083 0.041681
0 0.207244 0.143783 0.023142 0.029072
0 0.158231 0.633625 0.024835 0.038529
0 0.181468 0.038004 0.022013 0.050088
0 0.331326 0.681961 0.022201 0.035026
0 0.966416 0.095447 0.025776 0.050788
0 0.379586 0.132574 0.023518 0.036077
0 0.891157 0.819089 0.022389 0.047285
0 0.891533 0.778109 0.019379 0.033275
0 0.357949 0.033975 0.023142 0.031524
0 0.522672 0.237478 0.026341 0.045534
0 0.080433 0.750438 0.018250 0.026970
0 0.206679 0.356392 0.022766 0.044483
0 0.843838 0.184413 0.022578 0.049387
0 0.498024 0.447285 0.022578 0.039930
0 0.106585 0.185814 0.023895 0.040981
0 0.426717 0.199299 0.022954 0.040630
0 0.619473 0.684939 0.023142 0.045184
0 0.107338 0.331349 0.023518 0.031524
0 0.746284 0.047110 0.020132 0.037478
0 0.472625 0.363222 0.026341 0.037128
0 0.131232 0.451313 0.024271 0.050088
0 0.329069 0.407005 0.021825 0.042032
0 0.518721 0.770053 0.021072 0.031874
0 0.355597 0.370228 0.021072 0.039229
0 0.966510 0.138004 0.022954 0.038529
0 0.499436 0.402102 0.022013 0.050438
0 0.451646 0.044308 0.023518 0.044483
0 0.916181 0.915061 0.024271 0.036077
0 0.864346 0.754641 0.025588 0.050088
0 0.358796 0.181786 0.023706 0.041331
0 0.426999 0.096497 0.023895 0.052189
0 0.307996 0.314011 0.022954 0.038879
0 0.428316 0.241506 0.023142 0.046585
0 0.549389 0.448862 0.021072 0.038879
0 0.472813 0.914711 0.018438 0.042382
0 0.305550 0.872680 0.023330 0.045184
0 0.891157 0.961646 0.025400 0.047285
0 0.037253 0.181261 0.018062 0.039580
0 0.380151 0.359370 0.023142 0.039229
0 0.402164 0.273555 0.019379 0.043433
0 0.451929 0.180210 0.022201 0.039580
0 0.183819 0.133275 0.018438 0.047986
0 0.891063 0.730298 0.021449 0.049737
0 0.308373 0.403853 0.022201 0.044133
0 0.600941 0.543958 0.019191 0.045534
0 0.893415 0.690893 0.021261 0.043082
0 0.081373 0.580736 0.016745 0.032925
0 0.938852 0.692294 0.018438 0.038179
0 0.597554 0.586165 0.022578 0.034676
0 0.793603 0.196147 0.023706 0.026620
0 0.331138 0.367601 0.024459 0.039580
0 0.106491 0.810858 0.022578 0.040630
0 0.649012 0.105254 0.029915 0.044483
0 0.939511 0.184238 0.024271 0.038529
0 0.644873 0.581086 0.022389 0.028021
0 0.450894 0.226620 0.024647 0.046935
0 0.551082 0.398074 0.025212 0.054291
0 0.471402 0.960595 0.019755 0.036077
0 0.428410 0.155517 0.025964 0.049737
0 0.443650 0.657793 0.028975 0.044133
0 0.966698 0.048336 0.024083 0.045534
0 0.499341 0.273205 0.016933 0.043433
0 0.401411 0.403503 0.017874 0.042032
0 0.620132 0.718389 0.023330 0.044834
0 0.426246 0.286165 0.021637 0.044834
0 0.939511 0.730823 0.017874 0.040981
0 0.474506 0.807881 0.022954 0.031173
0 0.519849 0.792294 0.023330 0.032925
0 0.081091 0.669527 0.024083 0.053590
0 0.305080 0.988266 0.021637 0.015762
0 0.456162 0.134676 0.022766 0.041681
0 0.602070 0.224694 0.024835 0.042382
0 0.426246 0.332574 0.021637 0.029772
0 0.450423 0.367075 0.020320 0.046935
0 0.159172 0.034851 0.025212 0.030473
0 0.596613 0.718739 0.024459 0.049037
0 0.602446 0.318564 0.024083 0.042382
0 0.036971 0.036953 0.022013 0.042382
0 0.036971 0.081436 0.023518 0.040981
0 0.038006 0.133450 0.022954 0.052539
0 0.159643 0.221016 0.022766 0.047636
0 0.182785 0.085814 0.023518 0.049737
0 0.308090 0.268301 0.021637 0.052539
0 0.333020 0.332399 0.025588 0.035026
0 0.451552 0.088266 0.027469 0.047636
0 0.499341 0.224694 0.024835 0.045184
0 0.624271 0.223993 0.022201 0.043783
0 0.057479 0.581961 0.026905 0.043783
0 0.055127 0.623117 0.026341 0.033625
0 0.083631 0.623117 0.024271 0.036427
0 0.497178 0.587916 0.023518 0.043783
0 0.495861 0.628722 0.023518 0.042732
0 0.595955 0.674256 0.023518 0.041331
0 0.963876 0.181611 0.021449 0.038879
0 0.964252 0.221016 0.022201 0.039930
0 0.936030 0.557443 0.020696 0.045184
0 0.958890 0.688792 0.019379 0.040280
0 0.960583 0.728722 0.024271 0.045184
0 0.961524 0.773905 0.023518 0.042382
0 0.965287 0.825044 0.022766 0.054991
0 0.964252 0.871454 0.030103 0.042732
0 0.963970 0.916988 0.024271 0.046235
0 0.962841 0.311559 0.023518 0.036077
