0 0.514662 0.756688 0.024812 0.029982
0 0.318139 0.631688 0.023872 0.031365
0 0.863534 0.842712 0.024060 0.030904
0 0.587688 0.175277 0.025376 0.032288
0 0.315789 0.394488 0.022180 0.031596
0 0.514004 0.357242 0.025376 0.029520
0 0.465320 0.535863 0.022744 0.032057
0 0.341353 0.789899 0.024436 0.035055
0 0.263910 0.303736 0.026692 0.031365
0 0.289380 0.272486 0.023120 0.028367
0 0.114474 0.090291 0.025940 0.031596
0 0.740226 0.693727 0.024060 0.033210
0 0.616259 0.692920 0.024624 0.034825
0 0.640132 0.359087 0.025376 0.030443
0 0.937312 0.027791 0.024624 0.032518
0 0.639098 0.148870 0.027068 0.037131
0 0.292763 0.602975 0.026128 0.030673
0 0.362500 0.064922 0.022368 0.035286
0 0.715602 0.298893 0.027068 0.031365
0 0.164380 0.181273 0.024624 0.034594
0 0.391353 0.757380 0.024812 0.029059
0 0.291353 0.695226 0.021805 0.037131
0 0.292481 0.730743 0.025188 0.033441
0 0.565789 0.534363 0.025564 0.030443
0 0.343985 0.600323 0.024812 0.033672
0 0.266729 0.634340 0.022932 0.028367
0 0.462030 0.213676 0.026316 0.036208
0 0.387124 0.060424 0.026128 0.033210
0 0.737500 0.488353 0.028008 0.034363
0 0.290789 0.420203 0.025188 0.027214
0 0.638158 0.875692 0.025564 0.032749
0 0.291259 0.390337 0.023872 0.028367
0 0.242951 0.479128 0.025376 0.031135
0 0.638346 0.063884 0.024060 0.036439
0 0.441823 0.960101 0.026504 0.040590
0 0.268139 0.756573 0.025000 0.030212
0 0.142011 0.928275 0.022744 0.031365
0 0.214286 0.363123 0.022556 0.035286
0 0.439944 0.782173 0.026880 0.032057
0 0.242387 0.541513 0.019737 0.032749
0 0.689944 0.396448 0.022744 0.033672
0 0.486842 0.213215 0.024436 0.030673
0 0.838158 0.845710 0.024812 0.035978
0 0.240883 0.361393 0.025000 0.031365
0 0.488722 0.362777 0.025564 0.040129
0 0.912594 0.059732 0.026692 0.029520
0 0.563910 0.360816 0.024436 0.034363
0 0.193045 0.872002 0.023684 0.025830
0 0.190132 0.121887 0.027256 0.030673
0 0.590038 0.748501 0.023684 0.036208
0 0.838816 0.635378 0.023496 0.029059
0 0.812782 0.851130 0.025564 0.036208
0 0.139944 0.426315 0.022368 0.032057
0 0.689004 0.088676 0.025000 0.032057
0 0.837124 0.390452 0.020865 0.029520
0 0.461278 0.090175 0.024812 0.032288
0 0.739098 0.361508 0.024812 0.040360
0 0.267575 0.604244 0.023496 0.029520
0 0.764568 0.693150 0.023872 0.036208
0 0.365508 0.480397 0.022744 0.030443
0 0.785996 0.956411 0.030639 0.033210
0 0.065226 0.719442 0.022180 0.032057
0 0.689568 0.482703 0.026880 0.035978
0 0.463910 0.597325 0.024060 0.030443
0 0.514662 0.632265 0.024060 0.036670
0 0.714004 0.959294 0.023872 0.024677
0 0.887876 0.755881 0.020113 0.031135
0 0.462876 0.356204 0.023872 0.028367
0 0.614756 0.256342 0.025000 0.038515
0 0.663534 0.842366 0.022180 0.032057
0 0.783741 0.026522 0.022744 0.028598
0 0.040602 0.903482 0.027820 0.028367
0 0.190602 0.091674 0.025188 0.027906
0 0.639662 0.569649 0.025564 0.032749
0 0.438158 0.598132 0.028947 0.036670
0 0.461372 0.120618 0.025000 0.029982
0 0.509774 0.122002 0.022932 0.027675
0 0.786278 0.452837 0.025564 0.032980
0 0.315883 0.363123 0.021617 0.032518
0 0.638158 0.908441 0.027820 0.033672
0 0.066259 0.754036 0.021992 0.030673
0 0.366165 0.419280 0.024436 0.027214
0 0.165602 0.727744 0.025188 0.032057
0 0.715132 0.265683 0.026504 0.032288
0 0.240602 0.389184 0.022556 0.025600
0 0.340977 0.239391 0.024812 0.034133
0 0.214286 0.396102 0.028571 0.030212
0 0.063440 0.066536 0.025376 0.029290
0 0.216917 0.693958 0.024060 0.028598
0 0.292293 0.634686 0.023684 0.029520
0 0.614568 0.805466 0.025376 0.033441
0 0.812594 0.120503 0.025564 0.032518
0 0.486560 0.245964 0.024248 0.036208
0 0.341541 0.824723 0.024812 0.034133
0 0.689944 0.520641 0.028383 0.038054
0 0.341729 0.633764 0.022556 0.029982
0 0.565883 0.596979 0.028008 0.032057
0 0.266165 0.542320 0.022180 0.033902
0 0.317481 0.518450 0.023308 0.034133
0 0.814850 0.692689 0.025188 0.034363
0 0.438440 0.877076 0.025752 0.035978
0 0.685714 0.181850 0.030827 0.032057
0 0.564944 0.928160 0.023872 0.029290
0 0.364380 0.449031 0.024624 0.031827
0 0.340977 0.479013 0.021429 0.035978
0 0.314850 0.272486 0.027444 0.030673
0 0.238910 0.128229 0.022556 0.035978
0 0.440226 0.694765 0.027820 0.036208
0 0.290508 0.959294 0.025376 0.033441
0 0.940226 0.625461 0.025188 0.029982
0 0.688722 0.745733 0.025940 0.032518
0 0.216165 0.497002 0.027068 0.027214
0 0.485714 0.090406 0.023684 0.032288
0 0.188910 0.242505 0.028195 0.027906
0 0.565883 0.960563 0.028383 0.033210
0 0.340414 0.962869 0.025940 0.032288
0 0.291635 0.838561 0.025752 0.029059
0 0.291071 0.451453 0.023872 0.032057
0 0.514850 0.808003 0.023684 0.034363
0 0.317669 0.482934 0.022932 0.035517
0 0.566353 0.475208 0.025188 0.038515
0 0.763252 0.725208 0.023496 0.026983
0 0.213816 0.211139 0.024248 0.031135
0 0.736936 0.149908 0.019737 0.031827
0 0.863722 0.871656 0.022932 0.027445
0 0.836936 0.423201 0.025376 0.033672
0 0.786936 0.388030 0.026504 0.031596
0 0.862030 0.394142 0.025188 0.032749
0 0.763534 0.810078 0.022932 0.028828
0 0.243139 0.634110 0.019361 0.031596
0 0.088910 0.395180 0.024060 0.027906
0 0.614474 0.597094 0.024060 0.026292
0 0.191823 0.755650 0.023496 0.030673
0 0.217011 0.526407 0.029511 0.030673
0 0.662594 0.749193 0.023684 0.032057
0 0.711372 0.025600 0.025000 0.027675
0 0.063158 0.363469 0.023684 0.033210
0 0.485526 0.026407 0.022556 0.033902
0 0.566729 0.565613 0.026316 0.031135
0 0.315977 0.840637 0.022180 0.027675
0 0.811748 0.431388 0.022744 0.032980
0 0.316729 0.814345 0.023308 0.021218
0 0.813910 0.728782 0.024812 0.036439
0 0.464944 0.566421 0.023872 0.029059
0 0.640038 0.187269 0.027820 0.039668
0 0.590320 0.428044 0.025376 0.033210
0 0.939192 0.456411 0.024624 0.025830
0 0.292387 0.483625 0.023120 0.029059
0 0.738816 0.397947 0.025376 0.032057
0 0.390508 0.901637 0.022744 0.031596
0 0.639568 0.390567 0.021241 0.031596
0 0.713816 0.116582 0.026128 0.032057
0 0.387312 0.146102 0.023872 0.032057
0 0.218421 0.559502 0.028571 0.036900
0 0.342951 0.758072 0.021241 0.027214
0 0.088252 0.209871 0.025752 0.032288
0 0.240695 0.271333 0.024624 0.033441
0 0.292669 0.513376 0.024060 0.028137
0 0.788346 0.157634 0.024060 0.035286
0 0.565789 0.810424 0.024812 0.031827
0 0.263440 0.056619 0.021617 0.023755
0 0.715695 0.235009 0.026504 0.029520
0 0.138440 0.065844 0.023872 0.039899
0 0.713158 0.360240 0.027820 0.031365
0 0.163910 0.096056 0.025564 0.032057
0 0.539662 0.434041 0.025188 0.042897
0 0.663816 0.358280 0.021241 0.028828
0 0.787312 0.121425 0.023496 0.032980
0 0.761560 0.520180 0.020865 0.029751
0 0.614662 0.539553 0.024060 0.030673
0 0.366917 0.724285 0.022556 0.033902
0 0.909680 0.028598 0.023872 0.031827
0 0.615320 0.293473 0.023496 0.034363
0 0.541447 0.747232 0.025752 0.031827
0 0.366165 0.270641 0.024060 0.032057
0 0.538722 0.948916 0.026692 0.033441
0 0.662970 0.900369 0.022556 0.030443
0 0.540038 0.691767 0.025564 0.030212
0 0.290602 0.870618 0.024436 0.033672
0 0.714004 0.148178 0.024248 0.031596
0 0.761748 0.111162 0.025376 0.035978
0 0.509868 0.092251 0.020489 0.030443
0 0.116635 0.904290 0.024248 0.029982
0 0.862030 0.058118 0.025188 0.027675
0 0.567105 0.628229 0.025940 0.028598
0 0.240226 0.093519 0.022556 0.034825
0 0.440320 0.634110 0.029135 0.034363
0 0.312782 0.121310 0.026316 0.034133
0 0.316729 0.694188 0.026316 0.029982
0 0.639192 0.845480 0.023872 0.026292
0 0.864662 0.688423 0.025188 0.026753
0 0.091541 0.539553 0.025188 0.030673
0 0.290789 0.360355 0.021805 0.028367
0 0.317857 0.757265 0.027444 0.026522
0 0.340602 0.362200 0.023684 0.034363
0 0.216917 0.596518 0.028195 0.033902
0 0.289756 0.301430 0.026504 0.027214
0 0.365414 0.389875 0.023684 0.029290
0 0.435808 0.296933 0.024624 0.033441
0 0.266729 0.785747 0.023308 0.025830
0 0.215226 0.027329 0.025940 0.030212
0 0.318139 0.727053 0.026504 0.033902
0 0.761466 0.058579 0.023308 0.031827
0 0.712782 0.083256 0.021429 0.029059
0 0.217011 0.634110 0.028383 0.035747
0 0.812124 0.358971 0.023872 0.036208
0 0.065977 0.636301 0.026316 0.026292
0 0.888722 0.879151 0.025564 0.035055
0 0.590602 0.627768 0.020301 0.035978
0 0.316165 0.873270 0.024436 0.032518
0 0.466635 0.782403 0.023120 0.030212
0 0.590695 0.869926 0.023120 0.035055
0 0.241823 0.418012 0.025000 0.023293
0 0.537688 0.092943 0.026128 0.035978
0 0.215789 0.723708 0.024060 0.024908
0 0.392575 0.933003 0.026128 0.030212
0 0.587500 0.207334 0.026504 0.031365
0 0.887688 0.846056 0.023496 0.029290
0 0.243609 0.510378 0.026692 0.024446
0 0.166917 0.483164 0.025940 0.034133
0 0.092199 0.754843 0.025752 0.030904
0 0.116541 0.873962 0.025188 0.030212
0 0.836184 0.359317 0.022744 0.032288
0 0.438252 0.459179 0.027256 0.035978
0 0.138910 0.483395 0.025940 0.038745
0 0.243327 0.574608 0.023496 0.031596
0 0.168891 0.904405 0.023872 0.026522
0 0.564662 0.392066 0.024060 0.027214
0 0.317199 0.785863 0.023120 0.031135
0 0.366071 0.510494 0.021992 0.026522
0 0.590038 0.482818 0.021053 0.038515
0 0.837688 0.604820 0.021992 0.030212
0 0.287782 0.181273 0.024812 0.030443
0 0.939098 0.059271 0.023684 0.029059
0 0.389192 0.090291 0.024624 0.025138
0 0.437876 0.424124 0.026504 0.034133
0 0.464944 0.633764 0.021617 0.026292
0 0.291353 0.810194 0.023684 0.026753
0 0.938534 0.425161 0.024812 0.033902
0 0.365883 0.304659 0.023872 0.033672
0 0.214850 0.058118 0.021805 0.026753
0 0.139756 0.397486 0.025000 0.024216
0 0.262124 0.149562 0.025752 0.025600
0 0.664850 0.393450 0.025940 0.041052
0 0.267481 0.694304 0.024060 0.032980
0 0.241447 0.721979 0.023872 0.026061
0 0.910150 0.694534 0.023308 0.036670
0 0.292011 0.542435 0.024248 0.030443
0 0.565977 0.506688 0.025188 0.024446
0 0.788628 0.692113 0.021617 0.033210
0 0.218233 0.962292 0.025564 0.028367
0 0.664192 0.092827 0.026880 0.033441
0 0.188910 0.152560 0.025564 0.032057
0 0.113722 0.059963 0.022180 0.029059
0 0.485714 0.152214 0.023308 0.032749
0 0.168797 0.878459 0.025940 0.027675
0 0.861090 0.427583 0.022556 0.032288
0 0.639004 0.603206 0.024624 0.037592
0 0.915508 0.150484 0.025000 0.033902
0 0.268797 0.481550 0.026692 0.030904
0 0.714004 0.450646 0.025752 0.026753
0 0.318609 0.601591 0.022932 0.025600
0 0.366729 0.899792 0.022932 0.026983
0 0.465977 0.812269 0.022932 0.030904
0 0.511278 0.211024 0.024812 0.033672
0 0.242105 0.449147 0.023308 0.032057
0 0.715883 0.179197 0.028008 0.029059
0 0.939662 0.298316 0.024060 0.030212
0 0.064286 0.607126 0.025564 0.031135
0 0.113346 0.239276 0.023684 0.027906
0 0.243139 0.842020 0.022368 0.028598
0 0.562782 0.058810 0.024060 0.035978
0 0.613722 0.897371 0.023684 0.030904
0 0.685902 0.212984 0.028571 0.032057
0 0.462500 0.386301 0.025000 0.030443
0 0.715132 0.206642 0.026504 0.025830
0 0.243233 0.811577 0.023684 0.029982
0 0.390226 0.727053 0.021805 0.031135
0 0.686466 0.871656 0.025564 0.033441
0 0.714192 0.928390 0.025000 0.032980
0 0.365320 0.359433 0.020865 0.029751
0 0.190789 0.694534 0.024060 0.029290
0 0.784868 0.054543 0.022368 0.025600
0 0.191071 0.844327 0.022368 0.030443
0 0.241917 0.959410 0.021429 0.032749
0 0.614662 0.388953 0.024436 0.031596
0 0.614004 0.422279 0.021241 0.035055
0 0.267105 0.873616 0.022932 0.029982
0 0.785808 0.518911 0.024624 0.029059
0 0.365977 0.929313 0.023684 0.031596
0 0.615508 0.863123 0.026504 0.036208
0 0.687030 0.904636 0.024812 0.032518
0 0.614098 0.750692 0.024812 0.031365
0 0.239474 0.303390 0.023684 0.032980
0 0.061560 0.163054 0.026128 0.029982
0 0.785620 0.487085 0.023872 0.034133
0 0.314662 0.302929 0.022556 0.027445
0 0.367575 0.630996 0.021992 0.036900
0 0.265132 0.268796 0.025000 0.034825
0 0.862688 0.812039 0.023872 0.029982
0 0.763534 0.230627 0.024436 0.031827
0 0.663158 0.537708 0.023308 0.029290
0 0.888252 0.200992 0.025000 0.037592
0 0.288816 0.026753 0.026128 0.028137
0 0.267105 0.903021 0.024060 0.029751
0 0.913534 0.089714 0.024812 0.031365
0 0.736748 0.058579 0.023872 0.033210
0 0.390883 0.786324 0.020865 0.027906
0 0.266917 0.842597 0.023684 0.030673
0 0.940038 0.120849 0.028195 0.031827
0 0.738252 0.116928 0.020489 0.031827
0 0.313628 0.086255 0.026880 0.034594
0 0.938722 0.587984 0.023308 0.029751
0 0.290602 0.901637 0.023308 0.030212
0 0.614756 0.723363 0.022744 0.023293
0 0.216447 0.787477 0.026128 0.031596
0 0.738346 0.088100 0.024436 0.025830
0 0.341823 0.566767 0.022368 0.028828
0 0.462782 0.245387 0.024812 0.028598
0 0.509398 0.153713 0.023684 0.034363
0 0.240508 0.061347 0.023872 0.032749
0 0.565695 0.873270 0.025000 0.033902
0 0.288064 0.057080 0.023496 0.027906
0 0.065038 0.575876 0.024812 0.032288
0 0.142669 0.730397 0.020677 0.032288
0 0.340132 0.931273 0.023872 0.029059
0 0.087500 0.144488 0.025376 0.032057
0 0.638910 0.754151 0.022180 0.030443
0 0.939474 0.483971 0.022932 0.027445
0 0.813158 0.086139 0.024812 0.031135
0 0.315132 0.955835 0.023496 0.033902
0 0.365695 0.870964 0.021992 0.028828
0 0.588910 0.298201 0.026692 0.026753
0 0.614286 0.455835 0.024060 0.031135
0 0.638910 0.635839 0.025564 0.026292
0 0.814474 0.761993 0.025188 0.030443
0 0.142951 0.898639 0.024624 0.026983
0 0.314286 0.187269 0.026692 0.034133
0 0.240038 0.028367 0.022556 0.032288
0 0.612782 0.222209 0.024060 0.030673
0 0.638346 0.785747 0.025564 0.029520
0 0.715977 0.782634 0.025188 0.032980
0 0.164004 0.063538 0.026504 0.035286
0 0.243233 0.751960 0.024060 0.028828
0 0.461372 0.059387 0.024248 0.030212
0 0.786466 0.419511 0.025564 0.031827
0 0.266635 0.726822 0.023120 0.027906
0 0.342293 0.727168 0.022180 0.035978
0 0.040320 0.872809 0.023872 0.028367
0 0.539944 0.800392 0.025752 0.029751
0 0.485432 0.119465 0.022368 0.027214
0 0.262406 0.117505 0.025188 0.037592
0 0.268139 0.510378 0.021617 0.027675
0 0.242387 0.781481 0.023120 0.028828
0 0.166165 0.632841 0.024060 0.029520
0 0.813910 0.464483 0.025940 0.029520
0 0.941541 0.357818 0.025564 0.037131
0 0.786654 0.838676 0.025564 0.031135
0 0.614004 0.568958 0.023872 0.026292
0 0.887782 0.421933 0.025564 0.026522
0 0.663064 0.870733 0.020865 0.023755
0 0.862782 0.554197 0.024060 0.030904
0 0.466541 0.725669 0.022180 0.034363
0 0.639756 0.815729 0.025000 0.029982
0 0.093797 0.602975 0.028947 0.033441
0 0.167951 0.961024 0.022744 0.029982
0 0.537688 0.359202 0.021617 0.032518
0 0.737312 0.025715 0.024624 0.026983
0 0.265977 0.450646 0.022180 0.030443
0 0.113064 0.206642 0.023120 0.035978
0 0.061654 0.192343 0.026692 0.030904
0 0.463722 0.417781 0.024060 0.029751
0 0.219455 0.872809 0.024624 0.026983
0 0.390320 0.361739 0.023496 0.031135
0 0.265695 0.419511 0.024248 0.028137
0 0.663816 0.598132 0.024624 0.029751
0 0.041447 0.931388 0.025752 0.025600
0 0.168891 0.602283 0.025752 0.028828
0 0.190789 0.725554 0.021805 0.029059
0 0.466823 0.755074 0.021992 0.024446
0 0.090977 0.926776 0.022180 0.030212
0 0.510338 0.062039 0.024812 0.029982
0 0.388158 0.116236 0.024812 0.025830
0 0.337500 0.026176 0.023496 0.026983
0 0.541071 0.719557 0.025000 0.023063
0 0.362970 0.096863 0.025564 0.032288
0 0.565883 0.750115 0.022368 0.029751
0 0.189004 0.179313 0.023872 0.024677
0 0.167857 0.930581 0.025940 0.027675
0 0.090320 0.363469 0.023872 0.032749
0 0.788628 0.776176 0.024624 0.032980
0 0.590038 0.836255 0.022932 0.032749
0 0.811748 0.055812 0.025752 0.028137
0 0.737782 0.519834 0.024812 0.029982
0 0.661936 0.058464 0.021617 0.032518
0 0.437124 0.392874 0.028383 0.029290
0 0.041447 0.958372 0.026880 0.030212
0 0.863440 0.294050 0.030639 0.036900
0 0.316259 0.902329 0.024624 0.024216
0 0.192011 0.784940 0.020865 0.026061
0 0.760714 0.026176 0.021805 0.028828
0 0.715695 0.751153 0.025376 0.030443
0 0.067293 0.901292 0.021805 0.029520
0 0.762124 0.391951 0.023120 0.030673
0 0.168139 0.846979 0.023872 0.035286
0 0.588252 0.087638 0.025376 0.035055
0 0.436466 0.360125 0.027444 0.036670
0 0.187124 0.027906 0.025752 0.031365
0 0.536466 0.059848 0.023308 0.033441
0 0.091823 0.635032 0.023872 0.034825
0 0.741071 0.186232 0.023120 0.030673
0 0.092857 0.570457 0.027820 0.030673
0 0.838628 0.092366 0.024248 0.033441
0 0.687218 0.057772 0.026316 0.027906
0 0.638346 0.096979 0.025564 0.030212
0 0.713064 0.389645 0.019737 0.025138
0 0.612876 0.120964 0.021992 0.026061
0 0.939568 0.511993 0.024248 0.025830
0 0.864004 0.720018 0.021241 0.032749
0 0.914380 0.516605 0.025376 0.030443
0 0.339380 0.203990 0.023872 0.034363
0 0.888346 0.088907 0.023684 0.021448
0 0.513252 0.693381 0.025752 0.032980
0 0.938440 0.744465 0.024248 0.035055
0 0.664098 0.131688 0.022932 0.038284
0 0.762782 0.486854 0.022180 0.035978
0 0.912876 0.298778 0.024624 0.033902
0 0.288628 0.151407 0.023496 0.027445
0 0.293233 0.571610 0.025940 0.030673
0 0.168327 0.758418 0.022368 0.027906
0 0.513722 0.391144 0.024812 0.035517
0 0.763440 0.198224 0.022368 0.034363
0 0.244173 0.872348 0.023684 0.030673
0 0.787782 0.922394 0.022556 0.032057
0 0.664474 0.430812 0.024060 0.032288
0 0.639286 0.422625 0.027068 0.028367
0 0.863722 0.777445 0.024812 0.035978
0 0.813816 0.789437 0.021992 0.026753
0 0.511842 0.302814 0.024060 0.043358
0 0.862406 0.358856 0.025564 0.035517
0 0.089286 0.424239 0.024060 0.032518
0 0.392199 0.571840 0.023496 0.029751
0 0.740226 0.727975 0.021805 0.033441
0 0.336560 0.117735 0.022368 0.027906
0 0.489380 0.554659 0.024624 0.030443
0 0.361936 0.127306 0.026128 0.033672
0 0.913252 0.118888 0.022744 0.025600
0 0.838534 0.811462 0.024812 0.032980
0 0.214286 0.087638 0.023308 0.029059
0 0.340789 0.856319 0.025188 0.030443
0 0.062688 0.032173 0.021992 0.036208
0 0.166071 0.429774 0.026128 0.032057
0 0.485338 0.057542 0.022556 0.028367
0 0.811466 0.025946 0.026316 0.028828
0 0.142951 0.839599 0.023872 0.030673
0 0.863722 0.152675 0.025188 0.034133
0 0.861184 0.027329 0.022744 0.031596
0 0.613158 0.024216 0.024436 0.028598
0 0.386748 0.026983 0.028759 0.033672
0 0.590695 0.519373 0.023120 0.030904
0 0.166917 0.519719 0.024812 0.036670
0 0.218327 0.901176 0.024248 0.030212
0 0.217105 0.754497 0.023684 0.032980
0 0.587688 0.269719 0.026880 0.028828
0 0.143797 0.960678 0.024060 0.033902
0 0.168797 0.786554 0.025564 0.028828
0 0.038064 0.305235 0.023496 0.033902
0 0.788816 0.807426 0.023496 0.029982
0 0.263628 0.029059 0.021617 0.029982
0 0.390602 0.449608 0.025564 0.029751
0 0.140226 0.522025 0.025188 0.037131
0 0.461654 0.028713 0.023308 0.031135
0 0.089286 0.242966 0.020677 0.032980
0 0.590883 0.906481 0.022368 0.033441
0 0.465508 0.841674 0.021617 0.026522
0 0.439474 0.843404 0.026316 0.031827
0 0.091635 0.510955 0.026128 0.026522
0 0.435996 0.090060 0.025000 0.029751
0 0.367763 0.840867 0.024624 0.029059
0 0.664380 0.692228 0.026128 0.035747
0 0.465414 0.952030 0.022556 0.037823
0 0.888064 0.387800 0.022744 0.039899
0 0.838722 0.574031 0.022932 0.031365
0 0.215883 0.115660 0.027256 0.021910
0 0.435150 0.059041 0.027444 0.032288
0 0.613346 0.062385 0.022556 0.032518
0 0.836842 0.457565 0.024436 0.032288
0 0.466071 0.919050 0.025000 0.027214
0 0.589850 0.778252 0.023684 0.023755
0 0.337406 0.086370 0.023308 0.031135
0 0.189098 0.061462 0.022556 0.030673
0 0.264286 0.207911 0.024812 0.026061
0 0.440789 0.813999 0.025564 0.029751
0 0.114004 0.176661 0.026128 0.025369
0 0.939192 0.184156 0.025376 0.030212
0 0.713534 0.900715 0.023308 0.024216
0 0.441541 0.752652 0.024812 0.027445
0 0.813534 0.236508 0.024436 0.032518
0 0.913440 0.359433 0.021992 0.032980
0 0.813158 0.394834 0.025940 0.037823
0 0.662124 0.480397 0.024624 0.034133
0 0.390695 0.871425 0.025000 0.026522
0 0.713346 0.054082 0.020677 0.027445
0 0.366635 0.756573 0.020865 0.025138
0 0.288816 0.089253 0.021617 0.028598
0 0.166071 0.694880 0.024248 0.034594
0 0.340320 0.445918 0.022744 0.028367
0 0.815132 0.295895 0.029135 0.034133
0 0.439756 0.489737 0.028008 0.029290
0 0.089286 0.454682 0.023308 0.029751
0 0.938722 0.779059 0.023684 0.031365
0 0.811842 0.547970 0.022932 0.027675
0 0.266447 0.574493 0.022368 0.026753
0 0.364662 0.811923 0.022180 0.027445
0 0.460620 0.180351 0.026504 0.029982
0 0.287218 0.121195 0.024436 0.032980
0 0.940883 0.392412 0.025752 0.032057
0 0.662688 0.509917 0.023496 0.024446
0 0.217199 0.931388 0.020865 0.030212
0 0.788628 0.191075 0.025376 0.031596
0 0.489380 0.727860 0.021617 0.032749
0 0.266635 0.361162 0.024248 0.029982
0 0.687500 0.836024 0.025752 0.034133
0 0.138910 0.102283 0.023308 0.031596
0 0.762406 0.839368 0.022180 0.029290
0 0.243609 0.900023 0.022556 0.023293
0 0.689944 0.800623 0.028008 0.031596
0 0.064004 0.512223 0.026880 0.031365
0 0.663158 0.809963 0.023308 0.030904
0 0.088534 0.177814 0.024436 0.031365
0 0.489756 0.845480 0.022744 0.035055
0 0.267481 0.812615 0.022556 0.028828
0 0.690508 0.691421 0.026880 0.030443
0 0.714474 0.838676 0.026692 0.029751
0 0.366917 0.959179 0.025564 0.026292
0 0.863816 0.119696 0.022368 0.030443
0 0.434023 0.027675 0.026316 0.031827
0 0.262876 0.085563 0.022368 0.028598
0 0.537782 0.217020 0.026316 0.035055
0 0.192293 0.813999 0.022556 0.028367
0 0.167857 0.573916 0.023684 0.028367
0 0.342011 0.536208 0.025752 0.031365
0 0.091353 0.896218 0.021429 0.028137
0 0.341729 0.692228 0.022556 0.032057
0 0.886936 0.061462 0.022368 0.031596
0 0.435996 0.206065 0.025376 0.032057
0 0.118515 0.758533 0.023872 0.029059
0 0.362124 0.028482 0.021241 0.037131
0 0.763064 0.928736 0.023120 0.025369
0 0.838534 0.126730 0.023308 0.033441
0 0.439380 0.519834 0.026880 0.030443
0 0.966071 0.520872 0.026128 0.034363
0 0.936842 0.953529 0.023308 0.036208
0 0.912782 0.545549 0.022932 0.029290
0 0.140132 0.453759 0.023120 0.021910
0 0.589004 0.361047 0.024248 0.037592
0 0.092857 0.959640 0.025564 0.033210
0 0.341071 0.271794 0.024624 0.030212
0 0.941823 0.216674 0.028383 0.034363
0 0.339098 0.175277 0.023684 0.023985
0 0.239756 0.240660 0.023872 0.025138
0 0.489850 0.811001 0.021805 0.034363
0 0.589098 0.395987 0.022180 0.031365
0 0.035808 0.216559 0.022744 0.029520
0 0.461842 0.303621 0.028195 0.031596
0 0.217481 0.817228 0.022932 0.029290
0 0.639850 0.512223 0.021805 0.028137
0 0.366071 0.785286 0.023120 0.023524
0 0.660620 0.025600 0.022744 0.030443
0 0.143891 0.808233 0.022744 0.028367
0 0.340226 0.392874 0.022932 0.026061
0 0.337688 0.148293 0.025376 0.030443
0 0.063346 0.223478 0.025564 0.031827
0 0.686748 0.299931 0.030639 0.032518
0 0.138252 0.213676 0.028008 0.024677
0 0.067763 0.869465 0.025000 0.029982
0 0.787218 0.549585 0.026692 0.033210
0 0.939850 0.151522 0.024436 0.032288
0 0.168515 0.816075 0.025376 0.027906
0 0.913910 0.212062 0.020677 0.024216
0 0.061466 0.129151 0.022180 0.036900
0 0.242387 0.926661 0.023120 0.026292
0 0.761936 0.870157 0.021241 0.031365
0 0.313628 0.154290 0.025000 0.032749
0 0.513816 0.455258 0.025376 0.034594
0 0.337124 0.056734 0.023120 0.027214
0 0.218233 0.846287 0.024812 0.027445
0 0.615226 0.833026 0.024812 0.022601
0 0.060714 0.453413 0.025564 0.025830
0 0.812782 0.817920 0.021805 0.029290
0 0.838534 0.731665 0.018797 0.026983
0 0.189850 0.210332 0.025188 0.030904
0 0.112218 0.301661 0.025564 0.025830
0 0.265132 0.959986 0.020865 0.027906
0 0.213628 0.301430 0.021992 0.024446
0 0.665508 0.567920 0.024248 0.026522
0 0.540508 0.557196 0.024248 0.032749
0 0.937594 0.691075 0.025940 0.034363
0 0.461842 0.273755 0.026316 0.031827
0 0.485808 0.183003 0.024248 0.029290
0 0.536842 0.027445 0.023684 0.036900
0 0.266917 0.932311 0.023308 0.028367
0 0.761654 0.452721 0.020677 0.029059
0 0.761842 0.141836 0.026692 0.024908
0 0.514474 0.725669 0.024812 0.033902
0 0.192763 0.898524 0.021992 0.024446
0 0.214568 0.146333 0.026504 0.029290
0 0.763064 0.263953 0.025000 0.024677
0 0.614380 0.777791 0.023496 0.021910
0 0.464756 0.447763 0.027256 0.026522
0 0.217011 0.472325 0.028008 0.023524
0 0.740508 0.759110 0.021617 0.031135
0 0.787030 0.356896 0.024812 0.028828
0 0.741823 0.790475 0.021992 0.031596
0 0.788346 0.247463 0.024060 0.034133
0 0.611842 0.960563 0.022556 0.032749
0 0.812970 0.150600 0.023308 0.026292
0 0.812688 0.520872 0.024624 0.028367
0 0.488346 0.398063 0.024436 0.030904
0 0.436184 0.120964 0.023872 0.032980
0 0.144173 0.758649 0.025940 0.021910
0 0.760338 0.422394 0.021429 0.031135
0 0.313346 0.026176 0.024060 0.031135
0 0.865226 0.586370 0.025940 0.032980
0 0.314944 0.926545 0.020865 0.021910
0 0.093515 0.695918 0.028008 0.029751
0 0.913816 0.783441 0.024248 0.032749
0 0.913158 0.183579 0.022932 0.028598
0 0.863346 0.488469 0.025188 0.030443
0 0.588628 0.145987 0.025000 0.027214
0 0.940883 0.269719 0.026128 0.027906
0 0.315226 0.215982 0.026316 0.026983
0 0.590508 0.805235 0.022368 0.030673
0 0.292199 0.760724 0.021992 0.028828
0 0.290977 0.929313 0.022932 0.026983
0 0.714286 0.420434 0.024060 0.030904
0 0.193327 0.959640 0.025000 0.031365
0 0.142481 0.696494 0.020301 0.034133
0 0.390508 0.390567 0.022744 0.027445
0 0.391447 0.814691 0.024248 0.026522
0 0.089944 0.483625 0.027632 0.025830
0 0.061936 0.394027 0.022744 0.028828
0 0.038534 0.123501 0.022556 0.032518
0 0.341823 0.881804 0.024248 0.021448
0 0.862688 0.901868 0.021992 0.030673
0 0.367293 0.598708 0.022932 0.028598
0 0.541071 0.774446 0.025000 0.022140
0 0.514662 0.600323 0.020301 0.024908
0 0.562594 0.023755 0.025188 0.030904
0 0.313064 0.055466 0.023120 0.024677
0 0.290038 0.244465 0.026692 0.029520
0 0.565977 0.778828 0.024812 0.028137
0 0.812500 0.882495 0.024248 0.024677
0 0.239286 0.212754 0.021429 0.028828
0 0.142669 0.870618 0.023308 0.026292
0 0.389098 0.235009 0.025188 0.025369
0 0.565977 0.839714 0.023308 0.029982
0 0.036560 0.089829 0.020865 0.023755
0 0.939850 0.089022 0.022932 0.032288
0 0.685996 0.026753 0.024624 0.028598
0 0.117481 0.960678 0.022180 0.032518
0 0.612594 0.930812 0.023308 0.029982
0 0.214662 0.273178 0.027820 0.028828
0 0.367011 0.540360 0.022368 0.029520
0 0.163722 0.147256 0.022556 0.032518
0 0.814004 0.908902 0.025000 0.028598
0 0.187594 0.297163 0.022556 0.029751
0 0.540132 0.913515 0.026880 0.032288
0 0.614944 0.487315 0.028383 0.032749
0 0.835150 0.028252 0.018045 0.028828
0 0.340226 0.302352 0.024060 0.029982
0 0.187782 0.360240 0.022932 0.029059
0 0.538628 0.396679 0.025000 0.032749
0 0.461278 0.149562 0.024060 0.032057
0 0.215789 0.447878 0.026692 0.023524
0 0.140695 0.629497 0.024624 0.037592
0 0.113722 0.409248 0.022556 0.036208
0 0.467763 0.692804 0.026880 0.029059
0 0.588722 0.117735 0.025188 0.026061
0 0.117951 0.785863 0.021992 0.021910
0 0.119173 0.811577 0.023684 0.029520
0 0.139286 0.240198 0.028195 0.030673
0 0.088346 0.114161 0.024060 0.027675
0 0.066165 0.544050 0.023684 0.031365
0 0.392857 0.960909 0.025188 0.023293
0 0.738534 0.630766 0.024060 0.027214
0 0.913816 0.391490 0.020113 0.030673
0 0.787594 0.087638 0.025188 0.037362
0 0.264098 0.234894 0.025940 0.026061
0 0.536936 0.126614 0.023872 0.032288
0 0.587594 0.238469 0.024060 0.031365
0 0.715602 0.690152 0.020301 0.026983
0 0.214662 0.178275 0.025564 0.030443
0 0.265602 0.389991 0.021053 0.026292
0 0.639474 0.480743 0.020677 0.034363
0 0.738158 0.910401 0.022556 0.028367
0 0.861466 0.210793 0.024436 0.026753
0 0.435902 0.235932 0.027820 0.031365
0 0.037688 0.274331 0.022744 0.025138
0 0.489192 0.501499 0.021617 0.023755
0 0.390977 0.842136 0.021805 0.025138
0 0.763346 0.360125 0.023684 0.033902
0 0.513346 0.488584 0.023308 0.031135
0 0.764098 0.755304 0.023308 0.032749
0 0.739004 0.428736 0.025376 0.029520
0 0.061466 0.482703 0.024060 0.026292
0 0.061936 0.424470 0.023496 0.031135
0 0.139004 0.026292 0.021617 0.025830
0 0.914192 0.485355 0.025376 0.033441
0 0.465414 0.868312 0.021053 0.023985
0 0.662594 0.779982 0.022180 0.029520
0 0.812500 0.629958 0.024624 0.032518
0 0.565038 0.420088 0.022556 0.028367
0 0.317199 0.548432 0.023120 0.025830
0 0.391823 0.419396 0.023496 0.028367
0 0.663440 0.629958 0.020489 0.027445
0 0.213252 0.243196 0.024248 0.030212
0 0.193327 0.928390 0.024248 0.028828
0 0.465695 0.894257 0.023872 0.024677
0 0.863910 0.749308 0.023684 0.023063
0 0.242763 0.692343 0.024624 0.025830
0 0.739380 0.458026 0.025376 0.026292
0 0.590132 0.694188 0.023496 0.035055
0 0.965132 0.297740 0.024624 0.024908
0 0.538628 0.300277 0.028383 0.032288
0 0.613816 0.629958 0.023496 0.025600
0 0.065977 0.784363 0.024812 0.024908
0 0.762876 0.626960 0.019737 0.032057
0 0.139850 0.159248 0.025564 0.023755
0 0.243797 0.602629 0.021053 0.022601
0 0.366729 0.691651 0.021429 0.026292
0 0.590226 0.454220 0.023684 0.019142
0 0.039662 0.787592 0.022180 0.025830
0 0.038252 0.245964 0.026128 0.027906
0 0.037688 0.362661 0.022744 0.029290
0 0.838252 0.542320 0.021617 0.030673
0 0.912688 0.811923 0.023496 0.023755
0 0.342199 0.508418 0.024248 0.021448
0 0.139380 0.132265 0.025752 0.026983
0 0.339850 0.419050 0.023308 0.023985
0 0.861654 0.458141 0.025188 0.028367
0 0.391259 0.479589 0.021241 0.030673
0 0.763252 0.781827 0.021617 0.023524
0 0.289474 0.212523 0.024060 0.030673
0 0.839380 0.764299 0.023496 0.038745
0 0.913534 0.423316 0.022932 0.031596
0 0.863346 0.523524 0.025940 0.030904
0 0.714850 0.811923 0.028195 0.022371
0 0.138816 0.186347 0.021992 0.029520
0 0.887782 0.786670 0.022932 0.027675
0 0.262782 0.178275 0.022556 0.029059
0 0.238440 0.159825 0.021992 0.027214
0 0.488440 0.424470 0.021992 0.022832
0 0.062312 0.095018 0.023120 0.028137
0 0.166541 0.456065 0.025188 0.020065
0 0.762594 0.899908 0.021805 0.027675
0 0.113158 0.269488 0.023684 0.026983
0 0.240602 0.186232 0.022180 0.026983
0 0.914380 0.901176 0.023872 0.028828
0 0.140508 0.572302 0.023872 0.026522
0 0.539474 0.884802 0.026692 0.022832
0 0.514662 0.838792 0.023308 0.025830
0 0.738064 0.548662 0.023496 0.027675
0 0.164098 0.121656 0.024436 0.020987
0 0.614850 0.357818 0.024812 0.028828
0 0.539286 0.158556 0.029699 0.030673
0 0.613252 0.145065 0.020489 0.025369
0 0.689286 0.429659 0.024436 0.032288
0 0.140602 0.273755 0.028571 0.032288
0 0.464568 0.501730 0.024248 0.030673
0 0.117387 0.842482 0.024624 0.030904
0 0.489380 0.633879 0.019737 0.030212
0 0.814192 0.963676 0.025376 0.027445
0 0.761748 0.297163 0.017857 0.025138
0 0.539756 0.859548 0.026504 0.029982
0 0.966071 0.484433 0.026880 0.037592
0 0.037594 0.060309 0.020301 0.026983
0 0.861842 0.086716 0.022932 0.030904
0 0.316917 0.243427 0.022932 0.029751
0 0.813064 0.574839 0.020113 0.029290
0 0.491729 0.891259 0.024060 0.026983
0 0.839192 0.158095 0.025752 0.027906
0 0.341165 0.904405 0.023308 0.024216
0 0.515038 0.423547 0.023308 0.029751
0 0.388064 0.208602 0.027256 0.023293
0 0.536654 0.187154 0.025188 0.027445
0 0.739756 0.216674 0.020113 0.028828
0 0.862124 0.183349 0.025752 0.025369
0 0.686278 0.244350 0.029699 0.032980
0 0.066635 0.931504 0.021241 0.028598
0 0.089004 0.024677 0.022368 0.023985
0 0.566071 0.902560 0.023120 0.022832
0 0.813346 0.494234 0.025564 0.028598
0 0.739098 0.879728 0.022932 0.030673
0 0.120677 0.694304 0.021805 0.028367
0 0.118985 0.728782 0.023684 0.027675
0 0.838252 0.895872 0.022368 0.027445
0 0.540038 0.586946 0.022932 0.027214
0 0.139756 0.301661 0.023872 0.024908
0 0.510244 0.028367 0.024624 0.034133
0 0.388158 0.179659 0.023308 0.031827
0 0.612312 0.094442 0.021617 0.029290
0 0.540508 0.635032 0.021617 0.030212
0 0.663064 0.960332 0.023120 0.031365
0 0.464098 0.473824 0.024436 0.026061
0 0.740883 0.816651 0.020865 0.022601
0 0.065695 0.254843 0.026880 0.032288
0 0.510714 0.184156 0.024812 0.024677
0 0.638628 0.723824 0.025000 0.029751
0 0.640132 0.540360 0.023496 0.026292
0 0.114662 0.025830 0.023308 0.028598
0 0.967951 0.119811 0.028383 0.029290
0 0.187688 0.270987 0.025752 0.022601
0 0.637782 0.950646 0.029323 0.052122
0 0.512594 0.241467 0.023684 0.023524
0 0.837876 0.060194 0.022744 0.032749
0 0.214850 0.423086 0.025188 0.026061
0 0.689286 0.773063 0.027068 0.021679
0 0.142951 0.781365 0.021992 0.022601
0 0.938910 0.717366 0.024060 0.018220
0 0.689380 0.718289 0.024624 0.021910
0 0.762594 0.547625 0.022556 0.024677
0 0.035902 0.185424 0.021805 0.031827
0 0.787782 0.580835 0.023308 0.033902
0 0.741165 0.244926 0.022556 0.029982
0 0.715320 0.720018 0.024624 0.031365
0 0.937124 0.919857 0.021992 0.025600
0 0.663064 0.721172 0.023120 0.022601
0 0.714568 0.871656 0.025752 0.032057
0 0.914192 0.266951 0.026880 0.027445
0 0.365977 0.569649 0.022180 0.029059
0 0.788158 0.301661 0.026316 0.031827
0 0.590320 0.551891 0.021241 0.028137
0 0.540320 0.829336 0.024624 0.026292
0 0.514380 0.573916 0.023120 0.027445
0 0.967669 0.088215 0.027068 0.032518
0 0.914850 0.238584 0.024060 0.029290
0 0.088346 0.062269 0.019173 0.028137
0 0.763346 0.575646 0.022932 0.031365
0 0.540226 0.526637 0.022180 0.028367
0 0.938440 0.537131 0.023496 0.022601
0 0.092293 0.810194 0.026692 0.028137
0 0.789568 0.217366 0.026504 0.022832
0 0.489568 0.585909 0.022368 0.032980
0 0.113628 0.119811 0.021617 0.022832
0 0.091165 0.862431 0.021429 0.034825
0 0.038628 0.759225 0.027256 0.029520
0 0.091541 0.724170 0.025564 0.020295
0 0.361748 0.162016 0.023120 0.034825
0 0.514756 0.782173 0.023120 0.020065
0 0.565226 0.444188 0.024060 0.021218
0 0.785620 0.868542 0.024248 0.028137
0 0.613910 0.169280 0.024060 0.021679
0 0.638628 0.448916 0.024624 0.021910
0 0.316447 0.573916 0.022368 0.027445
0 0.913534 0.575069 0.020301 0.029290
0 0.116917 0.929082 0.024812 0.023293
0 0.540226 0.496887 0.021053 0.025600
0 0.068515 0.961485 0.023872 0.030443
0 0.067575 0.839829 0.024248 0.028367
0 0.292763 0.785863 0.022368 0.020526
0 0.441259 0.726361 0.026880 0.025138
0 0.938252 0.562039 0.024624 0.023063
0 0.887500 0.689576 0.018985 0.029520
0 0.540602 0.470018 0.022932 0.027214
0 0.365695 0.241928 0.025376 0.024446
0 0.092011 0.784248 0.026128 0.023293
0 0.588064 0.052583 0.020113 0.029520
0 0.938722 0.818958 0.025188 0.045664
0 0.114662 0.458026 0.022932 0.026753
0 0.688064 0.151522 0.027632 0.028598
0 0.912688 0.837177 0.021617 0.029982
0 0.638722 0.121656 0.025564 0.018681
0 0.037500 0.028598 0.021241 0.026292
0 0.941635 0.245272 0.027256 0.022371
0 0.589568 0.949839 0.020865 0.052352
0 0.639850 0.240544 0.023684 0.027675
0 0.316071 0.438423 0.022368 0.050738
0 0.391635 0.632265 0.024248 0.036208
0 0.911936 0.728667 0.022744 0.031596
0 0.812406 0.601476 0.022180 0.023985
0 0.861842 0.237777 0.023308 0.027675
0 0.966541 0.027329 0.025940 0.031596
0 0.538628 0.246310 0.028383 0.023985
0 0.938252 0.858280 0.024248 0.031135
0 0.514568 0.545318 0.024248 0.026061
0 0.063628 0.298778 0.024624 0.046356
0 0.640695 0.216213 0.027256 0.020526
0 0.740226 0.273178 0.022932 0.026061
0 0.391165 0.692689 0.022556 0.033441
0 0.965977 0.788630 0.028947 0.032518
0 0.813252 0.263722 0.020489 0.025600
0 0.837688 0.514875 0.021241 0.025600
0 0.168327 0.547163 0.025752 0.024677
0 0.041541 0.727514 0.026316 0.028367
0 0.489004 0.756458 0.020865 0.025369
0 0.739944 0.300046 0.018233 0.029520
0 0.838252 0.873270 0.024624 0.018220
0 0.966259 0.574723 0.025752 0.027675
0 0.866259 0.627998 0.026504 0.047970
0 0.065695 0.691305 0.025752 0.020987
0 0.586654 0.024216 0.019173 0.028137
0 0.912312 0.871541 0.025000 0.029982
0 0.913722 0.453298 0.025188 0.029751
0 0.613346 0.194534 0.022556 0.026983
0 0.912124 0.957219 0.023120 0.026061
0 0.687594 0.271679 0.026316 0.025369
0 0.687500 0.938423 0.027256 0.032749
0 0.564662 0.721287 0.020677 0.026983
0 0.489192 0.781711 0.021992 0.024677
0 0.035902 0.695572 0.024436 0.027214
0 0.739568 0.845941 0.018985 0.032749
0 0.813628 0.209294 0.025752 0.015913
0 0.363252 0.190383 0.025000 0.020987
0 0.787970 0.723478 0.024060 0.023985
0 0.965977 0.150600 0.024812 0.031365
0 0.392105 0.541052 0.023308 0.028598
0 0.813534 0.182887 0.024436 0.031827
0 0.964944 0.693727 0.025000 0.036439
0 0.112970 0.147486 0.022556 0.029751
0 0.966541 0.401522 0.027444 0.044280
0 0.787876 0.276061 0.023872 0.023063
0 0.888346 0.230051 0.024812 0.020987
0 0.837594 0.488930 0.024812 0.024446
0 0.762594 0.085447 0.025940 0.014991
0 0.166447 0.398293 0.023496 0.029059
0 0.591823 0.579566 0.021992 0.024908
0 0.761654 0.166052 0.022556 0.024908
0 0.887688 0.251845 0.021992 0.025369
0 0.488722 0.526522 0.020301 0.025830
0 0.965508 0.881688 0.028008 0.029059
0 0.362594 0.214945 0.025564 0.029520
0 0.887312 0.815729 0.025000 0.029059
0 0.639286 0.692689 0.020677 0.031596
0 0.887876 0.960447 0.023496 0.030212
0 0.938158 0.888838 0.022932 0.029982
0 0.690602 0.549239 0.027820 0.022832
0 0.391917 0.510955 0.023308 0.032518
0 0.164662 0.227399 0.021429 0.025830
0 0.965132 0.433349 0.021992 0.022140
0 0.889944 0.163515 0.024248 0.037362
0 0.065414 0.810309 0.022932 0.024216
0 0.511372 0.267412 0.023872 0.028367
0 0.786936 0.894373 0.022744 0.023063
0 0.589944 0.720710 0.021992 0.020756
0 0.488816 0.472555 0.021241 0.035055
0 0.436184 0.264299 0.024248 0.030443
0 0.691447 0.572648 0.024624 0.027214
0 0.089474 0.086601 0.023308 0.020987
0 0.814474 0.934387 0.023684 0.026983
0 0.785714 0.632726 0.022180 0.019603
0 0.888158 0.723017 0.021805 0.033210
0 0.565977 0.690729 0.019925 0.027675
0 0.663628 0.454912 0.023872 0.019603
0 0.662500 0.930351 0.023872 0.026292
0 0.965883 0.551545 0.026504 0.020987
0 0.887688 0.109894 0.024248 0.023755
0 0.140789 0.597786 0.022932 0.021218
0 0.687782 0.964137 0.026692 0.023755
0 0.040226 0.815268 0.025940 0.029520
0 0.436748 0.154059 0.025376 0.030904
0 0.436278 0.177698 0.024060 0.026061
0 0.591635 0.600899 0.020489 0.021448
0 0.164850 0.207680 0.022180 0.019142
0 0.035996 0.155904 0.023872 0.027675
0 0.538252 0.271218 0.026880 0.028598
0 0.887500 0.930351 0.022744 0.027214
0 0.913816 0.618427 0.025376 0.056504
0 0.391823 0.600669 0.022368 0.024677
0 0.887876 0.907288 0.023872 0.021218
0 0.040320 0.847440 0.024248 0.021448
0 0.489004 0.443958 0.020113 0.023524
0 0.115038 0.437154 0.022556 0.018220
0 0.140414 0.549931 0.025188 0.019603
0 0.688534 0.455374 0.025188 0.018220
0 0.492105 0.870849 0.024812 0.017528
0 0.738252 0.604359 0.023120 0.023293
0 0.539662 0.611739 0.023308 0.021910
0 0.966259 0.266144 0.021992 0.030443
0 0.788252 0.749423 0.023120 0.022371
0 0.963252 0.821725 0.022368 0.033672
0 0.893233 0.355858 0.014286 0.022601
0 0.966353 0.058925 0.024436 0.027906
0 0.937970 0.832911 0.022556 0.016375
0 0.615602 0.513607 0.022556 0.024446
0 0.838064 0.786900 0.023120 0.020756
0 0.737124 0.582449 0.021241 0.029290
0 0.965414 0.235470 0.019925 0.029059
0 0.965695 0.854820 0.028383 0.028828
0 0.913064 0.637915 0.023120 0.023524
0 0.688158 0.122463 0.024060 0.030443
0 0.912688 0.851130 0.020865 0.020065
0 0.912876 0.930120 0.021617 0.023985
0 0.488722 0.604013 0.021429 0.017989
0 0.091635 0.839829 0.024624 0.026983
0 0.887876 0.132957 0.025376 0.027906
0 0.912218 0.755881 0.021429 0.023293
0 0.964286 0.908441 0.028195 0.024446
0 0.861654 0.262108 0.025564 0.020526
0 0.884117 0.023985 0.018985 0.034594
0 0.740320 0.939460 0.023872 0.030673
0 0.488722 0.279751 0.022932 0.035517
0 0.489568 0.307080 0.019737 0.020987
0 0.965508 0.208372 0.019737 0.020987
0 0.968421 0.454797 0.025564 0.023063
0 0.787782 0.608395 0.019549 0.026292
0 0.513440 0.517182 0.023120 0.026061
0 0.438722 0.548086 0.027444 0.029290
0 0.437406 0.571725 0.028195 0.019834
0 0.439944 0.906135 0.026504 0.023985
0 0.440414 0.926084 0.025564 0.021910
0 0.958177 0.931734 0.017105 0.023063
0 0.956955 0.960101 0.018045 0.031365
0 0.965883 0.727399 0.025752 0.033672
0 0.964662 0.757841 0.024812 0.027214
0 0.742011 0.966328 0.027256 0.023063
