0 0.553313 0.497633 0.054363 0.046315
0 0.507116 0.188452 0.048297 0.046315
0 0.557629 0.235385 0.051330 0.042198
0 0.507233 0.141416 0.048997 0.044463
0 0.659939 0.539728 0.052497 0.048991
0 0.404223 0.409531 0.039897 0.043845
0 0.548997 0.625566 0.052730 0.047756
0 0.353010 0.804240 0.054596 0.050226
0 0.357326 0.756690 0.051563 0.041169
0 0.307163 0.543331 0.045964 0.045904
0 0.814162 0.621140 0.044564 0.041787
0 0.496734 0.758131 0.046664 0.043639
0 0.765282 0.623919 0.053196 0.048168
0 0.605693 0.195554 0.051330 0.043228
0 0.259449 0.241663 0.047597 0.044463
0 0.164722 0.145533 0.049930 0.055167
0 0.305880 0.497839 0.047597 0.042610
0 0.265516 0.148621 0.047130 0.047345
0 0.757466 0.194936 0.045497 0.043639
0 0.448787 0.412413 0.055296 0.043845
0 0.560079 0.144195 0.046897 0.042610
0 0.213369 0.544051 0.046897 0.043639
0 0.258049 0.411177 0.047597 0.044669
0 0.308679 0.411486 0.052730 0.048168
0 0.707536 0.452552 0.052497 0.041375
0 0.308679 0.194936 0.049463 0.045286
0 0.756183 0.278818 0.048530 0.045904
0 0.404806 0.497015 0.048063 0.047962
0 0.555180 0.277583 0.047364 0.042610
0 0.357793 0.671881 0.047364 0.045286
0 0.356276 0.715109 0.048530 0.040758
0 0.500467 0.537567 0.047597 0.050021
0 0.813112 0.576575 0.048530 0.041993
0 0.164489 0.193804 0.048997 0.043434
0 0.763066 0.536126 0.052030 0.043434
0 0.497200 0.586147 0.052263 0.043845
0 0.496034 0.626801 0.052263 0.037876
0 0.710453 0.540243 0.046664 0.049609
0 0.712086 0.585426 0.044797 0.041169
0 0.355693 0.545698 0.050630 0.043639
0 0.359309 0.236414 0.054596 0.043434
0 0.262016 0.283965 0.044330 0.039728
0 0.553313 0.453273 0.051097 0.044874
0 0.667522 0.797962 0.052263 0.045080
0 0.211153 0.798065 0.051330 0.043228
0 0.756533 0.148003 0.046897 0.045698
0 0.764349 0.752367 0.052730 0.047345
0 0.306696 0.238576 0.048763 0.043228
0 0.407490 0.797242 0.054363 0.042816
0 0.305646 0.757205 0.047597 0.042610
0 0.208586 0.454508 0.045264 0.039934
0 0.815212 0.662310 0.042464 0.041787
0 0.159006 0.748765 0.048763 0.045904
0 0.710803 0.628139 0.049230 0.043022
0 0.853593 0.358584 0.052030 0.036229
0 0.356976 0.277789 0.051797 0.042610
0 0.458236 0.182483 0.049463 0.040963
0 0.305996 0.280259 0.045497 0.040963
0 0.449837 0.367023 0.054596 0.046933
0 0.406790 0.138946 0.045497 0.042404
0 0.161689 0.454611 0.048063 0.043434
0 0.805296 0.362186 0.045964 0.046315
0 0.810079 0.532832 0.045730 0.043022
0 0.815679 0.704096 0.042930 0.040963
0 0.159706 0.497427 0.046430 0.040552
0 0.556346 0.192775 0.047830 0.047139
0 0.260033 0.497839 0.047364 0.041375
0 0.404690 0.664059 0.047830 0.042816
0 0.162739 0.281803 0.051097 0.046521
0 0.164139 0.237340 0.048763 0.039522
0 0.757233 0.447509 0.049697 0.044051
0 0.909239 0.533450 0.048530 0.049197
0 0.112926 0.543022 0.048530 0.045286
0 0.210336 0.497427 0.045964 0.043845
0 0.503383 0.320708 0.044564 0.043639
0 0.656790 0.195348 0.050397 0.045698
0 0.260499 0.714080 0.048763 0.041993
0 0.403990 0.709860 0.045964 0.043022
0 0.211853 0.752676 0.045730 0.046727
0 0.456370 0.234253 0.050397 0.044874
0 0.656090 0.491972 0.050863 0.046933
0 0.708236 0.145533 0.048297 0.038699
0 0.407839 0.189070 0.045264 0.045492
0 0.707186 0.493001 0.046197 0.040346
0 0.113276 0.494442 0.048763 0.041581
0 0.450070 0.321223 0.052730 0.044257
0 0.605110 0.238473 0.047830 0.040140
0 0.491134 0.840469 0.049930 0.043639
0 0.806230 0.279848 0.047364 0.041787
0 0.356160 0.501029 0.051563 0.041581
0 0.767732 0.793125 0.053430 0.035406
0 0.806813 0.235488 0.046197 0.037876
0 0.447387 0.456361 0.044564 0.048991
0 0.450420 0.540758 0.047364 0.044874
0 0.154690 0.793639 0.048997 0.041787
0 0.307396 0.456361 0.043630 0.040346
0 0.554130 0.539317 0.052730 0.038287
0 0.545264 0.755455 0.048997 0.045286
0 0.499650 0.670132 0.059496 0.043845
0 0.357559 0.455331 0.047830 0.044874
0 0.212319 0.411486 0.047597 0.047756
0 0.407140 0.232709 0.042930 0.037258
0 0.808213 0.195142 0.052263 0.042404
0 0.160989 0.543228 0.046197 0.047345
0 0.656906 0.146974 0.049230 0.041993
0 0.906440 0.405208 0.048063 0.042198
0 0.909006 0.577295 0.050863 0.038493
0 0.606510 0.147283 0.043630 0.042198
0 0.656323 0.237855 0.050863 0.039317
0 0.451237 0.498250 0.049930 0.038905
0 0.406090 0.752676 0.049230 0.039728
0 0.710336 0.320811 0.043630 0.040963
0 0.809379 0.151297 0.054596 0.043228
0 0.715586 0.752882 0.046197 0.040963
0 0.260149 0.195862 0.045730 0.038493
0 0.454153 0.277686 0.045497 0.041581
0 0.498483 0.715830 0.054363 0.040552
0 0.405740 0.276245 0.048063 0.041169
0 0.755716 0.319679 0.048063 0.036641
0 0.762483 0.577295 0.051797 0.034788
0 0.668222 0.842939 0.053663 0.047345
0 0.111293 0.278613 0.045730 0.036435
0 0.760849 0.492692 0.048063 0.043022
0 0.212086 0.705949 0.046197 0.043022
0 0.215819 0.145430 0.052730 0.042198
0 0.504550 0.233635 0.046430 0.037464
0 0.757583 0.233944 0.046197 0.033553
0 0.259799 0.454199 0.049230 0.042198
0 0.110359 0.236517 0.043864 0.044051
0 0.404106 0.450700 0.045730 0.034788
0 0.211969 0.192775 0.046897 0.040963
0 0.309496 0.666427 0.048297 0.042610
0 0.714886 0.708934 0.046197 0.037464
0 0.555646 0.320399 0.049230 0.040140
0 0.550163 0.710066 0.045730 0.037670
0 0.858843 0.330897 0.041531 0.021614
0 0.162156 0.407575 0.049463 0.046933
0 0.303780 0.799918 0.046664 0.041993
0 0.860126 0.668485 0.046897 0.034788
0 0.360359 0.192260 0.049230 0.037464
0 0.456836 0.136682 0.055063 0.038287
0 0.258866 0.543228 0.045030 0.046521
0 0.258049 0.666941 0.047130 0.045286
0 0.213486 0.660251 0.050397 0.044257
0 0.654923 0.445554 0.050863 0.037670
0 0.258166 0.755661 0.045497 0.038699
0 0.503616 0.275937 0.050630 0.038493
0 0.765982 0.705023 0.051330 0.037876
0 0.707303 0.366303 0.047364 0.043022
0 0.860126 0.801050 0.031965 0.026142
0 0.912972 0.619494 0.050397 0.040552
0 0.906790 0.450494 0.045964 0.041375
0 0.810313 0.490428 0.044797 0.038905
0 0.723285 0.835838 0.049463 0.038905
0 0.358493 0.410560 0.045964 0.040963
0 0.805180 0.318753 0.049930 0.037258
0 0.404690 0.541066 0.045497 0.039317
0 0.447737 0.625772 0.040131 0.037052
0 0.114209 0.453479 0.043630 0.035406
0 0.719902 0.795286 0.048297 0.036023
0 0.657140 0.322869 0.048297 0.045904
0 0.492534 0.799300 0.047597 0.035406
0 0.707536 0.411075 0.048297 0.042816
0 0.765049 0.666118 0.042930 0.037052
0 0.806463 0.403870 0.049697 0.038699
0 0.553196 0.577913 0.050863 0.036846
0 0.664372 0.749691 0.050630 0.035406
0 0.445637 0.584603 0.043864 0.039111
0 0.910406 0.361774 0.047597 0.039317
0 0.111876 0.142137 0.049697 0.043022
0 0.658423 0.585323 0.046197 0.041375
0 0.657839 0.365994 0.052030 0.039111
0 0.922072 0.656649 0.041531 0.037464
0 0.211853 0.238884 0.044797 0.038493
0 0.911106 0.275731 0.048997 0.038905
0 0.655856 0.408399 0.048530 0.041169
0 0.161806 0.703479 0.055296 0.038082
0 0.756416 0.404796 0.042464 0.036435
0 0.214536 0.280774 0.048297 0.041581
0 0.808096 0.448333 0.044564 0.039111
0 0.861176 0.638843 0.046664 0.029436
0 0.771115 0.834294 0.044330 0.046110
0 0.544330 0.798168 0.056463 0.037258
0 0.904806 0.487752 0.049463 0.031083
0 0.110826 0.189893 0.049463 0.038905
0 0.755716 0.361363 0.045264 0.040552
0 0.361876 0.140078 0.038731 0.040552
0 0.865842 0.749588 0.052730 0.031494
0 0.857326 0.519350 0.043630 0.028407
0 0.909123 0.321634 0.054830 0.041787
0 0.312879 0.141313 0.045264 0.039728
0 0.550280 0.668588 0.045497 0.034994
0 0.923588 0.697509 0.043164 0.043434
0 0.501633 0.492281 0.041997 0.037670
0 0.548063 0.838514 0.050397 0.036435
0 0.311713 0.710169 0.046664 0.035406
0 0.255833 0.796521 0.041764 0.035611
0 0.860126 0.837587 0.048763 0.040758
0 0.708703 0.190922 0.043164 0.036846
0 0.556930 0.360848 0.048530 0.037876
0 0.114676 0.408296 0.045497 0.039728
0 0.707769 0.277172 0.041297 0.038082
0 0.855810 0.544051 0.047597 0.024290
0 0.653756 0.279024 0.050863 0.037258
0 0.861876 0.698847 0.048530 0.026760
0 0.856510 0.433615 0.044330 0.037258
0 0.712669 0.664883 0.049697 0.028407
0 0.909473 0.234459 0.045264 0.046521
0 0.706836 0.231680 0.046897 0.032318
0 0.859543 0.589234 0.045730 0.022437
0 0.500350 0.450803 0.049697 0.032935
0 0.855226 0.464389 0.046430 0.027995
0 0.860476 0.612907 0.042464 0.027789
0 0.856743 0.491252 0.040131 0.030671
0 0.856160 0.397592 0.046430 0.045080
0 0.499417 0.365891 0.046897 0.037670
0 0.560429 0.413030 0.047130 0.033141
0 0.858493 0.308666 0.047830 0.026966
0 0.862109 0.723652 0.040597 0.022849
0 0.862109 0.779436 0.048063 0.023672
0 0.856510 0.568753 0.039197 0.022643
