0 0.898958 0.248106 0.081250 0.125000
0 0.895833 0.418561 0.066667 0.132576
0 0.904167 0.581439 0.079167 0.109848
0 0.808333 0.270833 0.070833 0.162879
0 0.804167 0.433712 0.075000 0.147727
0 0.810417 0.611742 0.079167 0.178030
0 0.722917 0.276515 0.087500 0.159091
0 0.722917 0.433712 0.083333 0.155303
0 0.725000 0.592803 0.087500 0.155303
0 0.627083 0.274621 0.087500 0.147727
0 0.630208 0.454545 0.085417 0.136364
0 0.630208 0.607955 0.081250 0.178030
0 0.544792 0.285985 0.081250 0.162879
0 0.547917 0.435606 0.075000 0.128788
0 0.545833 0.585227 0.083333 0.178030
0 0.451042 0.261364 0.089583 0.075758
0 0.450000 0.435606 0.075000 0.143939
0 0.454167 0.577652 0.083333 0.147727
0 0.360417 0.280303 0.083333 0.151515
0 0.367708 0.435606 0.089583 0.159091
0 0.366667 0.592803 0.079167 0.087121
0 0.280208 0.278409 0.072917 0.132576
0 0.272917 0.428030 0.075000 0.136364
0 0.278125 0.587121 0.093750 0.136364
0 0.194792 0.274621 0.060417 0.109848
0 0.196875 0.428030 0.072917 0.151515
0 0.195833 0.585227 0.079167 0.132576
0 0.118750 0.267045 0.070833 0.125000
0 0.117708 0.420455 0.077083 0.128788
0 0.121875 0.585227 0.064583 0.117424
