0 0.810221 0.107198 0.332061 0.207223
0 0.806616 0.314293 0.303647 0.196209
0 0.809160 0.505763 0.319763 0.186732
0 0.815522 0.700564 0.342663 0.206967
0 0.813613 0.900743 0.325276 0.190830
0 0.487701 0.107838 0.337574 0.203893
0 0.481552 0.307377 0.328668 0.195184
0 0.495547 0.506404 0.335454 0.196209
0 0.506149 0.701204 0.332061 0.175973
0 0.484945 0.893699 0.297286 0.204918
0 0.168575 0.099129 0.282867 0.191086
0 0.167939 0.294057 0.298558 0.190061
0 0.171332 0.490907 0.295165 0.206199
0 0.185539 0.697490 0.309160 0.204918
0 0.178329 0.900487 0.291349 0.199027
