0 0.841190 0.544629 0.088787 0.080686
0 0.836842 0.419062 0.099314 0.085729
0 0.721739 0.247352 0.092449 0.060010
0 0.853089 0.262481 0.097025 0.029753
0 0.729291 0.387040 0.102975 0.083207
0 0.721053 0.501513 0.079176 0.053959
0 0.719908 0.635401 0.111670 0.056480
0 0.839359 0.674987 0.092449 0.081190
0 0.598398 0.435703 0.101144 0.102874
0 0.598856 0.562532 0.096568 0.066062
0 0.600458 0.692133 0.093364 0.090267
0 0.593822 0.824004 0.080092 0.074634
0 0.400000 0.252648 0.087872 0.049420
0 0.402059 0.388048 0.081922 0.079173
0 0.398627 0.513868 0.088787 0.050429
0 0.398627 0.628593 0.096110 0.062027
0 0.278490 0.263490 0.100229 0.092284
0 0.275057 0.398134 0.089703 0.067070
0 0.278490 0.534544 0.105721 0.094806
0 0.275744 0.674735 0.100229 0.072617
0 0.283753 0.800303 0.107094 0.077660
0 0.147368 0.263742 0.063158 0.100857
0 0.163158 0.398134 0.105721 0.071104
0 0.151945 0.505043 0.092449 0.063036
0 0.153776 0.642713 0.092449 0.063036
