0 0.854735 0.059414 0.243927 0.103512
0 0.853743 0.178769 0.234011 0.109849
0 0.857709 0.297069 0.226078 0.105625
0 0.857709 0.421178 0.237977 0.125693
0 0.844819 0.546343 0.204264 0.122524
0 0.861676 0.671508 0.230045 0.119356
0 0.853743 0.789807 0.214179 0.113018
0 0.854735 0.905994 0.224095 0.115131
0 0.616758 0.061526 0.216163 0.107737
0 0.618741 0.181410 0.220129 0.125693
0 0.615766 0.299181 0.234011 0.111962
0 0.617749 0.422234 0.222112 0.132031
0 0.615766 0.550040 0.206247 0.117243
0 0.621715 0.660945 0.226078 0.100343
0 0.622707 0.785582 0.235994 0.144706
0 0.373823 0.070504 0.226078 0.117243
0 0.380764 0.191973 0.208230 0.104568
0 0.381755 0.320834 0.230045 0.123581
0 0.379772 0.434909 0.218146 0.102456
0 0.382747 0.546343 0.216163 0.111962
0 0.385721 0.674148 0.214179 0.139424
0 0.388696 0.799842 0.208230 0.114074
0 0.393654 0.927647 0.222112 0.103512
0 0.148736 0.068392 0.232028 0.113018
0 0.149727 0.185635 0.226078 0.117243
0 0.151710 0.319778 0.234011 0.129918
0 0.141795 0.437550 0.206247 0.101400
0 0.134854 0.551624 0.216163 0.067600
0 0.152702 0.672564 0.232028 0.129918
0 0.139812 0.795088 0.237977 0.110906
0 0.139812 0.911804 0.249876 0.118299
