0 0.825681 0.117502 0.340096 0.196247
0 0.819274 0.310520 0.331554 0.194094
0 0.828617 0.505383 0.342766 0.188865
0 0.819274 0.696709 0.334757 0.185789
0 0.812867 0.886189 0.321943 0.184559
0 0.487720 0.121193 0.316604 0.203630
0 0.491725 0.321747 0.312867 0.193171
0 0.486919 0.509997 0.300053 0.181483
0 0.497864 0.698862 0.311265 0.198093
0 0.493326 0.896186 0.327816 0.194094
0 0.177790 0.113350 0.322477 0.194094
0 0.179124 0.302676 0.321943 0.197478
0 0.184196 0.512458 0.294714 0.219010
0 0.165777 0.711627 0.329418 0.189788
0 0.172184 0.903568 0.329418 0.189788
