0 0.781949 0.195911 0.089979 0.098376
0 0.774385 0.294889 0.078857 0.088515
0 0.777444 0.402044 0.072739 0.110403
0 0.775442 0.504811 0.074741 0.088635
0 0.780447 0.608118 0.066733 0.107156
0 0.785007 0.716897 0.077856 0.086350
0 0.779001 0.808178 0.075854 0.091882
0 0.666222 0.192664 0.082972 0.104871
0 0.673841 0.293265 0.073740 0.089597
0 0.669280 0.394408 0.070849 0.088635
0 0.672339 0.503728 0.086976 0.088635
0 0.670281 0.603788 0.084863 0.102826
0 0.669280 0.710343 0.080859 0.088635
0 0.665721 0.807096 0.071738 0.074324
0 0.560060 0.189958 0.084863 0.099459
0 0.561117 0.294889 0.086976 0.079856
0 0.562618 0.399880 0.085975 0.082020
0 0.561061 0.509140 0.095095 0.099459
0 0.557558 0.609802 0.081860 0.066747
0 0.554999 0.707096 0.066733 0.088635
0 0.560561 0.807096 0.083862 0.091882
0 0.449338 0.191040 0.073852 0.103788
0 0.445279 0.300361 0.085975 0.088635
0 0.443277 0.398196 0.081971 0.065664
0 0.439717 0.503728 0.078857 0.103788
0 0.447336 0.609200 0.071850 0.089597
0 0.441775 0.712508 0.070737 0.097294
0 0.444834 0.809321 0.082861 0.080938
0 0.339173 0.189958 0.073740 0.092965
0 0.338116 0.299820 0.077856 0.091882
0 0.338616 0.405352 0.074853 0.101624
0 0.337115 0.502105 0.079858 0.094047
0 0.336614 0.608719 0.086865 0.095129
0 0.335113 0.705953 0.094094 0.088515
0 0.339617 0.811485 0.078857 0.087432
0 0.233511 0.193265 0.072851 0.084185
0 0.232455 0.298196 0.072739 0.090800
0 0.228896 0.396031 0.079858 0.080818
0 0.230953 0.505352 0.071738 0.087553
0 0.233011 0.607035 0.077856 0.083103
