0 0.762092 0.160096 0.229141 0.153745
0 0.767231 0.313841 0.235792 0.171266
0 0.773881 0.480946 0.222491 0.174332
0 0.773277 0.649803 0.235792 0.172142
0 0.770254 0.822383 0.227328 0.183530
0 0.557134 0.154840 0.231560 0.143233
0 0.551088 0.324135 0.211004 0.169952
0 0.557134 0.478975 0.223096 0.163382
0 0.547461 0.652212 0.218259 0.174332
0 0.557134 0.821288 0.240024 0.181340
0 0.333736 0.157906 0.212817 0.144985
0 0.332830 0.314936 0.225514 0.188349
0 0.332225 0.499124 0.224305 0.173894
0 0.330109 0.673894 0.220073 0.173018
0 0.333736 0.832457 0.200726 0.148489
