0 0.566328 0.729456 0.023126 0.049093
0 0.531639 0.189168 0.021347 0.047492
0 0.707878 0.661153 0.022618 0.054429
0 0.313088 0.743063 0.020839 0.052828
0 0.250318 0.254803 0.022872 0.050694
0 0.534562 0.308698 0.023126 0.047492
0 0.564422 0.633404 0.021855 0.038420
0 0.591995 0.729723 0.021601 0.051761
0 0.451334 0.664354 0.018806 0.041622
0 0.673571 0.239061 0.020584 0.039488
0 0.675858 0.726788 0.025667 0.050160
0 0.703685 0.400480 0.021855 0.044290
0 0.250445 0.353522 0.020076 0.042156
0 0.306989 0.252134 0.020330 0.040021
0 0.534053 0.368196 0.021093 0.044824
0 0.707243 0.719851 0.023380 0.052295
0 0.563024 0.382070 0.019060 0.034152
0 0.388437 0.221718 0.019568 0.036820
0 0.565565 0.590982 0.020584 0.040021
0 0.623634 0.788154 0.018297 0.052295
0 0.537738 0.665955 0.019314 0.048026
0 0.561372 0.257471 0.019822 0.038954
0 0.705337 0.505336 0.022109 0.050160
0 0.536213 0.607524 0.020839 0.053895
0 0.564041 0.500800 0.019568 0.040021
0 0.226302 0.739594 0.023634 0.051227
0 0.476366 0.458911 0.021093 0.041622
0 0.532402 0.250000 0.023888 0.044290
0 0.476112 0.331910 0.021093 0.044824
0 0.537611 0.720918 0.022109 0.053362
0 0.388183 0.181163 0.020584 0.042156
0 0.645997 0.220384 0.020839 0.033084
0 0.647268 0.338314 0.023888 0.060832
0 0.339263 0.497332 0.022872 0.050160
0 0.251461 0.193436 0.021601 0.045358
0 0.647268 0.444504 0.018806 0.033084
0 0.477510 0.393276 0.022872 0.042689
0 0.705591 0.560032 0.022618 0.044290
0 0.311944 0.687834 0.022109 0.048026
0 0.560610 0.123266 0.020839 0.041622
0 0.564549 0.544023 0.020584 0.040021
0 0.477891 0.520544 0.024651 0.053895
0 0.702795 0.450107 0.023634 0.047492
0 0.590470 0.120331 0.022109 0.051761
0 0.561881 0.299626 0.020330 0.043223
0 0.417535 0.257204 0.020839 0.039488
0 0.446125 0.293490 0.019568 0.036286
0 0.536595 0.549360 0.022618 0.042156
0 0.619441 0.384205 0.020584 0.037353
0 0.445997 0.252401 0.019822 0.040555
0 0.648285 0.662487 0.020330 0.044290
0 0.220966 0.496798 0.022618 0.048026
0 0.592630 0.497332 0.018806 0.042689
0 0.619187 0.257204 0.022618 0.036286
0 0.620076 0.481323 0.017789 0.038420
0 0.565947 0.677161 0.020839 0.049093
0 0.307116 0.360726 0.020076 0.049093
0 0.567598 0.780950 0.020584 0.041089
0 0.446506 0.335912 0.019822 0.041089
0 0.221855 0.197972 0.023888 0.046958
0 0.673698 0.522679 0.020330 0.041089
0 0.360864 0.179029 0.019822 0.045358
0 0.222490 0.146745 0.021601 0.041622
0 0.224015 0.640875 0.020584 0.045891
0 0.560991 0.216115 0.019060 0.044824
0 0.255909 0.738527 0.022363 0.045891
0 0.508132 0.455176 0.019060 0.041622
0 0.592630 0.588847 0.019314 0.043223
0 0.563787 0.456243 0.018551 0.037353
0 0.505718 0.299360 0.020330 0.046958
0 0.531512 0.133138 0.018551 0.050694
0 0.251970 0.143276 0.021093 0.043223
0 0.473698 0.193970 0.020330 0.042156
0 0.335324 0.255336 0.019568 0.041089
0 0.672681 0.351121 0.019314 0.038420
0 0.387802 0.136339 0.019314 0.043223
0 0.706989 0.610993 0.021347 0.045891
0 0.648030 0.602988 0.019822 0.034152
0 0.647141 0.478388 0.018551 0.037887
0 0.306607 0.308431 0.021093 0.045891
0 0.341042 0.614194 0.019822 0.039488
0 0.620457 0.447705 0.017535 0.030950
0 0.278653 0.139007 0.021601 0.045358
0 0.564295 0.418090 0.018551 0.034685
0 0.333926 0.195304 0.019822 0.046958
0 0.736595 0.062700 0.025159 0.052828
0 0.591741 0.404216 0.020076 0.044290
0 0.479288 0.649413 0.022872 0.051227
0 0.674587 0.560832 0.022618 0.036286
0 0.446506 0.374066 0.018806 0.035219
0 0.476747 0.265475 0.024396 0.045358
0 0.341677 0.743330 0.024651 0.054429
0 0.444981 0.212380 0.020330 0.036286
0 0.703431 0.233725 0.022872 0.048026
0 0.508767 0.531483 0.023888 0.060832
0 0.337611 0.430896 0.020584 0.040021
0 0.388310 0.294290 0.016773 0.031483
0 0.416900 0.219317 0.020584 0.037353
0 0.444346 0.177962 0.021601 0.038954
0 0.506607 0.378869 0.020584 0.046958
0 0.647522 0.410619 0.019314 0.032551
0 0.618043 0.225454 0.022363 0.031483
0 0.415629 0.139808 0.019568 0.041622
0 0.472808 0.132871 0.019060 0.042689
0 0.222618 0.542956 0.020330 0.042156
0 0.221474 0.253735 0.021601 0.047492
0 0.646633 0.251868 0.020076 0.033084
0 0.596442 0.782818 0.019314 0.041622
0 0.619822 0.513874 0.017789 0.032017
0 0.504193 0.216382 0.020330 0.046425
0 0.620203 0.730523 0.023634 0.043757
0 0.533037 0.424226 0.028208 0.055496
0 0.278653 0.188901 0.020076 0.046958
0 0.702033 0.286553 0.023126 0.046958
0 0.673825 0.485592 0.019060 0.033084
0 0.590978 0.221985 0.022109 0.050160
0 0.560229 0.168090 0.019568 0.042689
0 0.702668 0.186766 0.021855 0.043757
0 0.561499 0.342316 0.022109 0.043223
0 0.621093 0.664354 0.021347 0.040555
0 0.509403 0.616329 0.022618 0.054429
0 0.479543 0.595518 0.021347 0.044824
0 0.224142 0.588847 0.022363 0.046425
0 0.415756 0.180630 0.020839 0.042156
0 0.443964 0.136873 0.019822 0.044290
0 0.621474 0.634739 0.022109 0.033618
0 0.619568 0.415688 0.020839 0.033084
0 0.643837 0.155550 0.016518 0.036820
0 0.503685 0.134472 0.019822 0.044824
0 0.418170 0.295091 0.019060 0.034152
0 0.618551 0.290288 0.018806 0.032017
0 0.306734 0.197705 0.022363 0.049626
0 0.673189 0.311900 0.020330 0.043223
0 0.361753 0.133671 0.022109 0.044290
0 0.423507 0.789488 0.020076 0.038954
0 0.535578 0.486393 0.020584 0.034685
0 0.508259 0.721718 0.024905 0.041089
0 0.334943 0.376201 0.022872 0.040555
0 0.646633 0.284952 0.020076 0.034152
0 0.309530 0.469050 0.020330 0.044824
0 0.343075 0.669691 0.022872 0.049093
0 0.647395 0.695304 0.017027 0.028815
0 0.250572 0.308164 0.024396 0.043223
0 0.453367 0.742529 0.024396 0.050694
0 0.360737 0.072038 0.022109 0.048026
0 0.305718 0.137673 0.019822 0.044824
0 0.226048 0.691302 0.021601 0.038954
0 0.447649 0.454642 0.019060 0.040555
0 0.390343 0.370331 0.019822 0.034152
0 0.648158 0.381270 0.021093 0.025080
0 0.255781 0.645144 0.024651 0.054429
0 0.254765 0.590982 0.022109 0.046425
0 0.591105 0.314568 0.018297 0.050694
0 0.313088 0.632070 0.020839 0.049626
0 0.702795 0.341515 0.021093 0.046958
0 0.618679 0.335646 0.021601 0.058698
0 0.312198 0.524546 0.022618 0.042689
0 0.483990 0.827908 0.019060 0.034685
0 0.647649 0.632337 0.018551 0.026681
0 0.618551 0.193436 0.021855 0.036820
0 0.452478 0.625400 0.020076 0.034152
0 0.339898 0.562166 0.020584 0.047492
0 0.536849 0.783351 0.018551 0.044824
0 0.451334 0.701174 0.020839 0.035219
0 0.673698 0.451974 0.018297 0.038420
0 0.419060 0.330043 0.020330 0.035752
0 0.735959 0.117129 0.020839 0.043223
0 0.675476 0.654749 0.019314 0.034152
0 0.447141 0.411686 0.018043 0.041089
0 0.647903 0.522946 0.021601 0.051227
0 0.454257 0.784952 0.019568 0.037353
0 0.342186 0.794290 0.024142 0.038954
0 0.568615 0.884472 0.017535 0.034685
0 0.674968 0.686499 0.020330 0.035752
0 0.674841 0.622732 0.025159 0.034152
0 0.619695 0.552295 0.023126 0.040555
0 0.623126 0.831377 0.019314 0.033084
0 0.253621 0.540021 0.020330 0.049093
0 0.227192 0.796425 0.020330 0.047492
0 0.220966 0.450107 0.017535 0.033618
0 0.333164 0.140608 0.020839 0.045358
0 0.674587 0.594450 0.023126 0.036286
0 0.512198 0.774546 0.017535 0.038954
0 0.422745 0.742263 0.020076 0.038420
0 0.454892 0.831377 0.020839 0.037353
0 0.647649 0.572038 0.019568 0.032017
0 0.388564 0.258004 0.022363 0.036820
0 0.617027 0.118463 0.019314 0.045891
0 0.396696 0.792156 0.017281 0.037887
0 0.621474 0.595784 0.024651 0.052828
0 0.418679 0.395945 0.022109 0.028815
0 0.307878 0.417289 0.020076 0.045891
0 0.336468 0.318036 0.022363 0.040555
0 0.311944 0.574707 0.018043 0.039488
0 0.515121 0.911686 0.015756 0.029349
0 0.673571 0.167289 0.023126 0.038954
0 0.647903 0.727321 0.019568 0.040555
0 0.539263 0.889007 0.016773 0.034152
0 0.673316 0.276147 0.019568 0.032551
0 0.420584 0.520544 0.018806 0.036820
0 0.255527 0.791889 0.020076 0.039488
0 0.487929 0.773479 0.024396 0.043223
0 0.256417 0.688634 0.021855 0.035752
0 0.454003 0.868463 0.020076 0.035752
0 0.394790 0.610459 0.017535 0.035219
0 0.736086 0.172892 0.019060 0.043757
0 0.393393 0.540822 0.018297 0.056030
0 0.418551 0.428495 0.020330 0.037353
0 0.422236 0.713714 0.017535 0.026147
0 0.539263 0.849520 0.016773 0.038420
0 0.676493 0.802828 0.015248 0.035752
0 0.677764 0.854589 0.016773 0.030416
0 0.568361 0.850587 0.016010 0.029883
0 0.221347 0.354055 0.018297 0.045358
0 0.676620 0.888474 0.017027 0.029883
0 0.395426 0.677962 0.018806 0.040021
0 0.264168 0.856190 0.014485 0.025080
0 0.452224 0.590448 0.020584 0.034685
0 0.221474 0.308698 0.018043 0.040021
0 0.483355 0.724920 0.024396 0.046425
0 0.392122 0.428762 0.020330 0.036820
0 0.596315 0.885005 0.014994 0.029349
0 0.222109 0.402882 0.020330 0.045891
0 0.390343 0.400747 0.018297 0.024546
0 0.395172 0.643810 0.017789 0.031483
0 0.621347 0.696371 0.021347 0.029883
0 0.425540 0.907684 0.017027 0.032017
0 0.422363 0.586980 0.022872 0.028815
0 0.514358 0.881804 0.018297 0.033618
0 0.420203 0.365528 0.019060 0.029883
0 0.674206 0.423426 0.017789 0.028282
0 0.649936 0.780149 0.017027 0.039488
0 0.597332 0.854322 0.017027 0.036286
0 0.592630 0.268943 0.019314 0.032017
0 0.393011 0.465315 0.017027 0.041622
0 0.394790 0.741996 0.020076 0.043223
0 0.647014 0.546425 0.019314 0.042689
0 0.252732 0.492263 0.019060 0.042156
0 0.422363 0.681430 0.019314 0.036286
0 0.421601 0.614728 0.018297 0.034152
0 0.625413 0.861526 0.017789 0.031483
0 0.673062 0.125400 0.022109 0.045891
0 0.703812 0.130203 0.022109 0.048026
0 0.645362 0.118463 0.021601 0.043757
0 0.647395 0.189968 0.018551 0.029883
0 0.673698 0.201708 0.023380 0.030950
0 0.674079 0.385806 0.020076 0.036286
0 0.678145 0.770811 0.016010 0.019744
0 0.707497 0.779082 0.018806 0.044824
0 0.718551 0.818303 0.013977 0.028282
0 0.717662 0.842049 0.010673 0.022412
0 0.718551 0.869797 0.015502 0.026681
0 0.715883 0.897012 0.016773 0.022412
0 0.650953 0.828975 0.018043 0.029349
0 0.650699 0.856190 0.016010 0.025080
0 0.650064 0.877268 0.016264 0.022412
0 0.651080 0.900747 0.014231 0.018143
0 0.624651 0.886606 0.014740 0.020811
0 0.624269 0.909018 0.015502 0.020811
0 0.276874 0.088847 0.020076 0.041089
0 0.251461 0.397812 0.018551 0.037887
0 0.251842 0.443703 0.020839 0.042156
0 0.264803 0.829509 0.013215 0.019744
0 0.264803 0.881003 0.018806 0.026681
0 0.264422 0.906083 0.018043 0.021345
0 0.235070 0.832978 0.011182 0.018143
0 0.234689 0.856990 0.011944 0.026681
0 0.235070 0.886606 0.019314 0.029349
0 0.235832 0.909018 0.016773 0.018677
0 0.313977 0.796692 0.020584 0.049093
0 0.342821 0.833244 0.020839 0.029349
0 0.345743 0.863394 0.020076 0.025614
0 0.345108 0.891409 0.017281 0.030416
0 0.344981 0.923693 0.020076 0.025614
0 0.398856 0.840181 0.018043 0.029349
0 0.397586 0.872465 0.013977 0.035219
0 0.396569 0.906083 0.016010 0.032017
0 0.396950 0.936499 0.016773 0.022412
0 0.426048 0.836713 0.011944 0.027748
0 0.424651 0.868730 0.013215 0.030950
0 0.425286 0.935699 0.013469 0.018677
0 0.457179 0.896211 0.020839 0.029349
0 0.457433 0.928762 0.016264 0.020811
0 0.484879 0.859925 0.016264 0.024013
0 0.486150 0.887940 0.017281 0.029883
0 0.487548 0.919424 0.016010 0.025614
0 0.513977 0.826307 0.016518 0.024013
0 0.514994 0.851387 0.016010 0.024013
0 0.567471 0.821772 0.016773 0.026681
0 0.390978 0.333244 0.022109 0.041089
0 0.448793 0.491996 0.021347 0.032017
0 0.449809 0.525614 0.016773 0.029883
0 0.450064 0.557364 0.018806 0.033618
0 0.394917 0.707577 0.015248 0.022412
0 0.422999 0.555763 0.022109 0.033618
0 0.423380 0.647812 0.017281 0.029883
0 0.418043 0.460245 0.018806 0.025080
0 0.419695 0.489061 0.019568 0.032551
