0 0.576481 0.164258 0.151753 0.117389
0 0.557134 0.304424 0.149335 0.121770
0 0.569528 0.438677 0.168077 0.138852
0 0.565296 0.578625 0.168077 0.126150
0 0.561366 0.721419 0.163845 0.129654
0 0.557739 0.851730 0.183192 0.139728
0 0.379988 0.167543 0.172310 0.110819
0 0.394800 0.300920 0.181378 0.136662
0 0.385429 0.450066 0.177146 0.135348
0 0.391778 0.585195 0.187424 0.134910
0 0.391778 0.722952 0.175333 0.119580
0 0.386034 0.852387 0.178356 0.136662
0 0.198912 0.166010 0.175333 0.107753
0 0.196493 0.304205 0.162031 0.130092
0 0.201935 0.449409 0.160822 0.111257
0 0.196796 0.588480 0.165054 0.119580
0 0.203144 0.728428 0.169287 0.134910
0 0.198912 0.870565 0.166868 0.115199
