0 0.480469 0.244770 0.045833 0.054393
0 0.428385 0.401835 0.046354 0.056324
0 0.109245 0.526875 0.036198 0.041197
0 0.378385 0.399903 0.042708 0.057612
0 0.276042 0.349694 0.049479 0.053750
0 0.480469 0.297715 0.047396 0.054715
0 0.272656 0.400225 0.043750 0.050531
0 0.218229 0.246218 0.040625 0.046347
0 0.845573 0.135983 0.046354 0.053106
0 0.271094 0.190537 0.043229 0.048278
0 0.686068 0.400386 0.047135 0.054715
0 0.166667 0.193434 0.050000 0.054071
0 0.533073 0.348568 0.044271 0.056003
0 0.838151 0.807370 0.036719 0.038944
0 0.790234 0.137110 0.043490 0.056646
0 0.427604 0.248954 0.043229 0.056324
0 0.166146 0.136949 0.052604 0.060187
0 0.273568 0.243000 0.041406 0.051497
0 0.164583 0.292243 0.041667 0.044416
0 0.584375 0.400386 0.046875 0.051497
0 0.871745 0.770035 0.033594 0.040232
0 0.328385 0.402961 0.046354 0.053428
0 0.272526 0.296910 0.040365 0.055037
0 0.789453 0.345993 0.044010 0.052140
0 0.758594 0.770840 0.034896 0.045060
0 0.167057 0.345832 0.044010 0.055681
0 0.479557 0.343418 0.042448 0.046991
0 0.757812 0.813164 0.036458 0.041519
0 0.376042 0.290634 0.039062 0.047634
0 0.376042 0.344866 0.040104 0.054393
0 0.324349 0.294979 0.047656 0.053750
0 0.145833 0.807049 0.033854 0.040875
0 0.799089 0.811555 0.035156 0.042807
0 0.375000 0.239459 0.043750 0.045060
0 0.790625 0.191342 0.044792 0.054393
0 0.480729 0.397650 0.044792 0.055037
0 0.902474 0.505632 0.034115 0.039266
0 0.427474 0.348407 0.041927 0.051175
0 0.218750 0.191503 0.045833 0.052784
0 0.943229 0.772127 0.030729 0.043128
0 0.637500 0.396202 0.044792 0.059221
0 0.790104 0.297071 0.043229 0.046991
0 0.798438 0.769714 0.035417 0.042163
0 0.741927 0.190859 0.039062 0.042485
0 0.608333 0.551658 0.032813 0.041841
0 0.752734 0.507242 0.034115 0.039910
0 0.869401 0.843418 0.032552 0.033795
0 0.846615 0.080142 0.045312 0.053428
0 0.903125 0.544094 0.035937 0.040232
0 0.686328 0.345993 0.038802 0.051497
0 0.427604 0.195043 0.037500 0.053428
0 0.721354 0.766978 0.035417 0.039266
0 0.376172 0.561474 0.033073 0.037657
0 0.908073 0.811072 0.032813 0.036048
0 0.909766 0.769874 0.033073 0.041197
0 0.425911 0.299002 0.044531 0.044416
0 0.789583 0.083038 0.043750 0.055359
0 0.325651 0.348085 0.040885 0.049244
0 0.681380 0.842774 0.032552 0.038944
0 0.531510 0.295462 0.039583 0.046991
0 0.299219 0.560991 0.034896 0.041197
0 0.531120 0.551979 0.035156 0.043128
0 0.415885 0.558256 0.034375 0.041519
0 0.479427 0.192951 0.041146 0.052462
0 0.416667 0.477309 0.032813 0.040554
0 0.827214 0.545542 0.029427 0.039910
0 0.110677 0.485034 0.034896 0.041841
0 0.339323 0.560669 0.032292 0.040554
0 0.073828 0.531220 0.032031 0.037657
0 0.531771 0.512230 0.038542 0.039588
0 0.570703 0.550853 0.034115 0.037657
0 0.758984 0.851625 0.034635 0.037335
0 0.742318 0.245575 0.040365 0.058577
0 0.335547 0.843740 0.037760 0.038301
0 0.341536 0.479240 0.034635 0.042485
0 0.941406 0.546508 0.033854 0.034117
0 0.866536 0.544899 0.035156 0.043128
0 0.637891 0.341487 0.040365 0.043772
0 0.789062 0.394754 0.042708 0.042807
0 0.377734 0.480850 0.034635 0.043128
0 0.641016 0.192469 0.040365 0.048278
0 0.373307 0.806727 0.034115 0.037657
0 0.644661 0.844223 0.036719 0.037979
0 0.570573 0.846154 0.033854 0.037979
0 0.108203 0.567107 0.032552 0.036691
0 0.377083 0.191825 0.048438 0.053428
0 0.106771 0.847280 0.035417 0.041519
0 0.166016 0.244931 0.047135 0.045060
0 0.074349 0.488735 0.029427 0.042807
0 0.146094 0.847441 0.033854 0.037335
0 0.413802 0.807692 0.035417 0.040875
0 0.752995 0.546991 0.030990 0.038301
0 0.300651 0.764886 0.031510 0.042807
0 0.336458 0.806727 0.031250 0.035726
0 0.455208 0.765690 0.033854 0.044416
0 0.075130 0.569038 0.034115 0.039266
0 0.944010 0.607016 0.029167 0.033473
0 0.071745 0.765047 0.032031 0.041841
0 0.684115 0.549726 0.032813 0.041197
0 0.644010 0.805117 0.036458 0.042163
0 0.298828 0.843901 0.032031 0.041197
0 0.322917 0.191342 0.041146 0.044738
0 0.902734 0.465562 0.032552 0.040875
0 0.645573 0.467976 0.034375 0.043772
0 0.742448 0.295140 0.043229 0.042485
0 0.682943 0.763598 0.032031 0.039588
0 0.184245 0.483103 0.034635 0.039266
0 0.262760 0.764564 0.028646 0.041519
0 0.719401 0.845510 0.033073 0.035404
0 0.683594 0.468780 0.031771 0.044738
0 0.719531 0.466527 0.031250 0.044094
0 0.638542 0.293370 0.041146 0.051818
0 0.718880 0.807853 0.032552 0.035404
0 0.939193 0.513679 0.029948 0.036048
0 0.943359 0.846637 0.032031 0.032507
0 0.453385 0.555842 0.032813 0.040554
0 0.718229 0.543450 0.030729 0.043450
0 0.644271 0.549244 0.037500 0.041519
0 0.071224 0.807692 0.030990 0.041519
0 0.147005 0.766817 0.030990 0.040232
0 0.184766 0.845832 0.030990 0.038622
0 0.373698 0.845188 0.032813 0.036691
0 0.110026 0.767139 0.035156 0.044094
0 0.376823 0.522852 0.034375 0.037013
0 0.644401 0.509173 0.034115 0.038622
0 0.827734 0.506115 0.031510 0.040875
0 0.223047 0.481654 0.032031 0.038944
0 0.490365 0.558899 0.034375 0.040875
0 0.489714 0.520277 0.032552 0.036369
0 0.791406 0.245896 0.041146 0.045703
0 0.534245 0.244287 0.049219 0.052140
0 0.144922 0.561957 0.034115 0.041841
0 0.413281 0.845671 0.034896 0.040875
0 0.942839 0.813486 0.031510 0.037657
0 0.844010 0.191342 0.041146 0.049244
0 0.584375 0.343740 0.039583 0.048278
0 0.837500 0.768748 0.031771 0.040232
0 0.798698 0.848407 0.032813 0.034760
0 0.530990 0.473286 0.035937 0.040875
0 0.941406 0.576118 0.028125 0.027679
0 0.323307 0.243643 0.040365 0.052140
0 0.572005 0.473286 0.037240 0.044094
0 0.639062 0.243804 0.037500 0.043450
0 0.415234 0.767139 0.031510 0.040232
0 0.610547 0.473447 0.032552 0.045060
0 0.147005 0.483746 0.030990 0.039266
0 0.300521 0.480689 0.031771 0.038944
0 0.338411 0.765369 0.033594 0.044416
0 0.866536 0.464435 0.033073 0.039910
0 0.531771 0.191825 0.035937 0.045703
0 0.224479 0.560509 0.036979 0.042807
0 0.690625 0.191503 0.036979 0.043128
0 0.571094 0.513518 0.035937 0.033151
0 0.741536 0.345188 0.040885 0.055037
0 0.080729 0.640811 0.021875 0.026392
0 0.938281 0.480850 0.027604 0.034760
0 0.583073 0.193595 0.049479 0.055681
0 0.226042 0.762794 0.029687 0.041197
0 0.751693 0.467493 0.027865 0.036369
0 0.489583 0.479562 0.031771 0.043128
0 0.376432 0.766495 0.036198 0.045381
0 0.112109 0.191342 0.034635 0.054393
0 0.222786 0.841809 0.031510 0.041519
0 0.835938 0.845027 0.031771 0.035726
0 0.492839 0.766012 0.032552 0.043772
0 0.739974 0.398616 0.040885 0.042807
0 0.829036 0.465562 0.031510 0.038301
0 0.152474 0.918893 0.024740 0.025748
0 0.263542 0.557934 0.031250 0.037657
0 0.186328 0.764564 0.033073 0.039588
0 0.908464 0.844545 0.030469 0.032185
0 0.791276 0.467815 0.032552 0.032507
0 0.880078 0.913904 0.020573 0.023495
0 0.299609 0.519955 0.030469 0.036369
0 0.528906 0.768265 0.030729 0.042485
0 0.916927 0.916479 0.021875 0.022852
0 0.261589 0.845349 0.028906 0.038301
0 0.150391 0.943676 0.023177 0.026392
0 0.644271 0.763437 0.032292 0.037979
0 0.790625 0.556164 0.031771 0.035404
0 0.112630 0.942549 0.022135 0.028001
0 0.264844 0.479723 0.028646 0.035726
0 0.146484 0.523173 0.030469 0.032507
0 0.183724 0.525105 0.034635 0.038944
0 0.454557 0.477631 0.028385 0.041197
0 0.529036 0.843901 0.032031 0.037335
0 0.944661 0.640972 0.029427 0.038301
0 0.338672 0.521725 0.032552 0.039266
0 0.789974 0.586096 0.032031 0.030254
0 0.184115 0.562762 0.031771 0.037657
0 0.881510 0.956872 0.021354 0.023817
0 0.071615 0.845993 0.033854 0.035726
0 0.416276 0.518185 0.030469 0.033473
0 0.688151 0.295945 0.033594 0.037657
0 0.452734 0.845027 0.032031 0.038301
0 0.534115 0.397329 0.043229 0.042163
0 0.583073 0.249759 0.041667 0.050209
0 0.113542 0.640167 0.022396 0.026392
0 0.266927 0.937560 0.022396 0.025105
0 0.879948 0.935629 0.020313 0.022530
0 0.843490 0.914548 0.021354 0.020921
0 0.499349 0.959446 0.020573 0.024461
0 0.191146 0.937882 0.025521 0.026392
0 0.719010 0.505311 0.032813 0.032829
0 0.789583 0.430962 0.029687 0.036048
0 0.879297 0.892984 0.020052 0.021564
0 0.883464 0.976183 0.020573 0.020599
0 0.081250 0.662697 0.021354 0.023173
0 0.606771 0.808819 0.030208 0.036048
0 0.845573 0.978597 0.021354 0.019633
0 0.076693 0.938848 0.022656 0.025105
0 0.264323 0.518024 0.029167 0.031864
0 0.916146 0.894271 0.024479 0.026714
0 0.169271 0.400869 0.040104 0.040232
0 0.567448 0.768587 0.031250 0.035404
0 0.228385 0.936434 0.020313 0.022852
0 0.917318 0.978919 0.023698 0.024783
0 0.583594 0.292082 0.040625 0.039588
0 0.341536 0.938204 0.023177 0.025105
0 0.917839 0.957033 0.021615 0.025426
0 0.113932 0.663180 0.021615 0.024783
0 0.077474 0.916318 0.019531 0.023817
0 0.261589 0.806566 0.030990 0.037979
0 0.843620 0.937078 0.020052 0.024783
0 0.916927 0.937399 0.022917 0.022852
0 0.576432 0.918732 0.023698 0.022208
0 0.607943 0.846315 0.029427 0.035726
0 0.575781 0.940618 0.025000 0.024783
0 0.112630 0.919215 0.021615 0.023817
0 0.117057 0.345832 0.032552 0.044094
0 0.911589 0.644673 0.022656 0.030254
0 0.378385 0.942066 0.021354 0.021242
0 0.792578 0.617959 0.029948 0.037335
0 0.878906 0.871902 0.020313 0.023817
0 0.726302 0.939331 0.022396 0.025426
0 0.791797 0.649662 0.027865 0.036369
0 0.766536 0.921146 0.023698 0.023817
0 0.153646 0.679755 0.020833 0.021886
0 0.499870 0.980689 0.019010 0.018668
0 0.385026 0.652076 0.021094 0.023817
0 0.460547 0.918088 0.024219 0.025426
0 0.806380 0.918732 0.020573 0.020921
0 0.952214 0.937238 0.021615 0.021886
0 0.688411 0.242195 0.042969 0.046025
0 0.767188 0.944480 0.021354 0.024139
0 0.950391 0.894915 0.022656 0.022208
0 0.459635 0.940296 0.022396 0.023495
0 0.193099 0.963470 0.019010 0.025426
0 0.305208 0.958803 0.022917 0.025105
0 0.612891 0.941101 0.019531 0.019955
0 0.305208 0.979884 0.022396 0.020921
0 0.076302 0.961056 0.022917 0.026392
0 0.458724 0.961378 0.020573 0.023817
0 0.499219 0.938043 0.020833 0.023495
0 0.790625 0.522208 0.033333 0.039588
0 0.151562 0.966688 0.020313 0.025426
0 0.378776 0.961538 0.021615 0.022852
0 0.111719 0.964918 0.021875 0.023817
0 0.953516 0.979079 0.020573 0.023817
0 0.612240 0.961217 0.019271 0.020921
0 0.612630 0.982620 0.018490 0.020599
0 0.951172 0.915996 0.022135 0.023817
0 0.726562 0.919215 0.021354 0.019955
0 0.077865 0.893145 0.020833 0.021886
0 0.910417 0.620212 0.022917 0.027036
0 0.726693 0.962987 0.022656 0.023173
0 0.613151 0.919537 0.021615 0.025105
0 0.345052 0.897329 0.017188 0.018668
0 0.574740 0.876891 0.026562 0.027358
0 0.152474 0.700676 0.023698 0.023817
0 0.266536 0.894593 0.020573 0.020921
0 0.877344 0.642903 0.022396 0.024783
0 0.806250 0.899421 0.021354 0.023495
0 0.948828 0.873833 0.023177 0.025748
0 0.843620 0.893466 0.022135 0.023817
0 0.229297 0.959768 0.017448 0.022530
0 0.341927 0.960895 0.021354 0.024139
0 0.807031 0.960895 0.021354 0.020277
0 0.651042 0.979401 0.021875 0.022530
0 0.843620 0.958320 0.021094 0.022208
0 0.575651 0.898938 0.022135 0.025105
0 0.417969 0.917444 0.021354 0.020921
0 0.491146 0.840843 0.028646 0.043450
0 0.112370 0.878339 0.023177 0.023173
0 0.113542 0.617959 0.023958 0.022530
0 0.191536 0.916640 0.021094 0.021242
0 0.805599 0.939331 0.025781 0.024783
0 0.688802 0.938365 0.021875 0.023495
0 0.190365 0.634696 0.025000 0.023817
0 0.267057 0.960895 0.019531 0.022208
0 0.081250 0.684583 0.021354 0.023817
0 0.112500 0.898777 0.021875 0.021564
0 0.266406 0.914548 0.019792 0.024139
0 0.152734 0.636144 0.022135 0.023495
0 0.725391 0.900225 0.025781 0.023173
0 0.876432 0.622787 0.020052 0.021242
0 0.378516 0.877052 0.024740 0.023173
0 0.728516 0.662697 0.021615 0.022530
0 0.193359 0.895397 0.021615 0.016736
0 0.380078 0.981976 0.022656 0.021886
0 0.537109 0.648053 0.020052 0.024783
0 0.722656 0.876569 0.025000 0.027358
0 0.841276 0.872063 0.023698 0.024783
0 0.460026 0.896202 0.023177 0.022208
0 0.727604 0.982942 0.022917 0.021242
0 0.914453 0.872224 0.022656 0.023817
0 0.651693 0.938848 0.019531 0.017380
0 0.342318 0.981172 0.023177 0.018989
0 0.651302 0.957033 0.021354 0.020921
0 0.766406 0.983585 0.021354 0.023173
0 0.080859 0.611040 0.024219 0.037657
0 0.687891 0.895558 0.024740 0.022852
0 0.612240 0.877696 0.020313 0.024461
0 0.304948 0.917605 0.021875 0.023173
0 0.191016 0.701481 0.021094 0.020921
0 0.791536 0.495494 0.027865 0.028645
0 0.837630 0.661410 0.020573 0.021242
0 0.420182 0.937882 0.021615 0.025748
0 0.760026 0.642098 0.019010 0.026392
0 0.385547 0.672675 0.021094 0.023817
0 0.952995 0.958159 0.022135 0.026392
0 0.766536 0.964113 0.021094 0.022208
0 0.154427 0.897972 0.020833 0.018024
0 0.845182 0.235919 0.035677 0.043128
0 0.876042 0.601223 0.019792 0.026392
0 0.267057 0.878017 0.021094 0.019311
0 0.534896 0.960090 0.023438 0.025105
0 0.385286 0.632121 0.019010 0.019955
0 0.189974 0.658996 0.021615 0.024783
0 0.113281 0.702124 0.021354 0.018346
0 0.941016 0.450435 0.031510 0.019633
0 0.688932 0.916801 0.022135 0.022852
0 0.304688 0.895558 0.023438 0.024783
0 0.228776 0.631477 0.020052 0.020599
0 0.304818 0.633087 0.021094 0.017380
0 0.836849 0.641294 0.021615 0.023495
0 0.461589 0.607016 0.020052 0.021886
0 0.229687 0.675732 0.016667 0.019633
0 0.424089 0.671870 0.021615 0.026714
0 0.608203 0.770518 0.030990 0.037335
0 0.113151 0.598648 0.026302 0.025105
0 0.877734 0.666077 0.022656 0.027358
0 0.386849 0.692951 0.018490 0.020599
0 0.424219 0.653685 0.023958 0.021886
0 0.229167 0.914548 0.021875 0.021564
0 0.420443 0.959929 0.021094 0.021564
0 0.500391 0.896524 0.019010 0.021564
0 0.423828 0.609591 0.018490 0.020599
0 0.385156 0.610718 0.016667 0.016415
0 0.420573 0.894271 0.020313 0.022852
0 0.190755 0.680077 0.023698 0.023817
0 0.074609 0.983103 0.021615 0.021564
0 0.500000 0.917927 0.020833 0.023817
0 0.304036 0.592211 0.019531 0.014162
0 0.346354 0.694239 0.018229 0.018024
0 0.653906 0.626328 0.023958 0.028323
0 0.417057 0.876408 0.026302 0.023173
0 0.909896 0.580303 0.021354 0.015449
0 0.540885 0.691342 0.022917 0.013518
0 0.500781 0.629707 0.021875 0.024139
0 0.460547 0.630512 0.021615 0.022530
0 0.759505 0.579015 0.021094 0.015449
0 0.910156 0.666398 0.021354 0.025426
0 0.652214 0.692308 0.021615 0.019955
0 0.501042 0.653202 0.023438 0.025426
0 0.761068 0.668330 0.015885 0.019633
0 0.424609 0.692308 0.018490 0.019955
0 0.498568 0.874638 0.021615 0.022852
0 0.460417 0.586418 0.019792 0.019955
0 0.835026 0.579015 0.017969 0.023817
0 0.688672 0.873511 0.023698 0.024461
0 0.304948 0.654651 0.021875 0.019955
0 0.612500 0.898777 0.019271 0.019633
0 0.501172 0.693917 0.024219 0.021242
0 0.229167 0.655938 0.021875 0.022530
0 0.304688 0.938526 0.020313 0.020599
0 0.422266 0.631960 0.021094 0.023495
0 0.188672 0.614419 0.026302 0.021242
0 0.579818 0.688124 0.020573 0.021886
0 0.305339 0.694883 0.020052 0.016736
0 0.188411 0.594303 0.026302 0.024783
0 0.535417 0.873350 0.020313 0.020921
0 0.805599 0.878178 0.022656 0.022852
0 0.111198 0.984229 0.022917 0.021886
0 0.649219 0.874960 0.022917 0.024783
0 0.154427 0.655455 0.019271 0.016415
0 0.836458 0.599614 0.018750 0.019955
0 0.835807 0.618603 0.015885 0.021886
0 0.839063 0.684583 0.017708 0.018668
0 0.880729 0.689572 0.016667 0.014483
0 0.914453 0.689089 0.018490 0.015449
0 0.939453 0.421307 0.026823 0.038622
0 0.902474 0.246862 0.040365 0.057290
0 0.151562 0.593499 0.018229 0.019955
0 0.152865 0.611201 0.019271 0.015449
0 0.230990 0.593177 0.017708 0.016736
0 0.230469 0.611361 0.015104 0.017702
0 0.230078 0.697457 0.014323 0.019955
0 0.271745 0.590441 0.016927 0.019633
0 0.270052 0.613936 0.016667 0.014483
0 0.270443 0.633730 0.015885 0.018668
0 0.270052 0.652881 0.016667 0.017702
0 0.269141 0.675089 0.016927 0.016415
0 0.269661 0.696814 0.015885 0.018668
0 0.307031 0.610235 0.016667 0.017380
0 0.305729 0.674123 0.020833 0.020921
0 0.347266 0.590924 0.013281 0.018668
0 0.346875 0.609591 0.017708 0.018668
0 0.347396 0.632121 0.015104 0.023817
0 0.344271 0.653363 0.017708 0.018668
0 0.346484 0.675089 0.018490 0.022852
0 0.384635 0.588510 0.017708 0.017702
0 0.422005 0.589958 0.016927 0.016736
0 0.499349 0.586901 0.013281 0.016415
0 0.462370 0.652237 0.018490 0.022852
0 0.460677 0.671065 0.020313 0.018668
0 0.461198 0.690216 0.019271 0.019633
0 0.502344 0.608143 0.019271 0.017702
0 0.500911 0.674123 0.018490 0.020921
0 0.540104 0.583843 0.016146 0.018668
0 0.539193 0.602510 0.015885 0.018668
0 0.540104 0.621178 0.017708 0.020599
0 0.539714 0.673157 0.016927 0.022852
0 0.579948 0.582234 0.016667 0.021886
0 0.579557 0.600418 0.017448 0.014483
0 0.581250 0.622787 0.019271 0.023817
0 0.579167 0.643547 0.016667 0.017702
0 0.580469 0.663824 0.017708 0.022852
0 0.614844 0.581590 0.014063 0.018668
0 0.615755 0.601384 0.014323 0.016415
0 0.616146 0.624879 0.016667 0.017702
0 0.617318 0.644030 0.014323 0.016736
0 0.616536 0.665755 0.017448 0.016415
0 0.651823 0.582234 0.017708 0.019955
0 0.652995 0.605568 0.018490 0.026714
0 0.651823 0.650145 0.017708 0.016736
0 0.651042 0.668973 0.019271 0.020921
0 0.690495 0.581590 0.015885 0.018668
0 0.690755 0.599936 0.018490 0.021886
0 0.691667 0.622787 0.020313 0.021886
0 0.690755 0.645639 0.018490 0.021886
0 0.690104 0.668973 0.015104 0.020921
0 0.726953 0.576923 0.016927 0.017702
0 0.727865 0.599292 0.016667 0.018668
0 0.727474 0.617477 0.015885 0.017702
0 0.728255 0.639363 0.017448 0.021564
0 0.728255 0.686997 0.019531 0.019633
0 0.758203 0.615385 0.018490 0.021886
0 0.757682 0.595752 0.017448 0.019955
0 0.874870 0.577567 0.016927 0.014483
0 0.910156 0.596878 0.016667 0.017702
0 0.077214 0.873994 0.014323 0.017702
0 0.151172 0.878178 0.017448 0.019633
0 0.230078 0.894754 0.015885 0.019955
0 0.188932 0.877696 0.017448 0.018668
0 0.230078 0.875121 0.015885 0.023817
0 0.149870 0.984551 0.016927 0.014805
0 0.191797 0.980367 0.018490 0.016736
0 0.228385 0.980367 0.017708 0.018668
0 0.266667 0.981332 0.016667 0.016736
0 0.305729 0.873511 0.016146 0.016736
0 0.342187 0.873994 0.015104 0.021564
0 0.343880 0.915031 0.016927 0.020599
0 0.378776 0.897811 0.017448 0.017702
0 0.379167 0.918088 0.016667 0.020921
0 0.460286 0.981493 0.019531 0.012552
0 0.533333 0.896846 0.017708 0.017702
0 0.535026 0.914548 0.017448 0.017702
0 0.534635 0.935146 0.020313 0.019633
0 0.574870 0.961699 0.018490 0.020599
0 0.575911 0.982459 0.018490 0.018989
0 0.651042 0.895719 0.019271 0.015449
0 0.651432 0.916640 0.020052 0.023817
0 0.687500 0.959125 0.016667 0.021886
0 0.686719 0.978275 0.015104 0.016415
0 0.766927 0.879144 0.019271 0.017702
0 0.767318 0.898294 0.020052 0.020599
