0 0.873665 0.205704 0.087607 0.102549
0 0.874599 0.325091 0.085737 0.106493
0 0.872329 0.430825 0.077457 0.087985
0 0.869525 0.647755 0.084669 0.109830
0 0.864984 0.750910 0.084669 0.094053
0 0.865385 0.849818 0.087607 0.095267
0 0.774706 0.215868 0.080929 0.088896
0 0.770566 0.316292 0.092949 0.103459
0 0.772837 0.430825 0.095887 0.102549
0 0.770967 0.532767 0.092147 0.105583
0 0.770032 0.633799 0.090278 0.089806
0 0.769231 0.740443 0.090278 0.100425
0 0.766426 0.848756 0.086806 0.093143
0 0.672943 0.213137 0.085737 0.106493
0 0.672009 0.305825 0.085470 0.080704
0 0.669738 0.415655 0.095887 0.103762
0 0.665999 0.523362 0.097489 0.091019
0 0.667334 0.643811 0.098558 0.109830
0 0.662794 0.744084 0.091079 0.088896
0 0.663729 0.851335 0.092949 0.083738
0 0.573050 0.204187 0.088408 0.105583
0 0.570646 0.317809 0.094818 0.106493
0 0.566506 0.426578 0.081197 0.108617
0 0.567441 0.535498 0.099626 0.102549
0 0.560230 0.749848 0.088408 0.087682
0 0.560497 0.849363 0.094818 0.077367
0 0.424679 0.202670 0.082799 0.087985
0 0.434295 0.519721 0.076389 0.070995
0 0.426549 0.628489 0.084936 0.090109
0 0.432559 0.832979 0.087340 0.093143
0 0.321581 0.209951 0.099359 0.098301
0 0.322917 0.301123 0.083868 0.090109
0 0.321581 0.408829 0.082799 0.087682
0 0.327057 0.512288 0.099626 0.096177
0 0.324786 0.623180 0.089209 0.087985
0 0.326656 0.727397 0.089209 0.088896
0 0.325721 0.832524 0.087340 0.087985
0 0.218884 0.211013 0.085737 0.081614
0 0.215144 0.320388 0.089476 0.095267
0 0.218884 0.425971 0.074519 0.095267
0 0.221154 0.529126 0.090278 0.094053
0 0.221154 0.638956 0.086538 0.094053
0 0.218884 0.738926 0.087340 0.101638
0 0.222489 0.836165 0.092949 0.089199
0 0.114850 0.204187 0.089209 0.095267
0 0.117121 0.309921 0.080929 0.087075
0 0.118990 0.416717 0.084669 0.078580
0 0.118456 0.523362 0.081998 0.084951
0 0.120326 0.622725 0.094818 0.088896
0 0.119391 0.733768 0.087607 0.107706
0 0.120726 0.842992 0.086538 0.094357
