0 0.389062 0.274717 0.025521 0.037515
0 0.154557 0.268073 0.026823 0.035952
0 0.062240 0.657288 0.022917 0.032825
0 0.566016 0.085385 0.024740 0.029308
0 0.358464 0.670574 0.020052 0.028918
0 0.209766 0.511919 0.023698 0.034388
0 0.181901 0.028918 0.026823 0.035952
0 0.247917 0.183861 0.022396 0.029308
0 0.709115 0.522470 0.024479 0.035952
0 0.152865 0.635600 0.020313 0.030871
0 0.329948 0.272958 0.023438 0.035561
0 0.093880 0.078156 0.022135 0.030481
0 0.802865 0.035170 0.023958 0.032044
0 0.299219 0.082649 0.021354 0.028527
0 0.542448 0.184447 0.021875 0.029699
0 0.334505 0.209652 0.024740 0.026182
0 0.742578 0.037319 0.025260 0.036342
0 0.307812 0.420868 0.022396 0.028918
0 0.839193 0.132278 0.019531 0.031653
0 0.614583 0.807933 0.025000 0.033216
0 0.299740 0.590856 0.022396 0.031262
0 0.218229 0.185033 0.023958 0.030090
0 0.779167 0.434154 0.021875 0.028918
0 0.683073 0.306565 0.021875 0.029308
0 0.184245 0.267878 0.024740 0.034779
0 0.357161 0.080696 0.023177 0.035561
0 0.070312 0.412661 0.019792 0.029699
0 0.085286 0.557054 0.024740 0.030090
0 0.322135 0.540055 0.022917 0.028918
0 0.299349 0.298554 0.022135 0.022665
0 0.180208 0.509574 0.023438 0.035170
0 0.328516 0.078742 0.021615 0.028527
0 0.620964 0.573662 0.021615 0.034388
0 0.277344 0.179367 0.023958 0.030481
0 0.211328 0.029504 0.024740 0.036342
0 0.585807 0.810277 0.024740 0.031653
0 0.296094 0.513873 0.021875 0.032825
0 0.086458 0.687378 0.023438 0.027354
0 0.681771 0.647909 0.022917 0.032044
0 0.682031 0.597890 0.020833 0.025010
0 0.624089 0.088316 0.022656 0.028918
0 0.534505 0.696952 0.027865 0.031653
0 0.870313 0.159828 0.024479 0.031262
0 0.360417 0.273349 0.023958 0.035561
0 0.358594 0.644197 0.020313 0.027745
0 0.272917 0.274326 0.024479 0.035170
0 0.117448 0.684056 0.021875 0.026182
0 0.216927 0.443728 0.023958 0.026182
0 0.353776 0.516217 0.025781 0.034388
0 0.094401 0.103556 0.019010 0.028918
0 0.149870 0.510160 0.025781 0.034779
0 0.094531 0.027550 0.023438 0.033998
0 0.322396 0.566823 0.022396 0.030871
0 0.828255 0.524619 0.026823 0.033998
0 0.738802 0.569558 0.028125 0.036342
0 0.247526 0.209066 0.023177 0.025791
0 0.710156 0.037319 0.022917 0.032435
0 0.444141 0.520125 0.021615 0.032825
0 0.483333 0.160414 0.021354 0.030871
0 0.065234 0.076592 0.022656 0.025010
0 0.773177 0.084799 0.024479 0.034388
0 0.453255 0.404455 0.022135 0.028918
0 0.181380 0.662954 0.021615 0.030090
0 0.901563 0.184838 0.023438 0.030481
0 0.595313 0.088316 0.021875 0.031262
0 0.713672 0.286831 0.023177 0.035170
0 0.738281 0.525596 0.023958 0.036733
0 0.238281 0.535170 0.024479 0.030090
0 0.566536 0.037319 0.024219 0.030871
0 0.864193 0.309301 0.024219 0.027745
0 0.121094 0.267878 0.023438 0.031653
0 0.307943 0.396053 0.022135 0.024619
0 0.084375 0.507034 0.022917 0.037124
0 0.944401 0.759476 0.024740 0.030871
0 0.388021 0.642243 0.018750 0.027745
0 0.595573 0.307737 0.020833 0.025401
0 0.631510 0.216686 0.023438 0.025401
0 0.298828 0.271981 0.025260 0.035952
0 0.748437 0.114693 0.021354 0.026964
0 0.384505 0.517780 0.024740 0.034388
0 0.153125 0.075615 0.023958 0.030871
0 0.652995 0.329816 0.024219 0.032825
0 0.864583 0.085190 0.023438 0.029699
0 0.838411 0.159828 0.020052 0.029699
0 0.833073 0.080891 0.022917 0.034388
0 0.276432 0.103751 0.020052 0.026964
0 0.531641 0.520516 0.023698 0.029699
0 0.419271 0.328644 0.022917 0.032044
0 0.328255 0.667253 0.021094 0.029308
0 0.094401 0.127784 0.020052 0.025791
0 0.177995 0.559007 0.024740 0.030090
0 0.893750 0.059203 0.021875 0.027745
0 0.601562 0.190504 0.022396 0.029308
0 0.652865 0.086948 0.023958 0.033216
0 0.709115 0.563111 0.025521 0.036733
0 0.798828 0.552169 0.022656 0.028136
0 0.117969 0.658460 0.019792 0.028918
0 0.591016 0.521297 0.023177 0.031262
0 0.058724 0.552169 0.020573 0.032825
0 0.187240 0.177804 0.020833 0.028136
0 0.564974 0.697147 0.024740 0.027354
0 0.152865 0.609027 0.019271 0.027745
0 0.422786 0.185229 0.020573 0.032044
0 0.121094 0.054904 0.021875 0.026182
0 0.595703 0.040445 0.022135 0.033216
0 0.512500 0.163736 0.021354 0.028136
0 0.564844 0.671161 0.021875 0.029308
0 0.270573 0.661977 0.021875 0.032825
0 0.687891 0.406800 0.020573 0.028136
0 0.743880 0.646542 0.021094 0.027745
0 0.087891 0.661391 0.019531 0.027745
0 0.033854 0.308714 0.026562 0.036733
0 0.779427 0.215123 0.025521 0.030090
0 0.426042 0.402696 0.018750 0.029308
0 0.455859 0.184056 0.020573 0.029699
0 0.571354 0.188159 0.021354 0.029308
0 0.476953 0.083822 0.020573 0.033998
0 0.649349 0.545721 0.020573 0.028527
0 0.837370 0.460141 0.024219 0.026964
0 0.361979 0.320633 0.022917 0.030090
0 0.185807 0.314185 0.022656 0.033607
0 0.511458 0.430832 0.021875 0.030090
0 0.802604 0.285268 0.024479 0.035952
0 0.809635 0.410903 0.021354 0.030871
0 0.602734 0.138921 0.019531 0.030871
0 0.306120 0.152208 0.022135 0.029308
0 0.248177 0.400742 0.021354 0.026182
0 0.716797 0.461118 0.025781 0.030481
0 0.237760 0.561743 0.023958 0.028527
0 0.922786 0.331575 0.021615 0.029308
0 0.334896 0.182884 0.021875 0.031262
0 0.270703 0.076006 0.025781 0.033216
0 0.418229 0.646932 0.020833 0.028527
0 0.501042 0.568191 0.024479 0.035170
0 0.688151 0.191286 0.021094 0.031653
0 0.214323 0.270614 0.023438 0.035561
0 0.833854 0.862251 0.020313 0.032435
0 0.394401 0.187182 0.021094 0.026573
0 0.160938 0.394490 0.019792 0.026182
0 0.559766 0.566823 0.022656 0.033998
0 0.247656 0.158265 0.020313 0.028136
0 0.038802 0.104142 0.021354 0.027745
0 0.477474 0.037515 0.023177 0.035952
0 0.118750 0.630324 0.020313 0.031262
0 0.510807 0.357562 0.021094 0.025791
0 0.038542 0.154162 0.021354 0.030871
0 0.658333 0.433959 0.020313 0.028527
0 0.151432 0.025987 0.026302 0.030871
0 0.277604 0.128957 0.021875 0.028918
0 0.336068 0.450762 0.024219 0.026964
0 0.571615 0.407386 0.020833 0.028527
0 0.241276 0.032239 0.023698 0.039469
0 0.646094 0.760453 0.024479 0.034388
0 0.889323 0.569949 0.024479 0.033998
0 0.151823 0.688159 0.021354 0.026573
0 0.779167 0.161391 0.020833 0.029699
0 0.208203 0.688550 0.024219 0.027354
0 0.629167 0.437085 0.022396 0.030090
0 0.273568 0.300508 0.023177 0.025791
0 0.865495 0.035952 0.025781 0.033607
0 0.067839 0.343298 0.023177 0.033216
0 0.328646 0.694412 0.025000 0.029699
0 0.182682 0.635991 0.023177 0.027745
0 0.090234 0.269246 0.024740 0.037515
0 0.364583 0.132864 0.020313 0.028918
0 0.474609 0.280383 0.023698 0.037905
0 0.059635 0.502931 0.020833 0.033607
0 0.455729 0.158265 0.020833 0.027354
0 0.808984 0.134623 0.021094 0.030871
0 0.768620 0.526964 0.021615 0.037905
0 0.483594 0.134428 0.018750 0.023447
0 0.335547 0.155725 0.020573 0.028527
0 0.246745 0.106682 0.021615 0.027354
0 0.505990 0.331379 0.021875 0.028136
0 0.094010 0.053732 0.019271 0.025401
0 0.388802 0.616256 0.018229 0.029699
0 0.308464 0.447636 0.024219 0.029308
0 0.922005 0.912661 0.023698 0.028527
0 0.586328 0.759672 0.024219 0.034388
0 0.329818 0.324736 0.023177 0.029699
0 0.679036 0.085776 0.023177 0.032435
0 0.536589 0.327862 0.024740 0.032044
0 0.741927 0.333333 0.021875 0.028136
0 0.272396 0.610004 0.019792 0.025010
0 0.060937 0.684252 0.024479 0.028918
0 0.628516 0.463462 0.022656 0.025010
0 0.571354 0.160414 0.021875 0.030090
0 0.901563 0.158460 0.022917 0.028527
0 0.809115 0.162564 0.021875 0.029699
0 0.536068 0.667644 0.021615 0.033998
0 0.188802 0.439234 0.020833 0.027354
0 0.748698 0.360297 0.020833 0.028918
0 0.298568 0.057444 0.021094 0.027354
0 0.447005 0.278429 0.023698 0.033998
0 0.121615 0.028136 0.021354 0.032825
0 0.094401 0.178390 0.020573 0.026964
0 0.216797 0.109418 0.021615 0.030481
0 0.114714 0.506643 0.024219 0.036342
0 0.864453 0.061352 0.023698 0.026573
0 0.686719 0.165104 0.022396 0.029308
0 0.328385 0.640289 0.019792 0.030090
0 0.061589 0.265924 0.024740 0.029308
0 0.239453 0.662564 0.020573 0.028527
0 0.929557 0.431028 0.021094 0.031262
0 0.655339 0.670574 0.020052 0.030481
0 0.595964 0.696170 0.025781 0.029308
0 0.839453 0.185619 0.020052 0.028918
0 0.065495 0.202423 0.023177 0.026573
0 0.126693 0.125244 0.019531 0.023837
0 0.828255 0.764752 0.025260 0.033607
0 0.449479 0.033607 0.025000 0.029699
0 0.210417 0.637163 0.019792 0.029308
0 0.097135 0.411098 0.021354 0.030481
0 0.366927 0.447831 0.023958 0.030481
0 0.535807 0.082649 0.023177 0.033998
0 0.126302 0.175850 0.023438 0.028136
0 0.914583 0.807933 0.026562 0.037124
0 0.797656 0.525596 0.021875 0.034388
0 0.187109 0.152599 0.020573 0.029308
0 0.425781 0.453107 0.023438 0.026964
0 0.127995 0.393513 0.020573 0.027354
0 0.801953 0.885698 0.021615 0.029308
0 0.190104 0.414810 0.020833 0.026182
0 0.593359 0.329621 0.024219 0.028527
0 0.476302 0.593200 0.019792 0.025791
0 0.803385 0.911489 0.021354 0.030090
0 0.214714 0.317116 0.022656 0.037124
0 0.240625 0.636968 0.019792 0.028136
0 0.126172 0.149472 0.017969 0.026964
0 0.891276 0.890191 0.022135 0.030481
0 0.631380 0.163736 0.020052 0.028918
0 0.749870 0.215709 0.024219 0.029699
0 0.571354 0.431809 0.018229 0.025791
0 0.657813 0.380422 0.019792 0.030871
0 0.506380 0.307933 0.022656 0.026573
0 0.089063 0.583626 0.020313 0.026964
0 0.297917 0.642438 0.020833 0.028136
0 0.657031 0.458578 0.023438 0.026182
0 0.161198 0.441774 0.022917 0.027745
0 0.279167 0.447636 0.025521 0.028527
0 0.571484 0.110981 0.021615 0.029699
0 0.364323 0.184642 0.019792 0.029308
0 0.512630 0.188941 0.020573 0.026964
0 0.777995 0.460531 0.023177 0.026182
0 0.805859 0.623095 0.020052 0.030871
0 0.386328 0.083431 0.023177 0.033216
0 0.566536 0.644002 0.025781 0.028918
0 0.836589 0.697929 0.022135 0.027354
0 0.127995 0.417155 0.020052 0.026182
0 0.363802 0.158851 0.019271 0.027745
0 0.067708 0.123877 0.019271 0.023447
0 0.658333 0.140875 0.016667 0.025401
0 0.712760 0.691286 0.022396 0.025791
0 0.749609 0.165104 0.022656 0.030871
0 0.953385 0.620360 0.019271 0.028527
0 0.476693 0.668621 0.023177 0.030481
0 0.094922 0.152989 0.020052 0.029308
0 0.159245 0.122118 0.019010 0.025401
0 0.329818 0.299531 0.023177 0.028527
0 0.624349 0.286049 0.021615 0.034388
0 0.126172 0.101211 0.021094 0.025010
0 0.808073 0.189332 0.020313 0.028527
0 0.448437 0.693630 0.021354 0.028136
0 0.092448 0.312818 0.026562 0.035561
0 0.895052 0.084603 0.021875 0.031653
0 0.833594 0.914224 0.022396 0.029308
0 0.424740 0.212974 0.024479 0.028918
0 0.595443 0.283705 0.023698 0.030481
0 0.307292 0.208480 0.025521 0.026182
0 0.471094 0.519930 0.023438 0.030871
0 0.709635 0.886284 0.022917 0.033607
0 0.069531 0.367136 0.020313 0.026182
0 0.901172 0.133060 0.021094 0.026182
0 0.900000 0.431614 0.021354 0.028527
0 0.336458 0.425166 0.020313 0.027354
0 0.623568 0.063892 0.021094 0.029308
0 0.357422 0.032044 0.021615 0.032044
0 0.126432 0.201446 0.025260 0.029308
0 0.779036 0.113521 0.020052 0.023056
0 0.065234 0.174287 0.020573 0.028918
0 0.621094 0.522665 0.019792 0.032435
0 0.832292 0.889996 0.020313 0.027745
0 0.808464 0.213560 0.023698 0.026964
0 0.920964 0.886674 0.020052 0.029699
0 0.894792 0.034388 0.021875 0.032044
0 0.541536 0.428097 0.022656 0.028527
0 0.267188 0.560375 0.023958 0.030481
0 0.383724 0.561352 0.024219 0.037124
0 0.210938 0.081282 0.022917 0.030481
0 0.268490 0.511528 0.022396 0.034388
0 0.744141 0.621141 0.019531 0.026182
0 0.276953 0.205744 0.024740 0.026964
0 0.506120 0.620946 0.021615 0.032044
0 0.471094 0.565651 0.025521 0.032435
0 0.454036 0.378664 0.019010 0.027354
0 0.306510 0.180735 0.019792 0.029308
0 0.507161 0.038687 0.023177 0.034388
0 0.921354 0.837046 0.019792 0.026573
0 0.121354 0.076983 0.023438 0.026573
0 0.917188 0.546112 0.020313 0.025401
0 0.506380 0.281360 0.021615 0.033607
0 0.768750 0.571903 0.023438 0.036342
0 0.063281 0.629347 0.022917 0.028527
0 0.190104 0.340953 0.021354 0.029308
0 0.865365 0.675068 0.018750 0.029308
0 0.712500 0.665885 0.021875 0.028136
0 0.602734 0.217663 0.023177 0.027354
0 0.036719 0.052950 0.022396 0.025401
0 0.279297 0.420868 0.020573 0.029699
0 0.418620 0.596131 0.021094 0.025401
0 0.718229 0.161196 0.021354 0.027745
0 0.297786 0.667839 0.021094 0.025791
0 0.426042 0.377882 0.018750 0.025010
0 0.561068 0.523056 0.024219 0.036342
0 0.183594 0.610004 0.019792 0.026573
0 0.065495 0.051387 0.023698 0.030090
0 0.179297 0.535365 0.021094 0.021884
0 0.922526 0.643025 0.020573 0.026964
0 0.953385 0.034779 0.023438 0.035170
0 0.267318 0.691872 0.027344 0.030871
0 0.870313 0.185229 0.021875 0.027354
0 0.272526 0.585971 0.020052 0.025401
0 0.299479 0.322001 0.021875 0.032044
0 0.217969 0.419500 0.020313 0.026964
0 0.625521 0.646932 0.019792 0.025401
0 0.161589 0.416960 0.020573 0.027354
0 0.718359 0.187378 0.020573 0.027745
0 0.482552 0.432786 0.019271 0.024619
0 0.625521 0.672724 0.021354 0.029308
0 0.238672 0.690504 0.025260 0.031262
0 0.504948 0.648691 0.020833 0.030481
0 0.687370 0.139312 0.019531 0.024619
0 0.036198 0.181321 0.024479 0.025791
0 0.839844 0.435522 0.022917 0.027745
0 0.900000 0.405041 0.020833 0.028527
0 0.395052 0.422821 0.019792 0.026573
0 0.483984 0.187769 0.019531 0.025401
0 0.182552 0.077569 0.021875 0.030871
0 0.860417 0.553146 0.023958 0.030090
0 0.894271 0.673701 0.019792 0.027354
0 0.775651 0.623486 0.020052 0.026964
0 0.652734 0.041032 0.024219 0.035170
0 0.749089 0.409730 0.020573 0.029308
0 0.089453 0.634232 0.020573 0.033607
0 0.114193 0.553732 0.026823 0.035170
0 0.248047 0.423017 0.021615 0.027745
0 0.505339 0.674873 0.021094 0.028136
0 0.417578 0.034779 0.023177 0.033607
0 0.801693 0.060375 0.020573 0.025401
0 0.188411 0.104142 0.022135 0.030090
0 0.777995 0.358343 0.020573 0.025791
0 0.248438 0.375928 0.021875 0.030481
0 0.218750 0.134623 0.018229 0.023837
0 0.477474 0.616452 0.021094 0.026964
0 0.120833 0.319070 0.019271 0.030090
0 0.742969 0.884916 0.020833 0.029308
0 0.417318 0.083431 0.022135 0.031653
0 0.561849 0.834506 0.020573 0.026964
0 0.624609 0.698906 0.023698 0.027745
0 0.038542 0.128957 0.019792 0.025791
0 0.089974 0.607464 0.019531 0.026182
0 0.483203 0.111762 0.019531 0.021884
0 0.922266 0.061547 0.019531 0.026964
0 0.561328 0.887065 0.022135 0.027354
0 0.190234 0.391755 0.020052 0.026964
0 0.243359 0.269637 0.021615 0.031262
0 0.390365 0.319852 0.026042 0.036342
0 0.570443 0.458382 0.022656 0.027354
0 0.067318 0.100234 0.020573 0.028527
0 0.208724 0.560961 0.025260 0.030871
0 0.158854 0.148300 0.019792 0.027745
0 0.476953 0.642048 0.021615 0.028136
0 0.835286 0.620946 0.020573 0.025791
0 0.093750 0.203986 0.023958 0.028136
0 0.868099 0.432200 0.021094 0.028136
0 0.922656 0.308128 0.018750 0.021493
0 0.657813 0.189723 0.019792 0.030871
0 0.267057 0.536733 0.022135 0.026964
0 0.711979 0.616843 0.020313 0.027745
0 0.893620 0.648105 0.020052 0.028527
0 0.448437 0.059398 0.021354 0.028918
0 0.802865 0.331184 0.020833 0.038687
0 0.887500 0.762603 0.023958 0.039469
0 0.828255 0.550996 0.023698 0.029699
0 0.802604 0.857952 0.019792 0.026182
0 0.625911 0.599453 0.021094 0.026573
0 0.742708 0.834310 0.021875 0.030481
0 0.717969 0.435912 0.020833 0.027745
0 0.247266 0.447636 0.025781 0.029308
0 0.957682 0.158851 0.022656 0.030090
0 0.447786 0.084799 0.022135 0.028136
0 0.322786 0.514459 0.022656 0.030090
0 0.572005 0.381399 0.020573 0.026573
0 0.426432 0.427120 0.019531 0.024228
0 0.658073 0.408167 0.019271 0.028527
0 0.629297 0.382181 0.019010 0.027354
0 0.359375 0.619187 0.020833 0.027745
0 0.157812 0.174482 0.018750 0.028527
0 0.630599 0.191676 0.021094 0.028527
0 0.507161 0.088902 0.020573 0.029308
0 0.096615 0.437085 0.024479 0.028527
0 0.826432 0.809105 0.025781 0.033998
0 0.190625 0.366745 0.019792 0.030090
0 0.179557 0.689723 0.023177 0.026573
0 0.540495 0.157679 0.022656 0.027745
0 0.127604 0.367526 0.021875 0.030090
0 0.387240 0.667839 0.020313 0.027354
0 0.454948 0.110395 0.019271 0.030090
0 0.395313 0.448417 0.022917 0.027745
0 0.742578 0.087339 0.023177 0.030871
0 0.922917 0.618406 0.020833 0.026964
0 0.679557 0.885893 0.023177 0.030481
0 0.677474 0.551192 0.025260 0.030871
0 0.749870 0.138726 0.021615 0.026573
0 0.064583 0.601993 0.019271 0.031653
0 0.152214 0.584408 0.022135 0.027745
0 0.157422 0.201055 0.025260 0.026964
0 0.567187 0.618992 0.021875 0.028136
0 0.066406 0.147909 0.021354 0.026964
0 0.368750 0.369480 0.019792 0.028527
0 0.599089 0.403283 0.022135 0.029699
0 0.719010 0.216100 0.024479 0.030481
0 0.269271 0.051973 0.019792 0.024228
0 0.511198 0.402892 0.020833 0.028136
0 0.561589 0.861079 0.022656 0.029308
0 0.395833 0.372997 0.018229 0.025401
0 0.035677 0.027745 0.021354 0.032044
0 0.454688 0.454865 0.021875 0.026573
0 0.394401 0.136577 0.024219 0.031653
0 0.294792 0.565846 0.023958 0.028918
0 0.718359 0.359711 0.019531 0.028527
0 0.922526 0.035561 0.019531 0.031262
0 0.530469 0.545721 0.022396 0.028527
0 0.747786 0.460727 0.024740 0.029699
0 0.147396 0.536342 0.022396 0.028527
0 0.921354 0.937085 0.022917 0.023447
0 0.929297 0.110395 0.017448 0.027745
0 0.455990 0.211411 0.021354 0.028918
0 0.211719 0.611176 0.020313 0.027354
0 0.147656 0.559789 0.021875 0.026182
0 0.241276 0.588511 0.021094 0.032044
0 0.922917 0.669402 0.020313 0.030481
0 0.630469 0.138531 0.020313 0.024619
0 0.566276 0.311450 0.022135 0.025010
0 0.556771 0.806370 0.023958 0.036342
0 0.153385 0.296405 0.021875 0.033216
0 0.919271 0.520907 0.022917 0.034388
0 0.295312 0.543376 0.022917 0.026964
0 0.415365 0.520516 0.025000 0.037515
0 0.779297 0.135991 0.020052 0.025791
0 0.929948 0.379054 0.019792 0.025010
0 0.894661 0.597694 0.020052 0.025401
0 0.674219 0.812427 0.023958 0.031262
0 0.422786 0.156506 0.019010 0.026964
0 0.626693 0.623095 0.021094 0.025401
0 0.894401 0.621923 0.020052 0.028527
0 0.218229 0.158460 0.020313 0.026182
0 0.865365 0.648886 0.020313 0.026964
0 0.447266 0.643611 0.018490 0.026573
0 0.536979 0.641071 0.019792 0.025401
0 0.571745 0.135991 0.021094 0.024228
0 0.773047 0.037515 0.020573 0.033607
0 0.128385 0.441579 0.022396 0.026573
0 0.775781 0.648691 0.020833 0.028136
0 0.773438 0.282923 0.021875 0.034388
0 0.336719 0.398593 0.020833 0.026573
0 0.856250 0.812622 0.021875 0.028527
0 0.658333 0.218445 0.021354 0.028136
0 0.914974 0.761235 0.022656 0.035170
0 0.892318 0.916569 0.020573 0.025401
0 0.448437 0.593591 0.019271 0.028136
0 0.648958 0.885893 0.021875 0.028136
0 0.774609 0.861665 0.023698 0.029699
0 0.240885 0.612349 0.019792 0.025010
0 0.510417 0.457014 0.021875 0.026964
0 0.328906 0.614889 0.019792 0.026964
0 0.929688 0.187769 0.021354 0.028527
0 0.564974 0.061547 0.020573 0.021493
0 0.862240 0.887847 0.022396 0.028136
0 0.160156 0.370848 0.020833 0.027354
0 0.424219 0.132864 0.018229 0.024228
0 0.742839 0.597499 0.020052 0.025791
0 0.616797 0.762016 0.025260 0.035952
0 0.353255 0.567409 0.021094 0.029699
0 0.298828 0.617624 0.019531 0.028527
0 0.744922 0.670965 0.022656 0.026573
0 0.481510 0.457991 0.024479 0.028918
0 0.363151 0.106487 0.018490 0.026182
0 0.536849 0.616647 0.021094 0.031262
0 0.070312 0.438453 0.023958 0.028136
0 0.536719 0.034584 0.024479 0.033998
0 0.332292 0.105119 0.020833 0.030481
0 0.572135 0.215123 0.023438 0.027745
0 0.364714 0.212974 0.023698 0.028918
0 0.120703 0.293669 0.022135 0.028527
0 0.484766 0.212778 0.022135 0.027745
0 0.798828 0.576788 0.023698 0.029699
0 0.599609 0.355021 0.020573 0.025401
0 0.335417 0.129543 0.019792 0.027745
0 0.717578 0.113912 0.021615 0.027745
0 0.243880 0.296991 0.021094 0.026573
0 0.530599 0.570731 0.021094 0.031653
0 0.679297 0.522860 0.023698 0.035170
0 0.898828 0.458578 0.022656 0.028527
0 0.863672 0.332943 0.021615 0.027354
0 0.511979 0.137358 0.019271 0.024619
0 0.687500 0.432005 0.018750 0.026964
0 0.957292 0.109418 0.020833 0.025791
0 0.032161 0.266510 0.023698 0.032825
0 0.210807 0.662173 0.021615 0.028527
0 0.620833 0.546893 0.018750 0.026182
0 0.808073 0.360883 0.020313 0.027745
0 0.748568 0.434349 0.020573 0.027745
0 0.393229 0.161782 0.020313 0.025010
0 0.540885 0.455256 0.023438 0.026573
0 0.566927 0.335483 0.022917 0.024619
0 0.562370 0.912661 0.024219 0.029308
0 0.682682 0.331184 0.021094 0.027745
0 0.617318 0.910707 0.027865 0.030090
0 0.511328 0.113912 0.020052 0.023837
0 0.744792 0.695780 0.022917 0.028527
0 0.542188 0.400938 0.020833 0.027354
0 0.644792 0.785072 0.022396 0.025791
0 0.358203 0.593591 0.020052 0.028136
0 0.602083 0.165104 0.020313 0.026964
0 0.357552 0.695193 0.021354 0.023447
0 0.217318 0.209261 0.023698 0.026182
0 0.335807 0.351504 0.022135 0.030090
0 0.542969 0.211997 0.023958 0.030090
0 0.809766 0.385698 0.020052 0.028136
0 0.718359 0.137749 0.022135 0.024619
0 0.833594 0.834506 0.019271 0.026182
0 0.779036 0.187964 0.017969 0.028136
0 0.572266 0.358929 0.019531 0.021493
0 0.929948 0.215318 0.024479 0.030481
0 0.244010 0.322392 0.021875 0.032825
0 0.277474 0.153380 0.021615 0.025401
0 0.624740 0.312427 0.022396 0.026182
0 0.541536 0.133451 0.021615 0.024619
0 0.589714 0.571512 0.021615 0.031653
0 0.184115 0.584994 0.021354 0.026573
0 0.218880 0.393708 0.019010 0.029308
0 0.039974 0.433177 0.023698 0.027745
0 0.869271 0.356194 0.020313 0.026182
0 0.902474 0.211606 0.023698 0.029308
0 0.590625 0.546698 0.022917 0.025791
0 0.749609 0.384330 0.019010 0.024619
0 0.395182 0.397225 0.019010 0.026964
0 0.151693 0.050606 0.022135 0.026964
0 0.894141 0.328839 0.020052 0.033998
0 0.870182 0.211606 0.022656 0.028527
0 0.624870 0.039859 0.020573 0.032044
0 0.930339 0.403478 0.020573 0.027745
0 0.710938 0.088902 0.021354 0.031653
0 0.297396 0.692067 0.021354 0.028918
0 0.929688 0.136577 0.019271 0.028527
0 0.620182 0.885307 0.022656 0.028527
0 0.687891 0.378077 0.020573 0.031653
0 0.710417 0.063111 0.020313 0.025401
0 0.585417 0.786440 0.022396 0.026182
0 0.712109 0.592419 0.021094 0.025791
0 0.682422 0.621336 0.020573 0.025791
0 0.153646 0.322196 0.021875 0.027745
0 0.655729 0.643220 0.020313 0.027354
0 0.868229 0.458773 0.023438 0.028918
0 0.447266 0.617819 0.018490 0.026573
0 0.414323 0.565846 0.021875 0.038296
0 0.270703 0.632864 0.020573 0.026182
0 0.482552 0.407581 0.019792 0.030481
0 0.566016 0.595350 0.023177 0.026964
0 0.589974 0.911489 0.021615 0.026182
0 0.869271 0.381008 0.019792 0.028136
0 0.393750 0.212192 0.025000 0.028136
0 0.810026 0.434349 0.020052 0.023837
0 0.679948 0.914224 0.024479 0.030871
0 0.418880 0.620164 0.019010 0.030481
0 0.742057 0.910121 0.021615 0.027354
0 0.596875 0.670184 0.020833 0.028918
0 0.385807 0.036342 0.021094 0.035952
0 0.833594 0.035170 0.022917 0.032825
0 0.839193 0.408167 0.019010 0.029308
0 0.767448 0.762993 0.021354 0.032435
0 0.834766 0.598671 0.019531 0.022665
0 0.307422 0.372020 0.019010 0.025010
0 0.483333 0.380227 0.019271 0.026573
0 0.839453 0.211801 0.022135 0.027354
0 0.922526 0.695389 0.021094 0.025401
0 0.271875 0.324932 0.023958 0.029308
0 0.353516 0.542399 0.021094 0.027354
0 0.688542 0.457796 0.022396 0.027745
0 0.679948 0.042595 0.025521 0.041422
0 0.800911 0.085385 0.020573 0.030871
0 0.119661 0.604728 0.019531 0.023056
0 0.773177 0.833724 0.018750 0.026964
0 0.949089 0.858343 0.021615 0.026182
0 0.097396 0.364009 0.021354 0.027745
0 0.924479 0.594764 0.019271 0.027354
0 0.453906 0.352872 0.017708 0.027354
0 0.543490 0.375537 0.021354 0.025010
0 0.741797 0.310473 0.021094 0.023837
0 0.742839 0.287222 0.021615 0.034388
0 0.943490 0.810082 0.020833 0.032825
0 0.367188 0.421454 0.022396 0.026964
0 0.718099 0.410121 0.020052 0.027745
0 0.247005 0.133060 0.021094 0.027745
0 0.810807 0.459945 0.025781 0.030481
0 0.591797 0.887065 0.022656 0.028136
0 0.119401 0.581868 0.021094 0.025010
0 0.899740 0.109613 0.020313 0.023837
0 0.306250 0.127784 0.019271 0.022665
0 0.628516 0.408363 0.019531 0.028136
0 0.686979 0.114889 0.020313 0.027354
0 0.718229 0.384525 0.021354 0.026573
0 0.208594 0.537319 0.025000 0.024228
0 0.040755 0.337827 0.019010 0.026182
0 0.776823 0.674873 0.018750 0.028918
0 0.952474 0.644979 0.019531 0.026964
0 0.921224 0.284095 0.021615 0.031262
0 0.151823 0.661782 0.019792 0.027745
0 0.059115 0.527745 0.020313 0.023056
0 0.596615 0.619969 0.020313 0.026182
0 0.474219 0.328839 0.022917 0.033998
0 0.681510 0.673310 0.020833 0.028136
0 0.900651 0.381204 0.020573 0.027745
0 0.657161 0.164322 0.018490 0.025401
0 0.953125 0.670965 0.020833 0.030481
0 0.328385 0.592028 0.020313 0.024228
0 0.864062 0.283509 0.020313 0.030090
0 0.279297 0.395858 0.022135 0.025010
0 0.657552 0.356389 0.020313 0.021884
0 0.602344 0.113912 0.019271 0.023837
0 0.388542 0.591442 0.020313 0.025401
0 0.556901 0.762407 0.023698 0.032044
0 0.476953 0.694998 0.023698 0.029308
0 0.041276 0.363032 0.021094 0.029699
0 0.806641 0.700078 0.022656 0.025401
0 0.567187 0.285268 0.019792 0.032044
0 0.187500 0.201837 0.020833 0.026964
0 0.917578 0.570340 0.020573 0.030871
0 0.650000 0.914029 0.025000 0.033607
0 0.892188 0.862446 0.021354 0.032044
0 0.454036 0.430051 0.020052 0.023837
0 0.836328 0.107268 0.022135 0.023837
0 0.929557 0.161587 0.022135 0.026964
0 0.595443 0.063892 0.018490 0.026182
0 0.367318 0.396053 0.020573 0.030871
0 0.778776 0.405627 0.020052 0.031262
0 0.417578 0.059398 0.020573 0.025791
0 0.219401 0.370066 0.019531 0.027354
0 0.188281 0.128370 0.017188 0.023837
0 0.037109 0.205354 0.022135 0.025401
0 0.448307 0.327862 0.021094 0.025791
0 0.858464 0.577960 0.021094 0.028918
0 0.885807 0.815162 0.022656 0.032044
0 0.870833 0.133841 0.019792 0.023837
0 0.949219 0.883939 0.020833 0.029699
0 0.644792 0.809887 0.020833 0.030090
0 0.210938 0.587339 0.021354 0.026573
0 0.649479 0.521297 0.021354 0.030481
0 0.097266 0.387065 0.019531 0.021493
0 0.036719 0.076983 0.021354 0.028918
0 0.598568 0.455256 0.021615 0.034388
0 0.654948 0.694998 0.020833 0.023056
0 0.426432 0.353654 0.017448 0.026573
0 0.835286 0.307737 0.021094 0.026964
0 0.807292 0.652989 0.023438 0.034388
0 0.367318 0.345838 0.019010 0.022665
0 0.743099 0.859711 0.020052 0.023447
0 0.629948 0.358343 0.020313 0.028136
0 0.306510 0.348769 0.019271 0.023837
0 0.423307 0.109613 0.020573 0.023837
0 0.336458 0.376319 0.020833 0.023447
0 0.507161 0.064674 0.020052 0.025401
0 0.096094 0.339781 0.019792 0.024619
0 0.504818 0.700078 0.021615 0.026964
0 0.772135 0.308519 0.021875 0.025401
0 0.513151 0.214732 0.023698 0.028527
0 0.922266 0.085385 0.018490 0.028527
0 0.871224 0.109809 0.020052 0.025010
0 0.063932 0.577374 0.017448 0.023056
0 0.956250 0.185229 0.018229 0.026573
0 0.277734 0.349941 0.022135 0.027745
0 0.394792 0.348964 0.018229 0.027354
0 0.742839 0.063892 0.023698 0.025401
0 0.683594 0.281360 0.020833 0.024228
0 0.835417 0.647519 0.021875 0.031262
0 0.455599 0.135014 0.018490 0.022274
0 0.620703 0.857757 0.021615 0.029699
0 0.391797 0.110199 0.021094 0.028136
0 0.711849 0.641462 0.020052 0.024619
0 0.084505 0.533021 0.019531 0.025010
0 0.297917 0.030871 0.021875 0.036733
0 0.869271 0.407776 0.020833 0.031653
0 0.305729 0.105901 0.019792 0.024228
0 0.596224 0.643611 0.019531 0.027354
0 0.599609 0.378273 0.019531 0.025791
0 0.835286 0.285072 0.020573 0.026964
0 0.649349 0.571512 0.019531 0.029308
0 0.861328 0.838609 0.023698 0.029699
0 0.894792 0.286831 0.020833 0.037515
0 0.218880 0.345447 0.019531 0.027354
0 0.070443 0.388042 0.019531 0.023447
0 0.943359 0.784486 0.021094 0.029308
0 0.182682 0.053537 0.020573 0.024228
0 0.159505 0.099648 0.018490 0.022665
0 0.832161 0.939625 0.023698 0.023056
0 0.656120 0.596522 0.020052 0.023056
0 0.387500 0.691676 0.021875 0.025791
0 0.682682 0.695975 0.023177 0.028136
0 0.900130 0.356780 0.019531 0.023447
0 0.628776 0.114107 0.023177 0.027354
0 0.541146 0.110395 0.021354 0.024619
0 0.949479 0.835092 0.022396 0.026573
0 0.506120 0.595545 0.019010 0.025010
0 0.158724 0.345838 0.021094 0.028136
0 0.749740 0.188550 0.022396 0.027745
0 0.711458 0.859906 0.020313 0.023837
0 0.858333 0.763775 0.024479 0.038687
0 0.417969 0.671747 0.020833 0.025010
0 0.247786 0.349941 0.020052 0.028527
0 0.446224 0.304807 0.023698 0.024228
0 0.860807 0.524033 0.023698 0.034388
0 0.772526 0.332356 0.022135 0.028527
0 0.957943 0.404846 0.017969 0.028136
0 0.511458 0.379054 0.019271 0.023447
0 0.278385 0.372802 0.021354 0.023447
0 0.687370 0.217077 0.018490 0.025401
0 0.624349 0.335287 0.021615 0.028136
0 0.922266 0.861079 0.019531 0.025401
0 0.591536 0.861860 0.021094 0.028527
0 0.653385 0.287222 0.021875 0.033607
0 0.949219 0.911489 0.021875 0.032435
0 0.807422 0.110199 0.021094 0.021884
0 0.772786 0.888042 0.021094 0.030871
0 0.778255 0.379640 0.020052 0.024619
0 0.953776 0.079328 0.020573 0.032044
0 0.673958 0.788003 0.021354 0.023056
0 0.418359 0.302071 0.021094 0.029699
0 0.827344 0.575225 0.019271 0.029699
0 0.929818 0.458187 0.022656 0.026964
0 0.040234 0.407776 0.020573 0.026964
0 0.771484 0.913834 0.020573 0.027745
0 0.886328 0.791911 0.022135 0.026182
0 0.446615 0.668230 0.018750 0.025791
0 0.894922 0.697147 0.019010 0.024228
0 0.066797 0.025987 0.022135 0.028527
0 0.596224 0.596717 0.021094 0.023447
0 0.356380 0.055490 0.022656 0.024228
0 0.590755 0.837241 0.021615 0.028527
0 0.840104 0.382767 0.018750 0.023056
0 0.678516 0.859711 0.023698 0.026573
0 0.711719 0.838413 0.021875 0.023837
0 0.654818 0.619578 0.021094 0.023837
0 0.598437 0.429074 0.020833 0.027354
0 0.689063 0.352677 0.019271 0.023056
0 0.482031 0.355803 0.020833 0.024619
0 0.950260 0.329035 0.021875 0.029699
0 0.957943 0.379640 0.019010 0.026964
0 0.861719 0.913638 0.022396 0.029699
0 0.615755 0.783900 0.023177 0.024228
0 0.804948 0.598867 0.018750 0.020711
0 0.775781 0.600039 0.018229 0.021493
0 0.128385 0.340758 0.019271 0.026573
0 0.948698 0.519734 0.022917 0.033607
0 0.713802 0.329230 0.025000 0.039469
0 0.062240 0.290348 0.021875 0.028918
0 0.710547 0.913052 0.019531 0.026964
0 0.543229 0.352872 0.019792 0.022665
0 0.864193 0.600821 0.021615 0.026182
0 0.834635 0.333138 0.020833 0.030090
0 0.929036 0.356585 0.017969 0.024619
0 0.418359 0.275889 0.021615 0.029699
0 0.269141 0.028918 0.020573 0.032825
0 0.954688 0.454865 0.020313 0.025791
0 0.864714 0.699883 0.022656 0.025010
0 0.442448 0.544744 0.020833 0.024228
0 0.891406 0.837632 0.019792 0.023056
0 0.677214 0.575225 0.022135 0.024228
0 0.537370 0.593200 0.019531 0.021102
0 0.889844 0.521884 0.022396 0.033998
0 0.955208 0.430442 0.018229 0.027745
0 0.650000 0.834896 0.023438 0.025401
0 0.501563 0.522470 0.020833 0.035952
0 0.795182 0.762993 0.023177 0.033216
0 0.621354 0.834896 0.019792 0.024619
0 0.241797 0.083236 0.025781 0.024228
0 0.679427 0.836069 0.020833 0.026182
0 0.865104 0.623486 0.020313 0.025401
0 0.114062 0.529894 0.022396 0.025791
0 0.957812 0.356194 0.020833 0.026182
0 0.441927 0.564869 0.020313 0.032435
0 0.772786 0.938453 0.022656 0.023837
0 0.041667 0.386088 0.019271 0.021102
0 0.957422 0.134037 0.020573 0.025791
0 0.237370 0.510356 0.023698 0.028136
0 0.705339 0.815553 0.022135 0.027354
0 0.856771 0.787612 0.020833 0.025401
0 0.538021 0.280969 0.019792 0.028918
0 0.418750 0.696170 0.022917 0.025401
0 0.657552 0.115866 0.017188 0.030871
0 0.953385 0.696757 0.020313 0.026573
0 0.862760 0.861860 0.019792 0.025401
0 0.619661 0.935326 0.022656 0.026964
0 0.862630 0.939429 0.019010 0.026573
0 0.953646 0.594177 0.018229 0.026182
0 0.836068 0.673701 0.020052 0.023447
0 0.063021 0.316921 0.021875 0.029699
0 0.767057 0.809691 0.019531 0.026573
0 0.742318 0.933568 0.021615 0.025791
0 0.803125 0.936694 0.022396 0.023447
0 0.892057 0.940406 0.024219 0.026964
0 0.797526 0.813599 0.024740 0.028918
0 0.135026 0.684838 0.016406 0.024619
0 0.805859 0.678781 0.024219 0.025010
0 0.241406 0.059007 0.023438 0.024228
0 0.801823 0.835678 0.019271 0.021493
0 0.838802 0.358929 0.019271 0.023837
0 0.711198 0.936499 0.022396 0.023837
0 0.674740 0.761235 0.021875 0.032825
0 0.736979 0.768073 0.023438 0.026964
0 0.950000 0.936499 0.023438 0.025401
0 0.796224 0.782923 0.019531 0.019148
0 0.952474 0.280774 0.021615 0.032435
0 0.920573 0.583431 0.021875 0.021102
0 0.502995 0.580500 0.021615 0.016022
0 0.648698 0.857952 0.027604 0.031653
0 0.735807 0.806956 0.021615 0.025010
0 0.950651 0.306370 0.021094 0.024228
0 0.954036 0.210043 0.014844 0.025401
0 0.648047 0.939625 0.025781 0.023837
0 0.834766 0.094568 0.021615 0.020320
0 0.209635 0.524033 0.023438 0.014850
0 0.562760 0.135991 0.017708 0.022665
0 0.687370 0.204767 0.019010 0.008597
0 0.589193 0.933959 0.022135 0.025791
0 0.326042 0.028722 0.021875 0.025401
0 0.328906 0.055686 0.017708 0.028527
0 0.708333 0.764361 0.024479 0.032825
0 0.706120 0.788589 0.019010 0.026573
0 0.948958 0.568386 0.020313 0.029308
