0 0.558073 0.080306 0.026562 0.043326
0 0.678646 0.581182 0.025521 0.045514
0 0.206901 0.125383 0.025260 0.043326
0 0.704036 0.077024 0.026823 0.043764
0 0.356641 0.669803 0.029948 0.041575
0 0.650000 0.662144 0.026042 0.044639
0 0.448828 0.670460 0.027344 0.048140
0 0.265885 0.167177 0.029167 0.044639
0 0.824219 0.618381 0.025000 0.041138
0 0.645312 0.117724 0.025521 0.038512
0 0.327083 0.588621 0.028125 0.046389
0 0.328125 0.670897 0.025521 0.042013
0 0.147526 0.083370 0.027344 0.038950
0 0.327214 0.628884 0.027344 0.042888
0 0.177344 0.082276 0.027604 0.045514
0 0.674089 0.154923 0.025781 0.043764
0 0.176693 0.166740 0.025781 0.044639
0 0.731771 0.156674 0.025521 0.040263
0 0.710417 0.622976 0.023958 0.042451
0 0.182292 0.631072 0.026562 0.040263
0 0.680990 0.622538 0.026042 0.040700
0 0.794401 0.617943 0.024219 0.043764
0 0.153776 0.634792 0.026302 0.038950
0 0.765755 0.617505 0.024740 0.042888
0 0.177474 0.124070 0.025260 0.039825
0 0.760286 0.116193 0.026823 0.040700
0 0.823958 0.659519 0.027083 0.043764
0 0.535417 0.666302 0.026562 0.045077
0 0.710938 0.663239 0.027604 0.043326
0 0.358073 0.291028 0.022917 0.041138
0 0.736068 0.578118 0.024740 0.037637
0 0.477474 0.586871 0.024219 0.039387
0 0.125651 0.677024 0.026823 0.045514
0 0.733333 0.117068 0.026042 0.040700
0 0.207422 0.083807 0.025781 0.042451
0 0.704036 0.153829 0.026823 0.047702
0 0.565625 0.666958 0.025521 0.044639
0 0.206771 0.166958 0.025521 0.045952
0 0.469922 0.122538 0.027865 0.043764
0 0.210026 0.672210 0.025781 0.046389
0 0.818490 0.115974 0.026562 0.042013
0 0.620964 0.581400 0.024740 0.045077
0 0.586198 0.162144 0.023438 0.042451
0 0.122656 0.593435 0.026042 0.046389
0 0.650260 0.621663 0.026042 0.042451
0 0.558984 0.164114 0.027344 0.046389
0 0.472135 0.080306 0.027083 0.042451
0 0.873958 0.159956 0.028646 0.044201
0 0.118880 0.083807 0.025260 0.043326
0 0.147005 0.123851 0.024219 0.041138
0 0.384896 0.083807 0.027604 0.043326
0 0.358464 0.371116 0.025781 0.042888
0 0.615234 0.122538 0.027344 0.039387
0 0.505469 0.630853 0.026562 0.041575
0 0.147917 0.164770 0.023958 0.041575
0 0.413151 0.079431 0.027344 0.041575
0 0.293359 0.167834 0.025781 0.043326
0 0.530469 0.285558 0.025521 0.042451
0 0.117708 0.169147 0.027604 0.045077
0 0.322917 0.124945 0.026042 0.040700
0 0.241406 0.714442 0.022917 0.037199
0 0.118880 0.126477 0.026823 0.046389
0 0.594271 0.668271 0.026562 0.042013
0 0.819531 0.157549 0.027083 0.041138
0 0.353385 0.164333 0.026562 0.045077
0 0.732422 0.076586 0.021615 0.042888
0 0.708724 0.579869 0.026302 0.042888
0 0.586198 0.119037 0.025000 0.041138
0 0.559115 0.363676 0.021875 0.038512
0 0.615625 0.163239 0.026562 0.043764
0 0.296224 0.631947 0.024740 0.041138
0 0.788021 0.115098 0.026042 0.041138
0 0.530339 0.121007 0.024219 0.038074
0 0.292448 0.084683 0.027604 0.041575
0 0.236589 0.164989 0.024219 0.047265
0 0.390495 0.673523 0.024740 0.045514
0 0.181901 0.673085 0.027344 0.042013
0 0.500521 0.078993 0.025521 0.039825
0 0.621745 0.664551 0.025781 0.040700
0 0.675260 0.077899 0.025521 0.042888
0 0.528125 0.080963 0.023958 0.044639
0 0.155339 0.717287 0.024219 0.042013
0 0.644792 0.078775 0.027083 0.043764
0 0.208073 0.331947 0.025521 0.041575
0 0.616016 0.081182 0.022656 0.044201
0 0.266667 0.212035 0.024479 0.038950
0 0.824089 0.575492 0.025781 0.044639
0 0.125391 0.634792 0.025781 0.041575
0 0.263151 0.088184 0.026823 0.048578
0 0.534896 0.587309 0.025521 0.043764
0 0.206771 0.209409 0.024479 0.042451
0 0.296484 0.590810 0.024219 0.042013
0 0.679167 0.662363 0.023438 0.038950
0 0.766146 0.660613 0.023958 0.044201
0 0.297266 0.670460 0.023698 0.042013
0 0.502474 0.121882 0.026823 0.044201
0 0.210417 0.631291 0.024479 0.038074
0 0.411849 0.163676 0.026302 0.045514
0 0.440625 0.163457 0.026042 0.043326
0 0.675911 0.279650 0.024219 0.037637
0 0.738411 0.660394 0.026302 0.044639
0 0.817318 0.236324 0.023177 0.042888
0 0.412109 0.120131 0.025260 0.041575
0 0.293099 0.125602 0.026302 0.044639
0 0.795312 0.575055 0.026042 0.042013
0 0.477083 0.670022 0.024479 0.042013
0 0.390234 0.591247 0.025781 0.044639
0 0.239323 0.672648 0.025521 0.041138
0 0.529036 0.162144 0.023698 0.045077
0 0.645182 0.158206 0.025260 0.040700
0 0.558594 0.121882 0.026562 0.041575
0 0.595052 0.789059 0.020833 0.040263
0 0.851432 0.614880 0.025781 0.039387
0 0.269531 0.591247 0.021875 0.043764
0 0.757812 0.400000 0.025521 0.038512
0 0.824609 0.823195 0.025260 0.041138
0 0.357943 0.708096 0.023698 0.039387
0 0.470703 0.164333 0.025781 0.044201
0 0.383724 0.163020 0.024740 0.046827
0 0.356901 0.248796 0.023698 0.042451
0 0.298568 0.373523 0.022656 0.036324
0 0.650781 0.581838 0.026562 0.041575
0 0.211068 0.593873 0.026302 0.038512
0 0.823958 0.780744 0.025521 0.040263
0 0.759245 0.075492 0.023698 0.038950
0 0.794792 0.699562 0.022917 0.033698
0 0.389323 0.630416 0.024479 0.038074
0 0.237240 0.289059 0.026042 0.040700
0 0.207292 0.249453 0.022917 0.040263
0 0.500651 0.363239 0.023698 0.040263
0 0.441797 0.081400 0.028906 0.047265
0 0.154688 0.672867 0.023958 0.043326
0 0.530078 0.242888 0.025260 0.042888
0 0.795703 0.863457 0.022656 0.041138
0 0.184375 0.843107 0.025000 0.041575
0 0.353385 0.083151 0.025521 0.041138
0 0.675911 0.362144 0.025260 0.038074
0 0.419661 0.669147 0.027865 0.041138
0 0.620703 0.624508 0.027865 0.043764
0 0.501302 0.164333 0.023958 0.045952
0 0.152995 0.594748 0.022656 0.042888
0 0.530078 0.405252 0.025781 0.037637
0 0.560417 0.240919 0.022917 0.040700
0 0.795703 0.659300 0.026302 0.039825
0 0.760417 0.156893 0.026042 0.038950
0 0.236719 0.246608 0.024479 0.039825
0 0.649870 0.782713 0.023698 0.038950
0 0.705599 0.277243 0.024740 0.042451
0 0.323307 0.167396 0.026823 0.045952
0 0.267708 0.252735 0.024479 0.040700
0 0.239583 0.633042 0.025000 0.041575
0 0.594141 0.584026 0.025781 0.046827
0 0.704427 0.358643 0.024479 0.039825
0 0.873047 0.119256 0.026302 0.039825
0 0.765365 0.576368 0.023438 0.044639
0 0.502865 0.287090 0.023958 0.041138
0 0.126823 0.801751 0.023438 0.038512
0 0.787240 0.400438 0.024479 0.036761
0 0.645573 0.279869 0.023438 0.041575
0 0.449479 0.628884 0.025521 0.043764
0 0.853646 0.697593 0.023958 0.040263
0 0.182552 0.716849 0.022396 0.035011
0 0.789062 0.075492 0.026042 0.042451
0 0.732943 0.195186 0.022135 0.032385
0 0.269531 0.669584 0.027083 0.045514
0 0.298958 0.412910 0.025521 0.038950
0 0.180990 0.376149 0.023958 0.039825
0 0.504948 0.586871 0.025000 0.049015
0 0.852344 0.656018 0.025521 0.043764
0 0.565625 0.875492 0.021875 0.034573
0 0.760417 0.196937 0.023438 0.038512
0 0.358854 0.331947 0.026562 0.042451
0 0.594792 0.626915 0.027604 0.039825
0 0.530729 0.362801 0.023958 0.040263
0 0.240365 0.591904 0.022396 0.044201
0 0.419010 0.590810 0.023958 0.042013
0 0.477474 0.627571 0.023698 0.043764
0 0.156380 0.800438 0.023177 0.042888
0 0.178646 0.336543 0.026562 0.044639
0 0.355208 0.590153 0.025000 0.038950
0 0.645964 0.399344 0.024219 0.036324
0 0.384635 0.249453 0.022917 0.039387
0 0.852214 0.573742 0.025260 0.042013
0 0.501302 0.243982 0.022396 0.038950
0 0.127083 0.885558 0.025000 0.040700
0 0.616276 0.363895 0.022135 0.040700
0 0.845182 0.159737 0.027344 0.054267
0 0.674349 0.235449 0.024219 0.040263
0 0.564583 0.587309 0.023958 0.037637
0 0.157292 0.885339 0.023438 0.039387
0 0.243229 0.754048 0.023438 0.039387
0 0.237891 0.414004 0.025260 0.039387
0 0.412630 0.289716 0.021094 0.039387
0 0.824349 0.863239 0.024219 0.038950
0 0.731901 0.318600 0.023698 0.037637
0 0.472005 0.285558 0.025260 0.043326
0 0.674870 0.317068 0.022656 0.034573
0 0.616016 0.240919 0.024219 0.039825
0 0.178385 0.293217 0.023438 0.043764
0 0.298047 0.341794 0.021615 0.033260
0 0.622917 0.705252 0.023438 0.039825
0 0.766536 0.738512 0.025260 0.044201
0 0.817578 0.280088 0.023698 0.041138
0 0.846354 0.077243 0.023438 0.038074
0 0.383333 0.291028 0.023958 0.041138
0 0.844271 0.319694 0.022396 0.038950
0 0.419661 0.712910 0.022135 0.036761
0 0.559245 0.323195 0.021615 0.039825
0 0.795703 0.738512 0.022135 0.036324
0 0.536849 0.791028 0.023177 0.041575
0 0.587760 0.080744 0.023958 0.035449
0 0.322396 0.082276 0.023438 0.045514
0 0.871745 0.280525 0.023177 0.039387
0 0.329036 0.708753 0.024219 0.038950
0 0.817708 0.319256 0.022396 0.040700
0 0.854688 0.822319 0.021875 0.042013
0 0.854036 0.739387 0.022135 0.042451
0 0.127083 0.845514 0.023958 0.041138
0 0.207943 0.293873 0.023177 0.045077
0 0.587370 0.365208 0.024219 0.037199
0 0.766536 0.781838 0.025260 0.043326
0 0.271354 0.711160 0.022917 0.034136
0 0.530729 0.322976 0.023958 0.035886
0 0.299349 0.753173 0.024740 0.042013
0 0.211719 0.714880 0.023958 0.040700
0 0.757812 0.361050 0.022917 0.035886
0 0.650260 0.702626 0.023438 0.038074
0 0.298177 0.711816 0.022396 0.039825
0 0.477734 0.708315 0.022656 0.035449
0 0.441797 0.286652 0.023177 0.040263
0 0.507682 0.834354 0.023698 0.038074
0 0.180990 0.592779 0.023958 0.036324
0 0.680990 0.826915 0.021875 0.038074
0 0.595443 0.835011 0.024219 0.035886
0 0.183724 0.758643 0.023698 0.039825
0 0.383464 0.206783 0.022656 0.035449
0 0.420443 0.838293 0.022656 0.037199
0 0.155859 0.758862 0.022135 0.040263
0 0.327083 0.249453 0.022917 0.037637
0 0.738542 0.782276 0.021875 0.036324
0 0.447786 0.589497 0.024219 0.037637
0 0.854297 0.863676 0.023177 0.039825
0 0.300391 0.878556 0.022656 0.036324
0 0.587760 0.283589 0.020833 0.036761
0 0.565625 0.746389 0.022917 0.035449
0 0.269922 0.412691 0.025260 0.037637
0 0.648958 0.742451 0.022917 0.042451
0 0.412630 0.326477 0.022656 0.037637
0 0.844792 0.402188 0.023958 0.035886
0 0.650521 0.907659 0.024479 0.035011
0 0.705469 0.232604 0.025521 0.040700
0 0.731510 0.278118 0.023958 0.040700
0 0.327604 0.292560 0.023958 0.040700
0 0.505208 0.669803 0.025521 0.042451
0 0.501302 0.203282 0.022396 0.038950
0 0.536849 0.833260 0.024740 0.042888
0 0.120964 0.209847 0.025260 0.042451
0 0.825521 0.737418 0.025000 0.039387
0 0.411719 0.247265 0.024479 0.045514
0 0.760286 0.236105 0.022656 0.038950
0 0.412891 0.367834 0.022656 0.038074
0 0.853255 0.780306 0.023177 0.035011
0 0.645703 0.235667 0.022135 0.035449
0 0.645964 0.361707 0.023698 0.040700
0 0.709245 0.781619 0.023177 0.038512
0 0.766016 0.862144 0.024740 0.040263
0 0.236328 0.207440 0.023698 0.036761
0 0.235807 0.083151 0.022656 0.036761
0 0.871875 0.078337 0.023438 0.045514
0 0.297396 0.307877 0.022917 0.036324
0 0.705729 0.318818 0.025000 0.039825
0 0.157292 0.924070 0.026042 0.042451
0 0.587760 0.238731 0.022917 0.043326
0 0.501302 0.326696 0.022396 0.037199
0 0.184635 0.798687 0.023958 0.040263
0 0.679557 0.740044 0.024219 0.042013
0 0.758984 0.319256 0.022135 0.040700
0 0.816406 0.401969 0.024479 0.036324
0 0.679557 0.783151 0.025260 0.042451
0 0.732031 0.398249 0.022917 0.036761
0 0.818750 0.076368 0.023958 0.036324
0 0.151042 0.375055 0.024479 0.041138
0 0.614714 0.403282 0.023177 0.036324
0 0.442057 0.245077 0.023698 0.042888
0 0.873047 0.239606 0.024219 0.043326
0 0.708073 0.701751 0.022917 0.032823
0 0.567187 0.788621 0.024479 0.042013
0 0.448177 0.749891 0.023438 0.042451
0 0.440365 0.365427 0.022396 0.037637
0 0.237240 0.334136 0.028125 0.039825
0 0.788672 0.236980 0.023698 0.039825
0 0.788281 0.319694 0.023438 0.040700
0 0.269531 0.293435 0.025521 0.039825
0 0.150130 0.291466 0.025781 0.044639
0 0.469792 0.202845 0.025000 0.038950
0 0.739062 0.739168 0.023438 0.043764
0 0.328125 0.366958 0.025000 0.034573
0 0.327474 0.333042 0.022656 0.034136
0 0.559505 0.284683 0.021615 0.036324
0 0.384766 0.364551 0.023177 0.033260
0 0.595182 0.915098 0.023698 0.031510
0 0.478776 0.836324 0.023177 0.039387
0 0.471224 0.242013 0.022135 0.035886
0 0.120703 0.295186 0.025260 0.047702
0 0.506120 0.791466 0.023177 0.042451
0 0.674349 0.196280 0.022656 0.037199
0 0.419401 0.753173 0.022135 0.035886
0 0.391797 0.794092 0.024219 0.044201
0 0.295052 0.207002 0.022396 0.035886
0 0.844010 0.361926 0.024479 0.037637
0 0.413411 0.204814 0.024219 0.037637
0 0.211458 0.755799 0.023438 0.036761
0 0.594922 0.705689 0.023177 0.031947
0 0.185417 0.883589 0.021875 0.037637
0 0.478385 0.745077 0.020833 0.038074
0 0.588281 0.322319 0.021875 0.032823
0 0.358333 0.410503 0.023958 0.035011
0 0.206510 0.371554 0.025000 0.037637
0 0.212370 0.797593 0.021615 0.041575
0 0.559635 0.402407 0.023958 0.036324
0 0.705339 0.396499 0.025260 0.035011
0 0.852865 0.903063 0.025000 0.040700
0 0.242969 0.796280 0.022396 0.036324
0 0.447786 0.708315 0.022135 0.034573
0 0.273698 0.839606 0.020833 0.035449
0 0.412370 0.408534 0.024219 0.032823
0 0.156771 0.846171 0.021875 0.033698
0 0.529818 0.202845 0.023177 0.037199
0 0.389714 0.881619 0.022656 0.034573
0 0.733464 0.234136 0.021094 0.036761
0 0.536589 0.874836 0.021615 0.035011
0 0.506120 0.874617 0.021615 0.035449
0 0.788542 0.278337 0.021875 0.038512
0 0.275130 0.919475 0.022656 0.035011
0 0.185286 0.923414 0.024219 0.036761
0 0.358724 0.792123 0.022656 0.035011
0 0.502995 0.405689 0.023698 0.031510
0 0.213932 0.839825 0.023177 0.040263
0 0.737891 0.617724 0.023177 0.034573
0 0.332031 0.920350 0.025000 0.034136
0 0.616406 0.281838 0.023438 0.038512
0 0.208594 0.412910 0.024479 0.037199
0 0.441667 0.327571 0.022917 0.038950
0 0.708854 0.825164 0.024479 0.044201
0 0.593750 0.873523 0.022917 0.035886
0 0.535937 0.916849 0.022396 0.031510
0 0.441276 0.404595 0.025260 0.036324
0 0.767708 0.903282 0.025000 0.035011
0 0.560417 0.200875 0.021875 0.031510
0 0.796354 0.902845 0.022917 0.034136
0 0.650130 0.828884 0.020052 0.038512
0 0.440365 0.203720 0.024479 0.038074
0 0.616797 0.321007 0.023177 0.039825
0 0.843880 0.276805 0.023698 0.044201
0 0.649609 0.868928 0.022656 0.038074
0 0.787240 0.363895 0.023438 0.036324
0 0.825781 0.903063 0.024479 0.035449
0 0.149740 0.248140 0.023438 0.039387
0 0.729688 0.360613 0.021875 0.035886
0 0.881771 0.572867 0.022396 0.042888
0 0.882292 0.821663 0.023438 0.044201
0 0.587370 0.198031 0.022135 0.034573
0 0.796224 0.780088 0.022135 0.036324
0 0.358984 0.876368 0.023698 0.040700
0 0.565365 0.706783 0.023438 0.037637
0 0.624349 0.787746 0.020052 0.029759
0 0.471484 0.367177 0.024740 0.039387
0 0.149740 0.335011 0.022917 0.038950
0 0.534896 0.706127 0.022917 0.033698
0 0.818490 0.195186 0.021875 0.035011
0 0.178385 0.249234 0.021875 0.034573
0 0.299479 0.794530 0.023958 0.042451
0 0.357292 0.833698 0.024479 0.040263
0 0.477344 0.875711 0.021875 0.036761
0 0.300000 0.837199 0.025000 0.042013
0 0.816016 0.362582 0.024219 0.038950
0 0.645833 0.197155 0.023958 0.036324
0 0.237370 0.371991 0.023698 0.042888
0 0.420052 0.878775 0.020833 0.034136
0 0.328776 0.836761 0.026823 0.036761
0 0.213281 0.882276 0.022396 0.036761
0 0.419271 0.794967 0.021354 0.031947
0 0.708854 0.740044 0.023958 0.039387
0 0.213932 0.922101 0.024219 0.037637
0 0.535547 0.747484 0.021615 0.039387
0 0.126823 0.756893 0.021875 0.031072
0 0.759766 0.278556 0.022135 0.038950
0 0.330078 0.792123 0.022656 0.039387
0 0.881641 0.863676 0.024219 0.039825
0 0.471354 0.324289 0.022917 0.036761
0 0.390495 0.842013 0.021615 0.041138
0 0.420052 0.919912 0.021354 0.028009
0 0.390104 0.918600 0.023958 0.036761
0 0.623958 0.872867 0.022396 0.034573
0 0.738932 0.861926 0.022135 0.039825
0 0.126562 0.718600 0.023958 0.038512
0 0.273438 0.880088 0.019792 0.034136
0 0.301042 0.922757 0.024479 0.045952
0 0.271745 0.752298 0.020573 0.038512
0 0.767188 0.699344 0.021875 0.033260
0 0.709635 0.866740 0.021875 0.036324
0 0.297786 0.242013 0.022135 0.032385
0 0.330469 0.879212 0.023438 0.035886
0 0.824219 0.699125 0.022396 0.036324
0 0.148307 0.206783 0.023698 0.034573
0 0.738672 0.824070 0.019531 0.031510
0 0.565234 0.916193 0.022135 0.028446
0 0.448177 0.791685 0.023438 0.038512
0 0.268880 0.336761 0.023177 0.039825
0 0.507031 0.917068 0.020833 0.028446
0 0.359505 0.919256 0.022135 0.030197
0 0.679167 0.700000 0.021875 0.030197
0 0.883984 0.777243 0.021615 0.038512
0 0.505339 0.707002 0.022135 0.033698
0 0.872396 0.324070 0.024479 0.045077
0 0.787891 0.155580 0.026302 0.042451
0 0.448307 0.837637 0.020573 0.032385
0 0.268620 0.370460 0.023177 0.034573
0 0.795182 0.821444 0.022135 0.036761
0 0.297786 0.274617 0.021615 0.030197
0 0.704167 0.194092 0.023958 0.036324
0 0.448047 0.919037 0.021615 0.034136
0 0.623698 0.745077 0.022917 0.036324
0 0.325521 0.207440 0.021354 0.030635
0 0.646615 0.320131 0.022396 0.031072
0 0.177344 0.209409 0.023438 0.033698
0 0.329167 0.751422 0.021875 0.033260
0 0.383984 0.328009 0.021094 0.032823
0 0.472526 0.404595 0.023177 0.033698
0 0.680990 0.866521 0.023438 0.037637
0 0.447917 0.878993 0.020313 0.034573
0 0.127083 0.927571 0.024479 0.033698
0 0.710156 0.905689 0.023438 0.033698
0 0.623958 0.915317 0.020833 0.027571
0 0.737370 0.698468 0.024219 0.034136
0 0.353125 0.122757 0.025000 0.028446
0 0.391016 0.752516 0.022135 0.031072
0 0.767188 0.823851 0.021354 0.027571
0 0.885156 0.695405 0.025000 0.037637
0 0.680859 0.907440 0.019010 0.027571
0 0.567187 0.833698 0.021354 0.036761
0 0.391406 0.712473 0.023438 0.034136
0 0.478385 0.790591 0.021875 0.040700
0 0.119661 0.375274 0.026823 0.045077
0 0.616016 0.201751 0.024219 0.031510
0 0.505469 0.745733 0.020833 0.033260
0 0.873437 0.198468 0.026042 0.037199
0 0.740104 0.903282 0.022396 0.035886
0 0.885938 0.736105 0.028125 0.041138
0 0.150781 0.414880 0.022917 0.035886
0 0.594010 0.744639 0.022917 0.038950
0 0.179427 0.416193 0.022917 0.037637
0 0.844401 0.233479 0.022656 0.033698
0 0.120964 0.250766 0.022656 0.040263
0 0.786458 0.195842 0.024479 0.031947
0 0.358333 0.749672 0.020313 0.028884
0 0.883464 0.906565 0.027865 0.044201
0 0.354427 0.205689 0.022396 0.042013
0 0.626432 0.831510 0.024740 0.034136
0 0.120833 0.330197 0.024479 0.044201
0 0.119792 0.412254 0.024479 0.034136
0 0.478906 0.918381 0.019792 0.026696
0 0.845703 0.198687 0.021094 0.028884
0 0.871484 0.366083 0.024740 0.038074
0 0.884505 0.653173 0.024219 0.038074
0 0.869922 0.399781 0.023177 0.035449
0 0.272786 0.795624 0.021094 0.035886
0 0.644792 0.216411 0.023958 0.030197
0 0.243880 0.919037 0.022656 0.038512
0 0.243359 0.838512 0.017969 0.031510
0 0.242057 0.878337 0.019531 0.028009
