0 0.794773 0.537851 0.017424 0.027528
0 0.581691 0.492059 0.018566 0.029116
0 0.676521 0.797777 0.019137 0.033880
0 0.215653 0.195606 0.017709 0.033351
0 0.746501 0.074643 0.016852 0.030704
0 0.745501 0.187930 0.018852 0.030704
0 0.445016 0.192430 0.016567 0.029116
0 0.442731 0.525675 0.018852 0.029645
0 0.633390 0.772366 0.019709 0.030704
0 0.609112 0.767337 0.017424 0.030175
0 0.604542 0.547380 0.017424 0.032822
0 0.771065 0.486236 0.016281 0.028057
0 0.026992 0.444150 0.018566 0.030704
0 0.164524 0.449179 0.019994 0.031233
0 0.139103 0.446003 0.018280 0.032292
0 0.608398 0.938062 0.021708 0.031763
0 0.744787 0.215987 0.020280 0.029645
0 0.332476 0.195341 0.018852 0.028587
0 0.651814 0.244574 0.021708 0.030704
0 0.397886 0.218899 0.016567 0.029116
0 0.748358 0.906829 0.019994 0.033880
0 0.724936 0.514293 0.017138 0.030175
0 0.352471 0.450238 0.017709 0.030175
0 0.447444 0.834833 0.017424 0.030704
0 0.468438 0.241398 0.021137 0.032822
0 0.698943 0.243250 0.022279 0.031233
0 0.448586 0.862626 0.018566 0.030175
0 0.583262 0.578613 0.018280 0.032822
0 0.677092 0.601641 0.021994 0.029116
0 0.145815 0.167814 0.017995 0.028587
0 0.724936 0.542615 0.017709 0.030704
0 0.231077 0.560349 0.019423 0.031233
0 0.955298 0.427210 0.019137 0.029645
0 0.094544 0.584701 0.018852 0.028057
0 0.863182 0.537851 0.016567 0.027528
0 0.770209 0.823187 0.017424 0.029645
0 0.493716 0.776601 0.016852 0.030704
0 0.445016 0.583377 0.017138 0.031763
0 0.925450 0.069878 0.018280 0.029645
0 0.285204 0.080995 0.017995 0.029645
0 0.946301 0.178401 0.018280 0.032822
0 0.627963 0.160667 0.017995 0.030175
0 0.746501 0.046850 0.017995 0.030175
0 0.465581 0.523293 0.018852 0.032292
0 0.908455 0.428004 0.016281 0.030175
0 0.100114 0.114611 0.017995 0.031233
0 0.628249 0.242986 0.020280 0.029645
0 0.878035 0.233986 0.021708 0.030704
0 0.771208 0.907888 0.017709 0.031763
0 0.653956 0.044733 0.017995 0.034410
0 0.652956 0.573319 0.018280 0.032822
0 0.214653 0.110111 0.019709 0.032822
0 0.170094 0.222869 0.018566 0.031763
0 0.307341 0.138433 0.017138 0.030175
0 0.100686 0.195871 0.017995 0.031763
0 0.466867 0.553467 0.020280 0.031233
0 0.537704 0.243515 0.020280 0.031763
0 0.862896 0.565114 0.019423 0.031233
0 0.946301 0.206988 0.018280 0.029645
0 0.420166 0.473002 0.015995 0.031233
0 0.771351 0.877978 0.018566 0.031233
0 0.261497 0.079936 0.017424 0.030704
0 0.354470 0.080731 0.017709 0.031233
0 0.538560 0.916358 0.018566 0.030704
0 0.794487 0.511911 0.016852 0.027528
0 0.795344 0.567231 0.016852 0.033351
0 0.170094 0.169666 0.019709 0.029116
0 0.421737 0.220487 0.017424 0.031233
0 0.583119 0.243515 0.019709 0.030704
0 0.748786 0.459767 0.017424 0.025940
0 0.492859 0.186342 0.016852 0.027528
0 0.515710 0.889624 0.017995 0.031233
0 0.537418 0.214664 0.016852 0.026998
0 0.970580 0.068025 0.018280 0.029116
0 0.513853 0.552409 0.017709 0.031233
0 0.701514 0.880625 0.019994 0.031233
0 0.701799 0.516411 0.017709 0.033351
0 0.769066 0.070408 0.018566 0.029645
0 0.285347 0.164902 0.017138 0.026998
0 0.819195 0.567761 0.018280 0.031233
0 0.423308 0.834304 0.017709 0.030704
0 0.191945 0.224193 0.017709 0.032292
0 0.307055 0.221810 0.016567 0.029645
0 0.331620 0.052938 0.016567 0.032822
0 0.139674 0.584436 0.019423 0.029645
0 0.605256 0.159873 0.015995 0.028587
0 0.467152 0.582848 0.019709 0.033880
0 0.606541 0.602435 0.019709 0.027528
0 0.093973 0.444680 0.016567 0.028587
0 0.900600 0.235310 0.018852 0.030175
0 0.185090 0.506617 0.018280 0.034939
0 0.816053 0.792747 0.017138 0.029116
0 0.215510 0.891477 0.019709 0.031763
0 0.886318 0.764955 0.017709 0.029645
0 0.924165 0.150609 0.016852 0.026998
0 0.301914 0.476443 0.018852 0.033880
0 0.746787 0.104023 0.018566 0.029116
0 0.419880 0.527528 0.017138 0.029116
0 0.354613 0.137904 0.017424 0.026998
0 0.627821 0.520381 0.017709 0.031763
0 0.582976 0.548703 0.017709 0.035469
0 0.632391 0.742986 0.018280 0.035469
0 0.095116 0.416623 0.018852 0.031763
0 0.885604 0.793012 0.017995 0.031763
0 0.653670 0.602700 0.020851 0.029116
0 0.239503 0.919005 0.017995 0.032822
0 0.170237 0.196400 0.019423 0.029645
0 0.701942 0.797777 0.020280 0.031763
0 0.538989 0.862096 0.017138 0.028057
0 0.862182 0.876919 0.019709 0.029116
0 0.306769 0.193224 0.016567 0.032822
0 0.400743 0.861832 0.015995 0.030704
0 0.146101 0.195606 0.016852 0.030175
0 0.749072 0.566437 0.017995 0.031763
0 0.492002 0.212546 0.017995 0.032292
0 0.444587 0.221016 0.016852 0.030175
0 0.421594 0.249868 0.020566 0.031763
0 0.422451 0.612229 0.018280 0.026998
0 0.582833 0.413976 0.019137 0.035998
0 0.609683 0.798835 0.019709 0.033880
0 0.831905 0.181048 0.016852 0.029645
0 0.260497 0.051350 0.017709 0.029645
0 0.583690 0.605082 0.020280 0.027528
0 0.563982 0.801482 0.020280 0.032822
0 0.723222 0.075966 0.017138 0.028057
0 0.604256 0.520116 0.017995 0.028057
0 0.700800 0.907623 0.017995 0.031233
0 0.231362 0.533351 0.017138 0.031233
0 0.164524 0.419799 0.018280 0.033880
0 0.819195 0.595553 0.021137 0.029645
0 0.654384 0.772366 0.019423 0.033880
0 0.171237 0.862626 0.016281 0.028057
0 0.233362 0.476443 0.019423 0.031763
0 0.746501 0.936474 0.023136 0.031763
0 0.877321 0.151138 0.016281 0.028057
0 0.261782 0.192430 0.016852 0.029116
0 0.841188 0.595289 0.021137 0.026998
0 0.838189 0.793806 0.017995 0.034410
0 0.723793 0.850185 0.018280 0.030704
0 0.633105 0.857332 0.019137 0.031233
0 0.673950 0.243780 0.020280 0.031233
0 0.839046 0.873478 0.017995 0.035998
0 0.701942 0.854156 0.019709 0.026998
0 0.969437 0.232133 0.019423 0.030175
0 0.123536 0.195077 0.017424 0.028057
0 0.818052 0.740074 0.017709 0.032822
0 0.170951 0.251191 0.020280 0.028057
0 0.538846 0.834833 0.017424 0.030704
0 0.445587 0.105611 0.016567 0.031233
0 0.560983 0.576760 0.018852 0.032292
0 0.863182 0.512440 0.017138 0.029645
0 0.352185 0.420064 0.017138 0.032292
0 0.748929 0.796983 0.018280 0.029116
0 0.071123 0.555320 0.019994 0.030704
0 0.031277 0.079936 0.015139 0.028587
0 0.278206 0.535204 0.016567 0.028587
0 0.353613 0.583642 0.019423 0.034410
0 0.746644 0.850979 0.017709 0.029116
0 0.254499 0.505823 0.017709 0.032292
0 0.419737 0.446003 0.015710 0.026998
0 0.354756 0.050821 0.017709 0.031763
0 0.921023 0.125199 0.022565 0.031233
0 0.725650 0.569084 0.018566 0.029645
0 0.186375 0.475648 0.018566 0.030175
0 0.970009 0.122022 0.016567 0.032292
0 0.675236 0.438857 0.017138 0.031763
0 0.078121 0.195871 0.016281 0.031763
0 0.094116 0.526998 0.017424 0.029116
0 0.839617 0.844627 0.017995 0.024881
0 0.330334 0.081260 0.016852 0.030175
0 0.772208 0.742986 0.018566 0.033351
0 0.444159 0.555056 0.016567 0.032292
0 0.560411 0.520116 0.017138 0.030175
0 0.700943 0.769455 0.017138 0.029116
0 0.794202 0.821599 0.017424 0.028587
0 0.332476 0.806776 0.017709 0.027528
0 0.861611 0.766278 0.017995 0.028057
0 0.606113 0.216781 0.017138 0.030175
0 0.283776 0.751191 0.017424 0.031763
0 0.886889 0.456061 0.018280 0.030175
0 0.026135 0.528587 0.017995 0.028057
0 0.564267 0.856803 0.017995 0.031233
0 0.494287 0.747221 0.017424 0.032292
0 0.605256 0.100582 0.016567 0.032822
0 0.930877 0.875066 0.019423 0.031763
0 0.978863 0.539704 0.018280 0.031233
0 0.628963 0.187930 0.018852 0.029645
0 0.770780 0.540233 0.016281 0.030175
0 0.862753 0.592112 0.022565 0.030175
0 0.864182 0.457650 0.019709 0.029116
0 0.307769 0.082054 0.017424 0.030704
0 0.352042 0.528322 0.016281 0.026469
0 0.093830 0.473266 0.016281 0.029645
0 0.514996 0.777660 0.017709 0.031763
0 0.515281 0.835363 0.017138 0.031763
0 0.053128 0.109846 0.017138 0.025940
0 0.699229 0.134463 0.017138 0.031763
0 0.817766 0.908152 0.018852 0.032292
0 0.078692 0.167549 0.016281 0.030175
0 0.049414 0.555320 0.018280 0.029645
0 0.400457 0.749868 0.017138 0.034410
0 0.922736 0.232927 0.021422 0.030704
0 0.401171 0.915828 0.017995 0.030704
0 0.538132 0.159873 0.017709 0.032822
0 0.122822 0.141345 0.016567 0.027528
0 0.445159 0.249603 0.019137 0.030175
0 0.584262 0.186077 0.015139 0.030175
0 0.025707 0.473266 0.017138 0.030704
0 0.238932 0.166226 0.016281 0.029645
0 0.213510 0.080731 0.018566 0.026998
0 0.817052 0.767602 0.015139 0.027528
0 0.307198 0.863684 0.016852 0.025940
0 0.650957 0.545527 0.018280 0.030175
0 0.840760 0.568290 0.017995 0.032292
0 0.353613 0.109846 0.017138 0.031233
0 0.215081 0.809423 0.018852 0.032822
0 0.538846 0.100318 0.016281 0.032292
0 0.515567 0.242192 0.020566 0.030175
0 0.469294 0.186077 0.017709 0.031233
0 0.747786 0.823452 0.018280 0.029116
0 0.970294 0.203017 0.017709 0.030175
0 0.306341 0.750662 0.018566 0.031763
0 0.677521 0.768925 0.016567 0.029116
0 0.239789 0.194283 0.016281 0.029645
0 0.332191 0.109846 0.017709 0.030175
0 0.117823 0.555585 0.016281 0.031233
0 0.605113 0.131551 0.016281 0.031233
0 0.057555 0.248015 0.020851 0.032292
0 0.238360 0.107200 0.016281 0.034410
0 0.745501 0.159608 0.018280 0.032292
0 0.748500 0.771572 0.017424 0.026998
0 0.814196 0.158285 0.016281 0.031763
0 0.307341 0.780307 0.018280 0.030704
0 0.628392 0.215458 0.017709 0.030704
0 0.675378 0.188195 0.017995 0.030175
0 0.254927 0.476707 0.017995 0.030175
0 0.833048 0.067761 0.016281 0.033880
0 0.794630 0.880095 0.017138 0.032292
0 0.651671 0.462414 0.017424 0.025940
0 0.031277 0.106670 0.018566 0.030175
0 0.909883 0.903653 0.016852 0.027528
0 0.100543 0.168078 0.017709 0.026998
0 0.139960 0.504235 0.018280 0.029116
0 0.969866 0.094230 0.018566 0.028587
0 0.582833 0.440709 0.017424 0.025940
0 0.214653 0.140815 0.017995 0.031763
0 0.561697 0.243515 0.020280 0.030704
0 0.396173 0.444680 0.017138 0.029645
0 0.469437 0.099524 0.017995 0.034939
0 0.192088 0.082848 0.016281 0.030175
0 0.723508 0.936739 0.020566 0.029116
0 0.139674 0.557702 0.019423 0.029116
0 0.307484 0.050291 0.018566 0.035998
0 0.515567 0.805717 0.017138 0.031763
0 0.123679 0.168343 0.017709 0.029645
0 0.491431 0.072790 0.016852 0.028057
0 0.260925 0.108523 0.016852 0.030704
0 0.352471 0.476972 0.017709 0.029645
0 0.969437 0.149815 0.017709 0.031763
0 0.675236 0.161726 0.016567 0.028057
0 0.277921 0.507941 0.018280 0.029116
0 0.723222 0.104553 0.018280 0.031233
0 0.147244 0.250926 0.020851 0.029645
0 0.932448 0.538115 0.019137 0.031233
0 0.839474 0.906300 0.018280 0.031763
0 0.609397 0.856273 0.016852 0.030175
0 0.724507 0.486501 0.016281 0.028587
0 0.351471 0.501853 0.017995 0.027528
0 0.139674 0.474854 0.018852 0.033880
0 0.813767 0.129434 0.016567 0.029116
0 0.724079 0.879037 0.020566 0.033351
0 0.909454 0.564849 0.015995 0.028587
0 0.025421 0.502118 0.017709 0.029116
0 0.168952 0.113552 0.017424 0.030175
0 0.419452 0.554791 0.016852 0.029645
0 0.793630 0.485707 0.017995 0.026998
0 0.862325 0.429592 0.015424 0.029116
0 0.931305 0.904447 0.019709 0.032292
0 0.306912 0.249338 0.019709 0.028587
0 0.400600 0.834304 0.017995 0.028587
0 0.955441 0.879831 0.019994 0.030704
0 0.279349 0.475648 0.021708 0.034410
0 0.162239 0.504764 0.017138 0.025940
0 0.536561 0.749338 0.019709 0.033351
0 0.080263 0.253838 0.019423 0.029116
0 0.099829 0.086554 0.016852 0.024881
0 0.675236 0.408947 0.017709 0.032292
0 0.626964 0.411593 0.018852 0.033351
0 0.632819 0.800688 0.018566 0.031233
0 0.700943 0.740339 0.019423 0.031233
0 0.771208 0.567761 0.018280 0.029116
0 0.162382 0.586554 0.017995 0.033880
0 0.285061 0.052409 0.017709 0.029645
0 0.512568 0.498147 0.018566 0.029645
0 0.886889 0.483589 0.017709 0.026998
0 0.795201 0.743515 0.019423 0.036527
0 0.674236 0.215987 0.018566 0.029645
0 0.048986 0.472737 0.017995 0.030704
0 0.515995 0.862361 0.016852 0.027528
0 0.187661 0.419005 0.019423 0.035469
0 0.493145 0.241133 0.018566 0.029116
0 0.255356 0.422710 0.017138 0.030175
0 0.400885 0.889359 0.016281 0.029645
0 0.254356 0.535204 0.019137 0.030704
0 0.908883 0.879301 0.015995 0.027528
0 0.399457 0.780307 0.017995 0.030704
0 0.678949 0.740339 0.020566 0.033351
0 0.726935 0.596877 0.021137 0.029116
0 0.651957 0.488354 0.016852 0.028057
0 0.493288 0.159873 0.017138 0.031763
0 0.793916 0.908417 0.018566 0.032822
0 0.261068 0.138433 0.017138 0.029116
0 0.723508 0.132610 0.016567 0.025940
0 0.606684 0.244574 0.019423 0.029645
0 0.908740 0.538909 0.016852 0.029645
0 0.139674 0.529381 0.018280 0.027528
0 0.946587 0.123875 0.016567 0.035998
0 0.931448 0.848332 0.017709 0.029116
0 0.701657 0.569878 0.017424 0.030175
0 0.819623 0.539968 0.017995 0.027528
0 0.677092 0.104288 0.017995 0.030704
0 0.584119 0.213340 0.015424 0.031763
0 0.606969 0.046056 0.017709 0.034939
0 0.423308 0.862626 0.017138 0.031233
0 0.331048 0.781630 0.018852 0.028057
0 0.397601 0.191106 0.015424 0.031763
0 0.513996 0.580995 0.016281 0.031233
0 0.841331 0.538115 0.018566 0.031233
0 0.632105 0.936739 0.021137 0.031233
0 0.563125 0.742192 0.018566 0.032822
0 0.585690 0.099524 0.016852 0.032822
0 0.957298 0.593965 0.021422 0.032822
0 0.723079 0.908682 0.017995 0.033351
0 0.374750 0.500794 0.015995 0.027528
0 0.423308 0.890154 0.017138 0.029116
0 0.932162 0.790895 0.020280 0.034939
0 0.139103 0.611170 0.021708 0.031233
0 0.331762 0.865537 0.018566 0.031763
0 0.193088 0.806511 0.015424 0.030175
0 0.216510 0.249868 0.019423 0.028587
0 0.491003 0.098729 0.017138 0.030175
0 0.887175 0.592642 0.019994 0.028057
0 0.900743 0.095289 0.019137 0.030704
0 0.231791 0.587877 0.020280 0.029116
0 0.489289 0.444944 0.018280 0.031233
0 0.840474 0.934621 0.020280 0.029116
0 0.586261 0.937533 0.019709 0.028587
0 0.909169 0.457650 0.017138 0.032292
0 0.397029 0.498677 0.017709 0.029645
0 0.749357 0.484913 0.017424 0.029645
0 0.792202 0.212282 0.017424 0.029645
0 0.491859 0.130492 0.015995 0.033351
0 0.770209 0.435416 0.016281 0.025940
0 0.535704 0.469561 0.019137 0.028587
0 0.214367 0.053997 0.017995 0.028587
0 0.377464 0.862626 0.016281 0.028057
0 0.632248 0.829275 0.017424 0.030175
0 0.277207 0.591583 0.018566 0.031233
0 0.214510 0.862890 0.017138 0.029645
0 0.536418 0.527792 0.017138 0.029645
0 0.535847 0.496559 0.017709 0.033880
0 0.748500 0.434621 0.016852 0.028587
0 0.538275 0.188724 0.015710 0.029116
0 0.185804 0.448650 0.016852 0.026998
0 0.538989 0.805982 0.017709 0.031233
0 0.886033 0.565908 0.016567 0.029645
0 0.970009 0.176284 0.019423 0.028587
0 0.677806 0.881683 0.017138 0.030175
0 0.398172 0.248280 0.019423 0.031763
0 0.514424 0.131816 0.016567 0.029645
0 0.489432 0.414770 0.019709 0.035469
0 0.277635 0.561673 0.017709 0.029645
0 0.332191 0.221546 0.017138 0.029116
0 0.749500 0.596877 0.018852 0.030175
0 0.078549 0.224987 0.017138 0.031763
0 0.608112 0.908682 0.016567 0.029116
0 0.584690 0.130757 0.017709 0.029645
0 0.353899 0.191371 0.017138 0.032292
0 0.048986 0.444680 0.017424 0.027528
0 0.191945 0.168608 0.014853 0.025940
0 0.653242 0.074643 0.016567 0.030704
0 0.932019 0.565379 0.017709 0.027528
0 0.628249 0.102170 0.017424 0.032822
0 0.628249 0.131551 0.016852 0.030175
0 0.628820 0.466649 0.017995 0.025940
0 0.464867 0.469561 0.019137 0.027528
0 0.469009 0.213340 0.017709 0.027528
0 0.537846 0.777925 0.018280 0.030175
0 0.792631 0.186342 0.017709 0.029645
0 0.374893 0.527528 0.016852 0.031233
0 0.355041 0.218634 0.015995 0.028587
0 0.582976 0.518793 0.017709 0.028587
0 0.123965 0.249338 0.019994 0.028587
0 0.513568 0.608788 0.019423 0.028587
0 0.652813 0.158814 0.017995 0.033880
0 0.747929 0.742721 0.016852 0.032822
0 0.539417 0.944680 0.022565 0.029116
0 0.191660 0.110376 0.016567 0.029116
0 0.771494 0.513499 0.015995 0.029645
0 0.078692 0.139756 0.016281 0.030704
0 0.396458 0.162785 0.017709 0.026998
0 0.652528 0.103494 0.017995 0.029116
0 0.396744 0.135521 0.017709 0.031763
0 0.563553 0.938592 0.022851 0.029645
0 0.954870 0.510323 0.017138 0.029645
0 0.281205 0.192695 0.020851 0.033880
0 0.537846 0.129963 0.017138 0.030175
0 0.378463 0.892006 0.017138 0.032822
0 0.285775 0.139492 0.016852 0.026998
0 0.931163 0.821599 0.019423 0.028587
0 0.655527 0.799365 0.019423 0.029645
0 0.419880 0.500529 0.017138 0.029116
0 0.978720 0.511646 0.018566 0.032292
0 0.214367 0.779248 0.017424 0.028587
0 0.374036 0.474325 0.016852 0.030704
0 0.514567 0.749338 0.016281 0.030175
0 0.792631 0.158020 0.016567 0.030175
0 0.071123 0.611699 0.021708 0.030175
0 0.444587 0.048703 0.017995 0.034939
0 0.513853 0.524616 0.017709 0.029645
0 0.559554 0.493118 0.017709 0.025940
0 0.538418 0.071731 0.017138 0.029116
0 0.933590 0.482530 0.017995 0.028057
0 0.443016 0.497353 0.018852 0.029116
0 0.976150 0.482530 0.018566 0.032292
0 0.656812 0.858126 0.019709 0.028587
0 0.627678 0.440709 0.017424 0.031233
0 0.254784 0.449179 0.016567 0.026998
0 0.563268 0.047115 0.017138 0.033880
0 0.072979 0.528057 0.019709 0.033351
0 0.514567 0.101641 0.016281 0.035998
0 0.469580 0.774484 0.018280 0.027528
0 0.608826 0.739280 0.017424 0.026998
0 0.861897 0.824510 0.017995 0.029116
0 0.215224 0.223663 0.017424 0.029116
0 0.899600 0.177343 0.017995 0.029645
0 0.538560 0.889624 0.019137 0.030175
0 0.047986 0.583377 0.019423 0.031763
0 0.746073 0.130492 0.016567 0.029116
0 0.744502 0.243515 0.019137 0.029645
0 0.586404 0.771572 0.016567 0.029116
0 0.355041 0.163843 0.017138 0.026998
0 0.376178 0.807570 0.017138 0.032292
0 0.923022 0.177872 0.019137 0.030704
0 0.300628 0.534939 0.019137 0.030175
0 0.420594 0.134463 0.017424 0.033880
0 0.378892 0.249868 0.018566 0.028587
0 0.722079 0.189518 0.017138 0.031763
0 0.208655 0.531498 0.016852 0.028587
0 0.079406 0.114082 0.016567 0.021705
0 0.169951 0.917417 0.017138 0.029645
0 0.652385 0.406829 0.019423 0.032292
0 0.191945 0.836951 0.017138 0.031763
0 0.723650 0.047644 0.016852 0.031763
0 0.582548 0.466120 0.016281 0.028057
0 0.447301 0.749338 0.017138 0.033351
0 0.886461 0.400741 0.018566 0.031763
0 0.239503 0.863684 0.016281 0.028057
0 0.651528 0.436739 0.015424 0.030704
0 0.377749 0.835098 0.016281 0.025940
0 0.191660 0.196136 0.017138 0.033351
0 0.908169 0.511382 0.019137 0.029645
0 0.377321 0.221281 0.017138 0.032822
0 0.861183 0.794865 0.017138 0.032292
0 0.585547 0.799629 0.017709 0.030175
0 0.300771 0.564584 0.017709 0.032292
0 0.421165 0.102700 0.013425 0.028587
0 0.079120 0.085760 0.014282 0.027528
0 0.162811 0.613023 0.017709 0.027528
0 0.307626 0.165167 0.017709 0.027528
0 0.163239 0.476178 0.016852 0.030175
0 0.231791 0.505294 0.016281 0.026998
0 0.239646 0.138962 0.017138 0.031233
0 0.831762 0.236368 0.018852 0.033351
0 0.117252 0.528322 0.016852 0.029645
0 0.169237 0.141345 0.016852 0.029645
0 0.610111 0.830069 0.019994 0.030704
0 0.283348 0.222605 0.016567 0.030175
0 0.447015 0.889095 0.018852 0.028057
0 0.909740 0.397830 0.016567 0.031233
0 0.419880 0.583907 0.017709 0.033880
0 0.094973 0.500000 0.017424 0.030175
0 0.122679 0.222075 0.016852 0.030175
0 0.422308 0.163049 0.017424 0.031763
0 0.699514 0.105082 0.017709 0.031233
0 0.515710 0.918740 0.016852 0.031233
0 0.815767 0.187136 0.015424 0.029116
0 0.048700 0.529381 0.018566 0.029645
0 0.116252 0.502118 0.018280 0.029116
0 0.770351 0.100053 0.017709 0.030704
0 0.469437 0.129169 0.015710 0.028587
0 0.831477 0.207253 0.016567 0.026998
0 0.977721 0.452620 0.015995 0.029645
0 0.101114 0.142403 0.017138 0.027528
0 0.862325 0.903917 0.017709 0.030175
0 0.032419 0.134992 0.017424 0.027528
0 0.862325 0.401006 0.017709 0.033351
0 0.604827 0.575966 0.016852 0.028587
0 0.072265 0.498677 0.018852 0.027528
0 0.747786 0.514029 0.017709 0.030704
0 0.699514 0.162255 0.017138 0.029116
0 0.330905 0.753044 0.016852 0.033351
0 0.559697 0.467178 0.018566 0.030175
0 0.876607 0.204341 0.015424 0.029645
0 0.855898 0.233457 0.020851 0.028587
0 0.397315 0.526734 0.017138 0.030704
0 0.209369 0.474590 0.018280 0.036527
0 0.354470 0.611964 0.019423 0.027528
0 0.886318 0.428004 0.015424 0.028057
0 0.467438 0.611964 0.019137 0.028587
0 0.907169 0.793542 0.018280 0.029645
0 0.795487 0.596083 0.019423 0.028587
0 0.819052 0.512970 0.016852 0.029645
0 0.909454 0.592112 0.019423 0.029116
0 0.699514 0.189783 0.017138 0.031233
0 0.399600 0.806511 0.017709 0.028057
0 0.720651 0.244309 0.020566 0.030175
0 0.444016 0.611170 0.019709 0.028057
0 0.102399 0.250926 0.019137 0.029645
0 0.561268 0.129963 0.017709 0.029116
0 0.514567 0.186342 0.016281 0.030704
0 0.073122 0.416623 0.018852 0.032822
0 0.263211 0.809158 0.017424 0.029116
0 0.423165 0.915299 0.016281 0.027528
0 0.859326 0.162520 0.013996 0.024352
0 0.770066 0.043674 0.016567 0.026998
0 0.970294 0.039704 0.018852 0.031763
0 0.471008 0.835627 0.017138 0.031233
0 0.186090 0.612493 0.019137 0.029645
0 0.560840 0.185283 0.016281 0.030704
0 0.139960 0.415564 0.018852 0.032822
0 0.191374 0.778190 0.017138 0.029645
0 0.169237 0.083113 0.015139 0.029645
0 0.146530 0.140551 0.018280 0.026998
0 0.171380 0.835627 0.015424 0.026998
0 0.332191 0.139227 0.016567 0.029645
0 0.512282 0.414240 0.017424 0.030175
0 0.955013 0.794600 0.016852 0.031763
0 0.770780 0.850185 0.017424 0.028587
0 0.877464 0.124934 0.014853 0.031763
0 0.443016 0.444415 0.016567 0.029116
0 0.947444 0.232398 0.019423 0.028587
0 0.953870 0.483060 0.018566 0.032292
0 0.654242 0.907623 0.018566 0.030175
0 0.794630 0.851773 0.017709 0.030704
0 0.536133 0.414505 0.016567 0.033880
0 0.877178 0.176813 0.015995 0.026469
0 0.677949 0.907358 0.017424 0.028587
0 0.792916 0.129434 0.016567 0.029116
0 0.908883 0.485177 0.017709 0.025940
0 0.445016 0.163843 0.016567 0.032292
0 0.560983 0.213076 0.017138 0.031233
0 0.162953 0.556644 0.016852 0.029116
0 0.769780 0.407888 0.015995 0.032292
0 0.725221 0.824246 0.018280 0.028587
0 0.832476 0.153256 0.016281 0.029116
0 0.654956 0.742456 0.018280 0.031233
0 0.512996 0.441768 0.017138 0.028057
0 0.396458 0.470355 0.016567 0.026998
0 0.240074 0.222075 0.015710 0.029116
0 0.070980 0.582319 0.016281 0.028587
0 0.094116 0.611170 0.019137 0.028057
0 0.923736 0.095024 0.018280 0.029116
0 0.538989 0.044733 0.017709 0.029116
0 0.331620 0.891477 0.018852 0.027528
0 0.746787 0.878507 0.016852 0.031233
0 0.331191 0.918211 0.017424 0.030175
0 0.231220 0.616728 0.022565 0.031763
0 0.536133 0.606935 0.021137 0.030175
0 0.263496 0.778984 0.015710 0.031233
0 0.536133 0.443356 0.017138 0.029116
0 0.560983 0.158285 0.016567 0.027528
0 0.722793 0.159608 0.016281 0.029116
0 0.263782 0.890418 0.016852 0.028587
0 0.308340 0.109052 0.016281 0.028587
0 0.025564 0.584966 0.017995 0.032822
0 0.932734 0.454209 0.017424 0.033880
0 0.161954 0.531233 0.017138 0.030175
0 0.514424 0.158549 0.016567 0.026998
0 0.700086 0.408152 0.017138 0.031763
0 0.354042 0.750662 0.019137 0.034939
0 0.208083 0.588671 0.016852 0.028587
0 0.101542 0.223399 0.017424 0.028587
0 0.676949 0.046585 0.015995 0.034939
0 0.491859 0.045527 0.017138 0.029645
0 0.747644 0.539704 0.017995 0.026998
0 0.238218 0.052673 0.018280 0.034410
0 0.586118 0.856273 0.019423 0.031233
0 0.954442 0.823452 0.018566 0.031233
0 0.378035 0.920328 0.017995 0.028057
0 0.604256 0.493912 0.018566 0.030704
0 0.400029 0.613552 0.020851 0.029645
0 0.263496 0.917152 0.018566 0.028057
0 0.946587 0.092377 0.017709 0.028057
0 0.239360 0.836686 0.017138 0.029116
0 0.494287 0.805453 0.018566 0.032292
0 0.627821 0.492059 0.018280 0.029116
0 0.332619 0.167814 0.016852 0.032822
0 0.955441 0.564849 0.018280 0.030704
0 0.584404 0.159079 0.015995 0.029116
0 0.792631 0.098994 0.017138 0.030704
0 0.192231 0.140021 0.015995 0.034410
0 0.862325 0.849656 0.018280 0.027528
0 0.117823 0.581525 0.017995 0.028057
0 0.652242 0.131286 0.015710 0.027528
0 0.747215 0.406035 0.017709 0.029645
0 0.185090 0.533351 0.017709 0.028057
0 0.906455 0.824510 0.019709 0.035469
0 0.080120 0.060085 0.016281 0.031233
0 0.353328 0.836686 0.017138 0.028057
0 0.305341 0.423240 0.021137 0.036527
0 0.469723 0.156167 0.016281 0.030704
0 0.655670 0.829539 0.018566 0.031763
0 0.253927 0.618317 0.018280 0.030704
0 0.048986 0.501853 0.017424 0.030704
0 0.398029 0.103759 0.017995 0.032822
0 0.793345 0.793012 0.018566 0.033880
0 0.208512 0.560349 0.016567 0.031233
0 0.899600 0.205929 0.017995 0.030704
0 0.208512 0.505029 0.017138 0.026469
0 0.833048 0.035733 0.017424 0.034410
0 0.654670 0.883007 0.016567 0.026469
0 0.564125 0.910535 0.016567 0.031763
0 0.945873 0.151138 0.017424 0.026998
0 0.561839 0.772102 0.018280 0.031233
0 0.239075 0.890683 0.017138 0.029116
0 0.886461 0.510058 0.016852 0.029116
0 0.447158 0.778190 0.019137 0.028587
0 0.208655 0.614876 0.017995 0.028057
0 0.564267 0.883272 0.017424 0.029116
0 0.953870 0.537586 0.018566 0.029116
0 0.699372 0.048968 0.017424 0.038645
0 0.261068 0.166226 0.015995 0.028587
0 0.563839 0.829275 0.017709 0.026998
0 0.631105 0.907358 0.018566 0.029645
0 0.818909 0.934886 0.017709 0.027528
0 0.652242 0.517470 0.016852 0.031233
0 0.261925 0.221810 0.017709 0.029645
0 0.701657 0.542615 0.017424 0.025410
0 0.192088 0.053467 0.016852 0.030704
0 0.117538 0.609582 0.018566 0.029116
0 0.330905 0.836157 0.016852 0.031233
0 0.419737 0.418740 0.016281 0.033880
0 0.769494 0.795659 0.016567 0.028587
0 0.514282 0.047115 0.017995 0.035998
0 0.445159 0.135786 0.016281 0.028057
0 0.048986 0.611170 0.018566 0.028057
0 0.423736 0.944944 0.020280 0.031763
0 0.877606 0.095818 0.016281 0.030704
0 0.585975 0.829804 0.017995 0.031233
0 0.652671 0.218370 0.014853 0.026998
0 0.609112 0.882742 0.015710 0.029116
0 0.353185 0.891212 0.017424 0.030175
0 0.932448 0.510323 0.018566 0.031763
0 0.698943 0.215987 0.018280 0.027528
0 0.400885 0.944415 0.019709 0.029645
0 0.032705 0.222605 0.020851 0.033351
0 0.279634 0.422710 0.018852 0.034410
0 0.353899 0.945738 0.019423 0.026998
0 0.307341 0.811276 0.016567 0.030175
0 0.932448 0.593436 0.020280 0.030704
0 0.170380 0.889095 0.016281 0.028057
0 0.216224 0.919005 0.018280 0.027528
0 0.285490 0.110111 0.016852 0.031763
0 0.676093 0.462943 0.019423 0.024881
0 0.215224 0.836951 0.016281 0.026469
0 0.354756 0.248280 0.017709 0.029645
0 0.770780 0.459502 0.016281 0.026469
0 0.562554 0.099524 0.016852 0.032822
0 0.375464 0.556379 0.015710 0.031763
0 0.514567 0.213340 0.015710 0.030704
0 0.632962 0.883272 0.018280 0.028057
0 0.677664 0.827687 0.017995 0.030175
0 0.652813 0.190577 0.017424 0.035998
0 0.721794 0.214664 0.016567 0.028057
0 0.700229 0.487030 0.018566 0.031763
0 0.116824 0.472737 0.016567 0.033880
0 0.923165 0.205135 0.016567 0.024881
0 0.512996 0.469296 0.018280 0.029116
0 0.465581 0.495765 0.017138 0.029116
0 0.025564 0.556114 0.016852 0.030175
0 0.442159 0.415828 0.017709 0.031233
0 0.585690 0.883272 0.018566 0.029116
0 0.560554 0.547380 0.017995 0.031763
0 0.585119 0.044997 0.017424 0.032822
0 0.978149 0.425887 0.015710 0.026998
0 0.772922 0.595553 0.019994 0.029645
0 0.954870 0.907094 0.016567 0.031233
0 0.233076 0.422181 0.017709 0.035469
0 0.678092 0.134463 0.019994 0.028587
0 0.954727 0.454473 0.016281 0.029116
0 0.421165 0.190842 0.017424 0.029116
0 0.192231 0.251191 0.019423 0.028057
0 0.373465 0.447327 0.017424 0.028587
0 0.605256 0.188195 0.015424 0.031233
0 0.352899 0.863155 0.015710 0.030175
0 0.678235 0.934886 0.019709 0.030704
0 0.931591 0.932239 0.019709 0.029645
0 0.263496 0.749868 0.015139 0.028057
0 0.815338 0.213870 0.014567 0.029645
0 0.331048 0.946003 0.020566 0.027528
0 0.792059 0.240339 0.019994 0.028587
0 0.911025 0.930122 0.019137 0.029645
0 0.375750 0.165696 0.013425 0.030704
0 0.375607 0.137110 0.013710 0.031763
0 0.239075 0.808629 0.017709 0.029116
0 0.116967 0.444415 0.016852 0.029116
0 0.048558 0.416887 0.018852 0.031233
0 0.724650 0.741927 0.017709 0.035469
0 0.585404 0.910270 0.017995 0.031233
0 0.654670 0.935945 0.021137 0.031763
0 0.058269 0.172313 0.013139 0.023822
0 0.185090 0.559555 0.019423 0.030704
0 0.307341 0.838539 0.016567 0.026469
0 0.769637 0.240603 0.019137 0.029116
0 0.169380 0.053997 0.015424 0.031763
0 0.307198 0.889359 0.017424 0.027528
0 0.240217 0.249868 0.017138 0.026469
0 0.169951 0.778454 0.015424 0.026998
0 0.469580 0.864479 0.020566 0.030704
0 0.703799 0.598729 0.019423 0.028587
0 0.331620 0.249338 0.019423 0.029645
0 0.817909 0.849391 0.016852 0.032292
0 0.214796 0.166226 0.015995 0.029645
0 0.561268 0.604288 0.018852 0.026998
0 0.301342 0.506353 0.017709 0.029116
0 0.286061 0.939915 0.019137 0.031233
0 0.702371 0.826628 0.018280 0.030175
0 0.724650 0.797247 0.019994 0.029645
0 0.170094 0.805982 0.015139 0.031233
0 0.864610 0.931710 0.020566 0.029645
0 0.146530 0.222340 0.018280 0.029645
0 0.956727 0.851509 0.017995 0.032292
0 0.117823 0.415828 0.016852 0.029116
0 0.353185 0.919269 0.017995 0.026998
0 0.299486 0.592112 0.017995 0.026998
0 0.283205 0.779513 0.016281 0.029116
0 0.977149 0.903123 0.018852 0.031763
0 0.378749 0.946003 0.018852 0.027528
0 0.630963 0.044997 0.017709 0.034939
0 0.470009 0.804659 0.017424 0.035998
0 0.032848 0.160667 0.018280 0.025940
0 0.953728 0.399153 0.015995 0.029645
0 0.858183 0.142139 0.016852 0.021705
0 0.253499 0.562732 0.017995 0.028587
0 0.191231 0.864214 0.016852 0.025940
0 0.276635 0.618052 0.017995 0.026998
0 0.817195 0.820275 0.014853 0.030175
0 0.772208 0.934357 0.016852 0.026469
0 0.585833 0.743780 0.017709 0.031763
0 0.605113 0.465326 0.019137 0.028587
0 0.377178 0.751720 0.015710 0.037057
0 0.376321 0.584172 0.018566 0.029116
0 0.495001 0.944680 0.021137 0.030175
0 0.725221 0.408947 0.019994 0.035469
0 0.263068 0.861567 0.015995 0.030175
0 0.352756 0.553997 0.017138 0.029116
0 0.329049 0.474854 0.017709 0.032822
0 0.397029 0.556379 0.017138 0.031763
0 0.793488 0.408947 0.019423 0.036527
0 0.516138 0.946268 0.018852 0.026998
0 0.261068 0.250926 0.019423 0.029645
0 0.886461 0.537586 0.016852 0.031233
0 0.817195 0.484648 0.016567 0.029116
0 0.283062 0.250662 0.021137 0.030175
0 0.027135 0.413182 0.017709 0.034410
0 0.909454 0.768396 0.015424 0.026998
0 0.072265 0.470884 0.018280 0.030175
0 0.725079 0.771572 0.021422 0.028057
0 0.213939 0.751720 0.019423 0.029645
0 0.678092 0.854156 0.017138 0.028057
0 0.839189 0.821599 0.017709 0.025410
0 0.629677 0.602170 0.019709 0.026998
0 0.862753 0.737692 0.019709 0.033351
0 0.925021 0.041027 0.016281 0.031233
0 0.146672 0.111699 0.017995 0.032822
0 0.192088 0.891212 0.016852 0.031233
0 0.216795 0.946268 0.018280 0.028057
0 0.030706 0.054262 0.015710 0.025940
0 0.559983 0.413976 0.017995 0.033880
0 0.898886 0.151668 0.020566 0.026998
0 0.859754 0.185283 0.013710 0.024352
0 0.032134 0.187930 0.020280 0.031763
0 0.772779 0.174696 0.015139 0.028587
0 0.497429 0.830334 0.012853 0.022763
0 0.050557 0.061143 0.020566 0.039704
0 0.443302 0.470090 0.021708 0.029645
0 0.701799 0.935151 0.020566 0.029116
0 0.535990 0.577025 0.019137 0.031763
0 0.094687 0.556644 0.020280 0.035469
0 0.863610 0.483589 0.016852 0.028057
0 0.353328 0.807305 0.016567 0.032822
0 0.724793 0.460296 0.017995 0.026998
0 0.395887 0.417946 0.015995 0.028057
0 0.148672 0.918211 0.016852 0.031233
0 0.375464 0.611699 0.016852 0.028057
0 0.907169 0.853097 0.019994 0.029116
0 0.838618 0.742456 0.017709 0.035469
0 0.263211 0.835363 0.016281 0.027528
0 0.888889 0.736104 0.017138 0.031233
0 0.817052 0.456591 0.015710 0.028057
0 0.237218 0.751456 0.016852 0.032292
0 0.238932 0.780307 0.017995 0.028587
0 0.842331 0.511117 0.018280 0.031233
0 0.794630 0.459767 0.016567 0.029116
0 0.283205 0.807835 0.017424 0.030704
0 0.099829 0.056379 0.017424 0.037586
0 0.888460 0.932239 0.017424 0.026469
0 0.192374 0.918475 0.015710 0.029645
0 0.034133 0.250397 0.019709 0.026469
0 0.813625 0.100847 0.016281 0.030175
0 0.470437 0.748015 0.016567 0.027528
0 0.498143 0.878772 0.013710 0.025410
0 0.209797 0.419799 0.018566 0.034939
0 0.147244 0.891477 0.017995 0.031763
0 0.147244 0.947327 0.019137 0.029116
0 0.253927 0.589201 0.017709 0.029645
0 0.491859 0.609052 0.022279 0.031233
0 0.398315 0.049232 0.018566 0.034939
0 0.264781 0.945738 0.017709 0.031233
0 0.629106 0.578084 0.019137 0.028587
0 0.839332 0.457120 0.016281 0.026998
0 0.193231 0.946268 0.017424 0.029116
0 0.977721 0.825569 0.019423 0.026998
0 0.772494 0.151138 0.014567 0.024881
0 0.299486 0.619375 0.018566 0.027528
0 0.859326 0.121493 0.017424 0.026998
0 0.498286 0.854420 0.012853 0.025410
0 0.978292 0.399418 0.017138 0.029116
0 0.627249 0.550291 0.019423 0.032292
0 0.680663 0.532557 0.014282 0.024352
0 0.535847 0.555056 0.018280 0.029116
0 0.329192 0.420593 0.020280 0.035469
0 0.978006 0.564849 0.018852 0.029645
0 0.424736 0.748280 0.016567 0.032292
0 0.945016 0.041556 0.019137 0.033351
0 0.815053 0.240074 0.016281 0.028057
0 0.816624 0.429592 0.015424 0.029116
0 0.490003 0.471413 0.017995 0.025940
0 0.977578 0.875596 0.017424 0.029645
0 0.932876 0.401271 0.015424 0.034939
0 0.978863 0.592377 0.021708 0.029645
0 0.792345 0.045527 0.017138 0.032822
0 0.901314 0.041556 0.017424 0.034410
0 0.771351 0.128110 0.016852 0.028587
0 0.146672 0.081789 0.015139 0.025940
0 0.817766 0.878507 0.016567 0.035469
0 0.977578 0.849921 0.019709 0.028057
0 0.169523 0.751456 0.015139 0.029116
0 0.027135 0.612758 0.019423 0.026998
0 0.954156 0.934357 0.021422 0.029645
0 0.492859 0.915299 0.017424 0.033880
0 0.908883 0.738486 0.015424 0.034939
0 0.170951 0.946533 0.018566 0.028587
0 0.857184 0.096612 0.018852 0.030175
0 0.376035 0.192695 0.013996 0.028587
0 0.681091 0.579142 0.017995 0.023293
0 0.123536 0.112758 0.016281 0.029645
0 0.832905 0.094759 0.016567 0.025410
0 0.058840 0.215193 0.014853 0.022763
0 0.058126 0.152726 0.012853 0.021705
0 0.700800 0.437268 0.016852 0.031763
0 0.605398 0.412388 0.016852 0.032822
0 0.288917 0.908417 0.015139 0.026469
0 0.146815 0.807041 0.015424 0.030175
0 0.058269 0.193489 0.014282 0.022763
0 0.239217 0.946533 0.017424 0.026469
0 0.191374 0.750662 0.017138 0.028587
0 0.329620 0.610905 0.015424 0.023293
0 0.493716 0.540762 0.015139 0.022763
0 0.794916 0.935680 0.019994 0.029116
0 0.814767 0.042086 0.015139 0.031233
0 0.838189 0.403388 0.017424 0.032822
0 0.979577 0.795394 0.019137 0.034410
0 0.185947 0.585230 0.021708 0.030175
0 0.307484 0.917681 0.016852 0.031233
0 0.496287 0.580731 0.016281 0.024352
0 0.289060 0.885389 0.013710 0.023822
0 0.399172 0.586554 0.017995 0.028587
0 0.701371 0.462149 0.015710 0.022234
0 0.469723 0.947591 0.020851 0.038115
0 0.375750 0.106935 0.013425 0.029645
0 0.466010 0.416887 0.017995 0.036527
0 0.422736 0.805188 0.018852 0.032822
0 0.123250 0.052938 0.015139 0.033880
0 0.832334 0.124140 0.016567 0.031233
0 0.774493 0.206988 0.015710 0.034939
0 0.466867 0.446533 0.019709 0.026998
0 0.954442 0.767337 0.015139 0.028057
0 0.492716 0.492853 0.018852 0.026469
0 0.680948 0.555850 0.013710 0.029645
0 0.147101 0.780042 0.017138 0.028057
0 0.840331 0.481207 0.015995 0.024352
0 0.447301 0.804659 0.015424 0.030704
0 0.468723 0.891477 0.016567 0.028587
0 0.898029 0.125199 0.022279 0.030175
0 0.145673 0.866067 0.015424 0.021175
0 0.856327 0.206988 0.018852 0.024352
0 0.886889 0.849391 0.014282 0.024881
0 0.420308 0.049497 0.019709 0.036527
0 0.057983 0.135521 0.013710 0.026469
0 0.446587 0.939386 0.021994 0.034410
0 0.931305 0.736368 0.019137 0.031763
0 0.468295 0.042086 0.014567 0.030175
0 0.308483 0.945474 0.019423 0.027528
0 0.374607 0.418475 0.015710 0.030175
0 0.887604 0.869772 0.012853 0.022234
0 0.376607 0.052938 0.014567 0.028587
0 0.147244 0.053997 0.016281 0.029645
0 0.651671 0.230016 0.020280 0.024881
0 0.483719 0.497353 0.016281 0.029116
0 0.813767 0.073319 0.015424 0.029116
0 0.878178 0.039174 0.015710 0.031763
0 0.856755 0.039968 0.017995 0.030175
0 0.446730 0.913976 0.019423 0.025940
0 0.977007 0.737427 0.015710 0.032822
0 0.493716 0.517999 0.016281 0.029116
0 0.679806 0.492324 0.015995 0.030704
0 0.955441 0.737692 0.014853 0.031233
0 0.496715 0.562202 0.014853 0.023293
0 0.334333 0.497618 0.008283 0.019058
0 0.886175 0.821334 0.016281 0.028057
0 0.888318 0.901800 0.014282 0.023822
0 0.563268 0.784542 0.018852 0.024352
0 0.145958 0.751191 0.016567 0.032822
0 0.794344 0.806511 0.017709 0.024881
0 0.288775 0.860244 0.014282 0.028587
0 0.680805 0.513499 0.015710 0.019058
0 0.816481 0.403653 0.014567 0.028057
0 0.701657 0.782425 0.018566 0.021175
0 0.285633 0.095289 0.017138 0.026469
0 0.977292 0.931710 0.018566 0.028587
0 0.335476 0.513235 0.009426 0.012176
0 0.334047 0.526204 0.010568 0.013764
0 0.335190 0.540233 0.009997 0.019587
0 0.335761 0.561143 0.011140 0.014823
0 0.336475 0.575966 0.011425 0.012705
0 0.335476 0.588936 0.009426 0.013235
0 0.472294 0.917681 0.015710 0.025940
0 0.147101 0.838804 0.012568 0.028057
0 0.289917 0.832716 0.012568 0.023293
