0 0.867891 0.082562 0.264217 0.131252
0 0.884499 0.206668 0.217916 0.116962
0 0.873931 0.327335 0.235028 0.120138
0 0.880221 0.453691 0.226472 0.110347
0 0.877202 0.568801 0.232511 0.126753
0 0.869904 0.686822 0.192753 0.111405
0 0.875189 0.811458 0.199295 0.113522
0 0.877202 0.933183 0.203322 0.114581
0 0.616004 0.083752 0.226472 0.126753
0 0.610971 0.207198 0.232511 0.127018
0 0.631857 0.328526 0.215903 0.115639
0 0.648717 0.450384 0.245596 0.132310
0 0.636135 0.571051 0.232511 0.137603
0 0.632864 0.679677 0.217916 0.088119
0 0.641168 0.807621 0.247609 0.116962
0 0.646704 0.921672 0.228485 0.118021
0 0.366633 0.071580 0.221943 0.130987
0 0.372924 0.190659 0.222446 0.120402
0 0.394816 0.309738 0.194766 0.104525
0 0.377202 0.424980 0.235028 0.121196
0 0.405385 0.566023 0.211877 0.134427
0 0.407398 0.687351 0.233015 0.114581
0 0.411676 0.808680 0.245596 0.128076
0 0.405637 0.928156 0.207348 0.115639
0 0.145194 0.070521 0.215903 0.126753
0 0.144187 0.185763 0.235028 0.116962
0 0.154756 0.314634 0.239054 0.116962
0 0.151736 0.426171 0.245093 0.112464
0 0.150478 0.551204 0.222446 0.120138
0 0.144439 0.668166 0.230498 0.118021
0 0.153749 0.789362 0.211877 0.135486
0 0.167338 0.924451 0.231002 0.134692
