0 0.822307 0.103996 0.339271 0.194160
0 0.811917 0.298796 0.321883 0.199539
0 0.818066 0.500000 0.330789 0.196209
0 0.816370 0.701204 0.334182 0.201588
0 0.814461 0.892162 0.326972 0.182377
0 0.501696 0.105661 0.323155 0.199539
0 0.502545 0.293417 0.318066 0.171875
0 0.495547 0.490907 0.310857 0.221055
0 0.487701 0.705430 0.295165 0.201844
0 0.499152 0.909068 0.314673 0.181865
0 0.171332 0.108863 0.316370 0.201844
0 0.174936 0.319032 0.305768 0.212346
0 0.175785 0.512807 0.310857 0.175205
0 0.183630 0.688397 0.319763 0.175973
0 0.188931 0.890113 0.326972 0.214652
