0 0.296066 0.781208 0.043327 0.061737
0 0.078187 0.540366 0.046813 0.049525
0 0.466882 0.383311 0.055279 0.065129
0 0.172062 0.320896 0.058267 0.075984
0 0.176295 0.392469 0.066733 0.072592
0 0.099602 0.740163 0.039841 0.048847
0 0.075946 0.594301 0.047311 0.069199
0 0.466384 0.318182 0.052291 0.071913
0 0.389691 0.842605 0.041335 0.051560
0 0.295817 0.717775 0.041833 0.062415
0 0.466384 0.129240 0.056275 0.079376
0 0.177789 0.128223 0.066733 0.070556
0 0.296066 0.883989 0.041335 0.050204
0 0.580428 0.194708 0.052291 0.078697
0 0.175548 0.256106 0.061255 0.063094
0 0.463894 0.195387 0.051295 0.061058
0 0.389193 0.691655 0.039343 0.052239
0 0.680030 0.573609 0.058267 0.073948
0 0.391683 0.747626 0.044323 0.061058
0 0.773157 0.574627 0.056275 0.069199
0 0.172809 0.195387 0.058765 0.071913
0 0.296564 0.938263 0.041335 0.059701
0 0.345867 0.742537 0.038347 0.044098
0 0.699701 0.756445 0.038845 0.048847
0 0.868028 0.285617 0.047809 0.044776
0 0.582171 0.579037 0.065737 0.068521
0 0.677291 0.195726 0.051793 0.075305
0 0.604582 0.824288 0.041833 0.048847
0 0.463894 0.486431 0.053287 0.051560
0 0.099602 0.788670 0.038845 0.045455
0 0.271414 0.423338 0.057769 0.075984
0 0.774153 0.502035 0.057271 0.069199
0 0.867779 0.189959 0.049303 0.070556
0 0.346365 0.698779 0.039343 0.050204
0 0.368277 0.196404 0.052291 0.079376
0 0.251245 0.704206 0.037351 0.048847
0 0.295568 0.656038 0.039343 0.050204
0 0.098606 0.887381 0.045817 0.050204
0 0.606823 0.773406 0.040339 0.052917
0 0.387948 0.894844 0.039841 0.051560
0 0.098108 0.937246 0.045817 0.054953
0 0.077689 0.485414 0.048805 0.064450
0 0.698456 0.704885 0.037351 0.047490
0 0.798307 0.856513 0.035857 0.046811
0 0.581673 0.426730 0.050797 0.081411
0 0.699950 0.900950 0.042331 0.046133
0 0.465139 0.252714 0.047809 0.059023
0 0.580179 0.505767 0.053785 0.072592
0 0.874253 0.428765 0.063247 0.075984
0 0.682022 0.421642 0.054283 0.079376
0 0.605827 0.726594 0.035359 0.043419
0 0.250747 0.751357 0.037351 0.042741
0 0.077938 0.420963 0.051295 0.068521
0 0.253735 0.654003 0.037351 0.047490
0 0.465637 0.437585 0.049801 0.050204
0 0.603835 0.869403 0.038347 0.044098
0 0.793327 0.704206 0.034861 0.048847
0 0.271663 0.270014 0.052291 0.059701
0 0.563496 0.696744 0.036355 0.046133
0 0.056524 0.740841 0.036355 0.046133
0 0.776394 0.190977 0.046813 0.071235
0 0.366534 0.314790 0.048805 0.062415
0 0.679781 0.499661 0.055777 0.069878
0 0.363297 0.568182 0.062251 0.076662
0 0.870518 0.562076 0.058765 0.071235
0 0.458914 0.546811 0.056275 0.071913
0 0.387450 0.795794 0.037849 0.043419
0 0.794821 0.752714 0.037849 0.049525
0 0.867779 0.328697 0.043327 0.054953
0 0.387201 0.942334 0.038347 0.046133
0 0.776145 0.287313 0.049303 0.046811
0 0.390438 0.648236 0.037849 0.041384
0 0.272659 0.196404 0.052291 0.080733
0 0.580428 0.252374 0.045319 0.044776
0 0.755976 0.705224 0.034861 0.046811
0 0.776394 0.335482 0.048805 0.057666
0 0.602839 0.911465 0.037351 0.044098
0 0.890687 0.856852 0.040339 0.047490
0 0.676793 0.263908 0.052789 0.071913
0 0.699950 0.804613 0.039343 0.047490
0 0.658367 0.747286 0.035857 0.042741
0 0.892181 0.811398 0.037351 0.042062
0 0.056026 0.785278 0.037351 0.040027
0 0.576693 0.330393 0.047809 0.055631
0 0.605827 0.689959 0.036355 0.036635
0 0.098606 0.836499 0.038845 0.052917
0 0.677042 0.327680 0.049303 0.062415
0 0.100349 0.650950 0.037351 0.048168
0 0.659612 0.701493 0.033367 0.044776
0 0.658865 0.657734 0.035857 0.045455
0 0.798805 0.809023 0.044821 0.054953
0 0.774153 0.425034 0.056275 0.073948
0 0.172311 0.453867 0.055777 0.058345
0 0.563745 0.648236 0.037849 0.048168
0 0.754980 0.657056 0.033865 0.044098
0 0.607570 0.650271 0.033865 0.044098
0 0.099851 0.694708 0.038347 0.042062
0 0.788098 0.658073 0.032371 0.040706
0 0.348855 0.648915 0.037351 0.046811
0 0.777141 0.245590 0.044323 0.046133
0 0.294323 0.833446 0.042829 0.046811
0 0.370269 0.420285 0.056275 0.075305
0 0.562998 0.736431 0.036355 0.040027
0 0.699203 0.656716 0.039841 0.046133
0 0.797809 0.905699 0.037849 0.051560
0 0.273655 0.563772 0.061255 0.074627
0 0.367779 0.261194 0.054283 0.048847
0 0.056524 0.697083 0.036355 0.045455
0 0.700946 0.853460 0.038347 0.047490
0 0.889442 0.905020 0.042829 0.047490
0 0.897659 0.730665 0.032371 0.043419
0 0.754980 0.746608 0.033865 0.040027
0 0.869273 0.245590 0.045319 0.043419
0 0.267679 0.329376 0.057271 0.069878
0 0.894173 0.773745 0.037351 0.044098
0 0.899402 0.682497 0.032869 0.044776
0 0.056773 0.648915 0.028884 0.044098
0 0.860558 0.724220 0.032869 0.040027
0 0.578436 0.291723 0.049303 0.036635
0 0.859064 0.767639 0.030876 0.038670
0 0.860807 0.680122 0.032371 0.037313
