0 0.878919 0.076876 0.242163 0.144635
0 0.661634 0.243513 0.203336 0.103086
0 0.662640 0.356241 0.273224 0.133590
0 0.645528 0.486150 0.267760 0.147966
0 0.623814 0.608959 0.300259 0.145687
0 0.614898 0.732731 0.242738 0.126052
0 0.613172 0.886133 0.246189 0.194074
0 0.379494 0.253331 0.267760 0.120617
0 0.372304 0.354663 0.224619 0.112903
0 0.376618 0.467567 0.251654 0.141304
0 0.370434 0.606154 0.220880 0.135870
0 0.372160 0.741497 0.224907 0.152349
0 0.365976 0.869215 0.219442 0.149018
0 0.122376 0.227034 0.199310 0.105189
0 0.130572 0.336694 0.230083 0.127104
0 0.134024 0.460466 0.262295 0.137973
0 0.127840 0.582661 0.238999 0.128156
