0 0.840265 0.252650 0.085466 0.088339
0 0.844378 0.410146 0.101005 0.081272
0 0.829982 0.543160 0.091408 0.083796
0 0.832267 0.669359 0.092322 0.071681
0 0.724177 0.253912 0.104662 0.092882
0 0.722349 0.383392 0.093693 0.092378
0 0.725320 0.511358 0.110603 0.075719
0 0.719607 0.640333 0.104662 0.056032
0 0.716179 0.774861 0.111517 0.051489
0 0.597121 0.267542 0.103748 0.075719
0 0.601691 0.405351 0.103748 0.096921
0 0.593693 0.537860 0.110603 0.067138
0 0.598949 0.668349 0.100091 0.075719
0 0.408592 0.256941 0.101463 0.056537
0 0.400594 0.388188 0.104662 0.076729
0 0.402879 0.513125 0.084552 0.072186
0 0.408592 0.656234 0.099634 0.078748
0 0.407221 0.793791 0.087751 0.089349
0 0.289305 0.262494 0.091408 0.100959
0 0.288620 0.396517 0.092779 0.066128
0 0.286792 0.522211 0.098263 0.065119
0 0.171161 0.262998 0.106490 0.074710
0 0.172075 0.400555 0.106490 0.068147
0 0.163848 0.537355 0.096435 0.081272
0 0.171161 0.659768 0.104662 0.075719
0 0.176874 0.800858 0.093236 0.092378
