0 0.190414 0.764855 0.105564 0.099808
0 0.303605 0.182024 0.105564 0.077081
0 0.183047 0.380066 0.102964 0.102136
0 0.307419 0.928327 0.100711 0.101725
0 0.543248 0.508968 0.093604 0.097070
0 0.191974 0.851451 0.115618 0.071742
0 0.413937 0.581188 0.099151 0.088445
0 0.307506 0.374795 0.108858 0.080093
0 0.182094 0.276629 0.096897 0.087486
0 0.419137 0.769031 0.105044 0.091183
0 0.072890 0.425589 0.111804 0.086939
0 0.304992 0.709337 0.109724 0.087076
0 0.427890 0.228642 0.107644 0.083242
0 0.545502 0.598302 0.086670 0.061610
0 0.425204 0.859392 0.113365 0.081051
0 0.546715 0.668538 0.107471 0.073932
0 0.671347 0.140471 0.109898 0.083790
0 0.190068 0.938458 0.105218 0.073248
0 0.551829 0.059556 0.111804 0.074206
0 0.426937 0.489595 0.105044 0.079409
0 0.304212 0.627533 0.100884 0.086117
0 0.073150 0.312432 0.110591 0.103505
0 0.078263 0.826533 0.094470 0.087897
0 0.302565 0.539636 0.101057 0.077355
0 0.306466 0.454682 0.112324 0.082421
0 0.294938 0.273549 0.098284 0.087897
0 0.187034 0.480627 0.100191 0.091867
0 0.799879 0.274302 0.102444 0.069688
0 0.081383 0.719058 0.099671 0.072563
0 0.073236 0.183940 0.112151 0.121440
0 0.301872 0.810036 0.105564 0.089129
0 0.540042 0.309488 0.098977 0.077903
0 0.544895 0.846386 0.110071 0.088445
0 0.549922 0.140129 0.107991 0.076533
0 0.189548 0.579272 0.103831 0.073384
0 0.082770 0.935994 0.094470 0.067497
0 0.180707 0.071194 0.105911 0.075849
0 0.542382 0.407722 0.092217 0.074480
0 0.061362 0.073658 0.092217 0.090909
0 0.424857 0.405668 0.091870 0.073932
0 0.548362 0.226041 0.093430 0.081325
0 0.176980 0.169633 0.097071 0.092278
0 0.669180 0.510816 0.114925 0.084611
0 0.683654 0.055107 0.093257 0.068593
0 0.664327 0.421208 0.107298 0.067771
0 0.422864 0.315512 0.102444 0.083105
0 0.668747 0.336117 0.096031 0.085433
0 0.194488 0.667511 0.108164 0.070783
0 0.674467 0.687432 0.115791 0.069825
0 0.293118 0.080572 0.093950 0.105011
0 0.802392 0.465361 0.102617 0.087076
0 0.670133 0.227410 0.099844 0.071742
0 0.417403 0.674425 0.094644 0.069003
0 0.540215 0.750958 0.110071 0.083242
0 0.800919 0.367607 0.096204 0.086528
0 0.797625 0.571605 0.091697 0.085980
0 0.070983 0.512254 0.093777 0.073795
0 0.420610 0.150602 0.114925 0.063253
0 0.668140 0.767525 0.112845 0.072015
0 0.426937 0.945783 0.106431 0.071742
0 0.669960 0.612062 0.114751 0.077629
0 0.072716 0.606106 0.103484 0.104874
0 0.797192 0.051068 0.099497 0.070099
0 0.943664 0.378012 0.089097 0.048467
0 0.916103 0.319962 0.102271 0.061884
0 0.936644 0.041279 0.107644 0.070235
0 0.424250 0.075849 0.100711 0.073384
0 0.803952 0.666895 0.099151 0.086802
0 0.675507 0.851794 0.103657 0.077081
0 0.797452 0.189827 0.113885 0.058187
0 0.933524 0.485830 0.108684 0.083105
0 0.930231 0.142593 0.096551 0.094332
0 0.920090 0.248289 0.098111 0.061473
0 0.066043 0.147727 0.091524 0.053943
0 0.566303 0.932229 0.112324 0.062979
0 0.803779 0.752533 0.090137 0.072426
0 0.692754 0.934009 0.096897 0.082147
0 0.794158 0.125068 0.101751 0.052437
0 0.929797 0.775602 0.097417 0.078587
0 0.833940 0.941265 0.128618 0.086254
0 0.928497 0.592415 0.103484 0.098850
0 0.927197 0.692155 0.088057 0.087486
0 0.813226 0.840704 0.115965 0.100082
0 0.939851 0.855901 0.083897 0.080093
