0 0.560688 0.418585 0.041667 0.087903
0 0.493401 0.540812 0.050983 0.083717
0 0.621636 0.544161 0.048137 0.094600
0 0.491718 0.425073 0.043478 0.076601
0 0.689570 0.412934 0.052019 0.092507
0 0.055642 0.532650 0.047619 0.097530
0 0.561206 0.538928 0.048913 0.081624
0 0.231755 0.421515 0.044255 0.079531
0 0.048266 0.416911 0.042184 0.075345
0 0.112578 0.407702 0.039855 0.076183
0 0.180901 0.427166 0.045031 0.101716
0 0.117883 0.529720 0.050466 0.081624
0 0.178960 0.549393 0.055642 0.108414
0 0.233696 0.535998 0.056418 0.111762
0 0.294384 0.428422 0.055642 0.108414
0 0.296713 0.548556 0.059265 0.119297
0 0.363483 0.537254 0.053054 0.096693
0 0.363095 0.424445 0.054865 0.092089
0 0.426760 0.426748 0.051242 0.120134
0 0.428571 0.546463 0.051760 0.108414
0 0.623577 0.424027 0.059783 0.102135
0 0.692288 0.551067 0.056418 0.120134
0 0.752976 0.412097 0.059783 0.112599
0 0.812371 0.651528 0.051242 0.097530
0 0.821558 0.525952 0.052536 0.101716
0 0.823499 0.395982 0.047101 0.099623
0 0.819876 0.274592 0.049172 0.091252
0 0.884058 0.257011 0.041925 0.079531
0 0.947334 0.257639 0.046325 0.086647
0 0.950958 0.369820 0.048395 0.096693
0 0.755564 0.653621 0.055642 0.080787
0 0.625906 0.659062 0.052536 0.082461
0 0.688147 0.660109 0.059006 0.087066
0 0.565735 0.679364 0.075569 0.118878
0 0.052924 0.279196 0.057195 0.091252
0 0.107272 0.284010 0.045290 0.096693
