0 0.800967 0.110812 0.330811 0.208783
0 0.804540 0.309964 0.323665 0.155110
0 0.787936 0.500385 0.340059 0.227786
0 0.789828 0.708012 0.315259 0.193631
0 0.799285 0.897663 0.309794 0.194915
0 0.492434 0.109142 0.330811 0.190550
0 0.494536 0.495506 0.282051 0.190293
0 0.483186 0.698254 0.277007 0.208526
0 0.489702 0.902799 0.313577 0.174371
0 0.180958 0.100796 0.327449 0.186184
0 0.189155 0.279147 0.318621 0.177709
0 0.183691 0.495378 0.308533 0.227016
0 0.188104 0.709553 0.324086 0.166923
0 0.194199 0.900488 0.329550 0.197997
