0 0.782950 0.171266 0.234583 0.178712
0 0.777811 0.348664 0.238815 0.193605
0 0.776602 0.504599 0.231560 0.169952
0 0.776904 0.670609 0.240629 0.179588
0 0.776904 0.835304 0.234583 0.164696
0 0.554111 0.170609 0.246070 0.181778
0 0.557134 0.340999 0.231560 0.176522
0 0.559855 0.490145 0.222491 0.154183
0 0.559250 0.666886 0.215236 0.178274
0 0.551995 0.829829 0.227328 0.171266
0 0.342805 0.170609 0.221282 0.181778
0 0.347037 0.330705 0.212817 0.160315
0 0.349154 0.493430 0.225514 0.183530
0 0.349758 0.652869 0.232769 0.167762
0 0.343410 0.816908 0.220073 0.194481
