0 0.628516 0.189610 0.051302 0.065306
0 0.689714 0.235065 0.048698 0.062709
0 0.808333 0.285158 0.045312 0.060482
0 0.512500 0.238404 0.044792 0.051577
0 0.164323 0.234879 0.047396 0.048237
0 0.749219 0.275881 0.048958 0.067161
0 0.804557 0.840260 0.024219 0.032282
0 0.339974 0.184972 0.042969 0.057514
0 0.157943 0.806865 0.021615 0.027829
0 0.439974 0.801113 0.022656 0.027458
0 0.396615 0.183859 0.051042 0.055288
0 0.164323 0.180519 0.046875 0.067904
0 0.746615 0.218738 0.048438 0.058256
0 0.803906 0.535065 0.021875 0.028942
0 0.806771 0.335993 0.046875 0.048609
0 0.273568 0.535065 0.021094 0.026716
0 0.281641 0.182189 0.042448 0.059369
0 0.803125 0.811874 0.023958 0.029685
0 0.635547 0.835065 0.022656 0.033024
0 0.397266 0.236364 0.042448 0.054174
0 0.470833 0.831540 0.022396 0.031169
0 0.691406 0.328386 0.047396 0.062338
0 0.809505 0.236178 0.042969 0.046382
0 0.568359 0.228757 0.050260 0.060482
0 0.325521 0.803340 0.020833 0.027458
0 0.280729 0.236549 0.044271 0.058256
0 0.129036 0.776623 0.023698 0.032653
0 0.805729 0.783673 0.023958 0.031169
0 0.551302 0.833766 0.020833 0.032653
0 0.747396 0.811874 0.022917 0.029685
0 0.510677 0.281818 0.048438 0.044898
0 0.331641 0.380891 0.049740 0.053803
0 0.456510 0.193321 0.047396 0.070501
0 0.496094 0.779777 0.020833 0.032282
0 0.269141 0.773655 0.025781 0.034879
0 0.777344 0.838776 0.023438 0.035250
0 0.044922 0.773469 0.023698 0.032282
0 0.583854 0.902968 0.018750 0.026345
0 0.158073 0.778479 0.023958 0.031911
0 0.689323 0.281262 0.047396 0.045269
0 0.128776 0.805380 0.022656 0.028571
0 0.691146 0.836735 0.022917 0.030427
0 0.551042 0.805380 0.021875 0.030798
0 0.197656 0.646011 0.020833 0.026716
0 0.414974 0.531354 0.021094 0.028200
0 0.718490 0.836364 0.023438 0.031911
0 0.296615 0.774212 0.024479 0.033766
0 0.100651 0.826902 0.022656 0.030798
0 0.610417 0.531540 0.023958 0.027087
0 0.072266 0.800371 0.023698 0.030427
0 0.779948 0.937291 0.019792 0.025974
0 0.469010 0.772542 0.022396 0.032653
0 0.412240 0.802968 0.020313 0.030427
0 0.748698 0.562894 0.023438 0.031911
0 0.394141 0.341558 0.040885 0.056772
0 0.635807 0.781262 0.024740 0.033766
0 0.523828 0.777922 0.021094 0.033766
0 0.638672 0.929499 0.019531 0.025232
0 0.807292 0.188126 0.046875 0.057885
0 0.468880 0.802968 0.022135 0.030427
0 0.808724 0.960853 0.020573 0.022635
0 0.438411 0.774954 0.021615 0.027087
0 0.718880 0.782931 0.022656 0.032653
0 0.513672 0.189610 0.044010 0.057885
0 0.831901 0.809462 0.021615 0.029314
0 0.551953 0.776623 0.024219 0.030427
0 0.411589 0.832096 0.021094 0.033024
0 0.862240 0.507792 0.022917 0.030056
0 0.495573 0.806494 0.020313 0.027087
0 0.077734 0.557328 0.024740 0.031911
0 0.861589 0.837106 0.023177 0.031911
0 0.391536 0.391280 0.046615 0.050093
0 0.861589 0.782746 0.022135 0.031540
0 0.450651 0.628571 0.020573 0.028942
0 0.157943 0.830798 0.021615 0.025974
0 0.522266 0.805009 0.022135 0.029314
0 0.776302 0.506494 0.022917 0.031169
0 0.054557 0.625417 0.020052 0.027829
0 0.832161 0.838590 0.021094 0.033395
0 0.721354 0.533024 0.022396 0.026345
0 0.158464 0.366419 0.051823 0.076067
0 0.717187 0.810575 0.023438 0.028571
0 0.809635 0.912801 0.021354 0.024490
0 0.101302 0.773469 0.021354 0.030798
0 0.580469 0.781818 0.024479 0.038590
0 0.807943 0.937848 0.017448 0.026345
0 0.296224 0.828571 0.022135 0.031169
0 0.528125 0.905751 0.018750 0.023748
0 0.356510 0.827273 0.025000 0.035993
0 0.077734 0.502597 0.022656 0.030056
0 0.837500 0.910390 0.017708 0.025603
0 0.081901 0.648423 0.021615 0.030056
0 0.777083 0.561781 0.021875 0.031911
0 0.579557 0.830983 0.023698 0.034508
0 0.776953 0.782004 0.021094 0.033024
0 0.214323 0.828200 0.025521 0.033395
0 0.099740 0.330427 0.047396 0.041187
0 0.307552 0.650835 0.019271 0.024490
0 0.521875 0.832282 0.020833 0.030427
0 0.070573 0.825603 0.021354 0.028200
0 0.861198 0.809833 0.022396 0.027829
0 0.689063 0.182746 0.051042 0.053061
0 0.359505 0.881818 0.020573 0.025603
0 0.583724 0.947681 0.017969 0.024490
0 0.473698 0.553247 0.022396 0.031911
0 0.223698 0.185529 0.049479 0.063822
0 0.748958 0.780334 0.022396 0.033395
0 0.359896 0.531169 0.021875 0.028571
0 0.925911 0.191095 0.056510 0.087570
0 0.612109 0.904453 0.018490 0.027829
0 0.385156 0.777551 0.025000 0.034508
0 0.297005 0.801484 0.021094 0.023006
0 0.411328 0.776994 0.021094 0.025974
0 0.301172 0.531354 0.020573 0.025974
0 0.570833 0.180334 0.051042 0.048237
0 0.607943 0.780334 0.022656 0.034137
0 0.807552 0.111503 0.054167 0.109462
0 0.663021 0.835807 0.023958 0.033024
0 0.275521 0.902412 0.018750 0.026716
0 0.583594 0.925788 0.019271 0.023748
0 0.190365 0.925974 0.017708 0.022635
0 0.750391 0.935436 0.019531 0.028200
0 0.164193 0.926345 0.019531 0.026345
0 0.196094 0.623748 0.019792 0.023006
0 0.220573 0.504453 0.024479 0.033766
0 0.218750 0.554731 0.023438 0.033395
0 0.666016 0.906308 0.019531 0.027087
0 0.831771 0.782004 0.022917 0.027829
0 0.749479 0.840260 0.023958 0.032282
0 0.071354 0.771985 0.022917 0.031540
0 0.694922 0.952876 0.021094 0.023748
0 0.439453 0.829499 0.024219 0.031540
0 0.895573 0.933581 0.021875 0.024490
0 0.748177 0.533581 0.021354 0.027458
0 0.396224 0.285529 0.039323 0.056030
0 0.868490 0.046197 0.051042 0.053061
0 0.529818 0.928200 0.020052 0.026345
0 0.192448 0.947866 0.020313 0.024861
0 0.077083 0.923006 0.018229 0.025603
0 0.100521 0.801113 0.020833 0.025232
0 0.780599 0.960111 0.022135 0.024119
0 0.186068 0.829685 0.023177 0.031911
0 0.387500 0.503896 0.022917 0.031169
0 0.133724 0.881076 0.019531 0.023377
0 0.692448 0.557514 0.025521 0.034508
0 0.723698 0.929314 0.018750 0.026345
0 0.300000 0.504267 0.023438 0.032653
0 0.050260 0.897959 0.019792 0.025232
0 0.163411 0.901484 0.020573 0.024861
0 0.721484 0.560111 0.022135 0.032282
0 0.360026 0.504082 0.023177 0.030056
0 0.666536 0.928571 0.019010 0.024119
0 0.301302 0.558627 0.021875 0.033024
0 0.750260 0.910390 0.018750 0.024861
0 0.354818 0.776623 0.022135 0.037106
0 0.503255 0.628942 0.017448 0.026716
0 0.360026 0.904453 0.018490 0.026345
0 0.111198 0.650093 0.018750 0.024490
0 0.330339 0.900371 0.019531 0.021892
0 0.416016 0.503154 0.024219 0.031911
0 0.421745 0.650093 0.018490 0.023748
0 0.667188 0.951763 0.022396 0.023748
0 0.128255 0.830427 0.021615 0.028942
0 0.891146 0.506122 0.021875 0.027458
0 0.894531 0.911503 0.019792 0.023377
0 0.837500 0.934694 0.017708 0.025232
0 0.499870 0.861410 0.020052 0.027087
0 0.607552 0.831354 0.021354 0.033766
0 0.890625 0.839147 0.020313 0.030798
0 0.610417 0.504453 0.023438 0.033024
0 0.446615 0.903154 0.018229 0.024490
0 0.422005 0.627644 0.018490 0.023377
0 0.924740 0.911317 0.018750 0.023006
0 0.455729 0.244341 0.044792 0.041187
0 0.192318 0.502412 0.027344 0.031169
0 0.609375 0.555659 0.021875 0.026345
0 0.076302 0.946197 0.019271 0.024490
0 0.224349 0.647495 0.018490 0.024490
0 0.185286 0.802226 0.021094 0.024490
0 0.663151 0.504082 0.023698 0.037477
0 0.275781 0.948423 0.023958 0.026716
0 0.137240 0.504638 0.022917 0.034137
0 0.186198 0.776438 0.022396 0.034508
0 0.218099 0.923006 0.019531 0.021892
0 0.495052 0.831911 0.018229 0.030427
0 0.307422 0.627644 0.017969 0.025603
0 0.837109 0.866976 0.020052 0.026345
0 0.747786 0.331540 0.046094 0.053803
0 0.637630 0.505009 0.023698 0.034879
0 0.324870 0.773469 0.022135 0.033766
0 0.393229 0.628386 0.018229 0.024119
0 0.723958 0.954731 0.019271 0.023006
0 0.218750 0.946011 0.019792 0.024861
0 0.753385 0.679035 0.019792 0.025232
0 0.443750 0.503154 0.020833 0.030427
0 0.326432 0.831169 0.024219 0.034137
0 0.417318 0.904638 0.019531 0.023748
0 0.777344 0.533395 0.021875 0.025603
0 0.808464 0.659184 0.020052 0.027087
0 0.164323 0.950278 0.020833 0.023006
0 0.273177 0.504453 0.020313 0.037477
0 0.416536 0.558442 0.023177 0.031911
0 0.808854 0.682746 0.020833 0.023006
0 0.861719 0.534137 0.020313 0.027087
0 0.360026 0.946939 0.018490 0.022263
0 0.268620 0.827458 0.022135 0.031169
0 0.639974 0.863451 0.020052 0.025232
0 0.360026 0.926160 0.019010 0.024490
0 0.388411 0.905937 0.017448 0.025603
0 0.133594 0.858442 0.020833 0.026345
0 0.776563 0.810019 0.020833 0.025974
0 0.365495 0.673469 0.020052 0.025974
0 0.861328 0.561781 0.023698 0.030427
0 0.502865 0.651391 0.015625 0.022635
0 0.867708 0.933395 0.018229 0.024119
0 0.042969 0.798516 0.020313 0.023748
0 0.638672 0.884972 0.018490 0.025232
0 0.867188 0.912245 0.017708 0.023377
0 0.416927 0.925788 0.018750 0.022263
0 0.639844 0.950649 0.020313 0.020037
0 0.191406 0.903896 0.018750 0.025974
0 0.241797 0.831540 0.021615 0.031911
0 0.780078 0.913729 0.019531 0.025603
0 0.190495 0.530056 0.021094 0.026345
0 0.630078 0.246011 0.048698 0.054174
0 0.692448 0.507978 0.023438 0.037106
0 0.691016 0.782375 0.020573 0.034508
0 0.393490 0.651206 0.018750 0.023748
0 0.112240 0.604824 0.018229 0.022263
0 0.919010 0.785714 0.023958 0.033024
0 0.076302 0.530983 0.021875 0.031169
0 0.833073 0.535436 0.022917 0.035622
0 0.077214 0.877551 0.020573 0.022263
0 0.330599 0.921521 0.020573 0.023377
0 0.779036 0.591280 0.023698 0.026345
0 0.106771 0.946939 0.020833 0.027458
0 0.336198 0.239332 0.048438 0.059369
0 0.867839 0.144712 0.048177 0.063822
0 0.329948 0.945640 0.021875 0.027087
0 0.274609 0.924675 0.019010 0.023748
0 0.662500 0.782189 0.022917 0.038590
0 0.479557 0.631725 0.018490 0.026345
0 0.054948 0.647866 0.020833 0.023006
0 0.330078 0.503525 0.021615 0.030427
0 0.924089 0.890353 0.017969 0.024119
0 0.499219 0.906308 0.020313 0.026345
0 0.099609 0.285714 0.049740 0.057885
0 0.303385 0.900000 0.018750 0.025603
0 0.224089 0.670686 0.021094 0.026345
0 0.556380 0.904082 0.019010 0.023377
0 0.337109 0.653061 0.021615 0.028200
0 0.500260 0.883673 0.019792 0.022635
0 0.611849 0.926902 0.017448 0.022263
0 0.281120 0.671985 0.018490 0.023748
0 0.195703 0.671614 0.019531 0.027458
0 0.191016 0.858998 0.021094 0.025974
0 0.472005 0.504082 0.024219 0.035250
0 0.333073 0.332839 0.036979 0.051948
0 0.455339 0.287384 0.042969 0.053803
0 0.780078 0.680334 0.020573 0.024861
0 0.696354 0.929314 0.017708 0.024861
0 0.247656 0.559740 0.021354 0.027829
0 0.212500 0.776067 0.022396 0.032282
0 0.279948 0.649165 0.019271 0.025603
0 0.242318 0.806308 0.020052 0.027458
0 0.611849 0.949351 0.019010 0.023377
0 0.725521 0.679777 0.020833 0.025974
0 0.044661 0.823933 0.020573 0.029314
0 0.388151 0.860111 0.021094 0.026716
0 0.219401 0.902041 0.017969 0.023006
0 0.583464 0.880148 0.017969 0.023006
0 0.920443 0.507792 0.023698 0.036735
0 0.696875 0.632282 0.019792 0.026716
0 0.336979 0.283673 0.038542 0.038961
0 0.747266 0.173469 0.048698 0.038961
0 0.895052 0.956772 0.019792 0.024119
0 0.163411 0.878108 0.021094 0.023377
0 0.049609 0.919852 0.020052 0.023006
0 0.446615 0.927087 0.018229 0.024861
0 0.809115 0.890538 0.019271 0.023748
0 0.247396 0.880891 0.018229 0.027458
0 0.838281 0.959184 0.019792 0.023748
0 0.134245 0.902968 0.017969 0.021892
0 0.837500 0.888497 0.018229 0.021150
0 0.446094 0.861596 0.020313 0.025974
0 0.223958 0.604453 0.018229 0.020779
0 0.690625 0.810019 0.020313 0.028942
0 0.779557 0.867904 0.020052 0.024490
0 0.384766 0.826902 0.022656 0.036735
0 0.164583 0.558071 0.020313 0.031911
0 0.138411 0.626716 0.020052 0.028200
0 0.418359 0.881076 0.019531 0.027829
0 0.330078 0.556401 0.022135 0.027829
0 0.164062 0.502968 0.021875 0.033766
0 0.665104 0.557885 0.023438 0.033766
0 0.500521 0.928200 0.019271 0.024119
0 0.421875 0.606865 0.018229 0.021892
0 0.418359 0.947124 0.019531 0.023377
0 0.532422 0.630427 0.018490 0.026716
0 0.107943 0.502226 0.022135 0.032282
0 0.808594 0.635065 0.019271 0.024861
0 0.556510 0.947681 0.017708 0.023006
0 0.750911 0.589239 0.021615 0.025974
0 0.808594 0.610946 0.020313 0.026345
0 0.723828 0.907421 0.019010 0.023377
0 0.581771 0.507421 0.023438 0.035993
0 0.891016 0.561781 0.021615 0.030427
0 0.529036 0.882189 0.019010 0.028571
0 0.586458 0.653432 0.018750 0.023006
0 0.422396 0.672356 0.019271 0.024490
0 0.946224 0.839147 0.019531 0.034508
0 0.139063 0.672171 0.017708 0.023377
0 0.528906 0.950835 0.018229 0.021892
0 0.721354 0.506308 0.021354 0.030056
0 0.365365 0.650464 0.018750 0.023748
0 0.779687 0.890167 0.019271 0.025232
0 0.077344 0.855288 0.022396 0.028200
0 0.169401 0.649907 0.016927 0.022635
0 0.451042 0.651391 0.017708 0.022635
0 0.111198 0.671429 0.018750 0.023377
0 0.725130 0.655288 0.018490 0.025232
0 0.525130 0.502412 0.021615 0.034879
0 0.474219 0.860482 0.019271 0.025974
0 0.219010 0.879221 0.017708 0.026345
0 0.500000 0.552876 0.017708 0.025974
0 0.750130 0.958442 0.020052 0.021521
0 0.106641 0.922635 0.018490 0.025603
0 0.503776 0.584230 0.018490 0.029314
0 0.055599 0.669759 0.017969 0.024490
0 0.365495 0.605566 0.017969 0.023748
0 0.329427 0.530241 0.020833 0.026716
0 0.696094 0.906122 0.016146 0.023748
0 0.422396 0.587755 0.018229 0.023006
0 0.102604 0.202226 0.062500 0.103154
0 0.393620 0.675325 0.019531 0.025232
0 0.307552 0.603711 0.019271 0.025232
0 0.447396 0.881076 0.017708 0.022635
0 0.250260 0.648980 0.021875 0.025232
0 0.389062 0.949536 0.019792 0.023006
0 0.082552 0.604824 0.020313 0.027458
0 0.246354 0.504453 0.018229 0.025603
0 0.808854 0.868275 0.020313 0.023006
0 0.503776 0.671985 0.016927 0.022263
0 0.751302 0.631911 0.017708 0.021521
0 0.306901 0.671800 0.020052 0.022635
0 0.918750 0.836549 0.022396 0.033766
0 0.628646 0.333766 0.045833 0.046382
0 0.191927 0.880705 0.019271 0.023377
0 0.387370 0.551206 0.022656 0.030798
0 0.751563 0.654731 0.018750 0.023377
0 0.133854 0.948980 0.021354 0.026345
0 0.190885 0.557885 0.020833 0.031540
0 0.110807 0.582746 0.021615 0.026345
0 0.666797 0.884230 0.019531 0.022263
0 0.555729 0.925417 0.018750 0.023006
0 0.082031 0.670130 0.017188 0.021521
0 0.890495 0.533024 0.020052 0.030056
0 0.569661 0.287755 0.045052 0.070130
0 0.666927 0.863636 0.020313 0.024861
0 0.392578 0.587199 0.019010 0.021892
0 0.359896 0.857699 0.018750 0.026345
0 0.443229 0.531169 0.019271 0.022635
0 0.639323 0.907236 0.018229 0.023748
0 0.100260 0.374026 0.037500 0.051206
0 0.919792 0.558071 0.023958 0.037848
0 0.890104 0.813358 0.018229 0.025232
0 0.393229 0.607050 0.018229 0.023748
0 0.748698 0.507607 0.021875 0.028942
0 0.302214 0.947681 0.019010 0.024490
0 0.725651 0.631354 0.017448 0.024119
0 0.923177 0.934508 0.019792 0.027087
0 0.636458 0.557143 0.022917 0.033766
0 0.723437 0.884787 0.019271 0.025603
0 0.750521 0.887755 0.019271 0.024861
0 0.443750 0.556772 0.022396 0.031540
0 0.531380 0.603896 0.020052 0.025603
0 0.302474 0.923748 0.016927 0.022635
0 0.388802 0.929314 0.018229 0.023377
0 0.868359 0.956586 0.019010 0.024490
0 0.275911 0.379221 0.047656 0.060111
0 0.896745 0.679777 0.017969 0.023748
0 0.133854 0.926345 0.018750 0.024119
0 0.365104 0.627644 0.017708 0.024861
0 0.581250 0.555288 0.022396 0.032282
0 0.531771 0.654360 0.019271 0.022635
0 0.137891 0.583859 0.024219 0.026345
0 0.278776 0.328942 0.036719 0.050835
0 0.169271 0.671243 0.018750 0.024490
0 0.359766 0.557514 0.021615 0.030798
0 0.077474 0.898887 0.019531 0.025603
0 0.105339 0.856586 0.021094 0.024861
0 0.246875 0.530056 0.017188 0.024861
0 0.217578 0.857699 0.019010 0.021892
0 0.050130 0.874026 0.020052 0.027087
0 0.781250 0.634323 0.019792 0.024119
0 0.895573 0.633581 0.017708 0.023377
0 0.251302 0.670686 0.019271 0.023377
0 0.890365 0.782375 0.020833 0.030056
0 0.082422 0.582189 0.020573 0.023748
0 0.696094 0.883488 0.018229 0.023006
0 0.612891 0.879777 0.019010 0.023006
0 0.583854 0.859369 0.019271 0.023748
0 0.106380 0.898145 0.018490 0.026345
0 0.697656 0.678664 0.019271 0.024490
0 0.722135 0.862894 0.020313 0.026345
0 0.451302 0.673469 0.019792 0.023748
0 0.274219 0.561039 0.022396 0.027458
0 0.052734 0.581262 0.022656 0.023377
0 0.474089 0.882189 0.016406 0.023377
0 0.224089 0.584416 0.021094 0.025232
0 0.555078 0.880334 0.019010 0.025603
0 0.335807 0.603896 0.019010 0.019666
0 0.479167 0.584230 0.019792 0.028571
0 0.448047 0.948609 0.016406 0.021150
0 0.304036 0.876809 0.019010 0.023006
0 0.050781 0.943043 0.020833 0.025603
0 0.612109 0.859369 0.019531 0.022263
0 0.697266 0.588497 0.019010 0.023748
0 0.923568 0.638033 0.019010 0.026345
0 0.779687 0.659555 0.018750 0.021892
0 0.111198 0.627273 0.018750 0.025603
0 0.167318 0.583673 0.019531 0.023006
0 0.725911 0.607792 0.020052 0.028200
0 0.866667 0.889796 0.018750 0.023006
0 0.635026 0.808163 0.018490 0.021521
0 0.479427 0.653989 0.018229 0.023377
0 0.867708 0.635436 0.016667 0.027087
0 0.242057 0.775510 0.020573 0.034137
0 0.751172 0.611132 0.018490 0.023006
0 0.750260 0.866419 0.019271 0.021521
0 0.503255 0.606308 0.016927 0.021521
0 0.137370 0.651020 0.018490 0.022635
0 0.500260 0.947681 0.018750 0.020779
0 0.895443 0.612059 0.016927 0.021892
0 0.195833 0.603154 0.019271 0.021150
0 0.223177 0.624675 0.018750 0.024119
0 0.334635 0.584045 0.023438 0.025974
0 0.697396 0.608905 0.018750 0.023748
0 0.054297 0.601299 0.019010 0.022635
0 0.081901 0.626345 0.018490 0.020037
0 0.250130 0.584045 0.019010 0.021521
0 0.139974 0.603896 0.017448 0.019666
0 0.923698 0.957514 0.018750 0.021892
0 0.630469 0.289425 0.045312 0.051206
0 0.336458 0.625974 0.020313 0.027458
0 0.329948 0.879406 0.019792 0.023748
0 0.896484 0.890724 0.019531 0.021892
0 0.474609 0.907050 0.015885 0.024861
0 0.831250 0.506865 0.025000 0.023006
0 0.387500 0.881076 0.018750 0.021150
0 0.107292 0.876438 0.018750 0.025232
0 0.473958 0.929499 0.017708 0.025232
0 0.869141 0.659740 0.020052 0.026716
0 0.246745 0.903525 0.016927 0.023748
0 0.511589 0.321892 0.044010 0.047124
0 0.336849 0.674583 0.016927 0.020037
0 0.500781 0.529685 0.018229 0.027829
0 0.450651 0.606679 0.019010 0.021521
0 0.279167 0.275510 0.043229 0.036735
0 0.245443 0.858071 0.018490 0.021892
0 0.586458 0.630983 0.017708 0.024861
0 0.162500 0.857143 0.018750 0.023006
0 0.640625 0.584416 0.019792 0.025232
0 0.416536 0.860668 0.022135 0.025603
0 0.280208 0.586271 0.018229 0.022263
0 0.106120 0.556772 0.019010 0.029314
0 0.364453 0.584601 0.022656 0.024861
0 0.303646 0.855659 0.018229 0.023006
0 0.923438 0.612059 0.020313 0.028571
0 0.280599 0.607607 0.019010 0.024861
0 0.329818 0.858071 0.021094 0.023377
0 0.553776 0.501670 0.020052 0.028942
0 0.895573 0.869573 0.020313 0.025603
0 0.451562 0.379035 0.043750 0.060482
0 0.804167 0.562523 0.020833 0.031911
0 0.586589 0.674768 0.018490 0.021892
0 0.923438 0.867347 0.019792 0.026345
0 0.695833 0.862709 0.018229 0.021521
0 0.500651 0.501113 0.017448 0.031540
0 0.923828 0.659926 0.019010 0.023377
0 0.169141 0.603525 0.017969 0.020408
0 0.833724 0.477922 0.023698 0.037106
0 0.275911 0.880148 0.017969 0.021521
0 0.865885 0.867904 0.020313 0.024490
0 0.952214 0.908349 0.019010 0.027458
0 0.697526 0.656215 0.019010 0.024861
0 0.780599 0.612430 0.019531 0.021892
0 0.925651 0.681262 0.020573 0.022263
0 0.251823 0.604638 0.017708 0.021892
0 0.724349 0.588126 0.020573 0.023006
0 0.450781 0.588497 0.018229 0.023748
0 0.667318 0.586827 0.020573 0.027829
0 0.528385 0.860297 0.019271 0.022635
0 0.896094 0.656401 0.019271 0.025232
0 0.667969 0.628942 0.017188 0.025974
0 0.894531 0.590167 0.021875 0.026345
0 0.170052 0.625603 0.018750 0.026716
0 0.867188 0.604638 0.020833 0.041187
0 0.247266 0.947310 0.018490 0.023006
0 0.640365 0.651948 0.018750 0.023006
0 0.048958 0.854360 0.020833 0.022635
0 0.946094 0.506308 0.020313 0.024861
0 0.252344 0.626531 0.018750 0.024861
0 0.532422 0.676067 0.019010 0.023748
0 0.805599 0.507792 0.024740 0.030798
0 0.555339 0.551577 0.022656 0.033766
0 0.479036 0.673469 0.017448 0.020037
0 0.307422 0.584045 0.020573 0.020037
0 0.273828 0.859184 0.019010 0.026345
0 0.525521 0.554174 0.019792 0.029314
0 0.195052 0.585158 0.021354 0.024490
0 0.869010 0.682560 0.018750 0.022635
0 0.809245 0.590353 0.020052 0.020779
0 0.951953 0.933581 0.016406 0.024490
0 0.246484 0.925788 0.017448 0.023748
0 0.559505 0.605937 0.020052 0.025974
0 0.554427 0.859740 0.020313 0.022263
0 0.661719 0.813544 0.017708 0.018924
0 0.948307 0.533766 0.018490 0.028571
0 0.558073 0.673469 0.018229 0.025232
0 0.952214 0.887570 0.015885 0.020779
0 0.867708 0.093135 0.052083 0.056401
0 0.558333 0.627644 0.019271 0.024861
0 0.585677 0.583859 0.020313 0.025603
0 0.478255 0.609091 0.018490 0.024119
0 0.950391 0.865121 0.014323 0.021892
0 0.502604 0.596475 0.015625 0.018182
0 0.952995 0.956215 0.018490 0.024490
0 0.136719 0.558627 0.021875 0.026345
0 0.052344 0.562338 0.019792 0.021892
0 0.560156 0.583859 0.015625 0.020408
0 0.662109 0.800186 0.019010 0.018182
0 0.747786 0.375696 0.036719 0.038961
0 0.474219 0.949907 0.016667 0.019295
0 0.534375 0.583488 0.018750 0.022635
0 0.454167 0.326160 0.036979 0.048237
0 0.160286 0.318367 0.049219 0.028942
0 0.945443 0.812245 0.016406 0.022263
0 0.811068 0.076623 0.039844 0.041187
0 0.923698 0.592208 0.020313 0.021521
0 0.278385 0.627644 0.020833 0.024861
0 0.613542 0.631540 0.017188 0.022263
0 0.641667 0.607421 0.021354 0.025232
0 0.668359 0.675325 0.014844 0.025974
0 0.947656 0.476438 0.023438 0.037106
0 0.667708 0.651206 0.015625 0.023006
0 0.667708 0.607421 0.018229 0.020779
0 0.135286 0.534694 0.016927 0.025232
0 0.614062 0.586642 0.013542 0.017069
0 0.615104 0.607792 0.015625 0.025232
0 0.615234 0.652876 0.014323 0.020408
0 0.613802 0.672542 0.017188 0.016698
0 0.640885 0.673098 0.016146 0.020037
0 0.945573 0.785900 0.022917 0.031911
