0 0.693114 0.426654 0.078842 0.048436
0 0.793413 0.091752 0.088822 0.044008
0 0.692615 0.334210 0.078842 0.044008
0 0.431387 0.476059 0.077345 0.043177
0 0.795409 0.045668 0.089820 0.044285
0 0.564870 0.235815 0.085828 0.044838
0 0.795659 0.142264 0.084331 0.043731
0 0.560130 0.618876 0.083333 0.043731
0 0.298902 0.669112 0.077844 0.041794
0 0.690619 0.187794 0.083832 0.047329
0 0.689371 0.287019 0.082335 0.042070
0 0.193862 0.292831 0.067365 0.038195
0 0.696856 0.089676 0.074351 0.044838
0 0.438623 0.620260 0.088822 0.042624
0 0.921158 0.186687 0.081836 0.054525
0 0.562126 0.569748 0.086327 0.043454
0 0.561876 0.476612 0.072854 0.045392
0 0.069860 0.339745 0.068862 0.045115
0 0.506238 0.930529 0.039421 0.021035
0 0.564122 0.714780 0.069361 0.048990
0 0.239521 0.815250 0.054890 0.027955
0 0.562126 0.380017 0.073353 0.038195
0 0.436627 0.523803 0.076846 0.040133
0 0.187625 0.388182 0.074850 0.039026
0 0.433633 0.665652 0.073852 0.045945
0 0.289920 0.292831 0.074850 0.039856
0 0.295659 0.339192 0.072355 0.039579
0 0.432884 0.570025 0.072355 0.034597
0 0.569361 0.185995 0.078842 0.048159
0 0.880988 0.927622 0.040419 0.021865
0 0.697854 0.139358 0.075349 0.047329
0 0.299401 0.621229 0.066866 0.042901
0 0.183383 0.434265 0.070359 0.039856
0 0.561627 0.332688 0.069361 0.038749
0 0.298653 0.526571 0.072355 0.045668
0 0.694361 0.379463 0.084331 0.039303
0 0.429641 0.426792 0.067864 0.042070
0 0.562625 0.666621 0.069361 0.039026
0 0.178892 0.482563 0.074351 0.040686
0 0.879242 0.907556 0.042914 0.022142
0 0.179142 0.528508 0.072854 0.039579
0 0.070858 0.526432 0.065868 0.038749
0 0.694361 0.618600 0.075349 0.039303
0 0.692615 0.668143 0.076846 0.037642
0 0.296906 0.480487 0.066866 0.045392
0 0.752495 0.930529 0.039920 0.019374
0 0.618762 0.816358 0.049900 0.028508
0 0.816866 0.892195 0.044910 0.021312
0 0.432385 0.714780 0.069361 0.046222
0 0.387974 0.929283 0.043413 0.021865
0 0.241267 0.932466 0.039421 0.021035
0 0.560130 0.523526 0.067365 0.033490
0 0.312874 0.865624 0.057884 0.026847
0 0.876497 0.839745 0.052395 0.026571
0 0.239022 0.842098 0.052894 0.029615
0 0.244261 0.952671 0.048403 0.021589
0 0.318114 0.929975 0.044411 0.022696
0 0.562126 0.284528 0.079341 0.040963
0 0.446108 0.928314 0.042914 0.022142
0 0.193114 0.340022 0.067864 0.044008
0 0.242265 0.891503 0.044411 0.021589
0 0.237275 0.868669 0.047405 0.025187
0 0.752745 0.893025 0.049401 0.023526
0 0.430639 0.335317 0.071856 0.046776
0 0.879491 0.811791 0.056387 0.029892
0 0.194860 0.243150 0.067365 0.035704
0 0.565120 0.814697 0.046407 0.027955
0 0.447106 0.949765 0.045908 0.021865
0 0.075848 0.241074 0.070858 0.038195
0 0.622505 0.894132 0.048403 0.025187
0 0.297405 0.573900 0.075848 0.035704
0 0.295908 0.434680 0.067864 0.039026
0 0.818114 0.929422 0.040419 0.019374
0 0.503244 0.869084 0.051397 0.026571
0 0.198852 0.197896 0.071357 0.037088
0 0.816118 0.871298 0.048403 0.022696
0 0.293413 0.241627 0.063872 0.038195
0 0.426148 0.288265 0.070858 0.040133
0 0.749002 0.869914 0.051896 0.026571
0 0.875998 0.866316 0.046407 0.027124
0 0.814371 0.811791 0.049900 0.033767
0 0.619261 0.868530 0.044910 0.026571
0 0.091816 0.930529 0.040918 0.022696
0 0.695110 0.520343 0.073852 0.044838
0 0.427645 0.239275 0.071856 0.035704
0 0.165669 0.838777 0.047904 0.028508
0 0.695858 0.569195 0.077345 0.036812
0 0.502994 0.841406 0.048902 0.026017
0 0.446607 0.890396 0.045908 0.022696
0 0.314870 0.812068 0.056886 0.029338
0 0.679391 0.813867 0.049401 0.025740
0 0.817615 0.911016 0.040419 0.021312
0 0.753992 0.949211 0.042914 0.020205
0 0.814122 0.843482 0.045409 0.030169
0 0.561876 0.868945 0.049900 0.025740
0 0.693114 0.238306 0.073852 0.035428
0 0.883483 0.947966 0.044411 0.020482
0 0.429641 0.189040 0.072854 0.037642
0 0.388473 0.908940 0.041417 0.022142
0 0.291168 0.384030 0.064371 0.034044
0 0.242016 0.912261 0.043912 0.022142
0 0.087575 0.864379 0.050399 0.028231
0 0.388723 0.951010 0.050898 0.023249
0 0.694361 0.473014 0.076347 0.037088
0 0.065868 0.481041 0.069860 0.035428
0 0.322106 0.949211 0.048403 0.019651
0 0.561627 0.427346 0.083333 0.043731
0 0.302146 0.716579 0.074351 0.039856
0 0.750499 0.912676 0.041916 0.020205
0 0.077595 0.287157 0.079341 0.036258
0 0.446607 0.866731 0.051896 0.026847
0 0.504990 0.910462 0.038922 0.022419
0 0.682635 0.842098 0.047904 0.028508
0 0.446856 0.910324 0.044411 0.018821
0 0.623253 0.932189 0.040918 0.019374
0 0.820110 0.951010 0.045409 0.021589
0 0.295409 0.192914 0.068862 0.033213
0 0.626996 0.951287 0.047405 0.021035
0 0.389970 0.889981 0.045409 0.019098
0 0.503244 0.891503 0.043413 0.018821
0 0.506737 0.950595 0.045409 0.022419
0 0.386228 0.811791 0.047904 0.027678
0 0.068613 0.383200 0.078343 0.039026
0 0.566367 0.932189 0.041916 0.020482
0 0.389970 0.865763 0.057385 0.028785
0 0.384232 0.839192 0.047904 0.025464
0 0.504242 0.815112 0.049401 0.029892
0 0.067116 0.429837 0.069361 0.044838
0 0.679890 0.783006 0.051397 0.030446
0 0.315868 0.890949 0.053892 0.026017
0 0.879741 0.888597 0.043912 0.019098
0 0.089321 0.811652 0.050898 0.031830
0 0.066866 0.570855 0.061876 0.036258
0 0.568613 0.952256 0.045409 0.022973
0 0.566617 0.892748 0.044411 0.023526
0 0.089321 0.891226 0.044910 0.022696
0 0.746507 0.813728 0.055888 0.030999
0 0.076347 0.192084 0.082834 0.038749
0 0.090070 0.910601 0.043413 0.019374
0 0.696607 0.716994 0.060878 0.036258
0 0.430140 0.380432 0.069860 0.031276
0 0.448104 0.810545 0.044910 0.024080
0 0.937874 0.832964 0.040419 0.025740
0 0.093064 0.953224 0.047405 0.022142
0 0.622505 0.914891 0.040419 0.017991
0 0.159431 0.810822 0.052395 0.024633
0 0.566617 0.914060 0.040419 0.019651
0 0.163922 0.782867 0.048403 0.030169
0 0.318363 0.909632 0.045908 0.018544
0 0.936627 0.807224 0.043912 0.022973
0 0.938872 0.777332 0.043413 0.029615
