0 0.747559 0.176583 0.042643 0.046277
0 0.789225 0.082811 0.045898 0.052888
0 0.788249 0.177453 0.038737 0.049408
0 0.456868 0.084203 0.040690 0.040362
0 0.487467 0.809847 0.036784 0.046973
0 0.411296 0.090814 0.044596 0.045233
0 0.573242 0.902401 0.042318 0.042797
0 0.781576 0.637787 0.037760 0.043145
0 0.694987 0.913883 0.040365 0.044189
0 0.532878 0.585769 0.046224 0.037926
0 0.405599 0.630654 0.046875 0.042797
0 0.743978 0.086117 0.038086 0.048365
0 0.489421 0.628219 0.041992 0.040710
0 0.314290 0.403793 0.040690 0.037230
0 0.530273 0.628392 0.037760 0.047321
0 0.786133 0.129784 0.040365 0.038970
0 0.313639 0.044189 0.038737 0.052888
0 0.615397 0.586813 0.038737 0.038622
0 0.144368 0.134830 0.041341 0.048365
0 0.577637 0.181628 0.041341 0.042450
0 0.654785 0.906924 0.041341 0.042102
0 0.363444 0.125783 0.052409 0.053932
0 0.445801 0.679019 0.041341 0.040710
0 0.695638 0.816632 0.040365 0.045233
0 0.535645 0.229123 0.041341 0.044885
0 0.454915 0.441545 0.042643 0.050104
0 0.616374 0.677105 0.038737 0.050104
0 0.786947 0.542797 0.038086 0.050104
0 0.058919 0.040014 0.044922 0.048017
0 0.569987 0.768093 0.040365 0.045581
0 0.616048 0.766354 0.043294 0.041406
0 0.529785 0.723208 0.040039 0.047669
0 0.658691 0.181976 0.039388 0.044537
0 0.453776 0.307759 0.044271 0.047669
0 0.577962 0.136917 0.043294 0.046277
0 0.696777 0.673104 0.042643 0.042797
0 0.616536 0.041232 0.042318 0.045581
0 0.655436 0.405706 0.039388 0.044537
0 0.656413 0.580898 0.043294 0.040014
0 0.099121 0.276966 0.047201 0.043145
0 0.693685 0.766006 0.041667 0.049061
0 0.701986 0.194502 0.041341 0.041754
0 0.231771 0.274008 0.044922 0.044885
0 0.575358 0.627175 0.040690 0.045581
0 0.703125 0.364475 0.046875 0.043493
0 0.830892 0.081420 0.041992 0.034795
0 0.833171 0.176931 0.042643 0.046973
0 0.487630 0.717641 0.039062 0.046973
0 0.494466 0.273660 0.036458 0.042797
0 0.612142 0.949896 0.036784 0.045233
0 0.870443 0.630132 0.044922 0.048017
0 0.445801 0.542797 0.044596 0.045929
0 0.265951 0.541580 0.044271 0.046973
0 0.186198 0.404489 0.037760 0.045581
0 0.231283 0.397008 0.043294 0.037578
0 0.312988 0.263222 0.048503 0.040710
0 0.487956 0.583681 0.038411 0.037926
0 0.141602 0.321677 0.042969 0.043493
0 0.527669 0.855950 0.038411 0.048713
0 0.830566 0.129784 0.041341 0.036882
0 0.445312 0.858038 0.042969 0.043145
0 0.057454 0.091684 0.040039 0.048365
0 0.494792 0.447112 0.038411 0.044537
0 0.144043 0.180063 0.040039 0.044189
0 0.580566 0.279923 0.039388 0.053236
0 0.787760 0.686152 0.048828 0.046625
0 0.530762 0.676061 0.038086 0.045233
0 0.914225 0.403271 0.039388 0.048017
0 0.826335 0.902227 0.040039 0.046625
0 0.402995 0.585247 0.039714 0.043145
0 0.614746 0.629610 0.036133 0.042797
0 0.697103 0.867084 0.045247 0.049408
0 0.875651 0.412317 0.036458 0.047321
0 0.446452 0.587335 0.044596 0.040362
0 0.361491 0.274878 0.046549 0.060543
0 0.611328 0.899095 0.036458 0.048017
0 0.055176 0.321155 0.045898 0.045233
0 0.909505 0.770703 0.042969 0.043841
0 0.494954 0.187543 0.036784 0.044537
0 0.487630 0.671364 0.039062 0.038622
0 0.915365 0.687022 0.046224 0.041406
0 0.657227 0.624913 0.041016 0.041058
0 0.617025 0.087335 0.040690 0.042450
0 0.744792 0.225818 0.038411 0.050104
0 0.576986 0.539318 0.038737 0.038274
0 0.620117 0.272269 0.043620 0.042797
0 0.916016 0.604558 0.047526 0.035143
0 0.492676 0.403445 0.036784 0.043493
0 0.740072 0.858038 0.043945 0.052192
0 0.867676 0.722860 0.036784 0.052540
0 0.657715 0.085769 0.038086 0.051844
0 0.662760 0.274356 0.045573 0.049756
0 0.571777 0.715727 0.037435 0.046625
0 0.613770 0.721816 0.036784 0.040014
0 0.448079 0.633090 0.039388 0.044189
0 0.653646 0.539144 0.042969 0.038622
0 0.829753 0.037230 0.045573 0.045233
0 0.058268 0.138657 0.041667 0.045581
0 0.703451 0.278880 0.037109 0.049756
0 0.445312 0.722338 0.041016 0.040362
0 0.576497 0.228079 0.036458 0.046973
0 0.914388 0.643354 0.039714 0.041754
0 0.697754 0.581072 0.036784 0.035491
0 0.702799 0.114997 0.042318 0.045581
0 0.826660 0.672060 0.037435 0.044189
0 0.494141 0.358386 0.037760 0.043841
0 0.485352 0.541058 0.037760 0.044537
0 0.184245 0.272443 0.041016 0.047321
0 0.868164 0.774182 0.034505 0.044537
0 0.276042 0.037056 0.039714 0.037926
0 0.355306 0.584551 0.035482 0.038274
0 0.692057 0.718337 0.039714 0.042797
0 0.652344 0.953549 0.037760 0.040014
0 0.656413 0.451113 0.037435 0.044189
0 0.658366 0.134482 0.037435 0.044885
0 0.186849 0.181628 0.041016 0.043841
0 0.099121 0.406576 0.041341 0.055324
0 0.701823 0.323765 0.038411 0.033751
0 0.487793 0.861691 0.034180 0.047669
0 0.275553 0.084899 0.036784 0.048017
0 0.275879 0.134656 0.038737 0.048713
0 0.788900 0.320633 0.037435 0.051148
0 0.353190 0.860995 0.039062 0.044189
0 0.871419 0.269833 0.040365 0.048365
0 0.450033 0.394224 0.040039 0.040362
0 0.399414 0.902923 0.035807 0.052192
0 0.486328 0.765484 0.037109 0.038970
0 0.571940 0.811761 0.042969 0.037578
0 0.183594 0.085769 0.035807 0.045581
0 0.705404 0.448852 0.044271 0.037578
0 0.530111 0.542102 0.045247 0.048713
0 0.057780 0.453201 0.039388 0.049061
0 0.412598 0.135525 0.040039 0.038622
0 0.144043 0.042797 0.037435 0.050800
0 0.444499 0.764962 0.036784 0.040014
0 0.141764 0.404315 0.045898 0.041058
0 0.869466 0.581942 0.039714 0.042797
0 0.099609 0.360995 0.041016 0.035143
0 0.701823 0.408838 0.046224 0.036186
0 0.486003 0.953201 0.039062 0.037926
0 0.618164 0.226688 0.044922 0.037230
0 0.534342 0.185108 0.038737 0.040362
0 0.535156 0.317328 0.041667 0.041058
0 0.619141 0.181802 0.044271 0.046973
0 0.401367 0.675539 0.040365 0.043493
0 0.740885 0.770007 0.041667 0.043145
0 0.312663 0.311761 0.041992 0.052888
0 0.694824 0.952679 0.036133 0.037578
0 0.827474 0.812630 0.042318 0.038622
0 0.316406 0.446242 0.046875 0.047669
0 0.575684 0.087509 0.036133 0.047669
0 0.785645 0.225818 0.038086 0.042450
0 0.312826 0.363431 0.040365 0.045581
0 0.528320 0.769833 0.037109 0.039318
0 0.144043 0.225992 0.037435 0.035839
0 0.536296 0.145790 0.039388 0.034099
0 0.654460 0.817502 0.036784 0.044885
0 0.737630 0.722860 0.042318 0.046973
0 0.569499 0.949722 0.040039 0.046277
0 0.442871 0.906228 0.039388 0.046277
0 0.355632 0.767049 0.038086 0.039318
0 0.141276 0.089944 0.037109 0.041406
0 0.870605 0.141267 0.032227 0.040362
0 0.618001 0.132568 0.038737 0.038970
0 0.526530 0.950418 0.036133 0.046973
0 0.313477 0.096729 0.037109 0.046625
0 0.494629 0.230167 0.034831 0.042797
0 0.360840 0.220077 0.040690 0.049061
0 0.869629 0.534447 0.036784 0.036882
0 0.098796 0.183542 0.038737 0.044189
0 0.053711 0.273834 0.035807 0.045233
0 0.539714 0.450070 0.044271 0.044885
0 0.495443 0.089770 0.037760 0.049408
0 0.489421 0.911447 0.040690 0.043493
0 0.185710 0.134482 0.038086 0.045581
0 0.831868 0.317154 0.044596 0.040014
0 0.400879 0.774008 0.041341 0.045581
0 0.497070 0.140049 0.038411 0.045581
0 0.229655 0.179715 0.040039 0.044189
0 0.832682 0.448678 0.042318 0.035839
0 0.701497 0.154662 0.042318 0.036534
0 0.363444 0.402401 0.041341 0.042102
0 0.100586 0.229993 0.046875 0.045233
0 0.232747 0.105428 0.039714 0.034795
0 0.830078 0.535491 0.039062 0.037578
0 0.869954 0.039492 0.036784 0.051148
0 0.870931 0.092554 0.034831 0.052888
0 0.828288 0.579680 0.042643 0.041058
0 0.142904 0.271573 0.034505 0.049061
0 0.867676 0.868302 0.034831 0.046277
0 0.917480 0.448156 0.043294 0.036882
0 0.651693 0.673626 0.036458 0.048713
0 0.354492 0.955637 0.036458 0.039318
0 0.401367 0.725992 0.039714 0.040710
0 0.652018 0.861691 0.039714 0.037230
0 0.099772 0.134656 0.040690 0.049408
0 0.868490 0.821677 0.034505 0.045581
0 0.827148 0.764440 0.039062 0.043145
0 0.360677 0.361865 0.049479 0.041754
0 0.454915 0.135003 0.040039 0.041058
0 0.830892 0.357690 0.040690 0.040362
0 0.653809 0.767223 0.033529 0.047321
0 0.098470 0.321329 0.037435 0.042102
0 0.907389 0.950592 0.038086 0.043841
0 0.317057 0.182150 0.048828 0.041406
0 0.397298 0.537752 0.040039 0.037926
0 0.740397 0.909186 0.041992 0.038274
0 0.868652 0.677627 0.042643 0.039318
0 0.264648 0.582811 0.041667 0.033403
0 0.362467 0.174843 0.045247 0.037926
0 0.785970 0.733646 0.035482 0.036534
0 0.615234 0.543493 0.035807 0.049408
0 0.911947 0.728427 0.040690 0.035839
0 0.786296 0.779228 0.041341 0.041406
0 0.186198 0.452157 0.040365 0.045581
0 0.142090 0.448504 0.044596 0.044537
0 0.613281 0.806367 0.036458 0.039318
0 0.655762 0.359429 0.036133 0.043145
0 0.536458 0.275400 0.044922 0.040014
0 0.356283 0.542102 0.042643 0.048713
0 0.409180 0.227209 0.043620 0.038274
0 0.097656 0.454071 0.040365 0.036186
0 0.832845 0.403097 0.039388 0.048365
0 0.873047 0.185456 0.036458 0.040362
0 0.355306 0.717641 0.036133 0.044189
0 0.911947 0.356994 0.038086 0.038970
0 0.745931 0.274704 0.042643 0.037926
0 0.610026 0.853514 0.037760 0.040362
0 0.359701 0.445372 0.039062 0.043841
0 0.662109 0.224948 0.039062 0.034447
0 0.412272 0.179019 0.043945 0.042797
0 0.787923 0.415101 0.044596 0.041058
0 0.307292 0.950765 0.038411 0.049756
0 0.397461 0.955463 0.036458 0.038274
0 0.744303 0.038274 0.036784 0.040362
0 0.697917 0.537752 0.041016 0.037230
0 0.536621 0.404836 0.040690 0.044189
0 0.407227 0.042276 0.037760 0.049756
0 0.823568 0.949026 0.043620 0.039318
0 0.490234 0.038448 0.035156 0.043493
0 0.911784 0.085943 0.033203 0.043841
0 0.873535 0.363257 0.033529 0.048017
0 0.907715 0.862735 0.040039 0.042102
0 0.451660 0.354036 0.036784 0.039318
0 0.355306 0.625783 0.040039 0.037230
0 0.789551 0.370390 0.041992 0.044885
0 0.184408 0.320111 0.036784 0.044537
0 0.743978 0.131002 0.036784 0.040710
0 0.909668 0.819937 0.041992 0.039318
0 0.907227 0.905706 0.038411 0.034099
0 0.265137 0.625609 0.040039 0.042450
0 0.309896 0.866214 0.039714 0.035839
0 0.537760 0.359255 0.042318 0.036534
0 0.189290 0.036360 0.038086 0.045581
0 0.529134 0.904489 0.038737 0.040710
0 0.355306 0.907794 0.044596 0.043841
0 0.828288 0.718337 0.038086 0.035839
0 0.828939 0.270355 0.040690 0.045929
0 0.443197 0.810543 0.036784 0.042797
0 0.694661 0.624565 0.035807 0.038274
0 0.056152 0.406576 0.035482 0.045581
0 0.354492 0.669624 0.039714 0.040710
0 0.528646 0.812109 0.037760 0.036882
0 0.309570 0.737300 0.040365 0.030619
0 0.534668 0.110821 0.038737 0.035839
0 0.872233 0.224078 0.035482 0.037578
0 0.310547 0.544015 0.041016 0.046277
0 0.442871 0.954767 0.036133 0.044537
0 0.613118 0.402749 0.039388 0.043493
0 0.454590 0.181454 0.038086 0.036534
0 0.056152 0.181280 0.038086 0.042450
0 0.310384 0.776792 0.040690 0.046277
0 0.453613 0.038796 0.038737 0.048365
0 0.827637 0.624739 0.040039 0.040710
0 0.786621 0.271747 0.034831 0.041058
0 0.308594 0.628392 0.033203 0.041058
0 0.784505 0.033229 0.037109 0.034447
0 0.828939 0.223208 0.040690 0.041406
0 0.866536 0.912143 0.035807 0.040710
0 0.231771 0.138309 0.040365 0.035839
0 0.100098 0.036186 0.043945 0.038274
0 0.578125 0.325331 0.041016 0.036882
0 0.735189 0.949026 0.033529 0.036534
0 0.185384 0.225992 0.033529 0.034447
0 0.231120 0.319763 0.044271 0.037578
0 0.825195 0.854036 0.037109 0.044189
0 0.355794 0.810369 0.037760 0.041058
0 0.577311 0.581246 0.036133 0.035839
0 0.311198 0.905532 0.034505 0.032359
0 0.572103 0.856472 0.035482 0.045581
0 0.612467 0.448156 0.038737 0.046625
0 0.866536 0.955811 0.037760 0.036882
0 0.230143 0.228079 0.044271 0.047669
0 0.229004 0.440501 0.040039 0.047321
0 0.789225 0.453375 0.038737 0.031315
0 0.452148 0.256611 0.040365 0.043493
0 0.308105 0.821329 0.036133 0.040014
0 0.571452 0.670494 0.038086 0.034099
0 0.739095 0.613257 0.040690 0.051148
0 0.185059 0.362039 0.034831 0.032359
0 0.740560 0.657620 0.040365 0.031315
0 0.874023 0.454419 0.037760 0.032707
0 0.100260 0.085247 0.037760 0.034099
0 0.361328 0.323591 0.048828 0.033403
0 0.054850 0.363953 0.040039 0.036882
0 0.910807 0.039840 0.037109 0.044885
0 0.700846 0.235908 0.031901 0.031315
0 0.785645 0.590988 0.044596 0.042102
0 0.140462 0.361169 0.038737 0.029923
0 0.403320 0.855950 0.043620 0.040362
0 0.315104 0.142484 0.039062 0.033751
0 0.656087 0.036013 0.031576 0.035143
0 0.309408 0.586291 0.034180 0.034099
0 0.181152 0.582811 0.038086 0.045233
0 0.181478 0.537578 0.038086 0.045929
0 0.910482 0.317676 0.038411 0.039666
0 0.910970 0.223904 0.037435 0.046973
0 0.495443 0.315066 0.035156 0.037230
0 0.618490 0.318372 0.037109 0.034099
0 0.652832 0.718685 0.035482 0.033055
0 0.053711 0.227209 0.039062 0.029923
0 0.577311 0.036360 0.035482 0.033055
0 0.908529 0.129436 0.031901 0.037578
0 0.399902 0.816980 0.040690 0.035491
0 0.740560 0.808629 0.042969 0.029923
0 0.872070 0.318720 0.032552 0.038274
0 0.909342 0.177279 0.034180 0.039318
0 0.910970 0.273312 0.037435 0.040710
0 0.312012 0.224600 0.043294 0.032359
0 0.228190 0.356472 0.037760 0.033055
0 0.310384 0.703027 0.041341 0.037926
0 0.614095 0.356472 0.043945 0.026096
0 0.658691 0.318720 0.040039 0.028532
0 0.309408 0.669102 0.038086 0.032011
0 0.956868 0.855776 0.037435 0.043493
0 0.956055 0.400835 0.034505 0.041754
0 0.453776 0.224426 0.041667 0.022269
0 0.740397 0.686152 0.043294 0.018093
0 0.450358 0.489736 0.031576 0.033055
0 0.944661 0.815414 0.020833 0.028880
0 0.183105 0.622825 0.044596 0.032707
0 0.180827 0.657620 0.037435 0.036882
0 0.959473 0.622825 0.036784 0.043145
