0 0.073417 0.112863 0.100905 0.111081
0 0.068546 0.214962 0.113431 0.089002
0 0.805932 0.224150 0.153619 0.101618
0 0.940240 0.154759 0.089248 0.088453
0 0.335160 0.485258 0.128914 0.141114
0 0.463727 0.339619 0.096903 0.082968
0 0.869085 0.929169 0.120912 0.097504
0 0.732690 0.788193 0.053758 0.036890
0 0.215553 0.568088 0.099513 0.071722
0 0.946764 0.253497 0.084899 0.088727
0 0.755393 0.078236 0.160056 0.113961
0 0.542797 0.563906 0.046625 0.039770
0 0.706942 0.177318 0.049235 0.047449
0 0.921277 0.060683 0.136569 0.076659
0 0.663796 0.714139 0.125783 0.135080
0 0.652140 0.574534 0.147704 0.138645
0 0.716945 0.293129 0.042102 0.039358
0 0.493128 0.470996 0.100731 0.127948
0 0.871086 0.430197 0.219555 0.101207
0 0.519659 0.810820 0.137439 0.132611
0 0.821503 0.324259 0.144050 0.073368
0 0.069328 0.303415 0.093076 0.058009
0 0.693894 0.935134 0.180411 0.102304
0 0.487039 0.102647 0.126131 0.143856
0 0.528793 0.306226 0.040536 0.037575
0 0.728862 0.659421 0.045407 0.043747
0 0.950678 0.350795 0.075678 0.079539
0 0.176670 0.255760 0.082985 0.077071
0 0.242345 0.471270 0.040710 0.031953
0 0.208681 0.486766 0.106298 0.071448
0 0.949548 0.444048 0.068894 0.076248
0 0.361256 0.792992 0.113257 0.085985
0 0.344816 0.348053 0.111343 0.108338
0 0.623173 0.059312 0.095685 0.071722
0 0.721033 0.420804 0.043667 0.034970
0 0.647791 0.442471 0.184586 0.125480
0 0.255567 0.657433 0.039318 0.045804
0 0.880567 0.421832 0.044363 0.040044
0 0.557585 0.706802 0.048017 0.041141
0 0.262265 0.781541 0.048191 0.044432
0 0.826026 0.639674 0.125261 0.119446
0 0.908055 0.704402 0.037752 0.046764
0 0.258960 0.894748 0.040188 0.037987
0 0.265832 0.931843 0.253305 0.118760
0 0.220338 0.169364 0.121955 0.085573
0 0.539840 0.393102 0.041754 0.049506
0 0.713118 0.049986 0.043841 0.033873
0 0.738605 0.859778 0.057237 0.048135
0 0.804541 0.431432 0.086465 0.083379
0 0.552366 0.043472 0.042797 0.044158
0 0.203810 0.683420 0.139701 0.124657
0 0.849513 0.776536 0.154489 0.146050
0 0.875174 0.051221 0.043319 0.054717
0 0.338031 0.648176 0.121781 0.176221
0 0.470511 0.642896 0.127175 0.138234
0 0.830463 0.527427 0.161969 0.090784
0 0.890049 0.572751 0.045581 0.029484
0 0.626392 0.177180 0.157794 0.134942
0 0.635786 0.308489 0.160578 0.136177
0 0.665884 0.826454 0.111169 0.089550
0 0.461117 0.230458 0.161969 0.098053
0 0.236256 0.245200 0.044189 0.032639
0 0.261047 0.157090 0.037404 0.031679
0 0.190066 0.811163 0.106994 0.101207
0 0.242345 0.569117 0.034795 0.034833
0 0.118563 0.356007 0.065588 0.041141
0 0.528706 0.172998 0.034795 0.023176
0 0.903358 0.809037 0.040188 0.044295
0 0.881350 0.313220 0.041406 0.033736
