0 0.879619 0.058271 0.111432 0.050969
0 0.885970 0.112966 0.128753 0.060805
0 0.886836 0.183010 0.130485 0.079285
0 0.888279 0.245455 0.106813 0.047392
0 0.880485 0.297317 0.117783 0.058718
0 0.884815 0.353055 0.139145 0.052757
0 0.885104 0.405514 0.130485 0.056334
0 0.881640 0.464531 0.123557 0.061699
0 0.887125 0.517437 0.096420 0.044113
0 0.887991 0.563934 0.115473 0.053055
0 0.881640 0.610283 0.090069 0.055142
0 0.882794 0.659463 0.113164 0.047392
0 0.887125 0.708495 0.121824 0.059613
0 0.880485 0.763785 0.130485 0.057526
0 0.878464 0.816244 0.117206 0.047392
0 0.878464 0.866915 0.147229 0.065276
0 0.881351 0.916990 0.124134 0.055142
0 0.721420 0.068852 0.106813 0.073920
0 0.719111 0.125037 0.111432 0.056334
0 0.719111 0.176900 0.119515 0.062891
0 0.721420 0.231595 0.124134 0.053055
0 0.716801 0.284054 0.136836 0.058420
0 0.726617 0.342474 0.109122 0.060805
0 0.717090 0.398212 0.120092 0.059613
0 0.722286 0.461699 0.125866 0.067362
0 0.720266 0.507004 0.113741 0.051863
0 0.720266 0.560060 0.117206 0.051863
0 0.710450 0.607004 0.119515 0.042027
0 0.717956 0.653800 0.121824 0.053949
0 0.717090 0.711923 0.145497 0.055142
0 0.713915 0.765872 0.134527 0.057526
0 0.712760 0.823845 0.111432 0.058420
0 0.713915 0.878689 0.121824 0.053055
0 0.711894 0.922802 0.117783 0.053055
0 0.566109 0.061699 0.134527 0.059613
0 0.557737 0.119523 0.135104 0.058420
0 0.558891 0.177049 0.128176 0.060805
0 0.557448 0.229955 0.109122 0.047392
0 0.558603 0.280179 0.136836 0.050671
0 0.556582 0.327720 0.110855 0.048584
0 0.549365 0.376155 0.109122 0.046498
0 0.557737 0.428018 0.130485 0.050671
0 0.554273 0.485544 0.128176 0.050671
0 0.561778 0.542325 0.143187 0.060507
0 0.570439 0.598659 0.130485 0.065276
0 0.551097 0.661550 0.109122 0.056334
0 0.557737 0.714456 0.130485 0.051863
0 0.556871 0.763040 0.111432 0.051863
0 0.549076 0.819523 0.113164 0.065276
0 0.545901 0.872876 0.141455 0.055142
0 0.555427 0.919970 0.117783 0.056334
0 0.403868 0.069896 0.121824 0.065276
0 0.402714 0.129955 0.141455 0.059613
0 0.400693 0.185246 0.115473 0.061699
0 0.409065 0.231148 0.081409 0.040835
0 0.403868 0.282265 0.104503 0.059613
0 0.410508 0.334724 0.130485 0.058420
0 0.400693 0.382265 0.132794 0.060507
0 0.392898 0.428614 0.126443 0.051863
0 0.385681 0.477794 0.098152 0.057228
0 0.395208 0.526975 0.117206 0.051863
0 0.397229 0.574963 0.113164 0.053055
0 0.394919 0.623994 0.117783 0.053949
0 0.389723 0.674814 0.102771 0.054247
0 0.386547 0.725633 0.109122 0.040835
0 0.396074 0.766468 0.128176 0.058718
0 0.383372 0.823994 0.128176 0.056334
0 0.393187 0.877496 0.143187 0.053055
0 0.383661 0.923845 0.094111 0.042027
0 0.249711 0.179285 0.121824 0.056334
0 0.247691 0.241580 0.117783 0.068256
0 0.246536 0.288972 0.102771 0.039642
0 0.247113 0.337109 0.140878 0.058420
0 0.246536 0.394337 0.128176 0.060805
0 0.241339 0.457377 0.130485 0.065276
0 0.247691 0.503130 0.100462 0.044113
0 0.244515 0.548435 0.111432 0.046498
0 0.240185 0.603577 0.123557 0.057228
0 0.241339 0.657079 0.143187 0.062891
0 0.245670 0.715648 0.151848 0.051863
0 0.243360 0.770790 0.117206 0.058420
0 0.233834 0.828763 0.140878 0.055142
0 0.234988 0.873025 0.100462 0.039940
0 0.238164 0.924888 0.119515 0.057228
0 0.092667 0.069300 0.154157 0.061699
0 0.104215 0.121162 0.121824 0.048584
0 0.096709 0.172578 0.119515 0.051863
0 0.101039 0.227869 0.132794 0.056334
0 0.103349 0.286289 0.140878 0.060507
0 0.089492 0.341431 0.125866 0.060507
0 0.093822 0.392697 0.134527 0.061699
0 0.093533 0.448733 0.113164 0.065276
0 0.099885 0.505365 0.117783 0.064083
0 0.095843 0.557228 0.113164 0.046200
0 0.093533 0.607004 0.130485 0.061699
0 0.093822 0.656036 0.096420 0.038748
0 0.087182 0.708495 0.117783 0.066170
0 0.082564 0.766468 0.115473 0.047392
0 0.079965 0.817288 0.119515 0.054247
0 0.087471 0.873472 0.104503 0.062891
0 0.086316 0.922653 0.111432 0.052757
