0 0.740977 0.063573 0.028318 0.027640
0 0.503470 0.067355 0.028040 0.028804
0 0.945586 0.457812 0.027762 0.029968
0 0.385203 0.096596 0.026374 0.027931
0 0.591893 0.397149 0.026652 0.025022
0 0.093282 0.821210 0.028318 0.029386
0 0.849389 0.804626 0.029706 0.026477
0 0.529567 0.828048 0.024153 0.030841
0 0.800666 0.064882 0.026652 0.027349
0 0.206135 0.071574 0.025819 0.027931
0 0.675875 0.774804 0.027485 0.029095
0 0.791088 0.803462 0.026929 0.027058
0 0.470850 0.827320 0.026097 0.025895
0 0.856746 0.405586 0.027762 0.023858
0 0.178651 0.823102 0.026929 0.026186
0 0.502221 0.035932 0.027762 0.031132
0 0.645058 0.800989 0.028595 0.027349
0 0.763465 0.775531 0.024431 0.028222
0 0.914353 0.457376 0.028040 0.031423
0 0.122016 0.822229 0.029150 0.026768
0 0.615769 0.802589 0.026652 0.025313
0 0.936979 0.803753 0.026652 0.025895
0 0.176707 0.071574 0.025819 0.025022
0 0.820933 0.805208 0.024986 0.024149
0 0.471682 0.038842 0.024986 0.029386
0 0.739311 0.033023 0.026652 0.028222
0 0.383676 0.038842 0.026652 0.024731
0 0.473209 0.096596 0.026929 0.025604
0 0.707524 0.425225 0.029150 0.025313
0 0.208356 0.797643 0.023598 0.027640
0 0.621321 0.397003 0.027762 0.027058
0 0.323154 0.042479 0.026652 0.027349
0 0.829539 0.066337 0.023876 0.027931
0 0.534009 0.450102 0.027485 0.026768
0 0.503609 0.096450 0.026652 0.024149
0 0.918379 0.094268 0.028873 0.027931
0 0.799972 0.032732 0.026929 0.027058
0 0.907551 0.805208 0.025541 0.027058
0 0.884231 0.456066 0.026097 0.028804
0 0.937535 0.776695 0.027762 0.027640
0 0.355219 0.070119 0.026929 0.025604
0 0.324125 0.799534 0.025264 0.023276
0 0.235564 0.798080 0.025819 0.026768
0 0.704609 0.801862 0.027207 0.027349
0 0.675736 0.803026 0.026652 0.027349
0 0.645891 0.773203 0.028040 0.029386
0 0.295947 0.799244 0.024431 0.028513
0 0.918517 0.037096 0.026374 0.027058
0 0.148529 0.769276 0.027207 0.027931
0 0.121044 0.770730 0.026097 0.028513
0 0.353692 0.041315 0.029983 0.026768
0 0.443365 0.039133 0.026652 0.025895
0 0.652693 0.063427 0.023876 0.027349
0 0.146863 0.043352 0.023320 0.027931
0 0.763048 0.803317 0.025819 0.027349
0 0.323848 0.070992 0.026929 0.025604
0 0.208912 0.772767 0.025819 0.027349
0 0.383259 0.826738 0.026929 0.026477
0 0.617435 0.828921 0.027762 0.027931
0 0.623959 0.092377 0.025264 0.027640
0 0.831205 0.093832 0.025541 0.025895
0 0.294697 0.041897 0.024708 0.027349
0 0.859939 0.092377 0.024153 0.027058
0 0.683926 0.064155 0.023043 0.025895
0 0.411855 0.827320 0.026929 0.028222
0 0.266380 0.824411 0.025264 0.027058
0 0.622848 0.034914 0.025819 0.029095
0 0.709051 0.399622 0.024431 0.025313
0 0.587451 0.800116 0.025541 0.029677
0 0.236535 0.097760 0.025541 0.026186
0 0.443365 0.066919 0.026097 0.026186
0 0.500416 0.828484 0.026374 0.025895
0 0.771516 0.092668 0.023876 0.028222
0 0.684620 0.092086 0.027207 0.025895
0 0.711549 0.034914 0.025541 0.026768
0 0.801360 0.093104 0.026374 0.027349
0 0.441699 0.827320 0.024986 0.027058
0 0.502637 0.449956 0.026374 0.026477
0 0.264853 0.041606 0.027762 0.028513
0 0.889228 0.064737 0.025541 0.024731
0 0.796918 0.405150 0.024153 0.021239
0 0.704053 0.829212 0.027207 0.027349
0 0.766519 0.453157 0.026652 0.027640
0 0.534425 0.092523 0.024986 0.024440
0 0.762909 0.830375 0.024986 0.029095
0 0.738062 0.426971 0.024153 0.028804
0 0.907274 0.830084 0.027762 0.025604
0 0.849112 0.775095 0.023043 0.030259
0 0.562743 0.422461 0.027207 0.027349
0 0.624098 0.063136 0.024986 0.026768
0 0.383953 0.067792 0.026097 0.027931
0 0.854803 0.455339 0.026652 0.028513
0 0.411022 0.038697 0.024153 0.026186
0 0.207940 0.823974 0.025541 0.025604
0 0.503470 0.393803 0.025264 0.024149
0 0.063715 0.821792 0.028595 0.028222
0 0.791644 0.775531 0.024708 0.027640
0 0.149778 0.098923 0.028595 0.025604
0 0.858967 0.034332 0.025541 0.027931
0 0.767213 0.402531 0.024153 0.023567
0 0.616047 0.773203 0.025541 0.028804
0 0.588701 0.828484 0.025819 0.028222
0 0.063576 0.796625 0.025541 0.025604
0 0.354386 0.446756 0.026374 0.026477
0 0.178512 0.771603 0.025541 0.029095
0 0.856469 0.427699 0.028873 0.025604
0 0.735147 0.803608 0.026097 0.025022
0 0.710439 0.452429 0.026652 0.025022
0 0.653803 0.093104 0.025541 0.028513
0 0.735702 0.776113 0.026097 0.028804
0 0.324542 0.098633 0.025541 0.025604
0 0.296502 0.826593 0.026097 0.026768
0 0.859800 0.064882 0.027207 0.029095
0 0.439200 0.772767 0.026097 0.026768
0 0.681705 0.034187 0.024153 0.029968
0 0.794559 0.455339 0.024431 0.027931
0 0.266935 0.798516 0.026929 0.028804
0 0.558717 0.826447 0.026929 0.029386
0 0.033731 0.789206 0.022488 0.022403
0 0.949750 0.065755 0.026652 0.028513
0 0.588284 0.772767 0.027207 0.026768
0 0.796086 0.428135 0.024153 0.027640
0 0.889367 0.036514 0.026929 0.027058
0 0.767074 0.426826 0.026652 0.023858
0 0.443226 0.449084 0.026929 0.028222
0 0.440589 0.800116 0.025541 0.026768
0 0.503748 0.422316 0.026374 0.024149
0 0.653526 0.034769 0.028873 0.027058
0 0.265963 0.070701 0.024986 0.023858
0 0.589811 0.450829 0.026374 0.026477
0 0.557329 0.773349 0.028040 0.027931
0 0.738756 0.453157 0.025541 0.027058
0 0.824681 0.454903 0.025819 0.031132
0 0.737646 0.401222 0.024986 0.023276
0 0.296224 0.447338 0.027207 0.027058
0 0.235425 0.771312 0.026097 0.026768
0 0.594114 0.036369 0.025541 0.028513
0 0.914214 0.407041 0.023320 0.025604
0 0.649917 0.396712 0.025541 0.024149
0 0.534703 0.036223 0.026097 0.028222
0 0.150472 0.822374 0.025541 0.026477
0 0.822182 0.776840 0.025819 0.026768
0 0.472515 0.067501 0.026652 0.024440
0 0.677124 0.583794 0.021655 0.027640
0 0.444614 0.096887 0.026374 0.026186
0 0.265269 0.098633 0.023598 0.029095
0 0.822599 0.830812 0.023876 0.028804
0 0.620211 0.450829 0.025541 0.023567
0 0.413381 0.095578 0.024431 0.026477
0 0.412687 0.799389 0.026374 0.029386
0 0.090505 0.070992 0.023876 0.024440
0 0.678512 0.453157 0.026652 0.026477
0 0.295947 0.098196 0.024431 0.027640
0 0.712104 0.091068 0.024431 0.023276
0 0.936285 0.830375 0.024153 0.027931
0 0.234453 0.043788 0.024708 0.029968
0 0.825791 0.404568 0.023043 0.022985
0 0.949334 0.036369 0.025264 0.026186
0 0.562604 0.450393 0.024708 0.024440
0 0.908245 0.775676 0.026374 0.029095
0 0.265686 0.392348 0.024431 0.027058
0 0.528179 0.772912 0.024153 0.028222
0 0.118684 0.070701 0.024708 0.024440
0 0.421155 0.179226 0.024431 0.020949
0 0.735841 0.829066 0.025264 0.028804
0 0.325930 0.446319 0.026097 0.025604
0 0.563992 0.090922 0.021932 0.021821
0 0.063992 0.043643 0.022488 0.025604
0 0.889783 0.092377 0.022765 0.027058
0 0.208218 0.099069 0.026097 0.027058
0 0.649778 0.451702 0.023598 0.024731
0 0.472654 0.394239 0.022488 0.025604
0 0.119100 0.099360 0.026652 0.026477
0 0.646308 0.828339 0.025541 0.025022
0 0.676013 0.830666 0.024431 0.027931
0 0.919350 0.065900 0.026929 0.028804
0 0.703359 0.773931 0.025264 0.025022
0 0.355358 0.097760 0.025541 0.027349
0 0.769434 0.034187 0.024153 0.027640
0 0.770544 0.063573 0.024708 0.024731
0 0.825791 0.427117 0.023598 0.025604
0 0.500694 0.770294 0.026374 0.023567
0 0.413520 0.447192 0.024708 0.030259
0 0.879095 0.830812 0.026929 0.025895
0 0.120489 0.443555 0.026652 0.028222
0 0.660328 0.147949 0.024153 0.023567
0 0.468906 0.773058 0.026652 0.026768
0 0.352998 0.825866 0.023598 0.027640
0 0.238201 0.444574 0.024431 0.028513
0 0.471960 0.447774 0.024431 0.027931
0 0.792615 0.829939 0.024986 0.027640
0 0.381732 0.800262 0.024986 0.028222
0 0.301916 0.153913 0.021932 0.022112
0 0.878540 0.804190 0.025819 0.026768
0 0.919073 0.544225 0.023043 0.021239
0 0.237229 0.824120 0.024708 0.028222
0 0.382010 0.773494 0.026097 0.024731
0 0.324403 0.825138 0.024153 0.027931
0 0.452388 0.176026 0.022488 0.022112
0 0.885758 0.405877 0.022488 0.022694
0 0.331205 0.153331 0.022210 0.022112
0 0.876874 0.775386 0.024708 0.025604
0 0.117990 0.042479 0.023320 0.028513
0 0.678790 0.508001 0.024986 0.023276
0 0.949473 0.094123 0.025541 0.026477
0 0.412132 0.773349 0.025819 0.025604
0 0.678651 0.425080 0.022488 0.025022
0 0.361327 0.204830 0.021932 0.023276
0 0.210300 0.443701 0.029150 0.027349
0 0.389922 0.123800 0.024153 0.024731
0 0.301916 0.181263 0.022488 0.022694
0 0.175875 0.042188 0.024708 0.026768
0 0.741949 0.091795 0.022488 0.026477
0 0.275403 0.236689 0.023320 0.020076
0 0.204331 0.042479 0.024986 0.025022
0 0.064686 0.070992 0.020544 0.025022
0 0.323987 0.773640 0.026652 0.025604
0 0.542199 0.174425 0.021655 0.027058
0 0.392143 0.203666 0.021377 0.022694
0 0.062743 0.768257 0.025541 0.026477
0 0.091199 0.098923 0.023598 0.027349
0 0.711688 0.063282 0.023043 0.022985
0 0.850361 0.831103 0.022765 0.025313
0 0.033592 0.765784 0.022765 0.023858
0 0.325375 0.394094 0.022210 0.029386
0 0.835092 0.120890 0.022765 0.020658
0 0.678512 0.371836 0.024986 0.026768
0 0.361049 0.153477 0.022488 0.022403
0 0.540255 0.121472 0.021099 0.022985
0 0.719461 0.172534 0.021377 0.021530
0 0.091893 0.769276 0.023320 0.028513
0 0.500139 0.805935 0.023043 0.020367
0 0.065380 0.099796 0.022488 0.022694
0 0.178651 0.099505 0.024708 0.025604
0 0.500972 0.789206 0.024708 0.018330
0 0.266935 0.772331 0.029150 0.028804
0 0.392004 0.179517 0.022765 0.022112
0 0.453220 0.200756 0.021377 0.022112
0 0.296224 0.771167 0.024431 0.024149
0 0.421710 0.152895 0.022210 0.024149
0 0.089672 0.042770 0.023876 0.022112
0 0.572321 0.175444 0.021932 0.022112
0 0.661160 0.175880 0.023598 0.021821
0 0.650194 0.422898 0.023876 0.025313
0 0.363687 0.235089 0.026097 0.022694
0 0.677957 0.555572 0.021099 0.022985
0 0.629789 0.121036 0.021932 0.020949
0 0.479178 0.122491 0.021099 0.023276
0 0.333009 0.235380 0.025264 0.022694
0 0.890755 0.541024 0.023598 0.022403
0 0.598973 0.584376 0.022488 0.018912
0 0.658662 0.121036 0.020822 0.020367
0 0.180039 0.444283 0.023598 0.026186
0 0.829123 0.035205 0.024153 0.025604
0 0.296086 0.393512 0.024153 0.027058
0 0.631594 0.199447 0.022765 0.018912
0 0.533176 0.395694 0.023598 0.022112
0 0.331621 0.179372 0.021932 0.020076
0 0.897002 0.175444 0.022210 0.023276
0 0.272765 0.154350 0.021377 0.021239
0 0.677679 0.398167 0.024986 0.022985
0 0.361605 0.179953 0.024153 0.021821
0 0.885341 0.428280 0.023320 0.024440
0 0.561910 0.395403 0.024431 0.023858
0 0.481677 0.200611 0.022210 0.021821
0 0.077041 0.582048 0.022488 0.018912
0 0.562882 0.036078 0.024153 0.024440
0 0.918379 0.595868 0.025541 0.022694
0 0.481260 0.176317 0.021932 0.023858
0 0.244586 0.238144 0.023320 0.022403
0 0.420044 0.125400 0.021655 0.020367
0 0.385758 0.446901 0.024153 0.027931
0 0.568018 0.582194 0.023876 0.020949
0 0.303859 0.236398 0.023598 0.020658
0 0.865214 0.148967 0.022488 0.022112
0 0.919073 0.569246 0.026374 0.024149
0 0.092587 0.442101 0.026374 0.028222
0 0.744448 0.561391 0.019156 0.020076
0 0.068851 0.849142 0.022765 0.023567
0 0.267629 0.443846 0.024431 0.028804
0 0.626735 0.585976 0.021932 0.019785
0 0.890478 0.514984 0.020267 0.022694
0 0.030955 0.441955 0.029150 0.027349
0 0.570100 0.122054 0.020267 0.020076
0 0.446974 0.882165 0.022765 0.026186
0 0.542893 0.200029 0.023043 0.021821
0 0.691283 0.198720 0.022210 0.020367
0 0.118268 0.388857 0.024431 0.025895
0 0.777485 0.148094 0.020267 0.020367
0 0.626180 0.557026 0.020267 0.026477
0 0.035119 0.830084 0.025819 0.023858
0 0.061355 0.440209 0.023876 0.026186
0 0.149361 0.390748 0.023320 0.027349
0 0.302610 0.206139 0.020544 0.022403
0 0.688506 0.120890 0.021099 0.021821
0 0.597029 0.479488 0.023043 0.021530
0 0.601055 0.174716 0.021099 0.021239
0 0.120627 0.416933 0.025264 0.024440
0 0.772904 0.591068 0.022765 0.019494
0 0.446002 0.966250 0.026374 0.023276
0 0.567879 0.480943 0.021377 0.022694
0 0.031649 0.099651 0.029983 0.026477
0 0.804692 0.174134 0.022488 0.024731
0 0.274431 0.207448 0.020822 0.022112
0 0.601333 0.200029 0.020544 0.023567
0 0.594670 0.092377 0.022210 0.025895
0 0.913243 0.858743 0.021932 0.024149
0 0.126874 0.879692 0.022765 0.022403
0 0.747918 0.120745 0.021099 0.021530
0 0.690172 0.173262 0.019989 0.021239
0 0.714464 0.588595 0.025819 0.023276
0 0.332454 0.206285 0.021932 0.026186
0 0.216130 0.237998 0.022488 0.019785
0 0.950999 0.514257 0.021377 0.021239
0 0.449889 0.122636 0.020822 0.021821
0 0.860494 0.537096 0.020822 0.022694
0 0.744725 0.589468 0.024153 0.022112
0 0.807190 0.200902 0.021932 0.022403
0 0.184758 0.905586 0.021377 0.019494
0 0.422821 0.232907 0.022765 0.020658
0 0.708495 0.971050 0.025541 0.021239
0 0.926430 0.176898 0.022210 0.020949
0 0.513604 0.173989 0.022210 0.025604
0 0.243476 0.157405 0.021099 0.020949
0 0.662410 0.200029 0.022210 0.024731
0 0.033037 0.810154 0.022765 0.020658
0 0.512215 0.199884 0.021099 0.025604
0 0.564270 0.883765 0.023043 0.022403
0 0.069267 0.904422 0.021932 0.021821
0 0.804553 0.121327 0.019989 0.020949
0 0.925875 0.231015 0.022765 0.020949
0 0.861188 0.484434 0.022765 0.022694
0 0.863687 0.118417 0.021655 0.021530
0 0.097029 0.879110 0.021932 0.023567
0 0.942254 0.912569 0.021655 0.025313
0 0.949611 0.543643 0.019156 0.021821
0 0.895891 0.201338 0.022765 0.022694
0 0.830650 0.563864 0.021099 0.019785
0 0.772071 0.482688 0.021655 0.020949
0 0.801499 0.591359 0.022210 0.018330
0 0.946419 0.408641 0.028318 0.021239
0 0.444614 0.393948 0.024153 0.029095
0 0.629650 0.147076 0.021099 0.022403
0 0.859800 0.511784 0.021655 0.021530
0 0.421988 0.204975 0.022210 0.026477
0 0.178512 0.391039 0.022765 0.023276
0 0.330650 0.126418 0.021655 0.021821
0 0.745697 0.507856 0.021655 0.022403
0 0.805525 0.148676 0.022488 0.022694
0 0.509162 0.581466 0.022765 0.022403
0 0.655747 0.506837 0.018323 0.020367
0 0.717102 0.118854 0.020544 0.020658
0 0.453637 0.227960 0.023320 0.021821
0 0.185175 0.156823 0.022765 0.020949
0 0.384647 0.393075 0.021377 0.025022
0 0.598973 0.508147 0.020822 0.018330
0 0.214325 0.906605 0.020544 0.020949
0 0.451832 0.581321 0.023598 0.022694
0 0.179345 0.418097 0.022765 0.023858
0 0.837451 0.173553 0.022488 0.020076
0 0.890478 0.566337 0.021932 0.023567
0 0.443365 0.422316 0.023320 0.024149
0 0.508884 0.529823 0.021655 0.023858
0 0.215297 0.182427 0.022488 0.022112
0 0.075514 0.527058 0.020544 0.020076
0 0.215158 0.208758 0.023320 0.022985
0 0.630761 0.227524 0.022765 0.019203
0 0.716269 0.560372 0.019434 0.020367
0 0.274014 0.180826 0.019989 0.021821
0 0.924348 0.122345 0.019711 0.021239
0 0.185314 0.880273 0.021932 0.022403
0 0.778734 0.199302 0.019989 0.019785
0 0.689062 0.148094 0.021099 0.019203
0 0.188923 0.580012 0.020822 0.018912
0 0.157413 0.237562 0.021655 0.020076
0 0.155608 0.877800 0.021377 0.023858
0 0.416297 0.966977 0.025819 0.024731
0 0.482371 0.228688 0.023598 0.019203
0 0.677679 0.531132 0.021655 0.019494
0 0.075930 0.555426 0.020267 0.020949
0 0.244448 0.180972 0.020822 0.020949
0 0.567046 0.547716 0.020822 0.020658
0 0.745280 0.535642 0.022488 0.022694
0 0.854109 0.913006 0.023598 0.022112
0 0.359939 0.125982 0.020822 0.022112
0 0.749306 0.173843 0.020544 0.020076
0 0.571627 0.197992 0.021655 0.023567
0 0.387007 0.966250 0.024986 0.023858
0 0.654636 0.586413 0.018878 0.018330
0 0.450722 0.555426 0.021932 0.022112
0 0.866324 0.173698 0.021377 0.019203
0 0.089534 0.390166 0.025264 0.027349
0 0.391033 0.152313 0.021932 0.020076
0 0.713770 0.478761 0.021655 0.024731
0 0.508606 0.503491 0.019434 0.021821
0 0.358273 0.476142 0.025264 0.029968
0 0.772488 0.509310 0.021377 0.020658
0 0.709745 0.910241 0.021932 0.022985
0 0.720294 0.145767 0.023598 0.025022
0 0.776791 0.122345 0.021655 0.020658
0 0.926707 0.150422 0.020544 0.022694
0 0.602027 0.226942 0.021377 0.017457
0 0.445725 0.855397 0.022488 0.022694
0 0.829817 0.591795 0.021099 0.018039
0 0.800805 0.563136 0.019711 0.017748
0 0.186285 0.500727 0.021099 0.022112
0 0.888534 0.594850 0.023598 0.018912
0 0.624653 0.910241 0.022765 0.023567
0 0.393670 0.233489 0.021655 0.018912
0 0.926013 0.201920 0.020822 0.021530
0 0.155053 0.932499 0.019156 0.019785
0 0.654775 0.556881 0.021377 0.022694
0 0.071072 0.183881 0.021655 0.023276
0 0.475708 0.883328 0.022488 0.023276
0 0.624653 0.939337 0.021655 0.021821
0 0.301916 0.879983 0.023043 0.024149
0 0.299833 0.907041 0.020544 0.021821
0 0.949334 0.567937 0.019156 0.019785
0 0.950167 0.597032 0.025264 0.020367
0 0.678234 0.479924 0.022765 0.023567
0 0.186702 0.238871 0.020822 0.019203
0 0.420322 0.503637 0.019989 0.022112
0 0.387562 0.854233 0.023320 0.022112
0 0.270544 0.126855 0.020267 0.020949
0 0.719600 0.199302 0.021099 0.020367
0 0.510827 0.121472 0.020544 0.020658
0 0.480844 0.584667 0.018878 0.017748
0 0.866602 0.199738 0.020822 0.023567
0 0.156580 0.155950 0.020544 0.022112
0 0.772488 0.537387 0.019711 0.021530
0 0.600222 0.121763 0.021655 0.018912
0 0.599250 0.531568 0.019711 0.019203
0 0.950861 0.485307 0.021099 0.019785
0 0.830788 0.538115 0.020267 0.021239
0 0.327318 0.966250 0.024431 0.021530
0 0.663798 0.228251 0.024986 0.019494
0 0.772488 0.561827 0.019711 0.023276
0 0.418101 0.880855 0.022765 0.022985
0 0.238062 0.419261 0.024708 0.023276
0 0.651860 0.911551 0.023320 0.024440
0 0.748473 0.146640 0.019989 0.018039
0 0.690450 0.228106 0.023876 0.020949
0 0.303859 0.553971 0.020822 0.023276
0 0.568573 0.514402 0.019434 0.018621
0 0.474597 0.938900 0.021932 0.021530
0 0.450999 0.530113 0.020267 0.021530
0 0.542338 0.148822 0.021377 0.021239
0 0.214325 0.157114 0.022210 0.023858
0 0.710161 0.856125 0.022210 0.022985
0 0.543032 0.226069 0.022210 0.021530
0 0.240838 0.126855 0.020822 0.019203
0 0.954470 0.232034 0.022765 0.021239
0 0.507912 0.554117 0.019156 0.019494
0 0.236813 0.392930 0.022765 0.021239
0 0.212660 0.126709 0.020544 0.021239
0 0.749306 0.198574 0.021099 0.018330
0 0.069406 0.880273 0.021655 0.024149
0 0.126596 0.850015 0.022765 0.021239
0 0.593420 0.910969 0.022488 0.021530
0 0.533731 0.909369 0.019711 0.021821
0 0.593559 0.937154 0.023320 0.023858
0 0.037618 0.921298 0.021932 0.021239
0 0.831344 0.509892 0.023043 0.022403
0 0.214464 0.880128 0.023043 0.022112
0 0.738895 0.858743 0.021932 0.023567
0 0.182260 0.964940 0.023043 0.020076
0 0.150611 0.441955 0.029150 0.027349
0 0.506385 0.967268 0.025541 0.025313
0 0.125902 0.905295 0.021377 0.021239
0 0.212521 0.964795 0.023598 0.021530
0 0.708912 0.884638 0.021377 0.020076
0 0.303998 0.528950 0.019989 0.019785
0 0.156718 0.906168 0.021377 0.024149
0 0.185730 0.182717 0.020544 0.020367
0 0.623542 0.883474 0.020544 0.020658
0 0.098279 0.850742 0.022210 0.020367
0 0.598556 0.556008 0.021099 0.022694
0 0.601333 0.148967 0.020544 0.018621
0 0.187257 0.526040 0.020267 0.023858
0 0.511799 0.226797 0.023598 0.021821
0 0.539839 0.505528 0.020267 0.019494
0 0.420461 0.529241 0.020267 0.020949
0 0.511799 0.147949 0.020822 0.020658
0 0.918934 0.515129 0.022210 0.022985
0 0.271655 0.880128 0.022488 0.022694
0 0.357996 0.965959 0.024708 0.023276
0 0.215019 0.933809 0.021932 0.021821
0 0.037896 0.851033 0.021377 0.020367
0 0.157135 0.581030 0.022765 0.018621
0 0.836480 0.145621 0.021099 0.018912
0 0.534425 0.882165 0.021099 0.021530
0 0.896308 0.230434 0.021932 0.019203
0 0.157135 0.526477 0.021099 0.022985
0 0.913381 0.886093 0.021099 0.024149
0 0.945308 0.430754 0.024986 0.027058
0 0.715852 0.534041 0.020267 0.022403
0 0.362715 0.555572 0.023043 0.021821
0 0.097307 0.904277 0.020822 0.022694
0 0.627707 0.529968 0.019989 0.023567
0 0.480983 0.151004 0.019711 0.020367
0 0.801083 0.538842 0.020822 0.020949
0 0.096613 0.933518 0.020544 0.018912
0 0.857579 0.594559 0.025541 0.023567
0 0.213631 0.852197 0.021377 0.022112
0 0.390755 0.582339 0.021932 0.019494
0 0.126874 0.933663 0.021099 0.020949
0 0.418101 0.854088 0.023320 0.024149
0 0.298723 0.965086 0.024431 0.022694
0 0.475569 0.912133 0.021099 0.020367
0 0.388395 0.937445 0.023320 0.020367
0 0.300111 0.853797 0.022210 0.020658
0 0.594253 0.883910 0.021932 0.022694
0 0.750000 0.225196 0.023598 0.025022
0 0.186285 0.208903 0.019989 0.020949
0 0.860633 0.564737 0.019989 0.022694
0 0.829678 0.484434 0.022488 0.022112
0 0.329123 0.908496 0.020822 0.020076
0 0.942532 0.941955 0.022210 0.023567
0 0.708912 0.939628 0.021932 0.024731
0 0.038590 0.884929 0.019989 0.024149
0 0.651444 0.970614 0.022488 0.018621
0 0.446141 0.909660 0.019989 0.021821
0 0.913381 0.942101 0.021099 0.021530
0 0.420877 0.583212 0.019989 0.017166
0 0.354942 0.393221 0.024708 0.027058
0 0.157135 0.553244 0.019989 0.020658
0 0.245003 0.207739 0.020822 0.024440
0 0.626596 0.504364 0.020544 0.022403
0 0.534148 0.968141 0.025541 0.023567
0 0.953220 0.178499 0.019711 0.018912
0 0.125486 0.963777 0.023320 0.020076
0 0.273598 0.553244 0.020822 0.021821
0 0.390755 0.555717 0.020822 0.022112
0 0.952943 0.123218 0.019156 0.018912
0 0.155192 0.963631 0.022765 0.021530
0 0.836063 0.199738 0.020267 0.020658
0 0.593282 0.966686 0.024986 0.021821
0 0.867296 0.228688 0.022765 0.020367
0 0.480150 0.530404 0.019711 0.021530
0 0.420600 0.554262 0.017768 0.020367
0 0.029706 0.044225 0.026097 0.028513
0 0.801222 0.509310 0.021099 0.020076
0 0.182954 0.126127 0.021099 0.021239
0 0.919350 0.485161 0.021377 0.017166
0 0.413659 0.395112 0.021655 0.025604
0 0.103137 0.555135 0.019711 0.019785
0 0.533731 0.856415 0.021377 0.020658
0 0.570794 0.149113 0.021099 0.021239
0 0.207385 0.391912 0.022765 0.029095
0 0.475292 0.966686 0.023876 0.022985
0 0.896446 0.150858 0.023876 0.021821
0 0.184064 0.934100 0.020544 0.022985
0 0.331760 0.527640 0.019989 0.020076
0 0.654914 0.531568 0.018878 0.016875
0 0.942532 0.886238 0.022210 0.026186
0 0.572043 0.226942 0.020267 0.017457
0 0.156163 0.182717 0.020822 0.020367
0 0.302887 0.581612 0.023876 0.021530
0 0.506524 0.908641 0.019711 0.022694
0 0.352443 0.775386 0.023598 0.030841
0 0.355913 0.421880 0.024986 0.020367
0 0.826624 0.913587 0.021377 0.021530
0 0.068851 0.932063 0.019434 0.022403
0 0.243198 0.907332 0.018878 0.022403
0 0.914076 0.914024 0.021377 0.021239
0 0.805802 0.227815 0.023043 0.019203
0 0.452110 0.503782 0.020267 0.020658
0 0.836757 0.228542 0.022765 0.020658
0 0.562465 0.855688 0.023320 0.024440
0 0.715436 0.507710 0.020544 0.019785
0 0.092171 0.415915 0.024431 0.021821
0 0.130900 0.582194 0.020267 0.019203
0 0.447252 0.936427 0.021099 0.022985
0 0.246252 0.500873 0.019434 0.021239
0 0.681566 0.969450 0.024431 0.019203
0 0.242365 0.934827 0.021099 0.020949
0 0.480566 0.555572 0.018878 0.018912
0 0.329539 0.881583 0.022210 0.022112
0 0.357996 0.937154 0.023598 0.020949
0 0.952943 0.152022 0.020267 0.023567
0 0.130622 0.554553 0.019156 0.018621
0 0.563715 0.911696 0.020267 0.021239
0 0.275541 0.582776 0.021932 0.021530
0 0.796086 0.914606 0.021932 0.021239
0 0.271655 0.964068 0.023043 0.021239
0 0.452388 0.150422 0.021932 0.018621
0 0.778873 0.227379 0.021377 0.021821
0 0.388257 0.883474 0.020822 0.020658
0 0.187951 0.552371 0.018878 0.020076
0 0.391449 0.501455 0.021099 0.021239
0 0.156718 0.208467 0.020822 0.019494
0 0.652554 0.885511 0.019711 0.018330
0 0.539006 0.582048 0.021377 0.020658
0 0.506802 0.883183 0.021377 0.020658
0 0.681149 0.940064 0.020822 0.020949
0 0.060383 0.387693 0.023598 0.028222
0 0.030122 0.385947 0.023598 0.027640
0 0.332315 0.582339 0.021099 0.018330
0 0.155608 0.499418 0.021932 0.021821
0 0.534425 0.937445 0.022765 0.022112
0 0.068018 0.963049 0.022765 0.021530
0 0.103137 0.527640 0.018601 0.021239
0 0.185175 0.850160 0.020544 0.018621
0 0.096752 0.961158 0.021377 0.017748
0 0.778456 0.174280 0.019989 0.018039
0 0.719600 0.229415 0.021099 0.017166
0 0.745003 0.480943 0.018601 0.020367
0 0.827041 0.885802 0.023876 0.024149
0 0.270683 0.906314 0.023876 0.022112
0 0.539284 0.553535 0.019156 0.018912
0 0.154636 0.850596 0.020544 0.024149
0 0.299001 0.126709 0.024986 0.022403
0 0.326624 0.421734 0.023598 0.022403
0 0.681843 0.910678 0.022210 0.022112
0 0.563715 0.966686 0.024708 0.022985
0 0.328290 0.936718 0.021377 0.021821
0 0.131594 0.238726 0.021655 0.019494
0 0.390616 0.531277 0.021655 0.022694
0 0.884509 0.885511 0.020544 0.021821
0 0.654498 0.479342 0.017490 0.016584
0 0.954470 0.204248 0.019434 0.025022
0 0.857024 0.886238 0.024986 0.022694
0 0.387701 0.910096 0.020822 0.022694
0 0.911855 0.972069 0.022488 0.020367
0 0.103970 0.500145 0.020267 0.021530
0 0.766519 0.885802 0.025541 0.024149
0 0.268184 0.851469 0.023876 0.022403
0 0.363132 0.582776 0.020544 0.018039
0 0.475014 0.856415 0.021099 0.019494
0 0.480011 0.505674 0.019434 0.022112
0 0.854664 0.859907 0.020267 0.021821
0 0.388395 0.474687 0.021099 0.020076
0 0.506247 0.475997 0.021932 0.019785
0 0.245419 0.554844 0.018323 0.020949
0 0.740006 0.883038 0.019711 0.019785
0 0.240977 0.854088 0.022210 0.021821
0 0.767074 0.913151 0.021099 0.021821
0 0.883953 0.970468 0.022210 0.018912
0 0.826346 0.858452 0.023043 0.024731
0 0.883120 0.942246 0.023320 0.024731
0 0.505414 0.856270 0.018601 0.020367
0 0.153942 0.125836 0.019711 0.018912
0 0.854942 0.970614 0.023598 0.022112
0 0.622571 0.856415 0.018601 0.021239
0 0.106052 0.581175 0.020544 0.024149
0 0.652277 0.939773 0.020267 0.023858
0 0.129789 0.156386 0.020267 0.021239
0 0.894503 0.119872 0.022210 0.018039
0 0.506663 0.937882 0.021099 0.017166
0 0.563437 0.938027 0.021377 0.019785
0 0.479456 0.478470 0.018323 0.018912
0 0.795391 0.883328 0.024986 0.026186
0 0.538034 0.477451 0.021655 0.020949
0 0.100777 0.183445 0.018878 0.022403
0 0.416991 0.926535 0.021655 0.022985
0 0.539284 0.529823 0.019156 0.019203
0 0.767074 0.941955 0.021099 0.021239
0 0.070100 0.124818 0.020822 0.020949
0 0.241394 0.963922 0.020822 0.018621
0 0.303859 0.474105 0.021377 0.024149
0 0.624237 0.967995 0.024153 0.022694
0 0.038312 0.960285 0.026097 0.024149
0 0.361466 0.530259 0.021655 0.022403
0 0.246530 0.527495 0.021655 0.023858
0 0.889645 0.482688 0.019156 0.018039
0 0.031788 0.414606 0.023043 0.019785
0 0.855497 0.941664 0.021377 0.021821
0 0.883259 0.857870 0.021932 0.020076
0 0.331899 0.503346 0.020267 0.021530
0 0.131177 0.498400 0.018601 0.022112
0 0.274014 0.527786 0.021099 0.021530
0 0.216824 0.500000 0.017768 0.018912
0 0.241949 0.880128 0.021377 0.023276
0 0.884370 0.913587 0.021377 0.023858
0 0.296363 0.418825 0.024153 0.018330
0 0.681566 0.885365 0.018878 0.018621
0 0.328290 0.856125 0.021377 0.024149
0 0.073431 0.155950 0.022488 0.022112
0 0.271238 0.935991 0.022765 0.019785
0 0.941977 0.971632 0.023876 0.022985
0 0.274153 0.498982 0.021932 0.025604
0 0.304553 0.502182 0.021099 0.024440
0 0.332177 0.554262 0.022488 0.023276
0 0.102721 0.156677 0.019434 0.018912
0 0.766935 0.857579 0.023043 0.022985
0 0.299278 0.935118 0.021655 0.020949
0 0.358412 0.909078 0.018878 0.016002
0 0.039561 0.128746 0.019156 0.022403
0 0.130761 0.182717 0.021655 0.020949
0 0.358273 0.884056 0.021377 0.021239
0 0.419489 0.475851 0.019434 0.020658
0 0.246530 0.582776 0.019989 0.020949
0 0.218767 0.581321 0.019989 0.024440
0 0.041921 0.155950 0.016102 0.017457
0 0.800111 0.483998 0.021655 0.020076
0 0.101194 0.213122 0.020267 0.024149
0 0.358551 0.854379 0.021377 0.024149
0 0.217518 0.529968 0.019711 0.022985
0 0.649917 0.857288 0.021655 0.018330
0 0.186702 0.470468 0.019711 0.022112
0 0.939617 0.858598 0.022488 0.024440
0 0.452665 0.477597 0.021377 0.021821
0 0.075236 0.500436 0.018878 0.025604
0 0.131316 0.526768 0.016657 0.017748
0 0.155053 0.470614 0.021377 0.021821
0 0.074403 0.239598 0.024431 0.022985
0 0.626041 0.478179 0.017768 0.016584
0 0.241949 0.474251 0.018601 0.019203
0 0.795253 0.857143 0.019711 0.022112
0 0.129789 0.209776 0.020822 0.020949
0 0.043032 0.578993 0.022210 0.023858
0 0.767074 0.970323 0.020544 0.020949
0 0.680455 0.856415 0.017213 0.016584
0 0.331483 0.472360 0.023876 0.025313
0 0.740283 0.969014 0.020267 0.022985
0 0.070933 0.212831 0.021377 0.021239
0 0.128123 0.130201 0.019711 0.025313
0 0.044559 0.527204 0.018601 0.021530
0 0.591338 0.856706 0.019989 0.023567
0 0.740561 0.911987 0.020267 0.024731
0 0.041505 0.240617 0.020267 0.021530
0 0.102998 0.238726 0.021655 0.020658
0 0.074958 0.470177 0.017768 0.019203
0 0.217657 0.553244 0.018323 0.016584
0 0.215991 0.473232 0.018323 0.021821
0 0.362438 0.502037 0.021932 0.024149
0 0.044559 0.555281 0.019711 0.021239
0 0.104248 0.469305 0.018601 0.020367
0 0.040533 0.213122 0.018878 0.021239
0 0.741671 0.939046 0.018601 0.022985
0 0.795253 0.971196 0.023598 0.020367
0 0.826069 0.939773 0.020822 0.019785
0 0.826069 0.973669 0.020822 0.016584
0 0.797751 0.943119 0.021932 0.017748
0 0.041227 0.183445 0.018046 0.021821
0 0.132010 0.471923 0.016935 0.014548
