0 0.492796 0.727292 0.020781 0.026992
0 0.321003 0.755784 0.021336 0.033419
0 0.471737 0.433376 0.020781 0.027849
0 0.205874 0.410026 0.019396 0.028278
0 0.777501 0.312768 0.020504 0.038560
0 0.158631 0.070266 0.022998 0.032562
0 0.796065 0.705441 0.019950 0.031277
0 0.365198 0.323479 0.021613 0.023993
0 0.206151 0.326264 0.024383 0.031277
0 0.668052 0.379392 0.018842 0.030420
0 0.667636 0.405955 0.019119 0.027849
0 0.516625 0.089117 0.020227 0.029135
0 0.823635 0.089760 0.020227 0.026992
0 0.559989 0.382605 0.021613 0.032562
0 0.121225 0.634319 0.020227 0.023565
0 0.231505 0.383890 0.020781 0.030848
0 0.558465 0.624679 0.021336 0.026564
0 0.364782 0.063839 0.020227 0.032562
0 0.493627 0.753856 0.021336 0.032991
0 0.492242 0.244430 0.015794 0.021851
0 0.953588 0.095544 0.019119 0.028278
0 0.669576 0.088046 0.019673 0.030420
0 0.604184 0.117823 0.020781 0.036847
0 0.252424 0.384319 0.021058 0.030848
0 0.319895 0.300557 0.018565 0.025278
0 0.602799 0.625321 0.021336 0.024422
0 0.253117 0.559983 0.019119 0.027421
0 0.931421 0.119323 0.019119 0.033847
0 0.602937 0.705656 0.020504 0.033419
0 0.274868 0.582048 0.017733 0.025278
0 0.207814 0.537275 0.018842 0.027421
0 0.934192 0.064482 0.021890 0.029563
0 0.294264 0.383890 0.018842 0.029135
0 0.911056 0.091260 0.020504 0.028278
0 0.272236 0.065981 0.021890 0.032562
0 0.430175 0.227506 0.018011 0.023993
0 0.297451 0.702656 0.021336 0.031705
0 0.668329 0.281491 0.018842 0.029135
0 0.250901 0.094473 0.018565 0.027849
0 0.074536 0.442588 0.020504 0.029135
0 0.187448 0.636675 0.021890 0.027421
0 0.450956 0.412382 0.018011 0.026992
0 0.253810 0.637318 0.022167 0.026992
0 0.023968 0.077335 0.022444 0.032991
0 0.889720 0.060197 0.021058 0.034704
0 0.384871 0.407883 0.019396 0.028278
0 0.273760 0.387104 0.020504 0.033847
0 0.320310 0.322836 0.020504 0.024422
0 0.950263 0.223865 0.016902 0.025278
0 0.430729 0.275064 0.017456 0.028278
0 0.471322 0.700728 0.021058 0.032134
0 0.583264 0.185518 0.017179 0.026564
0 0.249792 0.065981 0.019119 0.031705
0 0.668329 0.208440 0.017733 0.026135
0 0.780964 0.086547 0.018565 0.028278
0 0.759075 0.058698 0.020781 0.029991
0 0.184677 0.384105 0.020227 0.032134
0 0.385148 0.380034 0.021058 0.028278
0 0.669160 0.234147 0.017733 0.028706
0 0.493489 0.433376 0.018842 0.030420
0 0.073150 0.280420 0.019950 0.028706
0 0.203242 0.065124 0.021890 0.032562
0 0.429897 0.410240 0.019119 0.026992
0 0.251455 0.244644 0.016902 0.029135
0 0.903990 0.621680 0.021890 0.037704
0 0.472291 0.602185 0.018011 0.025278
0 0.320033 0.065767 0.020504 0.031277
0 0.774176 0.573051 0.017179 0.019280
0 0.712524 0.510925 0.018011 0.029563
0 0.320449 0.727935 0.018011 0.030848
0 0.949571 0.432519 0.020504 0.030420
0 0.817539 0.703728 0.021336 0.034704
0 0.839706 0.703299 0.020227 0.032134
0 0.560543 0.751285 0.021613 0.032991
0 0.560543 0.264353 0.016625 0.022279
0 0.736769 0.158312 0.019396 0.030420
0 0.752702 0.707798 0.019673 0.029135
0 0.709476 0.709726 0.021890 0.034704
0 0.582433 0.382605 0.021058 0.028278
0 0.798005 0.429734 0.021058 0.032562
0 0.711970 0.594045 0.020781 0.032991
0 0.363813 0.729220 0.019396 0.026564
0 0.691466 0.088475 0.020227 0.026992
0 0.905653 0.431234 0.019673 0.029563
0 0.430590 0.119751 0.018288 0.030420
0 0.774730 0.479649 0.018288 0.026992
0 0.096287 0.412596 0.018011 0.029135
0 0.140067 0.438732 0.019673 0.032562
0 0.159462 0.124036 0.020781 0.029563
0 0.252702 0.323265 0.021058 0.028706
0 0.710446 0.625107 0.021613 0.028278
0 0.494181 0.116538 0.020781 0.031705
0 0.687171 0.597901 0.019396 0.028706
0 0.559435 0.520137 0.017179 0.029135
0 0.927958 0.431877 0.020504 0.029135
0 0.667498 0.309126 0.021058 0.026135
0 0.579800 0.703513 0.020227 0.032562
0 0.759490 0.115253 0.019396 0.029135
0 0.319756 0.381748 0.019950 0.031705
0 0.320726 0.629606 0.020227 0.024422
0 0.319895 0.700300 0.018565 0.030420
0 0.140067 0.384961 0.020781 0.030420
0 0.231089 0.491003 0.019396 0.027421
0 0.472569 0.386247 0.020227 0.029563
0 0.493350 0.304627 0.018011 0.024850
0 0.887503 0.166024 0.018842 0.031277
0 0.751455 0.803128 0.020504 0.032134
0 0.431283 0.060840 0.020227 0.033419
0 0.845941 0.187875 0.017179 0.026135
0 0.515655 0.384747 0.018288 0.033419
0 0.688695 0.512425 0.017456 0.029991
0 0.929620 0.272708 0.018288 0.027849
0 0.669022 0.184019 0.017456 0.025278
0 0.074813 0.612896 0.018842 0.025278
0 0.494597 0.702228 0.020504 0.029991
0 0.098227 0.634533 0.021890 0.021422
0 0.823497 0.118252 0.022167 0.035133
0 0.737739 0.060197 0.019673 0.032134
0 0.469382 0.090617 0.019950 0.030420
0 0.207260 0.512425 0.018288 0.028278
0 0.582294 0.161097 0.018011 0.029991
0 0.495151 0.060626 0.021058 0.032134
0 0.559573 0.550771 0.019119 0.029563
0 0.515932 0.302485 0.018288 0.024850
0 0.646162 0.429949 0.018842 0.030420
0 0.752424 0.733933 0.019673 0.025707
0 0.320726 0.166452 0.019673 0.029563
0 0.754364 0.482862 0.021336 0.030848
0 0.820865 0.378963 0.019119 0.032134
0 0.341784 0.433590 0.019119 0.035133
0 0.408700 0.162596 0.019396 0.028706
0 0.407038 0.607112 0.017179 0.023136
0 0.229704 0.212082 0.016071 0.022279
0 0.429620 0.725364 0.018565 0.025707
0 0.645608 0.734790 0.018842 0.026564
0 0.096287 0.440446 0.018011 0.030848
0 0.647686 0.203942 0.017456 0.023993
0 0.910363 0.164524 0.018565 0.027421
0 0.709892 0.749786 0.021613 0.034276
0 0.493073 0.281919 0.017456 0.024850
0 0.298559 0.851971 0.019673 0.030420
0 0.180521 0.122965 0.019119 0.029991
0 0.297451 0.326050 0.021336 0.023993
0 0.818925 0.537918 0.018011 0.023565
0 0.946661 0.753428 0.020781 0.029563
0 0.430313 0.323479 0.021058 0.027421
0 0.406068 0.408526 0.018565 0.028706
0 0.628429 0.161740 0.018288 0.027849
0 0.073150 0.307626 0.019950 0.028278
0 0.669853 0.060197 0.020227 0.029563
0 0.450956 0.384961 0.019119 0.032134
0 0.648518 0.087832 0.017456 0.028278
0 0.712524 0.536632 0.019119 0.025278
0 0.883901 0.523993 0.017179 0.025707
0 0.364644 0.094045 0.018842 0.028706
0 0.407038 0.320908 0.019396 0.028278
0 0.539623 0.061482 0.019673 0.032134
0 0.583403 0.058912 0.019119 0.031277
0 0.135356 0.069837 0.020227 0.032562
0 0.385425 0.796058 0.018288 0.029135
0 0.515517 0.431234 0.019673 0.029563
0 0.538515 0.625536 0.019119 0.023136
0 0.343447 0.066838 0.019673 0.032562
0 0.119562 0.613539 0.016902 0.022279
0 0.582571 0.407883 0.017456 0.026564
0 0.406761 0.626392 0.019950 0.022279
0 0.298282 0.755784 0.021336 0.035133
0 0.117761 0.415810 0.018842 0.026135
0 0.645608 0.706084 0.021613 0.033419
0 0.385979 0.093188 0.020504 0.027849
0 0.605431 0.207155 0.018288 0.024422
0 0.342062 0.627464 0.020781 0.023565
0 0.711970 0.482005 0.019119 0.029991
0 0.493350 0.226221 0.015240 0.020566
0 0.095456 0.333976 0.021336 0.027849
0 0.471876 0.262853 0.018288 0.026992
0 0.408008 0.260069 0.017456 0.027421
0 0.515101 0.750428 0.020504 0.036418
0 0.627321 0.115467 0.019396 0.028706
0 0.277085 0.729863 0.017733 0.027849
0 0.583680 0.089760 0.019119 0.029563
0 0.801191 0.162168 0.018011 0.026992
0 0.560682 0.235433 0.019119 0.040703
0 0.098642 0.616324 0.017733 0.022708
0 0.471460 0.061697 0.019119 0.027421
0 0.472430 0.574764 0.017179 0.034704
0 0.141452 0.618252 0.017456 0.023993
0 0.780964 0.115253 0.018011 0.031705
0 0.801330 0.089117 0.018842 0.025707
0 0.181214 0.064696 0.019396 0.032562
0 0.112497 0.068123 0.020504 0.037704
0 0.560127 0.301414 0.016902 0.024422
0 0.068024 0.180377 0.020227 0.034276
0 0.430867 0.382177 0.019950 0.030848
0 0.141036 0.411311 0.018842 0.025707
0 0.647409 0.275921 0.015240 0.023993
0 0.758382 0.184662 0.016625 0.025707
0 0.669160 0.116324 0.019950 0.030420
0 0.186894 0.574550 0.019673 0.030848
0 0.842477 0.381105 0.021890 0.032991
0 0.691466 0.116110 0.020227 0.029991
0 0.071349 0.209726 0.019119 0.025278
0 0.516625 0.625107 0.020781 0.024850
0 0.493489 0.207798 0.015517 0.023993
0 0.363674 0.381105 0.019119 0.035561
0 0.623718 0.705870 0.020504 0.034704
0 0.690080 0.380249 0.019119 0.030420
0 0.116930 0.387532 0.018288 0.033847
0 0.794264 0.833976 0.019119 0.031277
0 0.518149 0.118252 0.021613 0.034276
0 0.537268 0.749572 0.021058 0.032134
0 0.296620 0.124036 0.019119 0.029563
0 0.408008 0.486932 0.017456 0.027849
0 0.845802 0.163668 0.016348 0.027421
0 0.252702 0.295630 0.019396 0.029135
0 0.449293 0.795630 0.020227 0.028278
0 0.471045 0.323693 0.020504 0.022708
0 0.738016 0.088046 0.017456 0.024422
0 0.645470 0.625321 0.018565 0.021851
0 0.229288 0.070908 0.019673 0.035561
0 0.319756 0.433376 0.020504 0.033847
0 0.364090 0.523565 0.017733 0.023993
0 0.753533 0.573479 0.018011 0.024422
0 0.715018 0.087832 0.017456 0.027421
0 0.067470 0.100257 0.018565 0.028278
0 0.274730 0.437018 0.020227 0.028278
0 0.887642 0.219366 0.019673 0.030848
0 0.341092 0.606898 0.017733 0.024422
0 0.275145 0.326907 0.022167 0.026564
0 0.759906 0.087618 0.019119 0.026992
0 0.274176 0.167738 0.019119 0.027849
0 0.648933 0.060197 0.017733 0.030420
0 0.602383 0.602185 0.018842 0.026135
0 0.840676 0.591045 0.017179 0.022708
0 0.950263 0.246358 0.017456 0.026564
0 0.777085 0.376392 0.018011 0.028706
0 0.927681 0.405741 0.019950 0.028278
0 0.046689 0.184019 0.018565 0.029563
0 0.736908 0.185090 0.019119 0.027421
0 0.881269 0.730720 0.018565 0.026135
0 0.364644 0.301842 0.018288 0.025278
0 0.205459 0.231791 0.019119 0.029991
0 0.051953 0.442588 0.018565 0.031705
0 0.731366 0.804413 0.019119 0.032134
0 0.842893 0.428235 0.021058 0.034704
0 0.950263 0.203728 0.016348 0.022708
0 0.711277 0.428021 0.019950 0.029135
0 0.450125 0.702228 0.020227 0.031705
0 0.250901 0.122965 0.020227 0.030848
0 0.797174 0.480077 0.018842 0.027849
0 0.206428 0.382391 0.019950 0.030420
0 0.275145 0.634533 0.019950 0.023136
0 0.517179 0.059340 0.021336 0.031277
0 0.737185 0.115039 0.020227 0.029563
0 0.032557 0.497429 0.018011 0.027421
0 0.687448 0.571765 0.019396 0.032991
0 0.342754 0.119966 0.022167 0.034276
0 0.162649 0.385390 0.020504 0.030420
0 0.794126 0.732648 0.019950 0.028278
0 0.625797 0.430591 0.016902 0.026564
0 0.648656 0.116538 0.016625 0.032562
0 0.628290 0.089332 0.018565 0.026135
0 0.759352 0.160668 0.016348 0.026564
0 0.757135 0.285990 0.016902 0.021851
0 0.666667 0.708226 0.020504 0.034276
0 0.734830 0.311697 0.021058 0.038989
0 0.802300 0.060626 0.019119 0.032134
0 0.646855 0.379392 0.019673 0.032134
0 0.733306 0.536204 0.017456 0.026135
0 0.430590 0.184876 0.016625 0.023565
0 0.560959 0.061054 0.020781 0.032991
0 0.820172 0.428663 0.020504 0.032134
0 0.408285 0.187661 0.017456 0.023993
0 0.046273 0.130891 0.019396 0.032991
0 0.865475 0.380463 0.020227 0.032562
0 0.471737 0.751714 0.019673 0.036418
0 0.472291 0.621894 0.020227 0.023565
0 0.602383 0.556984 0.016071 0.023993
0 0.689526 0.484147 0.018565 0.029135
0 0.230258 0.437661 0.021613 0.034704
0 0.686478 0.708440 0.019119 0.033847
0 0.429343 0.521637 0.019673 0.022708
0 0.859518 0.903813 0.019396 0.026135
0 0.429205 0.699871 0.020504 0.031277
0 0.184539 0.412382 0.018842 0.029563
0 0.187587 0.604542 0.018842 0.031705
0 0.295511 0.062982 0.020227 0.035133
0 0.450540 0.436804 0.019396 0.026135
0 0.186617 0.496358 0.019119 0.029563
0 0.162926 0.441088 0.019950 0.031277
0 0.250485 0.197943 0.018842 0.026564
0 0.430313 0.091688 0.017733 0.029135
0 0.299390 0.825621 0.020227 0.026564
0 0.906761 0.405955 0.018011 0.024422
0 0.734137 0.426735 0.019119 0.029991
0 0.582987 0.266495 0.017179 0.023993
0 0.450402 0.246144 0.016902 0.024422
0 0.068440 0.130891 0.019950 0.032991
0 0.780964 0.059983 0.018011 0.027421
0 0.753117 0.549272 0.017733 0.025707
0 0.711554 0.380677 0.018842 0.027849
0 0.929759 0.248929 0.017456 0.025707
0 0.538376 0.325193 0.020504 0.024850
0 0.471183 0.118038 0.019673 0.028706
0 0.049183 0.285347 0.019119 0.030848
0 0.689803 0.406384 0.018565 0.026135
0 0.450817 0.118680 0.019396 0.033419
0 0.884594 0.378963 0.018565 0.026992
0 0.319202 0.120823 0.020504 0.033419
0 0.206428 0.261140 0.018842 0.027849
0 0.205459 0.204799 0.018011 0.028278
0 0.626489 0.263282 0.015517 0.022708
0 0.716681 0.059769 0.020781 0.030420
0 0.952480 0.123179 0.019119 0.028706
0 0.185786 0.439160 0.019119 0.027421
0 0.799390 0.518638 0.017733 0.022708
0 0.252979 0.269494 0.019396 0.024850
0 0.386534 0.322836 0.020504 0.023565
0 0.605154 0.161740 0.019396 0.027849
0 0.093239 0.276350 0.019673 0.031705
0 0.407592 0.212082 0.017733 0.026564
0 0.408146 0.748715 0.021613 0.033847
0 0.451233 0.207584 0.017456 0.026135
0 0.208229 0.598543 0.019119 0.023993
0 0.365614 0.166238 0.019119 0.027421
0 0.387642 0.190017 0.018842 0.026135
0 0.560820 0.090189 0.016625 0.027849
0 0.071349 0.233290 0.019119 0.026135
0 0.363813 0.433590 0.023275 0.035990
0 0.406345 0.434233 0.018011 0.026992
0 0.539346 0.194302 0.018011 0.023565
0 0.451510 0.183162 0.016902 0.028706
0 0.537822 0.508783 0.018288 0.026992
0 0.950402 0.270994 0.017733 0.029563
0 0.449709 0.581834 0.017179 0.021422
0 0.252009 0.434447 0.018565 0.034276
0 0.537684 0.383676 0.019673 0.032991
0 0.539346 0.116752 0.020227 0.032991
0 0.065531 0.072408 0.021336 0.029991
0 0.602937 0.751714 0.022167 0.032134
0 0.515378 0.545201 0.015517 0.020994
0 0.779994 0.204799 0.017733 0.026564
0 0.912164 0.062554 0.019950 0.031705
0 0.735661 0.283633 0.016071 0.020566
0 0.538099 0.485219 0.017733 0.027849
0 0.114159 0.179520 0.019950 0.033419
0 0.754503 0.429949 0.018842 0.030420
0 0.751455 0.851114 0.017733 0.025278
0 0.274037 0.121465 0.020504 0.033847
0 0.602244 0.433162 0.018011 0.030848
0 0.815877 0.753213 0.021890 0.035133
0 0.386534 0.704799 0.021058 0.035133
0 0.428374 0.796272 0.019396 0.029563
0 0.230812 0.268852 0.019396 0.023565
0 0.515101 0.282776 0.017733 0.022279
0 0.559158 0.836332 0.017179 0.026564
0 0.408839 0.235647 0.016348 0.025707
0 0.365060 0.897601 0.018565 0.029991
0 0.430590 0.206298 0.016625 0.023565
0 0.094209 0.229649 0.019950 0.030848
0 0.230535 0.329263 0.021613 0.025278
0 0.886534 0.308483 0.022444 0.029991
0 0.774453 0.591902 0.016625 0.022708
0 0.714325 0.115039 0.017733 0.028706
0 0.253394 0.615039 0.017456 0.022708
0 0.774453 0.619109 0.021058 0.039417
0 0.605431 0.059983 0.020504 0.030848
0 0.582294 0.322622 0.020781 0.023136
0 0.801191 0.115895 0.018011 0.031277
0 0.320033 0.573907 0.017179 0.023565
0 0.925048 0.727721 0.018565 0.029563
0 0.320033 0.608612 0.017179 0.025278
0 0.689665 0.431234 0.018842 0.027849
0 0.044611 0.077121 0.018842 0.034276
0 0.253671 0.535990 0.017456 0.024850
0 0.778748 0.266495 0.016902 0.023993
0 0.165143 0.636033 0.019950 0.023565
0 0.884178 0.431662 0.019396 0.032991
0 0.903297 0.727292 0.017733 0.026135
0 0.756442 0.379606 0.019396 0.028278
0 0.091715 0.128749 0.020504 0.033847
0 0.580216 0.729006 0.018842 0.024422
0 0.229981 0.172022 0.018842 0.027849
0 0.030064 0.336118 0.021336 0.026992
0 0.140067 0.293488 0.016902 0.023136
0 0.881408 0.703728 0.020504 0.032991
0 0.319895 0.484790 0.019673 0.029563
0 0.688556 0.541988 0.019950 0.031705
0 0.203658 0.096401 0.019950 0.029135
0 0.844278 0.280206 0.016625 0.023136
0 0.955666 0.067695 0.019396 0.030848
0 0.690635 0.204370 0.017456 0.022279
0 0.732059 0.706727 0.021613 0.035561
0 0.493627 0.386247 0.022998 0.030420
0 0.230119 0.231791 0.018011 0.023993
0 0.160432 0.200300 0.016625 0.024422
0 0.274730 0.303556 0.019119 0.026992
0 0.581740 0.433162 0.019119 0.027421
0 0.581186 0.753642 0.020227 0.028278
0 0.758105 0.208012 0.016071 0.026135
0 0.430175 0.751928 0.020781 0.027421
0 0.690496 0.316838 0.019950 0.022708
0 0.074259 0.331620 0.021058 0.025707
0 0.841092 0.503856 0.017456 0.024850
0 0.407454 0.287918 0.018565 0.030848
0 0.756996 0.267352 0.016625 0.023136
0 0.753394 0.623822 0.019950 0.026564
0 0.472153 0.161097 0.017179 0.024850
0 0.186201 0.543916 0.018288 0.027849
0 0.838459 0.877035 0.017733 0.023993
0 0.202411 0.125750 0.020227 0.030420
0 0.450679 0.285775 0.017456 0.023136
0 0.817955 0.627464 0.019396 0.023565
0 0.296897 0.305698 0.018011 0.023565
0 0.207121 0.435304 0.019673 0.029991
0 0.713217 0.162382 0.019950 0.028278
0 0.049044 0.224507 0.018288 0.029135
0 0.733306 0.627035 0.020227 0.023565
0 0.296897 0.284276 0.016902 0.025278
0 0.297174 0.630677 0.021336 0.023993
0 0.756581 0.247429 0.016348 0.022708
0 0.365337 0.824979 0.019673 0.028706
0 0.712663 0.202228 0.018288 0.023136
0 0.428374 0.436590 0.018842 0.032562
0 0.646855 0.510069 0.019119 0.026992
0 0.558881 0.432091 0.019396 0.038132
0 0.429066 0.820694 0.018565 0.025278
0 0.256581 0.706298 0.020504 0.033847
0 0.472430 0.484362 0.019396 0.028706
0 0.561097 0.118252 0.017733 0.029991
0 0.799390 0.379606 0.020504 0.032562
0 0.406207 0.382605 0.018842 0.033419
0 0.230396 0.250214 0.017456 0.022279
0 0.844140 0.298415 0.016902 0.021851
0 0.407038 0.063839 0.021058 0.030848
0 0.668606 0.160883 0.018842 0.026992
0 0.838321 0.729863 0.019673 0.026135
0 0.385148 0.434662 0.017733 0.029563
0 0.386395 0.265638 0.019119 0.023993
0 0.780964 0.181662 0.018011 0.026564
0 0.818648 0.607112 0.017456 0.025707
0 0.363259 0.627464 0.020504 0.023565
0 0.471322 0.284490 0.016625 0.021422
0 0.560266 0.164310 0.018288 0.025278
0 0.362566 0.701585 0.019119 0.033847
0 0.430313 0.249786 0.017733 0.026564
0 0.295650 0.430805 0.017179 0.029563
0 0.493350 0.409383 0.019119 0.020994
0 0.793572 0.758569 0.020504 0.028706
0 0.028124 0.236075 0.015794 0.022279
0 0.801469 0.203728 0.016902 0.024422
0 0.824051 0.060840 0.017733 0.032562
0 0.515378 0.158740 0.018288 0.028706
0 0.516071 0.702656 0.019673 0.035133
0 0.253671 0.513710 0.017456 0.025707
0 0.407731 0.884961 0.018011 0.024422
0 0.536991 0.702871 0.018842 0.032991
0 0.603353 0.383462 0.018011 0.029991
0 0.582571 0.206941 0.017456 0.023993
0 0.117484 0.332048 0.022167 0.027421
0 0.711139 0.297772 0.017456 0.024850
0 0.089776 0.071765 0.019396 0.028706
0 0.449709 0.561482 0.017733 0.025278
0 0.493766 0.185947 0.016625 0.024850
0 0.628013 0.060626 0.017456 0.030420
0 0.253256 0.596615 0.017179 0.021851
0 0.514963 0.183376 0.017456 0.024850
0 0.928789 0.379820 0.021058 0.029563
0 0.407592 0.704584 0.017733 0.035561
0 0.686478 0.736075 0.019673 0.026564
0 0.164173 0.517352 0.018565 0.024422
0 0.800083 0.248715 0.018011 0.023565
0 0.493489 0.522494 0.017733 0.023565
0 0.364228 0.753856 0.019119 0.030420
0 0.905653 0.505784 0.018011 0.024422
0 0.837628 0.755356 0.020504 0.029991
0 0.691327 0.223436 0.016071 0.020994
0 0.028124 0.256855 0.017456 0.024422
0 0.709061 0.797344 0.019396 0.027421
0 0.736908 0.209083 0.018011 0.026564
0 0.711970 0.239075 0.017456 0.023136
0 0.946938 0.725364 0.018011 0.029991
0 0.880438 0.755784 0.019119 0.027421
0 0.207398 0.577978 0.018011 0.024850
0 0.449986 0.620608 0.019950 0.022708
0 0.250485 0.220651 0.018288 0.025707
0 0.691050 0.184662 0.017733 0.024850
0 0.140898 0.272708 0.016902 0.023565
0 0.712109 0.220651 0.016625 0.021422
0 0.864367 0.429520 0.018565 0.034704
0 0.819618 0.517995 0.016071 0.021422
0 0.161541 0.280634 0.018842 0.028278
0 0.451372 0.306127 0.017179 0.024422
0 0.753117 0.758569 0.019950 0.026992
0 0.865337 0.184662 0.017179 0.024850
0 0.711693 0.276992 0.016348 0.024422
0 0.816293 0.799914 0.019950 0.029135
0 0.626905 0.298843 0.016902 0.022708
0 0.753533 0.597901 0.018011 0.027849
0 0.231782 0.567481 0.016902 0.023565
0 0.075229 0.633033 0.020781 0.022708
0 0.207537 0.619323 0.017733 0.024422
0 0.794264 0.802057 0.019119 0.030848
0 0.686755 0.622965 0.019119 0.024850
0 0.844971 0.261140 0.016902 0.022708
0 0.711970 0.564910 0.018011 0.029563
0 0.904821 0.594259 0.015794 0.023136
0 0.365060 0.281277 0.018011 0.021851
0 0.776392 0.429306 0.017733 0.032562
0 0.627321 0.183590 0.015517 0.020994
0 0.924771 0.859254 0.019119 0.023565
0 0.774453 0.499786 0.017179 0.021851
0 0.666667 0.431448 0.019396 0.028278
0 0.734137 0.402314 0.017456 0.023136
0 0.183292 0.219152 0.016902 0.020994
0 0.250346 0.169666 0.019119 0.029991
0 0.495151 0.862254 0.017179 0.022708
0 0.665004 0.754713 0.019950 0.034704
0 0.321142 0.208655 0.017733 0.023136
0 0.385287 0.482219 0.019673 0.026992
0 0.384733 0.748715 0.017456 0.033847
0 0.075644 0.388389 0.022167 0.032991
0 0.929897 0.228792 0.016625 0.023136
0 0.205597 0.289203 0.020504 0.030848
0 0.364367 0.796272 0.017733 0.031277
0 0.385148 0.504713 0.016625 0.024850
0 0.386811 0.062339 0.017733 0.033847
0 0.948185 0.561482 0.016071 0.022708
0 0.601552 0.483719 0.019950 0.034276
0 0.581602 0.117395 0.018288 0.026564
0 0.096426 0.383890 0.019396 0.030848
0 0.300083 0.797129 0.022167 0.032134
0 0.843585 0.315981 0.019673 0.020994
0 0.627321 0.317695 0.019396 0.020994
0 0.472014 0.409597 0.018565 0.022279
0 0.050984 0.516495 0.016625 0.022708
0 0.343585 0.165381 0.017733 0.029135
0 0.274453 0.413025 0.020227 0.025707
0 0.559296 0.702228 0.019673 0.034276
0 0.449986 0.528706 0.017179 0.024850
0 0.161402 0.219366 0.016348 0.021422
0 0.838598 0.896958 0.018011 0.024422
0 0.648102 0.184233 0.016625 0.022279
0 0.516625 0.322836 0.020227 0.021851
0 0.186340 0.517781 0.018011 0.024422
0 0.471183 0.303770 0.016348 0.022279
0 0.582571 0.245930 0.016348 0.023993
0 0.623996 0.802699 0.019396 0.030420
0 0.909116 0.221294 0.015517 0.021851
0 0.690773 0.161740 0.016071 0.026992
0 0.274730 0.210154 0.016902 0.022708
0 0.406761 0.813839 0.017179 0.026135
0 0.494181 0.324122 0.019673 0.021851
0 0.275977 0.703728 0.019396 0.032134
0 0.821696 0.247644 0.018011 0.023136
0 0.801191 0.228149 0.018011 0.025278
0 0.711277 0.317909 0.020504 0.022279
0 0.515240 0.204799 0.018011 0.023136
0 0.866861 0.114824 0.018011 0.031705
0 0.908008 0.276992 0.018288 0.025278
0 0.493073 0.162596 0.018565 0.027849
0 0.516487 0.603685 0.019950 0.025707
0 0.863120 0.500857 0.017733 0.025707
0 0.227902 0.121037 0.019673 0.035561
0 0.182461 0.276350 0.016348 0.020566
0 0.363397 0.930591 0.020227 0.030848
0 0.451649 0.325407 0.018842 0.020994
0 0.862427 0.576050 0.016902 0.029563
0 0.665420 0.617395 0.019673 0.035990
0 0.365337 0.189589 0.018011 0.022708
0 0.777224 0.401885 0.016071 0.024850
0 0.274314 0.489931 0.018842 0.025278
0 0.495844 0.842545 0.018011 0.021851
0 0.909116 0.240146 0.016625 0.024422
0 0.627182 0.203085 0.015240 0.021422
0 0.231089 0.548415 0.017733 0.022279
0 0.581047 0.625964 0.020504 0.022279
0 0.816570 0.923736 0.019950 0.028278
0 0.342754 0.798629 0.018842 0.032562
0 0.752979 0.529135 0.016902 0.021422
0 0.773760 0.706298 0.020227 0.029563
0 0.624827 0.752571 0.018842 0.032991
0 0.365337 0.848329 0.018565 0.025707
0 0.604877 0.184662 0.018288 0.023136
0 0.386811 0.164953 0.018288 0.029135
0 0.026462 0.181234 0.019119 0.027421
0 0.559019 0.580120 0.019119 0.030848
0 0.755195 0.403599 0.016902 0.024850
0 0.252979 0.579692 0.016625 0.020566
0 0.866306 0.162382 0.016348 0.027421
0 0.863259 0.521422 0.017456 0.021422
0 0.428096 0.880891 0.017733 0.024850
0 0.321280 0.189374 0.018011 0.021422
0 0.800914 0.183376 0.015794 0.020566
0 0.385148 0.570266 0.016625 0.023993
0 0.319479 0.247001 0.017733 0.024422
0 0.885564 0.404027 0.017733 0.027421
0 0.647409 0.296272 0.016348 0.023565
0 0.051815 0.333119 0.021058 0.026992
0 0.882239 0.591902 0.017179 0.020994
0 0.450402 0.505998 0.017456 0.027421
0 0.493766 0.483505 0.018842 0.026992
0 0.451094 0.265853 0.016071 0.021851
0 0.320172 0.549272 0.018011 0.032562
0 0.451372 0.160240 0.015517 0.023136
0 0.162095 0.328835 0.021058 0.026135
0 0.050984 0.565767 0.016071 0.022708
0 0.385425 0.119966 0.020504 0.029991
0 0.182738 0.200086 0.016902 0.024850
0 0.845387 0.209083 0.014963 0.024850
0 0.450402 0.061911 0.018011 0.033847
0 0.924771 0.878106 0.017456 0.022708
0 0.930313 0.208226 0.016902 0.023993
0 0.691050 0.258997 0.015517 0.023565
0 0.162372 0.304841 0.017179 0.023565
0 0.622887 0.863325 0.020504 0.029991
0 0.407592 0.119323 0.023275 0.035561
0 0.231782 0.605613 0.016348 0.020994
0 0.946800 0.802485 0.019396 0.029135
0 0.430729 0.161311 0.018011 0.024422
0 0.752009 0.874679 0.018288 0.025278
0 0.665835 0.571765 0.016625 0.023565
0 0.823081 0.160668 0.018011 0.023993
0 0.865337 0.204799 0.016625 0.021422
0 0.407454 0.587404 0.015794 0.023136
0 0.537545 0.819195 0.018288 0.024850
0 0.818925 0.555270 0.015794 0.018852
0 0.900665 0.754713 0.021336 0.032134
0 0.753810 0.509854 0.018565 0.025707
0 0.091438 0.178449 0.021613 0.035561
0 0.140759 0.334404 0.021058 0.022708
0 0.385010 0.607969 0.018011 0.022279
0 0.733444 0.479863 0.018288 0.023136
0 0.253394 0.490146 0.016902 0.027421
0 0.906761 0.379177 0.018011 0.028278
0 0.515794 0.562982 0.016348 0.020566
0 0.881823 0.897601 0.016902 0.026564
0 0.818648 0.588260 0.016348 0.020566
0 0.408008 0.904670 0.016902 0.024422
0 0.449571 0.746572 0.021890 0.040703
0 0.385702 0.546701 0.016625 0.031705
0 0.449848 0.875107 0.016348 0.023565
0 0.840815 0.524636 0.016902 0.022708
0 0.537545 0.532776 0.017733 0.026992
0 0.142006 0.586118 0.016348 0.023993
0 0.364228 0.121037 0.016902 0.030420
0 0.386395 0.819409 0.019119 0.025278
0 0.691466 0.240574 0.015240 0.020994
0 0.385425 0.839332 0.016625 0.021422
0 0.796897 0.594687 0.015517 0.023136
0 0.537545 0.430163 0.018288 0.033419
0 0.496259 0.822194 0.018842 0.023136
0 0.364921 0.871680 0.017733 0.026135
0 0.451233 0.226221 0.016348 0.020566
0 0.074397 0.544987 0.018565 0.020566
0 0.117761 0.441088 0.018288 0.029563
0 0.428235 0.624036 0.020781 0.023565
0 0.859795 0.879820 0.017733 0.026135
0 0.692020 0.059340 0.020227 0.030420
0 0.734414 0.378963 0.018565 0.028706
0 0.904544 0.557626 0.017456 0.020994
0 0.867553 0.088046 0.017733 0.023565
0 0.275423 0.279991 0.017733 0.026135
0 0.207121 0.558055 0.016902 0.021851
0 0.690080 0.297772 0.017456 0.023136
0 0.687864 0.833976 0.019119 0.021851
0 0.837767 0.917952 0.016902 0.023565
0 0.072181 0.255356 0.016348 0.023993
0 0.774037 0.556341 0.018565 0.021851
0 0.669022 0.257926 0.016902 0.023993
0 0.861873 0.624679 0.020781 0.037704
0 0.711693 0.403599 0.017456 0.023136
0 0.646855 0.573051 0.016902 0.024422
0 0.407869 0.506855 0.016071 0.021422
0 0.840676 0.572408 0.016625 0.019709
0 0.385010 0.879606 0.018565 0.024850
0 0.881685 0.799700 0.019950 0.025278
0 0.274453 0.190874 0.016902 0.020994
0 0.341507 0.559983 0.015794 0.022279
0 0.732336 0.756213 0.019396 0.028278
0 0.815600 0.824122 0.018011 0.026135
0 0.297451 0.488432 0.019673 0.024850
0 0.581324 0.606255 0.018288 0.024850
0 0.385564 0.899957 0.018565 0.022708
0 0.737323 0.231362 0.016071 0.024850
0 0.031311 0.443659 0.019396 0.032134
0 0.886534 0.264353 0.019119 0.030848
0 0.687864 0.886247 0.018011 0.023565
0 0.274591 0.509212 0.017179 0.022708
0 0.626489 0.222793 0.016625 0.023136
0 0.471460 0.794559 0.019673 0.028706
0 0.602521 0.406812 0.016902 0.027849
0 0.949155 0.503213 0.017456 0.021851
0 0.821557 0.275064 0.018288 0.035990
0 0.949848 0.522494 0.015517 0.022708
0 0.646301 0.606470 0.017456 0.023565
0 0.341092 0.381534 0.019950 0.033847
0 0.690219 0.278920 0.016625 0.023136
0 0.823081 0.183590 0.015794 0.024422
0 0.515240 0.261782 0.016902 0.023993
0 0.137988 0.128106 0.019396 0.030848
0 0.363397 0.560197 0.016902 0.019280
0 0.539208 0.278492 0.017733 0.024850
0 0.666390 0.591260 0.015517 0.022279
0 0.901912 0.699229 0.018842 0.029991
0 0.868800 0.060840 0.019673 0.034276
0 0.115129 0.129820 0.021336 0.033419
0 0.494320 0.797129 0.019950 0.032134
0 0.538099 0.557841 0.016625 0.024850
0 0.779440 0.160240 0.016625 0.021422
0 0.471183 0.204156 0.016902 0.023565
0 0.969659 0.478792 0.018565 0.026992
0 0.342893 0.754284 0.019673 0.031277
0 0.884178 0.500643 0.016625 0.026135
0 0.581047 0.587189 0.017733 0.020994
0 0.601967 0.536418 0.017456 0.024850
0 0.647686 0.314910 0.018011 0.020566
0 0.736076 0.266495 0.018011 0.022279
0 0.622610 0.830548 0.019396 0.030420
0 0.471599 0.242288 0.017179 0.022708
0 0.648241 0.162168 0.017456 0.022708
0 0.908562 0.315338 0.021058 0.023993
0 0.231782 0.587189 0.016902 0.025278
0 0.859518 0.858826 0.018842 0.023565
0 0.880853 0.878749 0.018288 0.021422
0 0.472707 0.550557 0.016071 0.020566
0 0.733721 0.607541 0.018842 0.023993
0 0.847742 0.062125 0.020227 0.031705
0 0.229288 0.194302 0.015794 0.020137
0 0.276947 0.755570 0.017456 0.031277
0 0.882654 0.573907 0.016902 0.020994
0 0.774453 0.518852 0.017179 0.023136
0 0.819756 0.500214 0.016348 0.020137
0 0.295927 0.166881 0.016071 0.026992
0 0.029787 0.313625 0.017456 0.023993
0 0.713078 0.184019 0.017456 0.020137
0 0.797312 0.620394 0.020227 0.036847
0 0.182738 0.257284 0.015794 0.021851
0 0.387088 0.209940 0.017733 0.023993
0 0.230673 0.287275 0.019119 0.021851
0 0.949016 0.542416 0.015517 0.021422
0 0.733583 0.514567 0.015794 0.020566
0 0.560405 0.282348 0.015794 0.019709
0 0.622610 0.890960 0.021058 0.030420
0 0.882932 0.555484 0.016902 0.021851
0 0.820033 0.480077 0.017456 0.022708
0 0.645608 0.847044 0.018288 0.024850
0 0.366029 0.209940 0.018288 0.024850
0 0.515517 0.510283 0.017456 0.026564
0 0.666667 0.508355 0.018288 0.026992
0 0.342754 0.724936 0.019396 0.031705
0 0.839983 0.610968 0.016348 0.022279
0 0.797866 0.500428 0.015240 0.020566
0 0.385425 0.859040 0.016071 0.023993
0 0.275007 0.230720 0.018565 0.022708
0 0.798005 0.538775 0.017179 0.023565
0 0.860349 0.731362 0.017733 0.026564
0 0.297451 0.565981 0.018011 0.023136
0 0.031588 0.391602 0.021058 0.034276
0 0.385010 0.589974 0.016348 0.023136
0 0.386534 0.302699 0.018288 0.021851
0 0.140621 0.566410 0.016348 0.023136
0 0.822111 0.227506 0.017179 0.024850
0 0.298698 0.881105 0.019396 0.029563
0 0.904683 0.574336 0.016625 0.020994
0 0.184123 0.332262 0.020227 0.023565
0 0.319895 0.524850 0.019673 0.023136
0 0.582294 0.302699 0.017456 0.022708
0 0.772652 0.802913 0.017456 0.028278
0 0.182599 0.176949 0.016071 0.026564
0 0.140344 0.547558 0.016348 0.022279
0 0.537406 0.797344 0.019119 0.024850
0 0.252009 0.407669 0.018565 0.026135
0 0.204489 0.176307 0.019950 0.031277
0 0.319895 0.505784 0.018011 0.019280
0 0.799390 0.314482 0.019950 0.036847
0 0.142283 0.637104 0.019673 0.022279
0 0.051122 0.538346 0.016348 0.026135
0 0.183430 0.238432 0.015517 0.022708
0 0.773760 0.757926 0.019673 0.029991
0 0.910779 0.119109 0.019396 0.029991
0 0.117346 0.300129 0.019119 0.028706
0 0.343308 0.189589 0.017179 0.023565
0 0.755750 0.312125 0.019673 0.038132
0 0.603353 0.514139 0.020781 0.030848
0 0.840815 0.481148 0.016348 0.026564
0 0.846911 0.116110 0.018565 0.031705
0 0.231643 0.511997 0.017733 0.021422
0 0.559850 0.322836 0.020781 0.024422
0 0.163757 0.494216 0.018288 0.029563
0 0.342754 0.301200 0.019396 0.025707
0 0.925187 0.753213 0.016625 0.029991
0 0.860349 0.755570 0.019396 0.026135
0 0.731505 0.839760 0.016625 0.022279
0 0.906761 0.483290 0.019673 0.028278
0 0.925187 0.839760 0.016625 0.023136
0 0.516348 0.817909 0.018565 0.024850
0 0.731505 0.734362 0.018288 0.022279
0 0.342477 0.239289 0.018288 0.034704
0 0.139097 0.237789 0.016071 0.021422
0 0.473261 0.505784 0.016071 0.020994
0 0.647548 0.485004 0.018842 0.029135
0 0.428789 0.501928 0.018011 0.021851
0 0.645747 0.801200 0.019119 0.028278
0 0.471737 0.836761 0.016348 0.023136
0 0.708645 0.922451 0.020781 0.023993
0 0.096841 0.513282 0.016902 0.020566
0 0.051953 0.389032 0.019119 0.033419
0 0.140067 0.528492 0.017456 0.021851
0 0.602244 0.579049 0.016902 0.025278
0 0.580216 0.554413 0.015517 0.019709
0 0.948739 0.380677 0.018288 0.032991
0 0.119978 0.530848 0.018842 0.023993
0 0.687725 0.905527 0.017179 0.023565
0 0.493904 0.604113 0.019119 0.024850
0 0.385287 0.625964 0.019673 0.019709
0 0.118454 0.271851 0.020227 0.031277
0 0.580493 0.571551 0.017179 0.020566
0 0.779163 0.226435 0.015517 0.022708
0 0.231366 0.530848 0.017179 0.020566
0 0.757689 0.228578 0.015794 0.020994
0 0.472014 0.816410 0.016348 0.022708
0 0.821973 0.312125 0.020227 0.033847
0 0.581047 0.537704 0.014963 0.021422
0 0.230535 0.308055 0.019396 0.024850
0 0.182738 0.295630 0.016348 0.022279
0 0.778193 0.285133 0.016902 0.020994
0 0.903159 0.895673 0.019119 0.026135
0 0.752009 0.828192 0.017179 0.022279
0 0.430590 0.299272 0.016625 0.026135
0 0.884178 0.479863 0.016625 0.021422
0 0.161264 0.258783 0.018288 0.022279
0 0.297174 0.508355 0.016902 0.021851
0 0.428512 0.582048 0.018011 0.034704
0 0.815738 0.896958 0.018288 0.028706
0 0.495567 0.903813 0.017456 0.026135
0 0.778470 0.246144 0.015794 0.022708
0 0.342062 0.528492 0.017456 0.026992
0 0.582571 0.226864 0.016348 0.020137
0 0.666112 0.869537 0.017179 0.021851
0 0.342616 0.276350 0.018011 0.031705
0 0.471876 0.183590 0.016071 0.023565
0 0.343447 0.209512 0.016902 0.023136
0 0.387642 0.237361 0.020504 0.036847
0 0.751455 0.896958 0.018288 0.022708
0 0.603907 0.280848 0.016902 0.024422
0 0.909670 0.187446 0.017179 0.025278
0 0.880853 0.838475 0.017733 0.023136
0 0.492519 0.262639 0.015794 0.019709
0 0.902189 0.819837 0.016625 0.021851
0 0.207537 0.490574 0.017733 0.022279
0 0.797451 0.575621 0.016071 0.022708
0 0.449986 0.853899 0.017179 0.023993
0 0.822943 0.205441 0.015517 0.024422
0 0.581602 0.519923 0.015517 0.020994
0 0.538930 0.244002 0.017179 0.022708
0 0.139235 0.255570 0.015794 0.020994
0 0.164589 0.566624 0.017733 0.026992
0 0.075090 0.527635 0.017179 0.020994
0 0.516348 0.581834 0.019119 0.021422
0 0.949016 0.481577 0.018288 0.025707
0 0.666944 0.483505 0.017733 0.029563
0 0.097118 0.530420 0.015240 0.020566
0 0.839706 0.629606 0.020781 0.022708
0 0.341784 0.579692 0.015240 0.023993
0 0.925187 0.702014 0.018842 0.028706
0 0.516625 0.484362 0.019673 0.027849
0 0.844278 0.242716 0.016071 0.021851
0 0.449709 0.601542 0.017733 0.022279
0 0.320726 0.227292 0.015794 0.020137
0 0.734414 0.569837 0.015794 0.017995
0 0.559573 0.857541 0.016902 0.023565
0 0.647132 0.243145 0.016902 0.023565
0 0.364090 0.243359 0.016625 0.022279
0 0.116099 0.228792 0.018288 0.024850
0 0.733860 0.554627 0.015794 0.019280
0 0.296620 0.528278 0.017456 0.023993
0 0.494181 0.581405 0.018565 0.023136
0 0.839429 0.800985 0.020227 0.030420
0 0.033943 0.622751 0.019673 0.038989
0 0.711970 0.257498 0.016902 0.019709
0 0.905237 0.526778 0.017733 0.023565
0 0.709892 0.853685 0.018842 0.025278
0 0.051538 0.495716 0.017733 0.025707
0 0.472153 0.886675 0.017179 0.024422
0 0.772929 0.826050 0.018565 0.024850
0 0.902189 0.875536 0.018842 0.021851
0 0.140205 0.313839 0.017733 0.024422
0 0.407731 0.539632 0.016348 0.021851
0 0.164727 0.538560 0.016902 0.024850
0 0.923802 0.897386 0.018288 0.022708
0 0.645747 0.825407 0.016902 0.026135
0 0.119285 0.502999 0.020227 0.036847
0 0.274314 0.528278 0.016071 0.021422
0 0.342062 0.507069 0.017456 0.025278
0 0.159601 0.176949 0.017733 0.029135
0 0.047797 0.254713 0.016348 0.031277
0 0.862843 0.597044 0.017179 0.025278
0 0.539762 0.220437 0.017179 0.027849
0 0.647825 0.257069 0.016625 0.020566
0 0.604184 0.311054 0.020781 0.041131
0 0.839152 0.856470 0.018011 0.024850
0 0.493627 0.552913 0.016348 0.018423
0 0.865198 0.238432 0.016348 0.022708
0 0.075229 0.510497 0.016348 0.019280
0 0.624827 0.606898 0.018288 0.027849
0 0.929482 0.297986 0.019673 0.029563
0 0.364367 0.502785 0.017179 0.023565
0 0.493211 0.504927 0.017179 0.019280
0 0.816708 0.848757 0.019673 0.029991
0 0.560127 0.205441 0.018565 0.024422
0 0.864921 0.221722 0.016348 0.019280
0 0.559573 0.185090 0.017456 0.020566
0 0.647825 0.223865 0.014963 0.020994
0 0.342893 0.850043 0.018011 0.026564
0 0.471737 0.868252 0.017456 0.021851
0 0.947631 0.847686 0.018288 0.023565
0 0.646024 0.528492 0.016902 0.020137
0 0.449709 0.817909 0.017733 0.021422
0 0.493350 0.567909 0.016348 0.019280
0 0.097534 0.547986 0.016071 0.023136
0 0.625381 0.545201 0.016625 0.020137
0 0.297035 0.255570 0.017733 0.037275
0 0.902328 0.836761 0.015794 0.021422
0 0.882239 0.610754 0.017179 0.021851
0 0.799806 0.287704 0.017456 0.022708
0 0.604877 0.261140 0.018842 0.020994
0 0.296758 0.596401 0.016625 0.021422
0 0.116653 0.206512 0.019396 0.023993
0 0.626489 0.243359 0.016625 0.021422
0 0.734275 0.586975 0.016071 0.023136
0 0.495428 0.883033 0.016071 0.023136
0 0.731505 0.873822 0.017733 0.026992
0 0.865060 0.276135 0.017179 0.024422
0 0.666528 0.885818 0.015240 0.019280
0 0.165143 0.586761 0.016625 0.023565
0 0.075090 0.561697 0.017733 0.019709
0 0.343170 0.828620 0.017456 0.023136
0 0.428789 0.547129 0.018011 0.035133
0 0.075229 0.589760 0.018011 0.026135
0 0.448601 0.894387 0.016625 0.023565
0 0.881269 0.819623 0.016902 0.020566
0 0.516487 0.794773 0.018842 0.029991
0 0.539069 0.299057 0.019119 0.024850
0 0.297174 0.612682 0.016902 0.020566
0 0.385287 0.523565 0.016348 0.022279
0 0.625381 0.405099 0.017179 0.027849
0 0.736492 0.250214 0.016625 0.017995
0 0.516487 0.838903 0.018288 0.024850
0 0.774176 0.537704 0.018288 0.021422
0 0.665974 0.798629 0.019119 0.028278
0 0.709338 0.944087 0.020504 0.024422
0 0.881823 0.629177 0.019673 0.021851
0 0.624273 0.628749 0.022167 0.026135
0 0.902605 0.799486 0.018011 0.022279
0 0.407731 0.523993 0.015240 0.017995
0 0.859518 0.835476 0.018288 0.028278
0 0.559435 0.799057 0.018288 0.022279
0 0.951510 0.185733 0.016071 0.019280
0 0.665974 0.818980 0.016348 0.022708
0 0.135772 0.097472 0.018842 0.021851
0 0.029232 0.281491 0.017456 0.030848
0 0.908978 0.257926 0.015240 0.017138
0 0.428512 0.607755 0.019673 0.023565
0 0.625658 0.484147 0.019950 0.035133
0 0.274314 0.545630 0.017179 0.020994
0 0.160986 0.239503 0.017733 0.023136
0 0.686478 0.757712 0.019119 0.023565
0 0.605292 0.235647 0.020781 0.036847
0 0.450125 0.835047 0.017456 0.018852
0 0.908700 0.296701 0.020227 0.023565
0 0.321973 0.804627 0.019950 0.041988
0 0.296342 0.190017 0.016902 0.023565
0 0.927681 0.520994 0.017733 0.028278
0 0.032696 0.517781 0.015517 0.018423
0 0.027709 0.217866 0.018842 0.022708
0 0.183292 0.314267 0.017456 0.021851
0 0.560682 0.880463 0.017456 0.027421
0 0.297035 0.210797 0.017179 0.023993
0 0.296204 0.230291 0.016071 0.022708
0 0.164866 0.617609 0.017733 0.022708
0 0.946523 0.631534 0.020504 0.023136
0 0.860072 0.703942 0.017733 0.027421
0 0.140482 0.200086 0.018288 0.020566
0 0.688002 0.815124 0.016071 0.019280
0 0.342893 0.316624 0.021336 0.033419
0 0.098642 0.599614 0.017733 0.018423
0 0.862289 0.548415 0.018842 0.034276
0 0.733306 0.498500 0.016902 0.020137
0 0.140067 0.219152 0.015794 0.022708
0 0.515101 0.528278 0.015517 0.017995
0 0.646439 0.550771 0.017733 0.030420
0 0.406761 0.791560 0.017733 0.021851
0 0.625520 0.380891 0.018565 0.025707
0 0.792602 0.861611 0.021336 0.030848
0 0.386672 0.284919 0.017456 0.022279
0 0.645608 0.869323 0.017733 0.026564
0 0.274868 0.253213 0.017733 0.025707
0 0.601275 0.898243 0.019396 0.024422
0 0.601413 0.847901 0.018011 0.023993
0 0.274176 0.563196 0.016902 0.019280
0 0.818371 0.571979 0.014686 0.017995
0 0.840815 0.555913 0.016902 0.022708
0 0.364644 0.262211 0.016071 0.023993
0 0.116514 0.249786 0.017456 0.020566
0 0.731505 0.858183 0.017733 0.020566
0 0.120532 0.584404 0.017733 0.029135
0 0.140067 0.510925 0.017456 0.018423
0 0.407177 0.831405 0.016902 0.020994
0 0.026877 0.201371 0.018288 0.021422
0 0.538792 0.839546 0.018565 0.020994
0 0.860211 0.799486 0.017456 0.023136
0 0.793987 0.919880 0.019673 0.031705
0 0.033250 0.597472 0.017733 0.020137
0 0.969798 0.518852 0.016071 0.023136
0 0.538376 0.578406 0.016071 0.025707
0 0.208229 0.639246 0.020227 0.021422
0 0.074813 0.492074 0.018288 0.022708
0 0.708507 0.833762 0.018288 0.020566
0 0.254364 0.754070 0.022167 0.035133
0 0.902050 0.857112 0.019119 0.023565
0 0.472014 0.906170 0.017456 0.023993
0 0.864505 0.305056 0.020504 0.039417
0 0.880992 0.859040 0.019119 0.027421
0 0.232336 0.628749 0.019119 0.030420
0 0.098365 0.582905 0.017179 0.022708
0 0.052508 0.632391 0.018565 0.023136
0 0.601413 0.827978 0.019119 0.022708
0 0.321003 0.884747 0.015794 0.022279
0 0.772513 0.898886 0.019950 0.023136
0 0.688002 0.868680 0.017179 0.020137
0 0.926295 0.575835 0.018288 0.026564
0 0.970906 0.570051 0.021613 0.026992
0 0.119285 0.562125 0.017456 0.022279
0 0.731643 0.895244 0.018565 0.024422
0 0.494320 0.622751 0.020504 0.023565
0 0.274868 0.612896 0.017733 0.030420
0 0.925880 0.612896 0.018011 0.023565
0 0.709338 0.885818 0.016625 0.018423
0 0.471460 0.223650 0.015794 0.023136
0 0.926018 0.593188 0.017179 0.022708
0 0.622610 0.918380 0.020504 0.028706
0 0.024383 0.132605 0.021058 0.029563
0 0.320726 0.281491 0.018011 0.023993
0 0.096703 0.494644 0.017733 0.021851
0 0.515101 0.241217 0.017179 0.023993
0 0.797451 0.558698 0.015517 0.020566
0 0.559158 0.814910 0.017179 0.021422
0 0.841369 0.541560 0.017456 0.020566
0 0.493489 0.539417 0.016625 0.017138
0 0.800360 0.268638 0.017456 0.023136
0 0.947908 0.588046 0.016625 0.036418
0 0.930452 0.188303 0.016625 0.021851
0 0.052231 0.613111 0.016902 0.021422
0 0.666528 0.848543 0.017456 0.027849
0 0.296897 0.548201 0.019119 0.020994
0 0.950263 0.312554 0.020227 0.021851
0 0.364367 0.484147 0.017733 0.021422
0 0.666251 0.526135 0.017456 0.020566
0 0.925880 0.803556 0.019673 0.027849
0 0.666667 0.905741 0.017733 0.026564
0 0.925880 0.628535 0.019673 0.024850
0 0.322943 0.837404 0.020781 0.029563
0 0.052369 0.594473 0.016625 0.023565
0 0.772098 0.879820 0.017456 0.023565
0 0.538930 0.861183 0.018842 0.028278
0 0.473538 0.525493 0.015517 0.024422
0 0.625520 0.568766 0.018565 0.033847
0 0.473677 0.537918 0.016348 0.020137
0 0.602106 0.916452 0.019396 0.021422
0 0.098088 0.565124 0.015517 0.020566
0 0.931144 0.168809 0.018011 0.028278
0 0.363813 0.543273 0.017733 0.023993
0 0.472014 0.924593 0.018565 0.023136
0 0.623580 0.943445 0.022444 0.026564
0 0.363536 0.578192 0.017179 0.024422
0 0.514963 0.225364 0.016902 0.020566
0 0.538653 0.260283 0.016071 0.020137
0 0.625658 0.527635 0.016625 0.020994
0 0.839152 0.836547 0.018565 0.020994
0 0.581047 0.911525 0.016625 0.023565
0 0.539208 0.176307 0.017733 0.020994
0 0.644915 0.890317 0.018011 0.023136
0 0.581047 0.890746 0.016625 0.023136
0 0.773067 0.845116 0.018288 0.024422
0 0.580078 0.820908 0.018565 0.025707
0 0.582987 0.284062 0.016071 0.020566
0 0.517179 0.863967 0.019673 0.034704
0 0.299113 0.909169 0.020781 0.031705
0 0.539208 0.157669 0.017733 0.023136
0 0.946938 0.617181 0.019119 0.026992
0 0.601690 0.804413 0.022444 0.032134
0 0.969798 0.500214 0.016625 0.020137
0 0.320865 0.903385 0.017179 0.022708
0 0.625520 0.509212 0.017456 0.022708
0 0.407315 0.551628 0.016071 0.024422
0 0.708784 0.821979 0.018288 0.028706
0 0.276669 0.837189 0.020227 0.024850
0 0.407038 0.570266 0.015517 0.018852
0 0.688002 0.796272 0.016625 0.023565
0 0.749931 0.917524 0.015240 0.023565
0 0.450402 0.484362 0.018011 0.022708
0 0.429759 0.859469 0.017733 0.023993
0 0.951926 0.166667 0.017456 0.022279
0 0.561790 0.775707 0.017456 0.019280
0 0.472014 0.944944 0.019673 0.023565
0 0.709615 0.902956 0.018288 0.022708
0 0.646578 0.908312 0.016348 0.022279
0 0.731089 0.827978 0.017456 0.023565
0 0.926988 0.545630 0.017456 0.026135
0 0.947631 0.826050 0.015517 0.024850
0 0.320587 0.264996 0.017179 0.020994
0 0.343170 0.907669 0.016348 0.020994
0 0.909116 0.204370 0.015517 0.017995
0 0.969244 0.623179 0.021613 0.033847
0 0.863120 0.479649 0.016625 0.023565
0 0.968966 0.540703 0.017179 0.024850
0 0.386118 0.919666 0.019119 0.022708
0 0.967858 0.798629 0.016625 0.027421
0 0.709061 0.871251 0.016625 0.019280
0 0.297174 0.577549 0.018011 0.024850
0 0.902882 0.915596 0.019119 0.020566
0 0.646578 0.589760 0.016348 0.018423
0 0.865198 0.257926 0.016348 0.027421
0 0.137850 0.178663 0.020227 0.026564
0 0.320449 0.864610 0.018011 0.025707
0 0.276947 0.806555 0.020227 0.038989
0 0.032835 0.532562 0.016348 0.023136
0 0.385841 0.939374 0.020781 0.024422
0 0.538238 0.606898 0.017456 0.021851
0 0.858964 0.925664 0.019950 0.024422
0 0.428374 0.841688 0.014963 0.022708
0 0.032142 0.560840 0.016625 0.027421
0 0.074674 0.576264 0.016902 0.017995
0 0.949432 0.293273 0.016348 0.020137
0 0.559296 0.489075 0.016902 0.032991
0 0.581047 0.842545 0.018288 0.024422
0 0.881546 0.916024 0.016348 0.017995
0 0.427958 0.902099 0.016902 0.022708
0 0.342893 0.871465 0.017456 0.024850
0 0.320172 0.590831 0.015794 0.018852
0 0.927265 0.491003 0.018565 0.041988
0 0.363120 0.612254 0.019119 0.023993
0 0.881408 0.933805 0.018842 0.024422
0 0.947631 0.697515 0.019396 0.029991
0 0.428928 0.941731 0.021613 0.025707
0 0.343170 0.889246 0.016902 0.023565
0 0.363951 0.592331 0.017456 0.020137
0 0.844694 0.230720 0.016348 0.023565
0 0.665974 0.541131 0.017456 0.020566
0 0.141729 0.603685 0.016902 0.018852
0 0.969936 0.594473 0.018011 0.027849
0 0.948462 0.888389 0.018842 0.026135
0 0.687587 0.925450 0.017456 0.023136
0 0.164866 0.554199 0.017179 0.020137
0 0.971183 0.433590 0.019950 0.035133
0 0.929343 0.312554 0.019950 0.020137
0 0.688002 0.856470 0.018288 0.029991
0 0.140482 0.495930 0.019950 0.023565
0 0.495982 0.925450 0.019950 0.023136
0 0.859518 0.818552 0.018288 0.021851
0 0.626766 0.282134 0.015517 0.020137
0 0.948878 0.868038 0.018011 0.023993
0 0.033389 0.583762 0.018011 0.024422
0 0.923940 0.917952 0.019119 0.021851
0 0.559989 0.932734 0.021613 0.042845
0 0.579523 0.799057 0.019673 0.026564
0 0.449986 0.941088 0.022721 0.032991
0 0.516764 0.886675 0.018288 0.019280
0 0.428651 0.487575 0.018842 0.026564
0 0.644638 0.757284 0.016348 0.024422
0 0.647963 0.266281 0.015240 0.014996
0 0.050707 0.549057 0.015517 0.017566
0 0.449986 0.547344 0.016625 0.020137
0 0.795234 0.889460 0.018842 0.031705
0 0.968689 0.847472 0.017733 0.027421
0 0.022167 0.008783 0.024383 0.016710
0 0.839429 0.820908 0.018565 0.017995
0 0.471737 0.854970 0.016902 0.020137
0 0.581324 0.494859 0.015517 0.033419
0 0.818094 0.870394 0.018011 0.026135
0 0.365060 0.226864 0.016348 0.019280
0 0.582017 0.772922 0.015794 0.021422
0 0.883209 0.540917 0.016348 0.016710
0 0.925187 0.823479 0.017733 0.019709
0 0.341230 0.592117 0.015794 0.017995
0 0.969382 0.822836 0.016348 0.025278
0 0.343170 0.931877 0.019119 0.035133
0 0.517595 0.904456 0.018842 0.023136
0 0.581463 0.935090 0.018011 0.029563
0 0.645331 0.926735 0.018288 0.022279
0 0.517733 0.923308 0.016902 0.023993
0 0.601967 0.864610 0.016902 0.019709
0 0.581879 0.871465 0.017733 0.028278
0 0.517041 0.409811 0.018842 0.017566
0 0.948324 0.901457 0.016902 0.018852
0 0.032003 0.546487 0.015794 0.015853
0 0.647548 0.142245 0.017179 0.021422
0 0.862704 0.563196 0.018011 0.016710
0 0.343031 0.543488 0.015517 0.017566
0 0.602106 0.881534 0.018288 0.020994
0 0.451233 0.196015 0.016902 0.018423
0 0.931006 0.089546 0.017179 0.027421
0 0.902882 0.932948 0.021336 0.021851
0 0.343170 0.222365 0.016348 0.009426
0 0.624827 0.594473 0.016625 0.015853
0 0.095040 0.254284 0.022167 0.018423
0 0.119562 0.596615 0.016348 0.020137
0 0.277916 0.852828 0.019396 0.019280
0 0.665974 0.942374 0.022444 0.031277
0 0.164866 0.602828 0.016625 0.020566
0 0.560959 0.899100 0.017456 0.026992
0 0.542533 0.884105 0.019950 0.024422
0 0.538930 0.310840 0.020504 0.023565
0 0.119424 0.544773 0.017733 0.017566
0 0.493211 0.419666 0.020504 0.021851
0 0.904821 0.542845 0.017456 0.017138
0 0.322388 0.930591 0.020227 0.038560
0 0.949016 0.919666 0.014963 0.019280
0 0.968966 0.697943 0.021613 0.030848
0 0.772513 0.862254 0.017733 0.019280
0 0.772236 0.916452 0.015517 0.015424
0 0.927127 0.557198 0.017733 0.020994
0 0.687587 0.944944 0.019673 0.023565
0 0.342477 0.485219 0.016625 0.025278
0 0.863259 0.532991 0.015794 0.015424
0 0.581463 0.857541 0.017456 0.021851
0 0.387781 0.254070 0.018011 0.015424
0 0.538238 0.591688 0.016348 0.018852
0 0.429759 0.424165 0.018842 0.022279
0 0.800499 0.258569 0.017179 0.014139
0 0.645747 0.946658 0.020227 0.023565
0 0.183292 0.190660 0.018011 0.014567
0 0.429897 0.919880 0.018011 0.023136
0 0.539623 0.207155 0.017456 0.020994
0 0.606124 0.222579 0.019673 0.014139
0 0.815046 0.947301 0.017456 0.027421
0 0.838044 0.935947 0.013577 0.018423
0 0.560959 0.254713 0.017456 0.010711
0 0.449986 0.916881 0.019396 0.025707
0 0.471876 0.591260 0.017733 0.016281
0 0.689803 0.351971 0.017456 0.027849
0 0.097672 0.522494 0.016348 0.012425
0 0.051676 0.582048 0.016348 0.017566
0 0.668329 0.329049 0.018842 0.022279
0 0.971045 0.553342 0.023552 0.026992
0 0.624827 0.419452 0.018288 0.017138
0 0.687587 0.824979 0.017456 0.012425
0 0.276947 0.872108 0.017456 0.022708
0 0.665143 0.555484 0.015794 0.016710
0 0.406622 0.849614 0.016902 0.013710
0 0.406068 0.865253 0.013577 0.017566
0 0.406207 0.925664 0.014963 0.021851
0 0.406761 0.943659 0.018842 0.015853
0 0.973123 0.381320 0.021613 0.029991
0 0.969382 0.728363 0.019673 0.028278
0 0.968828 0.756427 0.019673 0.026135
0 0.968412 0.871465 0.017733 0.019709
0 0.969105 0.887532 0.013577 0.020994
0 0.968412 0.911311 0.016071 0.023993
0 0.967443 0.933162 0.015794 0.019709
0 0.965364 0.951371 0.018288 0.016710
0 0.947492 0.936804 0.017456 0.016710
0 0.946800 0.955013 0.016071 0.017995
0 0.922832 0.938303 0.018011 0.022279
0 0.924079 0.957798 0.018288 0.016710
0 0.900804 0.952442 0.018842 0.018852
0 0.880022 0.955656 0.018842 0.016710
0 0.859379 0.948158 0.019673 0.023136
0 0.837767 0.955013 0.016902 0.013710
0 0.792740 0.947301 0.018842 0.024850
0 0.772513 0.934233 0.018842 0.021851
0 0.770712 0.952014 0.016902 0.015424
0 0.750485 0.946230 0.020781 0.020994
0 0.729565 0.917952 0.018288 0.025278
0 0.729842 0.943445 0.018842 0.019709
0 0.275700 0.890317 0.016071 0.015424
0 0.275977 0.907669 0.015517 0.020994
0 0.276531 0.922665 0.012192 0.015853
0 0.277501 0.938946 0.019673 0.020994
0 0.298698 0.938518 0.020504 0.026135
