0 0.741406 0.402134 0.029687 0.056741
0 0.797266 0.200416 0.024740 0.051015
0 0.341276 0.252993 0.030469 0.054138
0 0.772135 0.250390 0.027604 0.055180
0 0.567318 0.349818 0.028385 0.046851
0 0.695443 0.200937 0.029427 0.053097
0 0.635286 0.800364 0.033594 0.062988
0 0.644401 0.301406 0.025781 0.056221
0 0.639193 0.595523 0.026823 0.051015
0 0.772526 0.197553 0.027344 0.054659
0 0.594141 0.595263 0.028906 0.053618
0 0.317318 0.306871 0.028906 0.058824
0 0.342187 0.305049 0.027604 0.052056
0 0.667318 0.403436 0.026302 0.055180
0 0.388542 0.504945 0.026562 0.053097
0 0.541797 0.302707 0.025781 0.054659
0 0.665755 0.453930 0.025781 0.052056
0 0.569792 0.202238 0.028646 0.051536
0 0.644401 0.200156 0.025781 0.056741
0 0.740365 0.350859 0.032292 0.056221
0 0.468880 0.200416 0.024740 0.039563
0 0.667318 0.351379 0.026823 0.056221
0 0.568229 0.299063 0.025521 0.050495
0 0.796615 0.249089 0.025000 0.051536
0 0.542969 0.200416 0.023958 0.052056
0 0.566146 0.400052 0.028646 0.056741
0 0.442318 0.202499 0.028906 0.053097
0 0.669661 0.203019 0.025260 0.051015
0 0.693099 0.354243 0.026302 0.056741
0 0.668229 0.300885 0.025000 0.047892
0 0.291927 0.651484 0.027083 0.053618
0 0.669271 0.251692 0.027083 0.053618
0 0.641536 0.355023 0.027865 0.059344
0 0.666276 0.548152 0.028906 0.049974
0 0.263932 0.507548 0.030469 0.059344
0 0.591406 0.700416 0.026042 0.061947
0 0.512891 0.596044 0.026823 0.054138
0 0.517578 0.250911 0.029427 0.056221
0 0.594792 0.250130 0.025521 0.051536
0 0.644141 0.248829 0.024219 0.052056
0 0.592969 0.300104 0.025000 0.053618
0 0.741797 0.644196 0.033073 0.061947
0 0.388411 0.596304 0.027865 0.056741
0 0.670182 0.151744 0.025260 0.055700
0 0.389062 0.454191 0.025000 0.051536
0 0.363281 0.600208 0.025000 0.041645
0 0.695964 0.098126 0.025260 0.060906
0 0.595313 0.151484 0.025521 0.053097
0 0.798568 0.149401 0.025260 0.052056
0 0.568880 0.250911 0.026302 0.048933
0 0.469010 0.153306 0.023438 0.058824
0 0.592839 0.348256 0.023698 0.042686
0 0.591016 0.646538 0.028385 0.055180
0 0.519922 0.200677 0.023177 0.052577
0 0.366667 0.403436 0.025000 0.047892
0 0.265755 0.454971 0.026302 0.049974
0 0.693099 0.455492 0.030469 0.055180
0 0.443229 0.150442 0.025000 0.056221
0 0.542969 0.250390 0.023958 0.054138
0 0.340755 0.402915 0.027344 0.051015
0 0.645052 0.150963 0.023438 0.047892
0 0.336849 0.653566 0.028385 0.055700
0 0.391016 0.404737 0.027865 0.054659
0 0.441667 0.255075 0.028125 0.055180
0 0.367578 0.353982 0.028906 0.054138
0 0.694401 0.302447 0.027865 0.057262
0 0.363542 0.504425 0.023438 0.049974
0 0.337630 0.604112 0.027865 0.049453
0 0.618099 0.301145 0.023698 0.051536
0 0.292187 0.403956 0.028646 0.054138
0 0.773698 0.149662 0.026562 0.051536
0 0.337891 0.503384 0.027344 0.056221
0 0.595703 0.201197 0.023177 0.051536
0 0.291276 0.454711 0.024740 0.050495
0 0.437370 0.647059 0.032031 0.060385
0 0.739974 0.450286 0.032031 0.053097
0 0.493229 0.247267 0.021875 0.049974
0 0.666276 0.596564 0.028906 0.053097
0 0.620182 0.148881 0.026823 0.047892
0 0.290885 0.507548 0.025521 0.057262
0 0.187630 0.895367 0.029948 0.056221
0 0.641927 0.404217 0.026042 0.040083
0 0.694922 0.250130 0.027865 0.055700
0 0.441667 0.303748 0.029167 0.049453
0 0.317318 0.356065 0.029427 0.048933
0 0.695182 0.152525 0.026302 0.048933
0 0.386068 0.747267 0.029948 0.056741
0 0.289844 0.701978 0.028646 0.051536
0 0.569401 0.150963 0.026302 0.056221
0 0.543229 0.149141 0.022917 0.051536
0 0.740885 0.694170 0.032292 0.056741
0 0.389453 0.549974 0.026302 0.041124
0 0.416276 0.153045 0.023177 0.055180
0 0.341536 0.353462 0.024219 0.052056
0 0.564453 0.453930 0.028906 0.052056
0 0.868229 0.151223 0.028646 0.051536
0 0.747266 0.148360 0.025260 0.054138
0 0.337109 0.555960 0.027344 0.053097
0 0.469401 0.250130 0.026302 0.054659
0 0.514844 0.646018 0.028125 0.045809
0 0.771615 0.297501 0.027083 0.050495
0 0.367708 0.203280 0.024479 0.052577
0 0.741797 0.296981 0.030469 0.059865
0 0.739583 0.746486 0.032292 0.056221
0 0.262891 0.655128 0.028906 0.052577
0 0.565365 0.548412 0.027604 0.048412
0 0.639583 0.546330 0.027604 0.051536
0 0.590104 0.793597 0.027604 0.058824
0 0.618750 0.248308 0.023958 0.053097
0 0.494661 0.199636 0.026823 0.043207
0 0.437109 0.552837 0.027344 0.054138
0 0.768229 0.456793 0.026562 0.059865
0 0.774219 0.098647 0.026042 0.051536
0 0.520182 0.150182 0.025781 0.050495
0 0.769141 0.401093 0.025781 0.053618
0 0.641146 0.453149 0.025000 0.055700
0 0.693099 0.407340 0.024740 0.052577
0 0.562630 0.789433 0.027865 0.048412
0 0.365495 0.451848 0.024740 0.051015
0 0.440625 0.456533 0.032813 0.054138
0 0.440234 0.403175 0.030990 0.060906
0 0.514844 0.546851 0.027083 0.049453
0 0.743490 0.244925 0.025521 0.050495
0 0.437630 0.698334 0.028906 0.054659
0 0.595833 0.096825 0.029687 0.056221
0 0.441146 0.351379 0.030208 0.047892
0 0.619010 0.198594 0.023438 0.042166
0 0.564583 0.695992 0.027083 0.054138
0 0.565495 0.596564 0.025781 0.055180
0 0.386068 0.695471 0.026302 0.056221
0 0.769271 0.505466 0.027604 0.046851
0 0.822135 0.152785 0.022396 0.053618
0 0.487240 0.551275 0.028646 0.056221
0 0.516797 0.500260 0.026823 0.049974
0 0.339193 0.450286 0.029948 0.053097
0 0.488411 0.644716 0.026823 0.048412
0 0.493620 0.301666 0.023177 0.055700
0 0.139193 0.952629 0.032031 0.066632
0 0.639583 0.646018 0.030729 0.054138
0 0.745182 0.197553 0.025260 0.045289
0 0.539974 0.355544 0.023177 0.053097
0 0.565234 0.647319 0.029427 0.050495
0 0.367969 0.252473 0.023438 0.040604
0 0.470313 0.299844 0.027604 0.055180
0 0.563411 0.745445 0.027344 0.053097
0 0.740495 0.589276 0.029427 0.055180
0 0.291276 0.749870 0.030990 0.052577
0 0.740495 0.543727 0.027865 0.047371
0 0.664323 0.698855 0.027083 0.056741
0 0.519531 0.095263 0.028125 0.060385
0 0.769531 0.346694 0.025000 0.043727
0 0.516927 0.301145 0.022396 0.047371
0 0.493750 0.149401 0.026562 0.053097
0 0.565234 0.500260 0.026302 0.042686
0 0.186198 0.843311 0.030208 0.057262
0 0.440104 0.504425 0.032813 0.051015
0 0.442578 0.098126 0.032031 0.057782
0 0.767057 0.548933 0.024219 0.050495
0 0.385937 0.646538 0.028646 0.045809
0 0.337500 0.701978 0.028646 0.047371
0 0.260417 0.845393 0.028646 0.052056
0 0.639844 0.502082 0.029687 0.044248
0 0.592318 0.500781 0.024740 0.055180
0 0.363542 0.554919 0.025521 0.053097
0 0.514062 0.700677 0.029167 0.064550
0 0.145052 0.206663 0.029687 0.056221
0 0.617578 0.352421 0.021615 0.049974
0 0.362109 0.647319 0.024740 0.055700
0 0.288411 0.843831 0.026823 0.051015
0 0.492057 0.355284 0.027865 0.051536
0 0.144010 0.260021 0.027604 0.053618
0 0.358594 0.944300 0.026042 0.056221
0 0.593490 0.402395 0.021875 0.049974
0 0.741146 0.497918 0.025000 0.047371
0 0.264583 0.407600 0.029167 0.052056
0 0.316406 0.251692 0.026042 0.056741
0 0.591927 0.453149 0.023958 0.043207
0 0.140755 0.895627 0.029948 0.053618
0 0.665104 0.646799 0.026562 0.052577
0 0.387630 0.840968 0.029948 0.054659
0 0.488542 0.599427 0.027604 0.051536
0 0.367188 0.299323 0.023958 0.051015
0 0.562500 0.839927 0.027604 0.058824
0 0.467578 0.354503 0.025260 0.057262
0 0.868620 0.099427 0.025260 0.054138
0 0.263021 0.601510 0.027604 0.056741
0 0.665625 0.501301 0.025000 0.051015
0 0.260807 0.704321 0.029427 0.062467
0 0.822135 0.098907 0.026562 0.049974
0 0.392188 0.251952 0.025521 0.057262
0 0.666406 0.795679 0.029687 0.054659
0 0.216146 0.657210 0.028646 0.048412
0 0.264844 0.554659 0.031250 0.043207
0 0.318620 0.204321 0.025260 0.046330
0 0.362500 0.697814 0.022396 0.045289
0 0.490234 0.501562 0.025781 0.051536
0 0.663281 0.841229 0.025000 0.047892
0 0.593229 0.549193 0.027604 0.051015
0 0.172135 0.207704 0.025521 0.052056
0 0.316146 0.403696 0.019792 0.045289
0 0.219661 0.310776 0.032552 0.056221
0 0.691927 0.504945 0.027083 0.049974
0 0.738281 0.795419 0.028646 0.053097
0 0.213411 0.846434 0.026302 0.044768
0 0.636068 0.845133 0.028906 0.039042
0 0.144531 0.361791 0.027604 0.047892
0 0.291667 0.306351 0.021875 0.047371
0 0.745052 0.093701 0.030729 0.053097
0 0.291927 0.602551 0.026042 0.043207
0 0.142708 0.654607 0.027083 0.056741
0 0.515365 0.405518 0.028646 0.056221
0 0.669531 0.096564 0.025000 0.055700
0 0.322135 0.098386 0.025521 0.058303
0 0.260807 0.750651 0.030990 0.046851
0 0.491276 0.403696 0.027344 0.046330
0 0.193359 0.252473 0.025260 0.055180
0 0.142969 0.560125 0.025521 0.055180
0 0.220052 0.156169 0.029167 0.054138
0 0.261328 0.796460 0.027865 0.051015
0 0.514062 0.754555 0.028125 0.051536
0 0.143880 0.309735 0.027344 0.048933
0 0.797135 0.297762 0.024479 0.044768
0 0.823047 0.202238 0.024740 0.051536
0 0.838151 0.517959 0.023698 0.056221
0 0.267448 0.306091 0.027083 0.052056
0 0.246484 0.155908 0.023698 0.053618
0 0.842448 0.363613 0.028125 0.060906
0 0.094922 0.213951 0.029948 0.058303
0 0.637500 0.749870 0.029687 0.048412
0 0.591146 0.743623 0.026562 0.034878
0 0.391406 0.303488 0.025521 0.051015
0 0.292187 0.254295 0.023958 0.052577
0 0.486589 0.847996 0.028385 0.061426
0 0.589453 0.847736 0.026823 0.048412
0 0.342839 0.202499 0.024740 0.053097
0 0.597266 0.043727 0.029948 0.051015
0 0.919401 0.246746 0.026302 0.049974
0 0.319010 0.155388 0.028125 0.054659
0 0.637109 0.705102 0.030469 0.057782
0 0.291536 0.558303 0.027344 0.049453
0 0.892318 0.293337 0.025260 0.042166
0 0.514714 0.453149 0.028385 0.052577
0 0.385547 0.942218 0.026823 0.057262
0 0.217448 0.357366 0.029167 0.049453
0 0.384896 0.794118 0.026042 0.048412
0 0.146224 0.151223 0.031510 0.053618
0 0.664974 0.745445 0.027344 0.045809
0 0.092969 0.508850 0.026042 0.053618
0 0.516406 0.355804 0.023958 0.052577
0 0.435547 0.894326 0.026823 0.054138
0 0.139193 0.847215 0.029427 0.056741
0 0.215234 0.800364 0.029948 0.053618
0 0.892057 0.375586 0.027344 0.046330
0 0.294922 0.099948 0.026823 0.056221
0 0.290885 0.359448 0.023438 0.047371
0 0.393880 0.101510 0.028385 0.060385
0 0.891016 0.416450 0.027344 0.041645
0 0.392708 0.200156 0.021875 0.047371
0 0.191927 0.556221 0.027604 0.044248
0 0.835677 0.936752 0.027604 0.065070
0 0.737370 0.940916 0.029427 0.056741
0 0.918490 0.297501 0.026562 0.052577
0 0.170573 0.257678 0.021875 0.046851
0 0.437370 0.598386 0.028385 0.048412
0 0.491146 0.448725 0.027604 0.049974
0 0.895573 0.096304 0.025521 0.054138
0 0.435807 0.845653 0.027865 0.048412
0 0.290495 0.796720 0.027344 0.045289
0 0.738672 0.845133 0.031510 0.051536
0 0.257943 0.945862 0.029427 0.056221
0 0.891276 0.331078 0.023177 0.041645
0 0.289453 0.891202 0.028906 0.051015
0 0.143099 0.606455 0.024740 0.044768
0 0.191406 0.503123 0.030208 0.061947
0 0.262109 0.890161 0.026823 0.048933
0 0.393229 0.152785 0.026562 0.044248
0 0.265104 0.356585 0.027083 0.055180
0 0.833724 0.609578 0.025781 0.048933
0 0.221224 0.101249 0.025781 0.055700
0 0.118750 0.507028 0.022917 0.043727
0 0.186589 0.948725 0.028906 0.058824
0 0.772396 0.049193 0.026042 0.049453
0 0.918099 0.346955 0.025260 0.050495
0 0.216927 0.404217 0.026042 0.049453
0 0.361849 0.747527 0.021615 0.052056
0 0.188281 0.702238 0.026042 0.047892
0 0.213411 0.893805 0.023177 0.052056
0 0.435547 0.946122 0.026302 0.050495
0 0.214844 0.607756 0.029167 0.056741
0 0.223047 0.254555 0.035677 0.059344
0 0.841536 0.439615 0.028906 0.058824
0 0.217578 0.454711 0.026823 0.049453
0 0.268229 0.155908 0.025000 0.052577
0 0.188281 0.658771 0.025521 0.046330
0 0.344661 0.153826 0.022656 0.049453
0 0.795833 0.349818 0.025521 0.058303
0 0.091536 0.556481 0.027344 0.044768
0 0.836589 0.698334 0.026823 0.040083
0 0.217578 0.558824 0.025781 0.049453
0 0.485807 0.748048 0.027344 0.052056
0 0.842708 0.287090 0.026562 0.060906
0 0.145182 0.459136 0.027865 0.055180
0 0.368099 0.155388 0.027344 0.052577
0 0.294271 0.154347 0.023958 0.048412
0 0.918359 0.401093 0.028906 0.051536
0 0.920573 0.149141 0.027604 0.059865
0 0.089714 0.705882 0.028385 0.045809
0 0.146094 0.053097 0.029687 0.051015
0 0.145833 0.102551 0.030729 0.047892
0 0.216276 0.703280 0.026823 0.052056
0 0.265104 0.251692 0.029167 0.048412
0 0.192448 0.310515 0.023438 0.052577
0 0.664453 0.888860 0.025781 0.053618
0 0.337500 0.746746 0.027083 0.048412
0 0.192448 0.360489 0.024479 0.046330
0 0.891536 0.252993 0.026302 0.046851
0 0.192318 0.408902 0.025260 0.052577
0 0.440104 0.771994 0.040104 0.102030
0 0.487891 0.693909 0.027865 0.058303
0 0.119661 0.463561 0.026302 0.050495
0 0.291797 0.202759 0.025781 0.056741
0 0.118229 0.559604 0.022396 0.059344
0 0.846354 0.200677 0.028646 0.054659
0 0.116667 0.315200 0.023958 0.047371
0 0.286719 0.943519 0.028125 0.057782
0 0.889453 0.497397 0.024219 0.044248
0 0.142187 0.798542 0.026562 0.054138
0 0.214453 0.950547 0.027344 0.058303
0 0.217708 0.507288 0.025521 0.058824
0 0.487109 0.796200 0.023698 0.041124
0 0.219922 0.203800 0.029427 0.046330
0 0.089974 0.661374 0.029427 0.057782
0 0.736719 0.887559 0.028125 0.051015
0 0.894531 0.139771 0.025000 0.046330
0 0.118880 0.209006 0.023698 0.048412
0 0.194922 0.154607 0.026302 0.058303
0 0.173307 0.152264 0.025781 0.054659
0 0.088932 0.748829 0.027865 0.040083
0 0.141016 0.702759 0.029427 0.042686
0 0.094141 0.459917 0.025260 0.046330
0 0.393099 0.351379 0.023177 0.052056
0 0.194792 0.454711 0.032813 0.044248
0 0.885026 0.931806 0.019531 0.061426
0 0.386068 0.888860 0.026302 0.051536
0 0.089453 0.793077 0.023177 0.052577
0 0.145052 0.408121 0.025521 0.051015
0 0.115234 0.405518 0.030990 0.061426
0 0.294792 0.048933 0.026562 0.047892
0 0.821745 0.250911 0.022656 0.048933
0 0.588411 0.895888 0.028385 0.048933
0 0.193880 0.204581 0.020573 0.044768
0 0.637370 0.936231 0.027344 0.052577
0 0.190495 0.606195 0.026302 0.058824
0 0.888802 0.579125 0.028125 0.047371
0 0.887500 0.457054 0.027604 0.044768
0 0.513802 0.826653 0.030729 0.092660
0 0.920052 0.200156 0.021875 0.047371
0 0.093229 0.154867 0.034896 0.065070
0 0.188281 0.794378 0.027604 0.044768
0 0.412760 0.311817 0.023438 0.041645
0 0.145052 0.509891 0.027083 0.051536
0 0.091406 0.608798 0.027604 0.045289
0 0.669922 0.054399 0.023698 0.036960
0 0.467318 0.406819 0.022656 0.044248
0 0.264583 0.205882 0.029167 0.048412
0 0.393750 0.045809 0.030729 0.048933
0 0.636979 0.889381 0.026562 0.054659
0 0.187630 0.749349 0.026823 0.044248
0 0.563672 0.891723 0.029427 0.054138
0 0.214323 0.750390 0.027083 0.039042
0 0.358854 0.887298 0.026562 0.053618
0 0.170964 0.413326 0.021094 0.052056
0 0.119661 0.158771 0.022656 0.053097
0 0.511979 0.897189 0.024479 0.054659
0 0.116536 0.654867 0.022135 0.056221
0 0.360156 0.794898 0.023438 0.045809
0 0.359896 0.842530 0.024479 0.051536
0 0.314323 0.506767 0.019271 0.044248
0 0.820833 0.297762 0.023438 0.049974
0 0.512109 0.950547 0.024219 0.055180
0 0.745182 0.047892 0.027344 0.049974
0 0.887891 0.538522 0.027865 0.046330
0 0.891797 0.211348 0.022135 0.037480
0 0.893490 0.173607 0.021354 0.040083
0 0.890495 0.622332 0.027344 0.043207
0 0.885026 0.659032 0.020573 0.036439
0 0.884375 0.696512 0.018229 0.041645
0 0.885026 0.751171 0.019531 0.033316
0 0.884766 0.787871 0.017448 0.040083
0 0.721484 0.151223 0.022135 0.048412
0 0.557552 0.951327 0.019792 0.044248
0 0.585938 0.947944 0.024479 0.034357
0 0.484115 0.900573 0.022917 0.043727
0 0.485417 0.946122 0.022917 0.044248
0 0.088802 0.847215 0.025521 0.041124
0 0.085807 0.901874 0.024740 0.035919
0 0.144792 0.749870 0.021354 0.035919
0 0.117448 0.750390 0.023958 0.048412
0 0.115495 0.704321 0.026823 0.041645
0 0.116146 0.610880 0.021354 0.035919
0 0.091797 0.417491 0.023177 0.046851
0 0.091797 0.363352 0.023177 0.045809
0 0.116797 0.361270 0.022656 0.046851
0 0.090755 0.317283 0.026823 0.035919
0 0.091146 0.260541 0.020833 0.040083
0 0.118880 0.261843 0.024219 0.047892
0 0.662760 0.943259 0.023438 0.062467
0 0.838411 0.748568 0.017969 0.028110
0 0.834635 0.792556 0.021354 0.049453
0 0.834375 0.847996 0.019271 0.037480
0 0.835417 0.884695 0.021354 0.035919
0 0.884766 0.849297 0.015885 0.040083
