0 0.633138 0.613934 0.109375 0.137705
0 0.372884 0.796885 0.093424 0.120328
0 0.900879 0.279262 0.099609 0.125082
0 0.772135 0.783197 0.083984 0.123770
0 0.372070 0.469836 0.092773 0.124918
0 0.770020 0.618033 0.100911 0.138033
0 0.635091 0.451475 0.103841 0.121967
0 0.247477 0.296393 0.111165 0.113115
0 0.893962 0.444672 0.104004 0.121803
0 0.894287 0.614836 0.099772 0.115574
0 0.374919 0.637377 0.096191 0.121967
0 0.772054 0.279344 0.105632 0.122295
0 0.633382 0.288115 0.094564 0.133607
0 0.249023 0.159426 0.029948 0.028033
0 0.117432 0.170328 0.032064 0.028852
0 0.777751 0.456803 0.109538 0.124426
0 0.249105 0.455246 0.095540 0.110820
0 0.370687 0.291066 0.099447 0.148689
0 0.644775 0.781066 0.114746 0.136885
0 0.247640 0.129426 0.034342 0.027049
0 0.116943 0.444098 0.099121 0.110164
0 0.119792 0.140656 0.031576 0.024262
0 0.120931 0.781803 0.113607 0.134098
0 0.259196 0.789262 0.108561 0.117213
0 0.547933 0.751885 0.028809 0.025082
0 0.455078 0.616393 0.028320 0.031475
0 0.452637 0.441967 0.025391 0.025246
0 0.119466 0.612049 0.106445 0.135246
0 0.780436 0.149262 0.029622 0.028033
0 0.896891 0.786803 0.087077 0.103770
0 0.253825 0.613852 0.110189 0.114262
0 0.548014 0.593934 0.030273 0.031148
0 0.118164 0.272049 0.108073 0.106393
0 0.452067 0.776148 0.025228 0.025738
0 0.033610 0.885902 0.033366 0.026885
