0 0.834223 0.106429 0.331554 0.203630
0 0.844100 0.306521 0.289375 0.198400
0 0.821943 0.513688 0.303791 0.218394
0 0.835825 0.723777 0.313401 0.201784
0 0.837694 0.908797 0.320342 0.160258
0 0.504538 0.095355 0.335291 0.187635
0 0.512547 0.293141 0.348105 0.201784
0 0.498665 0.501538 0.320342 0.213165
0 0.506407 0.703014 0.331554 0.185481
0 0.504271 0.902184 0.316604 0.195632
0 0.186065 0.101815 0.324079 0.196247
0 0.185798 0.300523 0.327816 0.203630
0 0.178590 0.500000 0.313401 0.188557
0 0.179391 0.693018 0.315003 0.195017
0 0.188735 0.895878 0.326215 0.208244
