0 0.822220 0.145584 0.025144 0.025064
0 0.822872 0.057273 0.026448 0.035840
0 0.620879 0.733193 0.020302 0.030921
0 0.602067 0.175451 0.027379 0.022956
0 0.622183 0.943195 0.023654 0.028344
0 0.332744 0.052237 0.024772 0.037948
0 0.796796 0.144765 0.024586 0.033263
0 0.821755 0.089248 0.026821 0.029984
0 0.748557 0.180839 0.021606 0.028578
0 0.772025 0.176856 0.025703 0.034669
0 0.405476 0.054814 0.025703 0.034669
0 0.704135 0.115132 0.025517 0.034434
0 0.651984 0.118646 0.025517 0.030686
0 0.409294 0.204849 0.024399 0.037714
0 0.548799 0.883111 0.025889 0.033263
0 0.597225 0.887679 0.024027 0.029749
0 0.552803 0.479855 0.024213 0.031155
0 0.405196 0.731553 0.021792 0.033732
0 0.821382 0.118178 0.025331 0.028344
0 0.572639 0.941438 0.025889 0.032326
0 0.457907 0.237761 0.022537 0.033732
0 0.089961 0.107871 0.024958 0.033966
0 0.848016 0.088428 0.025703 0.033029
0 0.505215 0.141719 0.024399 0.034669
0 0.627119 0.206372 0.027193 0.028110
0 0.232632 0.912860 0.020488 0.030921
0 0.773515 0.025299 0.024213 0.034200
0 0.873068 0.053760 0.024399 0.026938
0 0.719873 0.732256 0.022351 0.030452
0 0.382660 0.210822 0.028497 0.036074
0 0.602347 0.088311 0.023468 0.031389
0 0.626932 0.392481 0.023841 0.026938
0 0.720060 0.637269 0.023096 0.035371
0 0.433228 0.299836 0.027193 0.034200
0 0.946731 0.147576 0.023096 0.029047
0 0.794748 0.361794 0.023841 0.029749
0 0.284317 0.572968 0.026262 0.034200
0 0.918607 0.274186 0.024213 0.030686
0 0.840846 0.765050 0.021792 0.027641
0 0.432762 0.111853 0.025517 0.027407
0 0.140715 0.112790 0.025517 0.031623
0 0.573384 0.699110 0.025889 0.033029
0 0.235239 0.633052 0.025331 0.037245
0 0.354815 0.723237 0.024213 0.028812
0 0.278543 0.878074 0.022537 0.035840
0 0.696033 0.602483 0.024958 0.031858
0 0.840752 0.976810 0.027566 0.032326
0 0.870833 0.182478 0.024027 0.031389
0 0.428385 0.971071 0.024958 0.033029
0 0.527659 0.512181 0.023468 0.033029
0 0.647420 0.704029 0.026821 0.035371
0 0.433414 0.142656 0.024586 0.036074
0 0.946452 0.059030 0.023282 0.030921
0 0.795958 0.242094 0.023282 0.032560
0 0.627771 0.149801 0.026634 0.028812
0 0.647700 0.794097 0.024399 0.034669
0 0.578134 0.150621 0.022723 0.032326
0 0.673310 0.699578 0.022723 0.030218
0 0.671727 0.972944 0.025144 0.033029
0 0.621252 0.974818 0.020302 0.033966
0 0.186720 0.080932 0.022164 0.030218
0 0.621997 0.819279 0.024027 0.034903
0 0.524306 0.698993 0.020488 0.031858
0 0.481002 0.079644 0.019557 0.032326
0 0.162134 0.600492 0.021047 0.031623
0 0.456975 0.117475 0.023282 0.031155
0 0.090240 0.141719 0.025144 0.031389
0 0.333768 0.088077 0.028311 0.033263
0 0.839635 0.944835 0.022351 0.028812
0 0.628050 0.054580 0.023096 0.037011
0 0.943751 0.516046 0.025331 0.032795
0 0.677314 0.084914 0.022537 0.033966
0 0.288508 0.049426 0.027566 0.029515
0 0.036878 0.697587 0.021606 0.034669
0 0.747905 0.267627 0.024027 0.035371
0 0.140063 0.293043 0.024213 0.029047
0 0.796238 0.176739 0.024213 0.027875
0 0.432017 0.080698 0.025517 0.026938
0 0.943844 0.213633 0.021047 0.029984
0 0.892159 0.763996 0.024213 0.031623
0 0.794934 0.422230 0.021606 0.032092
0 0.064723 0.755446 0.024772 0.027173
0 0.873347 0.085851 0.024586 0.035840
0 0.382567 0.176388 0.024213 0.033732
0 0.896256 0.057508 0.020860 0.031155
0 0.376606 0.907590 0.023096 0.032560
0 0.843453 0.511361 0.022164 0.029515
0 0.280220 0.913094 0.025889 0.036074
0 0.892624 0.730499 0.024772 0.031155
0 0.870088 0.605645 0.024772 0.027875
0 0.480909 0.178028 0.024586 0.028110
0 0.575526 0.544156 0.024213 0.030921
0 0.379028 0.940736 0.027193 0.033263
0 0.702459 0.049777 0.022537 0.025533
0 0.645558 0.858164 0.025331 0.030686
0 0.844664 0.544273 0.025331 0.028344
0 0.627677 0.120754 0.026448 0.028344
0 0.455578 0.542984 0.022723 0.033263
0 0.893835 0.392481 0.021978 0.029749
0 0.577575 0.389904 0.023468 0.033497
0 0.646303 0.945420 0.024213 0.030921
0 0.841870 0.795971 0.027193 0.031858
0 0.622649 0.763059 0.023468 0.027407
0 0.283665 0.602834 0.024213 0.024596
0 0.555038 0.179550 0.023096 0.036777
0 0.403055 0.455025 0.025331 0.036308
0 0.696592 0.450340 0.022723 0.033497
0 0.578134 0.298548 0.018998 0.032092
0 0.284690 0.632232 0.024772 0.034669
0 0.795865 0.390490 0.024958 0.029984
0 0.140715 0.171820 0.024772 0.033966
0 0.678618 0.050832 0.023654 0.030452
0 0.184578 0.481846 0.021233 0.034200
0 0.895139 0.242563 0.023096 0.029281
0 0.457068 0.205786 0.022723 0.031623
0 0.233470 0.881120 0.020302 0.031155
0 0.089868 0.174748 0.024399 0.033732
0 0.237847 0.200398 0.023468 0.030218
0 0.745018 0.604825 0.023841 0.029515
0 0.553734 0.112556 0.025331 0.037245
0 0.114267 0.048021 0.024772 0.027641
0 0.940492 0.974936 0.025889 0.032326
0 0.816167 0.702272 0.023841 0.033732
0 0.235519 0.755095 0.024772 0.033966
0 0.139970 0.600258 0.024772 0.033497
0 0.746880 0.418951 0.023468 0.031155
0 0.622742 0.577653 0.024027 0.033732
0 0.116130 0.079878 0.022909 0.031858
0 0.186906 0.542399 0.024027 0.026001
0 0.774073 0.060787 0.023096 0.034434
0 0.920190 0.367768 0.024027 0.037011
0 0.260011 0.083041 0.023096 0.034434
0 0.846899 0.147458 0.023096 0.028344
0 0.596107 0.979972 0.025517 0.033966
0 0.601229 0.391309 0.021978 0.028344
0 0.795306 0.207660 0.021606 0.032560
0 0.553269 0.512532 0.022537 0.032326
0 0.670982 0.941087 0.026262 0.028344
0 0.284597 0.391309 0.023468 0.027407
0 0.064910 0.724877 0.022909 0.032092
0 0.621065 0.880885 0.019557 0.028812
0 0.432203 0.023542 0.022164 0.030686
0 0.552617 0.214102 0.021606 0.030452
0 0.746694 0.300656 0.021233 0.029749
0 0.088471 0.445772 0.021978 0.029047
0 0.527007 0.479972 0.021792 0.028110
0 0.404731 0.389435 0.024958 0.032092
0 0.555411 0.055517 0.024586 0.028110
0 0.845595 0.240454 0.023841 0.026001
0 0.702645 0.081167 0.025889 0.032092
0 0.821941 0.364137 0.022351 0.029281
0 0.650307 0.249941 0.021792 0.026704
0 0.063047 0.908527 0.023282 0.031623
0 0.383405 0.058562 0.020674 0.029984
0 0.844198 0.268681 0.020302 0.028578
0 0.163438 0.142539 0.021047 0.034434
0 0.210654 0.849496 0.024213 0.031155
0 0.695753 0.569454 0.022164 0.031389
0 0.694543 0.638323 0.020860 0.029047
0 0.598249 0.765285 0.021233 0.029984
0 0.766064 0.880066 0.021606 0.028578
0 0.456975 0.081752 0.021419 0.035606
0 0.625535 0.362146 0.022537 0.029984
0 0.481188 0.237643 0.024772 0.035840
0 0.501397 0.482900 0.025331 0.032092
0 0.598156 0.795268 0.021047 0.028110
0 0.770069 0.301593 0.019929 0.030686
0 0.382101 0.144882 0.025144 0.028812
0 0.185603 0.969782 0.023654 0.033732
0 0.284317 0.116069 0.022909 0.027407
0 0.796983 0.084563 0.018253 0.031858
0 0.649749 0.395292 0.021792 0.030218
0 0.139784 0.264348 0.025144 0.029749
0 0.675359 0.303350 0.026448 0.023425
0 0.575619 0.512064 0.019184 0.032795
0 0.114640 0.110799 0.021419 0.027641
0 0.750792 0.093465 0.022723 0.030921
0 0.112870 0.449051 0.021606 0.027173
0 0.597411 0.575545 0.022909 0.036543
0 0.678339 0.114430 0.025331 0.024127
0 0.652449 0.218201 0.023468 0.035840
0 0.600484 0.117709 0.022351 0.026938
0 0.475321 0.699344 0.021233 0.030218
0 0.523841 0.850433 0.023654 0.028812
0 0.573943 0.791520 0.025889 0.025299
0 0.742503 0.826657 0.022537 0.032795
0 0.744925 0.699461 0.023282 0.029047
0 0.530359 0.298431 0.023654 0.033732
0 0.255541 0.969079 0.019370 0.029047
0 0.063606 0.875615 0.023654 0.032326
0 0.748929 0.028110 0.020488 0.037480
0 0.598435 0.735887 0.020488 0.026938
0 0.944217 0.273132 0.025144 0.028578
0 0.868877 0.395994 0.025703 0.029749
0 0.480630 0.205552 0.025144 0.026470
0 0.768299 0.637971 0.021233 0.029749
0 0.429782 0.758023 0.023654 0.031858
0 0.796424 0.114078 0.020860 0.024362
0 0.135873 0.786133 0.024027 0.034669
0 0.209536 0.784961 0.021606 0.030452
0 0.549264 0.944249 0.022723 0.030921
0 0.677035 0.146170 0.022351 0.029984
0 0.064351 0.785547 0.026262 0.033029
0 0.645372 0.888030 0.025703 0.029515
0 0.817471 0.485945 0.023096 0.031155
0 0.672006 0.733544 0.023096 0.033966
0 0.789533 0.914500 0.021978 0.034669
0 0.722388 0.392246 0.022164 0.026001
0 0.114919 0.143828 0.022723 0.037948
0 0.163345 0.108222 0.021233 0.025767
0 0.770628 0.392246 0.020302 0.024596
0 0.163531 0.080230 0.023841 0.029281
0 0.768393 0.573085 0.020674 0.026470
0 0.408083 0.117241 0.023841 0.026001
0 0.917769 0.734833 0.023654 0.028578
0 0.138853 0.535254 0.022164 0.036074
0 0.771652 0.238815 0.020860 0.032560
0 0.843453 0.574959 0.026262 0.028344
0 0.894207 0.575193 0.023096 0.030686
0 0.475601 0.885805 0.022537 0.036777
0 0.865152 0.976458 0.021978 0.027875
0 0.814956 0.889787 0.023654 0.033497
0 0.139505 0.204732 0.023468 0.027641
0 0.284504 0.173928 0.024027 0.032092
0 0.164090 0.049777 0.021978 0.027407
0 0.603837 0.023073 0.019743 0.029281
0 0.552617 0.361443 0.027193 0.036543
0 0.893928 0.542047 0.022164 0.029047
0 0.549823 0.973881 0.020488 0.029281
0 0.622649 0.791052 0.024586 0.023893
0 0.259639 0.389904 0.021978 0.029281
0 0.869249 0.482549 0.025331 0.031858
0 0.529056 0.234247 0.020674 0.029047
0 0.407152 0.168892 0.024586 0.025767
0 0.725647 0.055985 0.020115 0.029984
0 0.457441 0.048840 0.024958 0.028344
0 0.674427 0.394355 0.022351 0.032092
0 0.210188 0.418014 0.022537 0.030218
0 0.333489 0.205435 0.027752 0.035606
0 0.574409 0.733076 0.021978 0.033029
0 0.429689 0.537597 0.024213 0.029515
0 0.527193 0.390607 0.020674 0.030218
0 0.256379 0.876786 0.019557 0.031858
0 0.622835 0.479503 0.023468 0.028578
0 0.139877 0.910635 0.026076 0.034903
0 0.701807 0.145233 0.024586 0.026704
0 0.703017 0.022136 0.023654 0.028344
0 0.671913 0.541930 0.021792 0.032560
0 0.427361 0.908292 0.023282 0.029281
0 0.574409 0.634926 0.021233 0.030686
0 0.597132 0.540173 0.020115 0.029515
0 0.653939 0.184118 0.023096 0.033732
0 0.602161 0.056688 0.020115 0.031858
0 0.112870 0.600492 0.026076 0.034434
0 0.525889 0.970953 0.022164 0.035137
0 0.505308 0.207074 0.020488 0.028110
0 0.234029 0.816702 0.021419 0.030218
0 0.675452 0.275240 0.024399 0.029984
0 0.841963 0.605880 0.022909 0.028344
0 0.215403 0.083158 0.026634 0.028578
0 0.869901 0.514406 0.022909 0.029047
0 0.940678 0.884048 0.024399 0.025767
0 0.700410 0.209300 0.021419 0.033497
0 0.817378 0.604943 0.021792 0.026938
0 0.720339 0.567580 0.021792 0.029515
0 0.769510 0.363317 0.021419 0.029515
0 0.570590 0.975638 0.022537 0.032326
0 0.285714 0.083158 0.024958 0.037011
0 0.821289 0.177442 0.022164 0.034903
0 0.894394 0.604943 0.021606 0.023190
0 0.236357 0.167955 0.024213 0.030452
0 0.403986 0.088311 0.020115 0.030921
0 0.548892 0.763176 0.025331 0.026704
0 0.501676 0.450340 0.022537 0.032092
0 0.742876 0.731553 0.022909 0.035137
0 0.499814 0.731319 0.019557 0.029047
0 0.791581 0.488756 0.023468 0.029749
0 0.480909 0.269852 0.023096 0.026704
0 0.893928 0.422113 0.022909 0.025299
0 0.525703 0.730148 0.023282 0.028110
0 0.572174 0.819864 0.024958 0.028578
0 0.531477 0.174397 0.024772 0.026001
0 0.914882 0.793980 0.022351 0.029749
0 0.894673 0.145819 0.021792 0.029281
0 0.768113 0.544273 0.021233 0.026938
0 0.552989 0.080815 0.021978 0.022956
0 0.723692 0.214102 0.022537 0.028110
0 0.773328 0.144999 0.020860 0.029984
0 0.381635 0.244554 0.022351 0.030452
0 0.842056 0.734950 0.026076 0.031623
0 0.847458 0.118178 0.023841 0.030218
0 0.113336 0.906887 0.023282 0.032092
0 0.427454 0.818810 0.020860 0.031155
0 0.942820 0.395526 0.020860 0.030686
0 0.547961 0.849731 0.021606 0.031155
0 0.479512 0.299836 0.024027 0.034200
0 0.915720 0.882174 0.024772 0.025767
0 0.528124 0.421879 0.022537 0.027641
0 0.943658 0.455962 0.023654 0.033497
0 0.844198 0.425158 0.023282 0.033732
0 0.720618 0.600375 0.021978 0.029515
0 0.431458 0.208831 0.020674 0.031623
0 0.621624 0.702038 0.018439 0.030921
0 0.824362 0.022136 0.026448 0.030218
0 0.868039 0.451160 0.021419 0.024830
0 0.332930 0.175568 0.026262 0.027875
0 0.644720 0.827009 0.021047 0.030218
0 0.818774 0.637386 0.024958 0.033263
0 0.820451 0.451745 0.024213 0.033966
0 0.184951 0.599906 0.021606 0.029047
0 0.258242 0.541579 0.019929 0.029515
0 0.920935 0.057039 0.024399 0.028344
0 0.767648 0.605177 0.021419 0.031155
0 0.430993 0.052823 0.025703 0.026470
0 0.869156 0.636449 0.024399 0.030921
0 0.696685 0.361209 0.023282 0.027641
0 0.185044 0.448466 0.020302 0.026470
0 0.624884 0.421762 0.026448 0.033029
0 0.139691 0.081049 0.019743 0.031389
0 0.211958 0.234598 0.021978 0.033029
0 0.530173 0.145116 0.024027 0.030686
0 0.548054 0.700398 0.019929 0.031389
0 0.943286 0.486414 0.023654 0.023659
0 0.184858 0.513703 0.020302 0.029047
0 0.721177 0.451979 0.022723 0.030218
0 0.795958 0.274772 0.024772 0.029047
0 0.818402 0.514875 0.024958 0.030452
0 0.187558 0.052237 0.021233 0.027641
0 0.790743 0.882877 0.021792 0.029984
0 0.697802 0.393418 0.021419 0.026470
0 0.063978 0.568400 0.021792 0.035371
0 0.891786 0.975287 0.023841 0.028812
0 0.942541 0.640548 0.025144 0.029281
0 0.846899 0.024479 0.018998 0.030218
0 0.548333 0.792106 0.022351 0.027407
0 0.644999 0.916842 0.023096 0.027173
0 0.237195 0.232256 0.023282 0.035371
0 0.477649 0.790583 0.023282 0.030921
0 0.896349 0.361677 0.025144 0.026236
0 0.647607 0.542399 0.024213 0.030218
0 0.140156 0.418248 0.023654 0.031155
0 0.549171 0.576833 0.019929 0.030686
0 0.403893 0.358632 0.025889 0.031389
0 0.621904 0.610447 0.023468 0.032795
0 0.063978 0.535371 0.020674 0.032560
0 0.673403 0.479503 0.020302 0.027173
0 0.575899 0.181541 0.020488 0.029047
0 0.870088 0.149567 0.019184 0.030218
0 0.747998 0.210119 0.024213 0.027641
0 0.327994 0.968611 0.023468 0.032326
0 0.482585 0.048958 0.024958 0.023425
0 0.597411 0.823612 0.019557 0.027641
0 0.921028 0.148630 0.024586 0.029281
0 0.551220 0.545093 0.021792 0.029515
0 0.503818 0.176505 0.019743 0.032092
0 0.744645 0.640782 0.024213 0.031623
0 0.600112 0.206723 0.021233 0.034434
0 0.920656 0.178730 0.025331 0.029047
0 0.745297 0.484657 0.024399 0.031858
0 0.792419 0.639143 0.025144 0.033966
0 0.358540 0.084329 0.021233 0.030452
0 0.456696 0.298431 0.019743 0.031389
0 0.139598 0.232724 0.022164 0.026470
0 0.621531 0.910752 0.021233 0.030452
0 0.255355 0.909464 0.020860 0.025064
0 0.454647 0.789061 0.023468 0.031623
0 0.646955 0.762942 0.024027 0.029515
0 0.234494 0.694542 0.024586 0.029047
0 0.670982 0.574725 0.022537 0.026470
0 0.259732 0.050832 0.022909 0.029984
0 0.210095 0.754861 0.022723 0.028344
0 0.871671 0.119349 0.020115 0.028344
0 0.770628 0.270789 0.018812 0.027641
0 0.673030 0.850082 0.027007 0.034200
0 0.719128 0.764230 0.021978 0.028344
0 0.896163 0.114078 0.021047 0.028110
0 0.629540 0.021316 0.024958 0.028110
0 0.726672 0.123917 0.021419 0.033732
0 0.939747 0.915320 0.021047 0.032092
0 0.114453 0.295971 0.022537 0.031623
0 0.358074 0.114898 0.023282 0.030218
0 0.671075 0.604708 0.020115 0.026470
0 0.769417 0.421059 0.022723 0.029281
0 0.652636 0.150269 0.023468 0.032092
0 0.577109 0.359452 0.020674 0.026470
0 0.184019 0.906418 0.023841 0.030686
0 0.741851 0.916374 0.025331 0.025299
0 0.403800 0.418716 0.026821 0.033029
0 0.549916 0.732256 0.024772 0.028110
0 0.700503 0.175685 0.022351 0.031858
0 0.869156 0.422581 0.024399 0.022956
0 0.625349 0.089834 0.021419 0.032560
0 0.842149 0.700867 0.025144 0.032795
0 0.139970 0.502460 0.025144 0.027641
0 0.505960 0.237409 0.022909 0.033497
0 0.376513 0.974350 0.024772 0.029749
0 0.818309 0.544273 0.025889 0.032560
0 0.602347 0.146170 0.023841 0.031858
0 0.210095 0.387796 0.021606 0.030218
0 0.917676 0.516280 0.023468 0.033263
0 0.186534 0.110799 0.024027 0.030452
0 0.184485 0.848091 0.025517 0.031155
0 0.621624 0.850199 0.022909 0.026938
0 0.821941 0.209065 0.023468 0.028344
0 0.894859 0.180604 0.022164 0.032326
0 0.526076 0.579761 0.023654 0.036543
0 0.942447 0.303467 0.021606 0.030218
0 0.113243 0.481260 0.025331 0.036308
0 0.817564 0.576482 0.021792 0.029047
0 0.596666 0.853244 0.023654 0.033497
0 0.652636 0.085851 0.025703 0.030686
0 0.402682 0.882994 0.020488 0.031155
0 0.768393 0.488053 0.020674 0.027875
0 0.090892 0.207660 0.024958 0.029749
0 0.212796 0.203092 0.024772 0.028578
0 0.357050 0.209065 0.016018 0.026001
0 0.358447 0.179199 0.019184 0.030921
0 0.847085 0.056571 0.019370 0.029749
0 0.234867 0.723120 0.023096 0.028110
0 0.843919 0.456079 0.019370 0.026236
0 0.548612 0.914149 0.023654 0.027407
0 0.259732 0.360272 0.021792 0.031858
0 0.284504 0.361443 0.023282 0.031858
0 0.575806 0.421644 0.024772 0.027173
0 0.647141 0.974350 0.026634 0.026938
0 0.231607 0.570040 0.023654 0.029749
0 0.746321 0.452799 0.024213 0.028578
0 0.428851 0.938393 0.025889 0.030921
0 0.214565 0.052003 0.024586 0.034669
0 0.432669 0.272663 0.023468 0.023425
0 0.138946 0.568049 0.022723 0.028578
0 0.457534 0.145936 0.023654 0.026236
0 0.427733 0.789295 0.023654 0.027407
0 0.531570 0.023659 0.021233 0.032795
0 0.114081 0.268447 0.020674 0.023893
0 0.258335 0.569806 0.021233 0.026001
0 0.629074 0.179784 0.024772 0.025533
0 0.523841 0.881705 0.024027 0.032795
0 0.524772 0.760014 0.022909 0.031155
0 0.718756 0.819747 0.020115 0.028812
0 0.282362 0.505505 0.022351 0.031858
0 0.357888 0.269267 0.023282 0.030218
0 0.530080 0.086086 0.019370 0.030218
0 0.552151 0.446943 0.021792 0.028110
0 0.139877 0.051769 0.021233 0.025767
0 0.402030 0.972827 0.022909 0.034200
0 0.400820 0.912392 0.022351 0.028578
0 0.599832 0.451160 0.022909 0.028110
0 0.578879 0.059382 0.021233 0.032560
0 0.895046 0.211056 0.021419 0.030921
0 0.506612 0.055517 0.022351 0.035606
0 0.209443 0.598384 0.023282 0.029281
0 0.408363 0.142773 0.025517 0.025533
0 0.115478 0.018857 0.024958 0.029281
0 0.407897 0.235770 0.026448 0.024127
0 0.894301 0.510775 0.022537 0.028344
0 0.726020 0.088194 0.020488 0.033029
0 0.915347 0.942375 0.020674 0.030452
0 0.208884 0.906067 0.022164 0.030452
0 0.653194 0.056805 0.024213 0.030686
0 0.790836 0.605294 0.020115 0.028110
0 0.747253 0.389435 0.021233 0.027875
0 0.351835 0.881588 0.021978 0.037714
0 0.844291 0.393301 0.021978 0.028110
0 0.378190 0.823495 0.024027 0.037714
0 0.748929 0.237878 0.024586 0.026001
0 0.090054 0.077067 0.022909 0.022488
0 0.920656 0.209534 0.024586 0.033966
0 0.581766 0.026938 0.022164 0.034669
0 0.945800 0.026587 0.020115 0.031623
0 0.428944 0.569688 0.025331 0.036074
0 0.184858 0.697119 0.023654 0.031858
0 0.185044 0.817170 0.024399 0.028812
0 0.087912 0.537714 0.022723 0.027875
0 0.354349 0.536777 0.024027 0.026470
0 0.626094 0.235770 0.025144 0.030218
0 0.576457 0.207777 0.021233 0.023893
0 0.673589 0.449637 0.021047 0.027407
0 0.184206 0.784493 0.022723 0.025767
0 0.797914 0.052706 0.020115 0.028110
0 0.382380 0.088428 0.017508 0.028344
0 0.920656 0.085969 0.021233 0.027173
0 0.675731 0.210002 0.021978 0.034903
0 0.139970 0.632232 0.021419 0.029047
0 0.233936 0.786015 0.021606 0.030686
0 0.871112 0.575779 0.022351 0.030921
0 0.717918 0.974350 0.023282 0.031155
0 0.501211 0.632115 0.023841 0.034903
0 0.742317 0.795385 0.022537 0.030686
0 0.697337 0.420356 0.021978 0.026938
0 0.402403 0.941204 0.022909 0.029984
0 0.353977 0.694659 0.022909 0.028344
0 0.352859 0.970485 0.022909 0.032326
0 0.529987 0.056336 0.019557 0.028812
0 0.329484 0.696065 0.024213 0.031155
0 0.865152 0.943312 0.024213 0.028110
0 0.889272 0.910401 0.021792 0.029281
0 0.183926 0.570274 0.021792 0.030218
0 0.791768 0.574139 0.024958 0.028110
0 0.675172 0.242328 0.025331 0.030218
0 0.328925 0.573085 0.023468 0.028344
0 0.598994 0.702741 0.021978 0.037948
0 0.672192 0.913329 0.026821 0.029047
0 0.257310 0.845280 0.023282 0.028812
0 0.768579 0.514758 0.022537 0.023659
0 0.163066 0.360857 0.020302 0.037714
0 0.792978 0.455376 0.023654 0.031858
0 0.771931 0.209534 0.021419 0.028344
0 0.332650 0.479269 0.027193 0.024830
0 0.571615 0.854298 0.024958 0.032795
0 0.163625 0.172523 0.020302 0.022253
0 0.185416 0.419536 0.020674 0.029047
0 0.283852 0.724760 0.023468 0.028110
0 0.501304 0.600141 0.025517 0.029047
0 0.232539 0.478215 0.021792 0.028812
0 0.571335 0.884751 0.023282 0.025299
0 0.260663 0.204380 0.020302 0.033497
0 0.649562 0.481377 0.022909 0.030921
0 0.526169 0.613727 0.024958 0.029515
0 0.871298 0.542399 0.023841 0.026001
0 0.719128 0.792926 0.021606 0.025767
0 0.381822 0.695596 0.023096 0.029281
0 0.889644 0.880417 0.021419 0.031155
0 0.451946 0.881822 0.021792 0.033029
0 0.971131 0.150621 0.020860 0.033732
0 0.086236 0.877372 0.018998 0.031155
0 0.258707 0.815062 0.017508 0.023659
0 0.431458 0.176622 0.021419 0.029515
0 0.207301 0.477278 0.019743 0.024596
0 0.358260 0.057156 0.026262 0.025299
0 0.089961 0.236589 0.022351 0.026236
0 0.896256 0.026353 0.018998 0.030218
0 0.328180 0.905481 0.023841 0.030686
0 0.328553 0.785664 0.023468 0.031858
0 0.089216 0.753689 0.024586 0.028812
0 0.113429 0.387327 0.020860 0.034903
0 0.892252 0.451160 0.020674 0.027641
0 0.138666 0.386625 0.021419 0.030686
0 0.088564 0.357109 0.021792 0.029281
0 0.063047 0.443312 0.023282 0.034903
0 0.896536 0.086671 0.021419 0.024830
0 0.525889 0.642305 0.024399 0.028578
0 0.724809 0.183532 0.025144 0.028812
0 0.966754 0.393301 0.019184 0.036074
0 0.552058 0.246076 0.021606 0.032092
0 0.873068 0.022371 0.022537 0.026001
0 0.258707 0.475521 0.019743 0.030452
0 0.529521 0.115601 0.022351 0.030218
0 0.916186 0.607754 0.020115 0.033029
0 0.501769 0.569337 0.023096 0.031155
0 0.626653 0.299602 0.021792 0.029984
0 0.915906 0.976810 0.021419 0.029984
0 0.209350 0.878777 0.021606 0.026470
0 0.920469 0.242094 0.026076 0.030218
0 0.843733 0.302296 0.020488 0.033029
0 0.575712 0.479386 0.019743 0.028812
0 0.214379 0.112321 0.025703 0.029281
0 0.969268 0.026119 0.019743 0.030686
0 0.941237 0.853713 0.025889 0.031155
0 0.747905 0.150035 0.019557 0.028344
0 0.258428 0.599906 0.020302 0.026236
0 0.600205 0.420942 0.021047 0.029515
0 0.112777 0.877020 0.022537 0.029047
0 0.280685 0.816233 0.023468 0.034903
0 0.259173 0.631998 0.019929 0.030921
0 0.916465 0.436285 0.020674 0.029281
0 0.476532 0.975638 0.022909 0.027173
0 0.839356 0.828766 0.022164 0.035137
0 0.845502 0.208714 0.021419 0.035137
0 0.722481 0.360272 0.021978 0.028110
0 0.547215 0.819747 0.022351 0.026001
0 0.917303 0.704732 0.023841 0.031155
0 0.673123 0.510073 0.018998 0.030218
0 0.868877 0.363083 0.023096 0.029047
0 0.673496 0.362380 0.020860 0.028578
0 0.260756 0.171234 0.019743 0.033263
0 0.526448 0.936051 0.022909 0.024830
0 0.814304 0.823963 0.020860 0.028344
0 0.456603 0.173928 0.021047 0.029749
0 0.649190 0.363083 0.024027 0.032326
0 0.700503 0.272898 0.022723 0.030452
0 0.814677 0.855118 0.025703 0.033966
0 0.163252 0.202389 0.017694 0.030452
0 0.187372 0.021434 0.021978 0.028812
0 0.843733 0.480206 0.021978 0.022019
0 0.695381 0.536543 0.021419 0.028812
0 0.088657 0.783204 0.021606 0.025064
0 0.501490 0.539353 0.022164 0.028344
0 0.062302 0.972827 0.023282 0.032795
0 0.475135 0.730382 0.021978 0.029047
0 0.918327 0.304872 0.020674 0.027875
0 0.233936 0.849965 0.022351 0.029281
0 0.719594 0.482900 0.022909 0.029749
0 0.602533 0.300305 0.021978 0.029515
0 0.165301 0.231553 0.023654 0.024127
0 0.773421 0.114781 0.021047 0.025767
0 0.284597 0.143828 0.023096 0.028110
0 0.428571 0.851019 0.021978 0.029515
0 0.717825 0.941790 0.025331 0.027875
0 0.816446 0.762357 0.023282 0.025064
0 0.604116 0.267978 0.020674 0.033732
0 0.891693 0.942961 0.024027 0.030218
0 0.746508 0.359686 0.019743 0.028344
0 0.116875 0.208831 0.024027 0.032560
0 0.750978 0.062544 0.023841 0.030452
0 0.232539 0.942961 0.021792 0.026001
0 0.088657 0.386273 0.021606 0.029515
0 0.330415 0.755095 0.024586 0.026470
0 0.480909 0.112907 0.022351 0.030921
0 0.135593 0.751933 0.023096 0.027173
0 0.554666 0.301710 0.024213 0.026236
0 0.915999 0.643710 0.024586 0.032795
0 0.354535 0.475990 0.019557 0.032326
0 0.329857 0.507027 0.021978 0.032092
0 0.137083 0.723472 0.019370 0.026001
0 0.500186 0.969899 0.019557 0.029281
0 0.427454 0.880534 0.022351 0.025767
0 0.062209 0.844811 0.020488 0.025064
0 0.528963 0.265285 0.020488 0.029281
0 0.942541 0.547201 0.020302 0.029515
0 0.524120 0.819747 0.022723 0.030686
0 0.914789 0.911455 0.021047 0.030921
0 0.799497 0.020379 0.023282 0.030921
0 0.213354 0.141485 0.025517 0.029984
0 0.700875 0.242094 0.024586 0.032560
0 0.720711 0.539353 0.022537 0.020848
0 0.139784 0.356524 0.021047 0.028110
0 0.702086 0.303350 0.025144 0.027641
0 0.725927 0.024830 0.017694 0.030452
0 0.036785 0.728156 0.019557 0.020848
0 0.743528 0.764348 0.021606 0.029984
0 0.673682 0.422816 0.022723 0.023425
0 0.791395 0.799836 0.021606 0.032092
0 0.595921 0.916374 0.024772 0.025767
0 0.580183 0.267041 0.027566 0.024362
0 0.113243 0.420122 0.023096 0.030218
0 0.869436 0.211993 0.021978 0.024362
0 0.331999 0.145936 0.024027 0.031858
0 0.476625 0.949403 0.024586 0.026236
0 0.742131 0.944483 0.022164 0.029047
0 0.476718 0.760131 0.023282 0.028110
0 0.086236 0.568400 0.022351 0.029281
0 0.917303 0.488639 0.024586 0.024362
0 0.453902 0.759428 0.022351 0.029984
0 0.090427 0.019091 0.024772 0.028812
0 0.260477 0.021316 0.022909 0.027641
0 0.210374 0.818810 0.022909 0.031623
0 0.088005 0.417428 0.024772 0.030921
0 0.211678 0.172991 0.019557 0.030218
0 0.941889 0.364605 0.017508 0.027875
0 0.406128 0.299836 0.023654 0.031389
0 0.164463 0.261185 0.022351 0.025767
0 0.431365 0.694542 0.026076 0.029515
0 0.920376 0.117123 0.019557 0.031389
0 0.376606 0.879714 0.024958 0.024596
0 0.744459 0.571797 0.021978 0.029984
0 0.722015 0.420590 0.019929 0.028344
0 0.356212 0.570625 0.027007 0.033732
0 0.356584 0.358398 0.023282 0.028578
0 0.820171 0.420825 0.025517 0.028344
0 0.574129 0.763294 0.022537 0.025064
0 0.576830 0.088428 0.021606 0.027407
0 0.555876 0.024713 0.022537 0.031155
0 0.670702 0.882759 0.023841 0.031623
0 0.062209 0.941673 0.023468 0.032795
0 0.037158 0.754626 0.020302 0.026938
0 0.139691 0.875146 0.024213 0.035606
0 0.184764 0.877255 0.023096 0.029047
0 0.140156 0.142539 0.021792 0.024596
0 0.816167 0.794331 0.020115 0.032795
0 0.429316 0.726048 0.022723 0.027875
0 0.597132 0.478684 0.021233 0.025064
0 0.921121 0.025767 0.024027 0.029047
0 0.208698 0.969431 0.022164 0.032092
0 0.890576 0.849848 0.025144 0.026236
0 0.331533 0.118646 0.021233 0.027875
0 0.429410 0.508667 0.025889 0.029749
0 0.090147 0.048958 0.021606 0.027173
0 0.087167 0.815062 0.020115 0.034903
0 0.354442 0.754978 0.023841 0.030452
0 0.748836 0.120754 0.019184 0.025533
0 0.820823 0.238932 0.022351 0.029515
0 0.670888 0.633404 0.021606 0.029515
0 0.696964 0.730616 0.024213 0.030921
0 0.379028 0.442844 0.021978 0.026938
0 0.329018 0.631881 0.022164 0.033497
0 0.646489 0.604825 0.020115 0.024830
0 0.942447 0.734833 0.021606 0.031858
0 0.745111 0.542282 0.020302 0.025299
0 0.814491 0.921879 0.024213 0.026001
0 0.210467 0.354298 0.021606 0.027875
0 0.742596 0.860272 0.020488 0.032560
0 0.087446 0.909112 0.022537 0.032326
0 0.499907 0.760717 0.020860 0.027407
0 0.187186 0.143008 0.023468 0.032092
0 0.381822 0.301007 0.022351 0.029515
0 0.916651 0.762708 0.023654 0.024830
0 0.839076 0.887913 0.022723 0.025533
0 0.601509 0.362029 0.020674 0.026470
0 0.651890 0.024596 0.019743 0.031389
0 0.770441 0.453970 0.022537 0.031389
0 0.328739 0.540759 0.023841 0.034434
0 0.453716 0.821621 0.025703 0.031155
0 0.162041 0.568751 0.019370 0.026704
0 0.378841 0.787304 0.021606 0.032326
0 0.552710 0.274889 0.023654 0.026001
0 0.527379 0.544975 0.023654 0.030686
0 0.842429 0.634809 0.023468 0.024830
0 0.500838 0.698524 0.022723 0.027173
0 0.695195 0.509019 0.019557 0.024830
0 0.943192 0.242914 0.019370 0.027641
0 0.914416 0.822441 0.021047 0.026236
0 0.452785 0.728976 0.021233 0.031858
0 0.864966 0.884399 0.025331 0.026470
0 0.816353 0.734013 0.020488 0.030218
0 0.597225 0.509721 0.019184 0.026704
0 0.646303 0.735184 0.021233 0.027407
0 0.354349 0.812134 0.022537 0.024362
0 0.675359 0.174280 0.019743 0.024362
0 0.577668 0.114547 0.022164 0.024362
0 0.572546 0.574022 0.021978 0.026001
0 0.500745 0.822324 0.021792 0.029749
0 0.331160 0.417662 0.023841 0.037011
0 0.283572 0.416022 0.022537 0.025767
0 0.331253 0.358983 0.024399 0.032092
0 0.163345 0.020028 0.021233 0.030218
0 0.596387 0.946123 0.021606 0.030921
0 0.139411 0.446826 0.024399 0.023659
0 0.379307 0.355470 0.019929 0.025064
0 0.115012 0.238580 0.022537 0.030686
0 0.209536 0.695245 0.020860 0.033263
0 0.406314 0.265870 0.020674 0.032326
0 0.791768 0.698524 0.021978 0.027641
0 0.944869 0.088662 0.022351 0.027407
0 0.355001 0.507027 0.020860 0.027875
0 0.766344 0.848794 0.024027 0.030218
0 0.185882 0.205669 0.020860 0.028110
0 0.678804 0.021785 0.021419 0.026236
0 0.554293 0.147341 0.023096 0.024830
0 0.529894 0.205317 0.023468 0.026470
0 0.650400 0.303701 0.022723 0.029749
0 0.329112 0.726985 0.021978 0.031623
0 0.649376 0.275826 0.021792 0.027875
0 0.551872 0.417428 0.021233 0.027173
0 0.476718 0.823846 0.019557 0.030452
0 0.722947 0.272078 0.018812 0.030218
0 0.914882 0.463340 0.023096 0.024362
0 0.086981 0.296322 0.024213 0.029515
0 0.620693 0.639845 0.024399 0.026001
0 0.232539 0.599906 0.020302 0.028110
0 0.357795 0.146053 0.024213 0.033966
0 0.456044 0.449871 0.025517 0.023659
0 0.505960 0.086203 0.024772 0.027641
0 0.550568 0.638791 0.022351 0.026236
0 0.235705 0.417428 0.021792 0.030452
0 0.456323 0.418951 0.024586 0.034903
0 0.208232 0.936753 0.022351 0.030452
0 0.214844 0.018974 0.025144 0.029047
0 0.358354 0.239283 0.020115 0.031623
0 0.185323 0.389553 0.022351 0.030452
0 0.646396 0.634223 0.021419 0.030686
0 0.406687 0.019560 0.024772 0.026938
0 0.847551 0.175451 0.022909 0.029515
0 0.502608 0.420122 0.022537 0.031155
0 0.332464 0.450105 0.026076 0.027875
0 0.255355 0.938744 0.020115 0.032092
0 0.500373 0.937222 0.023654 0.027173
0 0.258056 0.420473 0.020302 0.033732
0 0.088378 0.476575 0.023654 0.030686
0 0.941702 0.823026 0.024213 0.031155
0 0.942541 0.794565 0.025889 0.028110
0 0.184112 0.725228 0.022164 0.023425
0 0.140156 0.021199 0.020674 0.031155
0 0.355001 0.388967 0.024958 0.034434
0 0.694915 0.481143 0.021233 0.025767
0 0.601788 0.237995 0.021978 0.025299
0 0.527286 0.449754 0.021606 0.028578
0 0.646489 0.574608 0.022351 0.031389
0 0.115478 0.178730 0.021606 0.028110
0 0.721270 0.700398 0.023282 0.029984
0 0.820637 0.392598 0.021233 0.024830
0 0.502049 0.360857 0.019929 0.032092
0 0.625349 0.266456 0.022537 0.029749
0 0.719687 0.849496 0.024958 0.026470
0 0.765599 0.912392 0.022537 0.033732
0 0.384150 0.116538 0.024399 0.029281
0 0.088564 0.505856 0.026634 0.031623
0 0.185323 0.938159 0.023468 0.029515
0 0.550475 0.611150 0.021419 0.029047
0 0.351928 0.845397 0.024772 0.033263
0 0.790650 0.828531 0.021606 0.024362
0 0.382753 0.273717 0.023841 0.023659
0 0.063140 0.356524 0.023096 0.028578
0 0.501676 0.512181 0.021047 0.026470
0 0.795679 0.303818 0.024213 0.033263
0 0.505495 0.110682 0.023096 0.024596
0 0.162321 0.636332 0.020674 0.033966
0 0.331812 0.018506 0.026634 0.027173
0 0.354535 0.633521 0.021419 0.027875
0 0.623207 0.510073 0.021233 0.026938
0 0.454740 0.355235 0.022909 0.024127
0 0.258149 0.508316 0.018625 0.032795
0 0.402216 0.489342 0.025144 0.033263
0 0.944962 0.180604 0.021419 0.034200
0 0.279289 0.972125 0.027379 0.030921
0 0.064165 0.019325 0.022909 0.033966
0 0.289160 0.019794 0.028497 0.030218
0 0.062116 0.817287 0.024399 0.027173
0 0.280872 0.695362 0.021606 0.028812
0 0.087633 0.941907 0.022537 0.027173
0 0.792326 0.514758 0.020115 0.022253
0 0.379028 0.479503 0.021606 0.040759
0 0.941795 0.577419 0.021792 0.028110
0 0.453250 0.910869 0.025144 0.029749
0 0.719966 0.512884 0.022537 0.026470
0 0.086888 0.846334 0.023282 0.022019
0 0.867946 0.734950 0.024213 0.032092
0 0.282082 0.537245 0.019184 0.029281
0 0.381077 0.726400 0.023841 0.029515
0 0.971410 0.115835 0.023654 0.025533
0 0.259452 0.694893 0.020860 0.034903
0 0.163345 0.455610 0.020488 0.030921
0 0.258894 0.787187 0.019743 0.025064
0 0.234681 0.386390 0.020860 0.026001
0 0.725368 0.155774 0.023654 0.028578
0 0.162321 0.419888 0.020302 0.031623
0 0.552337 0.391075 0.023654 0.020379
0 0.918327 0.573319 0.024027 0.025533
0 0.723505 0.301124 0.020674 0.028344
0 0.892811 0.700398 0.019557 0.025299
0 0.578041 0.238698 0.023654 0.025767
0 0.675545 0.794097 0.025331 0.029984
0 0.456696 0.266807 0.021606 0.026704
0 0.524213 0.788007 0.022164 0.022488
0 0.038275 0.569337 0.022164 0.033029
0 0.574781 0.449871 0.020115 0.025064
0 0.573664 0.605645 0.020115 0.026470
0 0.232166 0.971539 0.021047 0.034434
0 0.113056 0.514172 0.021233 0.029984
0 0.502701 0.388616 0.021606 0.021551
0 0.917582 0.546030 0.023282 0.028578
0 0.185696 0.755446 0.024958 0.032326
0 0.939002 0.943429 0.021419 0.027407
0 0.403148 0.789646 0.023654 0.028110
0 0.864407 0.912977 0.024586 0.027875
0 0.112777 0.633638 0.022909 0.029984
0 0.649749 0.424338 0.022164 0.025533
0 0.499441 0.908527 0.023282 0.027875
0 0.838983 0.860506 0.020302 0.028812
0 0.401751 0.545210 0.021233 0.022253
0 0.719221 0.879831 0.025517 0.031858
0 0.742038 0.888967 0.021978 0.026236
0 0.280313 0.844577 0.022351 0.021785
0 0.456323 0.510775 0.022723 0.033029
0 0.209164 0.726985 0.024958 0.028344
0 0.188583 0.261771 0.020302 0.026938
0 0.062023 0.473296 0.025703 0.027407
0 0.088005 0.264816 0.019929 0.031155
0 0.283293 0.478098 0.024958 0.019677
0 0.086888 0.971539 0.022537 0.027875
0 0.185230 0.176037 0.024027 0.028344
0 0.944869 0.117006 0.020488 0.028812
0 0.184764 0.634223 0.022723 0.031623
0 0.404545 0.698641 0.021606 0.033029
0 0.112311 0.568751 0.022351 0.025767
0 0.355932 0.418599 0.021606 0.032326
0 0.329391 0.819747 0.028124 0.033966
0 0.137642 0.695245 0.022723 0.029047
0 0.942168 0.765519 0.024027 0.029984
0 0.162321 0.391544 0.019184 0.023659
0 0.354722 0.446006 0.022537 0.025767
0 0.379214 0.389787 0.021233 0.038885
0 0.354349 0.785547 0.023654 0.024127
0 0.773328 0.089834 0.021606 0.025064
0 0.892252 0.479738 0.020674 0.024830
0 0.502608 0.300422 0.019184 0.028344
0 0.500466 0.789881 0.020860 0.028578
0 0.233842 0.510073 0.021792 0.032560
0 0.062116 0.411103 0.023282 0.026704
0 0.282455 0.446357 0.022164 0.035840
0 0.331160 0.299602 0.024958 0.029984
0 0.260756 0.112673 0.022351 0.023425
0 0.481281 0.144882 0.023096 0.032092
0 0.839356 0.915554 0.021419 0.029749
0 0.673589 0.819981 0.024772 0.022722
0 0.259825 0.759546 0.021606 0.028344
0 0.942261 0.426446 0.020115 0.025533
0 0.597225 0.604474 0.023282 0.021316
0 0.162600 0.542047 0.021233 0.027173
0 0.452598 0.698524 0.020488 0.025767
0 0.208512 0.567580 0.017694 0.029047
0 0.087726 0.724760 0.021233 0.026236
0 0.967405 0.269735 0.019743 0.028344
0 0.358447 0.025299 0.025144 0.037011
0 0.283200 0.784844 0.019929 0.029281
0 0.845129 0.365542 0.022909 0.031623
0 0.506798 0.021316 0.024213 0.032795
0 0.379121 0.754743 0.023282 0.023425
0 0.234215 0.446826 0.021792 0.032092
0 0.207860 0.447646 0.021233 0.027173
0 0.871298 0.241274 0.022351 0.032326
0 0.036413 0.876083 0.027379 0.031858
0 0.402123 0.519560 0.021606 0.029515
0 0.035295 0.817522 0.020674 0.027173
0 0.328739 0.935933 0.023841 0.030686
0 0.571056 0.911103 0.021978 0.020379
0 0.896908 0.305341 0.022537 0.029749
0 0.527379 0.357929 0.024027 0.035606
0 0.649469 0.451862 0.021233 0.028110
0 0.404079 0.599438 0.025517 0.033732
0 0.918327 0.403373 0.026262 0.031858
0 0.889831 0.823261 0.021419 0.023190
0 0.869529 0.700515 0.024399 0.032092
0 0.432297 0.241860 0.021978 0.034434
0 0.405662 0.849496 0.022351 0.036308
0 0.034643 0.847154 0.026448 0.027875
0 0.330415 0.386859 0.023841 0.022722
0 0.404172 0.569454 0.023096 0.027173
0 0.403148 0.634341 0.022909 0.029984
0 0.649376 0.512415 0.024027 0.029749
0 0.598435 0.635160 0.021233 0.033029
0 0.864966 0.824198 0.020488 0.029749
0 0.697430 0.696650 0.024027 0.032795
0 0.623580 0.541227 0.022723 0.037245
0 0.063420 0.385336 0.019929 0.026704
0 0.968150 0.212345 0.020488 0.025064
0 0.869063 0.305575 0.021978 0.026938
0 0.160924 0.485360 0.021606 0.029515
0 0.966660 0.241626 0.020488 0.027875
0 0.357143 0.302178 0.021792 0.033263
0 0.870274 0.270555 0.025517 0.024830
0 0.379680 0.854650 0.027007 0.027407
0 0.723319 0.242797 0.018439 0.026470
0 0.402961 0.817990 0.020674 0.025767
0 0.233191 0.540408 0.021978 0.029047
0 0.623859 0.450457 0.025889 0.022488
0 0.499814 0.879480 0.021419 0.022722
0 0.475228 0.854064 0.021419 0.028110
0 0.186068 0.358164 0.020860 0.030921
0 0.791768 0.771961 0.024586 0.026001
0 0.745856 0.513118 0.021047 0.022253
0 0.327435 0.875966 0.022351 0.023190
0 0.353604 0.936988 0.020674 0.025299
0 0.892159 0.638089 0.019370 0.023893
0 0.452691 0.944835 0.021792 0.034903
0 0.454926 0.381354 0.023282 0.025767
0 0.089030 0.693371 0.022351 0.029047
0 0.161576 0.754861 0.022164 0.033497
0 0.209722 0.631061 0.024213 0.036543
0 0.791581 0.544975 0.021978 0.027875
0 0.969175 0.055048 0.022164 0.026704
0 0.037717 0.785781 0.017694 0.027875
0 0.354628 0.604006 0.022351 0.026470
0 0.865152 0.793980 0.019370 0.029281
0 0.112311 0.541227 0.020860 0.026938
0 0.970665 0.184938 0.022909 0.027407
0 0.481933 0.021199 0.021047 0.023659
0 0.235612 0.356641 0.021978 0.029749
0 0.941330 0.606231 0.021978 0.031389
0 0.916279 0.852776 0.022909 0.027875
0 0.136338 0.815062 0.024958 0.025064
0 0.161948 0.724409 0.021419 0.028344
0 0.211492 0.297611 0.022537 0.032092
0 0.065468 0.079527 0.024772 0.029281
0 0.966474 0.425861 0.021233 0.028110
0 0.212703 0.267978 0.022723 0.029515
0 0.966567 0.362263 0.018067 0.027407
0 0.966195 0.304404 0.019929 0.031623
0 0.969175 0.083158 0.020674 0.027641
0 0.461166 0.019208 0.021233 0.026704
0 0.475880 0.921410 0.018998 0.029281
0 0.743248 0.975521 0.022909 0.035840
0 0.791861 0.725463 0.019557 0.028578
0 0.499441 0.852190 0.020674 0.028578
0 0.894114 0.271024 0.021047 0.027641
0 0.063699 0.691731 0.020115 0.020614
0 0.163811 0.515460 0.022909 0.033497
0 0.187093 0.295151 0.023282 0.031858
0 0.404079 0.761302 0.022537 0.027173
0 0.208326 0.512649 0.024399 0.033497
0 0.822313 0.270204 0.023841 0.031623
0 0.968523 0.457133 0.018625 0.033497
0 0.258428 0.446006 0.023282 0.021551
0 0.330415 0.602483 0.022723 0.027173
0 0.035202 0.944835 0.023096 0.032092
0 0.283014 0.754275 0.020302 0.024830
0 0.278264 0.946592 0.020860 0.022019
0 0.037810 0.538416 0.023096 0.028344
0 0.260756 0.727805 0.022723 0.033732
0 0.672378 0.764582 0.022351 0.029515
0 0.382567 0.023893 0.021606 0.038416
0 0.065468 0.050480 0.021792 0.028812
0 0.114919 0.354650 0.019370 0.025299
0 0.890110 0.795737 0.022351 0.029047
0 0.138387 0.474350 0.021978 0.028578
0 0.331812 0.269735 0.023282 0.031623
0 0.863755 0.854767 0.021047 0.028578
0 0.451946 0.974116 0.026262 0.018506
0 0.333209 0.238112 0.023841 0.030218
0 0.865990 0.765987 0.021047 0.027173
0 0.035854 0.910401 0.027379 0.034434
0 0.113243 0.845983 0.024586 0.030686
0 0.327622 0.852893 0.022351 0.025767
0 0.966754 0.510658 0.016577 0.023893
0 0.209909 0.539588 0.023096 0.027875
0 0.162041 0.695362 0.021233 0.027407
0 0.162879 0.294097 0.019929 0.029281
0 0.968989 0.636449 0.024399 0.039822
0 0.967499 0.488405 0.017322 0.024830
0 0.968709 0.544273 0.023096 0.029749
0 0.354722 0.911923 0.025517 0.026236
0 0.452133 0.852893 0.024027 0.017803
0 0.821009 0.304287 0.020860 0.033263
0 0.941795 0.703092 0.019557 0.025533
0 0.504656 0.269852 0.020674 0.030452
0 0.968709 0.589365 0.026821 0.050597
0 0.037437 0.972007 0.017880 0.022722
0 0.037903 0.506090 0.024772 0.032092
0 0.478394 0.358749 0.021419 0.025533
0 0.792326 0.749122 0.022723 0.022019
0 0.329857 0.002811 0.030546 0.005153
0 0.041255 0.045444 0.021047 0.029047
0 0.966567 0.886625 0.024027 0.033263
0 0.966660 0.915788 0.023096 0.028812
0 0.063978 0.295854 0.016204 0.025767
0 0.966381 0.852073 0.022164 0.029749
0 0.966847 0.822909 0.021606 0.028110
0 0.208791 0.711876 0.021978 0.013118
0 0.692960 0.020848 0.010617 0.028578
0 0.061185 0.111267 0.030732 0.031389
0 0.966847 0.794214 0.021978 0.022253
0 0.968057 0.765870 0.026262 0.025533
