0 0.825235 0.056641 0.234507 0.089517
0 0.839365 0.177977 0.266733 0.137312
0 0.844323 0.301822 0.219137 0.108793
0 0.843084 0.423290 0.240456 0.129918
0 0.834655 0.548719 0.230540 0.114603
0 0.845067 0.675205 0.255330 0.103512
0 0.841349 0.796541 0.243927 0.139160
0 0.835647 0.914840 0.236490 0.103776
0 0.605850 0.080011 0.245910 0.119884
0 0.598166 0.199762 0.246406 0.125957
0 0.605850 0.328888 0.245910 0.125957
0 0.602132 0.447584 0.265245 0.115659
0 0.599157 0.566015 0.263262 0.112754
0 0.589489 0.681806 0.229053 0.120940
0 0.594447 0.809216 0.249876 0.130182
0 0.601140 0.938606 0.232524 0.122788
0 0.356966 0.070900 0.221120 0.113810
0 0.357957 0.187616 0.219137 0.111698
0 0.356966 0.304463 0.233019 0.129918
0 0.348537 0.429364 0.223104 0.115659
0 0.354239 0.552680 0.238473 0.135199
0 0.354983 0.681278 0.202281 0.132031
0 0.351760 0.801954 0.234507 0.117771
0 0.367129 0.923422 0.238473 0.108793
0 0.132871 0.067732 0.208230 0.113810
0 0.121468 0.191180 0.215171 0.133087
0 0.128161 0.316609 0.221616 0.117771
0 0.115766 0.431872 0.230540 0.116979
0 0.132127 0.552284 0.236490 0.125957
0 0.132871 0.679166 0.249876 0.121996
0 0.131135 0.806179 0.238473 0.129918
0 0.126425 0.921970 0.247893 0.109585
