0 0.689742 0.150579 0.036996 0.070601
0 0.198010 0.139272 0.041760 0.074462
0 0.040359 0.214286 0.037556 0.060121
0 0.279008 0.142030 0.039518 0.072256
0 0.239210 0.135962 0.036155 0.071153
0 0.564602 0.626034 0.037276 0.076117
0 0.118694 0.136790 0.035034 0.067292
0 0.565583 0.146167 0.036996 0.070601
0 0.839126 0.718423 0.035314 0.068946
0 0.682035 0.634584 0.035594 0.071153
0 0.606642 0.080254 0.035594 0.075565
0 0.239350 0.066464 0.036435 0.072256
0 0.848795 0.157474 0.032791 0.068946
0 0.077635 0.207667 0.034193 0.063431
0 0.681754 0.702978 0.034473 0.067843
0 0.439182 0.210425 0.031390 0.061224
0 0.076934 0.071980 0.033352 0.077772
0 0.278307 0.207115 0.036435 0.068946
0 0.198851 0.068395 0.036715 0.071704
0 0.078195 0.142030 0.034193 0.067843
0 0.197169 0.208218 0.036155 0.075565
0 0.684557 0.566464 0.037276 0.071704
0 0.564602 0.210700 0.037836 0.063982
0 0.157932 0.204633 0.032791 0.065085
0 0.321889 0.627137 0.034473 0.068395
0 0.158632 0.135962 0.031951 0.077772
0 0.812780 0.089906 0.035314 0.071704
0 0.521721 0.206564 0.035594 0.070050
0 0.320908 0.142030 0.035314 0.072256
0 0.119254 0.064534 0.036715 0.068395
0 0.846553 0.224766 0.035594 0.070050
0 0.401906 0.560673 0.037556 0.076669
0 0.928391 0.093767 0.034473 0.068395
0 0.887892 0.234694 0.034753 0.074462
0 0.764854 0.571704 0.036435 0.072256
0 0.770600 0.083012 0.035594 0.073359
0 0.768217 0.218147 0.038117 0.070050
0 0.360566 0.698566 0.035594 0.072256
0 0.889574 0.093216 0.032511 0.067292
0 0.237668 0.203254 0.034193 0.068946
0 0.968470 0.174573 0.037276 0.073359
0 0.971132 0.098456 0.036996 0.075565
0 0.689602 0.079978 0.034473 0.073911
0 0.806614 0.573635 0.033632 0.069498
0 0.117433 0.204357 0.036435 0.068946
0 0.603980 0.699117 0.033632 0.073359
0 0.919283 0.648373 0.036996 0.070050
0 0.038817 0.059018 0.037836 0.057363
0 0.881726 0.581633 0.036996 0.068946
0 0.360146 0.629619 0.037556 0.064534
0 0.037556 0.163541 0.034193 0.049090
0 0.927410 0.169884 0.033632 0.071704
0 0.722534 0.643133 0.033072 0.063982
0 0.887052 0.163541 0.034193 0.073359
0 0.524944 0.623276 0.038117 0.068395
0 0.604120 0.213183 0.031110 0.068946
0 0.810398 0.154992 0.033352 0.058467
0 0.320207 0.213458 0.033352 0.065085
0 0.959922 0.654716 0.036996 0.072808
0 0.320348 0.070050 0.036996 0.072808
0 0.802130 0.714286 0.036996 0.066189
0 0.605101 0.148373 0.033072 0.066189
0 0.731362 0.079426 0.032791 0.072808
0 0.038957 0.112245 0.034193 0.063431
0 0.358324 0.206839 0.033352 0.072808
0 0.965247 0.239934 0.033632 0.063982
0 0.525364 0.557639 0.034473 0.070601
0 0.441143 0.141478 0.033632 0.064534
0 0.396861 0.073359 0.034753 0.069498
0 0.278447 0.070325 0.036715 0.067843
0 0.808857 0.223387 0.032511 0.070601
0 0.562920 0.696084 0.036155 0.069498
0 0.320348 0.694429 0.036435 0.070601
0 0.849496 0.087976 0.031390 0.065637
0 0.605802 0.563707 0.035034 0.070601
0 0.440583 0.556260 0.035314 0.078875
0 0.919002 0.718147 0.038677 0.067292
0 0.357904 0.139548 0.031390 0.061776
0 0.958941 0.583012 0.035034 0.065085
0 0.960062 0.724766 0.037836 0.071704
0 0.723655 0.571980 0.033632 0.073911
0 0.563201 0.556260 0.032791 0.062328
0 0.721973 0.707943 0.034753 0.070050
0 0.284893 0.371760 0.023262 0.041919
0 0.605241 0.632653 0.035034 0.063982
0 0.523543 0.690292 0.036996 0.068946
0 0.565863 0.075014 0.036435 0.075014
0 0.400084 0.698014 0.033913 0.064534
0 0.571889 0.890237 0.024383 0.041919
0 0.441984 0.697739 0.035874 0.070601
0 0.441284 0.630447 0.033352 0.069498
0 0.686939 0.216492 0.035874 0.067843
0 0.644058 0.075841 0.033632 0.074462
0 0.158072 0.065085 0.030269 0.061776
0 0.359445 0.560949 0.031670 0.076117
0 0.643918 0.695532 0.034473 0.066189
0 0.571469 0.820739 0.023543 0.039713
0 0.643778 0.217595 0.033072 0.066740
0 0.922225 0.582736 0.033352 0.061224
0 0.840947 0.578323 0.031110 0.059018
0 0.839686 0.884170 0.026906 0.041919
0 0.760090 0.714286 0.036996 0.066189
0 0.728419 0.217871 0.034753 0.069498
0 0.924327 0.849145 0.025224 0.045780
0 0.773823 0.271649 0.024664 0.046884
0 0.286435 0.335907 0.021861 0.038610
0 0.849215 0.425538 0.024103 0.044677
0 0.762472 0.643133 0.033352 0.059570
0 0.397001 0.206288 0.035594 0.066189
0 0.925589 0.238831 0.033913 0.058467
0 0.881586 0.848593 0.023823 0.045780
0 0.773402 0.344732 0.024944 0.043023
0 0.321469 0.561500 0.033632 0.067292
0 0.571609 0.854661 0.023262 0.041368
0 0.398683 0.630171 0.033913 0.067843
0 0.247337 0.329013 0.022141 0.044677
0 0.842068 0.847490 0.024383 0.040265
0 0.647422 0.819912 0.023543 0.038058
0 0.877522 0.719801 0.031390 0.066189
0 0.880886 0.890789 0.024103 0.046332
0 0.285034 0.409818 0.023543 0.043023
0 0.482763 0.553778 0.036155 0.065085
0 0.839266 0.809983 0.029989 0.043574
0 0.049608 0.413679 0.021861 0.041919
0 0.481923 0.695256 0.038397 0.070050
0 0.571749 0.781026 0.024103 0.044126
0 0.331558 0.895477 0.024103 0.041368
0 0.850757 0.351351 0.023262 0.037507
0 0.207960 0.335356 0.022982 0.038610
0 0.814602 0.348318 0.025504 0.046884
0 0.359025 0.072808 0.029148 0.061776
0 0.209781 0.408991 0.024383 0.047987
0 0.369114 0.864865 0.021300 0.038610
0 0.406530 0.823497 0.022702 0.043023
0 0.923487 0.923331 0.023543 0.041919
0 0.849215 0.386928 0.023543 0.042471
0 0.369675 0.900993 0.024103 0.044677
0 0.889154 0.360452 0.021581 0.036955
0 0.888453 0.427744 0.022982 0.041368
0 0.848655 0.463320 0.025224 0.039713
0 0.729961 0.382239 0.024383 0.041919
0 0.840247 0.923056 0.026345 0.043574
0 0.924047 0.886928 0.025224 0.038610
0 0.404568 0.261445 0.022141 0.040816
0 0.048487 0.374793 0.022422 0.039162
0 0.126261 0.404302 0.023823 0.047435
0 0.890975 0.323773 0.025224 0.047435
0 0.368274 0.826255 0.022422 0.041919
0 0.840667 0.957805 0.023823 0.036955
0 0.405409 0.373690 0.019339 0.038058
0 0.367012 0.370656 0.019899 0.036404
0 0.048767 0.338114 0.021300 0.037507
0 0.086603 0.333425 0.018498 0.035852
0 0.773402 0.309432 0.023262 0.037507
0 0.723234 0.869829 0.021581 0.040816
0 0.331839 0.933260 0.023543 0.038610
0 0.731923 0.343354 0.022141 0.036955
0 0.125420 0.365968 0.019899 0.035852
0 0.366592 0.332598 0.022422 0.045229
0 0.325112 0.262548 0.024664 0.043023
0 0.406811 0.929950 0.023262 0.037507
0 0.086603 0.374793 0.021300 0.042471
0 0.125280 0.331495 0.022422 0.045229
0 0.086603 0.411748 0.021861 0.041368
0 0.732904 0.276338 0.022422 0.041919
0 0.888733 0.464975 0.021300 0.035301
0 0.804232 0.916437 0.022141 0.036955
0 0.650925 0.306950 0.022702 0.038058
0 0.732904 0.309983 0.020179 0.033094
0 0.649103 0.343905 0.026345 0.042471
0 0.881026 0.958908 0.023262 0.039162
0 0.883128 0.772752 0.023543 0.040816
0 0.649103 0.381688 0.025224 0.044126
0 0.694367 0.378930 0.022702 0.039713
0 0.440022 0.072532 0.033632 0.067843
0 0.881306 0.810259 0.027186 0.041919
0 0.330858 0.825703 0.023823 0.041919
0 0.647842 0.888582 0.022702 0.043023
0 0.164518 0.260066 0.020740 0.040265
0 0.367293 0.406784 0.022141 0.043574
0 0.685818 0.757033 0.025224 0.039162
0 0.806334 0.843078 0.022422 0.040265
0 0.248038 0.368726 0.021861 0.038058
0 0.367713 0.789300 0.021300 0.038610
0 0.208100 0.370381 0.021581 0.036955
0 0.647001 0.561224 0.031110 0.055709
0 0.406390 0.409542 0.023543 0.041368
0 0.694226 0.307777 0.021861 0.041919
0 0.766256 0.801710 0.020740 0.042471
0 0.249439 0.292333 0.020179 0.033094
0 0.923767 0.959735 0.022422 0.034197
0 0.813201 0.423331 0.023823 0.039162
0 0.480381 0.220353 0.033632 0.055709
0 0.889013 0.396304 0.020740 0.032543
0 0.881166 0.926917 0.021300 0.033646
0 0.404148 0.333149 0.025224 0.047435
0 0.045404 0.264203 0.022422 0.045229
0 0.330717 0.784335 0.022982 0.044126
0 0.167180 0.408715 0.024944 0.041919
0 0.647702 0.777716 0.025785 0.047435
0 0.532091 0.850248 0.023823 0.044677
0 0.086463 0.297573 0.020460 0.034749
0 0.285034 0.301158 0.020179 0.033094
0 0.448571 0.859901 0.023823 0.043023
0 0.085902 0.261169 0.022702 0.040265
0 0.450112 0.335907 0.028587 0.039713
0 0.204877 0.264203 0.022422 0.040816
0 0.924888 0.814396 0.024664 0.036955
0 0.406811 0.891616 0.023262 0.042471
0 0.812920 0.458908 0.024383 0.039713
0 0.693246 0.418919 0.023262 0.047987
0 0.164798 0.296470 0.018498 0.033646
0 0.647281 0.853282 0.021020 0.034197
0 0.405970 0.857694 0.022702 0.035301
0 0.771861 0.381136 0.023543 0.038610
0 0.165219 0.373414 0.022702 0.038610
0 0.405409 0.294815 0.021020 0.033646
0 0.490891 0.446498 0.022702 0.035852
0 0.967769 0.444015 0.021300 0.035301
0 0.167461 0.444567 0.024383 0.037507
0 0.331138 0.859901 0.024383 0.039713
0 0.723515 0.835080 0.022702 0.037507
0 0.730241 0.456150 0.024383 0.039713
0 0.574271 0.928020 0.024103 0.034749
0 0.489490 0.411748 0.022702 0.040265
0 0.609725 0.784335 0.019899 0.039713
0 0.851878 0.317430 0.023262 0.038058
0 0.125140 0.291230 0.021020 0.034197
0 0.370656 0.936293 0.023823 0.035852
0 0.813201 0.279923 0.022702 0.041368
0 0.651345 0.273028 0.022982 0.037507
0 0.766256 0.840320 0.022422 0.038058
0 0.283352 0.265858 0.023543 0.038610
0 0.771300 0.450083 0.022422 0.036404
0 0.367152 0.296470 0.017937 0.038058
0 0.407371 0.447325 0.026065 0.040816
0 0.530830 0.814672 0.022422 0.035301
0 0.246917 0.257584 0.022422 0.041919
0 0.328195 0.412576 0.022982 0.037507
0 0.327214 0.377551 0.022141 0.036955
0 0.164238 0.333977 0.024664 0.047987
0 0.841228 0.774959 0.024944 0.038610
0 0.249159 0.402648 0.022982 0.034197
0 0.285734 0.446222 0.023262 0.037507
0 0.448571 0.750965 0.023823 0.042471
0 0.771581 0.413955 0.024103 0.039162
0 0.532651 0.892719 0.023823 0.035852
0 0.725476 0.799779 0.021020 0.040816
0 0.208380 0.447325 0.025504 0.040816
0 0.685258 0.831771 0.022982 0.044126
0 0.607904 0.749311 0.024103 0.031440
0 0.766536 0.764203 0.024664 0.039162
0 0.047786 0.302813 0.021020 0.036404
0 0.694647 0.342250 0.021581 0.035852
0 0.804372 0.949531 0.023543 0.038058
0 0.450392 0.825703 0.024103 0.035301
0 0.925869 0.780750 0.024383 0.045780
0 0.813901 0.313017 0.020740 0.032543
0 0.687080 0.792333 0.022702 0.040265
0 0.127943 0.442912 0.022702 0.036404
0 0.364910 0.259790 0.022982 0.039713
0 0.488089 0.339768 0.023823 0.045229
0 0.570768 0.746828 0.023823 0.036404
0 0.451233 0.408439 0.022982 0.040265
0 0.724916 0.762824 0.024383 0.040816
0 0.364910 0.752620 0.023543 0.039162
0 0.611267 0.308053 0.023543 0.043574
0 0.929232 0.432157 0.021020 0.039162
0 0.729821 0.421677 0.022422 0.042471
0 0.571609 0.408439 0.019899 0.038058
0 0.693105 0.455047 0.024664 0.035301
0 0.489070 0.377551 0.021300 0.039162
0 0.611547 0.379482 0.020740 0.043023
0 0.088285 0.448152 0.022982 0.034749
0 0.805073 0.879482 0.022702 0.042471
0 0.813761 0.388858 0.023823 0.038610
0 0.326513 0.300883 0.022422 0.040265
0 0.851598 0.281302 0.024383 0.041919
0 0.891396 0.287369 0.023823 0.036404
0 0.649664 0.924159 0.021300 0.032543
0 0.648402 0.455874 0.025504 0.030336
0 0.721973 0.908715 0.021300 0.038058
0 0.490471 0.850800 0.024664 0.040265
0 0.721553 0.940706 0.020460 0.029233
0 0.612248 0.928020 0.017657 0.036955
0 0.450953 0.375069 0.025224 0.039713
0 0.930493 0.397959 0.018498 0.034749
0 0.405970 0.785990 0.022141 0.031991
0 0.124860 0.255929 0.024944 0.039713
0 0.530970 0.777165 0.023262 0.036404
0 0.491592 0.815223 0.021300 0.035301
0 0.964686 0.783508 0.025785 0.040265
0 0.451513 0.449255 0.024664 0.045780
0 0.448571 0.898235 0.021020 0.039162
0 0.610426 0.824324 0.017937 0.042471
0 0.610987 0.417540 0.024103 0.037507
0 0.967909 0.412576 0.021020 0.037507
0 0.531110 0.265306 0.019058 0.035301
0 0.329596 0.746828 0.022982 0.036404
0 0.491872 0.746277 0.017937 0.037507
0 0.963565 0.821015 0.024664 0.042471
0 0.207259 0.299779 0.021020 0.036955
0 0.971553 0.340596 0.020460 0.036955
0 0.368274 0.442361 0.020179 0.036404
0 0.448430 0.263100 0.021300 0.038610
0 0.611407 0.449807 0.024383 0.032543
0 0.449972 0.298676 0.022141 0.040265
0 0.050729 0.450910 0.021300 0.031440
0 0.929933 0.468560 0.021861 0.034749
0 0.932595 0.292885 0.023262 0.040816
0 0.610426 0.859073 0.015695 0.033646
0 0.685678 0.934363 0.022141 0.031991
0 0.492433 0.888307 0.022982 0.041368
0 0.528587 0.745450 0.024664 0.044677
0 0.492573 0.926641 0.024383 0.037507
0 0.962724 0.932984 0.024664 0.040265
0 0.529989 0.415334 0.021861 0.039713
0 0.648963 0.747104 0.024383 0.029233
0 0.693666 0.269167 0.020740 0.039713
0 0.612108 0.891892 0.016816 0.036404
0 0.572450 0.300331 0.023823 0.042471
0 0.611407 0.272477 0.020460 0.036404
0 0.810678 0.804192 0.022702 0.034197
0 0.327214 0.340871 0.022141 0.045229
0 0.487808 0.261721 0.019339 0.031440
0 0.964546 0.897959 0.027747 0.037507
0 0.406250 0.750138 0.025504 0.040816
0 0.573991 0.443740 0.021300 0.034749
0 0.973795 0.305019 0.019339 0.036404
0 0.967909 0.476007 0.021581 0.030888
0 0.767096 0.868450 0.025224 0.042471
0 0.528167 0.340044 0.021581 0.039162
0 0.968750 0.377551 0.020460 0.038058
0 0.571749 0.337286 0.021861 0.038058
0 0.807876 0.765582 0.026626 0.044126
0 0.682455 0.894098 0.026906 0.050745
0 0.930633 0.362659 0.018778 0.042471
0 0.450252 0.931605 0.018778 0.028682
0 0.764574 0.912576 0.018498 0.038058
0 0.764294 0.946773 0.017937 0.030336
0 0.964686 0.863486 0.021300 0.031440
0 0.964406 0.963045 0.024664 0.026475
0 0.488509 0.300055 0.017937 0.026475
0 0.529288 0.302537 0.018217 0.029233
0 0.571048 0.263100 0.018778 0.034197
0 0.612388 0.344732 0.018498 0.028682
0 0.571749 0.371484 0.017377 0.035852
0 0.529288 0.375621 0.020460 0.027579
0 0.530269 0.446498 0.018498 0.024821
0 0.649383 0.418643 0.024664 0.035301
0 0.932035 0.328185 0.022702 0.035301
0 0.491312 0.782681 0.017937 0.035301
0 0.448571 0.787645 0.019339 0.040816
