0 0.304948 0.196657 0.030208 0.045455
0 0.218880 0.235725 0.027344 0.047708
0 0.276042 0.194778 0.031250 0.045455
0 0.730599 0.257513 0.032552 0.043952
0 0.275260 0.236852 0.030729 0.042449
0 0.670573 0.655898 0.029687 0.041322
0 0.731250 0.172427 0.030208 0.042074
0 0.476042 0.202292 0.028646 0.046206
0 0.268620 0.768595 0.032552 0.043576
0 0.619271 0.252630 0.028646 0.045455
0 0.304427 0.153080 0.027083 0.042449
0 0.132812 0.273854 0.027604 0.044328
0 0.186068 0.599174 0.028906 0.042825
0 0.590234 0.252442 0.029427 0.045079
0 0.155208 0.805785 0.027604 0.045830
0 0.156901 0.638993 0.027865 0.043576
0 0.809635 0.260706 0.032292 0.045830
0 0.075130 0.353306 0.027865 0.043952
0 0.557031 0.736852 0.030208 0.038693
0 0.162630 0.231781 0.027865 0.045079
0 0.701953 0.171300 0.028385 0.045830
0 0.614323 0.737228 0.026042 0.041698
0 0.591797 0.209241 0.029948 0.039820
0 0.727344 0.698535 0.026562 0.041698
0 0.186979 0.520473 0.030729 0.043201
0 0.333724 0.154020 0.030469 0.042825
0 0.074479 0.474831 0.029687 0.045830
0 0.585938 0.693464 0.028646 0.048084
0 0.842448 0.264463 0.031771 0.053343
0 0.218620 0.109880 0.030469 0.042449
0 0.534245 0.206799 0.028385 0.047708
0 0.187109 0.477836 0.032031 0.046582
0 0.185026 0.683321 0.028906 0.040571
0 0.672005 0.614012 0.030990 0.041698
0 0.217578 0.318370 0.024740 0.041698
0 0.643229 0.695905 0.026562 0.038693
0 0.108073 0.145004 0.026562 0.043576
0 0.671354 0.822878 0.029167 0.040947
0 0.760417 0.257325 0.032292 0.039820
0 0.562630 0.206424 0.027344 0.047708
0 0.471354 0.689519 0.027604 0.045455
0 0.585547 0.861570 0.028385 0.043952
0 0.728516 0.656649 0.027344 0.042825
0 0.161328 0.315928 0.028906 0.042825
0 0.671615 0.533246 0.029167 0.040947
0 0.246354 0.234035 0.029687 0.045079
0 0.332552 0.196844 0.029687 0.045079
0 0.184505 0.848986 0.031510 0.045079
0 0.504297 0.250188 0.027865 0.045079
0 0.561719 0.251878 0.027604 0.043952
0 0.585417 0.820436 0.026562 0.035312
0 0.497656 0.860819 0.027604 0.041698
0 0.756641 0.784185 0.029948 0.040947
0 0.841406 0.175620 0.029687 0.041698
0 0.156510 0.598047 0.027604 0.038317
0 0.672786 0.256574 0.029948 0.040571
0 0.616667 0.531743 0.028125 0.044703
0 0.468620 0.858753 0.026823 0.043576
0 0.701432 0.256950 0.028385 0.045830
0 0.757682 0.493426 0.027865 0.042449
0 0.755729 0.740984 0.030208 0.045455
0 0.105339 0.272727 0.028385 0.042074
0 0.155859 0.681443 0.028385 0.040571
0 0.245052 0.193088 0.028646 0.039820
0 0.184375 0.766529 0.028646 0.038693
0 0.700781 0.537002 0.029167 0.045455
0 0.163151 0.191022 0.028385 0.039444
0 0.726302 0.866829 0.028646 0.046206
0 0.702604 0.214313 0.030208 0.036439
0 0.191146 0.147258 0.030208 0.043576
0 0.133073 0.187829 0.028646 0.046582
0 0.188672 0.357626 0.027344 0.043576
0 0.760938 0.215627 0.034896 0.042074
0 0.592057 0.166416 0.027344 0.042074
0 0.672917 0.212998 0.028646 0.045830
0 0.073568 0.516341 0.028906 0.037941
0 0.671354 0.298460 0.027604 0.040195
0 0.500781 0.530053 0.029167 0.045079
0 0.757552 0.824380 0.030208 0.040947
0 0.531380 0.370774 0.027865 0.039820
0 0.669792 0.780240 0.028646 0.042825
0 0.303516 0.321563 0.029427 0.038317
0 0.389453 0.285500 0.028385 0.040571
0 0.526953 0.817994 0.029427 0.041698
0 0.133984 0.142938 0.027344 0.036439
0 0.761328 0.175620 0.030990 0.039444
0 0.248438 0.111758 0.027083 0.043952
0 0.614714 0.696469 0.028385 0.038317
0 0.556250 0.816304 0.029167 0.040571
0 0.727474 0.739482 0.027344 0.037190
0 0.189583 0.314613 0.029167 0.040195
0 0.759896 0.301089 0.031250 0.040947
0 0.359245 0.364388 0.027344 0.045079
0 0.756510 0.575695 0.028646 0.040195
0 0.102865 0.555973 0.028646 0.043576
0 0.554818 0.860068 0.027865 0.043201
0 0.671224 0.572690 0.028906 0.041698
0 0.699089 0.740045 0.028385 0.042074
0 0.128385 0.599737 0.028125 0.042449
0 0.617578 0.337153 0.027344 0.043201
0 0.498698 0.734035 0.026042 0.039820
0 0.360677 0.284185 0.027083 0.042449
0 0.189844 0.235162 0.028125 0.044328
0 0.729167 0.492487 0.029687 0.040571
0 0.643620 0.613636 0.026302 0.037190
0 0.729948 0.299775 0.030208 0.036814
0 0.505599 0.204545 0.028906 0.040195
0 0.699219 0.694591 0.028125 0.045079
0 0.247135 0.153080 0.028125 0.040947
0 0.643099 0.735913 0.026823 0.039068
0 0.393359 0.072126 0.032552 0.043576
0 0.727083 0.821938 0.030208 0.046582
0 0.127865 0.804282 0.027604 0.042074
0 0.157292 0.517656 0.028125 0.038317
0 0.670312 0.697220 0.025000 0.039068
0 0.758984 0.133358 0.029427 0.043576
0 0.185677 0.640120 0.028125 0.039820
0 0.391406 0.196657 0.030208 0.049962
0 0.700391 0.452479 0.027865 0.040947
0 0.616146 0.612697 0.027604 0.040571
0 0.701562 0.614576 0.028646 0.043576
0 0.617448 0.295267 0.030729 0.039820
0 0.191276 0.191585 0.027344 0.041322
0 0.188542 0.276296 0.030208 0.039444
0 0.300781 0.522539 0.031250 0.041322
0 0.505599 0.162660 0.028906 0.042825
0 0.525781 0.902893 0.029167 0.044703
0 0.333464 0.240796 0.028385 0.044328
0 0.671745 0.490609 0.028385 0.040571
0 0.701042 0.299587 0.029687 0.034936
0 0.105990 0.230090 0.028646 0.043201
0 0.245833 0.318745 0.028646 0.045455
0 0.301953 0.438204 0.029948 0.042449
0 0.531250 0.488167 0.029167 0.042449
0 0.671615 0.449286 0.026042 0.034560
0 0.273568 0.360443 0.029427 0.044703
0 0.184375 0.724080 0.030208 0.046206
0 0.588151 0.530992 0.028385 0.043952
0 0.299870 0.851240 0.029948 0.046582
0 0.076302 0.311232 0.030208 0.040947
0 0.810547 0.214876 0.030990 0.050338
0 0.246094 0.277986 0.029687 0.042074
0 0.418099 0.287754 0.028906 0.048084
0 0.757552 0.535500 0.029167 0.037941
0 0.530990 0.409467 0.029687 0.035312
0 0.299740 0.687829 0.030208 0.045079
0 0.331901 0.283434 0.028385 0.042449
0 0.131250 0.356123 0.026562 0.039068
0 0.753776 0.868520 0.024740 0.042074
0 0.557161 0.651953 0.027344 0.043201
0 0.130078 0.475958 0.028906 0.045079
0 0.841797 0.218257 0.029948 0.045079
0 0.078385 0.143501 0.028125 0.035312
0 0.530599 0.572126 0.029948 0.044328
0 0.758333 0.697971 0.033854 0.045079
0 0.446484 0.244929 0.026823 0.039068
0 0.673177 0.168670 0.024479 0.040571
0 0.156771 0.476146 0.029687 0.044703
0 0.932422 0.353118 0.032031 0.043576
0 0.302344 0.398009 0.031250 0.033434
0 0.473177 0.608377 0.029687 0.039444
0 0.587109 0.779489 0.026823 0.042825
0 0.557682 0.776860 0.030990 0.036063
0 0.132031 0.316116 0.027604 0.040947
0 0.218359 0.277986 0.026302 0.039068
0 0.559115 0.529301 0.026562 0.042074
0 0.700391 0.493238 0.027865 0.040571
0 0.560807 0.293952 0.026302 0.040947
0 0.105859 0.186702 0.027865 0.040571
0 0.810026 0.304846 0.034635 0.046206
0 0.268359 0.810481 0.028385 0.045455
0 0.533333 0.250563 0.028125 0.041322
0 0.153385 0.888054 0.028125 0.036063
0 0.728516 0.414914 0.027344 0.040947
0 0.587760 0.447784 0.028646 0.037566
0 0.124740 0.885988 0.029167 0.035687
0 0.757812 0.656837 0.031250 0.037190
0 0.300391 0.562923 0.029427 0.043201
0 0.643099 0.824380 0.027865 0.044703
0 0.358724 0.407776 0.027344 0.040195
0 0.644661 0.493050 0.026302 0.037190
0 0.391016 0.241923 0.029948 0.045079
0 0.304818 0.240796 0.029948 0.046582
0 0.586328 0.487791 0.029427 0.043952
0 0.697917 0.910218 0.026562 0.040571
0 0.558594 0.447408 0.028646 0.041322
0 0.759375 0.341285 0.031771 0.043952
0 0.276823 0.150451 0.027083 0.043201
0 0.730469 0.214125 0.027083 0.041322
0 0.133724 0.230841 0.029427 0.037941
0 0.670312 0.737040 0.023958 0.039820
0 0.554557 0.943464 0.027865 0.043201
0 0.048438 0.184072 0.030729 0.046582
0 0.129297 0.516717 0.027865 0.036439
0 0.270964 0.438768 0.029427 0.041322
0 0.331641 0.324192 0.025781 0.039820
0 0.161719 0.146694 0.028646 0.046957
0 0.217318 0.478963 0.030469 0.042825
0 0.270313 0.523666 0.027604 0.042825
0 0.643750 0.530992 0.026042 0.036439
0 0.559115 0.408527 0.027083 0.035687
0 0.271224 0.480466 0.028906 0.041322
0 0.557422 0.693464 0.023698 0.038317
0 0.532943 0.293013 0.028385 0.039068
0 0.448437 0.161157 0.028125 0.042825
0 0.046875 0.350676 0.028125 0.037190
0 0.154948 0.848798 0.027083 0.043952
0 0.104167 0.354057 0.026042 0.039444
0 0.158594 0.356687 0.027604 0.038693
0 0.498047 0.819872 0.028385 0.037190
0 0.614714 0.778738 0.027865 0.042074
0 0.701302 0.412472 0.027083 0.036814
0 0.500521 0.369459 0.029167 0.040195
0 0.587370 0.650826 0.027344 0.035687
0 0.728646 0.452855 0.027083 0.035687
0 0.559245 0.569684 0.026302 0.036439
0 0.272135 0.398948 0.028646 0.034560
0 0.445964 0.285875 0.026302 0.040571
0 0.617448 0.574192 0.031771 0.041698
0 0.700521 0.575883 0.027604 0.036063
0 0.269010 0.600488 0.033333 0.044703
0 0.476172 0.159842 0.025781 0.040947
0 0.525130 0.944403 0.028385 0.036063
0 0.299479 0.644816 0.028125 0.043952
0 0.267708 0.726334 0.031250 0.041698
0 0.527995 0.777423 0.028385 0.045455
0 0.360677 0.241172 0.026562 0.038317
0 0.729036 0.576446 0.028906 0.037190
0 0.301693 0.479527 0.028906 0.038693
0 0.186719 0.559354 0.027604 0.037566
0 0.503516 0.291510 0.027344 0.040571
0 0.840625 0.133171 0.033854 0.044703
0 0.613281 0.821938 0.027604 0.042074
0 0.268359 0.684823 0.030990 0.042825
0 0.157161 0.723704 0.027865 0.043201
0 0.729167 0.536251 0.028646 0.040947
0 0.073568 0.677874 0.034635 0.044703
0 0.613411 0.864576 0.027865 0.038693
0 0.360807 0.197220 0.025260 0.042825
0 0.670312 0.865702 0.028125 0.043201
0 0.501563 0.608565 0.026562 0.043576
0 0.078646 0.184636 0.028646 0.050714
0 0.155729 0.764087 0.028125 0.042074
0 0.382682 0.606123 0.032031 0.042449
0 0.273958 0.320248 0.027083 0.036439
0 0.129818 0.557476 0.028906 0.044328
0 0.758724 0.454921 0.030990 0.036063
0 0.617578 0.411908 0.030990 0.043201
0 0.527214 0.734786 0.028385 0.041322
0 0.381901 0.895943 0.032552 0.038317
0 0.560156 0.371901 0.028646 0.032307
0 0.243880 0.359692 0.028906 0.037190
0 0.729036 0.340346 0.028385 0.037566
0 0.419141 0.199098 0.026302 0.041322
0 0.869010 0.827949 0.034375 0.044328
0 0.182943 0.805597 0.028906 0.041698
0 0.672526 0.410969 0.027865 0.035312
0 0.559505 0.334523 0.028385 0.037941
0 0.960026 0.301653 0.030990 0.043576
0 0.447656 0.201916 0.023438 0.040947
0 0.157943 0.555973 0.027344 0.033809
0 0.299089 0.811044 0.029948 0.039820
0 0.127604 0.640496 0.029687 0.040571
0 0.383333 0.690083 0.030208 0.042074
0 0.535026 0.163974 0.028906 0.037941
0 0.158073 0.395379 0.027604 0.038693
0 0.531250 0.530616 0.027604 0.040947
0 0.496484 0.902329 0.025260 0.040571
0 0.699219 0.866829 0.027604 0.044703
0 0.104688 0.313674 0.025521 0.039068
0 0.615885 0.654207 0.027604 0.040947
0 0.619792 0.207739 0.023958 0.040571
0 0.299349 0.729527 0.027865 0.042825
0 0.077995 0.231405 0.027344 0.042074
0 0.531120 0.447596 0.027865 0.036439
0 0.267839 0.853118 0.028906 0.040571
0 0.528516 0.652893 0.027865 0.042825
0 0.555208 0.903080 0.026562 0.041322
0 0.700911 0.654771 0.028906 0.034560
0 0.500130 0.649887 0.027865 0.036814
0 0.471484 0.648385 0.027865 0.035312
0 0.873307 0.296018 0.032552 0.039820
0 0.498698 0.691397 0.028125 0.043201
0 0.586458 0.737791 0.027604 0.039068
0 0.047917 0.311420 0.028646 0.034560
0 0.587109 0.334899 0.028906 0.042449
0 0.641797 0.778738 0.026302 0.042825
0 0.078125 0.271976 0.029687 0.039068
0 0.161068 0.275545 0.025781 0.038693
0 0.046615 0.392374 0.025000 0.042449
0 0.244010 0.398760 0.028125 0.040947
0 0.443359 0.607626 0.027865 0.037941
0 0.302734 0.360443 0.029427 0.040195
0 0.214323 0.683696 0.026042 0.044328
0 0.383724 0.731217 0.029427 0.042449
0 0.157682 0.434260 0.029948 0.040571
0 0.587760 0.372276 0.026042 0.036063
0 0.384245 0.771600 0.032552 0.039068
0 0.645443 0.212810 0.025781 0.043201
0 0.075651 0.431255 0.027865 0.038317
0 0.700651 0.780428 0.030469 0.037941
0 0.472005 0.487040 0.027865 0.038693
0 0.727734 0.615890 0.027344 0.038693
0 0.388151 0.328888 0.028906 0.043952
0 0.498307 0.776672 0.024219 0.041698
0 0.643099 0.654771 0.025260 0.037566
0 0.359766 0.322502 0.025260 0.034936
0 0.725911 0.910030 0.027344 0.042449
0 0.699219 0.821751 0.027604 0.043952
0 0.645052 0.452855 0.026562 0.041698
0 0.587760 0.570811 0.028646 0.034936
0 0.643750 0.571938 0.024479 0.041698
0 0.502604 0.330766 0.030729 0.041698
0 0.215365 0.519534 0.028646 0.041322
0 0.867969 0.932382 0.032292 0.048084
0 0.700651 0.339594 0.028906 0.039820
0 0.756901 0.615702 0.029427 0.040571
0 0.126172 0.926559 0.027865 0.044703
0 0.558594 0.608002 0.026562 0.037941
0 0.047266 0.141435 0.029948 0.037941
0 0.469141 0.816116 0.025781 0.040947
0 0.589323 0.294328 0.025000 0.040195
0 0.899740 0.132607 0.036979 0.048084
0 0.274740 0.279677 0.028125 0.043952
0 0.526302 0.860631 0.027083 0.037566
0 0.418490 0.241548 0.026042 0.041322
0 0.872917 0.750188 0.037500 0.049587
0 0.931250 0.306349 0.029687 0.042449
0 0.213151 0.725770 0.026823 0.044328
0 0.531250 0.331893 0.028646 0.035687
0 0.620964 0.167355 0.028385 0.038693
0 0.760026 0.415853 0.032031 0.039068
0 0.528776 0.694027 0.027865 0.038693
0 0.586849 0.410406 0.027344 0.039444
0 0.102734 0.473892 0.026823 0.040947
0 0.382812 0.856875 0.032292 0.047333
0 0.559115 0.487979 0.027083 0.037566
0 0.587500 0.612509 0.028646 0.037190
0 0.467187 0.901953 0.029167 0.042074
0 0.127734 0.763148 0.029948 0.040947
0 0.728385 0.377160 0.026562 0.034560
0 0.443490 0.648760 0.027604 0.043576
0 0.501563 0.569497 0.027083 0.035312
0 0.219401 0.191585 0.023177 0.036814
0 0.616276 0.373967 0.026302 0.031180
0 0.501953 0.447596 0.028906 0.040195
0 0.420443 0.158340 0.028906 0.039444
0 0.502083 0.487979 0.027083 0.037566
0 0.075130 0.555034 0.029948 0.043201
0 0.759896 0.089594 0.033333 0.048460
0 0.496615 0.940834 0.029167 0.034185
0 0.444401 0.407400 0.030990 0.039444
0 0.334896 0.112322 0.028646 0.038317
0 0.073828 0.635800 0.029948 0.037190
0 0.102214 0.514087 0.023177 0.041698
0 0.444922 0.368144 0.029427 0.037566
0 0.868880 0.879226 0.032031 0.057476
0 0.214714 0.558978 0.025260 0.039820
0 0.529687 0.611946 0.028125 0.036814
0 0.616667 0.487603 0.027604 0.039068
0 0.300911 0.603869 0.028385 0.041698
0 0.963672 0.258077 0.035156 0.045830
0 0.469141 0.733471 0.028385 0.035687
0 0.443490 0.568933 0.027083 0.038693
0 0.047526 0.270473 0.030469 0.048835
0 0.300651 0.893689 0.031510 0.037566
0 0.475130 0.249249 0.028385 0.046206
0 0.269141 0.644628 0.030990 0.039068
0 0.389062 0.405522 0.031250 0.038693
0 0.126042 0.847107 0.029167 0.042825
0 0.381901 0.936514 0.034115 0.045830
0 0.361328 0.153268 0.024219 0.036063
0 0.127214 0.720699 0.030990 0.039444
0 0.500781 0.408527 0.029167 0.038693
0 0.303516 0.281180 0.027344 0.038693
0 0.382682 0.647070 0.032031 0.043201
0 0.645703 0.254320 0.021615 0.038317
0 0.563802 0.164914 0.025521 0.033809
0 0.331771 0.361195 0.025521 0.037941
0 0.645833 0.411345 0.025000 0.040571
0 0.670573 0.339594 0.025000 0.038317
0 0.215234 0.603681 0.024219 0.041322
0 0.215625 0.643313 0.025000 0.036439
0 0.445703 0.328325 0.028906 0.041322
0 0.131771 0.394816 0.026562 0.036814
0 0.073698 0.597295 0.031771 0.042074
0 0.583203 0.902141 0.031510 0.036439
0 0.216406 0.397070 0.026562 0.043576
0 0.387891 0.367581 0.027865 0.035687
0 0.078906 0.106123 0.031250 0.042449
0 0.469922 0.775545 0.027865 0.035687
0 0.444661 0.445905 0.028906 0.039068
0 0.216406 0.849549 0.030208 0.048460
0 0.473698 0.292261 0.028125 0.040571
0 0.384505 0.567618 0.033594 0.038317
0 0.758594 0.378663 0.029167 0.033809
0 0.814844 0.173742 0.019792 0.033434
0 0.932682 0.738918 0.033594 0.048835
0 0.442578 0.530240 0.029948 0.040195
0 0.130208 0.432569 0.026562 0.039444
0 0.872656 0.256574 0.025521 0.045830
0 0.187891 0.432569 0.028385 0.042449
0 0.152604 0.928062 0.028125 0.046957
0 0.873177 0.331142 0.032813 0.036439
0 0.810677 0.350301 0.034375 0.049211
0 0.222396 0.149887 0.021354 0.033809
0 0.182292 0.929189 0.027604 0.047708
0 0.932031 0.656461 0.034896 0.052216
0 0.700651 0.376409 0.026302 0.033809
0 0.305208 0.111946 0.028125 0.041322
0 0.931901 0.580203 0.037760 0.061232
0 0.387240 0.525733 0.034375 0.043952
0 0.871224 0.631856 0.032552 0.033809
0 0.727474 0.780804 0.025781 0.039444
0 0.472396 0.527611 0.027083 0.041698
0 0.127865 0.680503 0.029167 0.034185
0 0.584766 0.941961 0.030469 0.044703
0 0.299089 0.770849 0.029427 0.042074
0 0.441797 0.488167 0.033073 0.043952
0 0.931901 0.447220 0.030990 0.042449
0 0.871745 0.597295 0.035677 0.042074
0 0.616667 0.449474 0.026042 0.034936
0 0.647135 0.167543 0.023438 0.039820
0 0.422005 0.117956 0.026823 0.043576
0 0.104036 0.432569 0.028385 0.037190
0 0.076693 0.394252 0.026823 0.037190
0 0.871224 0.559354 0.032031 0.037566
0 0.472656 0.447784 0.026562 0.036814
0 0.299219 0.934072 0.030729 0.043952
0 0.964453 0.213937 0.034115 0.039444
0 0.931120 0.258640 0.030469 0.046957
0 0.963021 0.345229 0.034896 0.044328
0 0.078255 0.062735 0.032552 0.051089
0 0.216406 0.437077 0.027604 0.042449
0 0.444661 0.691585 0.027344 0.041322
0 0.472396 0.566867 0.027604 0.042825
0 0.871354 0.663787 0.033333 0.036814
0 0.048698 0.227648 0.031771 0.033058
0 0.183203 0.887115 0.026302 0.038693
0 0.697266 0.950789 0.027865 0.042074
0 0.218620 0.357814 0.022656 0.037190
0 0.930469 0.875094 0.030208 0.036439
0 0.671615 0.374343 0.022917 0.031180
0 0.392057 0.116078 0.030469 0.042825
0 0.383333 0.814050 0.033854 0.042074
0 0.931120 0.503944 0.034115 0.053719
0 0.073307 0.721074 0.033594 0.041698
0 0.932031 0.402329 0.032813 0.045830
0 0.928906 0.921112 0.032813 0.051089
0 0.392578 0.155898 0.029948 0.036063
0 0.213672 0.929376 0.029427 0.037566
0 0.932161 0.833020 0.034115 0.046957
0 0.899870 0.179189 0.035156 0.048835
0 0.754297 0.950977 0.030990 0.050714
0 0.267448 0.893877 0.026562 0.036439
0 0.467057 0.942149 0.028385 0.043576
0 0.104688 0.395192 0.027083 0.039068
0 0.788151 0.134673 0.024219 0.045455
0 0.612891 0.943276 0.027865 0.044328
0 0.872526 0.411533 0.036719 0.061983
0 0.754687 0.907025 0.028125 0.040947
0 0.188021 0.393877 0.027604 0.024418
0 0.473698 0.331893 0.025000 0.034936
0 0.473958 0.407964 0.028646 0.044328
0 0.072526 0.759767 0.032552 0.043952
0 0.644271 0.372276 0.026042 0.037566
0 0.872917 0.359316 0.033333 0.039444
0 0.358854 0.446844 0.025521 0.040195
0 0.725781 0.950977 0.026562 0.042449
0 0.643880 0.337528 0.023177 0.040947
0 0.645312 0.296018 0.026042 0.042074
0 0.213932 0.892186 0.026302 0.037566
0 0.214714 0.810481 0.024740 0.034185
0 0.873568 0.788693 0.027865 0.029677
0 0.871094 0.518219 0.033333 0.049211
0 0.640885 0.866829 0.023958 0.040947
0 0.473177 0.367769 0.026562 0.033809
0 0.870313 0.697971 0.033854 0.041322
0 0.872396 0.464688 0.032813 0.045830
0 0.934245 0.790571 0.025781 0.038693
0 0.641146 0.944778 0.028125 0.042825
0 0.388411 0.443839 0.027344 0.034185
0 0.386719 0.479151 0.032813 0.042449
0 0.269271 0.559354 0.027604 0.024793
0 0.964583 0.174869 0.036979 0.045455
0 0.612240 0.902141 0.026562 0.033434
0 0.668750 0.943839 0.029687 0.045455
0 0.044271 0.515026 0.026562 0.039820
0 0.424349 0.758640 0.017448 0.031931
0 0.215234 0.767844 0.027344 0.036814
0 0.669792 0.907213 0.028646 0.039068
0 0.423307 0.075131 0.025781 0.042825
