0 0.818066 0.093366 0.337574 0.168801
0 0.839271 0.269595 0.298558 0.187756
0 0.824427 0.491803 0.296862 0.205943
0 0.835030 0.691983 0.296862 0.183658
0 0.829517 0.894339 0.300254 0.210297
0 0.493639 0.114242 0.339271 0.216701
0 0.506149 0.320184 0.377863 0.193135
0 0.507209 0.506916 0.319763 0.176230
0 0.517812 0.698386 0.337574 0.198514
0 0.513995 0.897541 0.316370 0.199795
0 0.179177 0.105020 0.328668 0.202869
0 0.174088 0.308914 0.325276 0.209016
0 0.188931 0.509606 0.333757 0.194416
0 0.186175 0.706071 0.339271 0.198514
0 0.188083 0.898566 0.346480 0.195184
