0 0.089626 0.063279 0.024970 0.026328
0 0.696407 0.150577 0.025782 0.031409
0 0.696102 0.034180 0.026391 0.027714
0 0.170625 0.033372 0.024564 0.035335
0 0.703918 0.701501 0.022127 0.027483
0 0.853837 0.794342 0.026391 0.035797
0 0.117337 0.031062 0.025579 0.029330
0 0.678136 0.906813 0.027000 0.030716
0 0.696711 0.548037 0.026797 0.034642
0 0.565367 0.551617 0.025985 0.031640
0 0.855055 0.966166 0.027609 0.030716
0 0.619570 0.636374 0.024767 0.032102
0 0.381445 0.178753 0.025173 0.032794
0 0.646366 0.123210 0.024767 0.031640
0 0.801665 0.396189 0.025173 0.031640
0 0.618656 0.580254 0.026188 0.031178
0 0.724421 0.566975 0.027000 0.035104
0 0.704121 0.842725 0.022940 0.028176
0 0.593281 0.426905 0.027406 0.032102
0 0.801259 0.740300 0.025173 0.032102
0 0.221681 0.632102 0.025985 0.034180
0 0.670930 0.128060 0.023955 0.027483
0 0.908952 0.771478 0.025782 0.037644
0 0.457572 0.957968 0.024767 0.025866
0 0.354344 0.396189 0.023752 0.035335
0 0.274564 0.064319 0.025782 0.028406
0 0.117946 0.145727 0.023549 0.031871
0 0.382257 0.240647 0.023955 0.031871
0 0.144336 0.030831 0.025985 0.032102
0 0.509237 0.880716 0.027406 0.031178
0 0.145453 0.184065 0.027812 0.030485
0 0.802883 0.465589 0.026797 0.034642
0 0.883272 0.507852 0.029233 0.032794
0 0.645148 0.089607 0.024767 0.033256
0 0.303187 0.483025 0.026188 0.032102
0 0.723203 0.155427 0.024970 0.029099
0 0.593179 0.635566 0.026797 0.032333
0 0.629415 0.827829 0.024970 0.027945
0 0.775883 0.461316 0.026797 0.029792
0 0.591961 0.213857 0.027203 0.032794
0 0.138449 0.839261 0.028421 0.029099
0 0.880836 0.879446 0.025173 0.030947
0 0.139566 0.781640 0.024970 0.026097
0 0.561612 0.735797 0.024970 0.032333
0 0.170422 0.777714 0.025376 0.030254
0 0.509846 0.819515 0.025782 0.021940
0 0.829781 0.632448 0.026594 0.033949
0 0.302781 0.422864 0.025782 0.030485
0 0.092976 0.174596 0.024361 0.034642
0 0.671133 0.423903 0.022330 0.028868
0 0.194884 0.924827 0.026797 0.031178
0 0.484267 0.035912 0.025376 0.032102
0 0.619570 0.153002 0.025173 0.035335
0 0.431994 0.601963 0.024361 0.033949
0 0.749492 0.130831 0.026391 0.033949
0 0.457572 0.183141 0.025985 0.038337
0 0.221072 0.949654 0.025173 0.033718
0 0.722391 0.125982 0.026594 0.027483
0 0.196813 0.066166 0.023346 0.026559
0 0.328055 0.459007 0.023549 0.033949
0 0.457877 0.930370 0.024564 0.027945
0 0.458689 0.594919 0.022940 0.025404
0 0.721985 0.096074 0.025782 0.030947
0 0.826939 0.765820 0.023752 0.027252
0 0.620889 0.430370 0.024564 0.029792
0 0.093788 0.270208 0.028015 0.031871
0 0.194681 0.866513 0.024767 0.030023
0 0.750914 0.894226 0.026797 0.032333
0 0.407024 0.035681 0.023143 0.033949
0 0.116626 0.060855 0.026594 0.028868
0 0.119164 0.206813 0.025579 0.029330
0 0.432501 0.753118 0.026188 0.030023
0 0.854446 0.706005 0.025173 0.034180
0 0.776898 0.541801 0.024767 0.031409
0 0.222696 0.080831 0.024767 0.032794
0 0.653471 0.875058 0.024767 0.033256
0 0.644235 0.585335 0.022940 0.032564
0 0.854446 0.850231 0.027203 0.029330
0 0.885201 0.060739 0.026188 0.030947
0 0.804202 0.501501 0.027812 0.032102
0 0.353735 0.488568 0.023346 0.028868
0 0.328157 0.493187 0.023346 0.032564
0 0.644438 0.034988 0.023752 0.026097
0 0.750102 0.810162 0.023955 0.024480
0 0.195087 0.806467 0.021924 0.034642
0 0.510150 0.700115 0.025985 0.029792
0 0.644742 0.489492 0.024361 0.031178
0 0.619062 0.550577 0.026594 0.024480
0 0.644641 0.523441 0.026188 0.030254
0 0.197929 0.182794 0.024767 0.032102
0 0.298924 0.921247 0.026188 0.028176
0 0.826533 0.880947 0.024158 0.033949
0 0.459501 0.812702 0.026594 0.031871
0 0.328969 0.527136 0.024970 0.031178
0 0.328055 0.065935 0.027203 0.026559
0 0.510556 0.732794 0.025985 0.032794
0 0.697219 0.453580 0.024564 0.026790
0 0.646772 0.242148 0.025985 0.033487
0 0.670524 0.488799 0.025579 0.033025
0 0.328360 0.036028 0.024564 0.030947
0 0.628806 0.858661 0.022533 0.030023
0 0.458283 0.145612 0.027000 0.033949
0 0.938185 0.938222 0.029436 0.029792
0 0.728888 0.733718 0.024158 0.030023
0 0.696610 0.582679 0.026594 0.028637
0 0.536541 0.734988 0.023955 0.033949
0 0.912810 0.402079 0.029436 0.032794
0 0.911186 0.638106 0.028624 0.030485
0 0.632359 0.733487 0.021518 0.029561
0 0.511064 0.059469 0.024970 0.028406
0 0.171234 0.211547 0.024970 0.030947
0 0.751015 0.781986 0.024564 0.029099
0 0.729801 0.702425 0.026391 0.032102
0 0.196407 0.292494 0.024564 0.030254
0 0.750102 0.543187 0.024361 0.030023
0 0.750406 0.039607 0.023752 0.034873
0 0.273346 0.539607 0.024158 0.029792
0 0.880735 0.942494 0.024564 0.030485
0 0.749898 0.640185 0.025579 0.030947
0 0.460211 0.510855 0.025985 0.033256
0 0.353532 0.459469 0.025376 0.028406
0 0.701888 0.928984 0.024564 0.028868
0 0.536439 0.889145 0.024970 0.032794
0 0.166058 0.951963 0.029233 0.033256
0 0.458080 0.724249 0.026188 0.030485
0 0.654283 0.792263 0.022737 0.036721
0 0.144438 0.128291 0.024970 0.029330
0 0.539281 0.450577 0.023346 0.030485
0 0.669204 0.039723 0.024564 0.034180
0 0.679354 0.873903 0.025782 0.030947
0 0.486094 0.513279 0.022127 0.031178
0 0.592063 0.572055 0.024970 0.031409
0 0.405197 0.871363 0.025985 0.029561
0 0.591251 0.035797 0.023752 0.031871
0 0.299330 0.785681 0.025376 0.028176
0 0.696204 0.609353 0.023752 0.026097
0 0.591860 0.067667 0.026594 0.030023
0 0.800853 0.705658 0.023955 0.034411
0 0.619062 0.089261 0.024564 0.033949
0 0.802984 0.114665 0.024970 0.029330
0 0.857186 0.097460 0.025782 0.030485
0 0.458080 0.033487 0.023752 0.026790
0 0.483557 0.174711 0.024361 0.027483
0 0.223102 0.546074 0.028827 0.033025
0 0.608506 0.736259 0.024564 0.029099
0 0.327142 0.698614 0.021721 0.029099
0 0.274056 0.699076 0.023955 0.032333
0 0.404283 0.120323 0.026188 0.029099
0 0.593078 0.604734 0.028624 0.026559
0 0.138652 0.870670 0.025579 0.023095
0 0.856374 0.601155 0.023346 0.033718
0 0.646772 0.211201 0.025579 0.027021
0 0.679963 0.786836 0.023346 0.029099
0 0.750102 0.070208 0.026391 0.026790
0 0.880227 0.912587 0.027203 0.030254
0 0.831811 0.486374 0.026188 0.028176
0 0.672351 0.241570 0.023549 0.033256
0 0.723305 0.242263 0.026797 0.028176
0 0.300650 0.036952 0.024361 0.030947
0 0.378299 0.631524 0.025782 0.031178
0 0.592367 0.484296 0.026391 0.027714
0 0.431384 0.569861 0.027609 0.027945
0 0.721782 0.065704 0.023752 0.025173
0 0.327243 0.927598 0.024361 0.033487
0 0.669813 0.550346 0.023752 0.024018
0 0.609419 0.703580 0.023143 0.033025
0 0.274665 0.571824 0.025985 0.031871
0 0.143626 0.065358 0.024970 0.036490
0 0.855867 0.636490 0.025985 0.032333
0 0.302781 0.538453 0.027000 0.027021
0 0.722087 0.212818 0.025985 0.027945
0 0.584450 0.700346 0.023955 0.032102
0 0.775985 0.202771 0.023752 0.035104
0 0.352822 0.957968 0.023143 0.028637
0 0.219854 0.696651 0.023955 0.027945
0 0.275477 0.603349 0.025579 0.028868
0 0.272737 0.918822 0.024158 0.033487
0 0.299736 0.867090 0.023752 0.032102
0 0.510252 0.792494 0.024970 0.028868
0 0.855156 0.735335 0.023752 0.024480
0 0.430877 0.036952 0.025782 0.032333
0 0.620788 0.187991 0.025173 0.030485
0 0.171133 0.633025 0.026797 0.031871
0 0.326939 0.960739 0.025782 0.023557
0 0.169103 0.841455 0.023955 0.032102
0 0.776695 0.164665 0.026391 0.038337
0 0.405806 0.090878 0.025579 0.030254
0 0.273955 0.093303 0.024564 0.030485
0 0.583130 0.960162 0.022940 0.031178
0 0.459095 0.901617 0.024970 0.025866
0 0.352416 0.814088 0.026797 0.027252
0 0.566179 0.426443 0.021924 0.032564
0 0.881141 0.846998 0.024970 0.030254
0 0.828461 0.099192 0.023143 0.029792
0 0.632765 0.703349 0.024361 0.031178
0 0.911592 0.043187 0.025782 0.035566
0 0.776695 0.609469 0.025173 0.031409
0 0.591860 0.180370 0.027406 0.031409
0 0.827345 0.823326 0.026594 0.029099
0 0.353126 0.733025 0.025376 0.036952
0 0.631039 0.767321 0.025376 0.031178
0 0.431486 0.897575 0.024564 0.030716
0 0.564352 0.087529 0.025173 0.030485
0 0.537759 0.601386 0.024767 0.031409
0 0.777812 0.760855 0.024970 0.025635
0 0.538063 0.569977 0.025376 0.028176
0 0.509643 0.846998 0.024970 0.030254
0 0.378705 0.922633 0.023346 0.033718
0 0.141088 0.750693 0.025579 0.030716
0 0.696407 0.515012 0.023752 0.024480
0 0.355562 0.211316 0.027000 0.025866
0 0.406415 0.214896 0.024767 0.023326
0 0.353634 0.429330 0.023955 0.029099
0 0.300548 0.092494 0.025376 0.029330
0 0.703816 0.812933 0.023549 0.028176
0 0.880938 0.813857 0.025376 0.036952
0 0.857288 0.537991 0.020706 0.027483
0 0.801868 0.428868 0.023143 0.030023
0 0.273853 0.034296 0.025985 0.033487
0 0.431384 0.100924 0.025173 0.030485
0 0.379720 0.511316 0.024970 0.030485
0 0.644539 0.554734 0.021924 0.026790
0 0.275173 0.149076 0.026188 0.028406
0 0.646265 0.422517 0.024158 0.026559
0 0.679862 0.842610 0.023549 0.027483
0 0.223305 0.177483 0.023955 0.031178
0 0.484470 0.727945 0.023752 0.035104
0 0.644641 0.061432 0.025782 0.023095
0 0.380126 0.144573 0.023346 0.030947
0 0.171133 0.062471 0.024361 0.023326
0 0.458486 0.112009 0.024564 0.032333
0 0.087799 0.903926 0.023346 0.032333
0 0.884389 0.092148 0.025376 0.028637
0 0.407328 0.484296 0.025782 0.024942
0 0.775883 0.852771 0.025173 0.029330
0 0.592367 0.539030 0.026797 0.028637
0 0.775782 0.883256 0.024158 0.027483
0 0.881750 0.636605 0.024564 0.033025
0 0.749695 0.955196 0.026391 0.029561
0 0.329070 0.424018 0.022330 0.027714
0 0.911287 0.607159 0.026797 0.029561
0 0.909663 0.706005 0.025173 0.035104
0 0.592266 0.118938 0.024970 0.027252
0 0.459399 0.567090 0.026391 0.027483
0 0.273650 0.451039 0.027609 0.031409
0 0.120077 0.267783 0.023752 0.028406
0 0.379618 0.723095 0.025173 0.027252
0 0.827243 0.794342 0.023955 0.024711
0 0.704425 0.783025 0.024361 0.028868
0 0.832115 0.515820 0.021518 0.027945
0 0.380735 0.058661 0.026188 0.030485
0 0.510556 0.763510 0.024767 0.026790
0 0.564251 0.583256 0.024158 0.030254
0 0.827954 0.069515 0.024970 0.028637
0 0.628299 0.890878 0.023955 0.032102
0 0.536135 0.766282 0.021924 0.026328
0 0.776086 0.820208 0.024361 0.030716
0 0.560698 0.701732 0.020706 0.033025
0 0.565367 0.458661 0.024767 0.025404
0 0.197422 0.122286 0.024970 0.028868
0 0.431587 0.069861 0.024767 0.030716
0 0.222797 0.109931 0.023752 0.022171
0 0.560901 0.959700 0.023143 0.033487
0 0.606882 0.765820 0.022127 0.027252
0 0.537251 0.089838 0.024158 0.030947
0 0.378705 0.888453 0.027000 0.028637
0 0.328461 0.392494 0.024361 0.031640
0 0.669813 0.577367 0.024158 0.026790
0 0.651847 0.960855 0.023549 0.029330
0 0.803492 0.060046 0.021112 0.030023
0 0.196305 0.034065 0.021518 0.033025
0 0.776289 0.034988 0.025579 0.027483
0 0.669610 0.100115 0.020097 0.026559
0 0.827446 0.708314 0.024361 0.035104
0 0.776695 0.729215 0.023955 0.030716
0 0.379212 0.542032 0.022737 0.028637
0 0.407836 0.724134 0.027203 0.022402
0 0.827243 0.936721 0.025985 0.026790
0 0.618656 0.519977 0.025376 0.031640
0 0.404994 0.811663 0.023143 0.033025
0 0.170321 0.117436 0.024767 0.031178
0 0.722899 0.035912 0.022737 0.031640
0 0.197219 0.092841 0.025782 0.024942
0 0.118555 0.236836 0.024361 0.027021
0 0.303289 0.633834 0.025579 0.026559
0 0.800954 0.860046 0.026188 0.032794
0 0.670118 0.604734 0.025173 0.027483
0 0.220564 0.917436 0.023346 0.028406
0 0.537860 0.119630 0.026594 0.025866
0 0.854243 0.903349 0.023143 0.026559
0 0.194275 0.896305 0.023549 0.024480
0 0.830694 0.456005 0.026391 0.029330
0 0.431587 0.241917 0.023143 0.028868
0 0.832420 0.547344 0.024158 0.031871
0 0.751421 0.755081 0.022940 0.024249
0 0.802375 0.206582 0.023346 0.032102
0 0.857085 0.508430 0.021518 0.027483
0 0.827954 0.187413 0.024564 0.031640
0 0.511267 0.580831 0.024564 0.034180
0 0.405704 0.751155 0.024158 0.027483
0 0.620077 0.607621 0.023752 0.020323
0 0.694478 0.090531 0.023549 0.029099
0 0.407125 0.243533 0.023346 0.029330
0 0.406719 0.186605 0.023752 0.028637
0 0.539281 0.483487 0.024970 0.034873
0 0.854852 0.762240 0.027203 0.027483
0 0.536541 0.830947 0.024361 0.029099
0 0.405400 0.602194 0.023143 0.029330
0 0.112464 0.864434 0.023143 0.030023
0 0.679456 0.703349 0.025985 0.030254
0 0.908140 0.893303 0.026188 0.037413
0 0.458790 0.843649 0.025985 0.027252
0 0.196813 0.600462 0.023346 0.029561
0 0.830085 0.400808 0.025985 0.030254
0 0.138145 0.897575 0.023752 0.027483
0 0.354141 0.179677 0.024158 0.033718
0 0.352619 0.697575 0.025579 0.030716
0 0.139769 0.809931 0.023752 0.027252
0 0.353532 0.575635 0.022940 0.028406
0 0.169610 0.240762 0.026594 0.026559
0 0.144438 0.274480 0.022940 0.032102
0 0.565164 0.118245 0.023955 0.027714
0 0.169915 0.294573 0.024767 0.036259
0 0.652152 0.904388 0.022127 0.023557
0 0.112160 0.833141 0.022940 0.027021
0 0.222391 0.602309 0.026594 0.027252
0 0.326634 0.802656 0.024767 0.025635
0 0.537454 0.701617 0.023752 0.029099
0 0.143524 0.243764 0.025985 0.029330
0 0.355258 0.240300 0.026797 0.030254
0 0.536439 0.919977 0.022940 0.027945
0 0.166565 0.897691 0.025376 0.026328
0 0.645453 0.454734 0.022533 0.033718
0 0.354852 0.060046 0.023549 0.026328
0 0.647077 0.152079 0.022533 0.023788
0 0.536744 0.859238 0.025173 0.026097
0 0.510455 0.511778 0.022127 0.031871
0 0.431587 0.781986 0.025579 0.025866
0 0.431080 0.810508 0.025782 0.023788
0 0.882866 0.701039 0.021518 0.026559
0 0.938693 0.967552 0.026797 0.027945
0 0.195189 0.750115 0.023346 0.031871
0 0.405197 0.454157 0.024767 0.028868
0 0.484267 0.065704 0.023346 0.023788
0 0.117743 0.090878 0.024767 0.029792
0 0.302172 0.065127 0.023752 0.023095
0 0.353938 0.518938 0.024564 0.030023
0 0.537353 0.634411 0.024361 0.030485
0 0.431486 0.839261 0.025782 0.028176
0 0.857085 0.477483 0.019894 0.022864
0 0.749086 0.607044 0.022330 0.031178
0 0.087495 0.875058 0.025173 0.024942
0 0.774767 0.913048 0.026188 0.025635
0 0.909460 0.859931 0.027609 0.030254
0 0.776695 0.130831 0.024767 0.028406
0 0.592164 0.148961 0.025579 0.026328
0 0.328157 0.216397 0.026188 0.026790
0 0.826228 0.965935 0.024361 0.030716
0 0.829984 0.368707 0.023752 0.031178
0 0.561612 0.893303 0.021721 0.024942
0 0.854446 0.934411 0.022330 0.029099
0 0.093484 0.209353 0.023752 0.033949
0 0.353126 0.087644 0.023752 0.025173
0 0.829375 0.037413 0.025376 0.030947
0 0.883171 0.541801 0.022940 0.030485
0 0.857186 0.569977 0.023346 0.022171
0 0.777710 0.065127 0.026797 0.029561
0 0.303390 0.604619 0.022940 0.029099
0 0.911084 0.518476 0.023549 0.029099
0 0.910881 0.578176 0.024767 0.027483
0 0.750305 0.247691 0.023549 0.027945
0 0.750203 0.838684 0.023752 0.028406
0 0.645960 0.274365 0.023143 0.030023
0 0.168291 0.809815 0.023955 0.030254
0 0.776289 0.234988 0.025579 0.028406
0 0.537962 0.514550 0.026391 0.024018
0 0.272330 0.887298 0.023752 0.025404
0 0.485485 0.695843 0.022127 0.024480
0 0.560292 0.808199 0.023549 0.021940
0 0.564149 0.209007 0.025579 0.035566
0 0.654994 0.703811 0.021721 0.033949
0 0.723508 0.417898 0.021112 0.027021
0 0.432095 0.721940 0.021721 0.024942
0 0.508729 0.909353 0.026797 0.027483
0 0.277000 0.182910 0.024564 0.032333
0 0.302375 0.571478 0.023752 0.032564
0 0.486196 0.479330 0.021518 0.031178
0 0.406110 0.544111 0.024564 0.024480
0 0.379923 0.571594 0.022940 0.028637
0 0.381750 0.211432 0.021721 0.022402
0 0.882663 0.970785 0.024767 0.024711
0 0.299838 0.954734 0.024767 0.031409
0 0.671539 0.521709 0.023143 0.029099
0 0.564454 0.057852 0.023752 0.023326
0 0.404486 0.935219 0.026188 0.030254
0 0.941230 0.373326 0.022127 0.031178
0 0.301766 0.701732 0.024564 0.033025
0 0.619265 0.460739 0.021315 0.027714
0 0.827852 0.220092 0.024767 0.029561
0 0.222594 0.210393 0.024564 0.029561
0 0.911693 0.464896 0.024767 0.033718
0 0.605359 0.965242 0.019082 0.024711
0 0.138246 0.926328 0.026391 0.030023
0 0.705136 0.731640 0.024158 0.028637
0 0.856374 0.130831 0.027406 0.033949
0 0.804405 0.533487 0.024564 0.026328
0 0.144438 0.215358 0.024564 0.026097
0 0.325924 0.775982 0.025782 0.024942
0 0.485790 0.547344 0.020706 0.030023
0 0.803796 0.033372 0.021315 0.023788
0 0.460008 0.539376 0.024361 0.023326
0 0.379618 0.113279 0.021112 0.028406
0 0.406110 0.513395 0.023346 0.033256
0 0.803492 0.566166 0.028421 0.023326
0 0.827142 0.911201 0.024970 0.025173
0 0.222594 0.139492 0.023346 0.035566
0 0.881953 0.781178 0.026594 0.027945
0 0.327751 0.149192 0.024158 0.030023
0 0.093484 0.240878 0.025782 0.025404
0 0.431384 0.632217 0.024767 0.025173
0 0.457978 0.639030 0.026391 0.026328
0 0.619874 0.120670 0.025782 0.024711
0 0.326431 0.727945 0.025579 0.024480
0 0.564657 0.637529 0.025376 0.024249
0 0.564657 0.174596 0.022533 0.029099
0 0.273955 0.808083 0.023346 0.025404
0 0.561612 0.863741 0.022533 0.030947
0 0.725030 0.910162 0.022127 0.024480
0 0.404994 0.632333 0.023143 0.029099
0 0.856374 0.447229 0.021721 0.028868
0 0.220869 0.241109 0.027203 0.025866
0 0.273955 0.479792 0.027000 0.025173
0 0.458892 0.754965 0.027406 0.030023
0 0.219245 0.751732 0.023549 0.026790
0 0.802274 0.142032 0.023143 0.023557
0 0.910678 0.548383 0.024361 0.027945
0 0.405704 0.697229 0.023346 0.028637
0 0.911998 0.073903 0.026594 0.026328
0 0.560292 0.924827 0.021112 0.032564
0 0.195696 0.955312 0.023143 0.027483
0 0.680674 0.757390 0.025985 0.028406
0 0.457471 0.216628 0.025782 0.025866
0 0.695290 0.119630 0.022330 0.024018
0 0.352314 0.844804 0.024970 0.030947
0 0.726959 0.851270 0.020706 0.025404
0 0.458993 0.694342 0.024361 0.025635
0 0.301259 0.122979 0.024767 0.030716
0 0.433009 0.542610 0.025985 0.024249
0 0.800751 0.773326 0.024158 0.031640
0 0.643930 0.615127 0.021924 0.024711
0 0.828055 0.250462 0.023549 0.031178
0 0.302375 0.452771 0.026594 0.023788
0 0.826634 0.739030 0.023549 0.023095
0 0.883577 0.447691 0.025782 0.026097
0 0.939606 0.637875 0.024970 0.030485
0 0.457065 0.061085 0.024158 0.024249
0 0.404080 0.843072 0.024564 0.024711
0 0.511064 0.118476 0.022127 0.029099
0 0.722188 0.502887 0.024158 0.025173
0 0.536236 0.205081 0.024564 0.028637
0 0.725436 0.962702 0.024158 0.025635
0 0.618961 0.245958 0.023143 0.026790
0 0.654486 0.736374 0.024767 0.029330
0 0.327345 0.184758 0.023752 0.034180
0 0.882359 0.726905 0.022940 0.023326
0 0.695595 0.201501 0.020097 0.029330
0 0.486500 0.610508 0.024970 0.036721
0 0.749594 0.514896 0.023752 0.023788
0 0.458790 0.872055 0.022737 0.030023
0 0.775985 0.098499 0.022127 0.032564
0 0.775680 0.575982 0.023549 0.029099
0 0.434227 0.442263 0.026391 0.026328
0 0.802071 0.262356 0.021112 0.023557
0 0.752132 0.729099 0.022330 0.024480
0 0.352822 0.116859 0.024361 0.030947
0 0.827345 0.851270 0.022940 0.022171
0 0.274158 0.509353 0.024564 0.029330
0 0.748579 0.923326 0.023346 0.024942
0 0.065570 0.213510 0.024767 0.029330
0 0.723305 0.605658 0.024767 0.028406
0 0.432603 0.270323 0.023955 0.024711
0 0.482948 0.928176 0.020706 0.023557
0 0.430978 0.184411 0.021518 0.028868
0 0.510759 0.547229 0.025173 0.029792
0 0.591555 0.510970 0.024767 0.023326
0 0.749086 0.482910 0.021112 0.032333
0 0.776188 0.429908 0.021721 0.024711
0 0.537353 0.060277 0.022330 0.025404
0 0.883069 0.476097 0.021924 0.027021
0 0.537556 0.032910 0.023955 0.026097
0 0.606882 0.797229 0.024564 0.028637
0 0.800954 0.830831 0.025376 0.022402
0 0.803999 0.593649 0.026594 0.025635
0 0.485993 0.579215 0.023955 0.023557
0 0.854446 0.876790 0.025985 0.022864
0 0.485384 0.236028 0.023955 0.022171
0 0.726045 0.881871 0.022940 0.029330
0 0.112769 0.897229 0.024158 0.026328
0 0.592164 0.246420 0.024361 0.028176
0 0.302477 0.213626 0.023549 0.031871
0 0.510861 0.214203 0.024970 0.022402
0 0.222594 0.515704 0.027000 0.025404
0 0.328055 0.558891 0.026391 0.027252
0 0.378400 0.956351 0.024361 0.025866
0 0.882663 0.753118 0.025579 0.027252
0 0.406009 0.781524 0.023143 0.030947
0 0.669306 0.070554 0.020706 0.026559
0 0.380227 0.086028 0.023955 0.021940
0 0.091251 0.116051 0.023752 0.028868
0 0.749289 0.099538 0.022330 0.029099
0 0.724624 0.936143 0.020097 0.025173
0 0.619976 0.217090 0.022330 0.024480
0 0.592164 0.094111 0.023955 0.021478
0 0.483455 0.871132 0.021315 0.024480
0 0.855258 0.190647 0.027609 0.032564
0 0.274665 0.728522 0.023549 0.022864
0 0.854852 0.824365 0.027203 0.022402
0 0.776391 0.639954 0.023346 0.026328
0 0.221681 0.577483 0.027203 0.022864
0 0.063540 0.897460 0.020706 0.024480
0 0.091555 0.088222 0.025579 0.025404
0 0.511064 0.089261 0.021721 0.026097
0 0.274970 0.754734 0.023346 0.029099
0 0.459501 0.783256 0.025376 0.022402
0 0.457775 0.244919 0.025579 0.027945
0 0.302680 0.393418 0.025173 0.027021
0 0.461937 0.449769 0.022940 0.030254
0 0.695493 0.061894 0.023955 0.024018
0 0.776695 0.789376 0.023143 0.024480
0 0.137637 0.955658 0.019894 0.023557
0 0.110333 0.957506 0.022127 0.027252
0 0.695595 0.637644 0.021315 0.027252
0 0.353735 0.032448 0.024158 0.024711
0 0.802578 0.172055 0.024158 0.034642
0 0.406821 0.270439 0.023549 0.024480
0 0.800142 0.918822 0.023752 0.028868
0 0.195087 0.722402 0.021924 0.021247
0 0.194681 0.777714 0.021112 0.021478
0 0.723609 0.447691 0.022940 0.026559
0 0.353228 0.547344 0.023955 0.024480
0 0.723203 0.533141 0.023346 0.026559
0 0.485079 0.815935 0.018879 0.025866
0 0.276188 0.212587 0.024970 0.028406
0 0.701583 0.960393 0.022330 0.024711
0 0.908140 0.924365 0.022533 0.024249
0 0.273549 0.781986 0.021721 0.024018
0 0.299838 0.894919 0.025579 0.021709
0 0.703613 0.872171 0.023143 0.023326
0 0.651949 0.931293 0.023346 0.025173
0 0.327446 0.090300 0.023955 0.021247
0 0.800548 0.889838 0.022533 0.024942
0 0.219448 0.724134 0.023549 0.023326
0 0.565164 0.031871 0.024361 0.025866
0 0.510861 0.478868 0.022533 0.026559
0 0.433516 0.517783 0.025376 0.022633
0 0.195392 0.696074 0.019691 0.028637
0 0.217925 0.836028 0.023346 0.027714
0 0.117743 0.116628 0.025173 0.021709
0 0.276086 0.634065 0.025173 0.031178
0 0.353025 0.927829 0.023549 0.025635
0 0.908039 0.949307 0.027609 0.026097
0 0.724218 0.185450 0.024158 0.024480
0 0.274665 0.419977 0.025173 0.023788
0 0.111754 0.803811 0.020503 0.024249
0 0.619265 0.275289 0.024158 0.028637
0 0.630329 0.797806 0.021518 0.024711
0 0.219651 0.778637 0.023143 0.022402
0 0.856070 0.419746 0.021518 0.020554
0 0.534206 0.956697 0.023752 0.036721
0 0.089829 0.031755 0.025782 0.031640
0 0.302883 0.511778 0.025579 0.022171
0 0.511064 0.635104 0.022940 0.027252
0 0.696102 0.483487 0.021112 0.027945
0 0.112160 0.926905 0.022940 0.031640
0 0.109521 0.774480 0.027812 0.028868
0 0.679963 0.729561 0.024158 0.020785
0 0.326533 0.752309 0.023346 0.021940
0 0.221072 0.270439 0.024361 0.026328
0 0.749391 0.449423 0.020503 0.029099
0 0.909562 0.738453 0.020503 0.027021
0 0.593281 0.457621 0.024564 0.024711
0 0.748782 0.865820 0.025782 0.019861
0 0.326939 0.117898 0.023346 0.028406
0 0.198335 0.210739 0.023143 0.021478
0 0.510455 0.150808 0.025376 0.026328
0 0.647584 0.182102 0.025985 0.029792
0 0.276289 0.241801 0.024767 0.029099
0 0.275274 0.122402 0.021112 0.027714
0 0.380024 0.395381 0.024361 0.027714
0 0.461734 0.480139 0.022127 0.024480
0 0.750609 0.399192 0.024970 0.022402
0 0.830593 0.602194 0.023752 0.023326
0 0.404791 0.151386 0.023143 0.033949
0 0.619773 0.399076 0.021924 0.029561
0 0.627893 0.947921 0.022330 0.026559
0 0.327954 0.583718 0.023752 0.021016
0 0.722493 0.475404 0.021518 0.025635
0 0.677527 0.967552 0.024970 0.020554
0 0.802984 0.088568 0.022533 0.022864
0 0.065367 0.059353 0.022737 0.029099
0 0.881851 0.604850 0.025173 0.029561
0 0.677426 0.941109 0.023549 0.030023
0 0.584348 0.729215 0.018067 0.023788
0 0.511876 0.032679 0.024158 0.024249
0 0.605562 0.889261 0.021924 0.033949
0 0.431790 0.213048 0.022737 0.025173
0 0.302172 0.151155 0.025376 0.021016
0 0.378603 0.476674 0.021518 0.029099
0 0.141291 0.721594 0.025173 0.025635
0 0.222797 0.026905 0.024564 0.023788
0 0.171031 0.087991 0.024564 0.024942
0 0.433110 0.493764 0.020909 0.019861
0 0.800244 0.803580 0.023143 0.027021
0 0.065976 0.181986 0.024361 0.028637
0 0.750609 0.162587 0.024564 0.028176
0 0.583536 0.897575 0.021721 0.028406
0 0.166261 0.871940 0.024767 0.021940
0 0.942753 0.427598 0.025579 0.028406
0 0.703207 0.898614 0.021112 0.022633
0 0.828360 0.153233 0.022940 0.028868
0 0.583739 0.836490 0.018067 0.025866
0 0.560698 0.833949 0.023549 0.027252
0 0.484470 0.207506 0.022940 0.033487
0 0.431080 0.129908 0.024158 0.023788
0 0.404791 0.570670 0.021924 0.027714
0 0.483760 0.143303 0.020300 0.029792
0 0.669712 0.633718 0.022737 0.029561
0 0.591555 0.397344 0.025579 0.023326
0 0.351705 0.873210 0.023752 0.023095
0 0.118656 0.178868 0.024158 0.024711
0 0.406415 0.423210 0.023143 0.024711
0 0.219042 0.805889 0.025173 0.027945
0 0.671640 0.456697 0.023752 0.029792
0 0.565469 0.488568 0.021315 0.028406
0 0.271924 0.857390 0.025782 0.027945
0 0.433516 0.469053 0.023752 0.028176
0 0.327852 0.637067 0.020300 0.023326
0 0.802883 0.236836 0.020706 0.024249
0 0.430877 0.930600 0.022940 0.028868
0 0.671336 0.152771 0.023549 0.021016
0 0.171539 0.143995 0.024361 0.023326
0 0.776695 0.400000 0.019894 0.028176
0 0.536947 0.174827 0.020706 0.028176
0 0.910272 0.123903 0.021924 0.028406
0 0.195798 0.631755 0.020097 0.028868
0 0.144133 0.100115 0.025173 0.024711
0 0.627791 0.920901 0.020097 0.024711
0 0.325010 0.856813 0.025173 0.028176
0 0.721782 0.638568 0.019691 0.023557
0 0.753248 0.701039 0.022533 0.027945
0 0.170727 0.173210 0.022737 0.038337
0 0.883272 0.573095 0.024361 0.022402
0 0.195899 0.571478 0.020300 0.027483
0 0.352923 0.765473 0.023346 0.026559
0 0.432806 0.415935 0.022737 0.023095
0 0.680065 0.816051 0.022737 0.022864
0 0.858201 0.039030 0.025376 0.028176
0 0.379821 0.803002 0.025173 0.023557
0 0.507410 0.963510 0.020909 0.028176
0 0.583232 0.863857 0.017864 0.024711
0 0.509643 0.182679 0.022940 0.036952
0 0.618859 0.057275 0.022127 0.026790
0 0.145453 0.154734 0.022940 0.023095
0 0.457674 0.085681 0.025376 0.020323
0 0.583739 0.754850 0.019285 0.023326
0 0.696813 0.426212 0.022940 0.022402
0 0.830085 0.427021 0.025579 0.021709
0 0.831506 0.577367 0.022737 0.022633
0 0.352923 0.605196 0.021315 0.028406
0 0.857288 0.067667 0.022737 0.025866
0 0.483861 0.961085 0.023752 0.031178
0 0.507816 0.935912 0.022940 0.025173
0 0.353126 0.899654 0.023752 0.025173
0 0.432298 0.866975 0.024158 0.023557
0 0.462038 0.419977 0.024767 0.023788
0 0.654892 0.761778 0.023143 0.022402
0 0.883678 0.418476 0.025579 0.029561
0 0.728177 0.796189 0.021112 0.022864
0 0.619062 0.489723 0.022127 0.023326
0 0.220970 0.297229 0.022533 0.024480
0 0.353938 0.147921 0.024564 0.024711
0 0.537860 0.540878 0.022940 0.023557
0 0.627791 0.970208 0.022127 0.019400
0 0.774462 0.939492 0.020706 0.020323
0 0.777203 0.700346 0.020097 0.023326
0 0.749289 0.220323 0.023143 0.025866
0 0.776289 0.261778 0.024361 0.024711
0 0.198335 0.150808 0.021924 0.028176
0 0.169103 0.265589 0.022330 0.022633
0 0.430978 0.959815 0.023143 0.024480
0 0.606780 0.827252 0.021518 0.024480
0 0.193869 0.837182 0.021924 0.023095
0 0.912810 0.368822 0.023346 0.030485
0 0.378502 0.856351 0.021721 0.029561
0 0.912099 0.433256 0.023143 0.027252
0 0.171031 0.602079 0.023752 0.029561
0 0.483861 0.843072 0.022127 0.025173
0 0.063540 0.146882 0.025985 0.036952
0 0.142712 0.693187 0.023549 0.026097
0 0.272330 0.954042 0.022940 0.028637
0 0.352213 0.789261 0.024361 0.020554
0 0.090946 0.143303 0.021112 0.022864
0 0.565063 0.146651 0.023752 0.023095
0 0.563743 0.242379 0.022737 0.028406
0 0.605562 0.938453 0.023549 0.027021
0 0.583435 0.807159 0.019488 0.025866
0 0.565063 0.518707 0.020503 0.028637
0 0.564352 0.610970 0.023143 0.022864
0 0.219245 0.886721 0.020300 0.026559
0 0.325518 0.890185 0.025782 0.030254
0 0.298417 0.834296 0.022330 0.025635
0 0.748883 0.193533 0.022737 0.025404
0 0.605968 0.857044 0.022737 0.024480
0 0.119367 0.296189 0.022737 0.023788
0 0.222188 0.051270 0.021315 0.020323
0 0.166058 0.923095 0.022737 0.021709
0 0.911592 0.493533 0.024564 0.020785
0 0.939606 0.454273 0.023346 0.023095
0 0.087292 0.844919 0.023549 0.029792
0 0.404994 0.901386 0.020300 0.025866
0 0.087698 0.930254 0.021112 0.023557
0 0.882968 0.147229 0.024158 0.029792
0 0.535932 0.798614 0.023143 0.033256
0 0.301766 0.178753 0.020097 0.029561
0 0.512282 0.445150 0.022533 0.032102
0 0.644032 0.638568 0.021721 0.023095
0 0.086987 0.955889 0.020909 0.028637
0 0.776391 0.509007 0.024970 0.024480
0 0.406821 0.063857 0.025173 0.020554
0 0.723406 0.389030 0.024158 0.026097
0 0.856070 0.220670 0.023955 0.024711
0 0.797808 0.967436 0.025579 0.025404
0 0.196407 0.538337 0.024564 0.028637
0 0.510962 0.610739 0.020300 0.020554
0 0.749695 0.420901 0.023549 0.019630
0 0.378908 0.693303 0.021315 0.024018
0 0.672554 0.208661 0.021112 0.027483
0 0.696407 0.233949 0.022940 0.021709
0 0.728380 0.767898 0.023955 0.031871
0 0.299432 0.810508 0.024361 0.021016
0 0.378908 0.422864 0.021721 0.024018
0 0.352822 0.635335 0.021924 0.032333
0 0.704527 0.757044 0.023346 0.018938
0 0.911896 0.098383 0.023955 0.022171
0 0.380430 0.748499 0.022737 0.022633
0 0.619265 0.030485 0.023346 0.023557
0 0.856374 0.161778 0.025376 0.022864
0 0.407227 0.393072 0.025579 0.030023
0 0.560191 0.763279 0.022533 0.018938
0 0.197422 0.236259 0.023346 0.030023
0 0.698132 0.401386 0.021924 0.024942
0 0.908546 0.971709 0.026594 0.021940
0 0.431486 0.695381 0.019285 0.021709
0 0.274868 0.393995 0.023143 0.025866
0 0.485181 0.785681 0.022330 0.029561
0 0.325822 0.828753 0.023143 0.023326
0 0.483963 0.091801 0.021112 0.026097
0 0.509947 0.241339 0.021112 0.028637
0 0.538266 0.146998 0.023346 0.022864
0 0.196914 0.263510 0.021518 0.022633
0 0.300244 0.757852 0.020300 0.026097
0 0.584653 0.780023 0.021518 0.026097
0 0.086480 0.813395 0.023549 0.027714
0 0.327446 0.607621 0.021112 0.029099
0 0.774665 0.963972 0.020300 0.024942
0 0.431080 0.153926 0.022940 0.023326
0 0.381039 0.030139 0.022330 0.024249
0 0.582623 0.928637 0.022737 0.023557
0 0.559785 0.783256 0.022940 0.022402
0 0.063236 0.921824 0.019285 0.021940
0 0.605258 0.916397 0.020503 0.017090
0 0.062627 0.868476 0.019285 0.027021
0 0.404486 0.961547 0.024158 0.019630
0 0.380227 0.777021 0.025579 0.024249
0 0.798417 0.944111 0.022330 0.020785
0 0.379111 0.601270 0.022533 0.022864
0 0.654486 0.843764 0.022330 0.020092
0 0.484369 0.116628 0.021112 0.021247
0 0.750305 0.574827 0.019488 0.023557
0 0.727365 0.821363 0.023143 0.030254
0 0.223000 0.488799 0.024970 0.028406
0 0.483354 0.899192 0.023143 0.022402
0 0.432806 0.393649 0.023549 0.023788
0 0.169204 0.747691 0.020909 0.026097
0 0.654486 0.822055 0.024361 0.021016
0 0.828563 0.126328 0.022127 0.021709
0 0.883374 0.119053 0.020909 0.023788
0 0.300954 0.732448 0.022533 0.023326
0 0.939505 0.604734 0.023143 0.028406
0 0.486500 0.447575 0.022533 0.021709
0 0.671640 0.396767 0.022940 0.022633
0 0.169407 0.721940 0.022940 0.024480
0 0.803999 0.639838 0.024564 0.022402
0 0.170727 0.694226 0.022737 0.025866
0 0.063236 0.951848 0.020503 0.026559
0 0.942956 0.400115 0.026391 0.020092
0 0.672148 0.179908 0.020300 0.027714
0 0.485891 0.419400 0.019691 0.026328
0 0.379517 0.830139 0.022940 0.023788
0 0.535729 0.237644 0.025985 0.034642
0 0.937678 0.040647 0.019894 0.032333
0 0.486196 0.639492 0.023549 0.023557
0 0.885099 0.034180 0.020706 0.020785
0 0.935140 0.909931 0.024158 0.023557
0 0.539586 0.425173 0.022737 0.019861
0 0.802984 0.617898 0.023346 0.018707
0 0.378502 0.450924 0.022127 0.017321
0 0.301969 0.243072 0.024158 0.024711
0 0.884592 0.391686 0.018879 0.018938
0 0.483861 0.759122 0.023752 0.027252
0 0.800751 0.366282 0.025782 0.025866
0 0.458080 0.616628 0.020909 0.018938
0 0.936257 0.886259 0.020300 0.021940
0 0.566078 0.397229 0.019691 0.019400
0 0.092672 0.301155 0.022940 0.020323
0 0.884186 0.182564 0.022533 0.033949
0 0.272432 0.833603 0.022737 0.020092
0 0.938896 0.480023 0.025579 0.025173
0 0.218534 0.861894 0.021721 0.019400
0 0.066788 0.241686 0.023955 0.024249
0 0.909156 0.804388 0.027000 0.025404
0 0.941433 0.800924 0.031466 0.036490
0 0.457674 0.273095 0.024970 0.027021
0 0.855664 0.395035 0.019894 0.022864
0 0.909866 0.829561 0.028015 0.025866
0 0.906618 0.153811 0.018270 0.028176
0 0.485485 0.258083 0.021315 0.020554
0 0.774259 0.486143 0.023955 0.016166
0 0.696914 0.177598 0.025579 0.018014
0 0.329781 0.243303 0.021315 0.022402
0 0.937881 0.767783 0.021924 0.021940
0 0.937373 0.544226 0.024970 0.033025
0 0.512282 0.413972 0.022940 0.023788
0 0.884592 0.212471 0.024158 0.027252
0 0.591860 0.273326 0.022533 0.022864
0 0.854446 0.368591 0.019488 0.022171
0 0.064454 0.082217 0.021315 0.022171
0 0.144235 0.301386 0.021721 0.021247
0 0.671133 0.271940 0.023143 0.026559
0 0.645554 0.299076 0.021518 0.023095
0 0.695595 0.255543 0.021315 0.021016
0 0.064758 0.840647 0.021112 0.025404
0 0.935749 0.577483 0.016443 0.024711
0 0.407633 0.296998 0.022330 0.025404
0 0.223102 0.462471 0.023143 0.022402
0 0.067905 0.268822 0.021315 0.026328
0 0.942550 0.505081 0.028015 0.025866
0 0.461226 0.393880 0.023143 0.021940
0 0.935546 0.860970 0.022940 0.026328
0 0.644844 0.395381 0.024970 0.023095
0 0.068616 0.296305 0.022330 0.026328
0 0.433110 0.297806 0.025782 0.029330
0 0.750508 0.274711 0.025985 0.027483
0 0.908749 0.184988 0.021315 0.030485
0 0.382765 0.271594 0.024970 0.029561
