0 0.516797 0.767118 0.025781 0.018811
0 0.190885 0.204916 0.030208 0.026586
0 0.575000 0.682970 0.025000 0.020567
0 0.697786 0.798972 0.025260 0.021319
0 0.282943 0.235892 0.028385 0.020818
0 0.282161 0.215450 0.024219 0.021570
0 0.373958 0.306496 0.023958 0.024078
0 0.224609 0.102458 0.025260 0.024831
0 0.314583 0.211563 0.026562 0.021319
0 0.575391 0.745548 0.024740 0.022323
0 0.545833 0.698520 0.022917 0.020065
0 0.696745 0.753574 0.023698 0.021821
0 0.515234 0.746175 0.024740 0.021068
0 0.208464 0.752822 0.024740 0.021821
0 0.849089 0.713820 0.023698 0.020567
0 0.667057 0.741535 0.024740 0.021821
0 0.311589 0.278029 0.020573 0.022824
0 0.789974 0.828317 0.025781 0.023326
0 0.850521 0.692751 0.023438 0.021068
0 0.546745 0.810760 0.022656 0.019814
0 0.636719 0.740406 0.025000 0.021068
0 0.180469 0.669802 0.026562 0.022323
0 0.879948 0.760973 0.021875 0.020567
0 0.576432 0.766115 0.025781 0.020818
0 0.728125 0.653248 0.026042 0.020818
0 0.282682 0.172435 0.023698 0.023827
0 0.790755 0.760597 0.026302 0.019814
0 0.578255 0.787309 0.026302 0.022573
0 0.088802 0.845498 0.022396 0.025082
0 0.486328 0.774768 0.026302 0.017557
0 0.283464 0.147981 0.024219 0.021068
0 0.192969 0.154377 0.026562 0.025332
0 0.180339 0.768247 0.025260 0.024078
0 0.725781 0.692751 0.026562 0.020567
0 0.312240 0.233383 0.023438 0.022824
0 0.880859 0.781665 0.023698 0.020818
0 0.614974 0.162277 0.027344 0.023075
0 0.879427 0.738274 0.022396 0.022323
0 0.584505 0.184098 0.025260 0.022072
0 0.193620 0.128167 0.025781 0.025082
0 0.147396 0.720090 0.022917 0.021068
0 0.729167 0.804490 0.025000 0.018310
0 0.645833 0.270880 0.025000 0.024580
0 0.132422 0.184725 0.023698 0.021821
0 0.223047 0.193629 0.024740 0.020567
0 0.638411 0.761600 0.025781 0.019814
0 0.880990 0.694131 0.024479 0.021821
0 0.696224 0.730750 0.021615 0.024831
0 0.209245 0.776022 0.025781 0.023577
0 0.589583 0.270880 0.027083 0.022072
0 0.636068 0.659017 0.024219 0.021821
0 0.485026 0.755706 0.024219 0.020065
0 0.484375 0.831954 0.025521 0.023577
0 0.574870 0.724480 0.022656 0.020818
0 0.223177 0.124530 0.025521 0.019814
0 0.819271 0.753198 0.024479 0.018560
0 0.666276 0.723476 0.025260 0.018811
0 0.665104 0.703536 0.026042 0.025583
0 0.364844 0.728367 0.023958 0.020065
0 0.432552 0.206421 0.025000 0.022072
0 0.085547 0.771507 0.022135 0.023577
0 0.819010 0.719965 0.024479 0.020818
0 0.575260 0.703787 0.024479 0.021570
0 0.576823 0.810133 0.023438 0.022573
0 0.179427 0.692626 0.023958 0.022824
0 0.495443 0.237020 0.024740 0.021570
0 0.698438 0.775520 0.027083 0.022072
0 0.697917 0.656759 0.027083 0.022824
0 0.190755 0.230499 0.025781 0.024580
0 0.284375 0.194006 0.025521 0.022323
0 0.189714 0.278405 0.024219 0.024078
0 0.220833 0.284299 0.024479 0.022323
0 0.237760 0.640456 0.024479 0.020818
0 0.314063 0.189992 0.023958 0.021821
0 0.616276 0.121269 0.025260 0.020818
0 0.314453 0.168422 0.021615 0.019814
0 0.698047 0.823552 0.025781 0.025332
0 0.851562 0.757336 0.028125 0.022824
0 0.135677 0.127163 0.024479 0.023075
0 0.667969 0.762227 0.026042 0.019564
0 0.189714 0.254828 0.026823 0.024078
0 0.554557 0.203035 0.024219 0.023827
0 0.756510 0.651242 0.023438 0.023326
0 0.181380 0.792074 0.023698 0.021068
0 0.208073 0.691748 0.024479 0.023577
0 0.494271 0.200652 0.023438 0.023577
0 0.638281 0.782167 0.019271 0.020818
0 0.547786 0.790569 0.024219 0.020065
0 0.192057 0.178957 0.024740 0.022824
0 0.695964 0.707173 0.022656 0.022824
0 0.209505 0.713067 0.024740 0.020065
0 0.616016 0.184098 0.025260 0.022072
0 0.789583 0.740908 0.024479 0.021068
0 0.555729 0.227364 0.023438 0.021821
0 0.645443 0.227113 0.024740 0.021319
0 0.151172 0.813895 0.020573 0.023075
0 0.548958 0.855907 0.023958 0.020818
0 0.270573 0.773389 0.024479 0.017808
0 0.616927 0.227489 0.023438 0.020065
0 0.849609 0.734763 0.022656 0.021821
0 0.208984 0.731753 0.025260 0.021319
0 0.667188 0.782794 0.024479 0.022072
0 0.758333 0.629044 0.026042 0.021570
0 0.546745 0.754954 0.022656 0.017557
0 0.645443 0.247680 0.022656 0.020818
0 0.181250 0.815651 0.021875 0.024078
0 0.271875 0.727489 0.021875 0.016303
0 0.644010 0.119890 0.025521 0.019062
0 0.615365 0.206295 0.023438 0.024329
0 0.285677 0.126411 0.025000 0.021068
0 0.432812 0.187861 0.023438 0.017557
0 0.636198 0.699774 0.023958 0.024580
0 0.880859 0.671808 0.024219 0.020316
0 0.585807 0.205919 0.025260 0.022072
0 0.130469 0.284550 0.023438 0.023326
0 0.585156 0.120893 0.026042 0.020567
0 0.644922 0.205041 0.024740 0.022824
0 0.271224 0.758340 0.024219 0.015801
0 0.547135 0.772511 0.020833 0.018059
0 0.547526 0.831201 0.021615 0.021570
0 0.613802 0.098947 0.024479 0.024329
0 0.179297 0.717833 0.022656 0.025082
0 0.587370 0.248558 0.023177 0.023577
0 0.849479 0.801981 0.023438 0.022323
0 0.130990 0.207424 0.025000 0.021570
0 0.584635 0.161525 0.027083 0.023075
0 0.494792 0.177828 0.025000 0.021570
0 0.606771 0.657888 0.022917 0.023577
0 0.615885 0.247931 0.021875 0.022323
0 0.727344 0.672310 0.026562 0.019814
0 0.790625 0.781791 0.021875 0.023075
0 0.547005 0.678580 0.025260 0.019814
0 0.281641 0.257336 0.025260 0.022573
0 0.726172 0.714071 0.023177 0.021570
0 0.208854 0.668799 0.022917 0.021821
0 0.312109 0.255831 0.022135 0.021570
0 0.136719 0.104841 0.022917 0.021570
0 0.515885 0.699774 0.024479 0.023075
0 0.515625 0.722849 0.025000 0.024078
0 0.221354 0.174944 0.020833 0.018310
0 0.545833 0.716955 0.025000 0.019313
0 0.726432 0.823552 0.027865 0.021821
0 0.316146 0.123025 0.023958 0.019814
0 0.433464 0.170554 0.025781 0.019062
0 0.432812 0.224605 0.023958 0.018811
0 0.583073 0.100577 0.023958 0.022573
0 0.130339 0.263983 0.022135 0.019814
0 0.727344 0.733383 0.024479 0.020065
0 0.209766 0.799975 0.021615 0.021821
0 0.556641 0.272134 0.025260 0.022573
0 0.314714 0.146978 0.026302 0.024580
0 0.849349 0.822799 0.024219 0.021821
0 0.516276 0.829822 0.020052 0.023326
0 0.907292 0.623526 0.022396 0.017055
0 0.636068 0.720717 0.022656 0.016303
0 0.525130 0.275771 0.023177 0.020818
0 0.285026 0.103336 0.025781 0.023075
0 0.516016 0.808377 0.020573 0.020567
0 0.525260 0.204038 0.023438 0.019814
0 0.553516 0.160898 0.026823 0.023326
0 0.515755 0.787560 0.020573 0.021570
0 0.084896 0.721595 0.022396 0.021068
0 0.373698 0.279910 0.026042 0.025082
0 0.789323 0.804740 0.021354 0.023326
0 0.394401 0.758590 0.023177 0.017808
0 0.179297 0.743667 0.025260 0.023577
0 0.464062 0.236895 0.023958 0.019814
0 0.270182 0.742538 0.022656 0.016805
0 0.546094 0.736644 0.022917 0.021570
0 0.818099 0.737146 0.023177 0.018560
0 0.221745 0.306872 0.023698 0.019313
0 0.392708 0.742037 0.021875 0.016805
0 0.395833 0.837973 0.018229 0.018059
0 0.271745 0.848884 0.022135 0.020818
0 0.483333 0.695761 0.023958 0.019564
0 0.669531 0.804239 0.020313 0.020818
0 0.237370 0.661901 0.022656 0.021570
0 0.135547 0.146225 0.025260 0.019062
0 0.555599 0.249686 0.022656 0.023326
0 0.616016 0.140582 0.023698 0.019313
0 0.552083 0.182092 0.026562 0.019062
0 0.515495 0.660396 0.024219 0.020065
0 0.431771 0.121144 0.025000 0.020065
0 0.464583 0.177201 0.024479 0.018310
0 0.486458 0.811262 0.019271 0.019313
0 0.732812 0.850890 0.029687 0.026336
0 0.495182 0.257086 0.023177 0.019062
0 0.817448 0.853399 0.020833 0.021821
0 0.484505 0.792325 0.020573 0.020567
0 0.133854 0.164284 0.023958 0.020065
0 0.394531 0.788688 0.020313 0.016805
0 0.364193 0.745297 0.023698 0.016805
0 0.644141 0.140206 0.025781 0.022072
0 0.484635 0.735390 0.026562 0.023075
0 0.848698 0.778906 0.021875 0.021821
0 0.483594 0.677703 0.020833 0.018560
0 0.279427 0.279032 0.025000 0.022323
0 0.162370 0.085653 0.022135 0.019814
0 0.088021 0.818786 0.022917 0.024831
0 0.522526 0.100702 0.021615 0.024329
0 0.434505 0.258716 0.024740 0.018811
0 0.147526 0.694382 0.025260 0.023326
0 0.635417 0.677452 0.023438 0.018560
0 0.147396 0.745046 0.024479 0.023326
0 0.303125 0.771507 0.021354 0.017055
0 0.392057 0.679082 0.021094 0.017808
0 0.435026 0.301605 0.022135 0.023827
0 0.880208 0.715199 0.023438 0.019814
0 0.131641 0.243792 0.024219 0.020567
0 0.433594 0.276147 0.021875 0.018059
0 0.669922 0.825809 0.022135 0.024831
0 0.452604 0.633684 0.023958 0.023326
0 0.221484 0.211939 0.023698 0.020065
0 0.210026 0.821921 0.019531 0.020065
0 0.553385 0.100702 0.021875 0.023827
0 0.313021 0.303863 0.021875 0.022323
0 0.577474 0.857161 0.022135 0.019814
0 0.726562 0.751442 0.023438 0.018059
0 0.392057 0.725859 0.021094 0.016052
0 0.184115 0.867946 0.020313 0.018811
0 0.577214 0.834211 0.028385 0.021570
0 0.058724 0.844620 0.023177 0.021821
0 0.485938 0.659142 0.027083 0.021570
0 0.789193 0.717582 0.024219 0.023577
0 0.394531 0.773514 0.021354 0.016554
0 0.392188 0.710936 0.019271 0.016303
0 0.879557 0.802483 0.021615 0.020818
0 0.271615 0.829822 0.020833 0.018811
0 0.790234 0.853273 0.023177 0.021570
0 0.345052 0.165914 0.021354 0.016303
0 0.850911 0.672435 0.023698 0.021068
0 0.366016 0.806872 0.021615 0.016052
0 0.270313 0.683346 0.021354 0.017808
0 0.606510 0.635189 0.024479 0.020818
0 0.364583 0.760597 0.022917 0.017306
0 0.727734 0.785929 0.023698 0.021821
0 0.391406 0.660773 0.021354 0.019814
0 0.211068 0.841234 0.021094 0.017557
0 0.316536 0.101455 0.026823 0.023326
0 0.695052 0.680461 0.022917 0.018560
0 0.637109 0.802985 0.021094 0.022323
0 0.462891 0.161650 0.025260 0.016303
0 0.486198 0.857412 0.021354 0.020818
0 0.364063 0.791698 0.019271 0.015801
0 0.219922 0.249937 0.023698 0.019313
0 0.301172 0.726110 0.024219 0.016052
0 0.286849 0.354653 0.020573 0.022072
0 0.085156 0.746551 0.022917 0.022323
0 0.363932 0.711312 0.019010 0.017557
0 0.301432 0.756333 0.019010 0.016303
0 0.726562 0.768498 0.021875 0.016554
0 0.371875 0.204289 0.019792 0.015801
0 0.433464 0.241660 0.024219 0.018811
0 0.344010 0.179834 0.021354 0.015049
0 0.305990 0.845749 0.021354 0.016554
0 0.453125 0.613368 0.025000 0.017808
0 0.084375 0.696639 0.023958 0.022323
0 0.494531 0.218585 0.023438 0.018811
0 0.163281 0.105092 0.021354 0.021068
0 0.149479 0.671056 0.022917 0.021319
0 0.395182 0.819915 0.019010 0.017557
0 0.432031 0.099699 0.024479 0.024329
0 0.523568 0.136820 0.023698 0.016805
0 0.300911 0.740281 0.022135 0.016805
0 0.392708 0.694633 0.022917 0.017306
0 0.364323 0.776273 0.020313 0.015049
0 0.377734 0.330198 0.024740 0.020818
0 0.342839 0.279659 0.023177 0.025583
0 0.131120 0.225608 0.022135 0.016805
0 0.496615 0.299222 0.020833 0.020065
0 0.464583 0.220341 0.022396 0.017808
0 0.587891 0.226988 0.023177 0.021068
0 0.193359 0.103085 0.022135 0.020065
0 0.602995 0.702408 0.022656 0.024329
0 0.758333 0.671056 0.022917 0.017306
0 0.587891 0.299097 0.021615 0.020316
0 0.223307 0.142965 0.022656 0.020065
0 0.395573 0.804239 0.021875 0.015801
0 0.465885 0.301856 0.021875 0.019814
0 0.482812 0.714322 0.022917 0.018560
0 0.817969 0.701530 0.022917 0.018059
0 0.493359 0.140331 0.023698 0.018811
0 0.575000 0.661149 0.022917 0.022573
0 0.182812 0.839855 0.029167 0.023827
0 0.362240 0.681089 0.021875 0.018811
0 0.607682 0.612365 0.021615 0.021821
0 0.345703 0.151994 0.021615 0.015551
0 0.585156 0.141084 0.025000 0.018811
0 0.466146 0.279157 0.024479 0.020065
0 0.818620 0.768121 0.019010 0.017306
0 0.299219 0.665162 0.022917 0.020567
0 0.697786 0.846627 0.022135 0.019313
0 0.432552 0.153248 0.026562 0.017557
0 0.084375 0.670805 0.025000 0.022323
0 0.401042 0.134437 0.025000 0.017557
0 0.818490 0.796714 0.020313 0.018310
0 0.342839 0.305869 0.017969 0.018811
0 0.638932 0.824304 0.024219 0.020818
0 0.055078 0.717833 0.024219 0.024078
0 0.616536 0.268874 0.016927 0.019062
0 0.524089 0.257086 0.022135 0.017557
0 0.085677 0.794332 0.022396 0.019062
0 0.526172 0.297216 0.026823 0.022573
0 0.347135 0.098570 0.023958 0.020567
0 0.372135 0.189867 0.021354 0.015551
0 0.361979 0.662027 0.020313 0.019313
0 0.462500 0.101204 0.026042 0.019313
0 0.346615 0.114748 0.021875 0.013293
0 0.906641 0.604465 0.021615 0.020567
0 0.373177 0.239152 0.023438 0.013293
0 0.255469 0.104590 0.021354 0.021068
0 0.402604 0.278154 0.023958 0.027590
0 0.271875 0.813895 0.023958 0.016052
0 0.524609 0.225232 0.023177 0.020567
0 0.221484 0.230750 0.026302 0.019564
0 0.365755 0.839980 0.021094 0.018059
0 0.819922 0.829571 0.024219 0.020818
0 0.819401 0.782418 0.022135 0.015300
0 0.584635 0.883246 0.021354 0.028342
0 0.880339 0.650113 0.025260 0.021068
0 0.516016 0.678831 0.025781 0.018811
0 0.300911 0.710936 0.021615 0.016805
0 0.270443 0.698395 0.021615 0.015801
0 0.055729 0.760472 0.020833 0.020065
0 0.908724 0.643341 0.021094 0.022573
0 0.401302 0.153750 0.024479 0.024580
0 0.373307 0.262102 0.020573 0.013544
0 0.342448 0.228367 0.027083 0.017808
0 0.523958 0.152997 0.023438 0.018059
0 0.405208 0.302608 0.021875 0.020818
0 0.058333 0.799599 0.020313 0.023075
0 0.818229 0.652872 0.022396 0.020567
0 0.554557 0.121520 0.025781 0.018811
0 0.269792 0.666165 0.020313 0.019062
0 0.398177 0.859920 0.020833 0.019814
0 0.666016 0.677703 0.024219 0.020065
0 0.553255 0.140582 0.024740 0.018811
0 0.492578 0.121395 0.023698 0.020065
0 0.270313 0.712315 0.019792 0.015049
0 0.432422 0.137447 0.026302 0.016554
0 0.342318 0.203787 0.022656 0.018310
0 0.466016 0.263481 0.024740 0.016303
0 0.270443 0.787309 0.020573 0.014547
0 0.646484 0.291698 0.019531 0.018560
0 0.363021 0.697141 0.021875 0.016303
0 0.342578 0.241033 0.021615 0.015049
0 0.464453 0.132556 0.022135 0.014798
0 0.495312 0.276900 0.023438 0.021068
0 0.148828 0.769375 0.027865 0.021319
0 0.401172 0.171056 0.021615 0.015551
0 0.366667 0.822423 0.018750 0.016554
0 0.704818 0.883998 0.021094 0.028342
0 0.644661 0.162152 0.026302 0.020818
0 0.643620 0.099072 0.023177 0.022573
0 0.411198 0.324179 0.019792 0.016805
0 0.367839 0.860045 0.024219 0.022573
0 0.055339 0.674066 0.025781 0.021821
0 0.150521 0.790569 0.025521 0.022573
0 0.450651 0.654878 0.023177 0.021068
0 0.222005 0.265362 0.023698 0.017557
0 0.371875 0.151492 0.020833 0.021068
0 0.462500 0.118385 0.022917 0.017557
0 0.472266 0.330073 0.021615 0.027088
0 0.758724 0.607600 0.023698 0.022323
0 0.303646 0.800100 0.020833 0.016554
0 0.400651 0.105969 0.025781 0.026336
0 0.131120 0.308879 0.021615 0.019814
0 0.465104 0.193128 0.023958 0.017557
0 0.879036 0.824806 0.021615 0.022323
0 0.790755 0.654628 0.026823 0.023577
0 0.279427 0.303361 0.024479 0.020818
0 0.189453 0.308252 0.021615 0.029596
0 0.273438 0.869200 0.018750 0.019814
0 0.300130 0.683471 0.021615 0.017557
0 0.373047 0.250439 0.021615 0.012792
0 0.345964 0.137447 0.021615 0.018560
0 0.318229 0.354276 0.020313 0.021821
0 0.403255 0.249812 0.023177 0.015049
0 0.380208 0.353273 0.019271 0.019313
0 0.302344 0.786431 0.021354 0.015300
0 0.222266 0.158641 0.021615 0.016303
0 0.879167 0.848382 0.020833 0.019814
0 0.372005 0.171307 0.020052 0.021068
0 0.399219 0.191247 0.027604 0.029345
0 0.524740 0.241535 0.023438 0.016554
0 0.522917 0.121269 0.024479 0.017306
0 0.371875 0.135816 0.020313 0.012792
0 0.735286 0.880361 0.022656 0.029095
0 0.524609 0.184600 0.021615 0.019564
0 0.849740 0.848758 0.021875 0.020567
0 0.618229 0.298972 0.024479 0.024078
0 0.343490 0.192501 0.019792 0.013795
0 0.493490 0.158139 0.025000 0.017808
0 0.675781 0.902307 0.018229 0.022824
0 0.515755 0.858415 0.023177 0.027339
0 0.506380 0.337096 0.020573 0.017055
0 0.212500 0.862679 0.019792 0.018310
0 0.493229 0.101329 0.022917 0.019062
0 0.818229 0.813394 0.017188 0.017055
0 0.556771 0.897542 0.014063 0.014296
0 0.464323 0.146727 0.023438 0.016554
0 0.524089 0.169049 0.023177 0.016052
0 0.163151 0.062578 0.025781 0.024329
0 0.671224 0.100075 0.019010 0.021570
0 0.817708 0.686356 0.021354 0.016303
0 0.402214 0.261349 0.021094 0.012039
0 0.401953 0.213067 0.024219 0.015801
0 0.115234 0.667545 0.022135 0.023827
0 0.254688 0.061575 0.028125 0.024831
0 0.304557 0.829446 0.020052 0.016554
0 0.623437 0.346501 0.015625 0.021821
0 0.640885 0.850138 0.019271 0.015300
0 0.438411 0.331703 0.024740 0.030850
0 0.306510 0.867570 0.020313 0.020567
0 0.854818 0.898294 0.022135 0.019313
0 0.271354 0.802859 0.022917 0.017557
0 0.556641 0.885001 0.012760 0.013293
0 0.318490 0.337221 0.016667 0.013795
0 0.700130 0.861550 0.022135 0.017055
0 0.668490 0.848382 0.020833 0.018310
0 0.545573 0.658515 0.026042 0.021319
0 0.675521 0.883998 0.015104 0.013795
0 0.285417 0.337472 0.018750 0.012792
0 0.347005 0.331828 0.020573 0.028593
0 0.560286 0.297341 0.024219 0.023827
0 0.647135 0.306496 0.018750 0.014046
0 0.554688 0.872335 0.015625 0.012541
0 0.402474 0.239528 0.024740 0.013042
0 0.319010 0.323677 0.015104 0.014296
0 0.614323 0.826561 0.017188 0.017808
0 0.565104 0.324806 0.023438 0.028593
0 0.402604 0.230499 0.025521 0.021570
0 0.464714 0.252195 0.023177 0.014798
0 0.236719 0.620391 0.019271 0.017306
0 0.374089 0.226988 0.023177 0.013544
0 0.644010 0.182970 0.023438 0.021319
0 0.503516 0.320918 0.020052 0.017306
0 0.286979 0.324179 0.018750 0.014296
0 0.855208 0.881866 0.021875 0.016052
0 0.464323 0.206170 0.023958 0.016554
0 0.255078 0.084399 0.024740 0.021319
0 0.850651 0.651367 0.025781 0.021570
0 0.371745 0.124404 0.021094 0.014046
0 0.342318 0.255330 0.021094 0.020567
0 0.533984 0.349511 0.025781 0.032355
0 0.345443 0.128292 0.021094 0.014296
0 0.373828 0.217833 0.020573 0.017306
0 0.666797 0.659017 0.027344 0.021319
0 0.304557 0.815651 0.024219 0.019564
0 0.402083 0.203662 0.021875 0.015551
0 0.531250 0.319789 0.026042 0.023577
0 0.227214 0.356032 0.021094 0.025332
0 0.795052 0.882619 0.019271 0.026085
0 0.411458 0.338977 0.019271 0.016805
0 0.154036 0.868071 0.021094 0.022573
0 0.791406 0.674066 0.018750 0.015801
0 0.817969 0.671432 0.020313 0.016052
0 0.450781 0.675194 0.026042 0.021068
0 0.492318 0.905819 0.019010 0.022824
0 0.653646 0.320166 0.015104 0.012290
0 0.623568 0.322925 0.016406 0.022824
0 0.371224 0.110359 0.021615 0.017055
0 0.401172 0.123276 0.022656 0.012792
0 0.672786 0.078129 0.021094 0.020316
0 0.789323 0.698771 0.021875 0.019062
0 0.855599 0.907575 0.016927 0.010785
0 0.604948 0.764108 0.015625 0.015300
0 0.476823 0.352270 0.014583 0.013795
0 0.824089 0.882242 0.019531 0.028342
0 0.653516 0.343491 0.019531 0.024329
0 0.493490 0.877728 0.016146 0.014296
0 0.509375 0.361048 0.017708 0.022323
0 0.114714 0.626411 0.025260 0.021319
0 0.756510 0.737773 0.019271 0.015801
0 0.321875 0.745548 0.011458 0.018310
0 0.492448 0.888011 0.016146 0.013293
0 0.301302 0.695134 0.022396 0.017306
0 0.197005 0.343366 0.017969 0.019564
0 0.819010 0.805618 0.020313 0.012039
0 0.332292 0.711186 0.021354 0.028342
0 0.887240 0.903185 0.018229 0.022573
0 0.532031 0.341359 0.019271 0.015049
0 0.887891 0.872210 0.013281 0.015300
0 0.195964 0.329195 0.015885 0.011287
0 0.400260 0.144093 0.025000 0.010785
0 0.675130 0.870329 0.014323 0.013544
0 0.638672 0.634061 0.020573 0.023577
0 0.646224 0.888011 0.025260 0.023827
0 0.754687 0.730374 0.020313 0.017557
0 0.090234 0.867570 0.019531 0.016554
0 0.197396 0.357662 0.018229 0.018059
0 0.342057 0.213444 0.024740 0.020567
0 0.761979 0.690118 0.018750 0.017306
0 0.597266 0.320166 0.022135 0.018811
0 0.545703 0.707048 0.023698 0.015049
0 0.556120 0.911964 0.015885 0.015551
0 0.610547 0.889767 0.016927 0.023827
0 0.761458 0.752069 0.018750 0.017306
0 0.584245 0.642338 0.012760 0.014046
0 0.411979 0.352646 0.019792 0.025583
0 0.137109 0.338350 0.017448 0.028091
0 0.150000 0.842112 0.023958 0.026336
0 0.673047 0.056308 0.023698 0.019814
0 0.225521 0.332079 0.022917 0.024078
