0 0.414305 0.160708 0.027001 0.025953
0 0.387399 0.364519 0.027193 0.024864
0 0.823727 0.044374 0.022405 0.021234
0 0.312045 0.322777 0.022788 0.026679
0 0.262926 0.394646 0.025278 0.024864
0 0.897645 0.384029 0.025469 0.022868
0 0.111164 0.205626 0.023937 0.026134
0 0.159613 0.438475 0.024320 0.022868
0 0.362122 0.297913 0.030640 0.027768
0 0.517235 0.386116 0.027193 0.021234
0 0.311566 0.160254 0.024512 0.025408
0 0.466488 0.203267 0.026427 0.023593
0 0.311279 0.591379 0.023937 0.027405
0 0.239276 0.882396 0.026235 0.027586
0 0.360973 0.088203 0.026810 0.026497
0 0.185465 0.046733 0.023554 0.025227
0 0.261777 0.205445 0.024895 0.025408
0 0.412390 0.521053 0.027767 0.023593
0 0.619303 0.086933 0.024895 0.020327
0 0.387304 0.428584 0.026618 0.022686
0 0.363750 0.815517 0.026235 0.022323
0 0.262256 0.113702 0.023937 0.023049
0 0.288395 0.436661 0.026427 0.023593
0 0.387687 0.160073 0.023554 0.022142
0 0.895730 0.293920 0.025086 0.020145
0 0.238797 0.769691 0.024512 0.024682
0 0.440636 0.224592 0.023746 0.020871
0 0.311949 0.183212 0.024895 0.022686
0 0.466009 0.543466 0.025086 0.023775
0 0.770969 0.364065 0.023746 0.024319
0 0.643623 0.088294 0.022214 0.024138
0 0.517809 0.202813 0.026044 0.024501
0 0.334642 0.520599 0.025469 0.023412
0 0.312237 0.639746 0.024703 0.023593
0 0.413539 0.454446 0.023937 0.023956
0 0.414305 0.321234 0.029299 0.023956
0 0.310800 0.136933 0.024129 0.022323
0 0.591727 0.094192 0.026810 0.023593
0 0.311279 0.722414 0.025469 0.024138
0 0.360494 0.791198 0.024703 0.024864
0 0.412677 0.384392 0.024512 0.022142
0 0.466871 0.520417 0.028342 0.023049
0 0.361547 0.046461 0.022980 0.020690
0 0.898698 0.112250 0.026044 0.025227
0 0.543278 0.223230 0.023363 0.025045
0 0.087323 0.159982 0.024129 0.023049
0 0.387304 0.136298 0.026618 0.027949
0 0.616718 0.408076 0.027001 0.025590
0 0.411528 0.272595 0.024512 0.019964
0 0.438338 0.157441 0.023363 0.023775
0 0.311854 0.346915 0.022022 0.023049
0 0.816928 0.789564 0.028342 0.021960
0 0.414113 0.183757 0.024320 0.024138
0 0.236116 0.179673 0.024512 0.021779
0 0.311279 0.519873 0.020107 0.021234
0 0.263596 0.346824 0.020490 0.022505
0 0.135293 0.179401 0.027001 0.023049
0 0.440061 0.044011 0.024129 0.022686
0 0.390272 0.836207 0.024895 0.018693
0 0.415645 0.837205 0.025086 0.023230
0 0.262352 0.159165 0.025278 0.023593
0 0.874282 0.429673 0.024320 0.022323
0 0.642857 0.295281 0.022980 0.023593
0 0.134718 0.680581 0.022788 0.019601
0 0.745691 0.085572 0.023363 0.021597
0 0.798353 0.132486 0.026810 0.026134
0 0.061949 0.887387 0.025469 0.023049
0 0.719552 0.696733 0.025852 0.024682
0 0.312332 0.296824 0.021448 0.026679
0 0.440827 0.090563 0.026044 0.022142
0 0.617101 0.363158 0.023937 0.023230
0 0.491574 0.297096 0.024512 0.025045
0 0.387591 0.319056 0.025278 0.024319
0 0.412677 0.409074 0.025278 0.027586
0 0.235925 0.157441 0.026044 0.024864
0 0.615760 0.272414 0.025086 0.024319
0 0.086557 0.227495 0.024512 0.021597
0 0.770873 0.452087 0.022405 0.023593
0 0.210647 0.791742 0.024895 0.020871
0 0.744447 0.110254 0.028150 0.025590
0 0.210073 0.768330 0.026810 0.023775
0 0.135867 0.387659 0.025086 0.029038
0 0.135484 0.155717 0.023171 0.022505
0 0.262256 0.135844 0.025469 0.021597
0 0.387878 0.088657 0.025469 0.020508
0 0.466296 0.132759 0.029108 0.023775
0 0.159996 0.565336 0.024703 0.021053
0 0.286576 0.068693 0.025086 0.021960
0 0.570471 0.881942 0.024129 0.023775
0 0.337610 0.384392 0.028725 0.022142
0 0.493106 0.202813 0.024512 0.022323
0 0.185848 0.791379 0.023171 0.020871
0 0.925220 0.038748 0.026235 0.028857
0 0.466296 0.610436 0.023746 0.024864
0 0.872846 0.608348 0.024512 0.026497
0 0.387495 0.658167 0.027384 0.024864
0 0.466201 0.321325 0.024703 0.028131
0 0.746170 0.652632 0.026618 0.021779
0 0.516277 0.429673 0.028342 0.024501
0 0.387495 0.341833 0.025086 0.022323
0 0.771065 0.563430 0.025852 0.025953
0 0.059747 0.699093 0.025278 0.022868
0 0.387878 0.948185 0.025469 0.021597
0 0.134240 0.361706 0.022980 0.019238
0 0.061088 0.158893 0.025278 0.023049
0 0.923975 0.063612 0.024512 0.021960
0 0.616622 0.340200 0.025661 0.021960
0 0.287151 0.090744 0.024320 0.023956
0 0.361835 0.157078 0.025086 0.024501
0 0.060800 0.321143 0.026235 0.023049
0 0.262256 0.181397 0.022405 0.023049
0 0.467924 0.858167 0.024320 0.021234
0 0.135772 0.452904 0.022980 0.019056
0 0.771352 0.085390 0.026044 0.026679
0 0.691785 0.323684 0.025852 0.023412
0 0.162869 0.180944 0.028533 0.025045
0 0.417369 0.861252 0.026618 0.022323
0 0.310800 0.024047 0.022980 0.021960
0 0.440157 0.342196 0.025852 0.024138
0 0.159230 0.522686 0.027001 0.023593
0 0.439487 0.111252 0.025278 0.019238
0 0.491861 0.272505 0.024320 0.023412
0 0.746170 0.319964 0.023937 0.022505
0 0.848142 0.363430 0.023746 0.028857
0 0.898698 0.429220 0.024895 0.025045
0 0.567120 0.363884 0.025086 0.023956
0 0.336844 0.723412 0.024512 0.022505
0 0.387974 0.199365 0.024512 0.020508
0 0.261969 0.065426 0.023746 0.021960
0 0.310896 0.860163 0.022788 0.020871
0 0.160188 0.047278 0.023171 0.021234
0 0.517714 0.544192 0.023171 0.020871
0 0.720509 0.386298 0.027767 0.026679
0 0.388453 0.902995 0.023171 0.021597
0 0.414592 0.296098 0.025278 0.025227
0 0.311949 0.371779 0.022597 0.027405
0 0.160762 0.137205 0.025469 0.020690
0 0.493202 0.180853 0.025086 0.022323
0 0.897836 0.340109 0.027001 0.021779
0 0.135772 0.473593 0.022980 0.022323
0 0.387304 0.543194 0.025852 0.027223
0 0.285714 0.567967 0.023363 0.024864
0 0.060992 0.299909 0.023554 0.019419
0 0.770490 0.271325 0.022788 0.023956
0 0.210073 0.343466 0.022980 0.025227
0 0.771256 0.590109 0.025469 0.025953
0 0.413252 0.679038 0.024512 0.023049
0 0.720605 0.541652 0.024512 0.021597
0 0.387112 0.633303 0.025086 0.020871
0 0.798640 0.044646 0.027384 0.019601
0 0.311758 0.396279 0.020682 0.021960
0 0.413730 0.112523 0.025852 0.021416
0 0.438529 0.364882 0.024895 0.023775
0 0.440923 0.179401 0.027767 0.021960
0 0.797587 0.021779 0.024129 0.025408
0 0.236787 0.111887 0.025469 0.021234
0 0.721275 0.721325 0.025469 0.022323
0 0.387016 0.474047 0.025661 0.022868
0 0.441115 0.812795 0.025469 0.023412
0 0.518097 0.363975 0.025086 0.022686
0 0.388548 0.790018 0.024129 0.019964
0 0.439583 0.406624 0.026618 0.022323
0 0.086940 0.136207 0.026044 0.026679
0 0.237840 0.293557 0.024512 0.020871
0 0.336653 0.545644 0.025278 0.024138
0 0.516948 0.520508 0.023937 0.025045
0 0.336653 0.576860 0.023746 0.029946
0 0.493489 0.157169 0.023363 0.024682
0 0.844696 0.790653 0.025661 0.025590
0 0.210360 0.391016 0.025469 0.022323
0 0.361356 0.226044 0.024129 0.020508
0 0.310992 0.542650 0.022597 0.020327
0 0.084833 0.297550 0.024895 0.021597
0 0.286289 0.046370 0.020299 0.023049
0 0.111164 0.181851 0.023937 0.022505
0 0.516373 0.407260 0.026618 0.021779
0 0.871697 0.564428 0.024129 0.024682
0 0.413347 0.433394 0.022022 0.022142
0 0.642953 0.451361 0.022405 0.023230
0 0.824397 0.182033 0.025661 0.026134
0 0.642666 0.363702 0.021448 0.024682
0 0.769820 0.199546 0.026044 0.023412
0 0.747319 0.342468 0.024320 0.023230
0 0.237553 0.225499 0.023554 0.025227
0 0.770490 0.154265 0.023937 0.024319
0 0.873133 0.111978 0.024703 0.026134
0 0.085887 0.366425 0.024320 0.023230
0 0.718977 0.296824 0.027384 0.024864
0 0.846706 0.270871 0.023171 0.025227
0 0.566450 0.388566 0.025661 0.026134
0 0.235925 0.429673 0.025661 0.019782
0 0.361739 0.112795 0.025661 0.024138
0 0.337227 0.858076 0.022597 0.022868
0 0.438529 0.273049 0.024895 0.021960
0 0.897932 0.515789 0.024129 0.021053
0 0.311566 0.113067 0.024512 0.025771
0 0.565875 0.315245 0.022597 0.021779
0 0.770777 0.177132 0.024129 0.023593
0 0.617579 0.384755 0.024895 0.021416
0 0.771543 0.387024 0.027193 0.023775
0 0.414688 0.225318 0.024320 0.022323
0 0.797204 0.566243 0.025278 0.025408
0 0.160858 0.723503 0.022214 0.024138
0 0.413539 0.658076 0.023937 0.020327
0 0.263692 0.723503 0.021831 0.022323
0 0.236499 0.273230 0.025661 0.017241
0 0.591057 0.296279 0.025852 0.021960
0 0.618250 0.136207 0.022788 0.021597
0 0.797587 0.179583 0.027576 0.022686
0 0.745500 0.544011 0.021831 0.021234
0 0.818269 0.812069 0.024129 0.023049
0 0.542512 0.179673 0.024129 0.023956
0 0.543278 0.065789 0.026044 0.023412
0 0.438146 0.566152 0.023746 0.023049
0 0.183933 0.296642 0.023937 0.023412
0 0.112026 0.816062 0.022214 0.026316
0 0.236499 0.409982 0.029108 0.023230
0 0.923592 0.426134 0.024895 0.020690
0 0.642953 0.405535 0.024703 0.021597
0 0.289736 0.926497 0.023746 0.022868
0 0.335025 0.046642 0.024320 0.024682
0 0.720126 0.223321 0.028533 0.025953
0 0.720797 0.340290 0.027959 0.020690
0 0.285906 0.646189 0.020682 0.023049
0 0.110398 0.112795 0.025469 0.022686
0 0.594121 0.951270 0.025852 0.024138
0 0.589812 0.272958 0.026044 0.023593
0 0.210169 0.415426 0.024320 0.028312
0 0.541363 0.294737 0.021448 0.021416
0 0.262160 0.089292 0.025278 0.026860
0 0.288587 0.366969 0.023363 0.024682
0 0.110494 0.304900 0.023746 0.026860
0 0.747319 0.694646 0.025852 0.022323
0 0.844121 0.816062 0.022980 0.023775
0 0.159996 0.341833 0.024320 0.026679
0 0.744925 0.133575 0.021831 0.023956
0 0.337227 0.658258 0.022980 0.018875
0 0.109920 0.351270 0.024129 0.019056
0 0.592398 0.117241 0.025852 0.025408
0 0.620069 0.857985 0.026427 0.020871
0 0.261107 0.592922 0.024703 0.024319
0 0.134336 0.274592 0.024703 0.022868
0 0.644198 0.109982 0.022597 0.021779
0 0.285810 0.545100 0.021256 0.019419
0 0.287246 0.113249 0.022980 0.022142
0 0.060226 0.723321 0.022022 0.022686
0 0.719935 0.361343 0.025852 0.022142
0 0.747511 0.434211 0.024703 0.021597
0 0.336365 0.789292 0.023937 0.022142
0 0.360973 0.519964 0.024129 0.023593
0 0.209594 0.565154 0.023937 0.023230
0 0.287821 0.319419 0.023363 0.018149
0 0.517809 0.634120 0.022597 0.024682
0 0.847281 0.570780 0.022405 0.027949
0 0.543183 0.113339 0.023171 0.025227
0 0.541651 0.565880 0.022405 0.023230
0 0.414401 0.043920 0.025661 0.021053
0 0.565205 0.202813 0.020490 0.023412
0 0.745691 0.386751 0.021831 0.023593
0 0.263309 0.416062 0.020299 0.020145
0 0.262926 0.700726 0.021448 0.023593
0 0.566450 0.453993 0.025278 0.020871
0 0.771352 0.109619 0.024895 0.023230
0 0.466296 0.347641 0.023363 0.025590
0 0.440253 0.132577 0.027576 0.027042
0 0.848334 0.043194 0.022597 0.017060
0 0.590674 0.197459 0.024703 0.023956
0 0.261969 0.274773 0.022980 0.024319
0 0.438817 0.428312 0.024320 0.022142
0 0.162486 0.087659 0.028150 0.026134
0 0.567694 0.109256 0.024320 0.022142
0 0.466201 0.044465 0.024703 0.020327
0 0.288108 0.837205 0.023554 0.019964
0 0.519533 0.113430 0.022597 0.021416
0 0.159996 0.295644 0.022405 0.019964
0 0.644198 0.132577 0.023363 0.021960
0 0.568748 0.951361 0.026427 0.021053
0 0.899081 0.086933 0.026044 0.024682
0 0.287438 0.411978 0.025278 0.025408
0 0.848142 0.293466 0.023746 0.019238
0 0.617388 0.654174 0.024895 0.025227
0 0.086653 0.183303 0.021639 0.023593
0 0.335599 0.342015 0.024703 0.023775
0 0.337419 0.451180 0.022980 0.021416
0 0.642953 0.384483 0.024320 0.021234
0 0.211030 0.299637 0.027193 0.022868
0 0.362409 0.612160 0.022022 0.024682
0 0.691402 0.180309 0.025469 0.024138
0 0.085791 0.206352 0.022980 0.021779
0 0.336940 0.902269 0.022788 0.021960
0 0.769533 0.295281 0.023554 0.023956
0 0.591057 0.318603 0.027001 0.023775
0 0.847759 0.338475 0.024895 0.019238
0 0.336174 0.678947 0.026235 0.017423
0 0.185657 0.721960 0.021256 0.023956
0 0.287534 0.135481 0.022788 0.021960
0 0.570663 0.858802 0.022980 0.019964
0 0.185753 0.408439 0.024895 0.024501
0 0.441306 0.067967 0.024703 0.025227
0 0.288012 0.389837 0.023746 0.022505
0 0.236021 0.134120 0.027001 0.022868
0 0.059939 0.343194 0.023746 0.019964
0 0.134623 0.657895 0.024512 0.024319
0 0.110877 0.068058 0.024512 0.022142
0 0.771256 0.131216 0.024320 0.020327
0 0.822003 0.271960 0.021639 0.025953
0 0.160188 0.544737 0.023171 0.019419
0 0.237074 0.793103 0.024129 0.021416
0 0.591440 0.144555 0.022788 0.025953
0 0.285714 0.672232 0.022597 0.023956
0 0.336653 0.813884 0.022597 0.027042
0 0.110686 0.393103 0.023363 0.024319
0 0.616909 0.182849 0.025086 0.025227
0 0.159134 0.590018 0.024512 0.023956
0 0.518192 0.295009 0.022980 0.020508
0 0.415167 0.946552 0.021831 0.021234
0 0.772118 0.317332 0.022214 0.023049
0 0.359537 0.272958 0.023171 0.022868
0 0.287629 0.297278 0.022597 0.022142
0 0.286959 0.275227 0.026235 0.024138
0 0.361069 0.435844 0.020490 0.021234
0 0.619399 0.110345 0.025469 0.027586
0 0.846610 0.610436 0.024512 0.024138
0 0.642857 0.427677 0.025661 0.021960
0 0.643240 0.178131 0.022980 0.024501
0 0.772214 0.340290 0.022405 0.024319
0 0.616909 0.315245 0.023937 0.027586
0 0.642474 0.202178 0.020682 0.023956
0 0.719839 0.132849 0.022597 0.022142
0 0.134623 0.043376 0.021065 0.021053
0 0.185178 0.476588 0.024895 0.025408
0 0.109058 0.722414 0.022022 0.023049
0 0.692551 0.223503 0.024320 0.019782
0 0.642474 0.272414 0.026427 0.022142
0 0.517714 0.702450 0.024703 0.023412
0 0.263979 0.861615 0.021256 0.024501
0 0.693700 0.402087 0.025469 0.022323
0 0.568460 0.639111 0.026235 0.021960
0 0.924263 0.134211 0.025086 0.021597
0 0.111835 0.839655 0.021065 0.020871
0 0.440923 0.905445 0.025469 0.023956
0 0.161145 0.066969 0.023937 0.017060
0 0.237170 0.341470 0.025852 0.026316
0 0.062237 0.203630 0.023363 0.023593
0 0.184412 0.319691 0.024512 0.024501
0 0.922922 0.382668 0.025469 0.022686
0 0.335312 0.316697 0.024512 0.024682
0 0.108866 0.634301 0.023171 0.020690
0 0.564726 0.271779 0.020299 0.021234
0 0.466679 0.180309 0.024895 0.024864
0 0.541555 0.431034 0.020299 0.021416
0 0.361643 0.179401 0.023937 0.021960
0 0.541651 0.157713 0.022405 0.019601
0 0.159805 0.388566 0.022022 0.022142
0 0.209977 0.141107 0.023554 0.024501
0 0.336748 0.947187 0.024320 0.021416
0 0.848047 0.316515 0.023937 0.023593
0 0.185657 0.697550 0.022405 0.024864
0 0.337323 0.699728 0.024703 0.025590
0 0.110494 0.331034 0.026427 0.025045
0 0.591153 0.404174 0.024512 0.022142
0 0.850823 0.134755 0.027576 0.020871
0 0.261777 0.045009 0.024129 0.019601
0 0.109632 0.090472 0.022405 0.020508
0 0.441210 0.703630 0.027959 0.021779
0 0.691498 0.155172 0.024512 0.024682
0 0.721084 0.518421 0.025086 0.018330
0 0.545193 0.856261 0.023746 0.019964
0 0.566641 0.178494 0.022980 0.024864
0 0.336461 0.604991 0.024512 0.023775
0 0.236499 0.474955 0.022980 0.022505
0 0.871984 0.539927 0.022788 0.024319
0 0.335121 0.088657 0.022214 0.019419
0 0.361452 0.134755 0.024703 0.019419
0 0.517905 0.272232 0.022405 0.022505
0 0.286002 0.723049 0.023554 0.022505
0 0.795672 0.448367 0.024129 0.026679
0 0.058502 0.277677 0.023171 0.026134
0 0.312811 0.226044 0.022022 0.020871
0 0.238989 0.857350 0.024512 0.019964
0 0.209786 0.115426 0.023937 0.027586
0 0.362026 0.477495 0.022022 0.021053
0 0.387016 0.407350 0.024512 0.020145
0 0.643049 0.699093 0.022980 0.021416
0 0.744351 0.202359 0.024129 0.024682
0 0.847281 0.021325 0.023937 0.024864
0 0.389889 0.703176 0.026044 0.023775
0 0.184412 0.768784 0.021831 0.023230
0 0.388836 0.880490 0.025086 0.021960
0 0.565109 0.340018 0.021448 0.025953
0 0.565492 0.293466 0.023363 0.020327
0 0.468020 0.065245 0.024129 0.021597
0 0.544906 0.877495 0.024703 0.021779
0 0.518767 0.135935 0.021448 0.022868
0 0.594504 0.838838 0.022405 0.024319
0 0.186423 0.906080 0.025469 0.025590
0 0.185370 0.385481 0.024129 0.021779
0 0.236595 0.317877 0.024703 0.017241
0 0.493681 0.132668 0.026427 0.024319
0 0.211413 0.865336 0.023363 0.022505
0 0.413252 0.635935 0.022214 0.025408
0 0.135006 0.431397 0.022980 0.023956
0 0.337802 0.430127 0.024895 0.018512
0 0.691498 0.541742 0.024895 0.023593
0 0.263979 0.434936 0.023554 0.017967
0 0.771352 0.020690 0.023746 0.022142
0 0.440923 0.474592 0.027384 0.023956
0 0.745021 0.156352 0.023937 0.019419
0 0.566354 0.474047 0.025469 0.023593
0 0.564918 0.433122 0.021448 0.023049
0 0.138070 0.884392 0.022980 0.027223
0 0.413922 0.791833 0.019724 0.023230
0 0.210647 0.367967 0.024895 0.026679
0 0.468882 0.836842 0.025469 0.021053
0 0.692646 0.349728 0.026810 0.029038
0 0.061088 0.046824 0.025661 0.021779
0 0.336653 0.110617 0.024512 0.021960
0 0.086844 0.928947 0.023171 0.021234
0 0.795959 0.472323 0.025086 0.022686
0 0.898219 0.406534 0.026618 0.020690
0 0.336748 0.179673 0.025852 0.025408
0 0.439104 0.022323 0.024512 0.021779
0 0.923497 0.111434 0.025086 0.023956
0 0.288300 0.342287 0.023171 0.026497
0 0.616143 0.431488 0.024320 0.023412
0 0.263213 0.814791 0.023554 0.020145
0 0.311566 0.947278 0.021831 0.023412
0 0.237074 0.386025 0.023746 0.023956
0 0.035044 0.297731 0.026427 0.019782
0 0.493968 0.086751 0.025469 0.025771
0 0.822482 0.156715 0.023746 0.024501
0 0.213137 0.907350 0.024895 0.021960
0 0.287438 0.179946 0.023746 0.019419
0 0.261681 0.677314 0.022022 0.022505
0 0.111164 0.137024 0.027001 0.024319
0 0.386538 0.451633 0.024703 0.025227
0 0.693987 0.020690 0.026427 0.026134
0 0.134623 0.634846 0.026810 0.022505
0 0.590195 0.222595 0.021831 0.025953
0 0.234967 0.518784 0.023746 0.020508
0 0.518767 0.157623 0.022214 0.018693
0 0.642570 0.155263 0.022788 0.022686
0 0.386633 0.610345 0.024895 0.025045
0 0.923114 0.338475 0.023171 0.023230
0 0.720509 0.447913 0.023937 0.021779
0 0.693317 0.132033 0.028150 0.024864
0 0.387208 0.587114 0.022980 0.019964
0 0.493872 0.971506 0.021831 0.022142
0 0.718307 0.156806 0.024895 0.026497
0 0.086653 0.816062 0.024320 0.020871
0 0.466871 0.224682 0.024895 0.021053
0 0.692455 0.111071 0.024129 0.018149
0 0.389697 0.813339 0.021831 0.024138
0 0.642378 0.340290 0.022788 0.021416
0 0.263213 0.792287 0.022022 0.023049
0 0.518192 0.681216 0.025278 0.020871
0 0.388070 0.179946 0.025852 0.019056
0 0.849291 0.087750 0.021448 0.025227
0 0.692264 0.272142 0.021831 0.023049
0 0.184508 0.523049 0.018958 0.023230
0 0.773075 0.820145 0.029874 0.028312
0 0.467924 0.450726 0.024320 0.019419
0 0.517809 0.566878 0.023746 0.023775
0 0.771065 0.222323 0.024320 0.023230
0 0.211509 0.181851 0.023554 0.019964
0 0.771639 0.474592 0.023554 0.023230
0 0.161624 0.225862 0.026427 0.025590
0 0.185657 0.670145 0.022022 0.024138
0 0.260724 0.568240 0.023937 0.023956
0 0.617196 0.520236 0.023363 0.023049
0 0.084450 0.723230 0.024129 0.023230
0 0.334738 0.023684 0.025661 0.022323
0 0.494542 0.838838 0.020490 0.021416
0 0.235829 0.609800 0.022405 0.020690
0 0.848238 0.111887 0.024320 0.024864
0 0.311854 0.880762 0.020490 0.019238
0 0.135293 0.319601 0.025852 0.019601
0 0.849483 0.178494 0.024129 0.024138
0 0.645442 0.812704 0.025086 0.023593
0 0.238127 0.201543 0.024320 0.022323
0 0.110111 0.415608 0.023746 0.021779
0 0.747702 0.410980 0.027001 0.025590
0 0.440157 0.970871 0.023554 0.024501
0 0.210839 0.930762 0.023363 0.022323
0 0.134048 0.543739 0.022214 0.019601
0 0.085121 0.657350 0.018958 0.021416
0 0.796247 0.404628 0.025278 0.023412
0 0.873037 0.452269 0.021448 0.023593
0 0.208828 0.163067 0.028150 0.017967
0 0.896304 0.316697 0.025469 0.023956
0 0.721658 0.410254 0.021639 0.021597
0 0.414113 0.814610 0.021639 0.019782
0 0.798353 0.224955 0.025661 0.023775
0 0.492819 0.224319 0.023937 0.022505
0 0.717924 0.272323 0.024512 0.024138
0 0.059173 0.566243 0.023746 0.022142
0 0.389793 0.926407 0.027384 0.024864
0 0.311566 0.438838 0.022214 0.018875
0 0.264362 0.905717 0.021256 0.024864
0 0.161049 0.816515 0.024895 0.021779
0 0.086365 0.090563 0.022980 0.021416
0 0.822482 0.701180 0.022597 0.023775
0 0.286480 0.522323 0.021831 0.024682
0 0.183550 0.274410 0.023171 0.022142
0 0.518767 0.837296 0.022980 0.024138
0 0.872367 0.066606 0.025086 0.021416
0 0.337706 0.631488 0.022788 0.023775
0 0.337227 0.880581 0.024512 0.018149
0 0.872941 0.337477 0.023937 0.019419
0 0.569992 0.835572 0.021256 0.026497
0 0.135676 0.790835 0.022405 0.023775
0 0.519150 0.043648 0.025278 0.021597
0 0.135867 0.816152 0.021639 0.023593
0 0.438434 0.294828 0.024703 0.024138
0 0.362601 0.564791 0.023171 0.020327
0 0.109249 0.587114 0.022788 0.017060
0 0.516852 0.658621 0.020299 0.022868
0 0.873037 0.406897 0.022214 0.024319
0 0.922539 0.360436 0.025086 0.021416
0 0.543183 0.655898 0.026235 0.026134
0 0.234680 0.025681 0.022405 0.024501
0 0.061471 0.909437 0.023363 0.020690
0 0.110973 0.159165 0.021639 0.022142
0 0.312428 0.617423 0.023937 0.018512
0 0.136825 0.859437 0.025469 0.022323
0 0.618058 0.721143 0.023171 0.022686
0 0.236978 0.724682 0.025086 0.023230
0 0.160283 0.614610 0.024129 0.022686
0 0.593547 0.021869 0.021256 0.023412
0 0.875335 0.178403 0.026810 0.024319
0 0.692551 0.202178 0.025086 0.021416
0 0.184891 0.542831 0.022405 0.017060
0 0.823344 0.109891 0.023554 0.023412
0 0.287055 0.620054 0.025278 0.027042
0 0.875335 0.202450 0.025661 0.023775
0 0.363367 0.701270 0.025852 0.026134
0 0.263884 0.370054 0.022980 0.026134
0 0.771926 0.430672 0.021831 0.022868
0 0.898698 0.063702 0.021448 0.017423
0 0.285427 0.697641 0.021639 0.025045
0 0.439870 0.679946 0.025661 0.024501
0 0.310800 0.046007 0.020682 0.021234
0 0.236116 0.046824 0.022597 0.018875
0 0.135101 0.411071 0.023554 0.018149
0 0.464860 0.295644 0.025469 0.024682
0 0.312141 0.418512 0.021831 0.023230
0 0.467733 0.087296 0.026618 0.022868
0 0.236499 0.089292 0.023746 0.023956
0 0.540597 0.451270 0.022980 0.020871
0 0.414879 0.593194 0.025086 0.023775
0 0.898028 0.041652 0.022788 0.026679
0 0.211892 0.045281 0.024703 0.020145
0 0.643910 0.317786 0.024320 0.021416
0 0.898219 0.452632 0.026618 0.020690
0 0.184604 0.565699 0.024512 0.023230
0 0.718690 0.587024 0.026044 0.025590
0 0.846802 0.844102 0.024512 0.030853
0 0.184604 0.343013 0.021448 0.022505
0 0.160283 0.114247 0.024129 0.026679
0 0.062237 0.182033 0.026044 0.021053
0 0.618250 0.206261 0.022022 0.023049
0 0.617771 0.226134 0.024895 0.021779
0 0.108962 0.564338 0.022597 0.021234
0 0.386921 0.519056 0.022022 0.018512
0 0.414305 0.344374 0.025852 0.022323
0 0.592972 0.765789 0.025086 0.023049
0 0.059651 0.589655 0.022788 0.023956
0 0.822673 0.722595 0.023746 0.019056
0 0.335887 0.272868 0.020299 0.020508
0 0.468116 0.155808 0.024703 0.024138
0 0.211030 0.700907 0.021065 0.023956
0 0.084642 0.566515 0.022597 0.027042
0 0.210264 0.023503 0.022214 0.020145
0 0.265511 0.929401 0.022405 0.023230
0 0.440827 0.657532 0.024512 0.019964
0 0.821907 0.316878 0.023746 0.028312
0 0.442168 0.881579 0.024129 0.022323
0 0.134527 0.296642 0.025852 0.022686
0 0.439104 0.385481 0.022980 0.021416
0 0.847568 0.633122 0.025661 0.020871
0 0.184316 0.364701 0.023937 0.019419
0 0.111739 0.791107 0.021639 0.022142
0 0.718690 0.063430 0.024129 0.023775
0 0.569322 0.929129 0.026427 0.023049
0 0.360494 0.066152 0.024320 0.019782
0 0.160666 0.639474 0.021065 0.023412
0 0.540980 0.471869 0.020682 0.020690
0 0.312045 0.204628 0.022405 0.023049
0 0.263309 0.838294 0.023363 0.024319
0 0.744255 0.178494 0.023937 0.023775
0 0.519724 0.021869 0.022214 0.021960
0 0.312141 0.067604 0.024129 0.021597
0 0.361835 0.321143 0.022788 0.022323
0 0.492819 0.588566 0.026235 0.022868
0 0.438721 0.541742 0.021448 0.025045
0 0.110781 0.047641 0.022405 0.018693
0 0.387495 0.769056 0.027384 0.021960
0 0.466871 0.677586 0.025278 0.021597
0 0.439678 0.201633 0.023363 0.023956
0 0.387208 0.567423 0.024129 0.019056
0 0.210169 0.722777 0.019724 0.021234
0 0.361547 0.677677 0.024512 0.020690
0 0.467158 0.813521 0.023554 0.025227
0 0.413156 0.566788 0.021639 0.026134
0 0.594313 0.816334 0.021639 0.022868
0 0.642857 0.721597 0.021448 0.025045
0 0.746649 0.673775 0.028342 0.019782
0 0.211605 0.225136 0.024512 0.021234
0 0.135580 0.341470 0.023363 0.020508
0 0.208732 0.089564 0.026044 0.024501
0 0.641900 0.588838 0.027576 0.022323
0 0.595174 0.860436 0.023363 0.019238
0 0.262830 0.299909 0.023171 0.026316
0 0.112792 0.905354 0.024895 0.024138
0 0.770682 0.408621 0.021639 0.020871
0 0.114228 0.928494 0.028533 0.021416
0 0.386250 0.065608 0.021831 0.026316
0 0.819514 0.835481 0.026618 0.023412
0 0.570375 0.905263 0.024703 0.022505
0 0.310992 0.903993 0.020299 0.022505
0 0.718499 0.108348 0.023363 0.023956
0 0.869399 0.767241 0.026810 0.024501
0 0.060800 0.136933 0.023937 0.020508
0 0.414305 0.700454 0.022022 0.019419
0 0.593068 0.046461 0.021831 0.024682
0 0.286959 0.815245 0.021256 0.024319
0 0.593738 0.882214 0.021256 0.023593
0 0.336078 0.155626 0.024129 0.019782
0 0.744638 0.041652 0.023171 0.021960
0 0.519437 0.341198 0.024703 0.019964
0 0.134718 0.698367 0.023171 0.017060
0 0.335695 0.201361 0.020682 0.019056
0 0.236499 0.813702 0.027193 0.017604
0 0.876005 0.155082 0.026235 0.023412
0 0.161911 0.838929 0.023171 0.020145
0 0.847472 0.916334 0.024703 0.018512
0 0.287246 0.857804 0.022597 0.018693
0 0.494255 0.320145 0.024512 0.022505
0 0.414401 0.614791 0.023746 0.018330
0 0.311375 0.836661 0.022980 0.022505
0 0.185753 0.023140 0.023746 0.019056
0 0.263405 0.454356 0.024703 0.022686
0 0.492436 0.543739 0.025086 0.021416
0 0.565301 0.225045 0.020299 0.021416
0 0.871122 0.515880 0.021831 0.021234
0 0.846132 0.896189 0.023554 0.022505
0 0.642953 0.838022 0.020873 0.025227
0 0.059268 0.068966 0.024320 0.022868
0 0.160858 0.791289 0.021831 0.022868
0 0.923975 0.405626 0.024129 0.019238
0 0.542225 0.135390 0.023171 0.022505
0 0.619399 0.836842 0.025852 0.021053
0 0.337897 0.474410 0.026235 0.022868
0 0.060417 0.092831 0.025852 0.024138
0 0.414688 0.723140 0.022788 0.023412
0 0.745308 0.593557 0.023363 0.027042
0 0.824301 0.134120 0.022405 0.023230
0 0.796438 0.086388 0.022214 0.025408
0 0.388836 0.222686 0.027767 0.024319
0 0.287342 0.158439 0.026618 0.020690
0 0.518001 0.589746 0.022597 0.022323
0 0.849100 0.156080 0.025661 0.020327
0 0.872846 0.383485 0.021831 0.022142
0 0.083972 0.429220 0.025852 0.025045
0 0.312620 0.474410 0.022022 0.019964
0 0.362313 0.723412 0.024129 0.018149
0 0.520299 0.090381 0.026427 0.026497
0 0.492819 0.043829 0.022405 0.025227
0 0.210935 0.522142 0.023937 0.021779
0 0.184604 0.452813 0.022214 0.021779
0 0.847855 0.387931 0.023937 0.021597
0 0.209786 0.439292 0.021639 0.020871
0 0.691306 0.298276 0.023363 0.027405
0 0.817216 0.767241 0.021639 0.021960
0 0.288491 0.949546 0.021639 0.019601
0 0.439583 0.634664 0.023554 0.024682
0 0.336270 0.408167 0.025278 0.025408
0 0.210456 0.203267 0.024129 0.023593
0 0.135389 0.720236 0.025661 0.023412
0 0.518767 0.065789 0.021065 0.024501
0 0.358771 0.767967 0.024703 0.021960
0 0.949445 0.062613 0.021448 0.018875
0 0.494830 0.065517 0.023363 0.018875
0 0.842781 0.766969 0.024129 0.017423
0 0.542129 0.088748 0.021831 0.023956
0 0.059173 0.544646 0.022980 0.019964
0 0.618058 0.765880 0.023554 0.023593
0 0.162007 0.203176 0.027193 0.020508
0 0.467828 0.907441 0.023363 0.022868
0 0.060896 0.862432 0.023363 0.026497
0 0.236978 0.066697 0.025086 0.020145
0 0.795481 0.270236 0.024129 0.021053
0 0.441593 0.318966 0.024512 0.024138
0 0.770969 0.041652 0.025661 0.020508
0 0.311183 0.662704 0.023363 0.017241
0 0.619016 0.879220 0.024703 0.020145
0 0.387016 0.385572 0.022214 0.021234
0 0.083206 0.453176 0.023937 0.022505
0 0.387399 0.296279 0.023363 0.021597
0 0.062045 0.226588 0.024895 0.024864
0 0.769628 0.061887 0.024512 0.019238
0 0.311566 0.566425 0.024129 0.018875
0 0.110973 0.228040 0.022405 0.019782
0 0.262447 0.522232 0.024320 0.021597
0 0.414688 0.065880 0.027384 0.023230
0 0.288970 0.224138 0.023363 0.022505
0 0.085025 0.678312 0.020682 0.020145
0 0.746457 0.364428 0.021831 0.021779
0 0.110111 0.370054 0.022597 0.020327
0 0.109728 0.454900 0.025661 0.021234
0 0.873707 0.087477 0.023554 0.022505
0 0.897932 0.135572 0.023746 0.022142
0 0.823535 0.361071 0.026618 0.020871
0 0.467254 0.952904 0.022214 0.020508
0 0.362313 0.389201 0.022980 0.025953
0 0.923975 0.087114 0.024512 0.024319
0 0.360877 0.202359 0.021639 0.025771
0 0.516086 0.454265 0.024895 0.026497
0 0.542321 0.202359 0.022214 0.020327
0 0.518001 0.724682 0.023363 0.020327
0 0.440444 0.609800 0.025278 0.021416
0 0.616909 0.293103 0.027001 0.017423
0 0.617579 0.452359 0.024512 0.020145
0 0.744351 0.294011 0.026810 0.026134
0 0.468690 0.471597 0.025852 0.021234
0 0.362409 0.363430 0.023171 0.025227
0 0.897740 0.361797 0.024895 0.021234
0 0.311758 0.089292 0.023746 0.021053
0 0.109058 0.609982 0.024703 0.022505
0 0.334833 0.068058 0.020873 0.021053
0 0.873324 0.360708 0.027001 0.022686
0 0.210839 0.677768 0.021831 0.023412
0 0.899081 0.201724 0.022214 0.023412
0 0.236212 0.562250 0.025086 0.022505
0 0.160283 0.700091 0.022214 0.022323
0 0.465243 0.586933 0.023937 0.021416
0 0.642283 0.631488 0.021831 0.019419
0 0.136155 0.064701 0.022214 0.021960
0 0.520011 0.861797 0.023554 0.025953
0 0.288587 0.475862 0.021831 0.017786
0 0.185848 0.641742 0.022405 0.025045
0 0.848525 0.063339 0.020682 0.024319
0 0.184221 0.431307 0.022980 0.023049
0 0.644102 0.063702 0.023554 0.027949
0 0.542608 0.543466 0.021256 0.021234
0 0.466488 0.654265 0.025278 0.023593
0 0.263118 0.323956 0.020299 0.023230
0 0.520011 0.906171 0.023554 0.023230
0 0.237648 0.364882 0.025661 0.019056
0 0.643240 0.791289 0.021065 0.020690
0 0.795768 0.657985 0.027001 0.020508
0 0.262830 0.475681 0.024703 0.021779
0 0.335695 0.223775 0.022214 0.024682
0 0.922348 0.540472 0.022405 0.017786
0 0.469073 0.881942 0.027001 0.026316
0 0.641900 0.768512 0.021831 0.025953
0 0.416028 0.883666 0.024703 0.018149
0 0.209977 0.542559 0.023554 0.019056
0 0.286385 0.878040 0.024320 0.021416
0 0.088472 0.884120 0.024129 0.022686
0 0.617867 0.158621 0.020490 0.024682
0 0.085887 0.319510 0.024320 0.019056
0 0.134336 0.109982 0.022022 0.019964
0 0.569897 0.686207 0.025661 0.022142
0 0.108771 0.278131 0.024129 0.028131
0 0.519724 0.226225 0.022980 0.020145
0 0.848430 0.411887 0.024320 0.026679
0 0.568652 0.662069 0.021256 0.023593
0 0.797108 0.318330 0.024320 0.023593
0 0.641038 0.543194 0.023171 0.022142
0 0.923114 0.313975 0.024320 0.023230
0 0.109058 0.699183 0.023171 0.022323
0 0.286193 0.767695 0.022788 0.023956
0 0.237265 0.835753 0.024895 0.019964
0 0.518575 0.178675 0.021448 0.020871
0 0.796725 0.361343 0.022788 0.023956
0 0.288395 0.200454 0.022980 0.019056
0 0.617292 0.631216 0.023554 0.017060
0 0.388261 0.970327 0.023937 0.023412
0 0.211318 0.320599 0.022788 0.020871
0 0.569705 0.786751 0.024129 0.019238
0 0.849962 0.437477 0.022788 0.022323
0 0.745883 0.519873 0.020682 0.027042
0 0.110781 0.767604 0.020873 0.020508
0 0.387974 0.679673 0.023363 0.019601
0 0.823439 0.448730 0.026044 0.022323
0 0.185848 0.835935 0.020873 0.018875
0 0.414688 0.543013 0.024320 0.019964
0 0.744447 0.062613 0.023937 0.018512
0 0.159422 0.459165 0.020107 0.019601
0 0.465913 0.564428 0.023746 0.017060
0 0.262256 0.544737 0.023554 0.021960
0 0.134910 0.087568 0.022788 0.023412
0 0.747511 0.473956 0.023937 0.021960
0 0.545098 0.900635 0.024703 0.023412
0 0.361835 0.587568 0.021639 0.020145
0 0.238893 0.946733 0.022788 0.017967
0 0.594600 0.925681 0.022980 0.023775
0 0.159805 0.317514 0.022788 0.019056
0 0.745787 0.019691 0.021256 0.018693
0 0.872941 0.660617 0.023554 0.026497
0 0.183838 0.591561 0.023363 0.024501
0 0.897453 0.653721 0.024320 0.021416
0 0.108483 0.521506 0.023554 0.023412
0 0.692646 0.376770 0.023363 0.022868
0 0.361069 0.655717 0.020490 0.021416
0 0.592589 0.596552 0.025469 0.019964
0 0.822578 0.293557 0.023937 0.016515
0 0.565875 0.577495 0.019150 0.021053
0 0.798066 0.064338 0.027384 0.021234
0 0.692838 0.065608 0.022597 0.019056
0 0.565109 0.155263 0.021831 0.022686
0 0.822865 0.381579 0.024129 0.018693
0 0.772022 0.638113 0.023554 0.019238
0 0.110590 0.435390 0.022788 0.019601
0 0.336078 0.766969 0.020682 0.017060
0 0.110590 0.542922 0.023171 0.019056
0 0.592110 0.472323 0.024512 0.019782
0 0.619399 0.812976 0.023171 0.028131
0 0.059747 0.115426 0.022597 0.020327
0 0.084259 0.769328 0.021831 0.022505
0 0.212466 0.887024 0.021639 0.019056
0 0.468020 0.428312 0.024895 0.025408
0 0.745596 0.630399 0.025086 0.024138
0 0.160762 0.767604 0.023171 0.017604
0 0.159996 0.366425 0.022022 0.022505
0 0.567311 0.600907 0.022405 0.024319
0 0.035427 0.224682 0.025661 0.025045
0 0.822386 0.634301 0.023937 0.019964
0 0.058981 0.523230 0.023363 0.020690
0 0.412869 0.365064 0.021448 0.019419
0 0.796725 0.542196 0.022405 0.022323
0 0.617771 0.698276 0.019533 0.022323
0 0.288491 0.902178 0.024320 0.026134
0 0.086748 0.951996 0.022597 0.024138
0 0.897070 0.609528 0.022022 0.022323
0 0.412677 0.204719 0.024895 0.021053
0 0.085887 0.635299 0.018958 0.020871
0 0.744064 0.270780 0.020873 0.021053
0 0.312237 0.925953 0.021639 0.018149
0 0.797587 0.156261 0.022980 0.025408
0 0.084067 0.275590 0.024512 0.020871
0 0.923975 0.178584 0.022597 0.018149
0 0.086653 0.906080 0.022788 0.022323
0 0.085887 0.388566 0.023937 0.019601
0 0.209594 0.458258 0.020873 0.019964
0 0.036002 0.862523 0.023363 0.022323
0 0.543183 0.361978 0.022405 0.019782
0 0.923497 0.470417 0.024320 0.021416
0 0.210264 0.814701 0.022214 0.022505
0 0.820184 0.907532 0.025278 0.024138
0 0.209881 0.588838 0.024129 0.025227
0 0.541746 0.383666 0.020299 0.021053
0 0.133474 0.521688 0.020682 0.020871
0 0.823248 0.677405 0.022597 0.024501
0 0.467733 0.388294 0.027384 0.024864
0 0.061279 0.819328 0.022214 0.020871
0 0.310705 0.813521 0.023171 0.023412
0 0.058790 0.365789 0.028342 0.019419
0 0.542704 0.042105 0.023746 0.023593
0 0.721467 0.019782 0.025852 0.019601
0 0.516373 0.476770 0.026235 0.019964
0 0.720414 0.469601 0.024129 0.024864
0 0.822578 0.020871 0.021256 0.024682
0 0.565301 0.086025 0.022597 0.023956
0 0.519628 0.789655 0.020873 0.022505
0 0.950115 0.358258 0.027767 0.019964
0 0.771256 0.517877 0.022405 0.022686
0 0.923401 0.156352 0.022980 0.025590
0 0.111547 0.861434 0.020873 0.022323
0 0.922539 0.610799 0.024320 0.029583
0 0.059364 0.614247 0.021065 0.020508
0 0.134814 0.132577 0.023746 0.021597
0 0.085791 0.046915 0.024895 0.021234
0 0.897836 0.018330 0.022788 0.019964
0 0.239946 0.968421 0.026427 0.021779
0 0.261490 0.022777 0.025852 0.019782
0 0.797396 0.679673 0.027959 0.023593
0 0.541842 0.406352 0.021256 0.025408
0 0.692359 0.088385 0.022405 0.026860
0 0.265320 0.883666 0.022022 0.018875
0 0.336365 0.969691 0.022788 0.021416
0 0.542800 0.341561 0.022788 0.018149
0 0.210456 0.839655 0.024895 0.027042
0 0.413539 0.021688 0.023937 0.020508
0 0.360973 0.542468 0.021831 0.019238
0 0.386059 0.273866 0.020682 0.023230
0 0.085504 0.112613 0.023171 0.018693
0 0.262160 0.656897 0.024512 0.017241
0 0.209881 0.275227 0.020682 0.024501
0 0.413635 0.476225 0.021831 0.019964
0 0.719360 0.657078 0.023171 0.017604
0 0.618728 0.971688 0.020682 0.022142
0 0.797874 0.383575 0.024320 0.019782
0 0.796055 0.109891 0.022597 0.020871
0 0.519150 0.812886 0.022597 0.022868
0 0.618728 0.471869 0.024129 0.020327
0 0.796247 0.517423 0.022597 0.022142
0 0.467062 0.699093 0.023363 0.022868
0 0.517714 0.612069 0.023554 0.018693
0 0.566162 0.042740 0.021639 0.016515
0 0.896974 0.540018 0.024129 0.021234
0 0.439583 0.518512 0.023937 0.017423
0 0.543374 0.922868 0.023171 0.021416
0 0.870452 0.044737 0.020873 0.021960
0 0.871505 0.293466 0.021065 0.024682
0 0.819992 0.858258 0.024512 0.024319
0 0.467062 0.408711 0.026044 0.017423
0 0.311949 0.768330 0.026044 0.022323
0 0.795672 0.293920 0.024512 0.024501
0 0.312141 0.701089 0.024895 0.017060
0 0.110303 0.476679 0.023363 0.021597
0 0.441115 0.856897 0.023171 0.023412
0 0.822482 0.405898 0.026044 0.028131
0 0.162103 0.904083 0.020873 0.025590
0 0.361547 0.634574 0.020299 0.018693
0 0.641517 0.610163 0.021831 0.017786
0 0.691593 0.517877 0.024703 0.019056
0 0.389985 0.858076 0.028150 0.021779
0 0.439104 0.789837 0.022597 0.021053
0 0.338568 0.924229 0.024512 0.021234
0 0.262160 0.767423 0.020299 0.020508
0 0.085216 0.406987 0.024129 0.019056
0 0.414688 0.902359 0.023171 0.022868
0 0.565396 0.517695 0.022405 0.018693
0 0.032746 0.546733 0.025278 0.024501
0 0.616239 0.541289 0.022214 0.018693
0 0.518575 0.318149 0.023746 0.025408
0 0.616335 0.610436 0.025852 0.019782
0 0.643049 0.677042 0.024129 0.023775
0 0.590387 0.449093 0.022980 0.023775
0 0.519628 0.885299 0.023937 0.018149
0 0.719839 0.199909 0.024895 0.018330
0 0.771256 0.615336 0.023937 0.023049
0 0.823056 0.655808 0.026044 0.021234
0 0.620739 0.900272 0.024703 0.020508
0 0.745213 0.567604 0.022405 0.025953
0 0.492532 0.611343 0.022980 0.023049
0 0.035331 0.724592 0.025469 0.024138
0 0.923401 0.721960 0.024895 0.018512
0 0.720988 0.428584 0.023746 0.017967
0 0.869973 0.811071 0.022980 0.024682
0 0.439774 0.450726 0.020873 0.025227
0 0.133187 0.565064 0.022405 0.017967
0 0.037917 0.160617 0.022980 0.023593
0 0.590387 0.171506 0.022214 0.024682
0 0.084450 0.615517 0.020682 0.020508
0 0.692359 0.044555 0.023554 0.021960
0 0.311566 0.273230 0.021065 0.021960
0 0.185465 0.857441 0.019724 0.020871
0 0.565396 0.411252 0.021256 0.021416
0 0.160283 0.681034 0.022980 0.016515
0 0.235542 0.587024 0.024129 0.023775
0 0.466488 0.721325 0.021065 0.022686
0 0.824780 0.087114 0.026044 0.021053
0 0.108005 0.655898 0.023363 0.022142
0 0.136538 0.766425 0.024512 0.021053
0 0.565205 0.133575 0.022405 0.023230
0 0.590100 0.426588 0.021639 0.020145
0 0.440444 0.768693 0.026044 0.021234
0 0.209115 0.477405 0.020682 0.020508
0 0.895442 0.271325 0.022214 0.025045
0 0.567407 0.766062 0.022597 0.022142
0 0.620452 0.924682 0.023746 0.024682
0 0.896687 0.676134 0.021256 0.021960
0 0.921199 0.517060 0.020490 0.023593
0 0.797970 0.339201 0.024512 0.019238
0 0.493393 0.902178 0.018958 0.022142
0 0.491383 0.565789 0.021065 0.021234
0 0.466775 0.930490 0.022788 0.022505
0 0.036576 0.883757 0.022980 0.018330
0 0.439295 0.587840 0.023746 0.017423
0 0.263213 0.227314 0.022022 0.021234
0 0.747606 0.453539 0.021448 0.019964
0 0.594313 0.704446 0.022022 0.022323
0 0.440923 0.722414 0.024703 0.019782
0 0.288012 0.457441 0.021065 0.020145
0 0.361930 0.413521 0.022597 0.023775
0 0.824493 0.224864 0.023171 0.025771
0 0.797013 0.700817 0.024129 0.018330
0 0.108388 0.678040 0.021065 0.019964
0 0.591919 0.070780 0.022597 0.022868
0 0.334929 0.132577 0.021831 0.019782
0 0.619399 0.789383 0.023937 0.021234
0 0.161145 0.158076 0.023554 0.021779
0 0.159900 0.274138 0.021065 0.020871
0 0.642666 0.520599 0.023363 0.021960
0 0.386921 0.110708 0.021256 0.024319
0 0.568939 0.723593 0.022980 0.021053
0 0.845940 0.518330 0.020107 0.026497
0 0.848430 0.225862 0.024320 0.023775
0 0.897740 0.472414 0.024129 0.020690
0 0.821620 0.539927 0.021256 0.019964
0 0.718882 0.179492 0.024512 0.017423
0 0.235542 0.452178 0.021448 0.024501
0 0.359537 0.023230 0.021256 0.025408
0 0.161528 0.929129 0.020490 0.022323
0 0.845749 0.720780 0.022788 0.023775
0 0.084738 0.343557 0.023171 0.022142
0 0.362313 0.457260 0.021448 0.023412
0 0.335312 0.293739 0.021831 0.020508
0 0.493010 0.021688 0.022405 0.019419
0 0.541938 0.766425 0.018384 0.019964
0 0.718786 0.319147 0.023171 0.022686
0 0.085504 0.796098 0.025469 0.019782
0 0.109058 0.025681 0.019341 0.024501
0 0.083493 0.475227 0.022980 0.023412
0 0.361452 0.341833 0.024703 0.017604
0 0.237361 0.631034 0.023171 0.022868
0 0.720509 0.562704 0.024320 0.016878
0 0.872558 0.316425 0.023171 0.018693
0 0.900230 0.179855 0.021831 0.019238
0 0.261873 0.617241 0.020873 0.022505
0 0.413539 0.135753 0.023171 0.026860
0 0.286863 0.790835 0.021448 0.017967
0 0.823439 0.066425 0.023363 0.021416
0 0.237074 0.701633 0.020682 0.024319
0 0.239468 0.925953 0.028533 0.018875
0 0.546055 0.834936 0.024320 0.021234
0 0.594696 0.905082 0.021639 0.016697
0 0.160188 0.413702 0.023554 0.028494
0 0.415837 0.925681 0.026235 0.020145
0 0.336653 0.363339 0.026810 0.019238
0 0.797204 0.201996 0.023363 0.023593
0 0.542225 0.946189 0.023554 0.023049
0 0.719648 0.085572 0.023363 0.018330
0 0.948583 0.560617 0.023554 0.027586
0 0.033512 0.699002 0.025661 0.023775
0 0.060513 0.840290 0.022980 0.017423
0 0.518001 0.927223 0.023363 0.019601
0 0.923305 0.290290 0.027001 0.020145
0 0.210169 0.612069 0.021256 0.022323
0 0.184508 0.616334 0.021256 0.021416
0 0.061758 0.386751 0.023937 0.018512
0 0.467350 0.768149 0.026618 0.020508
0 0.466105 0.789292 0.025278 0.022505
0 0.135580 0.201270 0.020682 0.021416
0 0.084259 0.698730 0.020682 0.022142
0 0.797396 0.425590 0.024512 0.017423
0 0.797013 0.720690 0.024895 0.020327
0 0.720797 0.040744 0.021831 0.019056
0 0.948870 0.380672 0.023746 0.024864
0 0.034470 0.320599 0.026044 0.024501
0 0.847089 0.698911 0.024703 0.017786
0 0.161145 0.663612 0.022788 0.017241
0 0.642283 0.021960 0.022214 0.026134
0 0.846036 0.544102 0.020682 0.025408
0 0.589908 0.541379 0.020873 0.021779
0 0.590578 0.342831 0.026427 0.025408
0 0.413252 0.090472 0.022980 0.025953
0 0.112313 0.884211 0.022405 0.019238
0 0.336940 0.836479 0.025086 0.018149
0 0.185274 0.881216 0.020107 0.023049
0 0.542321 0.319782 0.024129 0.019238
0 0.825163 0.471779 0.026810 0.020508
0 0.465243 0.022232 0.022405 0.025227
0 0.236691 0.653993 0.022980 0.021960
0 0.567120 0.021869 0.020107 0.021597
0 0.591344 0.365699 0.022980 0.019238
0 0.311279 0.788838 0.022022 0.017241
0 0.899081 0.225136 0.024512 0.021597
0 0.769150 0.792468 0.025086 0.025590
0 0.746074 0.718966 0.021448 0.025590
0 0.493681 0.770690 0.019533 0.022323
0 0.719552 0.635662 0.024320 0.024501
0 0.923497 0.448548 0.024320 0.020508
0 0.950977 0.442196 0.027576 0.017967
0 0.822961 0.340653 0.022405 0.018149
0 0.821046 0.517695 0.020873 0.023049
0 0.949157 0.337750 0.026235 0.020327
0 0.312237 0.456443 0.023171 0.018512
0 0.463903 0.272232 0.020490 0.020327
0 0.896974 0.700272 0.022214 0.024138
0 0.311566 0.682305 0.021065 0.017967
0 0.594025 0.792196 0.022597 0.029038
0 0.797300 0.592287 0.023937 0.028494
0 0.871026 0.020962 0.022022 0.023775
0 0.085121 0.592740 0.022022 0.023593
0 0.872654 0.472323 0.024129 0.018330
0 0.592398 0.636842 0.020490 0.021416
0 0.566737 0.063249 0.023171 0.024138
0 0.619686 0.948457 0.022214 0.022868
0 0.138548 0.910254 0.022405 0.020871
0 0.820088 0.882033 0.024703 0.023593
0 0.618058 0.676951 0.019724 0.017786
0 0.290119 0.970327 0.022597 0.019782
0 0.186519 0.813793 0.022597 0.020327
0 0.542800 0.020417 0.020873 0.019056
0 0.035427 0.839655 0.021831 0.021960
0 0.414209 0.768240 0.021448 0.021779
0 0.518575 0.766697 0.023363 0.020145
0 0.594217 0.682486 0.024895 0.021597
0 0.871697 0.270327 0.026044 0.020145
0 0.821046 0.610708 0.019724 0.025771
0 0.923209 0.197731 0.021448 0.022323
0 0.440636 0.834211 0.024512 0.017604
0 0.033704 0.474773 0.024512 0.022142
0 0.949349 0.110254 0.022405 0.025953
0 0.619016 0.040109 0.022405 0.020690
0 0.591440 0.616788 0.024703 0.018693
0 0.209498 0.655172 0.021831 0.017786
0 0.745979 0.226134 0.022788 0.024319
0 0.618920 0.065154 0.021065 0.024682
0 0.415071 0.969056 0.020490 0.021234
0 0.925412 0.700091 0.028916 0.023412
0 0.186423 0.931307 0.021639 0.024864
0 0.135006 0.224682 0.020682 0.020327
0 0.719360 0.612523 0.023554 0.025408
0 0.541746 0.518966 0.021831 0.023049
0 0.440923 0.947005 0.023554 0.020690
0 0.261969 0.638748 0.022597 0.016878
0 0.235063 0.539927 0.022022 0.016697
0 0.159422 0.024319 0.024320 0.024319
0 0.163347 0.859347 0.021448 0.019601
0 0.949828 0.465699 0.022597 0.025408
0 0.823727 0.565699 0.025852 0.030127
0 0.896879 0.722686 0.019341 0.019601
0 0.492915 0.699546 0.024895 0.025590
0 0.593738 0.724138 0.021639 0.015971
0 0.543661 0.789292 0.022597 0.024319
0 0.824876 0.202269 0.025469 0.018330
0 0.819705 0.949183 0.025086 0.018149
0 0.084259 0.521597 0.023746 0.018149
0 0.820088 0.930490 0.027001 0.019964
0 0.491766 0.722232 0.023363 0.018330
0 0.949540 0.134301 0.023554 0.023230
0 0.951072 0.084120 0.025469 0.023412
0 0.869399 0.835118 0.024512 0.020145
0 0.544715 0.814519 0.025852 0.021416
0 0.950594 0.607985 0.027193 0.023230
0 0.871984 0.946642 0.023554 0.026860
0 0.566450 0.554265 0.020682 0.022868
0 0.873037 0.634392 0.022214 0.023775
0 0.495021 0.860617 0.022597 0.020690
0 0.112696 0.952087 0.023554 0.024319
0 0.541938 0.271325 0.023746 0.022505
0 0.896400 0.631216 0.021831 0.019964
0 0.493681 0.658258 0.023746 0.024319
0 0.770203 0.539746 0.023746 0.017423
0 0.871697 0.585299 0.020299 0.017060
0 0.136250 0.838385 0.021639 0.017604
0 0.871505 0.789564 0.027193 0.018693
0 0.796534 0.635390 0.023937 0.026497
0 0.494830 0.791561 0.024895 0.018693
0 0.035523 0.201543 0.027384 0.019782
0 0.923688 0.562613 0.020873 0.025045
0 0.542129 0.631488 0.023363 0.020871
0 0.494447 0.880762 0.019150 0.018149
0 0.691976 0.563158 0.026235 0.017786
0 0.543661 0.699183 0.021065 0.022323
0 0.085599 0.068421 0.020682 0.021416
0 0.493776 0.815064 0.019724 0.025408
0 0.950115 0.157532 0.025852 0.021416
0 0.616047 0.563884 0.021448 0.022142
0 0.923784 0.586479 0.025278 0.020145
0 0.439966 0.928403 0.021639 0.018693
0 0.133282 0.587296 0.021448 0.022142
0 0.619877 0.019328 0.020299 0.017604
0 0.898123 0.561525 0.023363 0.018149
0 0.388931 0.723956 0.021065 0.016697
0 0.770107 0.849909 0.024320 0.030490
0 0.493872 0.108802 0.025278 0.017967
0 0.874665 0.133666 0.023171 0.016515
0 0.643240 0.653630 0.025278 0.017241
0 0.210169 0.633394 0.022788 0.017060
0 0.212658 0.970327 0.023171 0.020871
0 0.060705 0.677949 0.024512 0.018693
0 0.237361 0.678403 0.022788 0.023956
0 0.896783 0.819691 0.024129 0.017241
0 0.387016 0.021688 0.024512 0.020145
0 0.492149 0.517877 0.021448 0.018330
0 0.086174 0.860345 0.022980 0.023412
0 0.823631 0.589020 0.021831 0.016878
0 0.285427 0.022505 0.021256 0.021779
0 0.641995 0.227042 0.020107 0.024682
0 0.285427 0.592650 0.022022 0.023775
0 0.160666 0.477768 0.023746 0.017604
0 0.848525 0.656715 0.023746 0.023412
0 0.565301 0.536207 0.021065 0.014701
0 0.060705 0.025227 0.025661 0.020327
0 0.589238 0.518603 0.019916 0.020145
0 0.568556 0.705717 0.022980 0.014338
0 0.590961 0.576044 0.021448 0.018149
0 0.542704 0.611978 0.021065 0.015245
0 0.085504 0.836842 0.022788 0.016334
0 0.467254 0.108530 0.023746 0.018512
0 0.161815 0.951089 0.022980 0.023412
0 0.032555 0.274955 0.022980 0.022142
0 0.848813 0.200998 0.023554 0.021960
0 0.469456 0.973321 0.023937 0.018875
0 0.898411 0.158530 0.021256 0.021234
0 0.060513 0.931851 0.026810 0.019056
0 0.949349 0.043829 0.021256 0.019056
0 0.387112 0.041924 0.018958 0.019601
0 0.543566 0.590381 0.021639 0.025771
0 0.567694 0.971143 0.020873 0.019238
0 0.848238 0.678857 0.024703 0.020871
0 0.570663 0.809891 0.019916 0.023049
0 0.896304 0.958076 0.024320 0.017423
0 0.466105 0.632577 0.024895 0.016515
0 0.951360 0.422595 0.027959 0.019782
0 0.162964 0.879310 0.019916 0.019238
0 0.035523 0.904174 0.025086 0.024319
0 0.823152 0.428403 0.024320 0.015064
0 0.493585 0.636116 0.023554 0.018875
0 0.770969 0.874229 0.025661 0.016697
0 0.641325 0.564701 0.024129 0.017241
0 0.846132 0.951270 0.020490 0.015426
0 0.870260 0.855172 0.023554 0.019601
0 0.467158 0.369328 0.025852 0.017786
0 0.896400 0.769238 0.022214 0.026679
0 0.061279 0.951452 0.022980 0.018330
0 0.874282 0.224319 0.024703 0.017423
0 0.949445 0.584301 0.021831 0.017604
0 0.819609 0.969782 0.024129 0.019419
0 0.592876 0.659165 0.021448 0.016697
0 0.033129 0.570962 0.021831 0.022505
0 0.768863 0.765336 0.022980 0.026134
0 0.084642 0.541016 0.022597 0.013793
0 0.113462 0.973049 0.024320 0.015789
0 0.845557 0.933575 0.019341 0.017786
0 0.846802 0.591924 0.022597 0.015064
0 0.947147 0.537114 0.022597 0.017241
0 0.896400 0.939564 0.024895 0.016697
0 0.135197 0.611706 0.025278 0.016878
0 0.896783 0.795917 0.021831 0.027042
0 0.210264 0.065880 0.024512 0.019601
0 0.568269 0.620780 0.023554 0.013975
0 0.265320 0.969238 0.023554 0.027405
0 0.591823 0.383848 0.024320 0.015971
0 0.493585 0.678312 0.021256 0.014701
0 0.923114 0.268240 0.026235 0.017060
0 0.947625 0.515336 0.023937 0.021960
0 0.542512 0.969419 0.021448 0.024864
0 0.590578 0.560073 0.022214 0.014156
0 0.185657 0.971779 0.024703 0.019782
0 0.922922 0.223503 0.021256 0.029220
0 0.086653 0.973140 0.021256 0.016697
0 0.643144 0.044011 0.021639 0.017967
0 0.897932 0.584755 0.022980 0.023956
0 0.845366 0.871234 0.021256 0.024864
0 0.212466 0.951543 0.023554 0.017423
0 0.923114 0.016062 0.022022 0.017604
0 0.745787 0.612795 0.023937 0.012523
0 0.542800 0.721506 0.021639 0.021597
0 0.160666 0.972414 0.022980 0.018149
0 0.543470 0.679855 0.023746 0.018512
0 0.949828 0.402904 0.026044 0.018875
0 0.061183 0.795917 0.018958 0.025590
0 0.921390 0.971869 0.021639 0.020690
0 0.239372 0.906534 0.026810 0.017060
0 0.493202 0.949365 0.018958 0.018512
0 0.084546 0.023503 0.019724 0.019419
0 0.033321 0.524319 0.022597 0.017060
0 0.312141 0.970508 0.017618 0.022323
0 0.797204 0.615336 0.024129 0.013975
0 0.033991 0.346007 0.022788 0.024138
0 0.719169 0.675045 0.024320 0.014338
0 0.595079 0.973684 0.022022 0.018512
0 0.133761 0.020599 0.023171 0.020508
0 0.265416 0.949546 0.022214 0.015971
0 0.061566 0.971779 0.021639 0.019056
0 0.033225 0.139020 0.024320 0.021779
0 0.947434 0.177768 0.020873 0.016878
0 0.035427 0.592650 0.020682 0.019056
0 0.038204 0.181670 0.022022 0.018875
0 0.895730 0.834211 0.021639 0.016515
0 0.035906 0.431942 0.021256 0.022142
0 0.060896 0.658167 0.023746 0.020508
0 0.615473 0.588657 0.021831 0.017241
0 0.061566 0.636661 0.021639 0.016697
0 0.871601 0.922323 0.020490 0.018512
0 0.185561 0.953539 0.021065 0.018149
0 0.493298 0.926407 0.017618 0.017604
0 0.949062 0.316243 0.021831 0.022323
0 0.035523 0.117786 0.020873 0.022505
0 0.946381 0.219419 0.023363 0.022142
0 0.870931 0.971143 0.020682 0.021779
0 0.035140 0.451361 0.028916 0.023956
0 0.034278 0.025862 0.022214 0.019419
0 0.870452 0.882123 0.018958 0.019782
0 0.745404 0.529583 0.019724 0.011615
0 0.921007 0.813249 0.023937 0.021416
0 0.035810 0.050998 0.021448 0.023593
0 0.035810 0.072868 0.023746 0.022323
0 0.034087 0.094737 0.022597 0.019238
0 0.945998 0.199909 0.023746 0.024501
0 0.948774 0.271506 0.024703 0.020327
0 0.949349 0.294465 0.021256 0.023412
0 0.033512 0.368058 0.021448 0.019238
0 0.036863 0.386207 0.023554 0.017060
0 0.036289 0.413975 0.027001 0.021416
0 0.922827 0.635027 0.024895 0.019238
0 0.921199 0.653721 0.023554 0.018149
0 0.920624 0.673956 0.022405 0.020145
0 0.919475 0.833575 0.020107 0.019238
0 0.896974 0.922686 0.024895 0.022505
0 0.873324 0.900726 0.022405 0.019238
0 0.845749 0.970690 0.025852 0.022323
0 0.036959 0.971779 0.021448 0.022323
0 0.035236 0.949365 0.018001 0.022505
0 0.058885 0.770508 0.022405 0.025590
