0 0.920655 0.178556 0.083657 0.078473
0 0.917853 0.274024 0.103062 0.110785
0 0.917421 0.395090 0.084088 0.116240
0 0.766494 0.181704 0.096162 0.084767
0 0.761966 0.276962 0.091419 0.094838
0 0.765201 0.375367 0.084950 0.096097
0 0.763476 0.485522 0.099612 0.107428
0 0.771453 0.595468 0.077620 0.094838
0 0.771238 0.721779 0.115136 0.136802
0 0.766925 0.833193 0.103924 0.107847
0 0.611255 0.177927 0.103924 0.092321
0 0.620526 0.291439 0.120742 0.100294
0 0.615351 0.422786 0.117292 0.119597
0 0.617723 0.549098 0.092712 0.105329
0 0.617076 0.694293 0.122467 0.127151
0 0.634110 0.829417 0.139284 0.111204
0 0.427339 0.178976 0.137128 0.113722
0 0.430789 0.275913 0.093144 0.096937
0 0.423027 0.391523 0.114705 0.110785
0 0.427555 0.499580 0.112549 0.105329
0 0.427339 0.615820 0.101768 0.101133
0 0.423027 0.709820 0.108668 0.093580
0 0.426261 0.822912 0.110824 0.104070
0 0.276197 0.200378 0.119448 0.139740
0 0.266494 0.310743 0.082794 0.080990
0 0.273825 0.399706 0.119017 0.101133
0 0.267788 0.490978 0.102630 0.079731
