0 0.807739 0.075120 0.134220 0.090670
0 0.807134 0.169733 0.135429 0.100307
0 0.805623 0.264783 0.132406 0.094174
0 0.805623 0.355891 0.129988 0.095050
0 0.801995 0.447876 0.125151 0.099431
0 0.801693 0.541393 0.134220 0.106877
0 0.797461 0.630968 0.128174 0.089794
0 0.801088 0.727770 0.135429 0.103811
0 0.800181 0.819755 0.137243 0.084538
0 0.796856 0.913710 0.126965 0.097240
0 0.669287 0.079282 0.119710 0.091108
0 0.670798 0.167543 0.131197 0.100307
0 0.666264 0.260403 0.136638 0.089794
0 0.669287 0.359177 0.128174 0.069207
0 0.672612 0.446781 0.144498 0.101621
0 0.661125 0.541831 0.126360 0.092860
0 0.659613 0.631187 0.133011 0.093736
0 0.667170 0.720324 0.150544 0.103811
0 0.657195 0.819536 0.140266 0.112133
0 0.661729 0.924442 0.122733 0.103811
0 0.524788 0.080377 0.140266 0.101183
0 0.521765 0.173237 0.134220 0.090670
0 0.530532 0.267411 0.160218 0.095050
0 0.528416 0.356110 0.149940 0.097240
0 0.524486 0.451161 0.137243 0.097240
0 0.529625 0.539203 0.141475 0.083224
0 0.527811 0.631187 0.140266 0.098117
0 0.523277 0.726237 0.139661 0.096364
0 0.523277 0.820850 0.151753 0.103373
0 0.526904 0.924004 0.138452 0.100307
0 0.402358 0.078844 0.122733 0.091984
0 0.401451 0.169514 0.126965 0.091984
0 0.395707 0.258870 0.136034 0.086728
0 0.395405 0.360710 0.147521 0.109067
0 0.393591 0.461892 0.122128 0.090670
0 0.389057 0.553000 0.143289 0.085414
0 0.391173 0.642357 0.133011 0.096802
0 0.386941 0.738502 0.135429 0.095488
0 0.389057 0.830924 0.137243 0.096364
0 0.389964 0.925537 0.147521 0.086728
0 0.260883 0.088918 0.137243 0.110381
0 0.260580 0.179150 0.128174 0.072711
0 0.264208 0.267849 0.141475 0.085414
0 0.258464 0.363557 0.129988 0.101621
0 0.260580 0.457512 0.140266 0.084538
0 0.259069 0.551029 0.143289 0.089356
0 0.262092 0.636005 0.143289 0.101621
0 0.262394 0.736531 0.140266 0.109943
0 0.253325 0.832019 0.125756 0.094174
0 0.256953 0.923784 0.129383 0.087604
