0 0.764813 0.169076 0.228537 0.171704
0 0.766324 0.341656 0.225514 0.181340
0 0.764813 0.514017 0.234583 0.167762
0 0.765115 0.671704 0.240024 0.143233
0 0.769347 0.826763 0.231560 0.181778
0 0.545345 0.166448 0.210399 0.160315
0 0.542322 0.332019 0.214027 0.151555
0 0.541717 0.486421 0.221282 0.169514
0 0.538694 0.642357 0.227328 0.157249
0 0.539601 0.803110 0.246070 0.166886
0 0.322854 0.166010 0.228537 0.161191
0 0.314692 0.333114 0.203748 0.181778
0 0.320133 0.508103 0.218259 0.175208
0 0.324970 0.675427 0.218259 0.161191
0 0.329807 0.836180 0.232769 0.164696
