0 0.753340 0.607942 0.068277 0.094523
0 0.666712 0.619411 0.080106 0.085417
0 0.666359 0.292009 0.075472 0.108682
0 0.833986 0.723859 0.068034 0.090356
0 0.586226 0.194414 0.070533 0.085337
0 0.666985 0.192843 0.067628 0.077417
0 0.668037 0.510791 0.070592 0.109457
0 0.755162 0.194155 0.081502 0.089290
0 0.586040 0.711651 0.073495 0.086898
0 0.584447 0.294800 0.072150 0.100615
0 0.836967 0.198381 0.068195 0.088813
0 0.665320 0.718857 0.077833 0.093651
0 0.664664 0.391369 0.058506 0.058286
0 0.838316 0.507531 0.066659 0.104900
0 0.753803 0.710179 0.068236 0.078839
0 0.748537 0.407168 0.065188 0.098808
0 0.752364 0.817817 0.069350 0.122707
0 0.836783 0.617667 0.061325 0.084371
0 0.749923 0.510883 0.064331 0.081455
0 0.589933 0.611829 0.065516 0.079199
0 0.837254 0.406549 0.074847 0.084833
0 0.752632 0.289584 0.077529 0.086429
0 0.663519 0.827265 0.073633 0.116703
0 0.588520 0.507354 0.066894 0.083959
0 0.834343 0.310743 0.070112 0.116613
0 0.833833 0.820767 0.063351 0.102635
0 0.589646 0.391485 0.069799 0.059510
