0 0.911341 0.134155 0.062011 0.073241
0 0.907318 0.203367 0.060223 0.066627
0 0.913240 0.267228 0.060223 0.055562
0 0.914134 0.336140 0.058436 0.078653
0 0.912849 0.409260 0.055866 0.073121
0 0.911173 0.479074 0.061006 0.079495
0 0.915084 0.547565 0.067039 0.064702
0 0.917151 0.610884 0.069609 0.063860
0 0.910726 0.679375 0.056760 0.073121
0 0.912905 0.753397 0.067821 0.073001
0 0.910782 0.823211 0.070503 0.066627
0 0.914190 0.887553 0.072179 0.067589
0 0.846257 0.129345 0.060112 0.062898
0 0.845866 0.202465 0.064469 0.081419
0 0.846369 0.274624 0.061899 0.070355
0 0.846760 0.340770 0.067821 0.074925
0 0.843743 0.410162 0.058436 0.073001
0 0.847542 0.481359 0.064469 0.073001
0 0.843687 0.546603 0.054972 0.072159
0 0.842011 0.616476 0.061899 0.078653
0 0.846760 0.684907 0.069609 0.067589
0 0.841564 0.749729 0.066145 0.078653
0 0.841117 0.818160 0.063687 0.058208
0 0.842011 0.886109 0.061899 0.077691
0 0.780112 0.130788 0.065251 0.076849
0 0.776257 0.202465 0.059330 0.073963
0 0.776648 0.270054 0.063687 0.070355
0 0.778380 0.342634 0.061788 0.075045
0 0.778771 0.407877 0.057654 0.064823
0 0.777542 0.473121 0.065251 0.065664
0 0.777542 0.547986 0.060112 0.085989
0 0.780503 0.616476 0.069609 0.063740
0 0.779330 0.681179 0.061899 0.078653
0 0.780112 0.748767 0.060112 0.071197
0 0.779274 0.818581 0.070503 0.068431
0 0.777095 0.892123 0.076425 0.067589
0 0.712123 0.131630 0.065363 0.061936
0 0.713464 0.198797 0.064469 0.077691
0 0.716034 0.269994 0.064469 0.064702
0 0.712179 0.337523 0.060112 0.073963
0 0.712179 0.404630 0.060112 0.076849
0 0.712179 0.478112 0.061899 0.079495
0 0.711341 0.544257 0.068715 0.074925
0 0.712291 0.613169 0.067039 0.081419
0 0.712235 0.682622 0.058436 0.050030
0 0.710894 0.749248 0.062682 0.064702
0 0.714413 0.820926 0.057654 0.078653
0 0.710112 0.890319 0.062682 0.073121
0 0.649832 0.129345 0.066145 0.062898
0 0.652402 0.203848 0.055866 0.065664
0 0.647765 0.268671 0.053296 0.065664
0 0.648994 0.340229 0.054190 0.079615
0 0.648603 0.416176 0.068827 0.081419
0 0.646872 0.481419 0.063575 0.065664
0 0.647654 0.544859 0.063575 0.066506
0 0.647765 0.613710 0.058436 0.058208
0 0.646872 0.684907 0.056648 0.071197
0 0.646872 0.753818 0.058436 0.066627
0 0.647709 0.823692 0.061899 0.075045
0 0.645140 0.892123 0.056760 0.065664
0 0.580279 0.130307 0.064469 0.060974
0 0.581564 0.202586 0.072179 0.068431
0 0.580726 0.268611 0.068715 0.063860
0 0.580670 0.339387 0.067039 0.075767
0 0.579441 0.407396 0.062793 0.074925
0 0.578994 0.474504 0.060112 0.068431
0 0.581955 0.543836 0.069609 0.075767
0 0.584525 0.615995 0.064469 0.068551
0 0.582402 0.681660 0.060223 0.061094
0 0.582011 0.751473 0.067933 0.063860
0 0.578156 0.820445 0.065363 0.068551
0 0.581117 0.887974 0.062793 0.068431
0 0.426034 0.135899 0.067039 0.055562
0 0.424302 0.206615 0.058436 0.071197
0 0.423799 0.275586 0.055866 0.068431
0 0.422123 0.340770 0.055866 0.067468
0 0.423017 0.408779 0.055866 0.068551
0 0.423408 0.479555 0.065363 0.063860
0 0.423017 0.552676 0.062793 0.074925
0 0.420838 0.619242 0.065363 0.073121
0 0.419553 0.687673 0.062793 0.071197
0 0.422179 0.757246 0.064469 0.069393
0 0.417486 0.825496 0.061788 0.067589
0 0.420000 0.892604 0.073966 0.074083
0 0.357263 0.137222 0.058436 0.076729
0 0.358547 0.209922 0.062793 0.068431
0 0.356816 0.274203 0.066257 0.054600
0 0.355140 0.343596 0.062682 0.078653
0 0.356425 0.415274 0.061899 0.072159
0 0.350335 0.484606 0.065363 0.075887
0 0.353296 0.553097 0.066145 0.077691
0 0.355084 0.617859 0.062793 0.068431
0 0.353408 0.683524 0.055866 0.081419
0 0.351620 0.751533 0.066145 0.067589
0 0.351676 0.818641 0.047263 0.083223
0 0.349050 0.890319 0.067933 0.073121
0 0.291453 0.136801 0.052402 0.075887
0 0.292346 0.207577 0.061117 0.080577
0 0.286760 0.271858 0.060223 0.060974
0 0.287151 0.342634 0.055866 0.065664
0 0.291508 0.415695 0.073073 0.074925
0 0.289330 0.483704 0.056648 0.074083
0 0.288939 0.544317 0.061006 0.065664
0 0.287207 0.609561 0.059330 0.070355
0 0.282011 0.683524 0.062793 0.075887
0 0.283296 0.751052 0.063575 0.074083
0 0.284581 0.821407 0.061006 0.066627
0 0.287654 0.888034 0.066034 0.074324
0 0.226201 0.135418 0.059330 0.071197
0 0.226592 0.209441 0.061899 0.076849
0 0.224804 0.276067 0.065251 0.063860
0 0.224469 0.341251 0.066145 0.077811
0 0.226201 0.410704 0.064469 0.077691
0 0.220168 0.478172 0.064469 0.068551
0 0.221061 0.545280 0.064469 0.078653
0 0.221397 0.615995 0.058436 0.072159
0 0.218045 0.685448 0.068715 0.073963
0 0.217989 0.753879 0.060112 0.070355
0 0.220168 0.820505 0.066257 0.057366
0 0.218883 0.883343 0.061899 0.066627
0 0.162179 0.134035 0.070503 0.057366
0 0.162570 0.200601 0.059218 0.064702
0 0.158715 0.269092 0.058436 0.066506
0 0.161732 0.344498 0.064469 0.076849
0 0.160838 0.413410 0.071397 0.070355
0 0.156145 0.477270 0.058436 0.062898
0 0.156145 0.542453 0.060223 0.069393
0 0.156145 0.614612 0.060223 0.076849
0 0.156927 0.684967 0.055084 0.058328
0 0.156983 0.751533 0.065251 0.065664
0 0.158659 0.819062 0.061899 0.065785
0 0.157430 0.887974 0.062793 0.059290
0 0.097263 0.140469 0.059330 0.072159
0 0.096369 0.208058 0.059330 0.072159
0 0.094246 0.273722 0.061788 0.068551
0 0.092961 0.340289 0.061006 0.070355
0 0.092905 0.410583 0.050615 0.068551
0 0.093799 0.477751 0.062682 0.069393
0 0.093855 0.546182 0.061006 0.061936
0 0.091229 0.614191 0.064469 0.083223
0 0.092067 0.681720 0.064358 0.062898
0 0.091229 0.746001 0.064469 0.062057
0 0.091676 0.814432 0.063575 0.076729
0 0.092123 0.885207 0.069609 0.081419
