0 0.328578 0.260306 0.064280 0.078519
0 0.809593 0.551915 0.069276 0.088836
0 0.252871 0.819147 0.058435 0.086005
0 0.396968 0.615781 0.066914 0.089246
0 0.321869 0.463829 0.051781 0.071250
0 0.183788 0.833459 0.056675 0.068078
0 0.737267 0.475309 0.066208 0.078359
0 0.598213 0.257577 0.061958 0.077338
0 0.257868 0.398711 0.051903 0.067287
0 0.809589 0.651006 0.067420 0.097075
0 0.322542 0.542017 0.061401 0.084060
0 0.736930 0.399593 0.053716 0.066524
0 0.597074 0.332141 0.062045 0.079247
0 0.737263 0.556159 0.065456 0.080997
0 0.187739 0.757434 0.065020 0.081934
0 0.258185 0.323970 0.061166 0.077863
0 0.188233 0.681597 0.058993 0.073108
0 0.251360 0.749126 0.050797 0.057087
0 0.324750 0.761587 0.063125 0.070081
0 0.667091 0.326277 0.063954 0.073663
0 0.324007 0.691290 0.063454 0.071071
0 0.665966 0.257975 0.044472 0.065562
0 0.322637 0.619582 0.063457 0.075542
0 0.190985 0.260081 0.060943 0.083467
0 0.741226 0.695100 0.050616 0.069045
0 0.808707 0.253916 0.055028 0.071830
0 0.191035 0.417005 0.063266 0.082894
0 0.598442 0.458569 0.056591 0.068500
0 0.398098 0.831043 0.060454 0.074451
0 0.671082 0.487973 0.050722 0.080500
0 0.808891 0.821377 0.057802 0.081176
0 0.259954 0.250781 0.058263 0.067318
0 0.321819 0.393019 0.058631 0.065297
0 0.254643 0.685481 0.052792 0.073413
0 0.393206 0.541599 0.059830 0.069166
0 0.740301 0.773710 0.064512 0.080669
0 0.734586 0.323217 0.060211 0.075736
0 0.807230 0.324955 0.053669 0.067085
0 0.256168 0.472571 0.049066 0.069500
0 0.596951 0.397588 0.060572 0.063494
0 0.808113 0.469967 0.063515 0.075784
0 0.190722 0.605992 0.057798 0.072552
0 0.326164 0.328611 0.051586 0.063897
0 0.395854 0.764460 0.051223 0.057673
0 0.253770 0.543537 0.055582 0.071063
0 0.255987 0.613704 0.054439 0.067608
0 0.189570 0.538315 0.061644 0.063936
0 0.597577 0.592409 0.056332 0.072456
0 0.323607 0.831134 0.055153 0.073017
0 0.190230 0.336269 0.057077 0.075116
0 0.598380 0.523762 0.060982 0.070649
0 0.392683 0.423688 0.060102 0.065587
0 0.807322 0.394933 0.059553 0.070877
0 0.740820 0.628824 0.059300 0.048994
0 0.809702 0.741727 0.060570 0.083216
0 0.599160 0.689978 0.059619 0.066579
0 0.667010 0.576725 0.062494 0.096426
0 0.600003 0.641877 0.059370 0.044067
0 0.669282 0.422192 0.060064 0.049950
0 0.394609 0.357615 0.062410 0.074616
0 0.190077 0.482076 0.062330 0.048584
0 0.742148 0.249358 0.071684 0.070183
0 0.393191 0.481253 0.051483 0.060387
0 0.668584 0.379967 0.059934 0.045080
0 0.666036 0.740457 0.054341 0.064775
0 0.666267 0.644426 0.045857 0.041230
0 0.667157 0.687130 0.048098 0.048284
