0 0.853182 0.140962 0.112190 0.090671
0 0.854459 0.273178 0.116790 0.082216
0 0.850371 0.420700 0.115768 0.087464
0 0.847943 0.567347 0.111423 0.083382
0 0.853182 0.715889 0.115768 0.105248
0 0.853182 0.858017 0.117812 0.087464
0 0.726680 0.143586 0.120368 0.074927
0 0.724508 0.284111 0.113979 0.104082
0 0.728980 0.419534 0.114235 0.087464
0 0.726680 0.570554 0.107590 0.128863
0 0.728086 0.712682 0.116024 0.101166
0 0.728086 0.856268 0.110401 0.111370
0 0.599412 0.135860 0.110657 0.090379
0 0.419244 0.134257 0.062101 0.060350
0 0.416432 0.197376 0.062101 0.053061
0 0.414516 0.257726 0.067467 0.057143
0 0.414132 0.312391 0.070279 0.056268
0 0.418221 0.381050 0.069256 0.062391
0 0.412727 0.464431 0.071045 0.076968
0 0.410427 0.653790 0.062867 0.064431
0 0.413621 0.731487 0.065679 0.082216
0 0.418221 0.815743 0.072834 0.075802
0 0.411960 0.882362 0.063890 0.059184
0 0.328776 0.136880 0.052901 0.073761
0 0.330693 0.248834 0.073090 0.081341
0 0.331076 0.332070 0.068234 0.068805
0 0.330181 0.415889 0.066445 0.073761
0 0.325581 0.503936 0.079223 0.062682
0 0.329670 0.568513 0.073090 0.068805
0 0.329287 0.664869 0.073856 0.094752
0 0.324304 0.748542 0.076668 0.066764
