0 0.859011 0.148064 0.281978 0.217256
0 0.855333 0.337596 0.289334 0.181405
0 0.837761 0.535253 0.324479 0.190010
0 0.833061 0.718332 0.333878 0.171845
0 0.842460 0.901410 0.315080 0.190010
0 0.532489 0.144240 0.326931 0.177103
0 0.529628 0.332696 0.299142 0.156310
0 0.531671 0.521152 0.272987 0.190010
0 0.523089 0.714986 0.293421 0.165153
0 0.524928 0.900813 0.345321 0.173996
0 0.206579 0.142567 0.302820 0.156549
0 0.223130 0.316802 0.362076 0.157505
0 0.194320 0.507529 0.263588 0.223948
0 0.205558 0.711281 0.348999 0.168260
0 0.200858 0.885038 0.317532 0.190249
