0 0.233651 0.234759 0.022772 0.024955
0 0.792721 0.360071 0.019852 0.023173
0 0.724212 0.309358 0.022577 0.023351
0 0.209031 0.307219 0.023355 0.025490
0 0.280849 0.432799 0.022577 0.021390
0 0.141981 0.901604 0.022382 0.024955
0 0.725574 0.845811 0.022577 0.024599
0 0.329311 0.872549 0.022577 0.024242
0 0.282308 0.215865 0.025496 0.021390
0 0.840794 0.936453 0.023745 0.025134
0 0.583301 0.841087 0.022966 0.022638
0 0.097022 0.483155 0.020047 0.020856
0 0.209323 0.702139 0.021604 0.024599
0 0.536979 0.059091 0.024523 0.021212
0 0.282114 0.122727 0.024718 0.024421
0 0.699786 0.794207 0.023161 0.018004
0 0.747762 0.797237 0.021409 0.025134
0 0.185383 0.552585 0.019268 0.021390
0 0.559946 0.407398 0.023355 0.027629
0 0.701148 0.649020 0.023550 0.023529
0 0.723531 0.822460 0.020436 0.021747
0 0.234722 0.816221 0.024912 0.023886
0 0.419813 0.574866 0.022966 0.024242
0 0.072596 0.933155 0.023355 0.022816
0 0.675555 0.803119 0.022188 0.024421
0 0.184021 0.332977 0.022772 0.022103
0 0.701538 0.462923 0.026275 0.016043
0 0.418645 0.331373 0.024912 0.022103
0 0.513819 0.596791 0.022966 0.024242
0 0.909595 0.667558 0.021604 0.026381
0 0.256228 0.309447 0.022772 0.022816
0 0.209420 0.622014 0.022966 0.023351
0 0.817147 0.422995 0.023550 0.023173
0 0.724990 0.445900 0.022966 0.023708
0 0.164947 0.529768 0.023550 0.023529
0 0.513721 0.310250 0.023550 0.025490
0 0.281822 0.799376 0.022577 0.022995
0 0.700272 0.815954 0.024134 0.022282
0 0.701927 0.671123 0.021993 0.021747
0 0.747567 0.819519 0.022966 0.017291
0 0.257007 0.683601 0.022382 0.020677
0 0.073472 0.478699 0.024718 0.024064
0 0.071429 0.031373 0.022966 0.021034
0 0.419619 0.307576 0.023745 0.024421
0 0.515181 0.729857 0.024523 0.022282
0 0.817925 0.059804 0.020436 0.022995
0 0.282795 0.574421 0.022966 0.024421
0 0.817244 0.823440 0.022188 0.025134
0 0.187427 0.529947 0.020631 0.023529
0 0.208641 0.799465 0.023355 0.025668
0 0.305664 0.821212 0.024329 0.024599
0 0.794083 0.335561 0.022966 0.023708
0 0.232775 0.665062 0.023355 0.026025
0 0.677890 0.730927 0.022188 0.021925
0 0.841183 0.615865 0.023745 0.023529
0 0.817828 0.126025 0.024912 0.025668
0 0.746691 0.707665 0.020436 0.020321
0 0.630304 0.622371 0.022382 0.022638
0 0.304691 0.704724 0.023550 0.024421
0 0.629330 0.127540 0.019268 0.023708
0 0.816660 0.702941 0.021798 0.025490
0 0.841281 0.639127 0.019657 0.020856
0 0.324445 0.408378 0.021409 0.022816
0 0.559264 0.553119 0.019268 0.022103
0 0.207376 0.432888 0.023550 0.022638
0 0.163974 0.553476 0.022382 0.023173
0 0.842059 0.059537 0.023939 0.021390
0 0.653951 0.669519 0.025302 0.016043
0 0.281141 0.357576 0.021214 0.026738
0 0.232289 0.639661 0.019268 0.022995
0 0.699883 0.902852 0.022577 0.023529
0 0.723725 0.059804 0.022382 0.020856
0 0.629039 0.083244 0.022966 0.025312
0 0.793499 0.671658 0.022966 0.021747
0 0.817828 0.577005 0.022966 0.021390
0 0.934313 0.664973 0.023550 0.021925
0 0.724309 0.129234 0.021604 0.024242
0 0.724990 0.599465 0.022966 0.026025
0 0.394803 0.792424 0.023161 0.023708
0 0.629525 0.853298 0.023939 0.023886
0 0.771604 0.799198 0.025496 0.022282
0 0.441709 0.552050 0.022772 0.023886
0 0.233165 0.866756 0.022577 0.021212
0 0.631082 0.927362 0.021993 0.022638
0 0.584858 0.141711 0.023745 0.025312
0 0.910179 0.953030 0.023939 0.022638
0 0.887310 0.884225 0.023745 0.024064
0 0.256520 0.078699 0.022577 0.022995
0 0.072596 0.868895 0.022966 0.024777
0 0.723725 0.105080 0.020047 0.022995
0 0.724017 0.797861 0.023355 0.024599
0 0.936162 0.777629 0.021798 0.029412
0 0.699591 0.419786 0.023939 0.022816
0 0.234332 0.973440 0.023355 0.022460
0 0.768295 0.397148 0.024329 0.023529
0 0.559654 0.076560 0.021604 0.020499
0 0.233262 0.842157 0.023550 0.027273
0 0.582912 0.327273 0.025302 0.023529
0 0.536590 0.553298 0.021798 0.022816
0 0.770533 0.884135 0.022577 0.024599
0 0.118139 0.240196 0.020631 0.022995
0 0.419424 0.657041 0.020241 0.017469
0 0.652880 0.447861 0.022382 0.025847
0 0.935967 0.641800 0.021798 0.023708
0 0.560627 0.690553 0.021214 0.022103
0 0.515181 0.775579 0.027248 0.027451
0 0.490463 0.097148 0.026859 0.024599
0 0.653172 0.309180 0.024912 0.022282
0 0.328727 0.847594 0.022966 0.023886
0 0.628941 0.598039 0.020047 0.022816
0 0.932756 0.039840 0.024718 0.025490
0 0.723433 0.488681 0.021409 0.019786
0 0.793402 0.646791 0.020825 0.024064
0 0.629428 0.058913 0.023745 0.021925
0 0.607532 0.648485 0.022772 0.023886
0 0.865707 0.727005 0.022577 0.023708
0 0.607240 0.402050 0.024912 0.023708
0 0.165531 0.709180 0.020436 0.024064
0 0.910568 0.641533 0.023550 0.023173
0 0.629622 0.312567 0.022188 0.024421
0 0.397626 0.726827 0.021020 0.024421
0 0.793694 0.910606 0.022966 0.024064
0 0.584274 0.722460 0.022577 0.024599
0 0.841573 0.081105 0.023355 0.019964
0 0.350623 0.372995 0.025107 0.024421
0 0.281919 0.822549 0.022382 0.022282
0 0.258174 0.616132 0.022382 0.018004
0 0.701051 0.840285 0.022188 0.021747
0 0.418645 0.444385 0.018684 0.018182
0 0.793694 0.622995 0.021798 0.022103
0 0.376800 0.077986 0.022188 0.024421
0 0.257785 0.379679 0.024718 0.023173
0 0.374951 0.655169 0.023161 0.025847
0 0.234040 0.055882 0.022772 0.016221
0 0.864149 0.681729 0.021798 0.017647
0 0.747373 0.931907 0.022966 0.018895
0 0.282211 0.097772 0.025302 0.024777
0 0.420300 0.598128 0.022382 0.021569
0 0.841767 0.396881 0.024134 0.021925
0 0.676139 0.554189 0.020631 0.022103
0 0.209712 0.529857 0.023161 0.024421
0 0.561016 0.576381 0.022772 0.022995
0 0.418937 0.352050 0.023161 0.019251
0 0.630888 0.407665 0.023161 0.026025
0 0.628552 0.036185 0.021604 0.023173
0 0.630693 0.105793 0.022382 0.017647
0 0.911055 0.887968 0.022966 0.025490
0 0.910568 0.863191 0.023939 0.020143
0 0.841183 0.727897 0.024134 0.022638
0 0.560335 0.144029 0.021020 0.025668
0 0.119015 0.839929 0.023161 0.023529
0 0.282211 0.598307 0.021798 0.022995
0 0.231705 0.440998 0.022382 0.017825
0 0.864441 0.637522 0.022772 0.016934
0 0.582912 0.797950 0.022188 0.023708
0 0.163974 0.884314 0.020825 0.024242
0 0.677014 0.645544 0.020436 0.022282
0 0.841183 0.484848 0.022188 0.024599
0 0.817439 0.726738 0.022188 0.021747
0 0.257007 0.057398 0.021993 0.019964
0 0.887602 0.815419 0.021993 0.022638
0 0.770339 0.688414 0.022577 0.023886
0 0.746399 0.358111 0.021798 0.022460
0 0.374270 0.703119 0.023355 0.022282
0 0.724990 0.868182 0.024523 0.018717
0 0.910958 0.128164 0.023550 0.023529
0 0.280557 0.408200 0.021214 0.025312
0 0.677501 0.123084 0.022188 0.024421
0 0.209128 0.597326 0.020825 0.023886
0 0.910860 0.601070 0.024134 0.019608
0 0.887505 0.127273 0.024134 0.022816
0 0.258564 0.882531 0.023161 0.023529
0 0.793013 0.108289 0.025107 0.023351
0 0.305177 0.619519 0.022577 0.025490
0 0.396166 0.554635 0.021214 0.021925
0 0.352083 0.809893 0.023355 0.024777
0 0.373686 0.353476 0.019074 0.022460
0 0.119988 0.705793 0.021993 0.021212
0 0.281822 0.621212 0.019852 0.020677
0 0.443752 0.465597 0.024523 0.022103
0 0.442585 0.702317 0.025691 0.023886
0 0.910471 0.579323 0.021409 0.021747
0 0.675360 0.827362 0.022577 0.022638
0 0.351012 0.484938 0.024329 0.021569
0 0.701246 0.626471 0.021798 0.021569
0 0.302842 0.366221 0.019074 0.025490
0 0.142176 0.032264 0.022382 0.024599
0 0.139840 0.366043 0.021214 0.022638
0 0.120767 0.549554 0.021604 0.018182
0 0.208058 0.867736 0.022188 0.018895
0 0.653464 0.558734 0.022772 0.025490
0 0.257688 0.858200 0.022577 0.022995
0 0.675847 0.777273 0.022382 0.027273
0 0.654243 0.381996 0.023550 0.023529
0 0.560043 0.623529 0.024718 0.024242
0 0.259050 0.551515 0.024912 0.022103
0 0.559556 0.529768 0.022188 0.022460
0 0.724017 0.152406 0.021409 0.021034
0 0.747373 0.910160 0.021020 0.023529
0 0.257493 0.404991 0.024912 0.026381
0 0.143441 0.055793 0.021798 0.024599
0 0.188108 0.075668 0.022382 0.022282
0 0.582230 0.032888 0.021993 0.017291
0 0.117458 0.304367 0.021993 0.022995
0 0.443558 0.863993 0.025691 0.025312
0 0.230634 0.460873 0.023745 0.022995
0 0.747956 0.840374 0.021798 0.022995
0 0.306831 0.078253 0.023161 0.022816
0 0.535812 0.373886 0.022188 0.019073
0 0.512943 0.485383 0.021993 0.021747
0 0.444239 0.368449 0.022772 0.018895
0 0.513819 0.706328 0.022188 0.024777
0 0.651713 0.081907 0.021993 0.022995
0 0.353542 0.076203 0.022382 0.019786
0 0.443071 0.417469 0.025107 0.026381
0 0.514889 0.285116 0.020825 0.023708
0 0.304691 0.416578 0.022382 0.019964
0 0.351401 0.665330 0.022772 0.027273
0 0.935773 0.804545 0.022966 0.024777
0 0.724893 0.906863 0.020047 0.019786
0 0.841281 0.682799 0.020825 0.018360
0 0.605586 0.058289 0.023161 0.021390
0 0.118723 0.797504 0.022966 0.023173
0 0.724309 0.332531 0.022382 0.019786
0 0.234235 0.728075 0.021604 0.022638
0 0.582717 0.973351 0.021798 0.020856
0 0.095465 0.032353 0.022382 0.022995
0 0.420592 0.283601 0.022966 0.020677
0 0.420202 0.846524 0.021798 0.021747
0 0.206111 0.478966 0.021020 0.027451
0 0.606656 0.796078 0.020241 0.021390
0 0.396360 0.427273 0.021604 0.021390
0 0.795056 0.311141 0.024912 0.022282
0 0.183534 0.420143 0.021020 0.021034
0 0.162223 0.411230 0.022382 0.023529
0 0.700078 0.483244 0.022966 0.023529
0 0.374757 0.727540 0.024329 0.026203
0 0.559167 0.354278 0.019463 0.023708
0 0.328630 0.821212 0.021214 0.025668
0 0.209128 0.281462 0.023161 0.024599
0 0.794083 0.713369 0.020631 0.019251
0 0.935675 0.863993 0.023161 0.021747
0 0.607921 0.328520 0.023161 0.025312
0 0.095465 0.677094 0.021993 0.020856
0 0.185675 0.818271 0.021020 0.023708
0 0.724504 0.624866 0.021993 0.022282
0 0.072499 0.820143 0.023550 0.021747
0 0.842448 0.129323 0.024329 0.025847
0 0.233554 0.950000 0.022577 0.025847
0 0.351109 0.687879 0.022966 0.018895
0 0.164364 0.685918 0.021604 0.022460
0 0.560724 0.097415 0.020631 0.019786
0 0.325127 0.354278 0.021993 0.024777
0 0.770339 0.774955 0.024134 0.025134
0 0.936746 0.618360 0.023745 0.023173
0 0.330090 0.058289 0.023355 0.024242
0 0.282308 0.948039 0.023939 0.021925
0 0.443655 0.240642 0.023939 0.023173
0 0.257201 0.333066 0.023550 0.022282
0 0.097022 0.459358 0.020825 0.026025
0 0.118626 0.072816 0.023939 0.021925
0 0.771701 0.822995 0.022577 0.022816
0 0.606559 0.866310 0.021214 0.022103
0 0.395777 0.531373 0.023939 0.024599
0 0.399280 0.968627 0.023161 0.024242
0 0.537466 0.645187 0.021604 0.019073
0 0.188984 0.144742 0.024912 0.024599
0 0.560627 0.485472 0.024718 0.022282
0 0.397139 0.283244 0.020825 0.021390
0 0.443363 0.888414 0.020241 0.022816
0 0.769852 0.328520 0.021993 0.024242
0 0.702803 0.603922 0.022188 0.023529
0 0.119599 0.682888 0.022772 0.024599
0 0.185481 0.843939 0.021798 0.025134
0 0.330576 0.099109 0.022382 0.020677
0 0.817341 0.553030 0.021214 0.025847
0 0.677696 0.577540 0.021798 0.022816
0 0.724893 0.668182 0.022382 0.021212
0 0.909109 0.060160 0.022966 0.021212
0 0.281822 0.700089 0.022966 0.022995
0 0.140814 0.414973 0.021214 0.018895
0 0.420592 0.101337 0.021798 0.021212
0 0.700175 0.039216 0.024718 0.023886
0 0.630012 0.903654 0.021409 0.021569
0 0.769366 0.642335 0.023355 0.023351
0 0.653562 0.333155 0.021798 0.021390
0 0.397723 0.657219 0.022382 0.023529
0 0.795056 0.774421 0.023745 0.025134
0 0.418256 0.551604 0.021798 0.021212
0 0.327754 0.661586 0.022966 0.023351
0 0.536493 0.117647 0.022382 0.023529
0 0.280849 0.308289 0.020631 0.020856
0 0.583398 0.774242 0.023550 0.021569
0 0.887408 0.531551 0.024329 0.024242
0 0.793791 0.418806 0.023550 0.016221
0 0.676820 0.848574 0.023161 0.017647
0 0.583204 0.075401 0.022772 0.023173
0 0.095368 0.570766 0.023355 0.020677
0 0.771214 0.617469 0.023939 0.023173
0 0.396555 0.617469 0.020436 0.019964
0 0.841962 0.419073 0.023745 0.019608
0 0.793889 0.555526 0.022577 0.022282
0 0.653172 0.799198 0.021798 0.022282
0 0.306929 0.241266 0.023745 0.021925
0 0.723531 0.354367 0.022382 0.022103
0 0.746302 0.554456 0.019268 0.021925
0 0.327851 0.683957 0.020047 0.020677
0 0.165337 0.048663 0.023161 0.021390
0 0.701246 0.926827 0.021409 0.022638
0 0.418645 0.528610 0.019852 0.019786
0 0.233457 0.034938 0.026275 0.026738
0 0.329019 0.937166 0.023550 0.022995
0 0.304009 0.481729 0.023745 0.021569
0 0.350136 0.708021 0.025302 0.021390
0 0.418353 0.395633 0.022772 0.023708
0 0.374465 0.909893 0.021020 0.025847
0 0.653270 0.605882 0.021993 0.023886
0 0.162904 0.860160 0.023745 0.022995
0 0.232678 0.926827 0.021604 0.020499
0 0.187622 0.034403 0.019463 0.023529
0 0.700272 0.442959 0.024912 0.022460
0 0.841962 0.103565 0.023745 0.024242
0 0.418840 0.420945 0.022188 0.025490
0 0.442001 0.443048 0.024134 0.021925
0 0.888283 0.399109 0.024912 0.023529
0 0.628844 0.671212 0.020631 0.021569
0 0.606364 0.105258 0.022382 0.023351
0 0.558875 0.379947 0.021214 0.026560
0 0.910471 0.104011 0.022966 0.020499
0 0.537758 0.285918 0.020631 0.023529
0 0.233165 0.688146 0.022966 0.019430
0 0.230440 0.421123 0.022966 0.022638
0 0.792526 0.932709 0.021409 0.018717
0 0.351207 0.788503 0.023550 0.015865
0 0.630498 0.951070 0.020047 0.022995
0 0.208058 0.553119 0.022966 0.021034
0 0.887310 0.465419 0.021409 0.022103
0 0.606072 0.556774 0.022966 0.023351
0 0.420884 0.035294 0.021604 0.022460
0 0.164266 0.577005 0.022966 0.021034
0 0.119015 0.818538 0.022772 0.017112
0 0.230634 0.483244 0.021798 0.021390
0 0.629428 0.646524 0.019852 0.023529
0 0.329311 0.573708 0.023745 0.024064
0 0.095368 0.797415 0.023355 0.025134
0 0.207863 0.844742 0.022188 0.025312
0 0.628357 0.531818 0.020825 0.024064
0 0.840989 0.868984 0.022188 0.024955
0 0.304399 0.728253 0.021020 0.022282
0 0.232775 0.615686 0.022577 0.023173
0 0.325710 0.727094 0.020825 0.022816
0 0.583690 0.240553 0.021798 0.022995
0 0.375341 0.816845 0.020436 0.022282
0 0.747081 0.885383 0.019657 0.023886
0 0.186065 0.794652 0.020631 0.023886
0 0.331160 0.221212 0.022772 0.018895
0 0.374270 0.841087 0.019463 0.023351
0 0.700078 0.557576 0.023355 0.023886
0 0.792818 0.059982 0.025107 0.022995
0 0.119988 0.397683 0.022382 0.023529
0 0.488712 0.644385 0.021798 0.024955
0 0.513040 0.620677 0.021409 0.019964
0 0.188108 0.055437 0.021604 0.017112
0 0.863663 0.880214 0.024718 0.021034
0 0.724504 0.573619 0.020825 0.024955
0 0.771896 0.844742 0.023355 0.019608
0 0.513527 0.057130 0.020825 0.018717
0 0.206793 0.411765 0.021604 0.020321
0 0.724504 0.930570 0.021604 0.025490
0 0.281043 0.055615 0.023745 0.021034
0 0.163682 0.815330 0.020241 0.019608
0 0.281822 0.144920 0.022188 0.021390
0 0.376606 0.101961 0.023355 0.023173
0 0.629622 0.878966 0.021020 0.023529
0 0.072012 0.571569 0.019463 0.019430
0 0.256909 0.428520 0.024523 0.019964
0 0.607143 0.603832 0.023939 0.019430
0 0.842254 0.353209 0.022772 0.025490
0 0.443266 0.120143 0.025886 0.025668
0 0.491826 0.120588 0.024134 0.021212
0 0.653951 0.104635 0.022966 0.020677
0 0.162125 0.479055 0.020631 0.023351
0 0.909887 0.555258 0.022577 0.021390
0 0.630596 0.574688 0.022188 0.018895
0 0.184605 0.483690 0.021214 0.022282
0 0.183534 0.356506 0.020631 0.024599
0 0.164753 0.132353 0.020436 0.024064
0 0.816757 0.677184 0.021993 0.024242
0 0.097509 0.239305 0.021020 0.022638
0 0.701440 0.581105 0.022966 0.023173
0 0.793694 0.440820 0.022577 0.024955
0 0.607337 0.672638 0.020825 0.022638
0 0.865998 0.357398 0.024718 0.021390
0 0.419229 0.774421 0.021409 0.024064
0 0.536201 0.416578 0.021020 0.022460
0 0.701732 0.712389 0.021993 0.021569
0 0.840891 0.820143 0.023161 0.026381
0 0.138575 0.343137 0.019852 0.018895
0 0.324445 0.331551 0.024134 0.018895
0 0.863760 0.905348 0.021020 0.025312
0 0.119599 0.657665 0.022772 0.024064
0 0.142760 0.687433 0.021604 0.019430
0 0.841183 0.914082 0.023745 0.020677
0 0.794278 0.036542 0.026080 0.023529
0 0.583593 0.819608 0.023161 0.017469
0 0.816855 0.926649 0.021409 0.020856
0 0.259245 0.529590 0.022966 0.021034
0 0.232873 0.133244 0.020825 0.021925
0 0.841475 0.844474 0.023939 0.023351
0 0.206209 0.453387 0.021214 0.018004
0 0.491826 0.074510 0.024912 0.020677
0 0.258661 0.926738 0.023355 0.022816
0 0.559167 0.817825 0.022966 0.022103
0 0.232192 0.398039 0.023745 0.022460
0 0.257980 0.974421 0.022772 0.017291
0 0.186162 0.688146 0.021214 0.024064
0 0.558388 0.793316 0.024134 0.026916
0 0.537174 0.240731 0.021409 0.024064
0 0.793597 0.083957 0.023550 0.024242
0 0.397431 0.680660 0.020631 0.021925
0 0.818606 0.100089 0.022188 0.025134
0 0.653172 0.882531 0.024523 0.016043
0 0.840405 0.661141 0.022577 0.018895
0 0.349163 0.322906 0.021798 0.025847
0 0.887894 0.576738 0.022188 0.023351
0 0.164266 0.931283 0.022577 0.024421
0 0.724698 0.419162 0.023550 0.025490
0 0.324348 0.283601 0.021993 0.023173
0 0.375924 0.035116 0.020047 0.019608
0 0.306734 0.099109 0.023355 0.019251
0 0.864831 0.594652 0.023939 0.022103
0 0.841378 0.036631 0.019463 0.022638
0 0.398404 0.055437 0.020631 0.022816
0 0.583204 0.613636 0.023161 0.018717
0 0.607337 0.819608 0.021993 0.022460
0 0.747956 0.863547 0.021409 0.019430
0 0.234235 0.573708 0.022382 0.022282
0 0.395387 0.307219 0.020047 0.023708
0 0.490755 0.053654 0.023161 0.022816
0 0.865901 0.334225 0.021409 0.024599
0 0.306929 0.054367 0.022577 0.024242
0 0.607435 0.934135 0.022966 0.019430
0 0.745426 0.122638 0.021798 0.025668
0 0.793402 0.485472 0.023161 0.024064
0 0.209907 0.034938 0.021214 0.022460
0 0.233749 0.707041 0.021409 0.018717
0 0.933632 0.333333 0.019463 0.022816
0 0.281530 0.382620 0.021214 0.022282
0 0.282211 0.845187 0.022188 0.020856
0 0.935383 0.926916 0.024523 0.024242
0 0.607629 0.301604 0.022577 0.023886
0 0.444239 0.300713 0.023161 0.018182
0 0.818315 0.445365 0.021604 0.018360
0 0.206014 0.393048 0.023161 0.016756
0 0.303523 0.439394 0.021214 0.021747
0 0.606754 0.773351 0.022382 0.021212
0 0.095757 0.129768 0.022188 0.021034
0 0.118626 0.094385 0.021214 0.020143
0 0.818217 0.850000 0.021798 0.022995
0 0.537077 0.622727 0.020825 0.022995
0 0.488128 0.672193 0.024912 0.027094
0 0.605294 0.035561 0.021409 0.022638
0 0.817244 0.615865 0.021020 0.015686
0 0.330284 0.079679 0.022188 0.019251
0 0.095368 0.700891 0.023745 0.025668
0 0.095757 0.595989 0.022188 0.025847
0 0.443460 0.347237 0.021214 0.022460
0 0.160860 0.301337 0.021214 0.018717
0 0.676917 0.890285 0.021409 0.020856
0 0.910860 0.620588 0.024134 0.019073
0 0.888186 0.375668 0.021993 0.021212
0 0.583982 0.636453 0.022382 0.025847
0 0.304885 0.883512 0.023161 0.021925
0 0.816855 0.487433 0.023745 0.023708
0 0.841670 0.796524 0.025886 0.021212
0 0.815882 0.654635 0.021409 0.019430
0 0.934313 0.842781 0.023161 0.021390
0 0.186746 0.574955 0.021214 0.023708
0 0.350817 0.639216 0.021604 0.021034
0 0.443558 0.053654 0.025691 0.018182
0 0.607046 0.468093 0.023745 0.020677
0 0.141787 0.797326 0.021604 0.022816
0 0.910860 0.481551 0.022577 0.027629
0 0.654535 0.405793 0.024912 0.023351
0 0.560140 0.309626 0.020241 0.021034
0 0.210588 0.244029 0.024523 0.023173
0 0.537855 0.667736 0.022772 0.023886
0 0.256617 0.098930 0.022772 0.016756
0 0.935189 0.547504 0.022188 0.022282
0 0.282308 0.885829 0.022382 0.018360
0 0.887018 0.671212 0.020047 0.021925
0 0.936065 0.121390 0.023939 0.021747
0 0.142079 0.663993 0.021020 0.023886
0 0.164947 0.599020 0.025107 0.021569
0 0.349844 0.459893 0.020047 0.022460
0 0.935578 0.951070 0.024912 0.021925
0 0.354029 0.058289 0.020631 0.016399
0 0.256715 0.702763 0.020241 0.018360
0 0.071915 0.910606 0.023550 0.020143
0 0.166699 0.067825 0.021604 0.016578
0 0.747859 0.636364 0.020825 0.016043
0 0.323472 0.308913 0.021409 0.024599
0 0.419910 0.057843 0.020436 0.021212
0 0.233457 0.906684 0.022382 0.017291
0 0.538050 0.575401 0.020825 0.018182
0 0.119015 0.437166 0.019268 0.023708
0 0.793402 0.578253 0.021604 0.020321
0 0.934508 0.594385 0.021993 0.022995
0 0.329992 0.913102 0.022382 0.024421
0 0.329700 0.549020 0.021798 0.022103
0 0.306831 0.204278 0.021993 0.023886
0 0.352083 0.878699 0.021409 0.022995
0 0.205625 0.373708 0.021604 0.020143
0 0.514013 0.643137 0.023745 0.024955
0 0.651907 0.647415 0.021604 0.023886
0 0.257493 0.661408 0.023355 0.023708
0 0.139159 0.305169 0.019074 0.018182
0 0.349552 0.394742 0.022966 0.017647
0 0.607143 0.129501 0.022382 0.023708
0 0.210101 0.727094 0.022772 0.022103
0 0.351207 0.593316 0.020825 0.018360
0 0.653562 0.626381 0.022966 0.017112
0 0.396555 0.862834 0.021993 0.020856
0 0.207960 0.574510 0.023161 0.020677
0 0.490074 0.350089 0.022577 0.025312
0 0.307318 0.137166 0.021798 0.020856
0 0.911833 0.773173 0.022577 0.022995
0 0.350039 0.347772 0.023161 0.021747
0 0.419132 0.637879 0.020047 0.020856
0 0.606656 0.890642 0.021409 0.022995
0 0.164364 0.772638 0.022772 0.020856
0 0.164753 0.794831 0.020825 0.022460
0 0.769463 0.528164 0.022382 0.022103
0 0.865123 0.487433 0.024134 0.021925
0 0.536201 0.530303 0.021020 0.022103
0 0.394998 0.401961 0.023161 0.025312
0 0.142371 0.101070 0.022382 0.023173
0 0.817828 0.874866 0.021020 0.022103
0 0.724017 0.551604 0.021409 0.018004
0 0.676139 0.074688 0.025302 0.016399
0 0.141592 0.837790 0.020825 0.018895
0 0.840794 0.532264 0.022577 0.025668
0 0.119599 0.051961 0.021604 0.020499
0 0.513624 0.398217 0.023355 0.025312
0 0.746691 0.576025 0.021604 0.021569
0 0.418840 0.371925 0.021020 0.020499
0 0.443266 0.658824 0.023161 0.019608
0 0.165337 0.730570 0.020436 0.017291
0 0.818412 0.634581 0.022966 0.021747
0 0.096438 0.910963 0.023550 0.022995
0 0.889451 0.354100 0.021409 0.020856
0 0.934410 0.568895 0.022966 0.019786
0 0.186357 0.951515 0.020436 0.020677
0 0.676333 0.097415 0.021798 0.025134
0 0.793597 0.531016 0.024718 0.023886
0 0.395777 0.448574 0.021604 0.020499
0 0.374465 0.283066 0.021409 0.021747
0 0.395874 0.577807 0.023745 0.021925
0 0.605391 0.080838 0.021214 0.022282
0 0.234527 0.301604 0.021020 0.023886
0 0.328533 0.595633 0.021798 0.016934
0 0.163682 0.660873 0.020631 0.025490
0 0.817147 0.598039 0.022382 0.022460
0 0.443071 0.322549 0.023161 0.022995
0 0.186940 0.646702 0.023550 0.022460
0 0.119794 0.907130 0.023550 0.022103
0 0.724796 0.395633 0.022577 0.021569
0 0.886142 0.907130 0.021020 0.021034
0 0.094881 0.821301 0.019657 0.019430
0 0.652297 0.471747 0.021604 0.020499
0 0.118431 0.030927 0.020047 0.019786
0 0.935675 0.885651 0.021604 0.022282
0 0.536201 0.143939 0.023355 0.025134
0 0.842740 0.331551 0.021409 0.016756
0 0.911152 0.692513 0.025107 0.020677
0 0.140424 0.237968 0.021993 0.022816
0 0.118918 0.373708 0.022188 0.021925
0 0.374367 0.680570 0.023161 0.023173
0 0.282114 0.865954 0.021604 0.019964
0 0.864247 0.551070 0.021993 0.018360
0 0.701440 0.691711 0.021409 0.020499
0 0.164656 0.834848 0.021798 0.020499
0 0.629817 0.553565 0.022188 0.018004
0 0.560432 0.286542 0.023550 0.024777
0 0.935481 0.906150 0.023939 0.016578
0 0.256423 0.142424 0.021604 0.024599
0 0.209809 0.659358 0.023355 0.017112
0 0.442682 0.839840 0.021604 0.022282
0 0.677793 0.669875 0.021214 0.023173
0 0.351109 0.570410 0.019463 0.023173
0 0.887116 0.648663 0.021409 0.022103
0 0.420592 0.885740 0.022577 0.021034
0 0.864052 0.859180 0.020436 0.018182
0 0.796613 0.800713 0.024912 0.023529
0 0.118821 0.214439 0.018879 0.021390
0 0.560919 0.119430 0.019463 0.021390
0 0.233165 0.075579 0.022577 0.021034
0 0.886921 0.441889 0.023355 0.024955
0 0.185091 0.894207 0.021020 0.022995
0 0.095952 0.284314 0.020241 0.024599
0 0.701051 0.863012 0.021020 0.018717
0 0.307513 0.032442 0.021798 0.020677
0 0.653951 0.129234 0.024523 0.025312
0 0.911152 0.795365 0.021214 0.019964
0 0.699299 0.375668 0.024134 0.021569
0 0.257591 0.357219 0.023550 0.021034
0 0.119502 0.114884 0.024134 0.021212
0 0.280654 0.331373 0.020241 0.022816
0 0.353737 0.135829 0.019268 0.021390
0 0.677209 0.972995 0.022382 0.021212
0 0.419619 0.678431 0.022577 0.022103
0 0.581938 0.373351 0.023355 0.018360
0 0.841378 0.462745 0.024523 0.017825
0 0.583301 0.594118 0.018295 0.019608
0 0.097703 0.530392 0.021409 0.026203
0 0.397528 0.908556 0.022772 0.021747
0 0.396750 0.702852 0.018100 0.020677
0 0.283671 0.550891 0.020825 0.021569
0 0.186940 0.244742 0.020047 0.018895
0 0.678182 0.600178 0.024718 0.021747
0 0.259537 0.791355 0.021604 0.021925
0 0.582717 0.571925 0.020241 0.022995
0 0.745232 0.037344 0.023745 0.022638
0 0.232483 0.376560 0.023161 0.018360
0 0.886921 0.793137 0.024134 0.018717
0 0.606072 0.531907 0.023745 0.024955
0 0.841183 0.593761 0.022188 0.017112
0 0.349942 0.616310 0.023745 0.024064
0 0.490658 0.549911 0.023355 0.023886
0 0.864441 0.464528 0.022382 0.021747
0 0.676431 0.868360 0.022772 0.021569
0 0.513624 0.552852 0.020631 0.019073
0 0.652686 0.709269 0.020825 0.023173
0 0.349358 0.434848 0.021798 0.024777
0 0.164266 0.971212 0.021798 0.025134
0 0.631763 0.337522 0.022966 0.024064
0 0.489977 0.325847 0.021993 0.022460
0 0.794181 0.732175 0.021214 0.019073
0 0.911250 0.817825 0.021409 0.019964
0 0.653562 0.925936 0.022966 0.022282
0 0.119112 0.773351 0.021798 0.022638
0 0.373686 0.399911 0.018684 0.020856
0 0.419813 0.821747 0.020631 0.022103
0 0.515376 0.799287 0.027637 0.019964
0 0.886532 0.624242 0.021798 0.022816
0 0.353445 0.943850 0.023355 0.020321
0 0.818509 0.036631 0.022772 0.022638
0 0.910276 0.930303 0.022188 0.021747
0 0.769560 0.128520 0.022188 0.024599
0 0.096536 0.552317 0.021798 0.016934
0 0.513527 0.683155 0.020047 0.020143
0 0.816855 0.902852 0.023745 0.024242
0 0.141008 0.773351 0.021604 0.022995
0 0.184410 0.306595 0.021214 0.024955
0 0.653951 0.356863 0.024134 0.026025
0 0.769074 0.374688 0.025496 0.018182
0 0.165142 0.619430 0.023161 0.019608
0 0.420689 0.122282 0.021214 0.021747
0 0.375924 0.055793 0.020047 0.019964
0 0.769171 0.352674 0.021798 0.022638
0 0.841767 0.441266 0.022966 0.018717
0 0.353640 0.096613 0.022577 0.021747
0 0.513721 0.375490 0.021993 0.020143
0 0.073861 0.398307 0.024718 0.021569
0 0.207960 0.928788 0.021993 0.020856
0 0.793694 0.463636 0.024134 0.017469
0 0.910568 0.839750 0.021604 0.022460
0 0.071818 0.374153 0.022188 0.024599
0 0.399280 0.034581 0.018879 0.018538
0 0.769949 0.907041 0.020631 0.018717
0 0.142371 0.615062 0.018879 0.022638
0 0.747664 0.616934 0.021993 0.021034
0 0.746399 0.099376 0.022188 0.016578
0 0.512067 0.035205 0.021020 0.022995
0 0.792624 0.693405 0.019657 0.019608
0 0.934800 0.309180 0.021798 0.022638
0 0.699007 0.353476 0.021993 0.021034
0 0.768879 0.552406 0.021214 0.022103
0 0.887018 0.419786 0.022772 0.017825
0 0.560043 0.669162 0.020436 0.019608
0 0.724406 0.954189 0.019463 0.020677
0 0.559654 0.431105 0.021214 0.019073
0 0.187622 0.223173 0.021409 0.024242
0 0.094784 0.865865 0.021409 0.024421
0 0.184021 0.398752 0.021214 0.020677
0 0.934118 0.357308 0.022382 0.022638
0 0.139451 0.323975 0.020047 0.016578
0 0.934800 0.687433 0.021798 0.022282
0 0.535228 0.036364 0.024134 0.025312
0 0.584177 0.698396 0.021993 0.019608
0 0.257785 0.285205 0.021604 0.023886
0 0.793402 0.599643 0.019657 0.020321
0 0.398015 0.207576 0.022966 0.024064
0 0.281724 0.677540 0.023161 0.022103
0 0.864247 0.083155 0.017322 0.021925
0 0.141105 0.461943 0.020631 0.017291
0 0.769560 0.307219 0.021409 0.017647
0 0.865123 0.929679 0.021798 0.022282
0 0.096925 0.435472 0.021798 0.020677
0 0.305664 0.663636 0.018879 0.020321
0 0.583398 0.863102 0.020825 0.019608
0 0.325029 0.381373 0.022577 0.025134
0 0.259439 0.834046 0.021798 0.021747
0 0.094589 0.889127 0.021020 0.019251
0 0.934216 0.481373 0.021020 0.025490
0 0.327365 0.617647 0.021409 0.025668
0 0.233457 0.887611 0.023161 0.019430
0 0.283573 0.971123 0.022577 0.023529
0 0.817536 0.465419 0.021214 0.018538
0 0.769366 0.928520 0.019463 0.022460
0 0.535520 0.464260 0.022772 0.018360
0 0.071623 0.774866 0.021798 0.024599
0 0.538050 0.309091 0.021993 0.018182
0 0.536979 0.441266 0.024523 0.021569
0 0.768879 0.103476 0.019268 0.023708
0 0.117945 0.863993 0.022966 0.020321
0 0.329603 0.035294 0.022382 0.021747
0 0.653075 0.949020 0.021993 0.022816
0 0.233067 0.549198 0.023161 0.025312
0 0.120280 0.727897 0.022188 0.021925
0 0.304691 0.683690 0.021214 0.018717
0 0.328046 0.798485 0.021993 0.016934
0 0.394706 0.354635 0.021020 0.024777
0 0.865317 0.702585 0.023355 0.022282
0 0.747470 0.656150 0.020825 0.022816
0 0.328143 0.639929 0.021409 0.017469
0 0.210880 0.056061 0.022382 0.019786
0 0.677696 0.711676 0.021798 0.018360
0 0.350234 0.729144 0.023550 0.022638
0 0.606462 0.377540 0.021798 0.024599
0 0.652686 0.902852 0.021604 0.023173
0 0.119307 0.594029 0.020631 0.022638
0 0.653270 0.971480 0.020825 0.022460
0 0.141105 0.214171 0.020631 0.022282
0 0.351985 0.834759 0.022382 0.017469
0 0.677112 0.622193 0.021409 0.020856
0 0.443071 0.679590 0.023550 0.020856
0 0.305469 0.642424 0.020825 0.021390
0 0.256131 0.118984 0.020631 0.022282
0 0.863663 0.658734 0.019268 0.022638
0 0.444142 0.952317 0.022966 0.021212
0 0.582328 0.053387 0.022188 0.018717
0 0.560335 0.712389 0.022188 0.020499
0 0.071137 0.616132 0.023161 0.020143
0 0.232775 0.328253 0.023355 0.024064
0 0.186940 0.772549 0.018490 0.022103
0 0.699883 0.397059 0.023355 0.018360
0 0.164753 0.216399 0.021993 0.021390
0 0.420494 0.617380 0.020825 0.019786
0 0.187135 0.623886 0.020825 0.023529
0 0.909206 0.082353 0.021993 0.020677
0 0.936162 0.710071 0.025302 0.019786
0 0.184897 0.280660 0.021409 0.023708
0 0.161152 0.338948 0.020241 0.019786
0 0.630206 0.771123 0.023355 0.017469
0 0.420008 0.079857 0.021409 0.022103
0 0.232775 0.594831 0.023745 0.016399
0 0.233554 0.110963 0.021798 0.019786
0 0.441903 0.796524 0.020825 0.022995
0 0.258564 0.035561 0.020825 0.022638
0 0.325516 0.431907 0.018490 0.018182
0 0.258466 0.723619 0.022188 0.023708
0 0.796127 0.825401 0.020436 0.021569
0 0.283281 0.907754 0.020825 0.024064
0 0.443071 0.073619 0.025107 0.022816
0 0.700078 0.773708 0.020241 0.020499
0 0.206598 0.350178 0.022772 0.024064
0 0.071721 0.593672 0.022382 0.019786
0 0.095562 0.638503 0.021798 0.023886
0 0.489198 0.398307 0.023939 0.024421
0 0.119599 0.949733 0.021214 0.020677
0 0.676431 0.054367 0.025107 0.020321
0 0.559946 0.599554 0.023355 0.021925
0 0.327365 0.775847 0.020631 0.025490
0 0.354515 0.222282 0.021604 0.013904
0 0.629914 0.286631 0.019268 0.024242
0 0.583106 0.549287 0.021409 0.020143
0 0.629914 0.380481 0.021993 0.025134
0 0.724406 0.468806 0.021020 0.020677
0 0.187427 0.598128 0.020241 0.023708
0 0.725477 0.975490 0.022382 0.022282
0 0.488906 0.484848 0.023745 0.022460
0 0.095660 0.772549 0.021993 0.019608
0 0.653464 0.773529 0.020436 0.024064
0 0.185578 0.870053 0.020047 0.024242
0 0.768976 0.665954 0.021409 0.021034
0 0.724406 0.773529 0.024134 0.022638
0 0.306150 0.931105 0.021020 0.022638
0 0.819677 0.313458 0.021214 0.024064
0 0.888283 0.731283 0.021409 0.020499
0 0.653075 0.285740 0.024718 0.023886
0 0.792916 0.399554 0.019852 0.017291
0 0.887699 0.930838 0.022188 0.023886
0 0.559848 0.329857 0.020047 0.020499
0 0.865220 0.950267 0.021214 0.017112
0 0.654048 0.687433 0.023550 0.017291
0 0.330771 0.198574 0.022772 0.021390
0 0.559654 0.054724 0.020047 0.019608
0 0.306053 0.592246 0.021604 0.022995
0 0.161444 0.280303 0.022382 0.022282
0 0.183145 0.378520 0.021798 0.020856
0 0.864733 0.038681 0.023355 0.022460
0 0.442487 0.636453 0.023550 0.020143
0 0.558194 0.841533 0.022966 0.022103
0 0.330284 0.117291 0.019852 0.017825
0 0.584177 0.661497 0.021993 0.022816
0 0.396263 0.636720 0.021409 0.016756
0 0.207863 0.822193 0.023355 0.018717
0 0.912223 0.328699 0.021409 0.022103
0 0.096049 0.329857 0.023161 0.021925
0 0.305372 0.794920 0.021409 0.025847
0 0.138575 0.282086 0.019074 0.020856
0 0.095757 0.352317 0.022577 0.021569
0 0.352666 0.967825 0.021798 0.025490
0 0.443169 0.818449 0.023745 0.018360
0 0.350623 0.770856 0.021604 0.018717
0 0.117653 0.327184 0.019268 0.018360
0 0.840794 0.705348 0.024523 0.021747
0 0.747859 0.729679 0.022772 0.023708
0 0.398209 0.115597 0.021020 0.021925
0 0.353931 0.156863 0.021993 0.020677
0 0.306345 0.863725 0.022966 0.015865
0 0.396263 0.598485 0.021020 0.016934
0 0.283865 0.236720 0.023550 0.023886
0 0.840599 0.891979 0.020241 0.019251
0 0.606851 0.844474 0.019852 0.022995
0 0.283573 0.929323 0.020631 0.016578
0 0.489782 0.301070 0.020825 0.022103
0 0.373686 0.884225 0.020241 0.021569
0 0.281530 0.774242 0.020825 0.025134
0 0.583885 0.306239 0.021798 0.016043
0 0.302744 0.341889 0.018490 0.020321
0 0.913001 0.730125 0.024912 0.024242
0 0.304107 0.459715 0.023161 0.017469
0 0.210490 0.076827 0.020825 0.022103
0 0.442877 0.390820 0.023550 0.023708
0 0.817439 0.397861 0.023355 0.024599
0 0.163585 0.907576 0.023550 0.018717
0 0.117555 0.282709 0.019463 0.019964
0 0.352180 0.037344 0.018490 0.023708
0 0.653854 0.731105 0.020436 0.017291
0 0.514792 0.120232 0.020241 0.020143
0 0.843811 0.309982 0.023161 0.023886
0 0.161444 0.432175 0.020825 0.017647
0 0.209809 0.774242 0.022577 0.023708
0 0.374076 0.863904 0.021798 0.018360
0 0.257980 0.953654 0.021993 0.021390
0 0.329992 0.892781 0.021993 0.016221
0 0.140911 0.481996 0.019852 0.019608
0 0.331355 0.155704 0.021993 0.018004
0 0.677112 0.913191 0.022188 0.026381
0 0.888186 0.330749 0.024329 0.024421
0 0.769074 0.461765 0.023550 0.021569
0 0.747178 0.077362 0.022577 0.021747
0 0.513916 0.530214 0.020047 0.023708
0 0.165629 0.027451 0.020631 0.017825
0 0.884877 0.082353 0.022772 0.021034
0 0.962047 0.623262 0.026080 0.023708
0 0.141884 0.969519 0.022188 0.018538
0 0.233262 0.353209 0.023161 0.026203
0 0.515084 0.840018 0.025107 0.023708
0 0.817828 0.373797 0.024523 0.021747
0 0.605683 0.488324 0.022188 0.020499
0 0.281335 0.075668 0.022772 0.020856
0 0.119988 0.635561 0.022772 0.018004
0 0.208836 0.329323 0.021020 0.017291
0 0.375924 0.205615 0.021214 0.022638
0 0.724504 0.730303 0.020825 0.019251
0 0.095757 0.307754 0.019074 0.019786
0 0.354029 0.240909 0.021020 0.021569
0 0.419619 0.722727 0.021798 0.029412
0 0.887602 0.600267 0.019657 0.019073
0 0.652394 0.531907 0.020631 0.024242
0 0.444142 0.614884 0.022188 0.021925
0 0.583301 0.350980 0.019852 0.022460
0 0.326002 0.705437 0.020631 0.020143
0 0.376606 0.226827 0.020241 0.019786
0 0.210393 0.678699 0.022188 0.021569
0 0.418062 0.798396 0.022577 0.022103
0 0.795154 0.886185 0.021993 0.022995
0 0.418840 0.464973 0.021409 0.020856
0 0.629914 0.430303 0.022382 0.017825
0 0.864831 0.617201 0.023161 0.021569
0 0.143052 0.078520 0.022188 0.023351
0 0.118918 0.927986 0.021798 0.020321
0 0.839529 0.773886 0.021214 0.024064
0 0.582230 0.951070 0.023161 0.023708
0 0.165045 0.107308 0.019463 0.022460
0 0.769755 0.420499 0.020241 0.022103
0 0.141981 0.818093 0.020436 0.016578
0 0.910666 0.710428 0.021020 0.015152
0 0.372616 0.569162 0.022772 0.022816
0 0.421370 0.225312 0.021409 0.019608
0 0.120475 0.528075 0.021798 0.022995
0 0.234819 0.280481 0.022382 0.017291
0 0.585247 0.119073 0.023355 0.018182
0 0.306345 0.547683 0.022966 0.021569
0 0.142468 0.591533 0.019852 0.022282
0 0.142760 0.528788 0.018879 0.020856
0 0.583496 0.884759 0.021020 0.019430
0 0.841475 0.573084 0.022772 0.018182
0 0.513527 0.461408 0.022772 0.024777
0 0.256715 0.484938 0.023355 0.021569
0 0.910958 0.368806 0.023550 0.024599
0 0.722363 0.037166 0.020825 0.024064
0 0.139062 0.438503 0.020436 0.025312
0 0.396458 0.886096 0.022577 0.020321
0 0.302842 0.299822 0.019852 0.016756
0 0.281238 0.450713 0.021798 0.015508
0 0.489393 0.618449 0.021214 0.022995
0 0.654243 0.583244 0.023161 0.019251
0 0.421273 0.909893 0.021604 0.024064
0 0.282600 0.195098 0.022188 0.019430
0 0.353640 0.116221 0.018684 0.016399
0 0.960101 0.531283 0.026080 0.024064
0 0.909109 0.037255 0.022188 0.023886
0 0.307805 0.118271 0.020047 0.019073
0 0.162223 0.454902 0.022772 0.020677
0 0.280265 0.284938 0.019852 0.024777
0 0.583787 0.680927 0.022772 0.016756
0 0.770923 0.710071 0.021798 0.019073
0 0.372616 0.463815 0.019268 0.021390
0 0.282600 0.722816 0.022188 0.022460
0 0.724309 0.081105 0.020047 0.022103
0 0.747081 0.950624 0.020825 0.017112
0 0.885948 0.858200 0.019852 0.022995
0 0.072986 0.891176 0.021020 0.017291
0 0.887699 0.487077 0.021409 0.018717
0 0.769560 0.972816 0.018295 0.021569
0 0.514986 0.575045 0.022966 0.016756
0 0.232775 0.771925 0.021409 0.019430
0 0.630790 0.731640 0.019463 0.020143
0 0.607727 0.694920 0.021993 0.018360
0 0.095465 0.726203 0.022382 0.023529
0 0.769657 0.951070 0.018879 0.021212
0 0.769463 0.594920 0.022382 0.018717
0 0.630985 0.972816 0.020241 0.021212
0 0.142079 0.548663 0.019463 0.017825
0 0.723920 0.375045 0.022382 0.017469
0 0.606656 0.625312 0.021798 0.022103
0 0.698521 0.531729 0.021020 0.024955
0 0.397334 0.817825 0.021604 0.024955
0 0.143246 0.726649 0.021798 0.020143
0 0.281432 0.034759 0.022577 0.020677
0 0.183048 0.443850 0.019657 0.024242
0 0.560237 0.647504 0.020825 0.021925
0 0.396458 0.467291 0.022577 0.016578
0 0.304982 0.844831 0.023745 0.017647
0 0.513819 0.349911 0.021020 0.022816
0 0.722849 0.530570 0.024134 0.021569
0 0.792624 0.129768 0.021214 0.018182
0 0.724796 0.886275 0.022966 0.017112
0 0.490463 0.032264 0.020241 0.017112
0 0.398891 0.076738 0.019657 0.019786
0 0.746789 0.465062 0.020631 0.021747
0 0.187330 0.931818 0.019268 0.018004
0 0.160666 0.362656 0.019657 0.025490
0 0.442487 0.727718 0.021604 0.021925
0 0.259829 0.905348 0.024523 0.017825
0 0.746205 0.595722 0.020241 0.017112
0 0.072888 0.549109 0.020825 0.020856
0 0.420981 0.932620 0.020631 0.016756
0 0.793207 0.380570 0.022382 0.017825
0 0.095465 0.953119 0.020825 0.023173
0 0.421273 0.973975 0.018490 0.020677
0 0.607435 0.580214 0.021409 0.023529
0 0.536687 0.598841 0.018100 0.022995
0 0.887310 0.553030 0.019852 0.019430
0 0.909984 0.909982 0.023939 0.017112
0 0.376508 0.123440 0.022382 0.018004
0 0.118334 0.886542 0.020241 0.017291
0 0.142371 0.638235 0.019657 0.020143
0 0.443655 0.591176 0.023161 0.025490
0 0.306442 0.569251 0.021604 0.021212
0 0.934800 0.435740 0.023355 0.020143
0 0.864733 0.530392 0.019852 0.021212
0 0.865512 0.816845 0.022188 0.017647
0 0.117750 0.349376 0.018684 0.023886
0 0.374757 0.591266 0.021993 0.018182
0 0.960199 0.882977 0.024718 0.025134
0 0.746594 0.682442 0.022188 0.025847
0 0.395582 0.330660 0.020047 0.021034
0 0.187816 0.120410 0.020631 0.020856
0 0.209517 0.949109 0.022382 0.018004
0 0.747567 0.440820 0.020631 0.024242
0 0.397820 0.929323 0.022966 0.016221
0 0.962923 0.713280 0.023550 0.020856
0 0.187427 0.098485 0.021798 0.019073
0 0.701538 0.731907 0.021214 0.019964
0 0.678474 0.692424 0.021409 0.020499
0 0.514792 0.818895 0.025691 0.019964
0 0.676528 0.488057 0.022577 0.021390
0 0.210782 0.151604 0.021409 0.018717
0 0.962145 0.733601 0.024329 0.020143
0 0.537174 0.348485 0.021409 0.025312
0 0.305469 0.906595 0.021604 0.023173
0 0.257591 0.594831 0.021993 0.023886
0 0.280167 0.484670 0.021993 0.019964
0 0.560237 0.465152 0.021214 0.018004
0 0.373492 0.440998 0.020631 0.023529
0 0.118723 0.479590 0.024134 0.023351
0 0.631569 0.830036 0.022577 0.019786
0 0.886921 0.771480 0.023745 0.021390
0 0.933632 0.065508 0.022966 0.024064
0 0.074445 0.418717 0.023161 0.019251
0 0.560043 0.731373 0.023939 0.018182
0 0.933729 0.412923 0.023161 0.023351
0 0.095173 0.092246 0.021409 0.021925
0 0.163877 0.239394 0.022577 0.018895
0 0.072986 0.526916 0.019074 0.019251
0 0.700662 0.948841 0.021798 0.022103
0 0.537563 0.686542 0.023745 0.015508
0 0.119794 0.570588 0.019657 0.021034
0 0.769755 0.441533 0.021798 0.016756
0 0.817049 0.798396 0.020631 0.022460
0 0.583593 0.452139 0.019268 0.021212
0 0.352277 0.548307 0.018684 0.018182
0 0.961561 0.122549 0.024718 0.024421
0 0.630498 0.449020 0.021604 0.020677
0 0.490950 0.143761 0.023550 0.022638
0 0.373978 0.420766 0.020825 0.017647
0 0.700759 0.062567 0.022382 0.023886
0 0.817049 0.774955 0.018295 0.022995
0 0.443266 0.487611 0.024329 0.018717
0 0.747762 0.772371 0.019463 0.020321
0 0.960490 0.555526 0.024134 0.020143
0 0.841378 0.553476 0.021798 0.017469
0 0.490658 0.374688 0.021798 0.022103
0 0.864928 0.572727 0.022966 0.022816
0 0.444044 0.033957 0.023939 0.022282
0 0.072304 0.052406 0.021604 0.021390
0 0.442877 0.911676 0.023550 0.018004
0 0.608019 0.732175 0.022188 0.020499
0 0.258466 0.637255 0.023745 0.023529
0 0.072207 0.843761 0.022966 0.024421
0 0.489782 0.596435 0.022772 0.019251
0 0.701148 0.083690 0.026664 0.016221
0 0.373200 0.547504 0.020825 0.016578
0 0.096049 0.618449 0.021993 0.016221
0 0.608505 0.712567 0.024329 0.016934
0 0.331452 0.136096 0.020241 0.019786
0 0.142760 0.120766 0.023161 0.016578
0 0.441709 0.529947 0.022772 0.021034
0 0.141495 0.877451 0.022188 0.018717
0 0.258466 0.572638 0.023355 0.017291
0 0.373881 0.631551 0.019852 0.021390
0 0.095562 0.111408 0.021409 0.016756
0 0.935189 0.101159 0.022188 0.016578
0 0.096146 0.974153 0.020631 0.019251
0 0.186065 0.666845 0.021020 0.020321
0 0.207960 0.906417 0.021604 0.023529
0 0.584079 0.098307 0.020631 0.019786
0 0.444142 0.931729 0.023355 0.019964
0 0.098774 0.415062 0.022772 0.018717
0 0.961658 0.646435 0.026080 0.021212
0 0.350234 0.282264 0.025107 0.021569
0 0.652102 0.490463 0.021993 0.016934
0 0.864539 0.399822 0.022188 0.024599
0 0.374562 0.306684 0.019657 0.020856
0 0.374465 0.771301 0.022577 0.018182
0 0.419619 0.866756 0.021020 0.015152
0 0.373784 0.330214 0.018100 0.021569
0 0.142273 0.569162 0.017906 0.021034
0 0.818023 0.951515 0.021798 0.022103
0 0.164072 0.638948 0.021409 0.016934
0 0.886629 0.837255 0.023161 0.015686
0 0.887213 0.151426 0.022382 0.022638
0 0.606851 0.424510 0.021409 0.018717
0 0.095660 0.932086 0.020825 0.016399
0 0.514208 0.143226 0.019074 0.021569
0 0.442001 0.095633 0.021409 0.022282
0 0.769560 0.485116 0.023355 0.020856
0 0.746399 0.058021 0.022966 0.015152
0 0.653659 0.821658 0.021604 0.018004
0 0.095173 0.052852 0.019852 0.016934
0 0.676528 0.531016 0.020631 0.023886
0 0.095952 0.842781 0.021020 0.018538
0 0.049241 0.473440 0.020631 0.022103
0 0.049241 0.595900 0.019463 0.021747
0 0.071818 0.797772 0.021798 0.018360
0 0.910276 0.413012 0.021798 0.023886
0 0.235111 0.792335 0.022188 0.021390
0 0.700564 0.102406 0.023939 0.019073
0 0.186843 0.709269 0.019463 0.018895
0 0.443947 0.972816 0.022966 0.018004
0 0.307123 0.223529 0.022188 0.014617
0 0.442195 0.771301 0.020631 0.021034
0 0.746886 0.486988 0.020047 0.022103
0 0.864928 0.796970 0.021798 0.019608
0 0.283184 0.639840 0.022188 0.016221
0 0.910666 0.531551 0.022966 0.024242
0 0.583885 0.284938 0.020241 0.022282
0 0.886921 0.104100 0.023355 0.021390
0 0.935091 0.456774 0.023550 0.020856
0 0.329019 0.528253 0.022382 0.018717
0 0.373492 0.484848 0.019074 0.021390
0 0.630596 0.153654 0.021409 0.024599
0 0.699494 0.332353 0.021020 0.017647
0 0.395874 0.485205 0.023745 0.018895
0 0.887991 0.976381 0.021604 0.017291
0 0.630012 0.488235 0.022577 0.020321
0 0.865415 0.106328 0.019657 0.021925
0 0.865512 0.128431 0.019852 0.018360
0 0.330965 0.973975 0.023161 0.016756
0 0.724601 0.645900 0.021020 0.019430
0 0.489393 0.462478 0.022772 0.019073
0 0.537369 0.724332 0.020631 0.026203
0 0.255450 0.465508 0.024329 0.020143
0 0.396847 0.840909 0.022188 0.019786
0 0.119794 0.616043 0.023161 0.018538
0 0.350136 0.413280 0.024523 0.016934
0 0.258272 0.770588 0.022577 0.018538
0 0.558778 0.033957 0.019074 0.018717
0 0.420202 0.244385 0.020241 0.018895
0 0.560237 0.863904 0.022772 0.019073
0 0.747664 0.971658 0.019657 0.019964
0 0.513527 0.664171 0.021604 0.016756
0 0.817049 0.353476 0.024912 0.016756
0 0.724017 0.709091 0.021798 0.020677
0 0.818120 0.079947 0.020825 0.015152
0 0.305372 0.772371 0.021798 0.018182
0 0.910666 0.435918 0.021798 0.022638
0 0.257396 0.237968 0.020436 0.021390
0 0.582814 0.487522 0.019657 0.019964
0 0.049436 0.551337 0.024134 0.021390
0 0.142954 0.706952 0.022382 0.016756
0 0.373394 0.934046 0.018100 0.021390
0 0.886240 0.955615 0.020436 0.022816
0 0.819190 0.334403 0.022577 0.017469
0 0.308388 0.973262 0.021214 0.019608
0 0.960199 0.819251 0.024718 0.023886
0 0.301966 0.282442 0.019657 0.018717
0 0.259342 0.813636 0.022382 0.016221
0 0.911541 0.347950 0.020825 0.016043
0 0.535812 0.487077 0.022577 0.015152
0 0.352083 0.855704 0.020241 0.021569
0 0.607921 0.154278 0.024329 0.025490
0 0.864441 0.378075 0.021604 0.017469
0 0.120572 0.459180 0.021993 0.018895
0 0.419619 0.484848 0.022966 0.017469
0 0.746205 0.399465 0.019463 0.021747
0 0.351985 0.902941 0.022382 0.018717
0 0.375341 0.975223 0.022772 0.017469
0 0.654048 0.863102 0.020825 0.018182
0 0.329408 0.957219 0.023939 0.016043
0 0.306053 0.952674 0.021993 0.021925
0 0.910374 0.456863 0.022382 0.016756
0 0.561113 0.239929 0.021798 0.023173
0 0.376119 0.955437 0.021214 0.021747
0 0.677014 0.935829 0.022382 0.016756
0 0.119696 0.416578 0.017906 0.015330
0 0.514986 0.242781 0.022577 0.023173
0 0.071818 0.699376 0.019852 0.019073
0 0.842156 0.374866 0.021409 0.018895
0 0.302160 0.319251 0.017322 0.019251
0 0.818023 0.973084 0.022188 0.019251
0 0.163001 0.387522 0.020825 0.022460
0 0.398599 0.947326 0.022188 0.015508
0 0.373102 0.793226 0.018684 0.022816
0 0.699494 0.147326 0.024523 0.022995
0 0.817439 0.529768 0.019852 0.018182
0 0.234138 0.527094 0.022577 0.016399
0 0.420884 0.204813 0.022382 0.023173
0 0.208058 0.886364 0.022188 0.015508
0 0.933340 0.085027 0.021214 0.014973
0 0.210977 0.221123 0.023355 0.024777
0 0.049046 0.572995 0.021409 0.020143
0 0.072110 0.952852 0.021214 0.016578
0 0.489587 0.420677 0.024329 0.016399
0 0.582036 0.399554 0.024329 0.031194
0 0.210880 0.095098 0.022772 0.015152
0 0.282114 0.658467 0.023161 0.017112
0 0.489198 0.526738 0.021604 0.018182
0 0.538536 0.702317 0.024523 0.015686
0 0.396555 0.771123 0.022382 0.016399
0 0.865707 0.061765 0.021409 0.018360
0 0.677209 0.449287 0.021214 0.020499
0 0.864636 0.772193 0.023939 0.022103
0 0.606267 0.445722 0.024134 0.017647
0 0.723433 0.284225 0.022577 0.022282
0 0.183340 0.464439 0.019463 0.016578
0 0.165726 0.085561 0.023161 0.019608
0 0.349455 0.301872 0.022382 0.015508
0 0.096146 0.657843 0.021020 0.017291
0 0.352764 0.923084 0.021604 0.015865
0 0.792721 0.975401 0.022966 0.017825
0 0.488420 0.693048 0.021993 0.016756
0 0.887894 0.709358 0.021020 0.018360
0 0.255644 0.217647 0.021604 0.018895
0 0.354710 0.206506 0.020825 0.018717
0 0.770047 0.729857 0.020047 0.019786
0 0.582814 0.927273 0.023161 0.020677
0 0.283087 0.528253 0.018100 0.020143
0 0.096049 0.371836 0.021214 0.017469
0 0.210296 0.130749 0.019268 0.020499
0 0.698424 0.286185 0.023161 0.023351
0 0.795251 0.863993 0.019074 0.020677
0 0.209907 0.641355 0.018879 0.016043
0 0.630693 0.468538 0.021993 0.019786
0 0.490171 0.440285 0.023550 0.019251
0 0.443752 0.281462 0.023355 0.016756
0 0.654048 0.841533 0.018100 0.018895
0 0.071429 0.725936 0.021798 0.022282
0 0.395387 0.378164 0.021214 0.020499
0 0.210101 0.111497 0.021214 0.018004
0 0.677014 0.468093 0.021604 0.019608
0 0.677404 0.400980 0.019657 0.021925
0 0.140716 0.389483 0.024134 0.024242
0 0.187622 0.198663 0.017906 0.019786
0 0.630012 0.808378 0.022966 0.016756
0 0.442293 0.141889 0.023939 0.017469
0 0.770047 0.078788 0.021993 0.024599
0 0.141105 0.856774 0.017127 0.015508
0 0.232970 0.092870 0.022188 0.015330
0 0.560237 0.449287 0.021214 0.015508
0 0.419035 0.698128 0.021798 0.015865
0 0.233749 0.209091 0.021020 0.019251
0 0.280751 0.466667 0.021604 0.017825
0 0.746399 0.378699 0.019463 0.018004
0 0.375049 0.376292 0.021020 0.022460
0 0.444239 0.216667 0.023939 0.025490
0 0.514500 0.438948 0.022382 0.016934
0 0.608116 0.353298 0.023161 0.019251
0 0.678085 0.147772 0.019852 0.021034
0 0.538147 0.096524 0.024134 0.016221
0 0.746010 0.529768 0.022577 0.022816
0 0.793889 0.955258 0.023745 0.023529
0 0.376606 0.245009 0.019074 0.016221
0 0.048073 0.915330 0.025302 0.022103
0 0.582036 0.529323 0.018879 0.020143
0 0.118042 0.137968 0.023550 0.020321
0 0.489295 0.710071 0.022188 0.018004
0 0.700564 0.882264 0.022772 0.015508
0 0.331257 0.242068 0.022577 0.018895
0 0.164072 0.156150 0.022577 0.019964
0 0.960101 0.797950 0.022966 0.020856
0 0.887602 0.690998 0.021214 0.016578
0 0.186454 0.914706 0.020631 0.015865
0 0.186843 0.728164 0.021798 0.020677
0 0.629817 0.788770 0.021798 0.016756
0 0.420786 0.141176 0.019852 0.016756
0 0.097217 0.393494 0.023550 0.025134
0 0.699397 0.310250 0.022382 0.022995
0 0.141203 0.945455 0.018879 0.021034
0 0.516057 0.875758 0.027053 0.016043
0 0.513429 0.420766 0.021020 0.013012
0 0.049728 0.722638 0.022772 0.023173
0 0.161639 0.319697 0.021214 0.016221
0 0.960588 0.842157 0.021214 0.021569
0 0.700856 0.125936 0.024523 0.019430
0 0.607824 0.971658 0.021409 0.017112
0 0.536785 0.329323 0.021798 0.014795
0 0.095173 0.071925 0.019852 0.022638
0 0.630693 0.710428 0.018490 0.020856
0 0.886629 0.037166 0.018879 0.022995
0 0.373200 0.527897 0.021214 0.019073
0 0.936454 0.729857 0.021604 0.016578
0 0.675749 0.034848 0.024912 0.017291
0 0.515960 0.097594 0.018684 0.021925
0 0.865901 0.310606 0.021020 0.021925
0 0.841767 0.974064 0.022188 0.020856
0 0.746691 0.334314 0.018100 0.022282
0 0.864344 0.837166 0.019852 0.017291
0 0.652589 0.037433 0.024134 0.023886
0 0.256715 0.197237 0.020631 0.020143
0 0.677014 0.953387 0.022382 0.019073
0 0.398599 0.229323 0.021020 0.018360
0 0.795251 0.845009 0.018684 0.017291
0 0.558778 0.769786 0.024523 0.016578
0 0.256520 0.448574 0.024134 0.019430
0 0.864344 0.444742 0.020631 0.016756
0 0.047197 0.891711 0.020436 0.022282
0 0.865609 0.971658 0.021604 0.022816
0 0.911347 0.152050 0.021604 0.022816
0 0.373589 0.612032 0.021214 0.015865
0 0.074737 0.456684 0.022966 0.019251
0 0.398404 0.095455 0.019852 0.017647
0 0.888089 0.307665 0.021798 0.017469
0 0.305566 0.527540 0.023355 0.018717
0 0.302452 0.391355 0.019074 0.020143
0 0.935967 0.142335 0.021798 0.019073
0 0.049533 0.033155 0.023161 0.027807
0 0.536395 0.078342 0.022966 0.016934
0 0.909790 0.974064 0.021214 0.022282
0 0.841281 0.957130 0.022382 0.016221
0 0.884488 0.060250 0.022772 0.021390
0 0.961172 0.774421 0.023939 0.023708
0 0.770923 0.862656 0.021798 0.017291
0 0.352277 0.528431 0.019074 0.017291
0 0.700856 0.970677 0.022966 0.018004
0 0.398501 0.152050 0.020436 0.021747
0 0.142079 0.925579 0.022188 0.016221
0 0.187330 0.971301 0.021604 0.017469
0 0.069677 0.350624 0.024523 0.021747
0 0.559264 0.165330 0.021214 0.017291
0 0.490074 0.572638 0.023355 0.021212
0 0.514500 0.859893 0.024718 0.016399
0 0.769755 0.054813 0.022188 0.024064
0 0.210782 0.969073 0.024523 0.021569
0 0.420689 0.951961 0.021604 0.023708
0 0.489198 0.729768 0.022772 0.021747
0 0.075613 0.242870 0.020825 0.015865
0 0.281432 0.163636 0.019852 0.015686
0 0.582912 0.905704 0.023745 0.016399
0 0.934605 0.824064 0.022966 0.016756
0 0.308291 0.158289 0.021798 0.020677
0 0.163974 0.951426 0.023161 0.014439
0 0.933924 0.974421 0.020825 0.024064
0 0.962047 0.490107 0.027637 0.021212
0 0.073472 0.284314 0.022772 0.024955
0 0.725477 0.689394 0.023161 0.020499
0 0.630012 0.244029 0.021020 0.019608
0 0.073667 0.439037 0.021604 0.019964
0 0.071915 0.636720 0.021993 0.019964
0 0.675944 0.427362 0.020631 0.025490
0 0.676333 0.351783 0.019852 0.021925
0 0.652005 0.059002 0.022188 0.019964
0 0.143733 0.139661 0.022772 0.021569
0 0.583885 0.422549 0.021409 0.018360
0 0.912709 0.306150 0.021993 0.022282
0 0.865609 0.150267 0.020825 0.019964
0 0.606462 0.912745 0.023745 0.021212
0 0.769657 0.574421 0.022772 0.015865
0 0.514208 0.331194 0.022188 0.013547
0 0.607240 0.953298 0.024134 0.016399
0 0.440833 0.161586 0.026080 0.021569
0 0.376314 0.159715 0.021214 0.022103
0 0.535617 0.394652 0.021798 0.012478
0 0.865317 0.422816 0.019852 0.021747
0 0.653562 0.427273 0.022577 0.015686
0 0.910568 0.391355 0.021993 0.019430
0 0.960685 0.687879 0.024523 0.024955
0 0.489879 0.279323 0.022188 0.013904
0 0.072402 0.971212 0.018684 0.016934
0 0.934897 0.392068 0.023550 0.016934
0 0.490463 0.164349 0.024134 0.019251
0 0.818606 0.148307 0.022577 0.018182
0 0.074348 0.141711 0.024134 0.017112
0 0.584177 0.214795 0.024718 0.024599
0 0.841865 0.150713 0.022772 0.017291
0 0.654535 0.241800 0.022966 0.027629
0 0.398891 0.133422 0.022772 0.014795
0 0.960199 0.143226 0.023939 0.016221
0 0.794083 0.151070 0.022966 0.024064
0 0.327073 0.485829 0.021214 0.017647
0 0.325905 0.448574 0.019657 0.014082
0 0.934897 0.375936 0.023550 0.014973
0 0.490366 0.243850 0.022382 0.017469
0 0.960004 0.397504 0.023550 0.022103
0 0.419619 0.160428 0.019074 0.019964
0 0.376119 0.140998 0.023161 0.016043
0 0.676917 0.378788 0.018684 0.022103
0 0.961464 0.667558 0.023355 0.022103
0 0.768976 0.033422 0.021020 0.018717
0 0.673706 0.286275 0.017322 0.022103
0 0.443169 0.572193 0.023355 0.015686
0 0.326392 0.468627 0.021409 0.022460
0 0.050701 0.701961 0.018100 0.016756
0 0.354223 0.188146 0.019852 0.017647
0 0.166018 0.195009 0.021409 0.019251
0 0.769657 0.152941 0.021214 0.023173
0 0.629720 0.693672 0.023161 0.019786
0 0.961074 0.370053 0.023355 0.024599
0 0.536201 0.164795 0.024134 0.016221
0 0.513137 0.074866 0.020825 0.019251
0 0.746399 0.148217 0.020241 0.022995
0 0.118237 0.971301 0.021214 0.016399
0 0.584274 0.165686 0.022188 0.019430
0 0.072694 0.676471 0.020825 0.021747
0 0.961074 0.423173 0.022188 0.030660
0 0.049046 0.380481 0.024134 0.022638
0 0.960880 0.035383 0.022966 0.018004
0 0.141203 0.194652 0.019268 0.015330
0 0.073959 0.225758 0.018295 0.016578
0 0.075029 0.124688 0.018100 0.016578
0 0.608797 0.280927 0.021409 0.015686
0 0.398209 0.245811 0.020631 0.016399
0 0.561503 0.217469 0.019852 0.021034
0 0.118529 0.193494 0.021409 0.018717
0 0.209809 0.199911 0.022577 0.016934
0 0.653367 0.155526 0.022577 0.023708
0 0.961853 0.595900 0.029583 0.026738
0 0.072207 0.655971 0.022966 0.022460
0 0.096341 0.149733 0.019463 0.017825
0 0.048754 0.406328 0.021993 0.025134
0 0.050311 0.531462 0.022772 0.019430
0 0.232970 0.191889 0.019852 0.013725
0 0.957960 0.333779 0.017906 0.021925
0 0.934897 0.527094 0.024718 0.016399
0 0.076100 0.068627 0.019463 0.013191
0 0.231705 0.158645 0.018490 0.020321
0 0.959809 0.861319 0.021604 0.017112
0 0.049825 0.938235 0.019074 0.025134
0 0.098871 0.217647 0.019074 0.019608
0 0.747859 0.420588 0.020825 0.019073
0 0.375438 0.188948 0.021409 0.012121
0 0.488906 0.219430 0.025302 0.030660
0 0.535130 0.216934 0.022382 0.021034
0 0.961658 0.058289 0.023355 0.026025
0 0.676917 0.330303 0.022577 0.022816
0 0.075321 0.086096 0.020241 0.020677
0 0.210588 0.123351 0.021409 0.010695
0 0.583885 0.466667 0.020631 0.013904
0 0.796030 0.293316 0.020631 0.012299
0 0.934313 0.288235 0.021604 0.019251
0 0.677112 0.308289 0.018295 0.019430
0 0.292429 0.386631 0.037174 0.025312
0 0.609186 0.211765 0.021409 0.019608
0 0.182853 0.429501 0.020436 0.012299
0 0.188497 0.163102 0.021214 0.010695
0 0.962047 0.932620 0.022577 0.024599
0 0.073959 0.159180 0.019463 0.017825
0 0.514208 0.163815 0.018295 0.021034
0 0.608603 0.229947 0.021798 0.016756
0 0.609186 0.246702 0.022966 0.018895
0 0.631569 0.224688 0.021798 0.018717
0 0.050506 0.448039 0.022772 0.014795
0 0.747178 0.310071 0.024134 0.028342
0 0.748346 0.285561 0.021798 0.018895
0 0.051090 0.973797 0.026275 0.017825
0 0.960101 0.908824 0.021798 0.024064
