0 0.933464 0.106232 0.020052 0.029037
0 0.540885 0.058782 0.020313 0.026204
0 0.207292 0.759738 0.020833 0.027975
0 0.549609 0.747875 0.019531 0.026204
0 0.737891 0.081445 0.019010 0.026912
0 0.209245 0.813916 0.020573 0.025850
0 0.528776 0.776381 0.022135 0.028683
0 0.607422 0.058428 0.021094 0.026204
0 0.867057 0.052054 0.019531 0.029745
0 0.184896 0.789129 0.019792 0.025142
0 0.352214 0.486013 0.020573 0.026558
0 0.633854 0.450248 0.020833 0.025142
0 0.164714 0.815156 0.019531 0.027620
0 0.571094 0.748761 0.019271 0.027266
0 0.759896 0.080382 0.019792 0.024079
0 0.766667 0.768059 0.020833 0.026204
0 0.867708 0.079674 0.021875 0.025496
0 0.292708 0.754249 0.018750 0.026912
0 0.541276 0.084986 0.020573 0.027620
0 0.484505 0.456799 0.021615 0.026912
0 0.247266 0.440687 0.020052 0.027266
0 0.871484 0.424044 0.021094 0.024433
0 0.594010 0.747875 0.020833 0.028329
0 0.529036 0.749646 0.020573 0.028329
0 0.831771 0.767174 0.020833 0.027266
0 0.541406 0.111013 0.019792 0.026558
0 0.520052 0.084278 0.019271 0.022663
0 0.896094 0.552408 0.018750 0.024079
0 0.315495 0.780099 0.021615 0.025496
0 0.258333 0.091360 0.021354 0.026912
0 0.614844 0.745928 0.019792 0.027975
0 0.695182 0.211225 0.018490 0.024433
0 0.807682 0.424929 0.021615 0.029037
0 0.434245 0.086579 0.021615 0.027266
0 0.215625 0.095255 0.019792 0.026912
0 0.442188 0.561261 0.019271 0.026204
0 0.763672 0.396778 0.020052 0.026558
0 0.519922 0.109950 0.020573 0.026558
0 0.445833 0.777089 0.022396 0.027266
0 0.145313 0.866856 0.019271 0.026204
0 0.164323 0.788067 0.020833 0.026558
0 0.916406 0.422982 0.021354 0.027975
0 0.585807 0.058251 0.021615 0.027266
0 0.637240 0.745220 0.020833 0.027975
0 0.917708 0.552408 0.019271 0.025496
0 0.897917 0.769299 0.021354 0.027266
0 0.300911 0.089235 0.019531 0.028329
0 0.719531 0.398371 0.017188 0.026204
0 0.237370 0.221140 0.020573 0.024433
0 0.656510 0.424398 0.019271 0.025142
0 0.323177 0.062500 0.019271 0.027266
0 0.638151 0.798690 0.020573 0.026558
0 0.616927 0.799221 0.021875 0.026204
0 0.782161 0.079497 0.019010 0.027266
0 0.183854 0.762925 0.019271 0.025850
0 0.309766 0.541962 0.020573 0.025142
0 0.323047 0.089412 0.021615 0.026558
0 0.938411 0.395715 0.019531 0.026558
0 0.337891 0.779568 0.020573 0.027266
0 0.743880 0.795326 0.019010 0.028329
0 0.652214 0.109596 0.021094 0.027266
0 0.157292 0.442458 0.019271 0.027266
0 0.423568 0.802585 0.022135 0.030099
0 0.357682 0.806834 0.018490 0.026558
0 0.759635 0.054710 0.020313 0.027266
0 0.568620 0.581091 0.020052 0.022663
0 0.783333 0.106055 0.020313 0.029391
0 0.788932 0.796211 0.021094 0.027975
0 0.938672 0.422450 0.021094 0.026912
0 0.651302 0.058074 0.020833 0.028329
0 0.637760 0.771778 0.019792 0.026558
0 0.674219 0.135623 0.020313 0.027620
0 0.250781 0.757082 0.019792 0.028329
0 0.611068 0.425992 0.020052 0.026912
0 0.269010 0.440156 0.019271 0.026912
0 0.273438 0.782755 0.021875 0.027975
0 0.911068 0.080559 0.021615 0.028683
0 0.565625 0.057542 0.021354 0.026558
0 0.417318 0.459101 0.021094 0.027975
0 0.345313 0.062323 0.020313 0.028329
0 0.329688 0.407932 0.020833 0.028329
0 0.918750 0.768768 0.019271 0.026912
0 0.389062 0.089235 0.020313 0.024788
0 0.910937 0.053470 0.022396 0.025496
0 0.229687 0.758499 0.021354 0.026912
0 0.295443 0.807720 0.017969 0.025496
0 0.289974 0.515227 0.017448 0.023371
0 0.478385 0.112783 0.022396 0.027266
0 0.208203 0.786473 0.020052 0.026204
0 0.172786 0.121105 0.020573 0.027620
0 0.246745 0.468130 0.020052 0.028329
0 0.855339 0.767705 0.020052 0.027620
0 0.165365 0.841183 0.018750 0.024433
0 0.322786 0.115793 0.021615 0.026204
0 0.590104 0.451664 0.020313 0.026558
0 0.288281 0.467068 0.018750 0.024788
0 0.677474 0.425992 0.020052 0.026204
0 0.172005 0.069228 0.019010 0.028683
0 0.855078 0.792316 0.021615 0.025142
0 0.894401 0.424221 0.018490 0.029745
0 0.246354 0.412712 0.018229 0.029391
0 0.719401 0.450071 0.017969 0.026204
0 0.933724 0.131020 0.020052 0.024788
0 0.157943 0.415368 0.019531 0.026204
0 0.524479 0.428824 0.019271 0.024079
0 0.394661 0.459632 0.017448 0.026912
0 0.719010 0.475744 0.018750 0.025850
0 0.612891 0.529745 0.017969 0.029745
0 0.346484 0.192280 0.019531 0.024079
0 0.808333 0.450425 0.021354 0.024079
0 0.932422 0.052762 0.020052 0.027620
0 0.872266 0.448831 0.019531 0.025850
0 0.717187 0.054356 0.020313 0.027975
0 0.356771 0.753718 0.020313 0.027975
0 0.289714 0.568166 0.017969 0.025142
0 0.066927 0.172982 0.019271 0.023725
0 0.466406 0.751593 0.021875 0.027975
0 0.802995 0.053293 0.020052 0.026558
0 0.823568 0.051877 0.020573 0.023725
0 0.845182 0.050106 0.019531 0.026558
0 0.330729 0.539660 0.018750 0.027620
0 0.065495 0.124292 0.021094 0.026912
0 0.095182 0.546919 0.019531 0.027975
0 0.618099 0.900319 0.019531 0.026558
0 0.209635 0.838173 0.019792 0.026912
0 0.695833 0.111013 0.020313 0.029391
0 0.632812 0.501239 0.017188 0.025142
0 0.306771 0.410234 0.017188 0.029391
0 0.096224 0.571884 0.019010 0.024788
0 0.938021 0.449894 0.021875 0.028683
0 0.352604 0.510977 0.019792 0.024079
0 0.531510 0.875354 0.018750 0.025496
0 0.693229 0.054710 0.018229 0.025142
0 0.567448 0.427231 0.019271 0.027975
0 0.186719 0.814093 0.021354 0.028329
0 0.041667 0.067103 0.023438 0.032224
0 0.067969 0.224858 0.018229 0.024788
0 0.851823 0.448477 0.020833 0.024433
0 0.378646 0.753010 0.020833 0.025850
0 0.272266 0.755135 0.021094 0.024433
0 0.313542 0.753364 0.019792 0.026558
0 0.224740 0.466891 0.019792 0.027975
0 0.850391 0.423336 0.019531 0.027266
0 0.043490 0.198654 0.023438 0.025496
0 0.876693 0.741147 0.020573 0.026912
0 0.565365 0.109242 0.020833 0.024433
0 0.766146 0.794441 0.019792 0.026558
0 0.594401 0.799929 0.017448 0.029037
0 0.569010 0.556834 0.020833 0.027266
0 0.224479 0.438916 0.020313 0.027975
0 0.760026 0.106941 0.020573 0.030453
0 0.111458 0.445290 0.020313 0.028683
0 0.337891 0.805949 0.019010 0.025496
0 0.125781 0.921742 0.021354 0.026204
0 0.744531 0.899433 0.019792 0.024788
0 0.225000 0.517882 0.020313 0.027266
0 0.633203 0.397840 0.020052 0.025142
0 0.268359 0.467953 0.019010 0.027266
0 0.897135 0.871459 0.019792 0.028329
0 0.919661 0.900319 0.019010 0.025142
0 0.766146 0.900142 0.018750 0.024788
0 0.151432 0.121459 0.019531 0.029745
0 0.189323 0.892351 0.018229 0.026912
0 0.716667 0.110127 0.021354 0.026912
0 0.336328 0.753364 0.018490 0.027975
0 0.141276 0.765581 0.021094 0.026912
0 0.395313 0.433428 0.018750 0.026204
0 0.527995 0.802939 0.020573 0.028683
0 0.280599 0.089766 0.022135 0.027266
0 0.656510 0.450425 0.020313 0.025496
0 0.698177 0.424398 0.018750 0.028683
0 0.939714 0.551877 0.018490 0.024433
0 0.143880 0.816572 0.020052 0.026204
0 0.257292 0.064625 0.020833 0.027975
0 0.104167 0.921742 0.018229 0.027620
0 0.411719 0.088704 0.019271 0.025142
0 0.402083 0.805595 0.020833 0.029037
0 0.874479 0.550992 0.018750 0.024788
0 0.574349 0.925106 0.019531 0.022309
0 0.611068 0.397663 0.019010 0.026912
0 0.419271 0.533286 0.020313 0.025496
0 0.894792 0.526027 0.019271 0.026558
0 0.846875 0.132967 0.018229 0.023725
0 0.202214 0.469016 0.019531 0.026558
0 0.440104 0.457861 0.021354 0.026204
0 0.351172 0.409171 0.018490 0.028683
0 0.738021 0.159525 0.018229 0.025142
0 0.629818 0.083746 0.020573 0.025142
0 0.572005 0.875177 0.022135 0.025142
0 0.136719 0.470078 0.020833 0.029391
0 0.697786 0.397132 0.019010 0.023725
0 0.716016 0.210340 0.016927 0.023371
0 0.610677 0.452373 0.020313 0.027975
0 0.439974 0.402620 0.020573 0.026204
0 0.098437 0.793909 0.021354 0.026912
0 0.279687 0.116856 0.021354 0.027620
0 0.294531 0.781339 0.019271 0.027975
0 0.764323 0.577373 0.019792 0.025142
0 0.867578 0.106055 0.021094 0.028683
0 0.807682 0.552585 0.019531 0.027975
0 0.119010 0.766289 0.018229 0.029745
0 0.895052 0.500708 0.018229 0.024788
0 0.659375 0.770538 0.018229 0.023371
0 0.572526 0.800637 0.020573 0.028329
0 0.440625 0.534703 0.020313 0.025496
0 0.433333 0.113492 0.021354 0.025850
0 0.736979 0.055241 0.018750 0.027620
0 0.587109 0.110305 0.019531 0.031516
0 0.695182 0.136508 0.017969 0.023725
0 0.810156 0.898017 0.020313 0.024079
0 0.916797 0.499646 0.017969 0.024079
0 0.744271 0.746990 0.017708 0.024433
0 0.738151 0.108888 0.021615 0.032224
0 0.163411 0.761863 0.018490 0.029391
0 0.677734 0.553647 0.020573 0.026558
0 0.201823 0.441218 0.021875 0.025496
0 0.367708 0.061615 0.019792 0.026912
0 0.567578 0.453435 0.021094 0.027266
0 0.402604 0.831445 0.017708 0.021955
0 0.368229 0.113669 0.020833 0.026912
0 0.785156 0.425283 0.019271 0.029745
0 0.128906 0.067458 0.019792 0.026558
0 0.259245 0.220255 0.018490 0.023371
0 0.672266 0.056303 0.019010 0.024788
0 0.565625 0.162181 0.019271 0.026204
0 0.916927 0.525673 0.019792 0.027975
0 0.564714 0.213704 0.018490 0.028683
0 0.065885 0.149788 0.019792 0.024788
0 0.897526 0.924398 0.022135 0.023725
0 0.192708 0.070113 0.021354 0.030453
0 0.115365 0.523017 0.020833 0.027620
0 0.300911 0.115970 0.020052 0.028683
0 0.352474 0.461933 0.021615 0.025142
0 0.832943 0.795680 0.020052 0.026204
0 0.722526 0.795503 0.019531 0.029391
0 0.129297 0.123229 0.022135 0.026204
0 0.809635 0.872698 0.019271 0.026558
0 0.780859 0.206091 0.018490 0.025496
0 0.404297 0.905807 0.019531 0.024079
0 0.447656 0.877479 0.018750 0.028329
0 0.381901 0.906693 0.020573 0.026558
0 0.850651 0.395361 0.018490 0.027975
0 0.464583 0.583569 0.019271 0.024788
0 0.096615 0.767174 0.019271 0.027975
0 0.765885 0.923690 0.020313 0.023725
0 0.679948 0.746282 0.018750 0.025850
0 0.352995 0.564625 0.018490 0.025142
0 0.346224 0.140581 0.020052 0.024788
0 0.073047 0.601098 0.020573 0.023017
0 0.916016 0.450779 0.019010 0.028329
0 0.198177 0.172273 0.020833 0.027266
0 0.873568 0.500708 0.019010 0.025496
0 0.051432 0.601452 0.019010 0.024433
0 0.525130 0.454143 0.019531 0.027266
0 0.545182 0.400673 0.019010 0.027975
0 0.893880 0.450071 0.019531 0.027620
0 0.388151 0.061969 0.019010 0.028329
0 0.823958 0.103045 0.021354 0.025496
0 0.888932 0.055241 0.017969 0.028329
0 0.479167 0.137571 0.018229 0.021601
0 0.461719 0.430418 0.020313 0.027266
0 0.048568 0.472734 0.020573 0.026912
0 0.137370 0.571707 0.021094 0.026558
0 0.169661 0.943343 0.019010 0.023371
0 0.896615 0.899610 0.018229 0.024433
0 0.595052 0.850921 0.019271 0.024788
0 0.309505 0.568166 0.019010 0.024433
0 0.316276 0.806303 0.019531 0.025496
0 0.567839 0.399433 0.022135 0.026912
0 0.455599 0.113137 0.020573 0.025142
0 0.419661 0.585340 0.022135 0.026204
0 0.069922 0.418555 0.021615 0.028329
0 0.412240 0.114377 0.019792 0.029037
0 0.367318 0.190333 0.020573 0.027975
0 0.608984 0.110305 0.019010 0.027975
0 0.420312 0.560907 0.018229 0.024079
0 0.628385 0.057188 0.018750 0.023725
0 0.374609 0.536473 0.021094 0.027620
0 0.211458 0.889341 0.020313 0.025142
0 0.898047 0.795857 0.022135 0.027266
0 0.594141 0.825425 0.019010 0.023371
0 0.134896 0.416254 0.023438 0.027266
0 0.375260 0.561261 0.020313 0.023371
0 0.723568 0.748229 0.019531 0.027620
0 0.132292 0.198123 0.020833 0.028683
0 0.146484 0.894830 0.019010 0.027620
0 0.374479 0.459455 0.018750 0.029391
0 0.255729 0.886154 0.019271 0.024433
0 0.389323 0.113846 0.019792 0.026558
0 0.764193 0.525319 0.018490 0.026558
0 0.229818 0.784525 0.020573 0.024433
0 0.673698 0.108888 0.021354 0.027266
0 0.099479 0.818520 0.020833 0.027975
0 0.737630 0.134207 0.020052 0.024788
0 0.395443 0.484419 0.020052 0.024079
0 0.895964 0.395892 0.019531 0.029037
0 0.298438 0.882613 0.017708 0.027266
0 0.677734 0.501239 0.019010 0.023725
0 0.345573 0.115262 0.020313 0.025142
0 0.782943 0.129426 0.017969 0.020184
0 0.888932 0.181480 0.020052 0.027266
0 0.829557 0.449008 0.019010 0.026912
0 0.269792 0.569759 0.017708 0.023371
0 0.853906 0.741678 0.019271 0.027266
0 0.716016 0.185021 0.017969 0.026558
0 0.919401 0.796211 0.019010 0.027266
0 0.542578 0.213881 0.018490 0.025496
0 0.504557 0.427585 0.018490 0.025850
0 0.801953 0.080559 0.018490 0.022309
0 0.275260 0.834101 0.020313 0.027266
0 0.759375 0.206268 0.019271 0.025142
0 0.454557 0.061615 0.021094 0.026204
0 0.888932 0.105170 0.021094 0.028329
0 0.889323 0.209455 0.019792 0.025850
0 0.741406 0.449008 0.018750 0.026912
0 0.678776 0.771069 0.018490 0.024433
0 0.412240 0.215829 0.018229 0.024433
0 0.569141 0.530276 0.019010 0.027975
0 0.396354 0.561615 0.018229 0.024788
0 0.830599 0.526204 0.018490 0.025496
0 0.608594 0.211933 0.017708 0.023725
0 0.455729 0.087465 0.019271 0.027620
0 0.888411 0.232295 0.021094 0.022663
0 0.487891 0.751416 0.019010 0.030453
0 0.510417 0.902089 0.018229 0.024433
0 0.845182 0.078081 0.020573 0.027266
0 0.330078 0.462110 0.019010 0.025496
0 0.258464 0.143945 0.018490 0.023725
0 0.589844 0.398902 0.020833 0.027975
0 0.952995 0.080028 0.018490 0.029037
0 0.917188 0.395538 0.020833 0.026204
0 0.396745 0.508853 0.019010 0.026204
0 0.763411 0.450071 0.019010 0.028329
0 0.299740 0.166076 0.017188 0.024079
0 0.358464 0.831091 0.017448 0.023371
0 0.067187 0.198831 0.018750 0.029391
0 0.224219 0.492210 0.019792 0.024079
0 0.608594 0.162004 0.018229 0.023017
0 0.652344 0.135269 0.017708 0.024079
0 0.787630 0.922450 0.021615 0.024788
0 0.258724 0.117387 0.020052 0.026558
0 0.461849 0.456799 0.021094 0.029037
0 0.765755 0.846140 0.019010 0.025850
0 0.674219 0.161650 0.019792 0.025142
0 0.433594 0.060375 0.020833 0.025850
0 0.629687 0.110305 0.019792 0.030099
0 0.852344 0.550814 0.017708 0.025142
0 0.394661 0.405630 0.017969 0.027266
0 0.231120 0.810907 0.020573 0.028329
0 0.802214 0.206445 0.020052 0.025496
0 0.115104 0.547982 0.019271 0.027266
0 0.129297 0.095963 0.020052 0.030453
0 0.174089 0.172273 0.019010 0.025142
0 0.159766 0.570822 0.021094 0.026912
0 0.742188 0.396601 0.018750 0.025496
0 0.269271 0.412535 0.018750 0.029037
0 0.499089 0.085163 0.018490 0.025142
0 0.352734 0.538598 0.020052 0.026204
0 0.237760 0.118095 0.022396 0.028683
0 0.445182 0.750708 0.020573 0.024079
0 0.585938 0.214235 0.018229 0.026912
0 0.698568 0.451310 0.019010 0.025850
0 0.659115 0.745042 0.018750 0.024788
0 0.330599 0.512748 0.020573 0.026204
0 0.701562 0.746990 0.019271 0.025850
0 0.256380 0.910057 0.021094 0.024788
0 0.742057 0.552762 0.019531 0.026204
0 0.744792 0.871459 0.019271 0.028329
0 0.655859 0.396601 0.018490 0.022663
0 0.828646 0.424221 0.018229 0.026204
0 0.270703 0.594901 0.020052 0.023371
0 0.674609 0.187500 0.018490 0.023725
0 0.308333 0.461225 0.019271 0.030099
0 0.182943 0.596848 0.019010 0.025142
0 0.788281 0.769476 0.019271 0.027620
0 0.044661 0.150673 0.019531 0.025850
0 0.064844 0.068520 0.020313 0.030099
0 0.545573 0.452550 0.018229 0.028329
0 0.301432 0.193874 0.018490 0.025142
0 0.506250 0.749823 0.017188 0.025850
0 0.329167 0.487429 0.020313 0.025142
0 0.550521 0.804001 0.022396 0.030807
0 0.070443 0.471317 0.021094 0.026204
0 0.401693 0.751239 0.019010 0.025850
0 0.279297 0.063739 0.020573 0.027620
0 0.143099 0.841891 0.020052 0.023725
0 0.912370 0.182365 0.019531 0.026912
0 0.417187 0.402975 0.019792 0.026912
0 0.788672 0.741501 0.020573 0.028329
0 0.213281 0.915368 0.019792 0.024079
0 0.782552 0.052585 0.018229 0.024433
0 0.845833 0.158286 0.017188 0.022663
0 0.320052 0.907755 0.018229 0.025850
0 0.247526 0.569582 0.018490 0.024433
0 0.301172 0.141466 0.019010 0.023725
0 0.468750 0.927231 0.021354 0.023725
0 0.205208 0.595609 0.020313 0.027620
0 0.867839 0.208924 0.019531 0.024788
0 0.438802 0.430772 0.018750 0.027266
0 0.447135 0.804001 0.021875 0.026558
0 0.828385 0.395007 0.020833 0.028683
0 0.331120 0.564979 0.017969 0.023725
0 0.047656 0.419972 0.020313 0.024079
0 0.781771 0.153683 0.018750 0.026912
0 0.100260 0.870928 0.019792 0.026558
0 0.852474 0.525850 0.019010 0.025496
0 0.498568 0.111367 0.018490 0.027266
0 0.088021 0.172450 0.018750 0.026204
0 0.550651 0.775142 0.020573 0.026912
0 0.676953 0.398371 0.018490 0.026204
0 0.520443 0.058605 0.019010 0.027266
0 0.607812 0.235836 0.018229 0.019830
0 0.873047 0.474858 0.019531 0.025496
0 0.173307 0.095078 0.020052 0.024433
0 0.673307 0.082153 0.020052 0.026912
0 0.434245 0.163244 0.019010 0.024788
0 0.524089 0.400850 0.020052 0.026912
0 0.268750 0.491324 0.018750 0.023017
0 0.613672 0.555418 0.020052 0.023725
0 0.105859 0.123052 0.020052 0.025850
0 0.933594 0.232118 0.020313 0.021601
0 0.699089 0.500177 0.017448 0.025142
0 0.681510 0.925637 0.018750 0.021955
0 0.677995 0.477160 0.020052 0.025142
0 0.269141 0.544441 0.017969 0.026558
0 0.617057 0.828612 0.020573 0.028329
0 0.247656 0.543909 0.018229 0.024788
0 0.455990 0.137217 0.018750 0.024433
0 0.719661 0.552762 0.019531 0.024788
0 0.854688 0.873407 0.018750 0.023725
0 0.273828 0.808782 0.019010 0.026204
0 0.809635 0.795149 0.018229 0.026558
0 0.715755 0.159348 0.019010 0.025496
0 0.216406 0.224858 0.018750 0.027620
0 0.809375 0.743449 0.018750 0.025142
0 0.412370 0.061261 0.021094 0.029037
0 0.235156 0.065333 0.020313 0.027266
0 0.087109 0.149433 0.018490 0.023371
0 0.829948 0.551877 0.020313 0.025142
0 0.678125 0.451664 0.020833 0.025850
0 0.760807 0.133499 0.019531 0.026204
0 0.716016 0.229816 0.016927 0.019830
0 0.339453 0.882436 0.017448 0.023371
0 0.695833 0.185552 0.019271 0.029037
0 0.309896 0.592776 0.020313 0.022663
0 0.301042 0.063031 0.022396 0.026912
0 0.608854 0.186792 0.017708 0.023725
0 0.830859 0.577550 0.020052 0.024079
0 0.822656 0.182188 0.020313 0.025850
0 0.934245 0.207861 0.019010 0.028329
0 0.565234 0.186969 0.019010 0.022663
0 0.810026 0.844724 0.020573 0.026558
0 0.764062 0.550814 0.017708 0.025142
0 0.252083 0.809667 0.019792 0.026558
0 0.846484 0.229993 0.019531 0.022309
0 0.435026 0.214412 0.018490 0.024433
0 0.617969 0.872875 0.018229 0.025496
0 0.157422 0.495220 0.019010 0.026558
0 0.447526 0.904745 0.019010 0.026204
0 0.094792 0.521424 0.018750 0.025850
0 0.871615 0.396778 0.018229 0.028683
0 0.868750 0.157578 0.020313 0.024079
0 0.919792 0.873052 0.019792 0.027266
0 0.715365 0.134915 0.020833 0.021955
0 0.919271 0.821530 0.019271 0.024079
0 0.396224 0.587642 0.021094 0.023017
0 0.744401 0.924044 0.019010 0.023017
0 0.210807 0.864377 0.019010 0.026204
0 0.531641 0.900496 0.017969 0.024079
0 0.810026 0.769476 0.019010 0.026912
0 0.340495 0.907401 0.016927 0.025850
0 0.065885 0.097203 0.021354 0.029391
0 0.785156 0.395892 0.021875 0.026912
0 0.237760 0.194759 0.018750 0.025496
0 0.917969 0.925106 0.019271 0.023017
0 0.785807 0.452018 0.019531 0.027975
0 0.174609 0.224150 0.019010 0.025496
0 0.468229 0.802054 0.019792 0.027620
0 0.673438 0.212642 0.020313 0.024433
0 0.159115 0.469193 0.020313 0.026204
0 0.309635 0.489023 0.018229 0.024079
0 0.159766 0.545326 0.019531 0.024079
0 0.455990 0.190510 0.017708 0.026204
0 0.586849 0.161473 0.017969 0.026204
0 0.876302 0.872521 0.018750 0.026204
0 0.586979 0.188031 0.018750 0.027620
0 0.822396 0.155984 0.019271 0.025142
0 0.419141 0.508676 0.020052 0.025850
0 0.039583 0.123229 0.025000 0.031161
0 0.940495 0.576133 0.019010 0.022663
0 0.347135 0.216183 0.019271 0.025850
0 0.467187 0.902797 0.018750 0.027266
0 0.742188 0.527089 0.018750 0.023725
0 0.215495 0.121282 0.019010 0.027975
0 0.832292 0.846317 0.019271 0.024079
0 0.635026 0.555418 0.019531 0.026558
0 0.259505 0.168732 0.019531 0.025142
0 0.081901 0.923867 0.019010 0.024788
0 0.150000 0.068697 0.020833 0.025496
0 0.296745 0.833746 0.017448 0.025142
0 0.231120 0.838527 0.017969 0.022663
0 0.374609 0.510092 0.019531 0.024433
0 0.719661 0.528683 0.017969 0.026204
0 0.130729 0.171919 0.019792 0.026558
0 0.785937 0.551877 0.019792 0.023725
0 0.368620 0.165545 0.019531 0.024433
0 0.740625 0.475567 0.017708 0.024788
0 0.461979 0.505135 0.018750 0.028683
0 0.320182 0.882790 0.017969 0.026204
0 0.564974 0.137217 0.017969 0.022309
0 0.497917 0.060198 0.018229 0.025496
0 0.383073 0.930772 0.020833 0.023725
0 0.488802 0.802939 0.019792 0.025850
0 0.700911 0.794086 0.020052 0.027266
0 0.894010 0.475921 0.018229 0.023371
0 0.594922 0.926169 0.019531 0.022309
0 0.309505 0.514341 0.017969 0.027975
0 0.575000 0.900319 0.020313 0.025850
0 0.938802 0.524788 0.018750 0.024079
0 0.934635 0.181834 0.018750 0.024433
0 0.586979 0.136508 0.017708 0.021601
0 0.075000 0.574363 0.019271 0.029037
0 0.196094 0.148371 0.017708 0.021246
0 0.248047 0.594547 0.021094 0.024788
0 0.280339 0.141643 0.018490 0.021955
0 0.639844 0.900319 0.019792 0.025142
0 0.069922 0.444228 0.020573 0.024433
0 0.253906 0.835694 0.020313 0.026912
0 0.455729 0.162181 0.018750 0.026204
0 0.280469 0.218484 0.019271 0.021246
0 0.442448 0.584986 0.019792 0.024079
0 0.505599 0.455559 0.016927 0.028683
0 0.744271 0.844724 0.019271 0.023725
0 0.526563 0.555949 0.019792 0.025496
0 0.764453 0.474504 0.018490 0.022663
0 0.235937 0.091537 0.019271 0.023017
0 0.592969 0.554356 0.019792 0.024433
0 0.875781 0.768414 0.018750 0.026912
0 0.911979 0.207507 0.019271 0.024788
0 0.417448 0.430595 0.021875 0.026204
0 0.717187 0.082330 0.019271 0.028683
0 0.822917 0.207507 0.018229 0.024079
0 0.851953 0.499823 0.018490 0.023725
0 0.499740 0.187500 0.017708 0.025850
0 0.196875 0.198123 0.019271 0.025850
0 0.853125 0.575956 0.018750 0.025142
0 0.226693 0.596317 0.020573 0.023371
0 0.609245 0.137748 0.018490 0.024079
0 0.635417 0.579143 0.019271 0.023017
0 0.868099 0.232826 0.019531 0.022309
0 0.720182 0.501416 0.020052 0.025496
0 0.960417 0.424398 0.018750 0.022309
0 0.277474 0.909525 0.017448 0.025142
0 0.174219 0.147486 0.019792 0.024433
0 0.960156 0.474504 0.017188 0.024788
0 0.190755 0.941041 0.021615 0.023725
0 0.077083 0.821353 0.019271 0.026558
0 0.638281 0.824717 0.018229 0.024079
0 0.955599 0.155099 0.017969 0.022663
0 0.367839 0.216360 0.019010 0.024788
0 0.521224 0.212465 0.016927 0.024079
0 0.802214 0.180595 0.018490 0.025496
0 0.617839 0.925106 0.018490 0.022309
0 0.846615 0.208215 0.017708 0.023371
0 0.954948 0.106763 0.020313 0.027975
0 0.135286 0.441749 0.020573 0.023017
0 0.656771 0.475921 0.019271 0.024788
0 0.214714 0.067103 0.020052 0.025850
0 0.659896 0.796919 0.018750 0.027266
0 0.324089 0.219016 0.021094 0.025850
0 0.121875 0.844016 0.019271 0.024433
0 0.542708 0.137040 0.018229 0.024788
0 0.181120 0.518059 0.019010 0.026204
0 0.911979 0.107295 0.020313 0.026912
0 0.258594 0.194582 0.020313 0.024433
0 0.346745 0.167139 0.020573 0.025496
0 0.169010 0.918201 0.017708 0.024788
0 0.939844 0.499823 0.018229 0.023725
0 0.846484 0.105170 0.020052 0.028329
0 0.425000 0.905099 0.018229 0.024079
0 0.766927 0.743095 0.020313 0.024433
0 0.787891 0.844901 0.017969 0.023371
0 0.868099 0.181126 0.019010 0.024433
0 0.462240 0.481055 0.017708 0.020892
0 0.490234 0.826841 0.017969 0.022663
0 0.246745 0.493449 0.018490 0.023017
0 0.374219 0.485127 0.018750 0.024079
0 0.876823 0.899610 0.017188 0.023725
0 0.226823 0.569582 0.019792 0.025850
0 0.389844 0.191395 0.018750 0.027975
0 0.196745 0.223619 0.020052 0.026558
0 0.404687 0.928824 0.019271 0.022663
0 0.403385 0.882436 0.017708 0.025496
0 0.468229 0.852337 0.019271 0.026912
0 0.787240 0.897663 0.017708 0.024079
0 0.656641 0.554533 0.019010 0.024788
0 0.808724 0.500708 0.018490 0.023371
0 0.487240 0.580382 0.018229 0.021246
0 0.874349 0.576310 0.018490 0.023017
0 0.463021 0.533109 0.019271 0.025142
0 0.041276 0.095432 0.020052 0.023017
0 0.070703 0.497344 0.018490 0.023017
0 0.068880 0.248052 0.018490 0.022309
0 0.280599 0.166431 0.018490 0.027620
0 0.524609 0.530099 0.018490 0.022663
0 0.484896 0.558074 0.017188 0.024788
0 0.959635 0.448831 0.018229 0.023017
0 0.195443 0.122167 0.019010 0.026912
0 0.188411 0.865262 0.020052 0.027266
0 0.961719 0.575425 0.018750 0.022663
0 0.204427 0.569582 0.019271 0.025850
0 0.722396 0.924221 0.020833 0.023371
0 0.204687 0.543555 0.019792 0.027620
0 0.595573 0.901381 0.018750 0.025850
0 0.699479 0.476098 0.018229 0.023725
0 0.093880 0.495397 0.019010 0.023371
0 0.735938 0.229462 0.019792 0.023371
0 0.076042 0.768059 0.018750 0.029037
0 0.697917 0.553116 0.018229 0.025496
0 0.638281 0.873761 0.018750 0.025850
0 0.116146 0.597911 0.019792 0.026558
0 0.918880 0.846671 0.019531 0.025496
0 0.568750 0.502302 0.018750 0.025142
0 0.633724 0.477337 0.018490 0.021955
0 0.417318 0.484065 0.019531 0.024079
0 0.047005 0.445999 0.018490 0.027266
0 0.323958 0.191926 0.018750 0.023371
0 0.412109 0.163598 0.017969 0.023371
0 0.809766 0.923336 0.019531 0.024433
0 0.276042 0.883499 0.017708 0.024788
0 0.822526 0.129780 0.020052 0.027266
0 0.758464 0.180241 0.018490 0.026204
0 0.700651 0.819759 0.017448 0.024788
0 0.160286 0.595609 0.021094 0.025496
0 0.478776 0.162535 0.019010 0.026204
0 0.120182 0.792670 0.019010 0.020892
0 0.808073 0.525142 0.018750 0.023371
0 0.695182 0.159525 0.016406 0.022309
0 0.759115 0.229108 0.018750 0.022663
0 0.780859 0.180595 0.017969 0.024788
0 0.477865 0.061792 0.020833 0.026558
0 0.130339 0.147309 0.020052 0.021955
0 0.159375 0.520007 0.018750 0.025850
0 0.592578 0.580028 0.020573 0.026204
0 0.433854 0.137925 0.018229 0.023017
0 0.807682 0.395715 0.019010 0.024433
0 0.233984 0.912181 0.018490 0.024079
0 0.121615 0.816395 0.019271 0.028683
0 0.358984 0.855524 0.017969 0.024079
0 0.678125 0.527266 0.017708 0.026204
0 0.269010 0.516289 0.017708 0.024788
0 0.832682 0.871105 0.019010 0.025496
0 0.547786 0.580028 0.019531 0.023371
0 0.122135 0.868449 0.018229 0.023725
0 0.397266 0.534880 0.017969 0.025850
0 0.154297 0.198654 0.017969 0.026204
0 0.203776 0.518591 0.018490 0.022309
0 0.831641 0.821176 0.020052 0.026204
0 0.822786 0.077018 0.020573 0.027975
0 0.187240 0.839589 0.020313 0.022663
0 0.247786 0.517174 0.017969 0.023725
0 0.070964 0.522309 0.018490 0.027620
0 0.650651 0.212110 0.016927 0.024788
0 0.897266 0.846671 0.018490 0.022663
0 0.526693 0.581268 0.020052 0.023017
0 0.175000 0.197769 0.019271 0.025850
0 0.281250 0.193520 0.018229 0.025850
0 0.875521 0.794618 0.018750 0.027620
0 0.168099 0.864377 0.017448 0.024079
0 0.180990 0.469016 0.019792 0.028683
0 0.424349 0.853399 0.016927 0.024079
0 0.722526 0.899079 0.019531 0.024079
0 0.941406 0.924398 0.019792 0.023725
0 0.765234 0.821707 0.018490 0.024433
0 0.911458 0.231941 0.020833 0.023371
0 0.918229 0.576841 0.018229 0.022663
0 0.423177 0.750531 0.019792 0.023725
0 0.530990 0.925814 0.018229 0.022309
0 0.720833 0.577904 0.020313 0.024079
0 0.830729 0.475567 0.018229 0.022663
0 0.353516 0.589412 0.021615 0.024433
0 0.338672 0.831799 0.018490 0.024788
0 0.461198 0.404037 0.018750 0.029745
0 0.440104 0.482649 0.017708 0.025496
0 0.612630 0.502302 0.017448 0.023017
0 0.389062 0.140227 0.017708 0.024079
0 0.478906 0.189271 0.018750 0.025850
0 0.830990 0.500000 0.018229 0.026204
0 0.630469 0.137394 0.018750 0.024079
0 0.832552 0.742387 0.017708 0.025850
0 0.547135 0.555949 0.018229 0.023371
0 0.632552 0.528152 0.018750 0.026558
0 0.941927 0.899965 0.018229 0.026558
0 0.232031 0.860659 0.017708 0.022309
0 0.137760 0.599150 0.021875 0.024788
0 0.455339 0.215120 0.017969 0.024433
0 0.867708 0.131905 0.017708 0.023017
0 0.434896 0.188739 0.017708 0.024079
0 0.916016 0.476629 0.017448 0.021955
0 0.402474 0.855878 0.019010 0.026204
0 0.189714 0.916431 0.019010 0.022663
0 0.657682 0.578966 0.019010 0.021955
0 0.380990 0.883853 0.018229 0.024079
0 0.941927 0.742918 0.019792 0.027620
0 0.722396 0.821884 0.018750 0.024788
0 0.806771 0.476452 0.018750 0.025142
0 0.073698 0.547805 0.018229 0.023371
0 0.425000 0.881374 0.018750 0.026204
0 0.741406 0.502656 0.018229 0.025142
0 0.318359 0.857472 0.017448 0.021601
0 0.934115 0.154745 0.018229 0.022663
0 0.098958 0.845963 0.018750 0.026204
0 0.136068 0.519653 0.019010 0.024433
0 0.490885 0.901558 0.019271 0.024788
0 0.181250 0.493803 0.019271 0.020892
0 0.136979 0.545149 0.019792 0.025850
0 0.152995 0.148371 0.019010 0.022663
0 0.590625 0.502302 0.019271 0.026558
0 0.520964 0.187677 0.016927 0.024079
0 0.096875 0.599504 0.019792 0.024079
0 0.278125 0.933428 0.019792 0.026912
0 0.831510 0.898194 0.019792 0.025850
0 0.543490 0.187500 0.018229 0.025850
0 0.291016 0.594547 0.018490 0.024079
0 0.618359 0.849858 0.016927 0.021955
0 0.203906 0.494865 0.018229 0.024433
0 0.055729 0.821884 0.020313 0.024788
0 0.786719 0.477337 0.017708 0.022663
0 0.956641 0.181303 0.020573 0.026204
0 0.346354 0.239023 0.021354 0.022663
0 0.359505 0.880666 0.017448 0.026204
0 0.546484 0.529037 0.019010 0.027620
0 0.217448 0.171388 0.017188 0.025496
0 0.652344 0.185552 0.017708 0.022663
0 0.298958 0.933074 0.019271 0.024788
0 0.412240 0.189271 0.018229 0.026558
0 0.897656 0.741147 0.020313 0.023371
0 0.088802 0.222557 0.018229 0.024433
0 0.479036 0.212996 0.018490 0.022309
0 0.216016 0.199008 0.018490 0.023371
0 0.919401 0.741678 0.018490 0.023725
0 0.181901 0.544086 0.017448 0.027266
0 0.317969 0.832684 0.018750 0.026558
0 0.572917 0.849327 0.019271 0.023725
0 0.550781 0.853222 0.017188 0.026558
0 0.233854 0.887571 0.018750 0.025850
0 0.238672 0.169263 0.020052 0.026912
0 0.595313 0.875177 0.018229 0.023725
0 0.551042 0.877656 0.018750 0.027266
0 0.542708 0.161827 0.017708 0.023371
0 0.845573 0.182542 0.019271 0.023017
0 0.089583 0.197769 0.019271 0.025850
0 0.851302 0.474327 0.018229 0.023017
0 0.148307 0.918378 0.019531 0.023725
0 0.766406 0.870928 0.018229 0.024433
0 0.489844 0.851806 0.018750 0.024433
0 0.275130 0.859065 0.017969 0.021955
0 0.116406 0.572061 0.018750 0.024433
0 0.423958 0.829497 0.017708 0.023017
0 0.411458 0.238137 0.019792 0.021601
0 0.913021 0.132082 0.018750 0.024788
0 0.490495 0.926700 0.019531 0.022663
0 0.960417 0.552408 0.020313 0.024079
0 0.256901 0.933605 0.020052 0.022309
0 0.655078 0.503718 0.020573 0.029391
0 0.323568 0.166254 0.019010 0.024433
0 0.136849 0.494865 0.019010 0.023017
0 0.764323 0.500177 0.017708 0.024433
0 0.509896 0.876062 0.017188 0.021955
0 0.389714 0.217953 0.018490 0.023017
0 0.467057 0.878010 0.017448 0.022309
0 0.786589 0.577018 0.019531 0.023017
0 0.148958 0.941395 0.018750 0.022309
0 0.108594 0.171742 0.019271 0.025496
0 0.359505 0.907755 0.016406 0.023725
0 0.614062 0.579851 0.019792 0.023725
0 0.739193 0.183074 0.016927 0.023371
0 0.896094 0.576664 0.019271 0.023017
0 0.080208 0.899079 0.017708 0.023371
0 0.046354 0.223796 0.018229 0.026912
0 0.086719 0.123229 0.019271 0.027620
0 0.290495 0.540899 0.018490 0.026558
0 0.955599 0.206976 0.018490 0.024433
0 0.339714 0.856763 0.017448 0.023017
0 0.591406 0.527797 0.017708 0.027266
0 0.225130 0.413952 0.019010 0.028329
0 0.424349 0.931126 0.021615 0.025142
0 0.653385 0.158994 0.017708 0.022663
0 0.809896 0.819759 0.019271 0.022663
0 0.441016 0.507613 0.017969 0.023017
0 0.786458 0.525496 0.018750 0.024788
0 0.323568 0.241147 0.018490 0.019830
0 0.463151 0.558605 0.017969 0.024433
0 0.959635 0.396246 0.017708 0.028329
0 0.888672 0.129780 0.017969 0.021601
0 0.629687 0.186261 0.019271 0.024079
0 0.107031 0.097203 0.021354 0.029391
0 0.877344 0.845786 0.017188 0.023725
0 0.873437 0.526381 0.018229 0.024433
0 0.955208 0.131905 0.018750 0.023017
0 0.048958 0.524788 0.020313 0.024079
0 0.802344 0.154745 0.016667 0.024079
0 0.938411 0.476806 0.017969 0.022309
0 0.375000 0.587465 0.019792 0.025496
0 0.113542 0.495928 0.017708 0.023017
0 0.381380 0.856941 0.017969 0.024788
0 0.226042 0.544086 0.017708 0.023017
0 0.546354 0.503718 0.017188 0.023725
0 0.323437 0.140227 0.020313 0.022663
0 0.374219 0.407401 0.020313 0.030807
0 0.520703 0.162890 0.016406 0.021246
0 0.477995 0.236721 0.021094 0.023725
0 0.499609 0.162890 0.016927 0.023371
0 0.911589 0.158109 0.017969 0.022309
0 0.108724 0.224681 0.017969 0.025142
0 0.107943 0.147663 0.018490 0.021955
0 0.477995 0.086402 0.021094 0.025496
0 0.736068 0.206799 0.021094 0.022663
0 0.048177 0.499115 0.019271 0.024433
0 0.681120 0.873938 0.018490 0.024788
0 0.320964 0.930772 0.018490 0.021601
0 0.499870 0.213881 0.018490 0.024079
0 0.287891 0.411119 0.017969 0.024788
0 0.832422 0.924929 0.018490 0.022663
0 0.629687 0.213350 0.018750 0.021601
0 0.168359 0.890935 0.017969 0.024079
0 0.823698 0.230347 0.019792 0.022309
0 0.780078 0.230170 0.018490 0.021955
0 0.083594 0.949540 0.018750 0.023017
0 0.801693 0.103045 0.017969 0.026204
0 0.182552 0.570644 0.017188 0.020892
0 0.876172 0.924221 0.019010 0.024079
0 0.653385 0.528506 0.020833 0.024433
0 0.483594 0.481586 0.018750 0.023371
0 0.800911 0.230878 0.022135 0.021955
0 0.455339 0.237960 0.019010 0.022663
0 0.722005 0.870928 0.019531 0.024433
0 0.586068 0.235482 0.018490 0.019122
0 0.122917 0.895184 0.017708 0.027620
0 0.389974 0.165899 0.019010 0.023725
0 0.380339 0.832861 0.019531 0.021246
0 0.788151 0.821353 0.017448 0.020892
0 0.484375 0.401204 0.020833 0.024079
0 0.677734 0.577904 0.019010 0.024788
0 0.050911 0.574008 0.019531 0.026204
0 0.521354 0.236190 0.017188 0.019830
0 0.255078 0.860305 0.019010 0.024433
0 0.112370 0.471494 0.020052 0.025850
0 0.412109 0.139695 0.019010 0.023725
0 0.447656 0.851983 0.017188 0.022663
0 0.629427 0.234773 0.020313 0.024079
0 0.468620 0.827195 0.017969 0.021955
0 0.638802 0.848265 0.018229 0.021601
0 0.742578 0.576664 0.019531 0.026558
0 0.744141 0.820113 0.017969 0.021246
0 0.106771 0.068166 0.019271 0.027975
0 0.699349 0.577550 0.018490 0.024079
0 0.044792 0.174221 0.018229 0.023371
0 0.942708 0.795149 0.018750 0.027266
0 0.629948 0.161650 0.018229 0.023017
0 0.612630 0.477514 0.017448 0.024433
0 0.058594 0.901027 0.017708 0.023725
0 0.105599 0.947769 0.019010 0.023017
0 0.214062 0.939271 0.018750 0.023017
0 0.380599 0.806126 0.021094 0.028683
0 0.519792 0.138456 0.019271 0.024788
0 0.661589 0.899788 0.016927 0.022663
0 0.809766 0.578789 0.019010 0.023725
0 0.586589 0.253895 0.019531 0.020538
0 0.960547 0.499115 0.017448 0.022309
0 0.467839 0.774965 0.021094 0.020184
0 0.055859 0.848442 0.017969 0.026204
0 0.508333 0.801877 0.017708 0.026558
0 0.490755 0.874292 0.018490 0.023371
0 0.552214 0.925637 0.018490 0.021246
0 0.553646 0.901912 0.018229 0.025496
0 0.153906 0.172450 0.018229 0.025496
0 0.853385 0.844547 0.017708 0.027620
0 0.498307 0.237075 0.018490 0.020184
0 0.759766 0.156161 0.017969 0.021955
0 0.847266 0.250531 0.021615 0.019476
0 0.101693 0.896424 0.018490 0.024433
0 0.237630 0.242918 0.017969 0.019830
0 0.679167 0.796919 0.018750 0.026558
0 0.236979 0.143414 0.018229 0.021246
0 0.485938 0.505666 0.018750 0.025496
0 0.288542 0.491678 0.016667 0.020892
0 0.108333 0.196530 0.018229 0.024079
0 0.721875 0.846848 0.020313 0.023017
0 0.050651 0.548513 0.021615 0.025496
0 0.183464 0.619157 0.020052 0.021601
0 0.954818 0.231763 0.020573 0.022309
0 0.509635 0.850744 0.016146 0.023725
0 0.052995 0.625531 0.020052 0.022309
0 0.694141 0.233888 0.020052 0.022309
0 0.660807 0.873407 0.019010 0.028683
0 0.889193 0.153860 0.017448 0.025850
0 0.154557 0.223265 0.017448 0.023017
0 0.716406 0.251416 0.020313 0.019122
0 0.639193 0.923513 0.019010 0.022663
0 0.302083 0.219724 0.017708 0.024433
0 0.126823 0.945113 0.019792 0.021246
0 0.854427 0.819405 0.020833 0.026912
0 0.367448 0.239377 0.020313 0.021955
0 0.550130 0.827373 0.020573 0.023017
0 0.787630 0.869511 0.018490 0.024433
0 0.330469 0.589589 0.020833 0.024079
0 0.484505 0.530984 0.018490 0.022309
0 0.952474 0.051877 0.016406 0.024433
0 0.505339 0.505666 0.015365 0.024079
0 0.297917 0.909703 0.017188 0.026204
0 0.086849 0.096494 0.019531 0.026558
0 0.130469 0.224504 0.018229 0.026204
0 0.564193 0.237075 0.018490 0.020184
0 0.086719 0.068520 0.019792 0.025850
0 0.504818 0.583215 0.016406 0.022663
0 0.303125 0.240085 0.017708 0.019122
0 0.504297 0.558074 0.014844 0.024788
0 0.679688 0.824540 0.017708 0.025142
0 0.545052 0.479285 0.017188 0.023017
0 0.504036 0.531339 0.015885 0.027975
0 0.298307 0.857118 0.017448 0.023725
0 0.530729 0.850744 0.016146 0.023017
0 0.217057 0.146955 0.018490 0.023371
0 0.590885 0.476452 0.019271 0.023017
0 0.661589 0.847203 0.016927 0.020184
0 0.572266 0.825779 0.017969 0.021246
0 0.447526 0.828612 0.019010 0.022663
0 0.662109 0.922450 0.017448 0.021955
0 0.509635 0.927231 0.017708 0.021601
0 0.368750 0.139341 0.021354 0.023725
0 0.389453 0.239377 0.017969 0.018414
0 0.802344 0.128541 0.018229 0.024079
0 0.786458 0.500000 0.019271 0.025496
0 0.542318 0.237252 0.017448 0.019122
0 0.062760 0.927054 0.016146 0.026204
0 0.280078 0.239200 0.017448 0.020892
0 0.877214 0.822769 0.018490 0.024433
0 0.504036 0.402089 0.016406 0.023017
0 0.567448 0.478399 0.018750 0.021955
0 0.505339 0.480347 0.016406 0.022309
0 0.053516 0.795680 0.019010 0.025496
0 0.499089 0.138633 0.019531 0.027266
0 0.898047 0.820467 0.020052 0.022663
0 0.200911 0.415191 0.020052 0.029391
0 0.064062 0.952904 0.018750 0.025496
0 0.216797 0.245751 0.017448 0.017705
0 0.508594 0.825602 0.016667 0.023017
0 0.233724 0.938208 0.020573 0.024433
0 0.077083 0.846140 0.019792 0.024433
0 0.093099 0.471317 0.021094 0.027620
0 0.068229 0.270361 0.018750 0.021601
0 0.079297 0.873407 0.017969 0.023017
0 0.680208 0.849858 0.017188 0.023371
0 0.697786 0.527797 0.020052 0.024433
0 0.525391 0.503541 0.017969 0.024788
0 0.674609 0.250531 0.019010 0.020892
0 0.179167 0.415545 0.017708 0.024433
0 0.446615 0.928470 0.020833 0.023371
0 0.087630 0.246636 0.015885 0.020184
0 0.700260 0.923159 0.016667 0.021246
0 0.960547 0.523017 0.017969 0.026204
0 0.527604 0.827727 0.017708 0.020892
0 0.525000 0.479639 0.018750 0.023725
0 0.260417 0.241501 0.019271 0.020538
0 0.360156 0.930595 0.018750 0.022663
0 0.831641 0.601983 0.018490 0.021955
0 0.700651 0.847380 0.018490 0.026912
0 0.433073 0.236898 0.016667 0.020538
0 0.940885 0.820644 0.018750 0.023725
0 0.660937 0.822946 0.017708 0.023371
0 0.054948 0.767528 0.019271 0.027975
0 0.673828 0.231763 0.017448 0.018059
0 0.700911 0.899433 0.017448 0.024788
0 0.064453 0.976806 0.021094 0.020892
0 0.045703 0.248052 0.022656 0.022309
0 0.701562 0.870928 0.017708 0.023725
0 0.651172 0.234419 0.017969 0.021246
0 0.940755 0.874292 0.016927 0.024079
0 0.108984 0.246459 0.016406 0.021246
0 0.856250 0.924752 0.018750 0.024433
0 0.175911 0.244865 0.015885 0.019476
0 0.197656 0.245397 0.016146 0.018414
0 0.680859 0.900319 0.015885 0.028683
0 0.341406 0.930418 0.017708 0.020892
0 0.093359 0.417847 0.021094 0.028329
0 0.129688 0.246282 0.014583 0.018768
0 0.215885 0.264164 0.018750 0.019830
0 0.304036 0.261331 0.019010 0.022663
0 0.055599 0.872521 0.017969 0.024079
0 0.855859 0.899256 0.019531 0.027266
0 0.153776 0.245220 0.014323 0.018059
0 0.112370 0.417316 0.016927 0.027975
0 0.792188 0.154037 0.011458 0.026204
0 0.941276 0.843661 0.017969 0.023725
0 0.150651 0.040191 0.023177 0.027975
0 0.379167 0.728931 0.021354 0.027266
