0 0.813425 0.110788 0.315011 0.219736
0 0.815011 0.300184 0.334038 0.156604
0 0.811311 0.490959 0.281184 0.214527
0 0.821089 0.681275 0.315539 0.193687
0 0.798362 0.887067 0.303911 0.202574
0 0.485994 0.107263 0.351480 0.209010
0 0.477273 0.311523 0.307611 0.220962
0 0.495243 0.514404 0.298097 0.198284
0 0.487844 0.701808 0.328753 0.163040
0 0.470930 0.888906 0.290698 0.213607
0 0.165698 0.100827 0.311311 0.197977
0 0.163848 0.277199 0.307611 0.156604
0 0.168869 0.484064 0.286998 0.226479
0 0.164905 0.697977 0.305497 0.201348
0 0.158298 0.892277 0.303911 0.187251
