0 0.677900 0.364878 0.047295 0.069995
0 0.328148 0.557568 0.048904 0.068268
0 0.327966 0.242499 0.061783 0.069292
0 0.394082 0.242063 0.057676 0.071868
0 0.395464 0.501390 0.053036 0.081394
0 0.262687 0.506260 0.048403 0.075689
0 0.261569 0.753482 0.050337 0.074564
0 0.325254 0.837818 0.057610 0.071883
0 0.192613 0.241652 0.060782 0.069899
0 0.746155 0.833031 0.058559 0.077656
0 0.191918 0.312756 0.060950 0.070939
0 0.745733 0.751613 0.060441 0.085425
0 0.328741 0.631016 0.060570 0.067796
0 0.815255 0.619376 0.062390 0.077661
0 0.676730 0.833274 0.062087 0.071916
0 0.815584 0.693104 0.060357 0.075970
0 0.815732 0.764061 0.052606 0.058716
0 0.746727 0.675227 0.054173 0.068175
0 0.605535 0.831235 0.065401 0.071335
0 0.258860 0.829538 0.055958 0.077936
0 0.189022 0.830430 0.057746 0.068331
0 0.328070 0.463910 0.061422 0.088286
0 0.187766 0.544793 0.046779 0.067008
0 0.677949 0.759423 0.061717 0.074360
0 0.745006 0.453388 0.050423 0.075492
0 0.184918 0.634663 0.048388 0.074898
0 0.261376 0.414176 0.047259 0.064611
0 0.190349 0.392233 0.058072 0.086959
0 0.392548 0.838996 0.059495 0.070685
0 0.260980 0.238797 0.054305 0.061546
0 0.393263 0.703070 0.056800 0.069175
0 0.673335 0.253153 0.044520 0.070562
0 0.812186 0.832799 0.057760 0.070768
0 0.746879 0.599485 0.060808 0.072816
0 0.679968 0.525843 0.060633 0.087164
0 0.394414 0.310770 0.060038 0.068684
0 0.394549 0.638074 0.050551 0.057577
0 0.259922 0.591243 0.058238 0.091223
0 0.745087 0.374929 0.050257 0.062357
0 0.813061 0.245379 0.057157 0.075797
0 0.745640 0.528111 0.051485 0.063071
0 0.326046 0.319749 0.056132 0.072332
0 0.610495 0.483498 0.064343 0.090346
0 0.188734 0.767422 0.053497 0.056578
0 0.186475 0.706356 0.053883 0.064067
0 0.328513 0.698886 0.058037 0.072582
0 0.188622 0.466767 0.055300 0.064536
0 0.325227 0.766593 0.056702 0.065380
0 0.817569 0.549106 0.046378 0.061709
0 0.744729 0.293661 0.058504 0.078793
0 0.817434 0.473984 0.054841 0.073018
0 0.817186 0.400228 0.058055 0.076792
0 0.611011 0.245472 0.058815 0.070559
0 0.679133 0.442412 0.050543 0.055716
0 0.259895 0.675119 0.052623 0.070693
0 0.261318 0.302132 0.051621 0.057345
0 0.326072 0.385364 0.056333 0.055746
0 0.394283 0.573357 0.052066 0.060696
0 0.261248 0.355177 0.043759 0.036761
0 0.607915 0.552624 0.053643 0.054528
0 0.395774 0.420811 0.049935 0.060586
0 0.608506 0.768240 0.055808 0.059213
0 0.682143 0.673697 0.047832 0.069798
0 0.608374 0.625199 0.063503 0.085454
0 0.606520 0.310651 0.062213 0.056101
0 0.815351 0.326173 0.048664 0.068900
0 0.392929 0.771801 0.055752 0.066578
0 0.742358 0.235377 0.046824 0.042892
0 0.395411 0.364890 0.056749 0.046137
0 0.679064 0.601986 0.059376 0.065229
0 0.607738 0.707978 0.045518 0.047730
0 0.604895 0.362900 0.041223 0.036817
