0 0.866908 0.035666 0.032462 0.042620
0 0.597014 0.303163 0.026155 0.033423
0 0.468188 0.458950 0.026340 0.037236
0 0.790855 0.246523 0.028381 0.028264
0 0.541180 0.680911 0.022816 0.034769
0 0.319143 0.395805 0.023929 0.034320
0 0.492580 0.364625 0.022445 0.037012
0 0.269894 0.454352 0.025227 0.033872
0 0.672510 0.122701 0.022445 0.031404
0 0.140419 0.455361 0.024114 0.031404
0 0.566500 0.738896 0.023001 0.026918
0 0.647004 0.387281 0.026340 0.023105
0 0.793359 0.088941 0.024856 0.029834
0 0.539325 0.958165 0.028381 0.033872
0 0.222222 0.097353 0.025598 0.029161
0 0.598405 0.092418 0.025598 0.031853
0 0.296327 0.216240 0.022816 0.032301
0 0.166852 0.427770 0.025042 0.031853
0 0.818401 0.357784 0.025969 0.033199
0 0.342423 0.540713 0.022259 0.024450
0 0.594602 0.533872 0.023929 0.036339
0 0.598127 0.159825 0.025042 0.028039
0 0.213782 0.857672 0.022816 0.029834
0 0.392321 0.594549 0.023001 0.028488
0 0.223613 0.065052 0.029123 0.036788
0 0.821647 0.123262 0.028381 0.032974
0 0.168151 0.136833 0.026526 0.038134
0 0.598683 0.061126 0.025413 0.026694
0 0.813949 0.948744 0.021517 0.028488
0 0.546095 0.067183 0.026340 0.032526
0 0.270636 0.391095 0.023001 0.034769
0 0.571137 0.036115 0.024856 0.036339
0 0.792988 0.122589 0.024856 0.034769
0 0.267668 0.487999 0.027082 0.030731
0 0.215637 0.679901 0.025784 0.033647
0 0.566407 0.543517 0.023187 0.030956
0 0.647375 0.213549 0.024856 0.029610
0 0.904563 0.055855 0.031349 0.034545
0 0.110926 0.623710 0.024485 0.035218
0 0.421536 0.100269 0.023187 0.037685
0 0.622705 0.271086 0.023743 0.031629
0 0.271193 0.096344 0.022630 0.032077
0 0.717770 0.444482 0.023929 0.029385
0 0.241792 0.486878 0.021703 0.029385
0 0.139584 0.228017 0.025784 0.034769
0 0.163513 0.577501 0.024300 0.030283
0 0.769616 0.119336 0.025227 0.035891
0 0.321276 0.187528 0.023743 0.028712
0 0.767947 0.154217 0.024114 0.030283
0 0.169727 0.307425 0.030421 0.040601
0 0.517715 0.619560 0.025598 0.037236
0 0.218605 0.482728 0.022074 0.026918
0 0.675107 0.058434 0.024300 0.023553
0 0.723892 0.121803 0.022445 0.031404
0 0.447134 0.095222 0.026897 0.028488
0 0.440920 0.511777 0.024485 0.029385
0 0.864311 0.473082 0.025413 0.024226
0 0.717770 0.535891 0.024671 0.029610
0 0.364960 0.802490 0.023929 0.034320
0 0.293823 0.535218 0.020775 0.030956
0 0.516694 0.679565 0.025413 0.032974
0 0.646170 0.439435 0.025784 0.021086
0 0.466982 0.538246 0.025413 0.027142
0 0.320349 0.305742 0.022630 0.029161
0 0.862085 0.950875 0.022445 0.032750
0 0.569560 0.162741 0.026526 0.028488
0 0.446114 0.125280 0.026711 0.031629
0 0.142089 0.426537 0.023372 0.026694
0 0.194769 0.133692 0.025227 0.035891
0 0.215081 0.712876 0.027268 0.031404
0 0.397885 0.094100 0.023743 0.034320
0 0.696531 0.272095 0.026340 0.031404
0 0.516324 0.152983 0.023929 0.032750
0 0.644593 0.500449 0.025227 0.032301
0 0.193007 0.448407 0.026526 0.031853
0 0.620293 0.586698 0.023001 0.029385
0 0.191801 0.481382 0.025969 0.031404
0 0.643665 0.799798 0.020775 0.027591
0 0.700148 0.116981 0.026526 0.037461
0 0.790670 0.303948 0.028010 0.030956
0 0.541365 0.740691 0.023929 0.031404
0 0.695789 0.240803 0.023372 0.030283
0 0.543777 0.155675 0.021703 0.028712
0 0.470228 0.274563 0.025227 0.030058
0 0.569282 0.391880 0.023001 0.025123
0 0.693378 0.566734 0.024114 0.026694
0 0.790299 0.274787 0.025784 0.027367
0 0.569097 0.194818 0.024485 0.036563
0 0.692914 0.537909 0.023187 0.030507
0 0.167316 0.101279 0.023743 0.032974
0 0.690874 0.949865 0.028381 0.042844
0 0.058894 0.625617 0.031349 0.035891
0 0.597848 0.125505 0.023743 0.034769
0 0.317937 0.536563 0.023743 0.031853
0 0.114728 0.197286 0.023558 0.033423
0 0.739937 0.622925 0.023001 0.030058
0 0.594973 0.268955 0.026897 0.032750
0 0.267390 0.865523 0.022816 0.033423
0 0.623446 0.187079 0.021517 0.032301
0 0.868855 0.244953 0.026340 0.039480
0 0.792896 0.156572 0.026897 0.029161
0 0.768039 0.389300 0.023929 0.032974
0 0.742441 0.562696 0.026155 0.028039
0 0.646262 0.358457 0.023001 0.031853
0 0.817381 0.388852 0.022445 0.028039
0 0.820998 0.304284 0.030421 0.032526
0 0.668614 0.511216 0.023929 0.034096
0 0.790113 0.215119 0.028752 0.034993
0 0.196346 0.064491 0.026155 0.036115
0 0.545632 0.034208 0.027639 0.033872
0 0.593025 0.799910 0.021888 0.028712
0 0.443702 0.398721 0.025969 0.030283
0 0.390187 0.683266 0.022445 0.037685
0 0.366444 0.537012 0.025413 0.029161
0 0.117140 0.363616 0.027639 0.036788
0 0.446299 0.157694 0.027082 0.032750
0 0.769060 0.062248 0.022630 0.030731
0 0.699406 0.059444 0.022816 0.027367
0 0.742534 0.440444 0.023372 0.030283
0 0.271471 0.360476 0.025042 0.026469
0 0.913096 0.888515 0.028010 0.031404
0 0.572065 0.098138 0.029679 0.029834
0 0.267761 0.625056 0.022074 0.027142
0 0.795121 0.059892 0.021703 0.027815
0 0.221944 0.186406 0.024671 0.025572
0 0.294009 0.479587 0.023372 0.026021
0 0.393341 0.530731 0.025784 0.030956
0 0.517715 0.581314 0.024856 0.032974
0 0.671026 0.303051 0.020961 0.029161
0 0.348080 0.133580 0.025784 0.030731
0 0.717028 0.676649 0.027639 0.031629
0 0.059265 0.541274 0.029123 0.030058
0 0.620479 0.471512 0.020404 0.023777
0 0.717678 0.619560 0.022630 0.033199
0 0.192543 0.389412 0.024485 0.026469
0 0.839826 0.474764 0.022445 0.028039
0 0.647283 0.300695 0.022816 0.030283
0 0.396030 0.126626 0.024114 0.029834
0 0.465498 0.768730 0.023558 0.030507
0 0.216936 0.512225 0.024671 0.030283
0 0.215544 0.742822 0.027453 0.028937
0 0.862734 0.444706 0.021888 0.031180
0 0.472732 0.153208 0.024671 0.029161
0 0.493137 0.466801 0.023558 0.029610
0 0.186515 0.858008 0.025042 0.034993
0 0.544797 0.127187 0.021888 0.027367
0 0.472547 0.065612 0.020219 0.028488
0 0.185680 0.710296 0.028195 0.030731
0 0.166945 0.395581 0.021888 0.029834
0 0.241235 0.860027 0.025784 0.030956
0 0.367186 0.475662 0.025413 0.034320
0 0.367464 0.567183 0.024856 0.031629
0 0.113801 0.540825 0.024671 0.026469
0 0.244853 0.455137 0.021888 0.027367
0 0.294751 0.714334 0.024114 0.027591
0 0.618624 0.733288 0.022259 0.029161
0 0.641810 0.832548 0.022259 0.033872
0 0.863291 0.412853 0.020033 0.027142
0 0.444815 0.245289 0.021888 0.027142
0 0.698572 0.153432 0.024856 0.032301
0 0.595066 0.769740 0.025227 0.030283
0 0.693471 0.360924 0.022445 0.033647
0 0.665554 0.805855 0.023001 0.032077
0 0.116490 0.306752 0.023743 0.027142
0 0.165090 0.459062 0.021517 0.028937
0 0.594509 0.738896 0.023743 0.028264
0 0.194955 0.361148 0.025598 0.027815
0 0.646355 0.414199 0.023929 0.028937
0 0.693656 0.506729 0.023558 0.031853
0 0.370618 0.188201 0.023372 0.031853
0 0.745595 0.061126 0.021332 0.026245
0 0.294101 0.567295 0.025784 0.027815
0 0.791319 0.184948 0.024856 0.026694
0 0.541365 0.624159 0.021332 0.028937
0 0.167780 0.363055 0.021332 0.033423
0 0.292988 0.626738 0.026155 0.030956
0 0.241977 0.804284 0.025042 0.030731
0 0.618067 0.796994 0.026340 0.029610
0 0.844556 0.208614 0.024114 0.027815
0 0.695511 0.304172 0.025784 0.031404
0 0.723057 0.061799 0.024114 0.031180
0 0.742348 0.531741 0.021888 0.032077
0 0.571044 0.068753 0.021703 0.025348
0 0.342052 0.477793 0.024856 0.035891
0 0.466611 0.624944 0.024671 0.030507
0 0.442682 0.364850 0.025413 0.037012
0 0.215266 0.824921 0.026897 0.032526
0 0.219718 0.455137 0.025042 0.031404
0 0.414394 0.830978 0.022630 0.025796
0 0.716379 0.709175 0.025227 0.029834
0 0.722315 0.153544 0.021517 0.028937
0 0.165461 0.488336 0.024114 0.027367
0 0.468837 0.366532 0.024671 0.040377
0 0.745502 0.151525 0.021888 0.028937
0 0.696809 0.210969 0.020219 0.028488
0 0.718698 0.474316 0.022074 0.028937
0 0.441291 0.679004 0.024485 0.028264
0 0.491560 0.436855 0.022259 0.029385
0 0.241699 0.682705 0.024856 0.038358
0 0.569468 0.359354 0.024114 0.039480
0 0.269894 0.301929 0.023743 0.034993
0 0.415878 0.803275 0.024485 0.027367
0 0.165461 0.615971 0.030050 0.044863
0 0.317195 0.861597 0.023001 0.031404
0 0.267668 0.801929 0.023001 0.033647
0 0.140419 0.628645 0.028937 0.028488
0 0.114728 0.227344 0.021332 0.023105
0 0.142460 0.307537 0.023372 0.031853
0 0.622426 0.303611 0.024300 0.031180
0 0.723521 0.090960 0.023187 0.029834
0 0.246244 0.271646 0.020590 0.029610
0 0.163235 0.545536 0.023372 0.030058
0 0.692821 0.622813 0.024114 0.028937
0 0.366537 0.508075 0.023372 0.028264
0 0.674086 0.181135 0.024114 0.031180
0 0.864125 0.616756 0.022445 0.034769
0 0.321833 0.093652 0.023001 0.033872
0 0.863012 0.500449 0.022074 0.030507
0 0.342701 0.511104 0.023558 0.030283
0 0.542014 0.559444 0.024485 0.030058
0 0.164533 0.516936 0.023372 0.026694
0 0.322111 0.216240 0.024300 0.025572
0 0.489612 0.772544 0.023929 0.032301
0 0.671953 0.239681 0.022445 0.028937
0 0.169356 0.267833 0.029308 0.038582
0 0.193842 0.168461 0.023372 0.031853
0 0.397143 0.063257 0.024114 0.025572
0 0.643944 0.768955 0.023558 0.033199
0 0.647932 0.123598 0.020033 0.030058
0 0.270729 0.422835 0.022074 0.027367
0 0.241885 0.832212 0.021517 0.025123
0 0.339826 0.806864 0.023001 0.030058
0 0.318494 0.745402 0.024114 0.028264
0 0.420701 0.226110 0.024856 0.026469
0 0.746429 0.121131 0.022259 0.033647
0 0.393897 0.429341 0.029123 0.044863
0 0.669820 0.361485 0.020404 0.034320
0 0.520219 0.068753 0.025413 0.034320
0 0.722408 0.184388 0.022445 0.031853
0 0.823224 0.089838 0.030421 0.029385
0 0.316639 0.894011 0.024485 0.029385
0 0.738917 0.924518 0.023187 0.024899
0 0.143758 0.363616 0.024485 0.035442
0 0.192543 0.417676 0.022259 0.024226
0 0.698386 0.029273 0.020404 0.032974
0 0.542385 0.592530 0.022630 0.030731
0 0.390837 0.719381 0.025969 0.034993
0 0.139492 0.514581 0.024114 0.031404
0 0.086997 0.509982 0.023743 0.029834
0 0.086904 0.624495 0.022445 0.030507
0 0.365146 0.836586 0.025413 0.033423
0 0.139955 0.486205 0.025413 0.028488
0 0.142089 0.397151 0.022630 0.028937
0 0.721851 0.214782 0.022074 0.027591
0 0.294101 0.423845 0.023558 0.035218
0 0.598219 0.031741 0.021146 0.028937
0 0.545075 0.098923 0.023929 0.030956
0 0.618809 0.765814 0.022259 0.029161
0 0.542756 0.711754 0.025969 0.025123
0 0.317474 0.474877 0.023187 0.030956
0 0.419310 0.363504 0.020590 0.037909
0 0.666481 0.957044 0.027824 0.030283
0 0.745873 0.029385 0.021888 0.031404
0 0.441198 0.711306 0.024300 0.031853
0 0.294194 0.596344 0.025227 0.028488
0 0.248470 0.098587 0.022074 0.028488
0 0.315990 0.829744 0.022074 0.031404
0 0.185773 0.822342 0.026155 0.033647
0 0.390466 0.803948 0.023372 0.024675
0 0.914673 0.948407 0.025227 0.028712
0 0.114821 0.162405 0.024485 0.036339
0 0.543406 0.361597 0.023929 0.030956
0 0.570302 0.447061 0.023558 0.026021
0 0.721480 0.030956 0.022816 0.030507
0 0.669264 0.540153 0.023743 0.022880
0 0.113430 0.420929 0.021332 0.027591
0 0.492766 0.275460 0.020590 0.029610
0 0.110926 0.917788 0.023372 0.029385
0 0.087739 0.744616 0.023372 0.027142
0 0.242998 0.744056 0.024485 0.030956
0 0.468466 0.426985 0.022074 0.023553
0 0.370618 0.220951 0.025227 0.028264
0 0.243369 0.774114 0.023743 0.031404
0 0.318216 0.594549 0.023187 0.032974
0 0.515860 0.772880 0.023372 0.035666
0 0.904934 0.089166 0.037655 0.030731
0 0.268225 0.710408 0.025227 0.030058
0 0.625116 0.059107 0.024485 0.030283
0 0.642831 0.533984 0.024671 0.030731
0 0.518642 0.244056 0.023743 0.032301
0 0.518549 0.119560 0.025042 0.024226
0 0.390558 0.750449 0.025413 0.028039
0 0.591263 0.955361 0.025042 0.033199
0 0.841681 0.389188 0.022445 0.031404
0 0.646726 0.242261 0.022816 0.026918
0 0.245595 0.426312 0.024856 0.029385
0 0.670098 0.449529 0.020590 0.029610
0 0.566871 0.509870 0.024856 0.033647
0 0.762196 0.895917 0.021146 0.027815
0 0.415693 0.774787 0.022259 0.028264
0 0.347060 0.225550 0.023001 0.029385
0 0.294287 0.454015 0.021332 0.023777
0 0.620015 0.619560 0.024300 0.032750
0 0.793174 0.356886 0.024485 0.029610
0 0.814969 0.528039 0.023187 0.025123
0 0.864682 0.557201 0.022445 0.028264
0 0.838805 0.950314 0.023743 0.029385
0 0.650807 0.059332 0.025042 0.032526
0 0.372844 0.127299 0.021888 0.031629
0 0.670284 0.419358 0.022445 0.027591
0 0.542849 0.390646 0.022816 0.025348
0 0.739566 0.897600 0.023001 0.027142
0 0.392228 0.563818 0.024300 0.033423
0 0.470414 0.304845 0.027824 0.029610
0 0.647468 0.270637 0.023929 0.025348
0 0.222500 0.031629 0.023558 0.029610
0 0.140883 0.193809 0.028010 0.032301
0 0.473567 0.093876 0.023372 0.027591
0 0.494064 0.401525 0.020590 0.035891
0 0.293267 0.742485 0.025227 0.027815
0 0.643944 0.619000 0.025042 0.024450
0 0.640234 0.925303 0.022816 0.026021
0 0.596086 0.498991 0.025042 0.030283
0 0.769802 0.029610 0.024485 0.029610
0 0.570302 0.476335 0.025042 0.030731
0 0.270543 0.269179 0.021332 0.027367
0 0.444073 0.273890 0.023743 0.028712
0 0.625301 0.123598 0.025969 0.030058
0 0.292803 0.834679 0.024671 0.032301
0 0.889260 0.415321 0.022630 0.027142
0 0.266648 0.833558 0.022074 0.028712
0 0.640512 0.952782 0.022630 0.030731
0 0.213504 0.916891 0.023372 0.038807
0 0.671211 0.271646 0.020961 0.029610
0 0.441569 0.775123 0.022816 0.029385
0 0.293452 0.802153 0.024485 0.030956
0 0.247913 0.129318 0.021332 0.029834
0 0.341495 0.624720 0.022259 0.029161
0 0.569097 0.261328 0.023743 0.031404
0 0.372751 0.067631 0.024300 0.031629
0 0.291690 0.895357 0.022445 0.035218
0 0.344463 0.567968 0.024485 0.029610
0 0.462066 0.958950 0.026340 0.035442
0 0.692914 0.593315 0.022074 0.026469
0 0.570673 0.419471 0.023558 0.027367
0 0.721666 0.243046 0.025784 0.027142
0 0.719718 0.355541 0.022259 0.028712
0 0.719718 0.415433 0.024856 0.029161
0 0.342515 0.445603 0.023558 0.027591
0 0.595715 0.442575 0.023929 0.025572
0 0.517436 0.273217 0.022816 0.025123
0 0.540623 0.797443 0.024671 0.030507
0 0.742905 0.500336 0.023001 0.029385
0 0.467631 0.503140 0.026711 0.040377
0 0.415136 0.623149 0.022259 0.030507
0 0.473567 0.123486 0.024856 0.031180
0 0.540531 0.530619 0.021146 0.024002
0 0.691059 0.813481 0.025413 0.032974
0 0.390837 0.777479 0.025969 0.026918
0 0.594509 0.362382 0.022630 0.036115
0 0.440549 0.804284 0.021888 0.024899
0 0.242534 0.714782 0.021703 0.024450
0 0.813949 0.555182 0.025598 0.027815
0 0.491653 0.553163 0.022074 0.027367
0 0.294751 0.771871 0.024485 0.030507
0 0.796049 0.030395 0.026897 0.032526
0 0.865238 0.357335 0.025413 0.028712
0 0.344648 0.306752 0.021517 0.025796
0 0.060007 0.508973 0.026155 0.032301
0 0.391950 0.390310 0.027824 0.029161
0 0.889445 0.472858 0.021146 0.028264
0 0.138750 0.602961 0.022630 0.023329
0 0.890002 0.444482 0.026711 0.030731
0 0.667780 0.564491 0.021888 0.026694
0 0.420330 0.160722 0.023372 0.032974
0 0.416249 0.678555 0.025969 0.031853
0 0.844092 0.241140 0.023929 0.036788
0 0.416899 0.745626 0.024671 0.028264
0 0.249861 0.066846 0.021146 0.030507
0 0.595622 0.471736 0.021517 0.024675
0 0.839362 0.590511 0.022630 0.032526
0 0.474958 0.036676 0.026897 0.029834
0 0.649787 0.182705 0.023001 0.028937
0 0.390837 0.624832 0.020775 0.028937
0 0.422185 0.131449 0.021888 0.024675
0 0.596457 0.238560 0.024300 0.026694
0 0.112966 0.796546 0.025598 0.029161
0 0.742441 0.471512 0.022816 0.028264
0 0.569375 0.229363 0.026897 0.033423
0 0.699221 0.084791 0.024300 0.023777
0 0.340104 0.838156 0.025413 0.029834
0 0.624467 0.030619 0.020961 0.023553
0 0.667223 0.621803 0.023001 0.033199
0 0.345112 0.394796 0.026897 0.031404
0 0.622241 0.446164 0.022445 0.025123
0 0.213318 0.772656 0.022630 0.030283
0 0.184660 0.780956 0.029494 0.039255
0 0.344556 0.363504 0.025413 0.030731
0 0.372844 0.096680 0.026340 0.025123
0 0.294009 0.506505 0.020775 0.025572
0 0.742348 0.591857 0.025227 0.029834
0 0.393990 0.274899 0.025969 0.029385
0 0.294843 0.392665 0.021703 0.025348
0 0.960397 0.887954 0.025042 0.029385
0 0.766648 0.450987 0.025227 0.027142
0 0.621128 0.388964 0.025042 0.029610
0 0.885179 0.926761 0.021888 0.026694
0 0.316361 0.799462 0.019848 0.028264
0 0.297069 0.102624 0.021703 0.031629
0 0.788722 0.898721 0.026711 0.028488
0 0.596179 0.418125 0.025227 0.019740
0 0.247635 0.211642 0.022630 0.031180
0 0.419217 0.396366 0.021888 0.025123
0 0.191152 0.542956 0.026155 0.032526
0 0.694955 0.392441 0.023929 0.028039
0 0.112039 0.736878 0.021146 0.023329
0 0.441198 0.624832 0.027639 0.031629
0 0.219718 0.362719 0.022445 0.034993
0 0.395196 0.246860 0.024671 0.027591
0 0.342237 0.744056 0.023001 0.039031
0 0.618624 0.827613 0.021888 0.025348
0 0.717678 0.568080 0.023001 0.032077
0 0.789186 0.533647 0.023929 0.029610
0 0.671953 0.209960 0.022074 0.026918
0 0.246151 0.301368 0.018920 0.030283
0 0.317752 0.447847 0.020775 0.021759
0 0.839640 0.503365 0.021703 0.025572
0 0.267947 0.596904 0.022074 0.023777
0 0.615656 0.924630 0.025227 0.026918
0 0.615934 0.954576 0.022074 0.029385
0 0.837136 0.922499 0.020033 0.026694
0 0.626507 0.091745 0.024671 0.034545
0 0.869041 0.210857 0.024114 0.030507
0 0.296791 0.163190 0.024485 0.030283
0 0.745131 0.088605 0.019291 0.027815
0 0.864125 0.585689 0.021332 0.025572
0 0.543220 0.474652 0.026155 0.023777
0 0.819607 0.157806 0.025042 0.036115
0 0.113244 0.483513 0.022816 0.031180
0 0.318772 0.423396 0.022816 0.022207
0 0.471063 0.242037 0.025784 0.032301
0 0.517993 0.301144 0.023558 0.028488
0 0.319329 0.361148 0.021703 0.030507
0 0.669171 0.592642 0.022816 0.026021
0 0.267854 0.572005 0.020775 0.026469
0 0.891579 0.356662 0.022074 0.026469
0 0.815990 0.443360 0.021146 0.026245
0 0.645706 0.466801 0.025598 0.032750
0 0.058987 0.569650 0.023743 0.024002
0 0.739751 0.951548 0.025227 0.026021
0 0.395196 0.156572 0.025042 0.027367
0 0.167501 0.201772 0.026340 0.029834
0 0.214060 0.884814 0.026340 0.024450
0 0.293916 0.865410 0.026526 0.026021
0 0.444259 0.303836 0.024485 0.028039
0 0.470692 0.401301 0.027268 0.030058
0 0.195047 0.098923 0.025413 0.029161
0 0.268410 0.680126 0.024485 0.030507
0 0.158227 0.852961 0.027082 0.029385
0 0.721017 0.301705 0.021888 0.029161
0 0.437674 0.956371 0.022445 0.033872
0 0.113708 0.451323 0.023372 0.031853
0 0.564738 0.957829 0.021703 0.029161
0 0.567613 0.574361 0.027082 0.028488
0 0.340846 0.893226 0.023558 0.025123
0 0.666296 0.772319 0.020404 0.031853
0 0.490540 0.741027 0.022074 0.031180
0 0.087553 0.481830 0.021888 0.025572
0 0.618995 0.352512 0.025227 0.039704
0 0.242163 0.888291 0.026897 0.026469
0 0.518178 0.361821 0.025042 0.032301
0 0.593860 0.624383 0.025042 0.030731
0 0.295029 0.362719 0.023558 0.033647
0 0.186051 0.679004 0.026340 0.030507
0 0.113337 0.766487 0.024856 0.027367
0 0.341588 0.777927 0.022445 0.026021
0 0.821091 0.061687 0.025413 0.024226
0 0.766370 0.519067 0.023558 0.027367
0 0.891950 0.384702 0.024300 0.029161
0 0.839733 0.558883 0.026340 0.030731
0 0.185494 0.742373 0.024485 0.035666
0 0.618995 0.500785 0.022259 0.033872
0 0.445465 0.217026 0.024671 0.028488
0 0.515953 0.738223 0.025413 0.030058
0 0.319699 0.713212 0.025784 0.032077
0 0.719069 0.385935 0.023558 0.027591
0 0.814598 0.499888 0.023929 0.028488
0 0.271935 0.064715 0.020775 0.030283
0 0.819143 0.254262 0.028195 0.026694
0 0.196068 0.032750 0.020775 0.030507
0 0.218605 0.543966 0.026897 0.032750
0 0.693934 0.447286 0.021146 0.026918
0 0.541643 0.501682 0.025969 0.024899
0 0.444630 0.453230 0.025227 0.030731
0 0.389909 0.830642 0.023001 0.029161
0 0.270451 0.129991 0.021517 0.030731
0 0.294194 0.682369 0.022259 0.034993
0 0.088388 0.190556 0.027639 0.037461
0 0.294009 0.301256 0.024856 0.031853
0 0.320720 0.156012 0.022259 0.029834
0 0.666945 0.741700 0.025042 0.028039
0 0.114265 0.395581 0.020775 0.022656
0 0.673344 0.152423 0.022259 0.024002
0 0.674457 0.088156 0.026340 0.034545
0 0.651178 0.030058 0.021703 0.025572
0 0.859859 0.919919 0.020590 0.027367
0 0.191152 0.511104 0.023187 0.027591
0 0.111204 0.591745 0.023929 0.026469
0 0.905583 0.024563 0.032276 0.028488
0 0.221017 0.213549 0.022445 0.023777
0 0.217399 0.575034 0.027824 0.032526
0 0.439251 0.830866 0.022259 0.025123
0 0.395381 0.304957 0.025784 0.028488
0 0.243925 0.576380 0.019291 0.024899
0 0.414580 0.861148 0.021888 0.030507
0 0.645428 0.589614 0.025413 0.029385
0 0.567242 0.802266 0.023743 0.030731
0 0.813578 0.892777 0.025969 0.030058
0 0.763031 0.619000 0.020590 0.030283
0 0.086811 0.684388 0.023372 0.034993
0 0.539510 0.927434 0.022816 0.027142
0 0.694398 0.419134 0.022074 0.025796
0 0.421536 0.449865 0.019106 0.029834
0 0.791597 0.413751 0.021703 0.025796
0 0.166574 0.171489 0.029308 0.031629
0 0.112966 0.827277 0.026711 0.031853
0 0.888518 0.615859 0.024114 0.032526
0 0.245316 0.395693 0.021703 0.029161
0 0.085327 0.864065 0.020775 0.027367
0 0.317103 0.625953 0.022445 0.028488
0 0.085420 0.947622 0.026155 0.029834
0 0.568447 0.770637 0.025413 0.031629
0 0.789835 0.950763 0.025598 0.032974
0 0.444630 0.187640 0.025969 0.028937
0 0.365888 0.738896 0.023187 0.032301
0 0.466518 0.680013 0.023001 0.030283
0 0.343443 0.596007 0.023187 0.025572
0 0.516973 0.552602 0.023372 0.024002
0 0.112873 0.512562 0.023187 0.027815
0 0.516973 0.034993 0.024485 0.032301
0 0.649230 0.154217 0.022259 0.027591
0 0.915415 0.615186 0.026340 0.032974
0 0.417733 0.536788 0.023743 0.030956
0 0.840475 0.530619 0.024485 0.027142
0 0.566036 0.624495 0.021703 0.023329
0 0.511872 0.957941 0.023558 0.032077
0 0.371823 0.158255 0.024300 0.029385
0 0.691059 0.707492 0.020961 0.029161
0 0.087553 0.538919 0.022630 0.027142
0 0.515953 0.805742 0.022816 0.029161
0 0.597477 0.198071 0.024856 0.047555
0 0.268318 0.519740 0.024671 0.033647
0 0.464014 0.802153 0.024300 0.030956
0 0.673530 0.030170 0.023372 0.028488
0 0.447412 0.065612 0.028195 0.031629
0 0.516880 0.473419 0.021703 0.029385
0 0.190224 0.599708 0.022816 0.023105
0 0.570117 0.301368 0.026155 0.039255
0 0.816732 0.415321 0.023743 0.021759
0 0.864960 0.384926 0.022630 0.026469
0 0.448062 0.034545 0.023187 0.032750
0 0.111111 0.859242 0.025598 0.028937
0 0.223150 0.277142 0.023743 0.028488
0 0.666667 0.837483 0.024114 0.030731
0 0.791783 0.385823 0.021703 0.027367
0 0.617789 0.533311 0.021703 0.028937
0 0.698015 0.182930 0.022630 0.026694
0 0.718049 0.505608 0.023372 0.032750
0 0.493508 0.494504 0.022816 0.024899
0 0.743647 0.357111 0.025227 0.028712
0 0.788815 0.590063 0.025413 0.027142
0 0.493786 0.305182 0.021517 0.026245
0 0.743461 0.677546 0.025598 0.032077
0 0.818958 0.221175 0.024114 0.038134
0 0.492209 0.523217 0.023187 0.033423
0 0.345390 0.166667 0.024856 0.033647
0 0.596086 0.591297 0.026155 0.032301
0 0.297347 0.133580 0.023743 0.025348
0 0.766648 0.422050 0.024485 0.027591
0 0.141161 0.257066 0.025227 0.023329
0 0.137915 0.680462 0.025784 0.034769
0 0.342052 0.867093 0.025598 0.024002
0 0.564181 0.927546 0.026526 0.027367
0 0.747542 0.181696 0.026340 0.026918
0 0.745687 0.210857 0.022259 0.028712
0 0.318587 0.564266 0.022074 0.024899
0 0.344277 0.420368 0.026340 0.021086
0 0.368206 0.625056 0.025598 0.028488
0 0.790206 0.502131 0.022630 0.031629
0 0.266277 0.770525 0.021703 0.026469
0 0.886663 0.953230 0.023743 0.027591
0 0.813856 0.584904 0.022816 0.028937
0 0.744296 0.412405 0.020961 0.024450
0 0.416157 0.712651 0.023558 0.033199
0 0.496290 0.070884 0.020219 0.025572
0 0.189946 0.573576 0.024485 0.027367
0 0.594138 0.681808 0.020404 0.030731
0 0.414302 0.890758 0.022074 0.026469
0 0.135967 0.718259 0.025598 0.035891
0 0.516416 0.502131 0.022259 0.023553
0 0.223150 0.126626 0.024856 0.024899
0 0.439436 0.886272 0.023372 0.028264
0 0.268689 0.895245 0.023187 0.023777
0 0.818679 0.190220 0.027639 0.026469
0 0.544333 0.448520 0.026526 0.028039
0 0.570210 0.130776 0.027453 0.032750
0 0.915136 0.415769 0.023558 0.027591
0 0.889353 0.501682 0.022816 0.025348
0 0.087646 0.452109 0.027639 0.029834
0 0.363940 0.770749 0.021888 0.027815
0 0.242256 0.917003 0.027453 0.031404
0 0.440271 0.595446 0.020219 0.027591
0 0.441940 0.742710 0.023929 0.031853
0 0.220831 0.397151 0.025413 0.031180
0 0.394546 0.216240 0.023743 0.031404
0 0.419124 0.195379 0.024671 0.030956
0 0.439529 0.859466 0.020961 0.022656
0 0.318030 0.681472 0.023558 0.033647
0 0.840011 0.357223 0.017993 0.028039
0 0.916157 0.384477 0.023372 0.032750
0 0.110462 0.948407 0.022074 0.029161
0 0.905305 0.122140 0.034687 0.037909
0 0.346967 0.099708 0.022816 0.033423
0 0.889167 0.527479 0.020219 0.020861
0 0.322389 0.124607 0.023001 0.024450
0 0.914023 0.584904 0.023929 0.023105
0 0.266648 0.741140 0.022074 0.032301
0 0.823688 0.031853 0.028381 0.034545
0 0.191894 0.627299 0.023929 0.028488
0 0.744018 0.385262 0.023001 0.024450
0 0.471712 0.182930 0.024485 0.024450
0 0.690781 0.676649 0.021517 0.032077
0 0.665368 0.928443 0.024114 0.026469
0 0.243647 0.517721 0.024300 0.029610
0 0.466889 0.739345 0.024114 0.025572
0 0.914394 0.560229 0.023929 0.024002
0 0.111668 0.565612 0.024856 0.022656
0 0.516787 0.445043 0.024485 0.028712
0 0.913652 0.919022 0.027268 0.030058
0 0.443702 0.425303 0.020404 0.020637
0 0.111668 0.887730 0.028195 0.028488
0 0.470877 0.210520 0.025042 0.030283
0 0.762011 0.923733 0.020404 0.022432
0 0.716750 0.955137 0.025969 0.029610
0 0.644686 0.710857 0.024671 0.032301
0 0.085977 0.596456 0.021332 0.025123
0 0.138657 0.575034 0.023558 0.033872
0 0.694491 0.474989 0.023372 0.030283
0 0.814413 0.921489 0.021332 0.021983
0 0.271656 0.033647 0.022445 0.030507
0 0.441755 0.483849 0.025784 0.027367
0 0.441662 0.538358 0.020775 0.022432
0 0.366537 0.444145 0.018920 0.027367
0 0.345669 0.195828 0.021703 0.027815
0 0.272398 0.188313 0.024671 0.027591
0 0.220182 0.424293 0.023743 0.028039
0 0.495734 0.124720 0.019106 0.030058
0 0.593489 0.394235 0.020219 0.025796
0 0.086533 0.567968 0.020961 0.030956
0 0.271378 0.216577 0.023372 0.028937
0 0.466889 0.710072 0.025227 0.030283
0 0.769338 0.356326 0.023187 0.028937
0 0.623075 0.241252 0.020033 0.027591
0 0.318216 0.771422 0.022445 0.021983
0 0.764515 0.950987 0.024671 0.030283
0 0.156279 0.883356 0.028381 0.035442
0 0.389538 0.863167 0.024485 0.030956
0 0.764329 0.585801 0.017251 0.024002
0 0.889445 0.554509 0.023001 0.029610
0 0.088481 0.423284 0.025969 0.029610
0 0.247913 0.180686 0.022074 0.030283
0 0.370618 0.305742 0.025227 0.028264
0 0.643016 0.679677 0.022074 0.029161
0 0.490262 0.681920 0.023372 0.035442
0 0.245502 0.364177 0.024671 0.034769
0 0.318494 0.507066 0.023372 0.027591
0 0.169913 0.234074 0.026340 0.029385
0 0.720924 0.271086 0.023558 0.020861
0 0.247449 0.240915 0.025598 0.026918
0 0.489056 0.804621 0.023558 0.031853
0 0.962623 0.237550 0.021703 0.023329
0 0.516416 0.184724 0.024856 0.024002
0 0.394546 0.185958 0.020775 0.024675
0 0.963365 0.380440 0.026526 0.034096
0 0.365331 0.866981 0.019848 0.026021
0 0.517715 0.708950 0.022630 0.024450
0 0.516138 0.526694 0.020219 0.022880
0 0.765071 0.552041 0.021332 0.029610
0 0.057781 0.681696 0.028381 0.029161
0 0.515303 0.833782 0.021517 0.026469
0 0.668893 0.478354 0.024485 0.031180
0 0.413189 0.961418 0.022074 0.031853
0 0.085420 0.833445 0.023187 0.032077
0 0.716008 0.896703 0.021146 0.030283
0 0.541736 0.829520 0.023187 0.031404
0 0.643387 0.562808 0.025784 0.022880
0 0.565201 0.897824 0.025227 0.028039
0 0.197273 0.257627 0.025413 0.035666
0 0.367743 0.596680 0.023187 0.026918
0 0.222222 0.155900 0.026711 0.032301
0 0.889909 0.585240 0.024300 0.026918
0 0.365609 0.894684 0.024114 0.027591
0 0.060935 0.595110 0.027639 0.021983
0 0.542385 0.769852 0.026340 0.025123
0 0.089408 0.223979 0.024485 0.023553
0 0.616119 0.897263 0.021703 0.024226
0 0.765999 0.483849 0.020961 0.039928
0 0.242812 0.601839 0.021517 0.024675
0 0.866073 0.139637 0.029679 0.039704
0 0.393619 0.360363 0.025969 0.030283
0 0.293638 0.268843 0.024114 0.024899
0 0.544240 0.252131 0.021888 0.027815
0 0.493600 0.243158 0.020404 0.032301
0 0.962345 0.266824 0.021517 0.029385
0 0.692450 0.759870 0.025969 0.022656
0 0.593489 0.829856 0.022445 0.025796
0 0.864682 0.529161 0.020961 0.021534
0 0.516787 0.394011 0.022259 0.029385
0 0.839455 0.446052 0.019477 0.027142
0 0.297718 0.188201 0.023743 0.020188
0 0.221017 0.246187 0.024671 0.032974
0 0.963272 0.298116 0.027824 0.031404
0 0.422000 0.063706 0.023001 0.030956
0 0.594602 0.709623 0.024671 0.026245
0 0.085513 0.714222 0.021517 0.031404
0 0.846040 0.179453 0.028937 0.029161
0 0.590243 0.924293 0.020775 0.028488
0 0.487943 0.960296 0.020961 0.027815
0 0.248377 0.157133 0.020404 0.024002
0 0.216750 0.602961 0.026526 0.024675
0 0.543406 0.187304 0.023929 0.033199
0 0.791690 0.468596 0.023372 0.030956
0 0.687535 0.907358 0.022445 0.030956
0 0.915136 0.354307 0.020590 0.025348
0 0.249397 0.034881 0.022074 0.029385
0 0.670191 0.392553 0.018178 0.026021
0 0.084956 0.891319 0.021146 0.023553
0 0.394825 0.468932 0.025784 0.029834
0 0.084864 0.916330 0.022816 0.026918
0 0.139677 0.544415 0.022259 0.027815
0 0.815990 0.471288 0.021146 0.025123
0 0.165183 0.034545 0.029865 0.040377
0 0.746522 0.298901 0.029123 0.034320
0 0.088295 0.392553 0.023001 0.028264
0 0.667130 0.711081 0.022445 0.030507
0 0.787794 0.923733 0.023001 0.021086
0 0.840197 0.894235 0.018364 0.026694
0 0.194955 0.222297 0.024114 0.033199
0 0.715266 0.737999 0.022630 0.029610
0 0.841495 0.419695 0.024300 0.027367
0 0.213968 0.797443 0.025784 0.020188
0 0.195233 0.199865 0.023187 0.031853
0 0.517065 0.211530 0.026155 0.030058
0 0.242905 0.628645 0.020219 0.028937
0 0.641161 0.896815 0.020590 0.028264
0 0.914580 0.531629 0.025413 0.030956
0 0.544240 0.420031 0.026711 0.029385
0 0.466055 0.580081 0.025413 0.056976
0 0.111575 0.706819 0.023558 0.028712
0 0.716936 0.593764 0.023001 0.020637
0 0.320812 0.272768 0.024671 0.031404
0 0.089779 0.251795 0.023001 0.030283
0 0.642645 0.738784 0.022816 0.024450
0 0.648117 0.090736 0.021146 0.031180
0 0.346967 0.267384 0.025784 0.050695
0 0.295956 0.243943 0.023558 0.019964
0 0.961139 0.914536 0.023558 0.023777
0 0.617696 0.676985 0.024856 0.026918
0 0.539696 0.902086 0.023187 0.027591
0 0.419774 0.304172 0.022630 0.030058
0 0.217770 0.627860 0.027082 0.026918
0 0.416806 0.567295 0.022630 0.029610
0 0.568447 0.600830 0.026526 0.023553
0 0.140048 0.165321 0.025227 0.020637
0 0.090058 0.362494 0.020961 0.031853
0 0.087646 0.771759 0.020590 0.024002
0 0.789093 0.563145 0.023001 0.029385
0 0.269245 0.547331 0.023558 0.020637
0 0.442126 0.565949 0.023558 0.030956
0 0.348451 0.070996 0.021332 0.024899
0 0.419217 0.422162 0.020033 0.022880
0 0.199963 0.305182 0.025969 0.030283
0 0.422927 0.034208 0.026340 0.030283
0 0.342144 0.706595 0.020219 0.030507
0 0.885921 0.901189 0.023372 0.025796
0 0.623725 0.215119 0.020219 0.021086
0 0.567798 0.832885 0.025227 0.028712
0 0.867001 0.088268 0.031534 0.063481
0 0.111204 0.679341 0.020590 0.026694
0 0.714339 0.926088 0.020775 0.027591
0 0.818308 0.277927 0.026155 0.020188
0 0.415786 0.594998 0.020961 0.026694
0 0.490818 0.626738 0.021517 0.024226
0 0.746336 0.239681 0.022816 0.027591
0 0.370339 0.259870 0.023558 0.042844
0 0.397422 0.036563 0.023558 0.025572
0 0.491375 0.601727 0.021517 0.028488
0 0.566036 0.681135 0.022074 0.031180
0 0.464014 0.857784 0.020219 0.027815
0 0.367001 0.386160 0.017251 0.024899
0 0.489612 0.834118 0.021332 0.025348
0 0.389074 0.893114 0.025413 0.027591
0 0.167594 0.068416 0.029865 0.030507
0 0.964849 0.412180 0.026155 0.027591
0 0.691245 0.783760 0.025413 0.024675
0 0.420145 0.251234 0.023743 0.023329
0 0.513077 0.930013 0.023001 0.022880
0 0.885921 0.876290 0.022630 0.028937
0 0.589872 0.895693 0.020775 0.029161
0 0.347709 0.039928 0.021332 0.033199
0 0.491746 0.578623 0.023001 0.024450
0 0.567056 0.709062 0.023372 0.028712
0 0.367650 0.416779 0.018920 0.028264
0 0.792246 0.441902 0.025969 0.026469
0 0.061862 0.481718 0.025784 0.023105
0 0.545168 0.307088 0.023372 0.027815
0 0.667130 0.679901 0.023929 0.032750
0 0.862456 0.895020 0.022445 0.025123
0 0.056669 0.711978 0.028010 0.031404
0 0.518549 0.097353 0.025413 0.015702
0 0.623910 0.156909 0.025042 0.028039
0 0.115006 0.258524 0.024485 0.035666
0 0.619737 0.558098 0.023001 0.018394
0 0.595159 0.565612 0.025784 0.023553
0 0.463921 0.886945 0.023372 0.028264
0 0.494435 0.156236 0.016880 0.031629
0 0.140326 0.137393 0.023929 0.032077
0 0.963550 0.209847 0.028381 0.024450
0 0.292339 0.927322 0.023372 0.027815
0 0.393434 0.499664 0.024485 0.024450
0 0.494064 0.186631 0.017251 0.026021
0 0.116676 0.279161 0.021888 0.026245
0 0.419774 0.276357 0.023372 0.026918
0 0.268039 0.921602 0.020404 0.026245
0 0.141718 0.280395 0.025227 0.023329
0 0.365795 0.707604 0.022259 0.023105
0 0.618438 0.704240 0.025227 0.025348
0 0.913189 0.442799 0.017807 0.026918
0 0.516880 0.420592 0.023929 0.021983
0 0.240493 0.947622 0.025784 0.031629
0 0.366166 0.676200 0.023001 0.034320
0 0.691059 0.735307 0.023187 0.019740
0 0.489149 0.862158 0.023001 0.027591
0 0.271100 0.161507 0.021332 0.026918
0 0.271285 0.243607 0.023558 0.022880
0 0.619922 0.415433 0.021888 0.028264
0 0.157670 0.823800 0.027824 0.028937
0 0.388518 0.967138 0.023929 0.031180
0 0.089687 0.158591 0.021332 0.026021
0 0.494899 0.095783 0.018549 0.026021
0 0.515211 0.862831 0.024671 0.032526
0 0.964292 0.941229 0.027268 0.024675
0 0.664441 0.906460 0.022630 0.018843
0 0.416991 0.505944 0.020033 0.029834
0 0.244853 0.547331 0.021888 0.030956
0 0.372473 0.037573 0.022630 0.025796
0 0.221851 0.309444 0.018920 0.032077
0 0.494992 0.213661 0.017622 0.025796
0 0.320256 0.242710 0.024671 0.024226
0 0.366444 0.359242 0.019848 0.021310
0 0.714895 0.771759 0.020033 0.031629
0 0.419588 0.477120 0.018178 0.021534
0 0.093025 0.293966 0.021332 0.054509
0 0.936746 0.352512 0.015582 0.034320
0 0.323873 0.067070 0.025227 0.023777
0 0.342608 0.675527 0.021517 0.023553
0 0.960490 0.056303 0.025227 0.032301
0 0.746244 0.270301 0.025598 0.026918
0 0.740215 0.874495 0.022074 0.018170
0 0.198850 0.282301 0.024856 0.022207
0 0.543684 0.290153 0.022630 0.042844
0 0.056576 0.741027 0.027824 0.030283
0 0.463921 0.829632 0.023372 0.027142
0 0.906975 0.155563 0.035429 0.026245
0 0.295585 0.067968 0.022445 0.035442
0 0.738917 0.710745 0.019848 0.030731
0 0.544982 0.220839 0.023743 0.030283
0 0.959655 0.145917 0.022816 0.028937
0 0.915229 0.673957 0.026340 0.024002
0 0.497774 0.036339 0.019477 0.030956
0 0.543127 0.268170 0.020775 0.010094
0 0.060842 0.866196 0.021517 0.025348
0 0.962530 0.349484 0.023001 0.024226
0 0.690503 0.843988 0.022074 0.023105
0 0.315433 0.924742 0.019477 0.026694
0 0.422927 0.238448 0.021888 0.024226
0 0.961232 0.182817 0.033389 0.033199
0 0.941013 0.573463 0.021146 0.039704
0 0.618067 0.851054 0.019291 0.018843
0 0.369412 0.278825 0.022445 0.026021
0 0.595901 0.216240 0.022074 0.020188
0 0.470135 0.414760 0.026526 0.011664
0 0.959098 0.021534 0.028381 0.030058
0 0.515303 0.405114 0.021146 0.013908
0 0.324151 0.035778 0.023929 0.031180
0 0.295400 0.034208 0.026526 0.032077
0 0.984789 0.379767 0.023743 0.028712
0 0.987015 0.410162 0.021146 0.029834
0 0.984697 0.437416 0.022074 0.020188
0 0.960026 0.615186 0.022074 0.032077
0 0.885828 0.676649 0.023929 0.024450
0 0.913281 0.700763 0.022074 0.025572
0 0.960490 0.860363 0.026340 0.020413
0 0.984789 0.864738 0.020404 0.022432
0 0.983398 0.887618 0.019477 0.021534
0 0.985253 0.915321 0.019477 0.032077
0 0.688370 0.879094 0.023001 0.019291
0 0.541736 0.853970 0.024671 0.016151
0 0.362456 0.920817 0.028195 0.025572
0 0.391208 0.921265 0.027453 0.022432
0 0.336858 0.964558 0.024856 0.027815
0 0.060842 0.888627 0.023743 0.021310
0 0.059915 0.915433 0.023743 0.027815
0 0.060378 0.946949 0.019477 0.026694
0 0.140790 0.102624 0.024856 0.032077
0 0.787331 0.619560 0.024671 0.034096
