0 0.853935 0.223775 0.101529 0.087776
0 0.852142 0.353814 0.107001 0.110316
0 0.851670 0.477677 0.106058 0.079324
0 0.852048 0.601539 0.101529 0.106415
0 0.851198 0.733637 0.105114 0.100130
0 0.853935 0.864218 0.103416 0.095145
0 0.730326 0.227460 0.100774 0.072172
0 0.732591 0.352839 0.096245 0.094062
0 0.727213 0.464889 0.099830 0.086693
0 0.735233 0.593195 0.094357 0.108366
0 0.736648 0.720741 0.100585 0.090811
0 0.737592 0.858041 0.095301 0.088860
0 0.608983 0.227893 0.084544 0.102081
0 0.607190 0.361075 0.100585 0.067187
0 0.609455 0.469983 0.096056 0.082575
0 0.608134 0.593303 0.095301 0.096012
0 0.612568 0.730061 0.106058 0.103381
0 0.612097 0.856957 0.105114 0.103164
0 0.406775 0.237755 0.093414 0.097096
0 0.405076 0.370394 0.093414 0.081491
0 0.407341 0.489597 0.097943 0.121803
0 0.405076 0.617035 0.093414 0.091894
0 0.399698 0.749133 0.098887 0.106415
0 0.402434 0.864218 0.095301 0.095145
0 0.272032 0.505635 0.107756 0.114434
0 0.277505 0.631448 0.116814 0.098179
0 0.280996 0.736238 0.113229 0.100997
0 0.274297 0.853273 0.112285 0.108366
0 0.155690 0.237755 0.108700 0.091027
0 0.171825 0.353923 0.078317 0.089727
0 0.163710 0.483853 0.096056 0.112484
0 0.157011 0.621695 0.098887 0.119853
