0 0.869140 0.073720 0.230083 0.118338
0 0.872879 0.202402 0.201323 0.134818
0 0.875324 0.341164 0.206787 0.124825
0 0.854760 0.485098 0.233535 0.150070
0 0.866695 0.632539 0.224619 0.149018
0 0.866552 0.780417 0.217429 0.146739
0 0.867558 0.933906 0.222893 0.122721
0 0.604976 0.075824 0.208513 0.116234
0 0.605838 0.215550 0.224619 0.130259
0 0.615761 0.367900 0.233535 0.143583
0 0.610440 0.501052 0.222893 0.122721
0 0.620362 0.646651 0.228358 0.127104
0 0.613172 0.782609 0.213978 0.113955
0 0.608571 0.929348 0.226632 0.140252
0 0.359649 0.081872 0.253379 0.137097
0 0.350590 0.217742 0.217429 0.130435
0 0.353178 0.370705 0.244464 0.146739
0 0.364107 0.527262 0.226632 0.153401
0 0.357923 0.665849 0.221168 0.130435
0 0.370434 0.808906 0.217429 0.129383
0 0.387547 0.938990 0.219442 0.122020
0 0.103106 0.088447 0.205637 0.136921
0 0.099511 0.218356 0.198447 0.135870
0 0.128271 0.352647 0.255968 0.117286
0 0.138481 0.494916 0.235548 0.143408
0 0.109865 0.651122 0.185217 0.138149
0 0.112453 0.813289 0.201323 0.159888
0 0.118781 0.944425 0.206500 0.111150
