0 0.800748 0.281847 0.104701 0.088110
0 0.793269 0.377389 0.100427 0.062633
0 0.790064 0.481423 0.100427 0.049894
0 0.792735 0.606157 0.099359 0.070064
0 0.794338 0.692144 0.087607 0.059448
0 0.795406 0.783439 0.089744 0.070064
0 0.702991 0.275478 0.088675 0.071125
0 0.692842 0.365180 0.085470 0.072187
0 0.675748 0.480892 0.040598 0.055202
0 0.688568 0.590764 0.087607 0.079618
0 0.597222 0.285032 0.116453 0.090234
0 0.596154 0.372081 0.101496 0.064756
0 0.589209 0.580149 0.104701 0.062633
0 0.590812 0.703291 0.092949 0.069002
0 0.588141 0.788217 0.100427 0.073248
0 0.413462 0.394904 0.082265 0.076433
0 0.315705 0.291932 0.102564 0.104034
0 0.317308 0.388535 0.099359 0.059448
0 0.314103 0.486200 0.099359 0.053079
0 0.420940 0.602972 0.099359 0.055202
0 0.312500 0.597134 0.106838 0.056263
0 0.324252 0.685775 0.094017 0.074310
0 0.214209 0.279724 0.102564 0.066879
0 0.210470 0.397558 0.105769 0.088110
0 0.210470 0.488854 0.084402 0.079618
0 0.212073 0.597134 0.100427 0.049894
0 0.212607 0.701168 0.088675 0.054140
