0 0.838798 0.121469 0.322404 0.219312
0 0.829971 0.302902 0.325767 0.162558
0 0.821774 0.489599 0.334594 0.214946
0 0.819462 0.697227 0.332493 0.213148
0 0.825557 0.903184 0.281631 0.190550
0 0.520807 0.116718 0.323665 0.196970
0 0.508407 0.308423 0.355191 0.190550
0 0.500841 0.490755 0.304750 0.206471
0 0.522699 0.705829 0.327449 0.208783
0 0.510298 0.900488 0.334594 0.195942
0 0.196931 0.110298 0.303069 0.177452
0 0.191677 0.295455 0.337957 0.190293
0 0.188104 0.480611 0.306431 0.199024
0 0.188314 0.685927 0.337957 0.209553
0 0.175704 0.898433 0.310214 0.197997
