0 0.899577 0.081860 0.022817 0.040930
0 0.650423 0.077674 0.020845 0.035349
0 0.881831 0.267442 0.022254 0.040000
0 0.556197 0.297674 0.022254 0.040000
0 0.787324 0.669302 0.020845 0.039070
0 0.865352 0.826512 0.021408 0.039070
0 0.515070 0.222791 0.021690 0.038140
0 0.284648 0.256512 0.022254 0.037674
0 0.418028 0.617209 0.020845 0.038140
0 0.630845 0.263023 0.020563 0.034884
0 0.416056 0.805116 0.019718 0.037209
0 0.844225 0.866279 0.019718 0.041395
0 0.707324 0.897442 0.019155 0.039535
0 0.748169 0.939070 0.022535 0.039070
0 0.963239 0.677907 0.026197 0.047907
0 0.455915 0.050233 0.021127 0.040000
0 0.863944 0.866512 0.020282 0.040000
0 0.434930 0.806512 0.018592 0.040000
0 0.920000 0.638605 0.021408 0.037209
0 0.495352 0.220698 0.018873 0.031163
0 0.187887 0.332326 0.021408 0.039535
0 0.495775 0.339535 0.020282 0.039070
0 0.844225 0.785814 0.020282 0.044186
0 0.823099 0.862791 0.021972 0.039070
0 0.050423 0.081860 0.021972 0.037209
0 0.687324 0.857674 0.020282 0.038140
0 0.475211 0.114419 0.019718 0.038140
0 0.962254 0.117442 0.025915 0.044186
0 0.496056 0.045349 0.020845 0.037674
0 0.476197 0.618837 0.022817 0.037674
0 0.748732 0.780698 0.021408 0.035814
0 0.707606 0.589767 0.017465 0.038140
0 0.123099 0.872558 0.020845 0.033488
0 0.649155 0.858140 0.021690 0.041860
0 0.069577 0.120233 0.019155 0.037674
0 0.280704 0.878605 0.020563 0.038140
0 0.127746 0.330233 0.022254 0.038140
0 0.475775 0.579302 0.019155 0.037674
0 0.454930 0.927907 0.020282 0.040000
0 0.148732 0.081163 0.020282 0.034884
0 0.938873 0.121163 0.020282 0.040465
0 0.768732 0.587674 0.020845 0.041395
0 0.495915 0.660698 0.021127 0.040465
0 0.143239 0.874884 0.020000 0.038140
0 0.123521 0.835349 0.021690 0.039070
0 0.226620 0.295349 0.020563 0.036279
0 0.246479 0.215116 0.019155 0.035814
0 0.960563 0.388837 0.025352 0.043721
0 0.358592 0.801628 0.020282 0.037674
0 0.280423 0.841860 0.020000 0.037209
0 0.631549 0.299070 0.021408 0.038140
0 0.090282 0.216512 0.020563 0.036744
0 0.397324 0.658837 0.021690 0.039535
0 0.205915 0.081628 0.020845 0.030233
0 0.359296 0.845349 0.021127 0.039535
0 0.824085 0.593721 0.019437 0.046047
0 0.494507 0.848605 0.020563 0.036744
0 0.280423 0.802558 0.021127 0.040465
0 0.145493 0.649535 0.018873 0.043256
0 0.187465 0.217442 0.018873 0.035814
0 0.282817 0.081163 0.020282 0.033023
0 0.649718 0.341860 0.021127 0.040930
0 0.964507 0.868140 0.020845 0.038605
0 0.843099 0.637907 0.019718 0.036744
0 0.960423 0.076512 0.023380 0.037674
0 0.668169 0.894186 0.019718 0.033953
0 0.650423 0.223721 0.021972 0.042791
0 0.027746 0.080233 0.021690 0.037674
0 0.670423 0.220000 0.018592 0.032558
0 0.205493 0.608372 0.020563 0.039070
0 0.360704 0.048605 0.021127 0.037674
0 0.085915 0.792558 0.020282 0.038140
0 0.728451 0.588837 0.021408 0.040930
0 0.220986 0.879302 0.019437 0.039535
0 0.770141 0.973953 0.019718 0.030698
0 0.766620 0.669302 0.023380 0.043721
0 0.610423 0.113721 0.020845 0.034884
0 0.707887 0.858372 0.021972 0.040465
0 0.918451 0.041163 0.018310 0.040465
0 0.629859 0.587442 0.020282 0.039070
0 0.090563 0.117442 0.021690 0.034884
0 0.749155 0.973721 0.022254 0.032093
0 0.089296 0.082326 0.020282 0.033488
0 0.495493 0.926977 0.020282 0.031628
0 0.261268 0.842326 0.019437 0.038140
0 0.475211 0.296279 0.021408 0.040930
0 0.610000 0.854651 0.020000 0.037674
0 0.398028 0.081163 0.018028 0.033953
0 0.417746 0.293721 0.022535 0.036744
0 0.416901 0.658837 0.018592 0.042326
0 0.631972 0.223488 0.022817 0.039535
0 0.749859 0.383953 0.021408 0.041395
0 0.475070 0.079535 0.019437 0.032558
0 0.730000 0.223488 0.022254 0.037674
0 0.027465 0.217442 0.022254 0.043256
0 0.649859 0.041395 0.021972 0.038140
0 0.496056 0.116047 0.021408 0.036744
0 0.143944 0.794884 0.018592 0.041860
0 0.648873 0.585116 0.020000 0.037209
0 0.123521 0.793256 0.020563 0.038605
0 0.475634 0.045814 0.019437 0.035814
0 0.629718 0.043023 0.021127 0.039535
0 0.769437 0.899767 0.019437 0.037674
0 0.611972 0.380233 0.020000 0.039535
0 0.126056 0.564884 0.021127 0.034884
0 0.689718 0.220465 0.020000 0.030698
0 0.304507 0.257907 0.020282 0.039535
0 0.435915 0.885116 0.021127 0.037209
0 0.729718 0.418140 0.021127 0.030698
0 0.201831 0.952791 0.020563 0.030233
0 0.340282 0.082326 0.019155 0.036279
0 0.165915 0.649302 0.021408 0.041860
0 0.628592 0.627907 0.021127 0.040000
0 0.418592 0.222558 0.022535 0.036744
0 0.221972 0.799302 0.020845 0.039535
0 0.729859 0.077442 0.020845 0.034884
0 0.049718 0.121395 0.020563 0.037209
0 0.670282 0.416512 0.021127 0.028372
0 0.630282 0.078605 0.019437 0.033488
0 0.228310 0.256047 0.022254 0.039535
0 0.026901 0.040233 0.022254 0.039535
0 0.768732 0.780000 0.019155 0.042791
0 0.494930 0.079302 0.021408 0.031163
0 0.323380 0.288605 0.021972 0.038605
0 0.044789 0.680465 0.021408 0.038140
0 0.787887 0.589535 0.020282 0.041395
0 0.069859 0.292326 0.020282 0.038605
0 0.339718 0.843023 0.019718 0.036744
0 0.454930 0.114884 0.021408 0.040930
0 0.144648 0.834651 0.020000 0.037674
0 0.376620 0.763488 0.018592 0.035814
0 0.629718 0.666977 0.022254 0.038140
0 0.748451 0.044651 0.019718 0.037209
0 0.146338 0.607209 0.019437 0.037674
0 0.938028 0.390465 0.021408 0.038605
0 0.862958 0.596744 0.020000 0.037209
0 0.882958 0.386977 0.021690 0.040930
0 0.864648 0.784884 0.020563 0.042326
0 0.125775 0.645814 0.021127 0.040465
0 0.515352 0.621163 0.020563 0.040465
0 0.455493 0.886279 0.018592 0.036744
0 0.187606 0.255581 0.019718 0.036744
0 0.592676 0.626279 0.020845 0.040465
0 0.454789 0.809767 0.021127 0.040930
0 0.840423 0.301628 0.025070 0.046047
0 0.518592 0.259070 0.020282 0.038140
0 0.863099 0.635349 0.021972 0.040930
0 0.883944 0.678837 0.020845 0.041395
0 0.707887 0.777209 0.020845 0.034419
0 0.649014 0.625581 0.020845 0.040930
0 0.824789 0.823721 0.019718 0.038140
0 0.050141 0.255116 0.019718 0.037674
0 0.921972 0.598140 0.022535 0.041860
0 0.221549 0.953256 0.020563 0.029302
0 0.537042 0.624419 0.022817 0.041395
0 0.516197 0.767209 0.021690 0.038605
0 0.937887 0.349302 0.021127 0.045581
0 0.610282 0.263488 0.020563 0.036744
0 0.474507 0.222558 0.018873 0.031163
0 0.824507 0.784884 0.020282 0.036744
0 0.609718 0.077442 0.018873 0.034884
0 0.398873 0.617907 0.020845 0.041395
0 0.069577 0.254651 0.018592 0.035814
0 0.028028 0.254186 0.021127 0.031163
0 0.163239 0.876279 0.020000 0.038140
0 0.494507 0.809302 0.020000 0.041860
0 0.670563 0.040930 0.020000 0.034419
0 0.748310 0.898837 0.020000 0.036744
0 0.688732 0.587674 0.019155 0.036744
0 0.728732 0.627674 0.021408 0.036744
0 0.650423 0.303256 0.019718 0.040000
0 0.669014 0.858140 0.020282 0.039070
0 0.246620 0.080930 0.020563 0.032558
0 0.378169 0.801395 0.020563 0.037209
0 0.535493 0.851163 0.020282 0.034419
0 0.225775 0.083256 0.019437 0.034419
0 0.339437 0.801628 0.018592 0.032093
0 0.380563 0.616512 0.021408 0.037674
0 0.128028 0.215581 0.021127 0.037674
0 0.728169 0.972093 0.021972 0.030698
0 0.125775 0.604651 0.021127 0.037209
0 0.416479 0.844884 0.018873 0.036744
0 0.226056 0.610233 0.020000 0.037209
0 0.496338 0.258140 0.019718 0.032558
0 0.609577 0.041163 0.019155 0.036744
0 0.881831 0.226047 0.020563 0.038140
0 0.769014 0.625814 0.021408 0.037674
0 0.574930 0.853721 0.023099 0.037674
0 0.787042 0.861860 0.020282 0.040930
0 0.417465 0.257674 0.019718 0.035349
0 0.416761 0.080698 0.020563 0.030233
0 0.360282 0.617209 0.020282 0.035349
0 0.942113 0.636512 0.019437 0.040465
0 0.670282 0.116977 0.021127 0.038605
0 0.105915 0.604651 0.018028 0.032558
0 0.496901 0.296279 0.020845 0.044651
0 0.668451 0.666047 0.020845 0.040000
0 0.749859 0.342326 0.020282 0.035349
0 0.537183 0.811860 0.020282 0.040465
0 0.708028 0.666977 0.020000 0.038140
0 0.265352 0.405349 0.021972 0.030233
0 0.207606 0.254884 0.019718 0.039070
0 0.494648 0.887674 0.020845 0.042326
0 0.340704 0.049070 0.018873 0.034884
0 0.862817 0.305116 0.020845 0.039070
0 0.536056 0.339070 0.019718 0.041860
0 0.863803 0.905116 0.019437 0.037209
0 0.727606 0.820930 0.020282 0.033488
0 0.070141 0.081395 0.019155 0.032558
0 0.861690 0.081163 0.023099 0.037674
0 0.840141 0.225116 0.020000 0.041860
0 0.380282 0.046977 0.018028 0.039070
0 0.962113 0.597209 0.021690 0.038140
0 0.435211 0.846512 0.017465 0.037209
0 0.089296 0.253721 0.019155 0.032093
0 0.572394 0.813488 0.018028 0.041860
0 0.688451 0.625581 0.020282 0.038140
0 0.709718 0.300233 0.021127 0.037674
0 0.300423 0.801395 0.020563 0.037209
0 0.186338 0.114651 0.020000 0.032093
0 0.475211 0.660000 0.021408 0.043721
0 0.516620 0.340000 0.019718 0.040000
0 0.301268 0.842326 0.020563 0.040000
0 0.690423 0.077209 0.019718 0.036279
0 0.244507 0.613488 0.020845 0.036279
0 0.086761 0.606744 0.019718 0.043256
0 0.767887 0.822326 0.019155 0.033488
0 0.921268 0.079767 0.022817 0.038605
0 0.923803 0.867907 0.019437 0.039070
0 0.435915 0.380465 0.020000 0.036279
0 0.148592 0.044186 0.021127 0.035349
0 0.863380 0.676744 0.021408 0.039070
0 0.747465 0.627442 0.020000 0.042791
0 0.669718 0.078372 0.019437 0.039535
0 0.689296 0.041395 0.017465 0.035349
0 0.281972 0.331860 0.023662 0.042326
0 0.786901 0.820698 0.018873 0.032093
0 0.535775 0.295116 0.020282 0.034884
0 0.067465 0.564651 0.022817 0.037209
0 0.825070 0.672326 0.021972 0.039535
0 0.360563 0.217907 0.021972 0.036744
0 0.474085 0.850930 0.019718 0.040465
0 0.592958 0.338372 0.020282 0.036744
0 0.535211 0.380698 0.019718 0.035814
0 0.299718 0.882326 0.019155 0.038140
0 0.749577 0.119302 0.022535 0.041395
0 0.730141 0.263256 0.020845 0.033488
0 0.226056 0.214884 0.019437 0.034419
0 0.863099 0.346512 0.021408 0.040000
0 0.962113 0.347674 0.025634 0.043256
0 0.651127 0.264186 0.020000 0.038140
0 0.185634 0.608837 0.020282 0.039070
0 0.749577 0.418140 0.020282 0.030698
0 0.942817 0.870233 0.019155 0.040930
0 0.708873 0.222326 0.020563 0.039070
0 0.861690 0.264419 0.019718 0.033953
0 0.226620 0.046744 0.021690 0.035814
0 0.067465 0.633953 0.019437 0.031628
0 0.396901 0.802326 0.018592 0.032558
0 0.710141 0.262791 0.021408 0.038140
0 0.553521 0.046744 0.021408 0.036744
0 0.918732 0.260233 0.021127 0.037674
0 0.020845 0.702558 0.021972 0.042326
0 0.728028 0.778605 0.020000 0.036279
0 0.516197 0.660000 0.021690 0.036279
0 0.668028 0.626744 0.021127 0.042326
0 0.226901 0.372326 0.020563 0.039535
0 0.322254 0.577674 0.020845 0.040930
0 0.455070 0.665116 0.020563 0.037209
0 0.631831 0.382093 0.020845 0.038605
0 0.669014 0.586977 0.019718 0.032558
0 0.729155 0.343488 0.021127 0.038605
0 0.882676 0.305814 0.021690 0.036744
0 0.147183 0.290698 0.022254 0.038140
0 0.591268 0.811860 0.020282 0.037674
0 0.186901 0.081395 0.018310 0.031628
0 0.860845 0.041395 0.023662 0.043721
0 0.902113 0.266279 0.020000 0.042326
0 0.842535 0.345581 0.021972 0.044651
0 0.727465 0.938605 0.021690 0.039070
0 0.027324 0.118140 0.022535 0.039070
0 0.416479 0.882791 0.018873 0.040000
0 0.342254 0.372558 0.021408 0.041860
0 0.323380 0.372791 0.019155 0.039535
0 0.168873 0.082093 0.020000 0.034884
0 0.905070 0.784884 0.019718 0.039535
0 0.474225 0.768140 0.019437 0.032093
0 0.688169 0.664651 0.021408 0.040000
0 0.282817 0.614651 0.021972 0.038605
0 0.027606 0.328372 0.021408 0.040000
0 0.707606 0.818837 0.018592 0.033023
0 0.940141 0.080465 0.021127 0.040000
0 0.839859 0.040698 0.019437 0.038605
0 0.965211 0.827674 0.021690 0.037674
0 0.689718 0.419302 0.020563 0.031163
0 0.181972 0.952093 0.020845 0.029767
0 0.222254 0.839767 0.020282 0.035814
0 0.321268 0.880000 0.023380 0.037209
0 0.515915 0.810465 0.020563 0.034884
0 0.730141 0.302326 0.021408 0.041860
0 0.182958 0.836512 0.018873 0.037674
0 0.185352 0.570465 0.019718 0.037674
0 0.358028 0.764419 0.017465 0.036744
0 0.362676 0.330698 0.020563 0.037209
0 0.709155 0.417674 0.021127 0.031628
0 0.825352 0.904186 0.020845 0.037209
0 0.042394 0.746744 0.021127 0.041395
0 0.474930 0.808837 0.019718 0.040930
0 0.785775 0.260465 0.020000 0.037209
0 0.610141 0.666977 0.018028 0.040930
0 0.709718 0.116047 0.020563 0.036744
0 0.787606 0.342326 0.019718 0.035349
0 0.574507 0.379535 0.020563 0.039070
0 0.225915 0.570465 0.018028 0.043256
0 0.475211 0.338837 0.021408 0.039535
0 0.474366 0.927442 0.020282 0.040930
0 0.226056 0.116512 0.018310 0.034884
0 0.284507 0.215581 0.019155 0.033953
0 0.224648 0.650000 0.018310 0.042326
0 0.066056 0.810465 0.018873 0.046977
0 0.380282 0.576512 0.019155 0.039535
0 0.533662 0.077907 0.018310 0.033023
0 0.436056 0.659767 0.020282 0.036744
0 0.436197 0.337209 0.021127 0.040000
0 0.556620 0.582093 0.020282 0.038605
0 0.689296 0.113488 0.018592 0.037209
0 0.843521 0.595116 0.019437 0.049767
0 0.515070 0.850698 0.018873 0.032558
0 0.708873 0.339535 0.018873 0.039070
0 0.360563 0.082326 0.018592 0.028837
0 0.786056 0.081163 0.021690 0.033953
0 0.575493 0.299070 0.019718 0.039070
0 0.647465 0.816512 0.020000 0.040465
0 0.823239 0.633256 0.018873 0.033023
0 0.749014 0.822791 0.019718 0.032558
0 0.881690 0.594419 0.017465 0.033488
0 0.108873 0.254186 0.018873 0.038605
0 0.554930 0.337442 0.018592 0.035814
0 0.750423 0.303256 0.021972 0.044651
0 0.397324 0.256279 0.017183 0.031628
0 0.610563 0.300698 0.018873 0.038605
0 0.649155 0.667209 0.018873 0.042326
0 0.885915 0.944419 0.020845 0.040465
0 0.474085 0.886047 0.019155 0.033488
0 0.128310 0.253721 0.020000 0.032093
0 0.299859 0.763256 0.021127 0.035349
0 0.589577 0.114651 0.019718 0.037674
0 0.071268 0.044884 0.021408 0.040465
0 0.535775 0.889535 0.019718 0.037674
0 0.416197 0.766744 0.018873 0.039535
0 0.515915 0.582093 0.020563 0.035814
0 0.397183 0.112558 0.018592 0.034419
0 0.416761 0.113488 0.020000 0.036279
0 0.707606 0.628605 0.018592 0.035814
0 0.379859 0.292093 0.020563 0.038140
0 0.435493 0.926279 0.020282 0.037674
0 0.206338 0.046744 0.018310 0.038605
0 0.147324 0.566977 0.020845 0.038140
0 0.026761 0.370000 0.023662 0.040465
0 0.787042 0.418140 0.020282 0.030698
0 0.730141 0.116512 0.020845 0.037674
0 0.728028 0.899767 0.020000 0.037674
0 0.065634 0.751860 0.019155 0.038605
0 0.573803 0.623488 0.019718 0.038605
0 0.341549 0.615349 0.021127 0.038140
0 0.900141 0.040465 0.019437 0.036279
0 0.843803 0.676047 0.018310 0.037674
0 0.748592 0.225116 0.019437 0.039070
0 0.476338 0.380233 0.021408 0.039535
0 0.358310 0.880465 0.018592 0.035349
0 0.517324 0.888837 0.020000 0.039070
0 0.861690 0.224651 0.021972 0.032558
0 0.611127 0.585581 0.017746 0.040000
0 0.019014 0.745814 0.021127 0.034884
0 0.554789 0.116279 0.020563 0.039070
0 0.284507 0.046047 0.019155 0.035349
0 0.575775 0.260698 0.020282 0.038605
0 0.188028 0.292558 0.021127 0.039070
0 0.475070 0.257674 0.021127 0.033488
0 0.166901 0.569070 0.020000 0.038605
0 0.342535 0.252558 0.018592 0.030698
0 0.284648 0.292558 0.019437 0.034419
0 0.629014 0.774186 0.020282 0.037674
0 0.747887 0.861163 0.019718 0.039535
0 0.941690 0.597674 0.019718 0.037209
0 0.322958 0.252791 0.018310 0.031163
0 0.378451 0.656279 0.016620 0.035349
0 0.941972 0.679535 0.019155 0.043721
0 0.284085 0.406977 0.020563 0.029767
0 0.301549 0.655581 0.020000 0.045116
0 0.807042 0.589535 0.018592 0.038605
0 0.454789 0.850000 0.018873 0.038605
0 0.789437 0.974186 0.020563 0.032093
0 0.845211 0.826047 0.019437 0.033488
0 0.593239 0.894651 0.021408 0.038605
0 0.241972 0.880465 0.020845 0.038140
0 0.535915 0.259070 0.018310 0.039070
0 0.938310 0.040698 0.020845 0.036744
0 0.687042 0.893953 0.018592 0.031628
0 0.342817 0.407674 0.020282 0.030233
0 0.303944 0.215349 0.019155 0.034419
0 0.629437 0.339767 0.020000 0.041395
0 0.246901 0.046744 0.020000 0.035814
0 0.162817 0.796047 0.020845 0.042326
0 0.516620 0.927442 0.020845 0.036279
0 0.709859 0.382791 0.020845 0.040000
0 0.555634 0.259535 0.019437 0.035349
0 0.379718 0.254419 0.018592 0.036279
0 0.247465 0.370930 0.020000 0.037674
0 0.227042 0.332558 0.020282 0.037209
0 0.205915 0.114884 0.020282 0.033488
0 0.611549 0.931860 0.019718 0.037674
0 0.591831 0.667907 0.019155 0.040930
0 0.768028 0.862093 0.018873 0.039535
0 0.241549 0.840000 0.019437 0.034419
0 0.416761 0.336279 0.020000 0.039070
0 0.844648 0.908140 0.020000 0.042326
0 0.788310 0.941163 0.019437 0.037674
0 0.455211 0.291860 0.019155 0.036744
0 0.900563 0.595581 0.020845 0.041395
0 0.205211 0.570465 0.020563 0.034884
0 0.282535 0.113953 0.017465 0.035349
0 0.435634 0.112093 0.020000 0.037209
0 0.167183 0.254884 0.018873 0.030698
0 0.021972 0.657907 0.020845 0.037674
0 0.398169 0.376279 0.017746 0.038140
0 0.628732 0.894186 0.019155 0.039535
0 0.264789 0.113488 0.018028 0.036279
0 0.049577 0.218605 0.020845 0.036279
0 0.322535 0.216279 0.019718 0.031628
0 0.747183 0.670233 0.018310 0.041860
0 0.769296 0.383488 0.019155 0.036744
0 0.416479 0.925581 0.020563 0.037209
0 0.749296 0.080930 0.020282 0.035349
0 0.222254 0.758372 0.018592 0.040465
0 0.960845 0.303488 0.024789 0.046977
0 0.304789 0.406744 0.021408 0.029302
0 0.650282 0.115814 0.021690 0.040930
0 0.303944 0.373488 0.020845 0.038140
0 0.360141 0.112558 0.018873 0.034419
0 0.265493 0.213488 0.018873 0.026977
0 0.554507 0.080930 0.018873 0.033488
0 0.242254 0.800930 0.020282 0.032558
0 0.454930 0.579302 0.019155 0.038605
0 0.246338 0.114651 0.018873 0.033953
0 0.766901 0.223721 0.020000 0.038140
0 0.689296 0.968837 0.021972 0.029767
0 0.188028 0.044884 0.019437 0.039535
0 0.537324 0.585349 0.019437 0.040465
0 0.303662 0.047674 0.020282 0.038605
0 0.085070 0.831163 0.020282 0.040930
0 0.553521 0.771395 0.018592 0.038605
0 0.122958 0.913953 0.020563 0.039070
0 0.340000 0.765116 0.018592 0.037209
0 0.822254 0.222558 0.018028 0.032093
0 0.555070 0.855581 0.018873 0.036744
0 0.748169 0.587907 0.019155 0.035349
0 0.554507 0.379070 0.020563 0.039070
0 0.148451 0.334884 0.020282 0.044651
0 0.063803 0.946744 0.020000 0.042326
0 0.207042 0.405116 0.019718 0.028837
0 0.728451 0.665581 0.021408 0.032558
0 0.398310 0.333721 0.018592 0.037674
0 0.630563 0.117442 0.019437 0.045116
0 0.806479 0.902791 0.020282 0.039070
0 0.517042 0.297209 0.019437 0.038140
0 0.924648 0.829070 0.021690 0.039535
0 0.573239 0.930698 0.018592 0.038140
0 0.455634 0.619302 0.018310 0.035814
0 0.207324 0.371395 0.019155 0.037674
0 0.962394 0.635814 0.021690 0.040930
0 0.593099 0.584419 0.018310 0.038605
0 0.299859 0.956512 0.020563 0.032093
0 0.202113 0.839535 0.018873 0.040000
0 0.555493 0.810465 0.019155 0.038605
0 0.572394 0.891395 0.018592 0.037674
0 0.785915 0.301628 0.021972 0.042326
0 0.535634 0.220930 0.018310 0.033488
0 0.242394 0.760465 0.020000 0.040930
0 0.323380 0.331395 0.019718 0.038605
0 0.379014 0.083023 0.016620 0.028372
0 0.840986 0.260698 0.020563 0.034884
0 0.631268 0.415116 0.021972 0.030233
0 0.709718 0.080698 0.021690 0.039535
0 0.670845 0.261628 0.020000 0.040465
0 0.611127 0.340000 0.017746 0.039070
0 0.398169 0.046512 0.017746 0.036279
0 0.535915 0.929302 0.020563 0.036279
0 0.247606 0.290930 0.019718 0.035814
0 0.105352 0.566279 0.018592 0.041395
0 0.533803 0.114186 0.019718 0.034884
0 0.786901 0.898605 0.018873 0.035349
0 0.396761 0.765116 0.020000 0.032558
0 0.342817 0.330698 0.019155 0.033488
0 0.247183 0.255349 0.019437 0.036279
0 0.182394 0.877209 0.018873 0.039070
0 0.670423 0.340930 0.021972 0.037209
0 0.361268 0.253721 0.019437 0.032093
0 0.397746 0.845814 0.020845 0.036744
0 0.397606 0.293256 0.017746 0.041395
0 0.018169 0.785116 0.020000 0.037209
0 0.862958 0.422791 0.021127 0.031628
0 0.281972 0.653953 0.021408 0.040930
0 0.087042 0.647209 0.018592 0.039535
0 0.962676 0.428372 0.023380 0.033488
0 0.804085 0.225349 0.020000 0.040465
0 0.166479 0.218837 0.020282 0.039535
0 0.265775 0.292093 0.018873 0.035349
0 0.262817 0.655116 0.018028 0.046047
0 0.788592 0.780000 0.020563 0.039070
0 0.049155 0.331628 0.022254 0.037209
0 0.126620 0.291163 0.019437 0.038140
0 0.084648 0.872093 0.018310 0.040930
0 0.922676 0.675814 0.020563 0.037209
0 0.147042 0.216279 0.018592 0.030698
0 0.668592 0.966744 0.020563 0.031163
0 0.650704 0.381163 0.019718 0.038605
0 0.883944 0.346744 0.020282 0.034884
0 0.786056 0.225349 0.020563 0.033953
0 0.399155 0.576744 0.019718 0.038140
0 0.629718 0.934186 0.020563 0.039535
0 0.648873 0.896047 0.019437 0.037674
0 0.707042 0.936977 0.020845 0.037674
0 0.437606 0.293953 0.020563 0.041860
0 0.221690 0.920930 0.021408 0.040000
0 0.299577 0.922558 0.020563 0.037674
0 0.379296 0.113023 0.020000 0.035349
0 0.592394 0.929535 0.019718 0.031163
0 0.881127 0.120465 0.021408 0.040930
0 0.842676 0.386047 0.021690 0.039070
0 0.862958 0.386744 0.020563 0.039535
0 0.455211 0.379535 0.020282 0.038140
0 0.533521 0.043488 0.018592 0.033953
0 0.261549 0.880465 0.018310 0.035349
0 0.904366 0.867674 0.021127 0.039535
0 0.322676 0.656512 0.023380 0.041395
0 0.417183 0.577442 0.021972 0.039535
0 0.900845 0.225581 0.018028 0.033488
0 0.166056 0.607442 0.020563 0.037209
0 0.049014 0.403953 0.022535 0.033023
0 0.943099 0.830000 0.020845 0.041395
0 0.129718 0.117674 0.023944 0.037209
0 0.455070 0.256047 0.018310 0.034884
0 0.108310 0.291628 0.018310 0.035349
0 0.573099 0.666977 0.021127 0.044651
0 0.554507 0.889070 0.018310 0.033953
0 0.206620 0.292093 0.018873 0.036279
0 0.574366 0.336512 0.019155 0.033023
0 0.103662 0.791395 0.018028 0.036744
0 0.574930 0.583953 0.020282 0.039535
0 0.516056 0.380930 0.020282 0.038140
0 0.437606 0.581628 0.020000 0.044186
0 0.207887 0.329535 0.020845 0.034884
0 0.321268 0.763953 0.018873 0.033953
0 0.535775 0.663488 0.019718 0.041395
0 0.339859 0.115116 0.018873 0.035814
0 0.842254 0.421628 0.022535 0.032093
0 0.148169 0.254419 0.018592 0.031628
0 0.494789 0.769302 0.020000 0.032558
0 0.806338 0.673488 0.018873 0.043721
0 0.360563 0.579302 0.020845 0.040465
0 0.628451 0.813721 0.019155 0.033023
0 0.379577 0.218605 0.021127 0.035349
0 0.302676 0.607907 0.022254 0.037209
0 0.455211 0.336279 0.019718 0.040000
0 0.516197 0.079070 0.017183 0.031628
0 0.555493 0.224884 0.018592 0.029302
0 0.203380 0.801860 0.020845 0.040000
0 0.361408 0.291395 0.018028 0.037674
0 0.571972 0.773721 0.018310 0.031163
0 0.647746 0.774186 0.020000 0.033023
0 0.127606 0.045581 0.019155 0.039070
0 0.105493 0.646744 0.018310 0.039535
0 0.380423 0.331860 0.018873 0.035814
0 0.575070 0.414419 0.021127 0.031628
0 0.880141 0.042326 0.020563 0.043721
0 0.090563 0.044186 0.019437 0.039070
0 0.142535 0.916512 0.020845 0.039535
0 0.574225 0.963256 0.020000 0.030698
0 0.688169 0.935581 0.020282 0.040465
0 0.690845 0.383953 0.020563 0.041395
0 0.729437 0.383953 0.020563 0.040465
0 0.069296 0.216977 0.019155 0.036744
0 0.768169 0.418140 0.020282 0.031628
0 0.416338 0.048140 0.020845 0.037674
0 0.823380 0.256047 0.018592 0.034884
0 0.902676 0.306744 0.020000 0.036744
0 0.304789 0.330465 0.019718 0.035814
0 0.377324 0.883953 0.017746 0.039535
0 0.554930 0.929302 0.019718 0.036279
0 0.883099 0.424419 0.020845 0.033023
0 0.163944 0.836512 0.018028 0.035814
0 0.397324 0.883488 0.018873 0.033953
0 0.649718 0.932791 0.020000 0.037674
0 0.109577 0.042791 0.019155 0.032558
0 0.905775 0.906977 0.021127 0.039070
0 0.247324 0.332558 0.018592 0.034419
0 0.341972 0.576512 0.019155 0.033023
0 0.108028 0.083488 0.016620 0.036744
0 0.689577 0.262326 0.019718 0.037209
0 0.670563 0.300233 0.020563 0.034884
0 0.279718 0.922791 0.020282 0.038140
0 0.416761 0.378140 0.021127 0.039070
0 0.186620 0.373953 0.021127 0.037209
0 0.688451 0.300465 0.020282 0.038140
0 0.806197 0.383488 0.019155 0.039535
0 0.554789 0.663721 0.020000 0.037209
0 0.260282 0.922791 0.020282 0.039070
0 0.495775 0.381163 0.021408 0.040465
0 0.203944 0.651860 0.020282 0.044186
0 0.125211 0.754884 0.021690 0.037209
0 0.669014 0.819070 0.020845 0.041860
0 0.555915 0.623953 0.017746 0.043256
0 0.339859 0.879535 0.018310 0.035349
0 0.536761 0.960000 0.020000 0.028837
0 0.244507 0.650930 0.019155 0.035814
0 0.630000 0.854651 0.020000 0.037674
0 0.649437 0.966512 0.020000 0.029767
0 0.261127 0.800233 0.020282 0.039535
0 0.476479 0.413953 0.022254 0.030698
0 0.201690 0.877674 0.018592 0.034419
0 0.103803 0.831860 0.018873 0.038605
0 0.806620 0.938372 0.018310 0.033023
0 0.437746 0.255581 0.019155 0.032093
0 0.087324 0.565349 0.018028 0.034884
0 0.322394 0.049535 0.018873 0.034884
0 0.066479 0.880233 0.019718 0.040465
0 0.787746 0.383488 0.021127 0.040465
0 0.516901 0.960930 0.020282 0.028837
0 0.108592 0.118140 0.015493 0.031628
0 0.435493 0.767209 0.018028 0.035814
0 0.167606 0.114884 0.019718 0.029767
0 0.453662 0.768140 0.021127 0.037674
0 0.573380 0.225581 0.017183 0.028837
0 0.805493 0.259767 0.018310 0.033023
0 0.168310 0.329535 0.021690 0.036744
0 0.265634 0.048372 0.018592 0.040000
0 0.515915 0.113721 0.017746 0.033953
0 0.861268 0.120465 0.021690 0.043721
0 0.686338 0.772093 0.018873 0.032558
0 0.766338 0.261395 0.018873 0.035349
0 0.362254 0.405349 0.020282 0.030233
0 0.342958 0.656047 0.021127 0.041395
0 0.593380 0.964419 0.020000 0.031163
0 0.362535 0.371163 0.020282 0.040000
0 0.320704 0.800930 0.018310 0.035349
0 0.900563 0.122093 0.020282 0.041395
0 0.027746 0.909535 0.023380 0.034884
0 0.324225 0.406977 0.020282 0.028837
0 0.592113 0.261395 0.018028 0.034419
0 0.397183 0.957209 0.020282 0.029767
0 0.804930 0.301860 0.020563 0.045581
0 0.186338 0.406047 0.020563 0.028837
0 0.085352 0.751860 0.019718 0.034884
0 0.884789 0.783953 0.019718 0.033023
0 0.610704 0.223256 0.020845 0.041860
0 0.122958 0.950233 0.020563 0.031628
0 0.358873 0.923256 0.019718 0.037209
0 0.185211 0.647442 0.017746 0.038140
0 0.611408 0.893953 0.017746 0.038140
0 0.864648 0.946279 0.021690 0.040465
0 0.630282 0.966512 0.020000 0.029767
0 0.263662 0.572093 0.018592 0.040930
0 0.769577 0.343721 0.019155 0.042791
0 0.436197 0.413023 0.021127 0.030698
0 0.028451 0.290233 0.023099 0.038140
0 0.786901 0.044884 0.020563 0.040465
0 0.051127 0.042093 0.018310 0.033023
0 0.769155 0.116744 0.020563 0.037209
0 0.593239 0.299302 0.018028 0.040465
0 0.689296 0.341628 0.021408 0.038605
0 0.555634 0.960233 0.019437 0.029302
0 0.611690 0.964651 0.018310 0.028837
0 0.610141 0.813488 0.018592 0.033488
0 0.610000 0.772558 0.018873 0.029767
0 0.396479 0.923953 0.020563 0.037674
0 0.068592 0.330233 0.019437 0.030698
0 0.359014 0.957907 0.020000 0.031163
0 0.805493 0.418605 0.020000 0.030698
0 0.455352 0.960930 0.020563 0.028837
0 0.438169 0.618605 0.018873 0.026977
0 0.787465 0.116512 0.019437 0.035814
0 0.670563 0.383256 0.021690 0.041860
0 0.244366 0.572326 0.019437 0.042326
0 0.264789 0.082093 0.016338 0.028372
0 0.435634 0.047674 0.018873 0.033023
0 0.182958 0.796744 0.018873 0.035349
0 0.590423 0.042093 0.017465 0.039535
0 0.805493 0.342558 0.018873 0.035814
0 0.922676 0.783953 0.019437 0.038605
0 0.242254 0.954651 0.020845 0.031163
0 0.149296 0.117209 0.018028 0.036279
0 0.806620 0.826512 0.020000 0.041860
0 0.496761 0.414884 0.021690 0.031628
0 0.069859 0.402558 0.019718 0.029302
0 0.748732 0.261628 0.018028 0.033953
0 0.416901 0.957674 0.020282 0.029767
0 0.303803 0.114186 0.020563 0.037674
0 0.573662 0.045116 0.021127 0.036279
0 0.591127 0.772558 0.019437 0.038140
0 0.554225 0.413721 0.021690 0.032093
0 0.435915 0.959535 0.020563 0.031628
0 0.265634 0.371628 0.019155 0.037209
0 0.590141 0.077442 0.019155 0.033023
0 0.805070 0.120698 0.022535 0.043256
0 0.339296 0.923721 0.020563 0.038140
0 0.902817 0.424884 0.023099 0.033953
0 0.885634 0.978837 0.020282 0.030233
0 0.090563 0.328837 0.022254 0.036279
0 0.284648 0.372558 0.021127 0.040000
0 0.494507 0.961395 0.023944 0.038140
0 0.320141 0.921395 0.020000 0.036279
0 0.279718 0.957674 0.021408 0.033488
0 0.769859 0.940000 0.020282 0.038140
0 0.264085 0.611628 0.015493 0.029767
0 0.168169 0.047442 0.018592 0.039070
0 0.417183 0.412093 0.019718 0.029767
0 0.456056 0.412558 0.020845 0.029767
0 0.516901 0.414419 0.020845 0.029767
0 0.885493 0.905349 0.019437 0.035814
0 0.650986 0.414651 0.021408 0.030233
0 0.067746 0.693953 0.018873 0.037209
0 0.241831 0.922326 0.020000 0.039070
0 0.961127 0.225116 0.023099 0.041860
0 0.049014 0.370465 0.020845 0.034884
0 0.668310 0.934419 0.020000 0.040930
0 0.495352 0.580930 0.018873 0.040000
0 0.103380 0.913721 0.020282 0.039535
0 0.227183 0.405581 0.021127 0.028837
0 0.667465 0.772791 0.018873 0.031163
0 0.381831 0.407209 0.021690 0.030233
0 0.611690 0.415814 0.019437 0.030698
0 0.826620 0.942791 0.021690 0.039070
0 0.964085 0.982093 0.022817 0.029302
0 0.201690 0.920000 0.020845 0.040000
0 0.397465 0.216512 0.015775 0.029302
0 0.938873 0.260465 0.020282 0.033488
0 0.261831 0.957209 0.020000 0.031628
0 0.380704 0.372326 0.020000 0.040465
0 0.903803 0.388837 0.021127 0.040930
0 0.958592 0.040698 0.019155 0.035814
0 0.084930 0.913488 0.020000 0.039070
0 0.920563 0.301860 0.019718 0.043721
0 0.161972 0.917674 0.020282 0.040930
0 0.321831 0.113721 0.020000 0.037674
0 0.104085 0.754419 0.018873 0.036279
0 0.399155 0.408605 0.018592 0.028372
0 0.261549 0.760465 0.019437 0.039070
0 0.805915 0.782791 0.018592 0.035349
0 0.824085 0.385814 0.018310 0.040465
0 0.905915 0.979535 0.020282 0.030698
0 0.827183 0.977209 0.021690 0.031628
0 0.905352 0.944884 0.020282 0.038605
0 0.360563 0.658140 0.019718 0.041860
0 0.515493 0.044186 0.018592 0.038140
0 0.027324 0.405349 0.021408 0.033023
0 0.108028 0.212558 0.016620 0.030698
0 0.903239 0.348372 0.020563 0.042791
0 0.902817 0.675581 0.019155 0.040465
0 0.206620 0.216047 0.017746 0.030233
0 0.594225 0.416744 0.020563 0.032558
0 0.340704 0.217209 0.017746 0.031628
0 0.378169 0.957442 0.021127 0.032093
0 0.068310 0.369302 0.021690 0.038140
0 0.107606 0.332093 0.018028 0.040930
0 0.342958 0.290930 0.020563 0.042326
0 0.023380 0.610233 0.018592 0.038140
0 0.141972 0.950930 0.020845 0.032093
0 0.841268 0.081163 0.021690 0.040465
0 0.941690 0.426279 0.023099 0.033023
0 0.089859 0.292093 0.020282 0.036279
0 0.103803 0.949070 0.021127 0.033023
0 0.376761 0.922558 0.020000 0.034884
0 0.865634 0.978372 0.020282 0.028372
0 0.245634 0.404186 0.019718 0.027907
0 0.903803 0.826047 0.021127 0.039070
0 0.840845 0.119302 0.020845 0.033953
0 0.040704 0.787209 0.023380 0.034884
0 0.919296 0.116977 0.018310 0.031163
0 0.592254 0.225581 0.022817 0.038140
0 0.707887 0.968837 0.020282 0.031628
0 0.687042 0.818372 0.020845 0.040465
0 0.283521 0.573023 0.022817 0.041860
0 0.922113 0.424186 0.021127 0.032558
0 0.147746 0.405116 0.020563 0.029767
0 0.455634 0.222093 0.018310 0.032093
0 0.805775 0.039535 0.021127 0.038140
0 0.919859 0.220698 0.021690 0.043256
0 0.164085 0.754186 0.019437 0.033953
0 0.103380 0.871860 0.018028 0.033023
0 0.338451 0.956977 0.021127 0.031163
0 0.941268 0.784186 0.018873 0.032558
0 0.167887 0.370000 0.020282 0.038605
0 0.084648 0.947907 0.021690 0.030698
0 0.767746 0.043488 0.020563 0.038605
0 0.805493 0.079535 0.020000 0.039070
0 0.823099 0.422093 0.020282 0.032093
0 0.535915 0.413488 0.019437 0.031628
0 0.807183 0.971628 0.018873 0.034419
0 0.822113 0.344186 0.018873 0.036279
0 0.822394 0.119302 0.020563 0.041395
0 0.302958 0.573256 0.019437 0.035814
0 0.963099 0.781860 0.021408 0.033488
0 0.264507 0.256279 0.017465 0.034419
0 0.727183 0.042093 0.020000 0.033953
0 0.167887 0.406512 0.018592 0.031628
0 0.822254 0.041395 0.018028 0.035349
0 0.593099 0.380000 0.020000 0.039070
0 0.180704 0.917674 0.022254 0.040000
0 0.280000 0.759535 0.019155 0.035349
0 0.037746 0.821628 0.016901 0.032093
0 0.320845 0.955581 0.021972 0.032093
0 0.885352 0.827442 0.020282 0.036279
0 0.535915 0.770465 0.019437 0.033023
0 0.438732 0.223721 0.018873 0.030698
0 0.161127 0.950000 0.020845 0.030233
0 0.088873 0.371163 0.019437 0.037209
0 0.474507 0.961628 0.021690 0.031163
0 0.847465 0.976977 0.018873 0.028372
0 0.029296 0.943023 0.024789 0.033953
0 0.961690 0.263721 0.022535 0.036279
0 0.919296 0.347907 0.018873 0.038140
0 0.183944 0.759070 0.018028 0.035349
0 0.939155 0.225581 0.021972 0.040930
0 0.943099 0.982093 0.020282 0.033023
0 0.017746 0.821628 0.023662 0.034884
0 0.845775 0.945116 0.018310 0.037209
0 0.943380 0.913256 0.022535 0.042326
0 0.708169 0.040930 0.018028 0.035349
0 0.964366 0.908837 0.021127 0.040000
0 0.822113 0.079535 0.019437 0.036279
0 0.202394 0.761163 0.020000 0.032093
0 0.920845 0.386744 0.019718 0.039535
0 0.048310 0.871163 0.016056 0.040930
0 0.144225 0.754186 0.016338 0.031163
0 0.924648 0.979767 0.018873 0.030233
0 0.146479 0.372558 0.023662 0.035349
0 0.573662 0.077674 0.017746 0.030698
0 0.053803 0.607209 0.016338 0.034884
0 0.265070 0.332093 0.018028 0.039070
0 0.572535 0.117907 0.017183 0.034884
0 0.964225 0.950698 0.022535 0.035349
0 0.107042 0.368837 0.020282 0.036279
0 0.146479 0.183256 0.021408 0.031628
0 0.923662 0.947674 0.019155 0.036744
0 0.128028 0.401395 0.022254 0.036279
0 0.040000 0.610465 0.015211 0.035814
0 0.128169 0.369070 0.023099 0.035814
0 0.319437 0.938605 0.018592 0.019535
0 0.011127 0.866047 0.012676 0.034419
0 0.089155 0.401860 0.017183 0.027907
0 0.107887 0.405116 0.020282 0.034419
0 0.021972 0.864651 0.010704 0.034419
0 0.033099 0.869070 0.011549 0.038605
