0 0.684375 0.161928 0.218750 0.108776
0 0.800000 0.282447 0.141667 0.072930
0 0.809375 0.364648 0.152083 0.069221
0 0.805208 0.457973 0.127083 0.055624
0 0.810417 0.538937 0.100000 0.071693
0 0.812500 0.622991 0.125000 0.051916
0 0.827083 0.704574 0.154167 0.034611
0 0.817708 0.801607 0.110417 0.077874
0 0.648958 0.279357 0.122917 0.042027
0 0.653125 0.374536 0.131250 0.081582
0 0.646875 0.457973 0.127083 0.072930
0 0.648958 0.537083 0.127083 0.055624
0 0.656250 0.622373 0.116667 0.070457
0 0.652083 0.709518 0.095833 0.051916
0 0.667708 0.794190 0.127083 0.072930
0 0.389583 0.152658 0.200000 0.110012
0 0.482292 0.281211 0.106250 0.080346
0 0.489583 0.369592 0.145833 0.081582
0 0.492708 0.457973 0.160417 0.070457
0 0.493750 0.536465 0.175000 0.071693
0 0.496875 0.618047 0.135417 0.074166
0 0.502083 0.699011 0.154167 0.063041
0 0.506250 0.788010 0.141667 0.080346
0 0.330208 0.281829 0.139583 0.081582
0 0.328125 0.367738 0.143750 0.065513
0 0.330208 0.455501 0.135417 0.082818
0 0.321875 0.538937 0.156250 0.079110
0 0.331250 0.619901 0.158333 0.080346
0 0.328125 0.700247 0.156250 0.065513
0 0.327083 0.785538 0.145833 0.080346
0 0.169792 0.283684 0.156250 0.075402
0 0.159375 0.369592 0.106250 0.046972
0 0.175000 0.454265 0.141667 0.080346
0 0.163542 0.532756 0.122917 0.076638
0 0.171875 0.624845 0.152083 0.077874
0 0.168750 0.695921 0.150000 0.061805
0 0.169792 0.779975 0.114583 0.071693
