0 0.796588 0.838225 0.025833 0.046416
0 0.253106 0.927816 0.028988 0.041297
0 0.745810 0.212969 0.023270 0.040273
0 0.822126 0.435324 0.029186 0.052218
0 0.642082 0.843003 0.025636 0.043686
0 0.252218 0.040273 0.024058 0.045734
0 0.203214 0.306655 0.025833 0.044027
0 0.173536 0.841809 0.025242 0.043345
0 0.772136 0.535666 0.024650 0.044027
0 0.227174 0.084983 0.024453 0.040273
0 0.693946 0.265529 0.023270 0.047099
0 0.874877 0.794710 0.027411 0.044027
0 0.690889 0.932423 0.023467 0.045734
0 0.719878 0.081570 0.023072 0.041638
0 0.489450 0.170990 0.025242 0.046416
0 0.690988 0.842662 0.024847 0.043003
0 0.357720 0.431229 0.026819 0.039249
0 0.616545 0.575597 0.025044 0.041980
0 0.877835 0.933276 0.027805 0.051536
0 0.717314 0.841468 0.028200 0.043345
0 0.667324 0.667406 0.021692 0.056997
0 0.772037 0.302218 0.025636 0.041980
0 0.904555 0.935836 0.026819 0.051877
0 0.719976 0.219283 0.025636 0.044027
0 0.853579 0.126109 0.025439 0.037201
0 0.667916 0.356143 0.024847 0.042662
0 0.541313 0.616894 0.025242 0.047440
0 0.667521 0.573038 0.024847 0.038225
0 0.880694 0.308191 0.024847 0.049147
0 0.745612 0.259898 0.021692 0.048123
0 0.823309 0.750512 0.027608 0.056655
0 0.252218 0.084471 0.022875 0.039932
0 0.568231 0.084471 0.025439 0.040614
0 0.592980 0.091980 0.022086 0.043345
0 0.908204 0.259386 0.023861 0.043003
0 0.642575 0.660410 0.026622 0.047782
0 0.767206 0.841980 0.027411 0.044369
0 0.743838 0.355973 0.024847 0.040956
0 0.148491 0.834812 0.025242 0.051877
0 0.717807 0.387201 0.020114 0.036519
0 0.692664 0.215700 0.023072 0.040956
0 0.228062 0.040102 0.024650 0.047440
0 0.171958 0.927474 0.024847 0.044710
0 0.666042 0.801706 0.023467 0.044369
0 0.149576 0.618089 0.024256 0.042321
0 0.277854 0.667065 0.021692 0.039932
0 0.385427 0.886689 0.027805 0.048464
0 0.590712 0.882594 0.024256 0.051195
0 0.719779 0.170990 0.025242 0.049829
0 0.100966 0.125939 0.024453 0.045051
0 0.616644 0.619113 0.023664 0.043686
0 0.824394 0.124915 0.026228 0.050512
0 0.278446 0.173891 0.021298 0.046075
0 0.720864 0.037543 0.023072 0.038225
0 0.202031 0.214505 0.022678 0.039249
0 0.436797 0.084471 0.024058 0.040614
0 0.717018 0.750512 0.026030 0.045051
0 0.278347 0.082082 0.026622 0.041297
0 0.691777 0.532423 0.022875 0.048464
0 0.669099 0.040444 0.023664 0.044027
0 0.304082 0.168259 0.027214 0.040273
0 0.694143 0.084983 0.024058 0.040273
0 0.591599 0.577133 0.018931 0.033447
0 0.773713 0.129352 0.025044 0.037543
0 0.381976 0.749488 0.027608 0.038225
0 0.881779 0.123549 0.025044 0.051877
0 0.667028 0.846246 0.023467 0.044710
0 0.718004 0.436177 0.023664 0.047099
0 0.693847 0.127474 0.024256 0.041980
0 0.903767 0.887372 0.023664 0.041638
0 0.252613 0.211604 0.025242 0.036177
0 0.224413 0.797611 0.027608 0.044369
0 0.932853 0.535495 0.024650 0.047099
0 0.880201 0.215529 0.024256 0.038567
0 0.253007 0.126621 0.023270 0.037543
0 0.691580 0.664334 0.025242 0.043345
0 0.904555 0.844539 0.022875 0.041980
0 0.908204 0.307509 0.026622 0.045051
0 0.202426 0.392321 0.027016 0.044027
0 0.904457 0.708703 0.023072 0.047440
0 0.690988 0.754437 0.024058 0.048805
0 0.769671 0.939249 0.024847 0.040273
0 0.718300 0.706314 0.025439 0.041980
0 0.386906 0.262799 0.028397 0.045734
0 0.773910 0.087713 0.022284 0.046416
0 0.254092 0.573720 0.026622 0.038908
0 0.121475 0.887372 0.026819 0.045734
0 0.303885 0.215870 0.027214 0.054266
0 0.666042 0.889932 0.026228 0.039249
0 0.770459 0.752730 0.026819 0.046075
0 0.123644 0.530205 0.027214 0.058362
0 0.641787 0.751365 0.023072 0.047440
0 0.102642 0.078840 0.023861 0.047782
0 0.541609 0.083106 0.020706 0.041297
0 0.908302 0.354949 0.024847 0.043003
0 0.718399 0.344369 0.021692 0.041638
0 0.173634 0.167406 0.025833 0.048805
0 0.668310 0.165700 0.022875 0.043345
0 0.718004 0.572355 0.024453 0.040273
0 0.690298 0.799488 0.023072 0.041297
0 0.799053 0.087543 0.022086 0.043345
0 0.908992 0.177816 0.026228 0.038908
0 0.853283 0.088737 0.023664 0.038908
0 0.720174 0.124232 0.024058 0.042321
0 0.934530 0.582082 0.026030 0.044710
0 0.881286 0.172867 0.022875 0.043345
0 0.744626 0.311604 0.024453 0.045734
0 0.383258 0.622867 0.023861 0.039590
0 0.592782 0.534812 0.024058 0.049829
0 0.692566 0.577133 0.023270 0.040273
0 0.357227 0.579352 0.023467 0.048123
0 0.197693 0.837201 0.025439 0.046416
0 0.227667 0.703072 0.027411 0.045051
0 0.147998 0.746587 0.024650 0.037884
0 0.907809 0.615870 0.025439 0.045392
0 0.147801 0.925939 0.023861 0.042321
0 0.224808 0.572014 0.022481 0.038908
0 0.121869 0.834983 0.026819 0.059727
0 0.150168 0.663652 0.024256 0.046075
0 0.198580 0.560580 0.022086 0.039932
0 0.669197 0.261092 0.023861 0.047782
0 0.664662 0.932423 0.025044 0.042321
0 0.383356 0.839249 0.023664 0.040956
0 0.826070 0.043345 0.027214 0.046416
0 0.279531 0.037713 0.024650 0.044027
0 0.718793 0.303413 0.024453 0.036177
0 0.383356 0.665870 0.026030 0.045051
0 0.358115 0.626792 0.026425 0.043345
0 0.122560 0.658020 0.025044 0.040273
0 0.173733 0.525427 0.022481 0.041980
0 0.771150 0.220990 0.025044 0.039249
0 0.667423 0.717918 0.024650 0.046075
0 0.908598 0.135666 0.024256 0.043345
0 0.383554 0.795051 0.026819 0.044710
0 0.359988 0.121502 0.028200 0.047099
0 0.354171 0.884130 0.028791 0.051536
0 0.717610 0.796928 0.023664 0.045051
0 0.073556 0.039761 0.024847 0.045392
0 0.569217 0.039761 0.025439 0.046075
0 0.278150 0.303754 0.022678 0.047782
0 0.147900 0.787543 0.024058 0.041297
0 0.254289 0.530546 0.024650 0.046758
0 0.615066 0.840614 0.022086 0.047099
0 0.435220 0.300171 0.025636 0.046075
0 0.150463 0.038567 0.021298 0.045734
0 0.668803 0.123208 0.025833 0.038908
0 0.278446 0.126451 0.022875 0.045392
0 0.797969 0.700000 0.027016 0.036860
0 0.150956 0.083447 0.023072 0.041980
0 0.542004 0.038737 0.022678 0.041980
0 0.667718 0.615358 0.022481 0.045734
0 0.073851 0.122184 0.025833 0.036177
0 0.745514 0.170990 0.022678 0.042321
0 0.072570 0.745563 0.027608 0.059044
0 0.799053 0.616382 0.025242 0.040273
0 0.719286 0.261604 0.025044 0.042662
0 0.641688 0.571502 0.022086 0.040614
0 0.881187 0.259044 0.024650 0.046416
0 0.880300 0.533788 0.028002 0.043003
0 0.203313 0.262116 0.026030 0.046416
0 0.936896 0.178669 0.024453 0.043345
0 0.851016 0.609215 0.024256 0.041638
0 0.800335 0.574573 0.025833 0.043345
0 0.641589 0.798123 0.024650 0.044027
0 0.124532 0.577304 0.026228 0.039249
0 0.616841 0.663481 0.023664 0.047782
0 0.617531 0.093174 0.023861 0.034812
0 0.461447 0.310751 0.023270 0.043345
0 0.125222 0.202389 0.027214 0.052560
0 0.796095 0.887713 0.026030 0.040956
0 0.877835 0.837031 0.030566 0.037201
0 0.823802 0.794710 0.026622 0.032423
0 0.615953 0.933106 0.024256 0.042321
0 0.357129 0.262287 0.027214 0.049488
0 0.486985 0.304608 0.025044 0.046758
0 0.772727 0.348464 0.028200 0.044369
0 0.719089 0.660580 0.024650 0.048805
0 0.515579 0.172355 0.022678 0.046416
0 0.356044 0.531058 0.021889 0.049147
0 0.769572 0.618601 0.023861 0.037201
0 0.717216 0.930205 0.026425 0.043345
0 0.771643 0.662628 0.022875 0.042662
0 0.616348 0.706826 0.026228 0.040273
0 0.798462 0.531741 0.022875 0.040273
0 0.936403 0.255973 0.025439 0.037543
0 0.692664 0.170478 0.024256 0.046758
0 0.667718 0.083276 0.023270 0.041638
0 0.385230 0.308874 0.024256 0.044369
0 0.907513 0.217065 0.025636 0.040273
0 0.175311 0.082253 0.022086 0.041638
0 0.515776 0.123038 0.021495 0.042662
0 0.797772 0.211604 0.025044 0.038908
0 0.692368 0.619283 0.026425 0.044710
0 0.592487 0.615529 0.023467 0.039249
0 0.796588 0.792321 0.027016 0.037884
0 0.771741 0.440614 0.025439 0.045734
0 0.592191 0.192321 0.023664 0.048123
0 0.463518 0.123208 0.023861 0.043686
0 0.694143 0.310410 0.022481 0.038567
0 0.643167 0.043174 0.022284 0.046758
0 0.592487 0.244027 0.024650 0.054608
0 0.074049 0.165188 0.023467 0.039590
0 0.305364 0.121672 0.024650 0.044710
0 0.073260 0.083276 0.024256 0.038225
0 0.798758 0.041297 0.020706 0.042321
0 0.641294 0.888055 0.022481 0.044369
0 0.826070 0.083959 0.027214 0.032082
0 0.878624 0.356997 0.028594 0.045734
0 0.174719 0.213140 0.026030 0.042662
0 0.876947 0.749488 0.025636 0.044369
0 0.436896 0.208532 0.023467 0.043686
0 0.641294 0.614334 0.022481 0.040956
0 0.824788 0.174061 0.026622 0.042321
0 0.717511 0.887372 0.026622 0.047099
0 0.225202 0.925256 0.022086 0.038908
0 0.253599 0.169454 0.022086 0.040614
0 0.669296 0.311604 0.024847 0.046416
0 0.072668 0.683276 0.028200 0.055290
0 0.515973 0.083618 0.023072 0.039590
0 0.798067 0.129693 0.022875 0.038908
0 0.229836 0.265358 0.025044 0.054266
0 0.615362 0.748805 0.024256 0.042321
0 0.850227 0.700000 0.023861 0.050512
0 0.511832 0.771672 0.024256 0.055290
0 0.225104 0.749488 0.024256 0.047782
0 0.772727 0.395392 0.027805 0.043345
0 0.100572 0.382765 0.025242 0.045392
0 0.770854 0.707850 0.021298 0.042321
0 0.226878 0.124573 0.025044 0.034130
0 0.744725 0.533276 0.023861 0.044710
0 0.490337 0.124915 0.023072 0.043003
0 0.098008 0.562799 0.026425 0.040273
0 0.852199 0.572014 0.025044 0.030717
0 0.489351 0.041980 0.022678 0.046416
0 0.747190 0.082594 0.022481 0.039590
0 0.695228 0.350853 0.021889 0.039590
0 0.224808 0.529181 0.025242 0.049488
0 0.616742 0.531570 0.024256 0.048123
0 0.768290 0.891638 0.026425 0.050853
0 0.641984 0.706143 0.023467 0.040273
0 0.641787 0.214846 0.025439 0.042662
0 0.880694 0.610239 0.026819 0.043686
0 0.356833 0.215870 0.025439 0.044027
0 0.174522 0.258532 0.027214 0.047440
0 0.120883 0.739078 0.025636 0.045392
0 0.122757 0.616212 0.026228 0.043345
0 0.797574 0.172184 0.025833 0.043345
0 0.694143 0.434812 0.024058 0.045051
0 0.744528 0.442833 0.022678 0.046758
0 0.744232 0.741126 0.026030 0.040614
0 0.202820 0.350000 0.027805 0.041297
0 0.718596 0.613652 0.021692 0.038225
0 0.618418 0.047440 0.022875 0.053925
0 0.223723 0.882594 0.024256 0.037543
0 0.641392 0.530205 0.021889 0.040614
0 0.907119 0.662116 0.026425 0.047099
0 0.539046 0.696758 0.024256 0.056997
0 0.567541 0.171672 0.023270 0.037543
0 0.200947 0.081229 0.023664 0.038908
0 0.354960 0.168601 0.026030 0.049147
0 0.589529 0.828669 0.024650 0.049147
0 0.437192 0.126280 0.026425 0.038225
0 0.592092 0.655290 0.022284 0.037543
0 0.567048 0.531058 0.024650 0.042321
0 0.932459 0.844881 0.027805 0.041297
0 0.744528 0.576451 0.023861 0.038225
0 0.305462 0.079693 0.025242 0.038567
0 0.354368 0.791980 0.028397 0.048805
0 0.852002 0.533618 0.022284 0.044710
0 0.666930 0.760580 0.025636 0.041980
0 0.121179 0.782765 0.028200 0.043345
0 0.122165 0.931570 0.025044 0.042662
0 0.228259 0.437543 0.024650 0.048464
0 0.072077 0.611092 0.025044 0.036519
0 0.566851 0.126451 0.023072 0.041980
0 0.436797 0.040956 0.023664 0.045051
0 0.252810 0.787543 0.023270 0.048123
0 0.046934 0.212116 0.026425 0.046075
0 0.228752 0.170137 0.025242 0.043345
0 0.669197 0.211433 0.023467 0.043345
0 0.042595 0.641809 0.026030 0.053584
0 0.254683 0.614505 0.024256 0.044710
0 0.796884 0.659556 0.024847 0.042662
0 0.124926 0.256826 0.024256 0.052901
0 0.226090 0.609215 0.023861 0.030034
0 0.175212 0.037372 0.022678 0.044027
0 0.223822 0.840102 0.024058 0.039932
0 0.148787 0.706485 0.023861 0.036177
0 0.175606 0.122696 0.023467 0.037884
0 0.072668 0.792662 0.026228 0.031058
0 0.770262 0.576109 0.023270 0.040273
0 0.824985 0.619283 0.023467 0.041297
0 0.278347 0.585324 0.024256 0.053925
0 0.667127 0.532082 0.024058 0.045734
0 0.331000 0.532082 0.026228 0.050512
0 0.693847 0.390273 0.022284 0.039932
0 0.461940 0.353754 0.022678 0.041297
0 0.851213 0.655631 0.023467 0.036860
0 0.072570 0.573038 0.023270 0.040273
0 0.072372 0.833618 0.024847 0.045392
0 0.278249 0.347611 0.024453 0.036519
0 0.358411 0.076962 0.024256 0.041980
0 0.462828 0.171160 0.021692 0.048123
0 0.462532 0.220137 0.025044 0.045051
0 0.173733 0.564846 0.024453 0.039590
0 0.934628 0.624232 0.021889 0.034130
0 0.304378 0.914676 0.027016 0.065529
0 0.437192 0.255119 0.022481 0.041980
0 0.850621 0.748294 0.025833 0.045392
0 0.825774 0.578840 0.022678 0.039590
0 0.434825 0.438396 0.025242 0.045392
0 0.542102 0.166382 0.026819 0.038567
0 0.278545 0.388567 0.028200 0.049488
0 0.148491 0.881399 0.025242 0.045392
0 0.463617 0.533106 0.026425 0.044369
0 0.567541 0.572014 0.024058 0.036177
0 0.880596 0.079181 0.026228 0.036860
0 0.772431 0.262116 0.024058 0.043003
0 0.126997 0.082594 0.022875 0.042321
0 0.880596 0.570990 0.027805 0.031399
0 0.876553 0.883618 0.024453 0.039590
0 0.796786 0.747440 0.021889 0.052560
0 0.826859 0.295904 0.028002 0.038225
0 0.515875 0.039761 0.023270 0.045392
0 0.073753 0.210922 0.024453 0.037543
0 0.380596 0.708362 0.025636 0.039932
0 0.743936 0.398294 0.023861 0.041638
0 0.200454 0.597440 0.024650 0.039249
0 0.640702 0.933447 0.020903 0.046416
0 0.075035 0.249317 0.023861 0.033788
0 0.566555 0.616724 0.023664 0.051195
0 0.745119 0.658703 0.024256 0.043686
0 0.490140 0.084642 0.020706 0.039590
0 0.771150 0.175256 0.021889 0.050171
0 0.100572 0.292491 0.023270 0.046416
0 0.642378 0.260580 0.028200 0.050171
0 0.461940 0.267406 0.025044 0.043345
0 0.332380 0.576621 0.024650 0.040614
0 0.305167 0.574915 0.024256 0.031741
0 0.202524 0.436689 0.024453 0.044027
0 0.932558 0.932765 0.025636 0.050512
0 0.251331 0.881399 0.025833 0.048123
0 0.824591 0.835666 0.026228 0.041980
0 0.100375 0.338055 0.022086 0.043345
0 0.541511 0.124403 0.022086 0.035154
0 0.592782 0.128498 0.022875 0.030375
0 0.330014 0.701706 0.021495 0.045051
0 0.199468 0.795392 0.023861 0.045392
0 0.175113 0.304608 0.027214 0.039249
0 0.691284 0.707509 0.023072 0.041638
0 0.690889 0.888055 0.021889 0.038225
0 0.332479 0.036007 0.025636 0.039932
0 0.769079 0.796246 0.028397 0.044369
0 0.746993 0.039249 0.024847 0.038908
0 0.826366 0.253242 0.028594 0.036177
0 0.331098 0.622014 0.024453 0.050171
0 0.149182 0.570990 0.022284 0.053925
0 0.488365 0.353584 0.025439 0.049147
0 0.385328 0.391638 0.027214 0.047440
0 0.514396 0.266553 0.020312 0.041638
0 0.103234 0.034471 0.024256 0.036177
0 0.540327 0.748294 0.026425 0.051536
0 0.333563 0.079863 0.025833 0.045051
0 0.642181 0.087713 0.020312 0.040273
0 0.853283 0.201536 0.026425 0.050171
0 0.744232 0.701365 0.022875 0.036860
0 0.048708 0.301195 0.026819 0.047440
0 0.202327 0.169454 0.029186 0.047440
0 0.487872 0.254266 0.023664 0.052560
0 0.880300 0.658532 0.024058 0.050171
0 0.382765 0.569625 0.026819 0.050512
0 0.693453 0.040785 0.023467 0.044710
0 0.126602 0.124915 0.024453 0.042321
0 0.542102 0.207509 0.024453 0.036860
0 0.200651 0.037543 0.025044 0.038225
0 0.824492 0.340614 0.026425 0.038908
0 0.486886 0.435495 0.024058 0.053242
0 0.097712 0.517065 0.022284 0.045051
0 0.100276 0.429522 0.025833 0.050853
0 0.355847 0.386689 0.023467 0.039590
0 0.100769 0.167918 0.021298 0.043003
0 0.252810 0.743174 0.027214 0.035154
0 0.642773 0.439761 0.022284 0.044710
0 0.252514 0.657509 0.022678 0.043345
0 0.461546 0.394027 0.023861 0.039932
0 0.964110 0.222867 0.025636 0.049147
0 0.125715 0.331058 0.020706 0.036860
0 0.226287 0.652730 0.023861 0.046758
0 0.568626 0.433276 0.024256 0.044027
0 0.462828 0.666212 0.029186 0.053242
0 0.959180 0.886177 0.022481 0.043345
0 0.568823 0.259044 0.025044 0.036177
0 0.173832 0.606826 0.023072 0.047782
0 0.589824 0.930717 0.022086 0.036177
0 0.435614 0.346587 0.024453 0.046758
0 0.197693 0.886007 0.023861 0.050512
0 0.047920 0.164846 0.024058 0.047782
0 0.172550 0.882935 0.022875 0.036860
0 0.278249 0.433106 0.024847 0.045734
0 0.101361 0.247782 0.023664 0.034130
0 0.568330 0.301195 0.022481 0.044710
0 0.618320 0.134471 0.025044 0.046416
0 0.774305 0.041809 0.024650 0.047440
0 0.199665 0.929693 0.026228 0.033447
0 0.122165 0.696928 0.023467 0.033447
0 0.936403 0.304778 0.025833 0.055973
0 0.823605 0.385324 0.026228 0.038225
0 0.174620 0.341980 0.023467 0.036860
0 0.201242 0.122696 0.022284 0.038567
0 0.279038 0.258874 0.024058 0.036519
0 0.590515 0.703413 0.024256 0.055973
0 0.642674 0.304437 0.026819 0.040273
0 0.539933 0.655461 0.022875 0.026280
0 0.149280 0.522696 0.024058 0.043345
0 0.304181 0.753584 0.027016 0.053242
0 0.125715 0.161092 0.025439 0.030034
0 0.048117 0.079352 0.022086 0.048805
0 0.255078 0.250000 0.024256 0.037201
0 0.823506 0.696758 0.024058 0.047440
0 0.048413 0.346416 0.028594 0.042321
0 0.173437 0.797782 0.025833 0.042662
0 0.228949 0.213993 0.021298 0.037543
0 0.903668 0.801536 0.025044 0.043345
0 0.907711 0.569113 0.021298 0.041297
0 0.386314 0.043515 0.026819 0.047440
0 0.049300 0.035836 0.024058 0.034130
0 0.277756 0.219283 0.021495 0.037884
0 0.386413 0.438225 0.027411 0.039590
0 0.877046 0.705973 0.022284 0.037201
0 0.853382 0.249659 0.024256 0.046075
0 0.125715 0.297782 0.022678 0.026280
0 0.200454 0.674915 0.027016 0.047440
0 0.743542 0.614676 0.021100 0.034130
0 0.304378 0.863481 0.027805 0.034130
0 0.048708 0.430375 0.023664 0.046416
0 0.461546 0.436519 0.021100 0.042321
0 0.906823 0.440102 0.025439 0.045392
0 0.304378 0.276109 0.027016 0.064846
0 0.746105 0.125085 0.025044 0.041980
0 0.435516 0.393515 0.023467 0.040273
0 0.354664 0.721331 0.025044 0.041297
0 0.908598 0.093345 0.019917 0.041980
0 0.304969 0.794369 0.026228 0.029010
0 0.542398 0.252389 0.025439 0.050171
0 0.302899 0.687372 0.026030 0.054608
0 0.592980 0.318942 0.020903 0.038567
0 0.174423 0.751365 0.025044 0.049488
0 0.931769 0.886689 0.023270 0.036177
0 0.200059 0.634983 0.024256 0.040614
0 0.593177 0.285154 0.022875 0.025597
0 0.230132 0.393174 0.025636 0.040273
0 0.353481 0.930717 0.023861 0.043686
0 0.513410 0.578840 0.021889 0.040956
0 0.384441 0.928498 0.026228 0.029010
0 0.879708 0.037884 0.027214 0.034130
0 0.717807 0.529693 0.022875 0.045734
0 0.044173 0.682935 0.025636 0.029352
0 0.463518 0.080205 0.025044 0.034130
0 0.539440 0.825427 0.020706 0.036519
0 0.388681 0.132423 0.027608 0.041638
0 0.907415 0.528157 0.024256 0.035154
0 0.358312 0.032082 0.024453 0.038225
0 0.540525 0.790614 0.024058 0.029693
0 0.512325 0.718601 0.025242 0.041980
0 0.567541 0.213652 0.023664 0.046416
0 0.515086 0.305461 0.022875 0.033447
0 0.229639 0.313652 0.025044 0.037543
0 0.305462 0.827304 0.023664 0.034812
0 0.198580 0.523379 0.023664 0.034471
0 0.824098 0.653754 0.023270 0.026962
0 0.666930 0.441468 0.022875 0.034471
0 0.252711 0.704437 0.023467 0.039590
0 0.463617 0.038567 0.024058 0.034812
0 0.385821 0.217577 0.028988 0.044027
0 0.615658 0.890102 0.024453 0.045734
0 0.904358 0.756655 0.025636 0.045734
0 0.936107 0.217747 0.022086 0.027986
0 0.795898 0.936689 0.024847 0.039932
0 0.353974 0.838396 0.025636 0.035154
0 0.824295 0.213481 0.023270 0.031058
0 0.173930 0.436007 0.029974 0.042662
0 0.906330 0.043515 0.018931 0.042662
0 0.566949 0.663823 0.025242 0.038908
0 0.099389 0.210751 0.020903 0.036519
0 0.593177 0.156997 0.022481 0.022526
0 0.304181 0.321160 0.027016 0.034130
0 0.252514 0.836860 0.023072 0.038908
0 0.960757 0.580205 0.020509 0.045051
0 0.072372 0.643345 0.026425 0.027304
0 0.048117 0.258362 0.025242 0.040956
0 0.540229 0.573720 0.023072 0.034130
0 0.619602 0.181399 0.025636 0.039932
0 0.641984 0.137372 0.022678 0.059727
0 0.043680 0.596928 0.024650 0.035495
0 0.853185 0.161945 0.024256 0.033106
0 0.044567 0.711092 0.024058 0.029010
0 0.048314 0.388055 0.026030 0.038908
0 0.355255 0.675256 0.022284 0.048805
0 0.614967 0.791980 0.022284 0.040614
0 0.355748 0.339932 0.024847 0.040273
0 0.328732 0.748464 0.019720 0.048464
0 0.514889 0.220648 0.022086 0.045392
0 0.383061 0.522867 0.025044 0.037543
0 0.278150 0.628669 0.022678 0.032082
0 0.960264 0.935154 0.021889 0.045734
0 0.357227 0.302730 0.026228 0.035495
0 0.959574 0.825768 0.024058 0.055631
0 0.303983 0.645734 0.024650 0.030034
0 0.930783 0.806314 0.024453 0.037201
0 0.568133 0.391126 0.025242 0.044369
0 0.796293 0.337031 0.019720 0.043345
0 0.516269 0.395222 0.028002 0.039590
0 0.438868 0.164164 0.026622 0.035495
0 0.045553 0.754437 0.026425 0.056997
0 0.461645 0.618771 0.029580 0.040273
0 0.047032 0.120819 0.024256 0.036860
0 0.543285 0.297270 0.027608 0.034130
0 0.713962 0.969625 0.024650 0.040273
0 0.044370 0.832253 0.023270 0.041980
0 0.905541 0.399317 0.029186 0.037543
0 0.173832 0.389420 0.025833 0.058020
0 0.798560 0.295563 0.025044 0.036177
0 0.642378 0.396416 0.024650 0.046075
0 0.515086 0.904437 0.021692 0.038908
0 0.641984 0.351195 0.021889 0.047782
0 0.198087 0.753754 0.022284 0.034471
0 0.853579 0.309727 0.022678 0.056997
0 0.933346 0.662287 0.020509 0.043345
0 0.512522 0.818942 0.024847 0.036519
0 0.797279 0.254266 0.027214 0.040273
0 0.330507 0.666041 0.022086 0.022867
0 0.304674 0.361775 0.022086 0.044369
0 0.668803 0.400000 0.024650 0.046416
0 0.511832 0.647270 0.023072 0.046758
0 0.511832 0.613652 0.020312 0.034130
0 0.354368 0.757850 0.024058 0.024915
0 0.384244 0.355461 0.022678 0.030375
0 0.514297 0.350000 0.024453 0.050171
0 0.964800 0.277133 0.028200 0.046416
0 0.043778 0.558362 0.024058 0.040956
0 0.488760 0.211263 0.025439 0.025256
0 0.044962 0.796246 0.024453 0.030717
0 0.304772 0.612799 0.025044 0.043345
0 0.020903 0.432594 0.024453 0.037201
0 0.514001 0.533959 0.023072 0.049488
0 0.386019 0.177645 0.032538 0.052218
0 0.388977 0.086689 0.025439 0.039590
0 0.461546 0.709727 0.028200 0.030375
0 0.511832 0.683106 0.023861 0.028328
0 0.642674 0.177304 0.020114 0.027645
0 0.487971 0.392491 0.025833 0.022526
0 0.569119 0.347440 0.024058 0.036177
0 0.588740 0.752218 0.026228 0.037543
0 0.173437 0.651536 0.022678 0.045734
0 0.513212 0.843174 0.023072 0.025597
0 0.046539 0.517918 0.022086 0.041980
0 0.960067 0.177645 0.017156 0.040614
0 0.930684 0.765188 0.023072 0.043686
0 0.173930 0.773720 0.023270 0.016382
0 0.960954 0.622014 0.019720 0.040614
0 0.304082 0.723549 0.027608 0.017747
0 0.173437 0.699829 0.023861 0.051536
0 0.198284 0.716894 0.023072 0.043345
0 0.023565 0.362799 0.017551 0.038908
0 0.024256 0.327474 0.018931 0.031741
0 0.516663 0.434471 0.027214 0.043686
0 0.934431 0.352048 0.023861 0.041297
0 0.460757 0.575768 0.028594 0.045734
0 0.513114 0.868259 0.027214 0.030717
0 0.589726 0.785836 0.027805 0.035154
0 0.959673 0.536860 0.023861 0.040956
0 0.962631 0.315529 0.023072 0.031741
0 0.928318 0.715700 0.025044 0.048464
0 0.230329 0.352730 0.028397 0.044710
