0 0.575911 0.217835 0.036198 0.036079
0 0.573828 0.282845 0.034635 0.038802
0 0.683203 0.228557 0.038802 0.045950
0 0.421224 0.254425 0.034635 0.047992
0 0.684505 0.185841 0.036719 0.048332
0 0.629427 0.220048 0.039583 0.045269
0 0.320443 0.173077 0.037240 0.043227
0 0.788932 0.813819 0.022135 0.031314
0 0.578255 0.183969 0.038802 0.040504
0 0.890495 0.549523 0.022135 0.025528
0 0.159375 0.828965 0.021875 0.023485
0 0.321484 0.213581 0.036198 0.042546
0 0.528385 0.328114 0.040625 0.043567
0 0.525521 0.292035 0.033854 0.033356
0 0.137760 0.535398 0.024479 0.030633
0 0.814193 0.836964 0.022135 0.025187
0 0.915104 0.837645 0.020833 0.024506
0 0.630339 0.144826 0.034635 0.037100
0 0.783854 0.229578 0.041146 0.047311
0 0.785026 0.155378 0.036719 0.045269
0 0.576172 0.249149 0.035156 0.034717
0 0.569401 0.923247 0.022135 0.023485
0 0.731250 0.189755 0.038542 0.047311
0 0.140625 0.206433 0.039583 0.039142
0 0.512109 0.525187 0.022135 0.025868
0 0.527995 0.216814 0.035156 0.043567
0 0.139453 0.312457 0.037760 0.051736
0 0.839844 0.861981 0.020833 0.026889
0 0.688932 0.858237 0.022656 0.027570
0 0.371745 0.208816 0.035677 0.039823
0 0.731510 0.302246 0.040104 0.040844
0 0.372266 0.136317 0.040365 0.045269
0 0.495703 0.926991 0.022135 0.024847
0 0.915755 0.525528 0.021094 0.025187
0 0.683203 0.264976 0.038281 0.038462
0 0.690885 0.812798 0.022396 0.029272
0 0.320443 0.255616 0.035677 0.042886
0 0.370182 0.242512 0.034115 0.035058
0 0.765625 0.504425 0.022917 0.027910
0 0.527865 0.175630 0.031771 0.044248
0 0.637891 0.812968 0.023177 0.026208
0 0.422005 0.211538 0.034635 0.047992
0 0.593099 0.923077 0.020052 0.024506
0 0.629297 0.257828 0.036198 0.042546
0 0.578255 0.146188 0.034635 0.040504
0 0.845964 0.930054 0.021615 0.024847
0 0.311458 0.537100 0.022917 0.029952
0 0.473958 0.184649 0.035417 0.051396
0 0.464583 0.812628 0.022396 0.028931
0 0.733333 0.337985 0.039583 0.039483
0 0.164453 0.941797 0.021615 0.025868
0 0.589063 0.813649 0.019271 0.029612
0 0.439583 0.834752 0.023958 0.024847
0 0.668750 0.947924 0.021354 0.024506
0 0.864323 0.815010 0.022917 0.029612
0 0.939323 0.838155 0.020313 0.026208
0 0.322396 0.132403 0.035937 0.044248
0 0.565234 0.854663 0.023698 0.027229
0 0.670443 0.884956 0.021615 0.027229
0 0.312630 0.511913 0.024219 0.024506
0 0.613281 0.850919 0.022917 0.029952
0 0.867969 0.502553 0.024479 0.026889
0 0.915234 0.548673 0.021094 0.024506
0 0.139974 0.274506 0.038802 0.032335
0 0.291797 0.925289 0.023177 0.023485
0 0.237760 0.489789 0.022917 0.031995
0 0.791406 0.505616 0.021875 0.026889
0 0.744792 0.926310 0.019792 0.028251
0 0.186849 0.490129 0.022135 0.029952
0 0.489714 0.856195 0.022135 0.027570
0 0.264193 0.490810 0.022656 0.031995
0 0.630599 0.180395 0.034115 0.041525
0 0.268099 0.563649 0.020052 0.027229
0 0.490234 0.810415 0.022656 0.024506
0 0.841406 0.812968 0.022396 0.028251
0 0.894792 0.908952 0.019271 0.025528
0 0.145182 0.608747 0.019531 0.026208
0 0.666016 0.833730 0.022135 0.024166
0 0.141797 0.169673 0.035156 0.037781
0 0.266797 0.926481 0.019531 0.023145
0 0.293229 0.647209 0.021875 0.022805
0 0.343490 0.926140 0.020833 0.025187
0 0.363151 0.540844 0.022656 0.029272
0 0.341927 0.572328 0.021354 0.026889
0 0.813542 0.812968 0.022917 0.029612
0 0.493099 0.621341 0.019531 0.023485
0 0.116536 0.961879 0.022656 0.023826
0 0.160156 0.850919 0.021354 0.028591
0 0.894010 0.931416 0.019792 0.021443
0 0.468490 0.604663 0.018750 0.021443
0 0.495182 0.904357 0.021094 0.024506
0 0.135026 0.828114 0.020573 0.023826
0 0.765755 0.528761 0.021615 0.024847
0 0.731380 0.229067 0.034635 0.035398
0 0.869661 0.597175 0.022135 0.026208
0 0.679818 0.337474 0.032031 0.043227
0 0.528906 0.256807 0.037500 0.043227
0 0.816276 0.505616 0.021615 0.026889
0 0.886979 0.159803 0.042188 0.060926
0 0.422135 0.168822 0.034375 0.043567
0 0.092448 0.127468 0.034896 0.040504
0 0.211849 0.849898 0.021615 0.028591
0 0.642708 0.655718 0.022917 0.024847
0 0.916276 0.862491 0.022656 0.029952
0 0.720573 0.926821 0.020833 0.024506
0 0.164714 0.963921 0.022135 0.023145
0 0.769271 0.638870 0.019792 0.021103
0 0.733333 0.148911 0.037500 0.039142
0 0.669401 0.926310 0.020573 0.024847
0 0.618880 0.922907 0.022135 0.026889
0 0.212760 0.534547 0.024479 0.028931
0 0.167839 0.607386 0.020573 0.024847
0 0.744792 0.642274 0.022396 0.021784
0 0.765885 0.811947 0.018750 0.029612
0 0.370964 0.278761 0.029948 0.039483
0 0.164323 0.919503 0.020313 0.024847
0 0.439583 0.810585 0.021354 0.026889
0 0.187240 0.533867 0.021875 0.032335
0 0.162891 0.534547 0.021094 0.026889
0 0.237500 0.531144 0.023958 0.033016
0 0.720703 0.948434 0.021615 0.024847
0 0.469271 0.948775 0.021875 0.024166
0 0.422266 0.328625 0.029948 0.045950
0 0.339844 0.813308 0.022396 0.033016
0 0.369401 0.320967 0.034635 0.050374
0 0.139583 0.243363 0.038542 0.038802
0 0.642708 0.944860 0.020833 0.026549
0 0.513281 0.549353 0.024479 0.030633
0 0.387891 0.811436 0.021615 0.029272
0 0.488672 0.546290 0.020573 0.031314
0 0.626563 0.299864 0.032813 0.047651
0 0.664323 0.856365 0.019792 0.026549
0 0.644531 0.901464 0.020833 0.028931
0 0.287109 0.534547 0.020052 0.027570
0 0.312109 0.489278 0.020573 0.024847
0 0.474870 0.139210 0.034635 0.048332
0 0.513151 0.855344 0.020052 0.028591
0 0.494792 0.949455 0.021875 0.025528
0 0.339583 0.857556 0.023438 0.031654
0 0.916276 0.504425 0.020573 0.022464
0 0.142318 0.128319 0.038802 0.049013
0 0.544271 0.901634 0.019271 0.023826
0 0.238281 0.830157 0.021875 0.024506
0 0.389714 0.967155 0.021615 0.022805
0 0.137500 0.489278 0.021875 0.029612
0 0.490495 0.832369 0.021094 0.025528
0 0.216927 0.624404 0.019792 0.023485
0 0.412891 0.517189 0.022135 0.026889
0 0.669141 0.969027 0.022656 0.023145
0 0.816146 0.548673 0.023438 0.032675
0 0.417448 0.598026 0.020313 0.024506
0 0.113151 0.806331 0.020573 0.027910
0 0.470443 0.881552 0.021094 0.027229
0 0.412500 0.810756 0.021875 0.023145
0 0.287109 0.852961 0.023698 0.031314
0 0.444010 0.926310 0.021875 0.025528
0 0.769271 0.967835 0.021875 0.023485
0 0.392188 0.616065 0.020313 0.023826
0 0.695182 0.906569 0.020573 0.026208
0 0.116146 0.919673 0.022396 0.023826
0 0.263672 0.808373 0.022135 0.028591
0 0.568490 0.965453 0.022396 0.022805
0 0.474089 0.290674 0.036198 0.040844
0 0.694792 0.929714 0.018229 0.024847
0 0.642318 0.635977 0.020573 0.021443
0 0.691016 0.501872 0.021615 0.026208
0 0.669141 0.619469 0.018490 0.025187
0 0.869271 0.620320 0.020313 0.026889
0 0.893490 0.951498 0.019792 0.024166
0 0.681120 0.299523 0.035677 0.039483
0 0.939453 0.864193 0.019531 0.030633
0 0.210677 0.490470 0.023438 0.032675
0 0.212630 0.804799 0.022135 0.025528
0 0.783854 0.339346 0.039062 0.042886
0 0.187760 0.849387 0.023438 0.029612
0 0.119401 0.610790 0.020052 0.024166
0 0.163542 0.486896 0.020833 0.026889
0 0.593359 0.944520 0.019531 0.023826
0 0.314583 0.856025 0.021875 0.028591
0 0.867057 0.525528 0.021615 0.025187
0 0.592057 0.636828 0.020573 0.023826
0 0.863932 0.862832 0.023177 0.027229
0 0.917969 0.619469 0.020833 0.028591
0 0.368490 0.923758 0.020833 0.024506
0 0.618750 0.880361 0.020313 0.026208
0 0.593750 0.902144 0.018229 0.023485
0 0.473177 0.251191 0.030208 0.041525
0 0.691146 0.525187 0.022396 0.025868
0 0.118229 0.877978 0.019792 0.025528
0 0.638151 0.854323 0.020573 0.027229
0 0.867578 0.548673 0.023698 0.027229
0 0.337370 0.492682 0.024740 0.030293
0 0.542839 0.923417 0.020052 0.023145
0 0.783724 0.303778 0.038281 0.035058
0 0.391276 0.945711 0.019531 0.023485
0 0.785026 0.191627 0.033594 0.032675
0 0.440234 0.544929 0.023177 0.028591
0 0.690755 0.836283 0.019531 0.023826
0 0.388802 0.516678 0.021354 0.023826
0 0.741406 0.503914 0.021354 0.027570
0 0.494661 0.970048 0.023177 0.023145
0 0.716797 0.813989 0.022656 0.030293
0 0.593880 0.593771 0.018490 0.022805
0 0.288281 0.489619 0.022396 0.027570
0 0.870182 0.909803 0.019531 0.023826
0 0.644141 0.616406 0.021094 0.024506
0 0.894661 0.639381 0.019531 0.022124
0 0.819792 0.907420 0.018750 0.023826
0 0.387760 0.540844 0.019792 0.030633
0 0.139583 0.877638 0.019792 0.023485
0 0.588411 0.852791 0.020573 0.029612
0 0.368229 0.945031 0.020833 0.023485
0 0.137891 0.511572 0.022135 0.024506
0 0.393229 0.596835 0.018750 0.020082
0 0.370964 0.174949 0.032031 0.039483
0 0.363411 0.492172 0.021615 0.030633
0 0.238542 0.853472 0.022917 0.028931
0 0.785807 0.079476 0.036198 0.043227
0 0.514062 0.830327 0.020313 0.024847
0 0.388411 0.495065 0.021094 0.029612
0 0.819141 0.949455 0.020052 0.024166
0 0.139453 0.897549 0.019010 0.021103
0 0.363802 0.516678 0.021875 0.023826
0 0.163151 0.511743 0.020052 0.026889
0 0.242839 0.606365 0.021094 0.024847
0 0.473307 0.218516 0.034115 0.027910
0 0.263411 0.531484 0.022135 0.028931
0 0.494922 0.882403 0.020052 0.024847
0 0.241536 0.946392 0.019531 0.025528
0 0.516667 0.655208 0.023958 0.023145
0 0.566276 0.813479 0.024740 0.026549
0 0.644141 0.923417 0.017969 0.020422
0 0.568229 0.635636 0.021875 0.022805
0 0.744792 0.948094 0.018750 0.024166
0 0.361979 0.859088 0.021875 0.024506
0 0.317578 0.927672 0.021094 0.026889
0 0.135286 0.851600 0.022135 0.025868
0 0.217318 0.964772 0.022135 0.021443
0 0.165495 0.898741 0.019010 0.022124
0 0.468620 0.926310 0.021615 0.026889
0 0.566667 0.655888 0.021354 0.021784
0 0.421745 0.291355 0.034635 0.032675
0 0.392188 0.575391 0.019792 0.026208
0 0.511979 0.498809 0.022917 0.030293
0 0.519401 0.903676 0.019531 0.020422
0 0.293490 0.584752 0.019792 0.022464
0 0.387500 0.835092 0.019792 0.023485
0 0.795703 0.884786 0.019531 0.024847
0 0.567187 0.616065 0.020833 0.022464
0 0.189844 0.944860 0.019271 0.026549
0 0.412370 0.541865 0.022656 0.027910
0 0.918359 0.642954 0.019531 0.023145
0 0.539844 0.812628 0.024479 0.031654
0 0.416667 0.620320 0.020313 0.024847
0 0.293620 0.626957 0.019531 0.022464
0 0.541927 0.853131 0.022917 0.030973
0 0.569661 0.944520 0.019531 0.023145
0 0.139714 0.918652 0.019531 0.022464
0 0.337630 0.538972 0.022135 0.031654
0 0.638021 0.832880 0.019792 0.021784
0 0.542969 0.944690 0.021354 0.024166
0 0.616797 0.967155 0.022135 0.023485
0 0.894792 0.619129 0.019792 0.024506
0 0.191536 0.607216 0.020573 0.025187
0 0.616797 0.944860 0.021094 0.023826
0 0.117448 0.897890 0.019271 0.019061
0 0.844010 0.973281 0.022917 0.022124
0 0.243099 0.584922 0.019531 0.024166
0 0.839714 0.837474 0.020573 0.028251
0 0.791406 0.528591 0.017708 0.023826
0 0.793099 0.657760 0.022135 0.024166
0 0.344401 0.947924 0.020052 0.023826
0 0.730469 0.264466 0.032813 0.042206
0 0.135547 0.804629 0.021094 0.026549
0 0.593099 0.965283 0.021094 0.021784
0 0.840755 0.523826 0.020052 0.031314
0 0.267578 0.585773 0.019531 0.021784
0 0.341797 0.594622 0.020052 0.022464
0 0.467448 0.623553 0.021354 0.021103
0 0.369141 0.903506 0.019010 0.024166
0 0.267057 0.646698 0.022656 0.021784
0 0.266146 0.965623 0.022917 0.022464
0 0.238802 0.807352 0.021875 0.027229
0 0.741276 0.527059 0.020573 0.021443
0 0.217188 0.879170 0.021354 0.027229
0 0.120313 0.588836 0.019271 0.023826
0 0.266536 0.626617 0.019531 0.023145
0 0.693359 0.618618 0.020573 0.027570
0 0.718750 0.617937 0.018750 0.024847
0 0.514062 0.809394 0.020833 0.022464
0 0.266667 0.606535 0.019271 0.023145
0 0.217969 0.923247 0.019792 0.022124
0 0.537500 0.496937 0.021875 0.028591
0 0.242057 0.624915 0.023177 0.021784
0 0.159896 0.806161 0.021875 0.026889
0 0.813411 0.861300 0.019010 0.028931
0 0.771484 0.903336 0.019531 0.023826
0 0.169661 0.646698 0.022656 0.022464
0 0.316667 0.611470 0.019271 0.020762
0 0.642578 0.968516 0.024219 0.023485
0 0.344141 0.903846 0.019010 0.024166
0 0.839063 0.120490 0.038021 0.045609
0 0.463281 0.547311 0.023438 0.029272
0 0.164974 0.877297 0.021094 0.024847
0 0.243229 0.880871 0.020833 0.026549
0 0.794010 0.637509 0.018750 0.021103
0 0.190234 0.966304 0.022135 0.023145
0 0.915104 0.815180 0.021354 0.024506
0 0.242969 0.645677 0.023438 0.022464
0 0.943359 0.948604 0.020052 0.024506
0 0.440625 0.498809 0.021875 0.029612
0 0.519531 0.925289 0.019271 0.028931
0 0.367969 0.967155 0.021354 0.022805
0 0.944141 0.890061 0.020573 0.022464
0 0.192188 0.625255 0.020833 0.023145
0 0.518359 0.966984 0.021094 0.022464
0 0.292187 0.606365 0.020313 0.025528
0 0.414062 0.786930 0.020313 0.029272
0 0.217969 0.587304 0.019271 0.024166
0 0.114193 0.535228 0.021615 0.033696
0 0.168490 0.564329 0.021875 0.025187
0 0.891406 0.526038 0.019792 0.026889
0 0.314974 0.810926 0.020573 0.024166
0 0.542839 0.634275 0.019531 0.021443
0 0.617578 0.636998 0.021094 0.022805
0 0.795052 0.907250 0.019271 0.024166
0 0.493229 0.599217 0.019792 0.023485
0 0.791276 0.550885 0.019531 0.026208
0 0.862240 0.840197 0.021875 0.025528
0 0.891797 0.502383 0.021094 0.023826
0 0.341667 0.613683 0.019271 0.023145
0 0.386198 0.857556 0.019271 0.026889
0 0.516276 0.637338 0.020052 0.020762
0 0.516667 0.598196 0.018750 0.022805
0 0.569922 0.900102 0.020573 0.026889
0 0.791016 0.857046 0.020573 0.029952
0 0.768620 0.659292 0.021094 0.023145
0 0.943359 0.483492 0.020052 0.029612
0 0.518359 0.946222 0.019010 0.020422
0 0.593490 0.615214 0.018229 0.023485
0 0.716146 0.852961 0.023958 0.030633
0 0.665365 0.504425 0.024479 0.032675
0 0.542578 0.654016 0.021615 0.022124
0 0.890755 0.816542 0.018490 0.031995
0 0.091797 0.167631 0.032031 0.043227
0 0.116146 0.940436 0.021354 0.023826
0 0.696224 0.883594 0.020052 0.025187
0 0.444661 0.601259 0.020052 0.021443
0 0.588281 0.545439 0.022917 0.030293
0 0.445052 0.577263 0.022396 0.028591
0 0.139453 0.943669 0.019010 0.027570
0 0.770312 0.881382 0.020833 0.024166
0 0.318359 0.947754 0.019010 0.022805
0 0.469401 0.904357 0.020052 0.021784
0 0.692839 0.639210 0.019531 0.020422
0 0.567708 0.596324 0.019271 0.022464
0 0.538021 0.543397 0.021875 0.027570
0 0.519271 0.882063 0.021354 0.025528
0 0.315625 0.630531 0.019792 0.020762
0 0.192188 0.644826 0.021354 0.024166
0 0.317188 0.591559 0.019271 0.021103
0 0.643880 0.593601 0.019010 0.024506
0 0.469010 0.970558 0.022917 0.024847
0 0.113542 0.489449 0.023958 0.029952
0 0.187891 0.805310 0.023698 0.027229
0 0.169531 0.585773 0.019792 0.024506
0 0.544531 0.879510 0.020313 0.022464
0 0.216797 0.944180 0.020573 0.022464
0 0.444271 0.620150 0.018750 0.019061
0 0.694792 0.949115 0.019792 0.022805
0 0.314974 0.832880 0.020573 0.021784
0 0.390365 0.923928 0.019271 0.023485
0 0.287891 0.806161 0.022656 0.027570
0 0.563281 0.542886 0.022917 0.034037
0 0.612760 0.813138 0.021875 0.029952
0 0.267578 0.905208 0.018490 0.023485
0 0.369922 0.593941 0.019010 0.025868
0 0.292057 0.881892 0.020052 0.025187
0 0.422656 0.133084 0.033854 0.036079
0 0.941406 0.815691 0.022917 0.023485
0 0.113411 0.850238 0.023177 0.030633
0 0.467839 0.581178 0.020573 0.028251
0 0.444010 0.948775 0.021354 0.025528
0 0.765495 0.834411 0.020052 0.021443
0 0.795573 0.576923 0.017708 0.024506
0 0.473177 0.328625 0.033854 0.041184
0 0.368490 0.634786 0.018750 0.021103
0 0.369141 0.615895 0.020052 0.024847
0 0.190885 0.901804 0.018229 0.023485
0 0.745833 0.902485 0.018229 0.020762
0 0.944401 0.908781 0.017969 0.021784
0 0.438411 0.857216 0.021094 0.025528
0 0.442708 0.970048 0.026562 0.025868
0 0.464453 0.854493 0.021615 0.028251
0 0.341276 0.632573 0.019531 0.021443
0 0.819922 0.928012 0.018490 0.024166
0 0.943359 0.929374 0.018490 0.025528
0 0.516927 0.618958 0.018750 0.020762
0 0.869141 0.973281 0.022656 0.021443
0 0.145052 0.586283 0.018229 0.022805
0 0.316667 0.570286 0.020313 0.025528
0 0.845703 0.907931 0.019010 0.020762
0 0.362370 0.836113 0.021094 0.027570
0 0.217578 0.902485 0.020052 0.022124
0 0.542839 0.966984 0.021615 0.023826
0 0.783854 0.117257 0.038542 0.044588
0 0.242708 0.923928 0.019792 0.025528
0 0.242839 0.967155 0.022135 0.022805
0 0.744271 0.621681 0.021354 0.025528
0 0.590234 0.502893 0.024219 0.032335
0 0.793229 0.972090 0.023438 0.022464
0 0.919010 0.596154 0.019792 0.025528
0 0.744661 0.660143 0.023177 0.020082
0 0.594401 0.879510 0.018490 0.022464
0 0.816536 0.526889 0.021094 0.020422
0 0.367578 0.652314 0.022135 0.022805
0 0.167578 0.627978 0.020573 0.021103
0 0.144922 0.646869 0.022656 0.024166
0 0.683854 0.146358 0.027083 0.035398
0 0.869531 0.931416 0.018229 0.025528
0 0.895443 0.595984 0.020052 0.024506
0 0.445052 0.903846 0.019792 0.022124
0 0.266016 0.945541 0.019531 0.021103
0 0.565234 0.832709 0.020052 0.020762
0 0.745573 0.882063 0.019271 0.022805
0 0.193229 0.585773 0.019271 0.023826
0 0.694141 0.969707 0.022656 0.023826
0 0.363151 0.811436 0.024219 0.025868
0 0.090495 0.237236 0.036198 0.032675
0 0.212240 0.512764 0.021354 0.022805
0 0.218099 0.606195 0.019010 0.020422
0 0.491927 0.639891 0.018229 0.019741
0 0.745313 0.969367 0.020833 0.023826
0 0.820052 0.886828 0.019271 0.023485
0 0.317448 0.884786 0.020313 0.024166
0 0.943620 0.524847 0.019531 0.028591
0 0.716927 0.659122 0.022917 0.022805
0 0.444271 0.636998 0.019271 0.019401
0 0.766016 0.854833 0.020573 0.026208
0 0.785026 0.266848 0.031510 0.035398
0 0.391146 0.636828 0.019792 0.022464
0 0.721615 0.905718 0.018229 0.023145
0 0.870182 0.888359 0.020573 0.026549
0 0.869141 0.954050 0.019531 0.023145
0 0.619141 0.901804 0.020573 0.020762
0 0.668490 0.639381 0.018750 0.021443
0 0.536979 0.519061 0.020833 0.023145
0 0.242578 0.903676 0.020052 0.022464
0 0.542969 0.616065 0.018229 0.023826
0 0.717839 0.639551 0.019010 0.022464
0 0.217188 0.644656 0.021354 0.023145
0 0.293880 0.563819 0.019531 0.023485
0 0.722005 0.970388 0.023177 0.023145
0 0.516276 0.577093 0.020052 0.024166
0 0.443880 0.654527 0.025260 0.023145
0 0.139063 0.964772 0.019792 0.020082
0 0.491797 0.657590 0.021615 0.020422
0 0.794531 0.929714 0.019271 0.026889
0 0.412370 0.833220 0.019531 0.028591
0 0.191797 0.922226 0.017969 0.023485
0 0.243750 0.564500 0.020833 0.022805
0 0.916667 0.663036 0.021354 0.022464
0 0.317969 0.906399 0.018229 0.021103
0 0.617578 0.616065 0.019531 0.021784
0 0.741276 0.854323 0.022656 0.030633
0 0.143750 0.566031 0.020313 0.023826
0 0.343880 0.882743 0.020052 0.022124
0 0.594531 0.574370 0.019271 0.021443
0 0.819271 0.970218 0.022396 0.023485
0 0.192318 0.877638 0.017969 0.024166
0 0.592187 0.657420 0.020313 0.020082
0 0.564063 0.500340 0.021875 0.027910
0 0.291927 0.902655 0.019792 0.022464
0 0.618359 0.594963 0.020573 0.024506
0 0.844922 0.889551 0.021094 0.024847
0 0.120573 0.566882 0.019271 0.025528
0 0.090234 0.273656 0.032031 0.041525
0 0.869271 0.575902 0.020833 0.025187
0 0.670182 0.905208 0.019531 0.020082
0 0.741406 0.813479 0.022396 0.030633
0 0.369010 0.881212 0.019271 0.021784
0 0.795182 0.599558 0.020052 0.025528
0 0.567969 0.575221 0.021354 0.023826
0 0.670182 0.598877 0.018490 0.023485
0 0.820182 0.596494 0.020573 0.024166
0 0.416146 0.639721 0.020833 0.020762
0 0.843880 0.951157 0.020573 0.023485
0 0.667708 0.656739 0.021354 0.025528
0 0.267839 0.883254 0.018490 0.025187
0 0.218880 0.564840 0.021094 0.023485
0 0.917318 0.910143 0.027344 0.021784
0 0.644141 0.878148 0.019010 0.020422
0 0.716406 0.525017 0.020313 0.022805
0 0.417969 0.575902 0.021354 0.023826
0 0.340365 0.651804 0.020833 0.022464
0 0.212370 0.825902 0.021094 0.022124
0 0.839974 0.501532 0.020573 0.017359
0 0.463281 0.524336 0.019792 0.025528
0 0.664062 0.812798 0.021354 0.025868
0 0.722917 0.883594 0.018750 0.025187
0 0.192969 0.565521 0.019792 0.022805
0 0.693750 0.596494 0.019271 0.023485
0 0.643880 0.574541 0.017969 0.019061
0 0.318099 0.967325 0.021615 0.022464
0 0.923438 0.930565 0.016667 0.021784
0 0.893359 0.658781 0.021615 0.021443
0 0.840495 0.480769 0.020573 0.030293
0 0.943490 0.968686 0.021354 0.023145
0 0.616667 0.655888 0.022396 0.021784
0 0.889974 0.860279 0.023177 0.032335
0 0.895312 0.575221 0.019792 0.022464
0 0.344010 0.967835 0.019792 0.021443
0 0.819922 0.576072 0.021094 0.022805
0 0.413281 0.495575 0.021354 0.023826
0 0.838542 0.048673 0.041146 0.038802
0 0.493359 0.579135 0.020573 0.021443
0 0.091016 0.206093 0.035156 0.037781
0 0.526172 0.140572 0.036198 0.030633
0 0.765755 0.550204 0.021094 0.024166
0 0.368490 0.571477 0.020833 0.024506
0 0.288151 0.512594 0.020052 0.024506
0 0.918099 0.574881 0.020573 0.022464
0 0.794271 0.950477 0.021875 0.026208
0 0.392188 0.651974 0.022396 0.027570
0 0.894922 0.887338 0.019010 0.020422
0 0.669531 0.579135 0.020833 0.020082
0 0.819661 0.618958 0.019531 0.023485
0 0.444271 0.882914 0.020313 0.023145
0 0.923177 0.972260 0.016146 0.024847
0 0.570573 0.879510 0.017708 0.020422
0 0.663151 0.552076 0.025781 0.036760
0 0.716797 0.502723 0.020052 0.025868
0 0.118620 0.630020 0.018490 0.019061
0 0.416146 0.655718 0.021875 0.024847
0 0.392057 0.902485 0.019531 0.022124
0 0.923307 0.950817 0.017448 0.021443
0 0.769661 0.925630 0.019531 0.024847
0 0.393880 0.881212 0.023177 0.027229
0 0.893229 0.972090 0.019792 0.020422
0 0.625781 0.334752 0.038021 0.028931
0 0.119141 0.647890 0.022135 0.020762
0 0.618490 0.574881 0.020833 0.019741
0 0.575651 0.323860 0.029948 0.048673
0 0.770052 0.618958 0.019271 0.024847
0 0.315755 0.650783 0.022656 0.025868
0 0.719010 0.597175 0.017708 0.019401
0 0.942448 0.503574 0.020833 0.014636
0 0.742318 0.547651 0.022135 0.024506
0 0.488281 0.499489 0.020833 0.027570
0 0.769661 0.945371 0.020573 0.023485
0 0.838411 0.082709 0.040365 0.039483
0 0.910547 0.949285 0.014844 0.021784
0 0.542969 0.598026 0.019792 0.019741
0 0.462370 0.499660 0.020573 0.029272
0 0.692839 0.657760 0.020573 0.024847
0 0.794141 0.619469 0.020052 0.023826
0 0.818229 0.637849 0.019271 0.021784
0 0.491406 0.792886 0.018750 0.014636
0 0.818099 0.658611 0.024219 0.027910
0 0.263672 0.851430 0.023177 0.037100
0 0.145573 0.628319 0.020313 0.017699
0 0.867969 0.641082 0.022396 0.020082
0 0.543750 0.581007 0.020833 0.031995
0 0.745833 0.600238 0.019792 0.024166
0 0.613932 0.548332 0.020573 0.029272
0 0.919922 0.888530 0.024219 0.026208
0 0.911198 0.929544 0.017188 0.021103
0 0.489844 0.777740 0.021875 0.019741
0 0.640885 0.544929 0.019271 0.031314
0 0.770703 0.599217 0.019010 0.018720
0 0.639193 0.499319 0.020573 0.025868
0 0.690495 0.551055 0.020573 0.023826
0 0.716927 0.549353 0.019792 0.022464
0 0.714583 0.569946 0.019792 0.020762
0 0.746875 0.574200 0.013542 0.018380
0 0.769401 0.576242 0.017448 0.026549
0 0.868750 0.659803 0.018750 0.020762
