0 0.784686 0.060814 0.087929 0.068510
0 0.076309 0.169028 0.117586 0.086625
0 0.305845 0.711250 0.120534 0.070825
0 0.305758 0.942386 0.108221 0.067284
0 0.282952 0.070212 0.091051 0.094661
0 0.308273 0.444089 0.090357 0.085671
0 0.301856 0.857396 0.096948 0.077636
0 0.183056 0.417529 0.100763 0.066331
0 0.185484 0.507695 0.095907 0.065786
0 0.305931 0.354195 0.106833 0.077227
0 0.303417 0.627826 0.099029 0.081041
0 0.906694 0.301689 0.087756 0.077908
0 0.174644 0.251498 0.091571 0.080223
0 0.180628 0.162285 0.076136 0.072868
0 0.297693 0.259670 0.090010 0.087034
0 0.288848 0.164941 0.103191 0.078998
0 0.174558 0.335603 0.087236 0.066739
0 0.189213 0.587783 0.093652 0.069600
0 0.677940 0.147507 0.081512 0.057478
0 0.701526 0.557205 0.110995 0.082266
0 0.062695 0.064832 0.091051 0.069463
0 0.413718 0.260079 0.100763 0.062517
0 0.694502 0.640153 0.092438 0.069463
0 0.702046 0.303051 0.100590 0.057205
0 0.394554 0.088940 0.096774 0.115500
0 0.678633 0.463498 0.084287 0.077908
0 0.915366 0.130686 0.096774 0.067965
0 0.918054 0.538818 0.102151 0.073277
0 0.912764 0.055298 0.110995 0.053119
0 0.694416 0.059112 0.065557 0.066739
0 0.299775 0.779011 0.089317 0.060610
0 0.907648 0.457300 0.088276 0.061155
0 0.305498 0.529284 0.090357 0.074367
0 0.797000 0.174408 0.111169 0.130074
0 0.690860 0.376668 0.086542 0.054345
0 0.180281 0.071506 0.083073 0.094252
0 0.898456 0.211999 0.074055 0.068782
0 0.370361 0.508989 0.045265 0.040044
0 0.690600 0.724053 0.105099 0.070553
0 0.613337 0.496118 0.033125 0.031735
0 0.338970 0.052166 0.037981 0.049578
0 0.778703 0.924067 0.046826 0.039907
0 0.682275 0.232498 0.075616 0.062108
0 0.580732 0.158608 0.077870 0.062789
0 0.903052 0.802438 0.091918 0.080768
0 0.408602 0.198447 0.095040 0.067557
0 0.618626 0.581177 0.041276 0.047126
0 0.620708 0.678630 0.034686 0.030373
0 0.730749 0.633547 0.038675 0.030373
0 0.906087 0.610528 0.063996 0.059793
0 0.687392 0.845206 0.109435 0.099564
0 0.696670 0.934827 0.104058 0.071234
0 0.768730 0.964111 0.050815 0.033642
0 0.962886 0.910106 0.044051 0.047126
0 0.733437 0.555503 0.044051 0.037728
0 0.733351 0.467448 0.038675 0.033506
0 0.905480 0.376873 0.073535 0.070281
0 0.965574 0.377962 0.038675 0.040861
0 0.960198 0.300940 0.033472 0.037728
0 0.961498 0.221806 0.044051 0.034459
0 0.553243 0.074094 0.086715 0.089077
