0 0.844792 0.130621 0.139583 0.098501
0 0.856250 0.245182 0.120833 0.109208
0 0.846875 0.334047 0.110417 0.055675
0 0.847917 0.418630 0.120833 0.083512
0 0.842708 0.521413 0.114583 0.113490
0 0.850000 0.640257 0.091667 0.081370
0 0.834375 0.750535 0.102083 0.109208
0 0.837500 0.864026 0.141667 0.070664
0 0.703125 0.109208 0.118750 0.068522
0 0.713542 0.186296 0.118750 0.081370
0 0.710417 0.297645 0.141667 0.081370
0 0.712500 0.422912 0.137500 0.130621
0 0.721875 0.564240 0.127083 0.122056
0 0.709375 0.705567 0.127083 0.139186
0 0.696875 0.841542 0.127083 0.132762
0 0.555208 0.140257 0.143750 0.139186
0 0.561458 0.286938 0.127083 0.119914
0 0.565625 0.428266 0.135417 0.115632
0 0.563542 0.556745 0.139583 0.128480
0 0.563542 0.711991 0.114583 0.130621
0 0.559375 0.845824 0.127083 0.115632
0 0.406250 0.107066 0.141667 0.089936
0 0.391667 0.211991 0.179167 0.102784
0 0.378125 0.356531 0.185417 0.130621
0 0.401042 0.528908 0.143750 0.184154
0 0.414583 0.702355 0.154167 0.102784
0 0.406250 0.850107 0.162500 0.158458
0 0.240625 0.186296 0.114583 0.248394
0 0.252083 0.411135 0.145833 0.128480
0 0.243750 0.594218 0.120833 0.229122
0 0.237500 0.800857 0.129167 0.141328
0 0.126042 0.101713 0.093750 0.087794
0 0.134375 0.214133 0.081250 0.124197
0 0.129167 0.331906 0.104167 0.102784
0 0.132292 0.457173 0.106250 0.122056
0 0.132292 0.600642 0.106250 0.100642
0 0.130208 0.764454 0.102083 0.162741
