0 0.912969 0.039174 0.174061 0.077741
0 0.921502 0.155481 0.154721 0.100820
0 0.919511 0.491649 0.133675 0.126936
0 0.910410 0.624507 0.112059 0.104160
0 0.919511 0.732463 0.150739 0.081385
0 0.910978 0.831157 0.178043 0.089888
0 0.908987 0.939113 0.182025 0.099909
0 0.705063 0.044033 0.172355 0.087458
0 0.697099 0.165806 0.197383 0.095354
0 0.724403 0.273611 0.236064 0.085636
0 0.719283 0.385970 0.184869 0.091102
0 0.709329 0.508047 0.172924 0.105071
0 0.719568 0.628454 0.209329 0.109626
0 0.723265 0.730337 0.184869 0.096568
0 0.710182 0.827968 0.174630 0.090191
0 0.709044 0.936836 0.156428 0.095354
0 0.494881 0.055117 0.175199 0.099909
0 0.510239 0.171121 0.209329 0.104160
0 0.505119 0.284695 0.183163 0.098694
0 0.511945 0.408138 0.180887 0.085636
0 0.519056 0.521105 0.203072 0.100820
0 0.523322 0.634983 0.194539 0.085636
0 0.513083 0.725934 0.142207 0.094443
0 0.523322 0.832827 0.150171 0.084725
0 0.518203 0.935773 0.188851 0.095657
0 0.306030 0.035074 0.154721 0.064075
0 0.312002 0.166869 0.190557 0.115093
0 0.302048 0.284543 0.170648 0.096568
0 0.298919 0.382782 0.164391 0.099909
0 0.296928 0.500304 0.180887 0.098694
0 0.324232 0.613726 0.219568 0.102035
0 0.319113 0.733526 0.180887 0.122381
0 0.323094 0.845733 0.201365 0.091102
0 0.318259 0.942302 0.182594 0.095354
0 0.114050 0.062253 0.197383 0.111752
0 0.095848 0.271485 0.148464 0.085636
0 0.096701 0.406620 0.158134 0.091102
0 0.092719 0.513362 0.158134 0.094443
0 0.112059 0.628302 0.201365 0.105071
0 0.105802 0.734285 0.164960 0.080170
0 0.103811 0.821439 0.151877 0.107501
0 0.102958 0.940176 0.170648 0.073489
