0 0.835417 0.105339 0.125000 0.080808
0 0.845833 0.207792 0.125000 0.075036
0 0.842708 0.290043 0.085417 0.066378
0 0.835417 0.380231 0.100000 0.082251
0 0.844792 0.472583 0.131250 0.073593
0 0.846875 0.546176 0.106250 0.067821
0 0.682292 0.217172 0.081250 0.070707
0 0.698958 0.280664 0.122917 0.079365
0 0.697917 0.377345 0.112500 0.056277
0 0.714583 0.472583 0.116667 0.085137
0 0.710417 0.569264 0.137500 0.090909
0 0.541667 0.113276 0.112500 0.070707
0 0.541667 0.212121 0.087500 0.072150
0 0.550000 0.298701 0.095833 0.077922
0 0.555208 0.399711 0.106250 0.077922
0 0.571875 0.471861 0.160417 0.072150
0 0.562500 0.576479 0.120833 0.076479
0 0.567708 0.657287 0.152083 0.076479
0 0.713542 0.746753 0.122917 0.085137
0 0.733333 0.839105 0.129167 0.070707
0 0.735417 0.927850 0.116667 0.069264
0 0.560417 0.755411 0.137500 0.070707
0 0.569792 0.842713 0.147917 0.072150
0 0.566667 0.930014 0.145833 0.038961
0 0.385417 0.106782 0.112500 0.069264
0 0.392708 0.214286 0.131250 0.070707
0 0.393750 0.303030 0.120833 0.077922
0 0.394792 0.396825 0.143750 0.080808
0 0.393750 0.489899 0.083333 0.056277
0 0.391667 0.576479 0.125000 0.064935
0 0.218750 0.112554 0.150000 0.072150
0 0.215625 0.192641 0.110417 0.050505
0 0.223958 0.271284 0.139583 0.080808
0 0.227083 0.349928 0.112500 0.059163
0 0.229167 0.432900 0.108333 0.063492
0 0.235417 0.495671 0.154167 0.053391
0 0.223958 0.562771 0.127083 0.057720
0 0.229167 0.645022 0.112500 0.077922
0 0.226042 0.725108 0.122917 0.076479
0 0.239583 0.805195 0.116667 0.075036
0 0.236458 0.882395 0.118750 0.062049
0 0.241667 0.945166 0.137500 0.060606
