0 0.745640 0.156657 0.162357 0.102898
0 0.745640 0.271630 0.156344 0.118648
0 0.744889 0.391327 0.154841 0.124948
0 0.729856 0.507350 0.115755 0.067199
0 0.733614 0.616023 0.165364 0.120748
0 0.735869 0.737820 0.169874 0.114448
0 0.733614 0.851743 0.174384 0.102898
0 0.560734 0.143532 0.144317 0.093448
0 0.576518 0.263755 0.175887 0.111298
0 0.568250 0.389227 0.156344 0.095548
0 0.564492 0.498425 0.163860 0.103948
0 0.567498 0.612873 0.154841 0.103948
0 0.559982 0.744645 0.163860 0.125997
0 0.560734 0.857518 0.150331 0.089248
0 0.408148 0.152982 0.154841 0.110248
0 0.408148 0.275304 0.151834 0.109198
0 0.397625 0.397102 0.139808 0.115498
0 0.408148 0.503675 0.142814 0.091348
0 0.408148 0.621273 0.172880 0.085048
0 0.405141 0.743070 0.154841 0.122848
0 0.405141 0.854368 0.154841 0.099748
0 0.249549 0.386602 0.150331 0.111298
0 0.251052 0.502625 0.144317 0.106048
0 0.250301 0.621273 0.148827 0.089248
0 0.251804 0.739920 0.142814 0.103948
0 0.245039 0.853318 0.132291 0.103948
