0 0.889154 0.075755 0.210369 0.141097
0 0.875298 0.227612 0.249404 0.123742
0 0.873361 0.358903 0.249702 0.145436
0 0.888260 0.492277 0.223480 0.134502
0 0.876192 0.636585 0.191597 0.138841
0 0.882598 0.779157 0.208582 0.142138
0 0.875298 0.922249 0.230930 0.137799
0 0.640644 0.078619 0.234803 0.156890
0 0.652712 0.504252 0.251192 0.151857
0 0.388260 0.060222 0.199046 0.120097
0 0.402265 0.206526 0.256853 0.139882
0 0.397497 0.344846 0.236591 0.130163
0 0.389452 0.489587 0.223480 0.157237
0 0.401222 0.630597 0.244041 0.128948
0 0.386472 0.769438 0.221692 0.131378
0 0.375149 0.914873 0.236591 0.142138
0 0.119338 0.075408 0.238081 0.150469
0 0.117402 0.214075 0.234207 0.144221
0 0.125745 0.339379 0.240167 0.099792
0 0.117402 0.483599 0.234207 0.123742
0 0.123063 0.634936 0.245530 0.140056
0 0.120232 0.767268 0.239869 0.144394
0 0.106228 0.912617 0.211859 0.150816
