0 0.838411 0.111947 0.025260 0.025620
0 0.263151 0.539683 0.026302 0.026734
0 0.595964 0.109162 0.024219 0.026177
0 0.536198 0.362434 0.021875 0.021999
0 0.619010 0.269145 0.024479 0.021442
0 0.533854 0.430660 0.026562 0.027012
0 0.394271 0.748399 0.027083 0.023670
0 0.534115 0.523531 0.027083 0.025620
0 0.182161 0.330131 0.025260 0.024784
0 0.259505 0.886383 0.024740 0.025063
0 0.370573 0.449875 0.027604 0.026455
0 0.177995 0.584517 0.026302 0.024506
0 0.559245 0.683514 0.025781 0.024784
0 0.314714 0.838207 0.027344 0.024506
0 0.289844 0.471874 0.026042 0.025898
0 0.071615 0.537176 0.027083 0.026734
0 0.349349 0.125313 0.025781 0.027847
0 0.478516 0.567112 0.024740 0.028126
0 0.264323 0.423280 0.025521 0.023392
0 0.077734 0.075745 0.025260 0.026177
0 0.289974 0.495405 0.025781 0.025620
0 0.344271 0.495544 0.025521 0.024784
0 0.535156 0.476051 0.026042 0.022556
0 0.240495 0.123503 0.026823 0.027012
0 0.758984 0.063492 0.026302 0.025620
0 0.919271 0.300334 0.027083 0.028683
0 0.315885 0.517544 0.025521 0.023670
0 0.207552 0.537872 0.026042 0.027012
0 0.561068 0.454052 0.025260 0.026455
0 0.647266 0.202868 0.024219 0.025341
0 0.296224 0.170844 0.025781 0.025341
0 0.342969 0.587302 0.025521 0.025063
0 0.725260 0.387357 0.025521 0.025620
0 0.638932 0.774018 0.024219 0.024784
0 0.344010 0.473127 0.025000 0.026177
0 0.479948 0.499443 0.025521 0.026455
0 0.645573 0.246589 0.026042 0.023113
0 0.621484 0.179059 0.025260 0.027847
0 0.296875 0.101643 0.024479 0.023392
0 0.179167 0.629630 0.026562 0.024506
0 0.237370 0.399192 0.023177 0.029240
0 0.476302 0.772069 0.024479 0.025341
0 0.241146 0.169730 0.026042 0.026455
0 0.319922 0.379003 0.024219 0.023392
0 0.483724 0.198273 0.025781 0.025620
0 0.295182 0.216653 0.023698 0.023949
0 0.070312 0.745753 0.028646 0.027847
0 0.811589 0.111807 0.022135 0.024227
0 0.371094 0.542189 0.026042 0.024506
0 0.539323 0.130883 0.024479 0.026734
0 0.234245 0.561682 0.026302 0.026177
0 0.758203 0.087580 0.024740 0.028126
0 0.259505 0.862712 0.025260 0.026734
0 0.236198 0.469229 0.026042 0.024506
0 0.511589 0.197995 0.024740 0.026177
0 0.269271 0.101921 0.026562 0.026177
0 0.072135 0.443470 0.029167 0.026455
0 0.180859 0.375383 0.025781 0.023949
0 0.728516 0.181426 0.025781 0.026455
0 0.177214 0.607073 0.025781 0.027847
0 0.404427 0.104010 0.024479 0.027569
0 0.312109 0.862991 0.024219 0.026177
0 0.567187 0.246310 0.027604 0.026455
0 0.837630 0.136452 0.024740 0.026734
0 0.785807 0.087719 0.024740 0.026177
0 0.235547 0.446255 0.026823 0.025341
0 0.644922 0.363548 0.024740 0.024227
0 0.371094 0.472710 0.023958 0.025898
0 0.342708 0.632414 0.026042 0.025620
0 0.645703 0.292258 0.025781 0.028126
0 0.563932 0.291562 0.027344 0.026734
0 0.236198 0.354219 0.025000 0.027290
0 0.233073 0.655528 0.025000 0.025063
0 0.313281 0.657199 0.026042 0.027847
0 0.287630 0.793651 0.024740 0.026177
0 0.485807 0.129073 0.022656 0.023113
0 0.317578 0.472153 0.025260 0.025341
0 0.207161 0.584795 0.026823 0.027290
0 0.295964 0.148705 0.024740 0.025620
0 0.559115 0.636452 0.023438 0.023670
0 0.232292 0.631440 0.023958 0.027012
0 0.322656 0.103175 0.022917 0.021999
0 0.647656 0.179059 0.024479 0.025620
0 0.180859 0.422445 0.029948 0.026734
0 0.315755 0.633389 0.027344 0.027012
0 0.508984 0.406154 0.026302 0.026455
0 0.286589 0.861877 0.025781 0.023949
0 0.313672 0.748260 0.028385 0.026734
0 0.583464 0.911863 0.022656 0.024784
0 0.510286 0.338207 0.024219 0.027569
0 0.531120 0.682957 0.026823 0.028126
0 0.611068 0.936090 0.029427 0.025898
0 0.376432 0.149401 0.024219 0.027012
0 0.185417 0.077973 0.025000 0.027847
0 0.583724 0.888889 0.023177 0.024506
0 0.206120 0.768031 0.025781 0.026177
0 0.451432 0.589251 0.027865 0.025063
0 0.369792 0.681843 0.026562 0.026455
0 0.613672 0.683375 0.025260 0.027847
0 0.284896 0.885547 0.022917 0.028404
0 0.508203 0.499443 0.023177 0.023670
0 0.502995 0.773183 0.027344 0.025341
0 0.563151 0.430799 0.026302 0.024506
0 0.341797 0.656642 0.024219 0.027847
0 0.729557 0.111111 0.025260 0.022835
0 0.565885 0.200362 0.023958 0.022556
0 0.478255 0.682540 0.024219 0.029518
0 0.069141 0.582846 0.026302 0.025063
0 0.535677 0.383598 0.022396 0.027012
0 0.728776 0.132693 0.023698 0.027569
0 0.213281 0.168894 0.026562 0.026455
0 0.731380 0.088276 0.028385 0.027290
0 0.507943 0.429825 0.021094 0.025341
0 0.206641 0.814954 0.025781 0.023670
0 0.508073 0.476190 0.026042 0.026177
0 0.348047 0.283904 0.024740 0.025898
0 0.567839 0.130047 0.024219 0.025063
0 0.323698 0.172375 0.025000 0.026734
0 0.482031 0.383459 0.025521 0.028404
0 0.781901 0.249652 0.024740 0.024784
0 0.212760 0.101225 0.023958 0.023113
0 0.398438 0.473823 0.024479 0.026455
0 0.315104 0.724728 0.028125 0.024784
0 0.370182 0.564188 0.025260 0.024506
0 0.402865 0.174742 0.022917 0.024784
0 0.313151 0.886661 0.025781 0.024506
0 0.614583 0.615845 0.025521 0.027569
0 0.645312 0.316068 0.023958 0.024506
0 0.233854 0.540100 0.026042 0.024784
0 0.072005 0.467140 0.028906 0.027012
0 0.068229 0.791284 0.028125 0.024227
0 0.178646 0.538708 0.023438 0.024227
0 0.432943 0.105402 0.023177 0.024784
0 0.184115 0.123782 0.024479 0.025341
0 0.645052 0.386661 0.025000 0.027012
0 0.184115 0.101921 0.026042 0.024506
0 0.554688 0.934837 0.022396 0.024506
0 0.566797 0.223475 0.025260 0.026455
0 0.701172 0.155249 0.025781 0.024784
0 0.619661 0.290866 0.025781 0.026455
0 0.783854 0.227513 0.024479 0.025620
0 0.182812 0.214703 0.028646 0.026177
0 0.531250 0.706349 0.024479 0.022556
0 0.510286 0.382762 0.024740 0.025341
0 0.367578 0.956140 0.024219 0.027012
0 0.286719 0.770259 0.023958 0.025063
0 0.586068 0.728766 0.022135 0.023392
0 0.347135 0.379421 0.023958 0.026455
0 0.534115 0.406990 0.021875 0.023670
0 0.260026 0.908939 0.025260 0.022278
0 0.321745 0.284600 0.024740 0.025063
0 0.812109 0.088694 0.023698 0.025898
0 0.620052 0.202172 0.023438 0.023949
0 0.620833 0.108883 0.022917 0.023949
0 0.556771 0.842245 0.026562 0.025898
0 0.295182 0.238931 0.023177 0.024506
0 0.480339 0.542328 0.024219 0.024784
0 0.177865 0.884851 0.026042 0.024784
0 0.530729 0.727792 0.023958 0.025341
0 0.476172 0.933305 0.025260 0.027012
0 0.069661 0.676970 0.025781 0.027290
0 0.342187 0.839877 0.026562 0.022278
0 0.536328 0.313840 0.024219 0.024506
0 0.316146 0.609023 0.025521 0.024506
0 0.637760 0.797689 0.024479 0.027012
0 0.918880 0.274715 0.026823 0.026455
0 0.730469 0.063910 0.026042 0.026455
0 0.366536 0.794904 0.023698 0.026455
0 0.673568 0.225564 0.024219 0.026177
0 0.562891 0.384433 0.025260 0.027569
0 0.178125 0.515177 0.025000 0.027847
0 0.291016 0.447647 0.026302 0.028126
0 0.646224 0.225007 0.028385 0.023392
0 0.075651 0.188945 0.023698 0.026455
0 0.592318 0.338346 0.025260 0.026177
0 0.185026 0.147591 0.024219 0.025063
0 0.615885 0.500278 0.023958 0.026455
0 0.674870 0.133389 0.025260 0.026734
0 0.345573 0.424951 0.024479 0.026734
0 0.505078 0.727792 0.022656 0.024784
0 0.076172 0.235032 0.026823 0.023949
0 0.757422 0.114453 0.026823 0.030075
0 0.261458 0.563492 0.025521 0.025898
0 0.560156 0.592175 0.023958 0.025898
0 0.610286 0.912559 0.025781 0.027290
0 0.559896 0.706349 0.025521 0.025341
0 0.346354 0.402395 0.024479 0.022835
0 0.811719 0.133946 0.023438 0.027847
0 0.891276 0.300056 0.026823 0.030354
0 0.505078 0.706071 0.025260 0.026455
0 0.477214 0.818435 0.023698 0.026177
0 0.070964 0.560707 0.028906 0.028126
0 0.370312 0.519215 0.023958 0.024227
0 0.893359 0.091896 0.024219 0.025063
0 0.643099 0.455862 0.025260 0.026734
0 0.586198 0.751462 0.025000 0.025898
0 0.129818 0.122668 0.023698 0.026455
0 0.204687 0.930103 0.025521 0.023392
0 0.207682 0.468811 0.022135 0.025898
0 0.292318 0.401420 0.026823 0.027012
0 0.594792 0.177806 0.024479 0.025341
0 0.177083 0.953216 0.025521 0.026177
0 0.287109 0.679616 0.024740 0.025898
0 0.583464 0.820245 0.022656 0.027569
0 0.646094 0.268727 0.026042 0.023949
0 0.343359 0.681287 0.024219 0.027569
0 0.702344 0.132971 0.025521 0.023113
0 0.728646 0.156781 0.025521 0.028404
0 0.621615 0.086466 0.025000 0.024784
0 0.919792 0.091200 0.022917 0.026455
0 0.638932 0.729880 0.024219 0.025063
0 0.482682 0.311752 0.023177 0.025341
0 0.636198 0.889446 0.025521 0.026734
0 0.645052 0.339181 0.023958 0.027290
0 0.048698 0.074909 0.027083 0.028404
0 0.589583 0.476608 0.025000 0.022556
0 0.234375 0.516708 0.024479 0.026455
0 0.311458 0.955723 0.025521 0.026734
0 0.533203 0.454052 0.022656 0.023670
0 0.236458 0.330827 0.023958 0.025063
0 0.558073 0.751740 0.023958 0.025898
0 0.430599 0.150794 0.026302 0.024784
0 0.293880 0.331523 0.026302 0.025341
0 0.702344 0.110833 0.022917 0.025063
0 0.289583 0.517544 0.022917 0.023113
0 0.919141 0.345586 0.027344 0.027290
0 0.237370 0.376915 0.022656 0.021442
0 0.261458 0.702590 0.024479 0.024506
0 0.294531 0.356029 0.027083 0.024784
0 0.866667 0.091339 0.026042 0.026177
0 0.674479 0.157338 0.023438 0.026177
0 0.506250 0.543303 0.024479 0.026734
0 0.453255 0.451128 0.026302 0.026177
0 0.448568 0.818435 0.024740 0.026177
0 0.259635 0.837928 0.024479 0.023949
0 0.510547 0.313562 0.024219 0.025063
0 0.611589 0.820245 0.024219 0.024784
0 0.480469 0.522139 0.023438 0.023392
0 0.567839 0.178363 0.023698 0.025898
0 0.261458 0.678502 0.025521 0.029240
0 0.532422 0.635756 0.023177 0.021164
0 0.177474 0.908243 0.027865 0.025341
0 0.538802 0.177527 0.025000 0.024227
0 0.475781 0.957811 0.025521 0.025898
0 0.322917 0.124896 0.024479 0.024784
0 0.072656 0.395851 0.025000 0.024227
0 0.181510 0.398218 0.026042 0.025620
0 0.532422 0.657616 0.026823 0.025898
0 0.539062 0.199527 0.024479 0.024784
0 0.583854 0.934837 0.023958 0.024506
0 0.322135 0.238791 0.026042 0.024784
0 0.320703 0.261766 0.027344 0.023392
0 0.650000 0.061960 0.022917 0.024784
0 0.344141 0.517683 0.025260 0.026177
0 0.616927 0.409774 0.025521 0.026455
0 0.341276 0.864244 0.026823 0.028126
0 0.177604 0.929685 0.026562 0.025341
0 0.287109 0.816207 0.023177 0.023949
0 0.831771 0.504595 0.025000 0.026177
0 0.920052 0.114592 0.024479 0.023670
0 0.458333 0.127680 0.026562 0.025898
0 0.675391 0.109719 0.024219 0.026177
0 0.317448 0.540100 0.023438 0.025898
0 0.562891 0.407686 0.024219 0.023392
0 0.533333 0.591061 0.023438 0.025341
0 0.480078 0.474937 0.025781 0.027569
0 0.346745 0.307853 0.025260 0.025341
0 0.557682 0.865358 0.026302 0.027569
0 0.528906 0.864244 0.025000 0.025341
0 0.403646 0.150794 0.024479 0.027012
0 0.479948 0.450710 0.024479 0.022556
0 0.047135 0.165135 0.022917 0.021721
0 0.671745 0.316346 0.024740 0.024506
0 0.375911 0.125174 0.023177 0.024784
0 0.785417 0.064049 0.023438 0.023949
0 0.947266 0.183932 0.027865 0.028126
0 0.104036 0.168616 0.022656 0.022556
0 0.478125 0.658312 0.026042 0.023392
0 0.348698 0.102618 0.022917 0.023113
0 0.946745 0.092871 0.025260 0.026455
0 0.397396 0.609719 0.024479 0.027569
0 0.616927 0.523113 0.024479 0.025341
0 0.071484 0.418825 0.027344 0.026177
0 0.287240 0.632275 0.025000 0.025898
0 0.398307 0.587023 0.025260 0.023392
0 0.320312 0.308549 0.026562 0.025063
0 0.292708 0.424255 0.025000 0.020329
0 0.528125 0.912141 0.023958 0.023670
0 0.295312 0.193539 0.022917 0.026177
0 0.395964 0.656781 0.024740 0.023670
0 0.321875 0.216514 0.025521 0.024784
0 0.540104 0.106238 0.025000 0.027569
0 0.837891 0.089390 0.022656 0.023949
0 0.369661 0.496101 0.023698 0.024784
0 0.452474 0.521442 0.025260 0.025898
0 0.395833 0.703704 0.023958 0.025063
0 0.133073 0.052632 0.023438 0.026734
0 0.583333 0.843498 0.021354 0.026177
0 0.451432 0.611947 0.025260 0.023113
0 0.636458 0.865915 0.023958 0.024784
0 0.286719 0.838903 0.025000 0.025341
0 0.502083 0.933723 0.023438 0.025063
0 0.455729 0.198273 0.023958 0.024506
0 0.834766 0.343637 0.026302 0.025620
0 0.559505 0.659426 0.023698 0.026177
0 0.557161 0.774297 0.025260 0.024784
0 0.673958 0.180869 0.023438 0.025898
0 0.781901 0.343219 0.025260 0.027012
0 0.178776 0.837093 0.023177 0.023949
0 0.260026 0.814676 0.025260 0.027569
0 0.231901 0.885129 0.024219 0.025341
0 0.476693 0.863826 0.025781 0.025063
0 0.341797 0.770537 0.026302 0.025620
0 0.208333 0.421470 0.024479 0.029240
0 0.648177 0.131161 0.025521 0.026177
0 0.234245 0.678363 0.025781 0.025620
0 0.127083 0.351852 0.026042 0.027569
0 0.312500 0.909078 0.025521 0.024784
0 0.832422 0.526455 0.025260 0.025898
0 0.157552 0.076998 0.020833 0.025341
0 0.240625 0.192286 0.025000 0.025341
0 0.534375 0.498886 0.025521 0.025341
0 0.671875 0.340991 0.025000 0.027569
0 0.672005 0.292537 0.024219 0.025341
0 0.539453 0.154832 0.023177 0.025063
0 0.233724 0.769702 0.026302 0.026177
0 0.130859 0.168477 0.024219 0.026177
0 0.555078 0.819549 0.023177 0.025620
0 0.451562 0.658034 0.023438 0.025063
0 0.232552 0.723475 0.024479 0.023949
0 0.231120 0.931913 0.023177 0.025341
0 0.611979 0.752158 0.025000 0.027290
0 0.348958 0.171679 0.024479 0.027012
0 0.838151 0.182122 0.025781 0.026177
0 0.704297 0.037594 0.025781 0.030075
0 0.642318 0.547062 0.024219 0.025341
0 0.528385 0.933584 0.026562 0.024227
0 0.259245 0.977444 0.026302 0.023949
0 0.104818 0.098858 0.023698 0.026177
0 0.205859 0.837928 0.025781 0.026177
0 0.643620 0.432331 0.025260 0.024784
0 0.536719 0.290031 0.023958 0.026455
0 0.400260 0.497076 0.026562 0.027290
0 0.404167 0.056809 0.025521 0.026734
0 0.177474 0.745614 0.025260 0.026455
0 0.529167 0.841827 0.025000 0.025063
0 0.210417 0.376636 0.026042 0.025898
0 0.539583 0.244361 0.025000 0.025898
0 0.263281 0.492620 0.025521 0.020607
0 0.610026 0.889028 0.024740 0.022556
0 0.917969 0.369813 0.026042 0.026734
0 0.509896 0.360624 0.025521 0.025063
0 0.619141 0.247703 0.025781 0.027012
0 0.584635 0.774575 0.023958 0.025898
0 0.323307 0.194514 0.024219 0.023113
0 0.641406 0.478140 0.025000 0.025063
0 0.582943 0.866054 0.024219 0.025063
0 0.234245 0.585909 0.022656 0.027290
0 0.456771 0.151629 0.022396 0.024784
0 0.076563 0.120997 0.023958 0.024784
0 0.268880 0.170983 0.024219 0.022835
0 0.263151 0.515455 0.027344 0.027290
0 0.398698 0.449457 0.023958 0.025620
0 0.506641 0.521164 0.024219 0.019772
0 0.350130 0.148287 0.025260 0.025898
0 0.617839 0.432331 0.023177 0.025898
0 0.186328 0.052771 0.024219 0.026455
0 0.648958 0.108883 0.023958 0.020050
0 0.179688 0.791562 0.026042 0.027569
0 0.568229 0.107630 0.022917 0.021999
0 0.266927 0.237260 0.026042 0.023949
0 0.867057 0.065859 0.024740 0.027569
0 0.343229 0.448761 0.023958 0.025898
0 0.241797 0.100947 0.025781 0.023113
0 0.484896 0.151768 0.026562 0.024506
0 0.561328 0.568365 0.025781 0.025063
0 0.206250 0.723893 0.023958 0.024227
0 0.205339 0.885129 0.024219 0.025898
0 0.212891 0.123782 0.022656 0.026455
0 0.643229 0.523253 0.023438 0.026177
0 0.068490 0.652325 0.026042 0.027012
0 0.452604 0.543581 0.023438 0.022835
0 0.341146 0.887218 0.023438 0.026177
0 0.617448 0.385547 0.023438 0.026455
0 0.268750 0.147870 0.022917 0.027847
0 0.811589 0.159148 0.025781 0.028126
0 0.453516 0.497633 0.023698 0.023392
0 0.611458 0.796714 0.024479 0.025063
0 0.374609 0.309802 0.026302 0.027012
0 0.403385 0.080479 0.026042 0.023949
0 0.782292 0.318992 0.026042 0.026455
0 0.561068 0.545670 0.025781 0.025341
0 0.266536 0.331802 0.023177 0.024784
0 0.047656 0.144110 0.022917 0.021442
0 0.891927 0.160958 0.026562 0.028961
0 0.393750 0.956001 0.026562 0.027290
0 0.532292 0.615288 0.026042 0.024227
0 0.260677 0.725146 0.024479 0.025063
0 0.208984 0.445698 0.024219 0.023113
0 0.208854 0.561821 0.026562 0.025898
0 0.919271 0.137705 0.025521 0.024784
0 0.673438 0.202451 0.022396 0.022278
0 0.561979 0.476747 0.023438 0.023949
0 0.211979 0.077973 0.022917 0.026734
0 0.480859 0.428432 0.025781 0.026455
0 0.621484 0.131997 0.024219 0.025063
0 0.183203 0.283486 0.024219 0.024506
0 0.070964 0.882066 0.027865 0.027569
0 0.587109 0.707324 0.024740 0.026734
0 0.784766 0.111947 0.023698 0.027847
0 0.567839 0.084935 0.024219 0.025620
0 0.617318 0.477444 0.024219 0.021999
0 0.833984 0.436926 0.025781 0.027290
0 0.892969 0.114731 0.024479 0.025620
0 0.132031 0.076720 0.023438 0.025341
0 0.813021 0.063214 0.027083 0.027847
0 0.076953 0.098997 0.025781 0.024784
0 0.267708 0.193539 0.023958 0.025620
0 0.265234 0.379003 0.023698 0.027290
0 0.650000 0.086327 0.024479 0.027847
0 0.558854 0.728209 0.023958 0.025063
0 0.241276 0.147034 0.025781 0.026177
0 0.891536 0.229880 0.027344 0.027012
0 0.612630 0.728906 0.023177 0.024227
0 0.179818 0.469368 0.025781 0.024784
0 0.341797 0.955583 0.024740 0.026455
0 0.502083 0.910888 0.022917 0.025063
0 0.179036 0.652186 0.024219 0.025063
0 0.369792 0.610833 0.023438 0.024227
0 0.453255 0.474241 0.026823 0.023392
0 0.392969 0.909774 0.023438 0.024506
0 0.459505 0.104845 0.024219 0.024227
0 0.404297 0.126566 0.024219 0.026455
0 0.259115 0.770677 0.023958 0.025341
0 0.232943 0.745614 0.023177 0.026455
0 0.070182 0.813979 0.025260 0.025063
0 0.205469 0.862016 0.024479 0.025898
0 0.261458 0.631579 0.022917 0.024506
0 0.287109 0.955723 0.023698 0.025620
0 0.639453 0.638541 0.022135 0.025063
0 0.589453 0.522278 0.024740 0.025341
0 0.375130 0.196742 0.024219 0.025898
0 0.366927 0.886661 0.025000 0.025620
0 0.583724 0.981203 0.025260 0.025341
0 0.130599 0.191312 0.025260 0.025063
0 0.722526 0.502089 0.024740 0.025063
0 0.236068 0.423698 0.023698 0.024784
0 0.890625 0.275550 0.025521 0.025341
0 0.448828 0.842105 0.025260 0.025063
0 0.892318 0.136731 0.023698 0.024506
0 0.073568 0.303537 0.027344 0.024506
0 0.529167 0.958229 0.026042 0.028961
0 0.346875 0.333194 0.025521 0.027012
0 0.483724 0.175021 0.023698 0.027012
0 0.369141 0.704400 0.026823 0.023113
0 0.596094 0.085074 0.023958 0.025898
0 0.452344 0.566695 0.025000 0.025620
0 0.513281 0.083960 0.021875 0.023670
0 0.210286 0.398079 0.025260 0.023670
0 0.590365 0.431774 0.022396 0.027012
0 0.260547 0.747842 0.024219 0.023113
0 0.212760 0.146617 0.023958 0.021999
0 0.618359 0.314954 0.025260 0.026734
0 0.919271 0.252715 0.023958 0.021999
0 0.235026 0.493177 0.024740 0.025620
0 0.204557 0.953495 0.025781 0.026177
0 0.593750 0.223615 0.023438 0.026734
0 0.615365 0.568922 0.022917 0.025063
0 0.505339 0.590922 0.023177 0.025063
0 0.505078 0.658730 0.023698 0.025898
0 0.727734 0.225842 0.025260 0.023949
0 0.366667 0.909774 0.023438 0.025620
0 0.398698 0.564327 0.023958 0.025898
0 0.070703 0.859092 0.028385 0.025063
0 0.620443 0.224172 0.022656 0.024506
0 0.125130 0.374687 0.025260 0.026455
0 0.211589 0.352409 0.026302 0.027012
0 0.183724 0.261069 0.026823 0.025341
0 0.649089 0.154692 0.025260 0.027569
0 0.350260 0.240880 0.026042 0.027847
0 0.556510 0.796714 0.023438 0.022835
0 0.205729 0.745893 0.027083 0.023670
0 0.258333 0.931774 0.023958 0.023392
0 0.944531 0.114592 0.025000 0.023113
0 0.069141 0.628794 0.024740 0.023949
0 0.321094 0.355472 0.025000 0.026455
0 0.286589 0.932052 0.022656 0.026177
0 0.394010 0.796018 0.023438 0.023670
0 0.319922 0.332219 0.025781 0.026734
0 0.263932 0.446672 0.025781 0.025063
0 0.639453 0.752297 0.024219 0.024227
0 0.479818 0.590643 0.024219 0.025063
0 0.205208 0.908382 0.021875 0.026734
0 0.894661 0.067251 0.027344 0.027012
0 0.676042 0.062239 0.024479 0.023113
0 0.396224 0.680033 0.024219 0.026734
0 0.370573 0.403230 0.023438 0.025620
0 0.592057 0.407547 0.024740 0.023670
0 0.502474 0.979811 0.021615 0.024784
0 0.481641 0.405876 0.025260 0.021999
0 0.503906 0.750070 0.023438 0.025341
0 0.616536 0.546505 0.022656 0.026455
0 0.501302 0.956976 0.022917 0.026455
0 0.620052 0.155249 0.020833 0.023670
0 0.586328 0.658730 0.025781 0.023670
0 0.207292 0.515455 0.023958 0.022835
0 0.267708 0.283069 0.025521 0.025898
0 0.069271 0.605542 0.026562 0.026455
0 0.263281 0.470621 0.024479 0.024506
0 0.641797 0.661654 0.025260 0.023949
0 0.639062 0.706906 0.025521 0.025341
0 0.319010 0.447508 0.025521 0.027290
0 0.528646 0.888332 0.023958 0.026734
0 0.502474 0.864662 0.022656 0.027847
0 0.181510 0.352827 0.028125 0.027290
0 0.288411 0.584238 0.024740 0.027290
0 0.476953 0.795461 0.023177 0.023670
0 0.346745 0.356725 0.024219 0.025620
0 0.835547 0.320802 0.024219 0.024506
0 0.782682 0.204121 0.023177 0.026734
0 0.070573 0.836814 0.026042 0.024506
0 0.231510 0.837789 0.020833 0.024227
0 0.451302 0.634364 0.025521 0.026734
0 0.533724 0.567391 0.022135 0.027569
0 0.555990 0.980368 0.023958 0.025341
0 0.837370 0.250070 0.027344 0.024506
0 0.047266 0.098580 0.025260 0.025063
0 0.512500 0.130047 0.023438 0.026177
0 0.673698 0.247563 0.022917 0.022278
0 0.286979 0.910053 0.023438 0.021721
0 0.724870 0.341827 0.023698 0.025898
0 0.393880 0.725842 0.024740 0.024227
0 0.564714 0.362852 0.025260 0.024506
0 0.205729 0.792398 0.023958 0.027569
0 0.286328 0.747006 0.022656 0.025341
0 0.319010 0.401699 0.022917 0.024784
0 0.557161 0.889446 0.024740 0.024506
0 0.072917 0.327068 0.025521 0.027569
0 0.104427 0.145920 0.023438 0.027290
0 0.588542 0.591479 0.025521 0.025620
0 0.286719 0.978418 0.022396 0.025898
0 0.124740 0.514481 0.025521 0.021442
0 0.502865 0.887636 0.025000 0.021999
0 0.453776 0.427179 0.024219 0.026177
0 0.592318 0.314815 0.024219 0.025341
0 0.559766 0.614592 0.022656 0.024506
0 0.124479 0.491228 0.025521 0.028404
0 0.349609 0.078947 0.024219 0.028683
0 0.701693 0.179476 0.022135 0.027569
0 0.778646 0.503202 0.028125 0.025620
0 0.671875 0.269563 0.023438 0.025620
0 0.178906 0.768170 0.024479 0.025341
0 0.367969 0.816625 0.022396 0.023670
0 0.210807 0.328460 0.023177 0.024227
0 0.561719 0.499165 0.022396 0.025341
0 0.073307 0.374547 0.024740 0.025063
0 0.837500 0.205096 0.025521 0.024784
0 0.456510 0.175299 0.022917 0.025898
0 0.343229 0.564467 0.022396 0.023949
0 0.207552 0.607769 0.025521 0.026455
0 0.477214 0.706071 0.021615 0.025341
0 0.106250 0.051518 0.025000 0.027290
0 0.126302 0.397104 0.025521 0.023949
0 0.614323 0.659426 0.023438 0.025620
0 0.318750 0.424116 0.025000 0.023949
0 0.261589 0.586884 0.026302 0.026455
0 0.504036 0.682540 0.026302 0.025620
0 0.726302 0.364801 0.025521 0.023949
0 0.837500 0.159426 0.024479 0.025341
0 0.450391 0.771791 0.026302 0.029240
0 0.613802 0.637984 0.025521 0.022278
0 0.207682 0.493456 0.024740 0.025063
0 0.241927 0.078530 0.023438 0.026734
0 0.370052 0.726260 0.023438 0.022278
0 0.676042 0.036898 0.023438 0.028683
0 0.503125 0.797132 0.022917 0.025898
0 0.264714 0.401559 0.025260 0.025063
0 0.594531 0.133111 0.020833 0.024506
0 0.367578 0.862991 0.021615 0.024506
0 0.397266 0.634642 0.023698 0.023392
0 0.269401 0.124756 0.023698 0.022835
0 0.482292 0.360345 0.023438 0.022278
0 0.393750 0.818992 0.026042 0.025620
0 0.529818 0.820106 0.024219 0.028404
0 0.232682 0.861738 0.023698 0.025898
0 0.449219 0.796436 0.023958 0.022835
0 0.783203 0.182261 0.024219 0.022556
0 0.402083 0.196463 0.025000 0.026455
0 0.371484 0.427040 0.026823 0.023670
0 0.780469 0.412281 0.023438 0.023113
0 0.832292 0.481899 0.026562 0.025341
0 0.314063 0.815233 0.025521 0.025898
0 0.375911 0.102757 0.021094 0.025063
0 0.238802 0.215260 0.025000 0.026734
0 0.072005 0.351295 0.025260 0.023113
0 0.105859 0.076163 0.024740 0.024227
0 0.613151 0.707463 0.021094 0.023670
0 0.593359 0.247146 0.023177 0.022556
0 0.513021 0.154135 0.026042 0.023113
0 0.617839 0.455305 0.025260 0.022835
0 0.555729 0.957533 0.022396 0.024227
0 0.511979 0.175856 0.023438 0.022556
0 0.266927 0.259398 0.023438 0.024784
0 0.589714 0.498747 0.024219 0.024506
0 0.179167 0.723336 0.025000 0.021999
0 0.831901 0.550543 0.026302 0.027290
0 0.287109 0.609440 0.024740 0.023670
0 0.586458 0.636591 0.026562 0.024506
0 0.070052 0.490253 0.027083 0.023113
0 0.130599 0.146338 0.024740 0.023670
0 0.540104 0.221248 0.025000 0.022556
0 0.534505 0.544834 0.021094 0.022556
0 0.316667 0.563631 0.025000 0.025620
0 0.725260 0.411028 0.026042 0.024506
0 0.400781 0.403509 0.026562 0.027290
0 0.617448 0.363130 0.025000 0.023392
0 0.239974 0.260095 0.024219 0.022278
0 0.104427 0.191312 0.021354 0.026734
0 0.475781 0.909774 0.024479 0.023949
0 0.592969 0.268867 0.024479 0.024227
0 0.477995 0.748956 0.024740 0.023113
0 0.270313 0.078112 0.024479 0.026455
0 0.287500 0.655945 0.028646 0.027012
0 0.393359 0.933027 0.025260 0.024784
0 0.589844 0.455026 0.022917 0.023949
0 0.313542 0.769284 0.026042 0.021999
0 0.212630 0.191869 0.024219 0.025063
0 0.179688 0.445419 0.026042 0.026455
0 0.565365 0.267892 0.024479 0.023949
0 0.205729 0.654414 0.027604 0.028404
0 0.592578 0.291423 0.024740 0.027012
0 0.341667 0.817321 0.025000 0.026177
0 0.567448 0.154553 0.022917 0.027847
0 0.369661 0.633389 0.023698 0.023670
0 0.724479 0.457533 0.026042 0.027290
0 0.586979 0.682261 0.027083 0.026734
0 0.184115 0.169730 0.025521 0.023113
0 0.592708 0.362434 0.024479 0.026455
0 0.727734 0.272069 0.024219 0.023949
0 0.373047 0.379282 0.025781 0.026177
0 0.368880 0.657338 0.024219 0.027012
0 0.614453 0.591339 0.023177 0.023113
0 0.369661 0.587859 0.024740 0.027290
0 0.124740 0.467279 0.026562 0.023949
0 0.293880 0.307853 0.021094 0.024784
0 0.588542 0.545391 0.025521 0.028126
0 0.322656 0.148287 0.022917 0.024784
0 0.782813 0.295461 0.023438 0.025620
0 0.178776 0.561125 0.026823 0.027847
0 0.293229 0.262322 0.023438 0.026177
0 0.483203 0.333194 0.024219 0.020886
0 0.555859 0.912698 0.023177 0.025341
0 0.486719 0.083821 0.021875 0.025620
0 0.122917 0.536898 0.025521 0.024506
0 0.341536 0.931217 0.025781 0.024506
0 0.529167 0.980507 0.023438 0.021164
0 0.043490 0.327764 0.028646 0.028961
0 0.342708 0.609440 0.023958 0.023113
0 0.593359 0.155388 0.022135 0.023392
0 0.297656 0.078251 0.021875 0.026734
0 0.234375 0.701754 0.026042 0.025063
0 0.919401 0.322473 0.024740 0.023949
0 0.588932 0.569062 0.021094 0.024227
0 0.069792 0.513506 0.022396 0.026177
0 0.476042 0.841131 0.026042 0.024227
0 0.127474 0.281955 0.025260 0.024227
0 0.611589 0.842105 0.023698 0.022835
0 0.449870 0.747563 0.023177 0.023113
0 0.476172 0.980507 0.025260 0.025063
0 0.636328 0.959482 0.023698 0.026455
0 0.130339 0.213450 0.024740 0.024227
0 0.476302 0.887357 0.024479 0.025341
0 0.182943 0.237399 0.028906 0.027569
0 0.229687 0.954748 0.020833 0.024784
0 0.368620 0.748260 0.021615 0.025063
0 0.315104 0.680730 0.022917 0.025898
0 0.258203 0.955723 0.023698 0.025063
0 0.584766 0.796714 0.022656 0.021721
0 0.206510 0.630604 0.025521 0.024227
0 0.289583 0.539822 0.026562 0.027012
0 0.508464 0.452520 0.024219 0.025063
0 0.727344 0.248677 0.023958 0.027290
0 0.638151 0.842523 0.022656 0.023670
0 0.561849 0.522696 0.024219 0.027290
0 0.529167 0.795739 0.021354 0.025341
0 0.701432 0.225146 0.023177 0.025898
0 0.455078 0.404483 0.023177 0.023670
0 0.130599 0.099554 0.024219 0.025341
0 0.106120 0.025480 0.024219 0.026455
0 0.349870 0.195767 0.024219 0.026177
0 0.676432 0.086327 0.024740 0.027290
0 0.210807 0.305207 0.024219 0.026177
0 0.341927 0.909078 0.022917 0.021999
0 0.344010 0.541353 0.026042 0.026177
0 0.432161 0.081454 0.022656 0.027569
0 0.125781 0.445419 0.026562 0.024227
0 0.342839 0.747006 0.026823 0.025341
0 0.315885 0.703008 0.023438 0.021999
0 0.069922 0.769006 0.028906 0.025341
0 0.261458 0.654275 0.024479 0.021999
0 0.266276 0.353662 0.025260 0.023949
0 0.722396 0.480228 0.024479 0.021999
0 0.757812 0.040239 0.022396 0.024227
0 0.375651 0.241715 0.025260 0.025063
0 0.918880 0.183236 0.023698 0.025063
0 0.728125 0.203147 0.025000 0.022556
0 0.394271 0.862434 0.027083 0.026734
0 0.178385 0.860485 0.025000 0.027290
0 0.288672 0.703286 0.027865 0.025341
0 0.504167 0.636313 0.022396 0.022278
0 0.780339 0.389446 0.026302 0.027569
0 0.403516 0.334308 0.024740 0.027569
0 0.505599 0.567948 0.022135 0.024227
0 0.650521 0.037733 0.025521 0.026455
0 0.635026 0.982317 0.021615 0.020886
0 0.610156 0.866193 0.023438 0.028683
0 0.593620 0.199944 0.022135 0.025063
0 0.701042 0.247842 0.024479 0.023949
0 0.528906 0.772765 0.026562 0.021721
0 0.232161 0.909078 0.022656 0.026455
0 0.205339 0.975912 0.022656 0.022556
0 0.782422 0.271930 0.024740 0.023670
0 0.075651 0.144806 0.024219 0.025620
0 0.725911 0.293790 0.026302 0.027290
0 0.177214 0.975912 0.025260 0.026455
0 0.510677 0.265525 0.024479 0.023670
0 0.232813 0.814954 0.025521 0.023670
0 0.919271 0.160540 0.023958 0.025341
0 0.183984 0.192147 0.025781 0.023949
0 0.131901 0.027430 0.022135 0.025898
0 0.393880 0.886940 0.025781 0.025063
0 0.398828 0.519493 0.024740 0.025898
0 0.721224 0.525480 0.024740 0.025620
0 0.430729 0.127820 0.023958 0.025063
0 0.918490 0.207324 0.025000 0.025341
0 0.232422 0.608048 0.018490 0.023113
0 0.239453 0.239070 0.023177 0.024784
0 0.637109 0.934976 0.023698 0.026455
0 0.074870 0.257588 0.025260 0.026177
0 0.917839 0.231551 0.025260 0.025341
0 0.180859 0.307018 0.025260 0.025341
0 0.068750 0.722222 0.025521 0.024227
0 0.292318 0.378028 0.024219 0.020886
0 0.890885 0.183654 0.024479 0.023670
0 0.376823 0.079365 0.026562 0.027290
0 0.452083 0.681704 0.029167 0.027290
0 0.726042 0.318435 0.025000 0.024784
0 0.638281 0.820524 0.022396 0.024227
0 0.179557 0.491646 0.024219 0.024227
0 0.400521 0.426622 0.028125 0.025063
0 0.701693 0.087859 0.021615 0.025898
0 0.316536 0.585492 0.023698 0.023670
0 0.890625 0.253551 0.022396 0.024227
0 0.394010 0.839321 0.026042 0.020607
0 0.266927 0.215817 0.022396 0.022835
0 0.075130 0.167920 0.024219 0.025063
0 0.375521 0.285157 0.023958 0.027847
0 0.287630 0.724032 0.022656 0.022835
0 0.512760 0.222779 0.027604 0.028961
0 0.374479 0.172515 0.024479 0.026455
0 0.539974 0.082846 0.022656 0.023113
0 0.127604 0.304511 0.024479 0.024784
0 0.211979 0.282651 0.024479 0.023949
0 0.835547 0.272626 0.025781 0.026177
0 0.125911 0.421053 0.026823 0.028404
0 0.836328 0.297132 0.023177 0.025620
0 0.891146 0.206628 0.022396 0.023949
0 0.294401 0.283626 0.023698 0.020329
0 0.367578 0.839460 0.022135 0.026455
0 0.617448 0.339042 0.023958 0.025341
0 0.339974 0.978697 0.024740 0.021999
0 0.127604 0.328182 0.022917 0.023113
0 0.366536 0.771512 0.021094 0.024227
0 0.314063 0.791701 0.025521 0.023949
0 0.592187 0.384851 0.025521 0.023392
0 0.432943 0.057366 0.022656 0.024506
0 0.077604 0.050821 0.025000 0.026455
0 0.457161 0.288499 0.021615 0.025063
0 0.401823 0.285297 0.025000 0.024784
0 0.267057 0.306878 0.024740 0.027290
0 0.074089 0.279866 0.023698 0.022835
0 0.262240 0.608605 0.022917 0.022556
0 0.260417 0.792119 0.024479 0.020886
0 0.834505 0.367725 0.025260 0.023670
0 0.233724 0.791980 0.020052 0.022835
0 0.565365 0.337789 0.024479 0.028961
0 0.485677 0.106099 0.022917 0.021721
0 0.613021 0.774715 0.022917 0.024506
0 0.703516 0.063214 0.020052 0.022835
0 0.535937 0.338067 0.025000 0.028961
0 0.211719 0.214982 0.025000 0.027290
0 0.399219 0.541493 0.025521 0.024227
0 0.401693 0.379699 0.027344 0.025341
0 0.538672 0.267474 0.025260 0.024227
0 0.478906 0.612225 0.022396 0.023113
0 0.373828 0.332916 0.025260 0.027012
0 0.502734 0.820384 0.023177 0.025063
0 0.455469 0.381788 0.022917 0.022835
0 0.211719 0.237678 0.021875 0.026455
0 0.393359 0.771930 0.026302 0.027290
0 0.642318 0.500696 0.020573 0.021721
0 0.230599 0.977722 0.022656 0.022835
0 0.048958 0.121275 0.023438 0.021999
0 0.047135 0.188527 0.020833 0.028404
0 0.075911 0.212615 0.025260 0.027012
0 0.450391 0.726678 0.024219 0.026455
0 0.178646 0.700780 0.025000 0.027012
0 0.511979 0.290031 0.025000 0.027012
0 0.181771 0.677109 0.028125 0.025341
0 0.314063 0.978279 0.023958 0.022278
0 0.948568 0.067251 0.026302 0.029240
0 0.402083 0.357561 0.026042 0.025620
0 0.342578 0.704957 0.024219 0.024784
0 0.700521 0.202590 0.020833 0.021442
0 0.402474 0.241158 0.024219 0.025063
0 0.367708 0.932470 0.022917 0.024784
0 0.783984 0.135060 0.024219 0.021721
0 0.642318 0.569897 0.022135 0.023670
0 0.779036 0.434002 0.023177 0.023113
0 0.505469 0.613060 0.023438 0.024227
0 0.367839 0.979671 0.024219 0.021721
0 0.102734 0.122389 0.023177 0.025341
0 0.644401 0.409357 0.024219 0.022835
0 0.045964 0.235450 0.024740 0.028683
0 0.725130 0.433723 0.023177 0.027012
0 0.122917 0.560847 0.023438 0.026734
0 0.485417 0.221526 0.026042 0.024227
0 0.784245 0.158312 0.022135 0.026455
0 0.239453 0.309245 0.025781 0.024227
0 0.640495 0.615567 0.022135 0.022556
0 0.349089 0.261905 0.024740 0.023113
0 0.779297 0.480228 0.021615 0.023113
0 0.312891 0.931635 0.021615 0.023113
0 0.454297 0.335979 0.025260 0.028126
0 0.639974 0.683932 0.020573 0.023949
0 0.836979 0.228070 0.022396 0.023392
0 0.584115 0.958090 0.021875 0.024784
0 0.483594 0.288221 0.025521 0.022835
0 0.610417 0.982874 0.021354 0.022556
0 0.323698 0.080479 0.022917 0.028961
0 0.206510 0.701754 0.026042 0.023392
0 0.375651 0.262183 0.025260 0.019772
0 0.456250 0.221805 0.025000 0.024784
0 0.455990 0.310916 0.023958 0.027569
0 0.513802 0.106238 0.022396 0.022556
0 0.833073 0.413534 0.024479 0.023949
0 0.641797 0.594542 0.023698 0.026734
0 0.393620 0.979114 0.021615 0.021164
0 0.069661 0.699527 0.021615 0.020607
0 0.403125 0.309245 0.023438 0.025898
0 0.565365 0.313283 0.025000 0.020050
0 0.129036 0.235867 0.022656 0.022278
0 0.530339 0.751462 0.024219 0.025898
0 0.343099 0.725982 0.024740 0.021721
0 0.588802 0.614731 0.026562 0.022556
0 0.636719 0.911445 0.021354 0.023392
0 0.374740 0.356586 0.027604 0.025341
0 0.317448 0.495127 0.020313 0.021164
0 0.611458 0.959621 0.022917 0.025063
0 0.783854 0.367446 0.025521 0.024784
0 0.210938 0.260373 0.022917 0.021721
0 0.477344 0.727513 0.025521 0.025898
0 0.297135 0.127680 0.021875 0.020886
0 0.179167 0.814676 0.020313 0.022556
0 0.127865 0.258981 0.021354 0.025063
0 0.832812 0.460039 0.022917 0.021721
0 0.045703 0.301866 0.020052 0.022278
0 0.238021 0.283626 0.025521 0.026455
0 0.205859 0.678223 0.024740 0.028126
0 0.296745 0.117516 0.022656 0.016708
0 0.288542 0.563214 0.027083 0.020886
0 0.503646 0.841827 0.022396 0.020050
0 0.453776 0.265246 0.028906 0.025898
0 0.513542 0.244361 0.026562 0.021999
0 0.786068 0.036898 0.025781 0.033695
0 0.947135 0.138262 0.027083 0.025898
0 0.433594 0.034392 0.025000 0.025898
0 0.834245 0.390003 0.025781 0.023670
0 0.450130 0.705235 0.026302 0.021442
0 0.403646 0.263436 0.026042 0.023392
0 0.402865 0.218881 0.025000 0.022835
0 0.779427 0.456976 0.022917 0.025063
0 0.349349 0.217488 0.023177 0.023949
0 0.339844 0.793512 0.025000 0.024227
0 0.459766 0.081454 0.022135 0.025341
0 0.455469 0.359788 0.021875 0.026734
0 0.485026 0.243665 0.028385 0.022835
0 0.483464 0.264968 0.026302 0.026455
0 0.376042 0.219577 0.022917 0.023670
0 0.477734 0.636452 0.023698 0.023113
0 0.945833 0.160958 0.025000 0.022835
0 0.838802 0.073378 0.018229 0.011974
0 0.838802 0.059593 0.018229 0.021164
0 0.393490 0.899192 0.025000 0.019493
0 0.510417 0.300473 0.025000 0.015595
0 0.566797 0.142161 0.022656 0.011417
0 0.236198 0.342245 0.023438 0.019493
0 0.456641 0.243386 0.026302 0.022835
