0 0.462892 0.172219 0.121652 0.087979
0 0.609925 0.498980 0.122002 0.085804
0 0.460966 0.547389 0.122703 0.107289
0 0.457465 0.440441 0.123403 0.091651
0 0.471644 0.706622 0.109400 0.086891
0 0.327849 0.422287 0.130929 0.084988
0 0.157798 0.411545 0.119202 0.084716
0 0.306319 0.056908 0.119027 0.088523
0 0.166900 0.509043 0.108699 0.104297
0 0.819622 0.080568 0.090845 0.073565
0 0.595747 0.409913 0.120252 0.093147
0 0.325923 0.323157 0.122528 0.105929
0 0.726764 0.075605 0.091721 0.069894
0 0.602923 0.590835 0.129004 0.103073
0 0.324611 0.231031 0.116751 0.069894
0 0.341677 0.768833 0.112725 0.095730
0 0.443900 0.072614 0.118327 0.099538
0 0.473569 0.870207 0.106249 0.067582
0 0.459916 0.352665 0.123753 0.080364
0 0.816996 0.249728 0.084544 0.081724
0 0.820060 0.162905 0.081218 0.085396
0 0.599597 0.133873 0.123403 0.083084
0 0.603711 0.053848 0.098372 0.072886
0 0.313320 0.148151 0.105024 0.092603
0 0.163749 0.323021 0.112200 0.082268
0 0.608087 0.308472 0.131630 0.098858
0 0.473919 0.630065 0.113951 0.064319
0 0.339839 0.603889 0.133205 0.073157
0 0.460091 0.262646 0.138456 0.090971
0 0.326886 0.515162 0.129704 0.100218
0 0.604061 0.221648 0.107124 0.079956
0 0.473832 0.946900 0.111675 0.089611
0 0.335375 0.681738 0.149484 0.084716
0 0.727464 0.335260 0.085069 0.062143
0 0.905479 0.460702 0.086820 0.082404
0 0.906967 0.371499 0.091546 0.086484
0 0.727551 0.275904 0.081393 0.058472
0 0.811745 0.463625 0.096097 0.068126
0 0.478208 0.793446 0.100123 0.084036
0 0.907317 0.287123 0.083144 0.067038
0 0.179153 0.887340 0.104148 0.099946
0 0.724400 0.150802 0.095046 0.075605
0 0.606774 0.842535 0.137056 0.084308
0 0.160949 0.237014 0.110100 0.070982
0 0.355417 0.856541 0.107299 0.075877
0 0.156310 0.166304 0.106074 0.076965
0 0.810520 0.531208 0.085594 0.064319
0 0.912480 0.214781 0.086820 0.072206
0 0.724050 0.219336 0.093646 0.053576
0 0.966305 0.062143 0.046385 0.055208
0 0.967618 0.731099 0.052512 0.049361
0 0.908892 0.140468 0.070541 0.056568
0 0.199457 0.792630 0.076142 0.060375
0 0.812095 0.397131 0.095396 0.059151
0 0.904866 0.073021 0.071241 0.074789
0 0.816734 0.330092 0.083669 0.072750
0 0.809557 0.810443 0.106424 0.059287
0 0.962629 0.870275 0.054787 0.054392
0 0.807807 0.744901 0.091371 0.075605
0 0.962454 0.931602 0.060389 0.050857
0 0.091283 0.794534 0.117802 0.097090
0 0.805356 0.676027 0.091020 0.065679
0 0.950464 0.979807 0.088920 0.040386
0 0.974182 0.591855 0.046035 0.040114
0 0.605111 0.753264 0.105024 0.069214
0 0.975582 0.515638 0.043935 0.041338
0 0.803693 0.600897 0.071591 0.070166
0 0.961929 0.803508 0.056538 0.053848
0 0.895501 0.602461 0.109925 0.071118
0 0.903116 0.532363 0.094346 0.066902
0 0.903816 0.668888 0.090145 0.063911
0 0.901103 0.736878 0.084719 0.072070
0 0.901103 0.812211 0.076667 0.072070
0 0.604148 0.952883 0.115701 0.083628
0 0.166550 0.578937 0.059338 0.028148
0 0.178015 0.614496 0.084719 0.038618
0 0.165237 0.692412 0.121127 0.108784
0 0.074392 0.893323 0.098372 0.098314
0 0.597409 0.677794 0.115876 0.073293
