0 0.784822 0.212327 0.190257 0.185809
0 0.784316 0.401503 0.170792 0.179314
0 0.787916 0.593927 0.159541 0.190138
0 0.785385 0.780878 0.176980 0.185929
0 0.589446 0.216176 0.163591 0.189176
0 0.594059 0.402586 0.172817 0.150932
0 0.591022 0.591702 0.162691 0.192423
0 0.599179 0.780878 0.152453 0.168370
0 0.400765 0.205773 0.150315 0.168370
0 0.402790 0.394949 0.146265 0.188094
0 0.403803 0.595009 0.144239 0.199038
0 0.417135 0.790138 0.140077 0.160673
0 0.218159 0.211245 0.135014 0.196873
0 0.215065 0.405893 0.124775 0.170535
0 0.223279 0.590619 0.165729 0.188094
