0 0.377474 0.775844 0.024740 0.053026
0 0.483073 0.235672 0.024479 0.051419
0 0.578776 0.493573 0.025781 0.054097
0 0.948438 0.556776 0.023438 0.050884
0 0.305469 0.534547 0.022396 0.053562
0 0.283203 0.183717 0.024219 0.053562
0 0.825130 0.557043 0.024219 0.054633
0 0.483984 0.093733 0.024740 0.048206
0 0.928516 0.159614 0.023698 0.046063
0 0.133984 0.137654 0.026302 0.051419
0 0.358073 0.185324 0.023958 0.052491
0 0.457422 0.327799 0.024219 0.049277
0 0.582682 0.144349 0.022135 0.051955
0 0.802604 0.504821 0.027083 0.053026
0 0.704427 0.339047 0.022396 0.049277
0 0.385156 0.095072 0.023438 0.047670
0 0.453516 0.584092 0.027344 0.053026
0 0.330078 0.533744 0.023177 0.051955
0 0.525781 0.684253 0.024479 0.050884
0 0.652865 0.495983 0.027083 0.051419
0 0.877604 0.159882 0.023438 0.050884
0 0.921745 0.799143 0.024740 0.049277
0 0.876172 0.299946 0.023698 0.051419
0 0.133984 0.274505 0.027344 0.049813
0 0.527474 0.585163 0.025781 0.058382
0 0.602214 0.541778 0.024219 0.046599
0 0.404167 0.489555 0.023438 0.054633
0 0.922917 0.751205 0.025000 0.050884
0 0.532943 0.094537 0.022135 0.049813
0 0.677995 0.495179 0.025260 0.051955
0 0.430729 0.327531 0.024479 0.047670
0 0.583854 0.098018 0.023438 0.050348
0 0.408073 0.233262 0.022917 0.049813
0 0.552083 0.540707 0.022917 0.045528
0 0.854036 0.157204 0.023698 0.048741
0 0.751563 0.599357 0.024479 0.048206
0 0.576823 0.541778 0.022917 0.046599
0 0.359766 0.137386 0.025781 0.049813
0 0.500651 0.684521 0.023177 0.048206
0 0.850911 0.505892 0.024740 0.051955
0 0.874740 0.555972 0.027604 0.049277
0 0.234115 0.134976 0.023958 0.048206
0 0.307812 0.324853 0.022396 0.049813
0 0.849609 0.555972 0.022656 0.052491
0 0.311328 0.136851 0.026823 0.053026
0 0.676432 0.545795 0.025260 0.049277
0 0.632682 0.144885 0.021094 0.051955
0 0.851953 0.300214 0.023698 0.049813
0 0.559375 0.046599 0.026042 0.057847
0 0.753385 0.502678 0.026562 0.051955
0 0.701693 0.594804 0.024740 0.054097
0 0.874609 0.506695 0.025781 0.057847
0 0.602865 0.493037 0.023438 0.051955
0 0.632812 0.099357 0.022396 0.045528
0 0.381641 0.326192 0.024740 0.047134
0 0.425651 0.777986 0.025260 0.051955
0 0.432812 0.233262 0.021875 0.056240
0 0.210547 0.090787 0.024740 0.045528
0 0.948047 0.703267 0.024740 0.048206
0 0.558203 0.144081 0.024740 0.051419
0 0.776172 0.601232 0.025260 0.050884
0 0.804167 0.107392 0.023958 0.051955
0 0.313021 0.043117 0.025000 0.054097
0 0.629687 0.334762 0.022917 0.046063
0 0.334115 0.279057 0.024479 0.047134
0 0.454297 0.538297 0.025260 0.044992
0 0.358333 0.324585 0.020833 0.042849
0 0.202995 0.577397 0.024219 0.050348
0 0.872656 0.749866 0.025000 0.052491
0 0.501953 0.586235 0.024740 0.050884
0 0.925000 0.555972 0.026562 0.049277
0 0.725651 0.549277 0.025260 0.050884
0 0.526172 0.636583 0.024219 0.048741
0 0.202734 0.529459 0.022656 0.051955
0 0.259635 0.183182 0.023438 0.051419
0 0.500911 0.635512 0.023698 0.054097
0 0.426693 0.634172 0.023698 0.049277
0 0.925391 0.506427 0.025260 0.054097
0 0.106380 0.183182 0.023698 0.046063
0 0.848307 0.750134 0.024740 0.048741
0 0.434375 0.094269 0.024479 0.050348
0 0.351562 0.775576 0.022917 0.050348
0 0.326953 0.724692 0.022135 0.050348
0 0.232943 0.181307 0.024219 0.051955
0 0.751823 0.552491 0.024479 0.054097
0 0.929167 0.065613 0.023958 0.051955
0 0.902734 0.114087 0.024740 0.051419
0 0.726042 0.500536 0.024479 0.051955
0 0.778906 0.386181 0.025521 0.044992
0 0.627474 0.493840 0.022135 0.054633
0 0.748698 0.793519 0.022917 0.054097
0 0.403646 0.538029 0.023958 0.049813
0 0.848307 0.701660 0.024219 0.052491
0 0.803646 0.201660 0.023958 0.046599
0 0.408203 0.186663 0.024219 0.050884
0 0.310026 0.231387 0.024219 0.054633
0 0.135547 0.041243 0.027344 0.053562
0 0.326432 0.773969 0.022656 0.051419
0 0.302344 0.724156 0.025000 0.049277
0 0.824609 0.604713 0.024740 0.049277
0 0.401042 0.585431 0.022917 0.049277
0 0.647526 0.785217 0.024219 0.049277
0 0.276302 0.724156 0.023438 0.050348
0 0.878516 0.061596 0.022135 0.057847
0 0.898177 0.749598 0.026042 0.051955
0 0.872526 0.652116 0.024740 0.049813
0 0.852865 0.252009 0.024479 0.054097
0 0.550260 0.685592 0.024479 0.051419
0 0.459375 0.042849 0.023958 0.052491
0 0.577214 0.592662 0.025781 0.055169
0 0.459766 0.091859 0.024219 0.049813
0 0.780339 0.247456 0.022135 0.052491
0 0.823568 0.652919 0.023698 0.052491
0 0.484115 0.044189 0.023438 0.055169
0 0.650911 0.544724 0.025781 0.048206
0 0.360807 0.092394 0.024219 0.048741
0 0.952734 0.162828 0.022656 0.055704
0 0.328385 0.631494 0.022396 0.041778
0 0.479557 0.491162 0.026302 0.049277
0 0.251953 0.721746 0.025260 0.053026
0 0.872786 0.701660 0.025260 0.052491
0 0.877474 0.251741 0.025260 0.054633
0 0.353646 0.534547 0.022396 0.051419
0 0.234375 0.228709 0.026042 0.052491
0 0.902604 0.163096 0.025521 0.055169
0 0.159896 0.040171 0.027083 0.053562
0 0.531250 0.327799 0.023438 0.043921
0 0.483594 0.141136 0.025521 0.048741
0 0.229427 0.530262 0.026042 0.050348
0 0.483333 0.188002 0.022917 0.047134
0 0.529687 0.493840 0.027083 0.051419
0 0.826302 0.503749 0.023438 0.056240
0 0.623828 0.784949 0.022135 0.054097
0 0.946484 0.801553 0.024219 0.050884
0 0.626042 0.593733 0.024479 0.054097
0 0.406250 0.325924 0.023958 0.047670
0 0.802474 0.342260 0.023177 0.043921
0 0.284505 0.133369 0.024740 0.051419
0 0.401953 0.633101 0.022135 0.048206
0 0.729818 0.387520 0.026302 0.045528
0 0.132943 0.183985 0.023177 0.044456
0 0.900260 0.507766 0.025521 0.052491
0 0.184766 0.136851 0.022656 0.054097
0 0.724479 0.597483 0.023958 0.056240
0 0.336458 0.093198 0.021354 0.047134
0 0.334635 0.324049 0.026042 0.049277
0 0.429818 0.487145 0.026302 0.053026
0 0.235937 0.088913 0.025000 0.051419
0 0.254036 0.579272 0.025781 0.048741
0 0.948958 0.606588 0.024479 0.053026
0 0.610156 0.048473 0.026042 0.054097
0 0.732552 0.151312 0.025521 0.049813
0 0.777344 0.553830 0.023438 0.049277
0 0.233333 0.275040 0.023958 0.048741
0 0.607812 0.144617 0.020833 0.051419
0 0.651823 0.592394 0.023958 0.049277
0 0.408724 0.137118 0.023177 0.052491
0 0.754687 0.340118 0.021875 0.044992
0 0.351823 0.725228 0.022396 0.050348
0 0.631771 0.240493 0.023958 0.051419
0 0.754818 0.384039 0.027344 0.046063
0 0.407552 0.280129 0.021875 0.050348
0 0.901302 0.301821 0.024479 0.049813
0 0.159635 0.088913 0.022917 0.049277
0 0.779167 0.295929 0.020833 0.050884
0 0.282813 0.322175 0.024479 0.050884
0 0.800521 0.555169 0.023438 0.049813
0 0.352734 0.584092 0.023177 0.050884
0 0.729427 0.340653 0.022396 0.050348
0 0.781510 0.055169 0.022396 0.055704
0 0.304036 0.583021 0.023698 0.049813
0 0.508464 0.139529 0.024219 0.055169
0 0.675130 0.593465 0.022656 0.053562
0 0.253516 0.532405 0.025260 0.049277
0 0.923828 0.606052 0.023698 0.057311
0 0.548698 0.732191 0.023958 0.046063
0 0.900521 0.347081 0.022917 0.050348
0 0.235807 0.040439 0.023698 0.051955
0 0.778906 0.342260 0.020833 0.044992
0 0.600911 0.639529 0.023177 0.052491
0 0.705729 0.293519 0.025521 0.051419
0 0.608984 0.097750 0.024740 0.047670
0 0.359245 0.232458 0.022656 0.044992
0 0.573958 0.733798 0.024479 0.050348
0 0.456901 0.372523 0.026302 0.044456
0 0.655859 0.147563 0.022656 0.050884
0 0.259766 0.275844 0.024740 0.050348
0 0.581901 0.239689 0.022656 0.051955
0 0.327474 0.822175 0.024740 0.046063
0 0.682292 0.103374 0.025521 0.049277
0 0.625391 0.639796 0.023698 0.048741
0 0.159375 0.273433 0.022917 0.049813
0 0.829427 0.156401 0.023958 0.050348
0 0.548568 0.779057 0.024219 0.050884
0 0.822526 0.795126 0.022656 0.049813
0 0.656771 0.099893 0.022917 0.049813
0 0.259766 0.135244 0.023698 0.046599
0 0.184505 0.183449 0.022135 0.049813
0 0.707943 0.103374 0.024219 0.048206
0 0.383333 0.280396 0.021354 0.054097
0 0.804167 0.249866 0.025521 0.053026
0 0.827604 0.344135 0.023958 0.047670
0 0.828255 0.297804 0.023698 0.050348
0 0.947266 0.752276 0.025260 0.053026
0 0.524219 0.778522 0.022917 0.047670
0 0.854167 0.110873 0.023438 0.049277
0 0.455599 0.489020 0.025781 0.056776
0 0.186198 0.042314 0.025521 0.055704
0 0.876302 0.345206 0.023438 0.046599
0 0.426563 0.727906 0.025521 0.051419
0 0.848047 0.652116 0.022135 0.047670
0 0.902474 0.254151 0.024740 0.054097
0 0.232161 0.322175 0.023698 0.050884
0 0.451432 0.779057 0.023177 0.048741
0 0.477604 0.583824 0.022396 0.051419
0 0.922917 0.703535 0.023958 0.048741
0 0.283724 0.369577 0.026823 0.044992
0 0.673438 0.643010 0.024479 0.053026
0 0.803255 0.387252 0.026302 0.044992
0 0.278906 0.533476 0.023438 0.051419
0 0.252734 0.627209 0.024219 0.052491
0 0.830469 0.058382 0.022917 0.055704
0 0.556641 0.187199 0.024219 0.044456
0 0.575911 0.639796 0.023177 0.046599
0 0.584375 0.046867 0.022917 0.055169
0 0.378255 0.633101 0.023698 0.048206
0 0.433984 0.140064 0.025781 0.049813
0 0.352865 0.632566 0.023958 0.049277
0 0.625130 0.688270 0.023698 0.050348
0 0.209375 0.227370 0.025000 0.051955
0 0.780859 0.153455 0.020573 0.053026
0 0.701823 0.499464 0.023958 0.054097
0 0.504557 0.493573 0.024219 0.050884
0 0.777214 0.504017 0.022135 0.046063
0 0.132682 0.089984 0.025781 0.052491
0 0.311979 0.090787 0.024479 0.047670
0 0.804297 0.155329 0.023698 0.052491
0 0.254427 0.485003 0.022917 0.057311
0 0.805469 0.057043 0.023438 0.051955
0 0.951432 0.303160 0.021615 0.049277
0 0.305729 0.483396 0.023958 0.056240
0 0.227214 0.764863 0.026302 0.049277
0 0.598698 0.782807 0.023438 0.051955
0 0.457943 0.189341 0.023177 0.044456
0 0.359245 0.279057 0.023698 0.051419
0 0.754818 0.293251 0.022135 0.050884
0 0.210547 0.043385 0.025260 0.051419
0 0.750130 0.649170 0.022135 0.053562
0 0.433073 0.282271 0.025000 0.049277
0 0.280339 0.580075 0.025260 0.051419
0 0.227214 0.627209 0.024740 0.051419
0 0.433854 0.043921 0.023958 0.048206
0 0.227214 0.576861 0.024740 0.047134
0 0.259115 0.231923 0.021875 0.046063
0 0.580859 0.333690 0.022135 0.046063
0 0.426172 0.681307 0.023698 0.051419
0 0.846484 0.797804 0.022656 0.044456
0 0.376953 0.725763 0.023177 0.047134
0 0.927083 0.393680 0.025000 0.038565
0 0.871484 0.798607 0.025260 0.050348
0 0.952344 0.392073 0.026562 0.046063
0 0.724870 0.647831 0.021615 0.051955
0 0.775000 0.696036 0.023958 0.048741
0 0.928906 0.114087 0.024479 0.048206
0 0.400651 0.775576 0.023177 0.050348
0 0.557682 0.095876 0.022656 0.047134
0 0.673047 0.788163 0.023177 0.049813
0 0.259635 0.088109 0.022396 0.050884
0 0.284115 0.231387 0.022396 0.044992
0 0.483854 0.282271 0.023958 0.046063
0 0.509115 0.045260 0.023438 0.056240
0 0.379167 0.537761 0.023958 0.049277
0 0.682422 0.053562 0.023698 0.051419
0 0.605729 0.333155 0.024479 0.050348
0 0.748698 0.743974 0.022396 0.055704
0 0.329167 0.584092 0.022917 0.056240
0 0.336198 0.040975 0.021875 0.055169
0 0.707161 0.149170 0.025260 0.046599
0 0.680078 0.291377 0.023698 0.053562
0 0.352344 0.677558 0.022396 0.048206
0 0.133203 0.365828 0.027344 0.044992
0 0.633464 0.050616 0.024219 0.055169
0 0.310417 0.183182 0.023438 0.046063
0 0.550781 0.637922 0.023438 0.048206
0 0.378385 0.587038 0.023438 0.053562
0 0.749740 0.695501 0.023438 0.048741
0 0.532161 0.144081 0.023698 0.051419
0 0.210417 0.134708 0.025521 0.049813
0 0.308464 0.279057 0.021094 0.042849
0 0.157943 0.319497 0.021615 0.046599
0 0.954297 0.064542 0.023698 0.054097
0 0.132422 0.320568 0.026823 0.046599
0 0.551432 0.587574 0.022656 0.051419
0 0.679818 0.382967 0.026823 0.046063
0 0.757422 0.054901 0.022656 0.056240
0 0.632422 0.192019 0.023698 0.047670
0 0.774870 0.746385 0.025260 0.055169
0 0.775260 0.651044 0.023958 0.049813
0 0.107161 0.134440 0.028385 0.054633
0 0.922266 0.655062 0.024740 0.052491
0 0.798047 0.795394 0.023177 0.047134
0 0.199870 0.765935 0.023177 0.049277
0 0.500651 0.780129 0.022656 0.048741
0 0.457943 0.140600 0.024740 0.056240
0 0.333854 0.234065 0.022396 0.050348
0 0.457161 0.281468 0.023177 0.054097
0 0.673177 0.835297 0.026562 0.044456
0 0.481901 0.328334 0.023698 0.049277
0 0.704557 0.384574 0.026823 0.046063
0 0.279427 0.485003 0.025000 0.050884
0 0.921354 0.844671 0.025521 0.041778
0 0.379818 0.489288 0.024219 0.055169
0 0.823047 0.746117 0.023177 0.047134
0 0.533333 0.044992 0.022917 0.055704
0 0.552865 0.492234 0.023958 0.048206
0 0.207161 0.273166 0.022135 0.049277
0 0.451172 0.729513 0.023698 0.055704
0 0.774349 0.794590 0.023177 0.051955
0 0.798568 0.747188 0.021615 0.052491
0 0.901563 0.391537 0.025521 0.042849
0 0.276042 0.769416 0.023438 0.050884
0 0.582031 0.288163 0.022917 0.049277
0 0.904297 0.062400 0.023177 0.057311
0 0.458073 0.234601 0.020833 0.044992
0 0.277734 0.629352 0.023698 0.049277
0 0.184896 0.274772 0.022396 0.049277
0 0.360156 0.042582 0.022396 0.054097
0 0.482292 0.374130 0.025521 0.043385
0 0.400651 0.727906 0.022656 0.051419
0 0.730339 0.292983 0.024740 0.049277
0 0.384375 0.231923 0.023438 0.053562
0 0.803385 0.298340 0.022396 0.050348
0 0.382812 0.370112 0.027083 0.043921
0 0.184505 0.090252 0.023177 0.046599
0 0.679167 0.337975 0.023438 0.047134
0 0.897005 0.843332 0.026302 0.042314
0 0.674089 0.691751 0.023698 0.051955
0 0.600391 0.688806 0.022656 0.044992
0 0.828906 0.251205 0.022396 0.043921
0 0.530859 0.377076 0.027344 0.047134
0 0.898568 0.603642 0.022656 0.053562
0 0.451693 0.681843 0.023177 0.049277
0 0.949219 0.507231 0.023438 0.052491
0 0.799740 0.697911 0.021875 0.048206
0 0.605339 0.288163 0.024219 0.052491
0 0.657161 0.052223 0.021615 0.048741
0 0.427865 0.584896 0.023958 0.051419
0 0.277083 0.676486 0.023958 0.050348
0 0.384635 0.138993 0.022396 0.047670
0 0.681250 0.240761 0.024479 0.055169
0 0.531120 0.283074 0.023698 0.048741
0 0.855729 0.058918 0.023438 0.053562
0 0.757422 0.104178 0.023698 0.047670
0 0.756641 0.197911 0.022656 0.053026
0 0.877474 0.111409 0.020573 0.049277
0 0.106641 0.227638 0.023177 0.043921
0 0.159635 0.135244 0.024479 0.046599
0 0.286979 0.041778 0.028646 0.052491
0 0.252214 0.674344 0.023698 0.043921
0 0.654167 0.333690 0.023958 0.048206
0 0.202083 0.623460 0.022396 0.048206
0 0.929427 0.205410 0.025000 0.050884
0 0.731901 0.104178 0.021094 0.046599
0 0.655599 0.196572 0.022656 0.052491
0 0.631250 0.288966 0.023438 0.049813
0 0.897005 0.797804 0.022656 0.044456
0 0.755339 0.246385 0.023177 0.050348
0 0.849219 0.604981 0.021875 0.051955
0 0.724349 0.694162 0.023177 0.048206
0 0.876563 0.388859 0.025521 0.044992
0 0.384766 0.044189 0.019531 0.058382
0 0.335807 0.138457 0.022135 0.050884
0 0.201693 0.671934 0.023177 0.055169
0 0.699219 0.704874 0.023438 0.063203
0 0.898307 0.652651 0.022656 0.050884
0 0.328776 0.675683 0.024740 0.053026
0 0.105859 0.320032 0.026823 0.051955
0 0.409505 0.043921 0.022135 0.046063
0 0.781250 0.106588 0.022396 0.049277
0 0.648307 0.833423 0.025781 0.043921
0 0.581901 0.192287 0.022656 0.049277
0 0.428516 0.538029 0.024219 0.050884
0 0.377865 0.677825 0.022917 0.046599
0 0.500651 0.730852 0.022656 0.054097
0 0.800130 0.651312 0.023177 0.050348
0 0.106250 0.272630 0.024479 0.050348
0 0.301563 0.769684 0.022917 0.050348
0 0.303125 0.628816 0.022917 0.046063
0 0.723177 0.741028 0.022396 0.050884
0 0.706250 0.244510 0.024479 0.055169
0 0.601432 0.589448 0.023177 0.048741
0 0.302344 0.677290 0.022917 0.053026
0 0.951823 0.258168 0.023438 0.049277
0 0.877214 0.205410 0.023177 0.043385
0 0.250911 0.767006 0.023177 0.050348
0 0.829688 0.204339 0.023438 0.046599
0 0.851042 0.344938 0.023438 0.046063
0 0.697917 0.797268 0.023438 0.063739
0 0.649609 0.640600 0.024219 0.049277
0 0.672917 0.738082 0.022396 0.051419
0 0.574870 0.781200 0.024740 0.050884
0 0.954427 0.114355 0.024479 0.048741
0 0.606120 0.381360 0.027865 0.044992
0 0.607422 0.193626 0.023177 0.046599
0 0.384766 0.185860 0.021615 0.043921
0 0.284245 0.275576 0.023698 0.047670
0 0.133854 0.228441 0.021875 0.044456
0 0.158854 0.365828 0.026042 0.044992
0 0.853255 0.203803 0.023177 0.044456
0 0.408854 0.089448 0.020833 0.047134
0 0.902344 0.209427 0.022917 0.041778
0 0.257943 0.368773 0.025260 0.042314
0 0.624349 0.832351 0.026302 0.043921
0 0.624609 0.736476 0.023698 0.048206
0 0.525391 0.732726 0.022135 0.051419
0 0.432682 0.184253 0.022135 0.047134
0 0.229687 0.482592 0.022396 0.046063
0 0.871745 0.843332 0.026302 0.042314
0 0.159896 0.181039 0.023958 0.046063
0 0.159245 0.228174 0.023698 0.046063
0 0.184375 0.227906 0.020833 0.048741
0 0.846224 0.842796 0.025260 0.043385
0 0.573698 0.830477 0.026562 0.046599
0 0.207161 0.320836 0.022656 0.049277
0 0.649349 0.690412 0.024219 0.053562
0 0.232943 0.368506 0.027344 0.043921
0 0.730469 0.245849 0.022917 0.047134
0 0.106641 0.042046 0.023698 0.057311
0 0.209375 0.181039 0.022917 0.046063
0 0.401172 0.679164 0.022656 0.044992
0 0.872917 0.602571 0.022917 0.050348
0 0.581250 0.379218 0.026562 0.043921
0 0.655469 0.287895 0.022917 0.047670
0 0.801042 0.601768 0.023958 0.051955
0 0.749219 0.839582 0.027083 0.043385
0 0.606901 0.240493 0.023177 0.047134
0 0.723698 0.837708 0.025521 0.044992
0 0.723698 0.790037 0.022396 0.049277
0 0.656250 0.242635 0.021875 0.043921
0 0.948047 0.655062 0.024219 0.047134
0 0.681250 0.148634 0.023958 0.047670
0 0.599089 0.832619 0.025781 0.044456
0 0.925781 0.356454 0.022396 0.044456
0 0.756771 0.150241 0.022396 0.045528
0 0.898047 0.702732 0.022656 0.044992
0 0.732031 0.054097 0.022917 0.056776
0 0.333464 0.371719 0.026302 0.044992
0 0.928646 0.249330 0.024479 0.045528
0 0.548698 0.828870 0.025000 0.043385
0 0.631120 0.381093 0.025781 0.045528
0 0.706901 0.053830 0.022656 0.050884
0 0.532031 0.237011 0.022396 0.045528
0 0.201302 0.722014 0.022917 0.052491
0 0.431771 0.371719 0.025521 0.042849
0 0.406380 0.371184 0.026302 0.044992
0 0.705599 0.195769 0.022135 0.043385
0 0.780339 0.201125 0.020573 0.042314
0 0.851562 0.389930 0.025521 0.043921
0 0.357292 0.370648 0.026562 0.043921
0 0.301302 0.816015 0.027083 0.046599
0 0.226432 0.718800 0.024740 0.047134
0 0.532031 0.189609 0.022917 0.041778
0 0.655208 0.381360 0.025521 0.043921
0 0.823698 0.701393 0.021354 0.045528
0 0.951302 0.346277 0.023438 0.045528
0 0.508073 0.184253 0.022396 0.041778
0 0.599740 0.734601 0.022396 0.045528
0 0.556250 0.391269 0.025521 0.036958
0 0.308464 0.373326 0.024219 0.042849
0 0.649089 0.738618 0.022135 0.050348
0 0.106510 0.366631 0.028125 0.044456
0 0.575391 0.687467 0.023177 0.046599
0 0.452604 0.633905 0.023958 0.044456
0 0.822266 0.840921 0.024740 0.039636
0 0.258203 0.323514 0.022135 0.048206
0 0.680208 0.194697 0.023438 0.042314
0 0.204427 0.478575 0.024479 0.055169
0 0.555208 0.311730 0.020833 0.035351
0 0.226823 0.672469 0.023958 0.044456
0 0.947135 0.846545 0.026562 0.042314
0 0.376563 0.825388 0.026562 0.043921
0 0.524089 0.824853 0.023698 0.041778
0 0.353776 0.489555 0.021615 0.043921
0 0.698958 0.750402 0.020313 0.036422
0 0.335156 0.184253 0.021354 0.040707
0 0.500651 0.827531 0.025260 0.042849
0 0.276693 0.813873 0.026823 0.045528
0 0.182943 0.320032 0.021094 0.043385
0 0.330599 0.488752 0.021615 0.043385
0 0.207031 0.367167 0.027083 0.042314
0 0.827474 0.388324 0.025260 0.041778
0 0.730599 0.197643 0.022656 0.046063
0 0.927214 0.320300 0.022135 0.036422
0 0.556250 0.219336 0.021354 0.034815
0 0.351302 0.821371 0.027083 0.044456
0 0.451693 0.826192 0.025781 0.043385
0 0.259635 0.042849 0.022396 0.042849
0 0.953125 0.211837 0.021875 0.042314
0 0.401042 0.826192 0.025521 0.044456
0 0.556380 0.251741 0.022656 0.041778
0 0.250781 0.812533 0.025521 0.042849
0 0.226042 0.811194 0.027604 0.045528
0 0.774219 0.838511 0.025521 0.041243
0 0.425911 0.825388 0.027344 0.042849
0 0.477214 0.626138 0.020573 0.034280
0 0.699089 0.648634 0.021615 0.058918
0 0.506641 0.387252 0.023698 0.034280
0 0.555859 0.281468 0.021094 0.036958
0 0.200000 0.809588 0.026042 0.045528
0 0.476432 0.829673 0.022656 0.032137
0 0.505990 0.276647 0.019792 0.036958
0 0.926432 0.285485 0.020052 0.042849
0 0.476302 0.769952 0.020833 0.033744
0 0.477344 0.654258 0.020313 0.033744
0 0.698828 0.842260 0.022656 0.032673
0 0.798438 0.839582 0.023958 0.040171
0 0.182943 0.364488 0.023698 0.044456
0 0.476562 0.740761 0.022396 0.034280
0 0.505729 0.307981 0.019271 0.034280
0 0.555339 0.337440 0.021615 0.031066
0 0.506510 0.243171 0.020833 0.043921
0 0.555469 0.362346 0.021875 0.032673
0 0.476042 0.800214 0.020313 0.033208
0 0.505599 0.329138 0.021094 0.025174
0 0.507292 0.211034 0.020313 0.031066
0 0.477474 0.715319 0.021615 0.027317
0 0.506250 0.359400 0.021354 0.029995
0 0.477083 0.684253 0.019271 0.036958
