0 0.714163 0.461471 0.029963 0.033109
0 0.319892 0.529886 0.028643 0.033109
0 0.122096 0.473703 0.032471 0.035013
0 0.318176 0.395839 0.030755 0.026370
0 0.733765 0.206856 0.028247 0.033695
0 0.315008 0.330867 0.031283 0.034720
0 0.696014 0.109801 0.027719 0.041459
0 0.529633 0.144814 0.030491 0.033841
0 0.630610 0.142543 0.029699 0.033695
0 0.753300 0.855186 0.027983 0.031497
0 0.621634 0.897158 0.031283 0.038383
0 0.763794 0.202901 0.029699 0.039262
0 0.364242 0.783768 0.030491 0.031351
0 0.610612 0.440595 0.028511 0.029446
0 0.430306 0.838046 0.030359 0.034427
0 0.655029 0.900234 0.029963 0.033402
0 0.490364 0.749561 0.027983 0.037943
0 0.381006 0.417594 0.030227 0.034720
0 0.702020 0.205464 0.029963 0.032376
0 0.280491 0.329329 0.031415 0.037211
0 0.438160 0.146718 0.033131 0.042924
0 0.848271 0.705245 0.026795 0.029886
0 0.399749 0.827718 0.028643 0.031937
0 0.545209 0.483958 0.032603 0.035013
0 0.378828 0.350059 0.029831 0.031204
0 0.383250 0.514357 0.028907 0.029300
0 0.318968 0.494506 0.030491 0.036771
0 0.629224 0.108116 0.029831 0.035453
0 0.771581 0.366613 0.027323 0.040873
0 0.411101 0.354966 0.031547 0.038090
0 0.345565 0.309185 0.031151 0.034720
0 0.390971 0.667155 0.029567 0.028421
0 0.383316 0.482933 0.030887 0.032962
0 0.720367 0.796220 0.028379 0.033109
0 0.729277 0.139393 0.028511 0.034720
0 0.727891 0.104234 0.031283 0.033548
0 0.288279 0.532742 0.030359 0.032962
0 0.606125 0.295415 0.029039 0.029153
0 0.699578 0.145693 0.030623 0.030325
0 0.748944 0.661295 0.026927 0.041313
0 0.739308 0.330574 0.030887 0.033548
0 0.719905 0.763771 0.028511 0.032083
0 0.718849 0.562775 0.028247 0.025930
0 0.701030 0.173601 0.031943 0.029886
0 0.603419 0.264137 0.029699 0.032230
0 0.296397 0.727586 0.027851 0.032376
0 0.333025 0.842294 0.034055 0.036478
0 0.510032 0.430193 0.027983 0.035599
0 0.361866 0.751758 0.029435 0.031497
0 0.669549 0.201362 0.029171 0.030325
0 0.620578 0.824128 0.028115 0.034427
0 0.315338 0.365075 0.030887 0.034574
0 0.279897 0.291752 0.030491 0.038529
0 0.713965 0.498389 0.028247 0.036625
0 0.457563 0.704146 0.029699 0.031204
0 0.384636 0.543364 0.029567 0.026370
0 0.777719 0.540214 0.029831 0.040287
0 0.798838 0.297539 0.026399 0.024905
0 0.650409 0.598520 0.030491 0.034427
0 0.178722 0.272414 0.029303 0.037943
0 0.410309 0.321345 0.031283 0.028860
0 0.654105 0.696015 0.031283 0.031937
0 0.749604 0.701655 0.028775 0.037064
0 0.512936 0.550396 0.031679 0.031058
0 0.761616 0.129651 0.028247 0.030765
0 0.346489 0.344345 0.030359 0.035013
0 0.521515 0.809845 0.028775 0.035746
0 0.554778 0.846616 0.030359 0.041899
0 0.379818 0.383021 0.028643 0.035599
0 0.809398 0.538529 0.030623 0.037504
0 0.563424 0.146865 0.032339 0.039115
0 0.742608 0.430413 0.028247 0.037211
0 0.455385 0.673821 0.029831 0.033548
0 0.649287 0.527395 0.031151 0.034574
0 0.325766 0.627161 0.030095 0.031058
0 0.721621 0.832113 0.029831 0.035746
0 0.465087 0.861192 0.028907 0.030618
0 0.473403 0.173015 0.026795 0.029593
0 0.374208 0.136683 0.030887 0.035453
0 0.750594 0.741796 0.029699 0.036185
0 0.649353 0.562848 0.031283 0.033402
0 0.340681 0.128553 0.032471 0.032083
0 0.748152 0.593320 0.025871 0.034867
0 0.815272 0.741796 0.030227 0.038236
0 0.318374 0.424846 0.029831 0.032816
0 0.702746 0.238500 0.028775 0.034281
0 0.390510 0.637489 0.030755 0.030618
0 0.275937 0.103721 0.031019 0.036625
0 0.463635 0.827498 0.028907 0.033841
0 0.286431 0.498535 0.027455 0.033988
0 0.738318 0.296440 0.032339 0.032962
0 0.798640 0.236156 0.030227 0.030765
0 0.784121 0.800908 0.027323 0.034574
0 0.376188 0.234398 0.032471 0.034281
0 0.782801 0.767946 0.027851 0.029300
0 0.762012 0.162467 0.027983 0.034867
0 0.812830 0.641884 0.027983 0.030032
0 0.595895 0.105845 0.028115 0.032669
0 0.643875 0.399941 0.031943 0.033988
0 0.562764 0.108189 0.030755 0.039408
0 0.767555 0.293730 0.026927 0.036332
0 0.811576 0.605479 0.029171 0.039555
0 0.433342 0.901333 0.027983 0.032669
0 0.648033 0.493920 0.030227 0.031790
0 0.286167 0.461837 0.029831 0.037943
0 0.431362 0.870422 0.028775 0.029446
0 0.781019 0.732200 0.030623 0.041020
0 0.377838 0.294169 0.030491 0.036918
0 0.744390 0.466012 0.026795 0.035160
0 0.343123 0.242748 0.029171 0.033988
0 0.736602 0.264577 0.028115 0.030765
0 0.352363 0.487621 0.029699 0.029446
0 0.586853 0.738720 0.031679 0.031790
0 0.732775 0.172209 0.028643 0.030618
0 0.796529 0.202827 0.031547 0.036185
0 0.688094 0.813434 0.030359 0.042338
0 0.512540 0.519338 0.029303 0.031351
0 0.462975 0.796294 0.031547 0.030325
0 0.539665 0.297539 0.028379 0.035160
0 0.752178 0.818488 0.029963 0.037504
0 0.278313 0.253223 0.030491 0.035306
0 0.689018 0.718869 0.029567 0.031937
0 0.608501 0.378626 0.028775 0.028860
0 0.321740 0.564240 0.028907 0.036185
0 0.651861 0.633387 0.032339 0.033841
0 0.428260 0.803033 0.029963 0.036478
0 0.278313 0.180779 0.031811 0.036332
0 0.266103 0.839804 0.030623 0.041752
0 0.806890 0.441840 0.032207 0.033402
0 0.277719 0.217917 0.032207 0.034134
0 0.600515 0.197187 0.029435 0.035453
0 0.549036 0.615514 0.029963 0.030618
0 0.573588 0.311236 0.028643 0.032376
0 0.848271 0.674919 0.028379 0.033109
0 0.291975 0.633534 0.032207 0.034720
0 0.551016 0.723117 0.030755 0.033988
0 0.643347 0.366247 0.032471 0.032230
0 0.677666 0.362877 0.029567 0.033988
0 0.800950 0.269118 0.033527 0.031937
0 0.374934 0.170524 0.029699 0.030765
0 0.398495 0.860387 0.026663 0.031351
0 0.800488 0.327571 0.028643 0.032523
0 0.406481 0.168986 0.028643 0.032083
0 0.466275 0.896206 0.028115 0.036478
0 0.769337 0.329183 0.027323 0.030472
0 0.388332 0.604454 0.030623 0.032816
0 0.416909 0.530179 0.029435 0.036625
0 0.325304 0.659317 0.027323 0.033548
0 0.548244 0.584237 0.028379 0.033695
0 0.622162 0.790873 0.028379 0.029153
0 0.375726 0.200850 0.031547 0.030472
0 0.673310 0.297759 0.028247 0.032962
0 0.366420 0.818781 0.032735 0.038383
0 0.622822 0.859654 0.029171 0.037211
0 0.325370 0.597275 0.030623 0.026663
0 0.612328 0.466965 0.026399 0.023879
0 0.545935 0.520803 0.031679 0.037797
0 0.528643 0.109508 0.029303 0.033255
0 0.718651 0.592294 0.026795 0.033109
0 0.589163 0.857237 0.027323 0.028860
0 0.419747 0.589144 0.027983 0.027102
0 0.393545 0.733372 0.026795 0.029886
0 0.641367 0.331600 0.031415 0.034720
0 0.479739 0.430633 0.029963 0.031497
0 0.352495 0.519924 0.029699 0.033988
0 0.686312 0.614196 0.029435 0.032669
0 0.418757 0.561383 0.027323 0.026077
0 0.453933 0.635292 0.030359 0.043803
0 0.845169 0.618957 0.026399 0.031058
0 0.584609 0.588339 0.027719 0.024612
0 0.644997 0.461324 0.029171 0.031058
0 0.772439 0.400015 0.026663 0.025637
0 0.716407 0.533914 0.025211 0.031790
0 0.519667 0.779080 0.025343 0.026663
0 0.850317 0.835262 0.027719 0.032962
0 0.508118 0.337460 0.026531 0.033841
0 0.290523 0.597861 0.028775 0.033988
0 0.478485 0.399795 0.028775 0.029886
0 0.359424 0.688764 0.027455 0.029153
0 0.458619 0.734837 0.027059 0.029593
0 0.807814 0.503003 0.026399 0.027981
0 0.473139 0.142763 0.026795 0.030325
0 0.487922 0.714621 0.026531 0.033402
0 0.189084 0.537357 0.033659 0.038090
0 0.581705 0.466745 0.031943 0.035453
0 0.147571 0.274172 0.029039 0.031790
0 0.722479 0.898183 0.027587 0.033988
0 0.416315 0.499121 0.029831 0.025198
0 0.703339 0.269924 0.027587 0.030032
0 0.740364 0.362145 0.028775 0.029007
0 0.152785 0.434002 0.027059 0.027102
0 0.179184 0.311456 0.028115 0.037797
0 0.654303 0.787211 0.026135 0.029153
0 0.530689 0.178728 0.030491 0.033109
0 0.785969 0.872033 0.028643 0.030325
0 0.640246 0.297759 0.031283 0.030911
0 0.518083 0.637782 0.029831 0.034720
0 0.243202 0.176970 0.030755 0.034867
0 0.344707 0.275930 0.031811 0.034134
0 0.367476 0.854161 0.028511 0.032962
0 0.177798 0.212496 0.027719 0.028567
0 0.817978 0.840829 0.029303 0.032669
0 0.355861 0.630823 0.028775 0.027249
0 0.277389 0.142616 0.031019 0.036478
0 0.849129 0.802300 0.027191 0.031497
0 0.708421 0.359654 0.027191 0.034574
0 0.804184 0.409684 0.029171 0.031790
0 0.333487 0.780398 0.028379 0.028128
0 0.645261 0.431219 0.032867 0.029739
0 0.491354 0.785233 0.026003 0.032230
0 0.878960 0.764650 0.026135 0.025637
0 0.257986 0.634120 0.033923 0.034134
0 0.251584 0.473337 0.031415 0.034867
0 0.616486 0.522268 0.027587 0.027835
0 0.318638 0.457882 0.029039 0.032962
0 0.655029 0.867931 0.028115 0.030618
0 0.682814 0.518752 0.028247 0.033402
0 0.511352 0.486376 0.029039 0.035453
0 0.817450 0.807574 0.029303 0.028860
0 0.810718 0.571931 0.029831 0.027542
0 0.751254 0.778347 0.029963 0.037504
0 0.685652 0.580721 0.028115 0.033695
0 0.745974 0.499707 0.025475 0.025491
0 0.356719 0.658365 0.029435 0.027249
0 0.686774 0.645473 0.030359 0.031937
0 0.567516 0.183050 0.035771 0.031790
0 0.685520 0.549663 0.030227 0.027249
0 0.520327 0.751465 0.029039 0.027688
0 0.147307 0.243408 0.029303 0.029739
0 0.281481 0.368298 0.028115 0.036918
0 0.678326 0.394448 0.028511 0.030032
0 0.331507 0.751831 0.027851 0.029593
0 0.473799 0.201582 0.028115 0.029300
0 0.148033 0.308599 0.027059 0.035599
0 0.712447 0.426018 0.027323 0.032523
0 0.519271 0.723850 0.027719 0.027835
0 0.622096 0.759962 0.028775 0.029739
0 0.443440 0.367785 0.030755 0.035306
0 0.719707 0.624304 0.027059 0.026223
0 0.429316 0.769997 0.032075 0.030765
0 0.208751 0.215646 0.029171 0.034281
0 0.506864 0.303838 0.028247 0.034281
0 0.774947 0.466305 0.029303 0.032816
0 0.787619 0.902139 0.028775 0.030179
0 0.689876 0.851304 0.029699 0.032230
0 0.602495 0.231028 0.028643 0.032230
0 0.311312 0.219455 0.029435 0.030765
0 0.397571 0.795561 0.029303 0.030032
0 0.617410 0.633680 0.030227 0.032376
0 0.785177 0.838485 0.028643 0.032376
0 0.541579 0.329256 0.031415 0.028860
0 0.706639 0.300982 0.027851 0.028567
0 0.332959 0.809039 0.029435 0.029153
0 0.687896 0.776223 0.027851 0.027395
0 0.589097 0.771609 0.030887 0.036918
0 0.153379 0.466745 0.027983 0.032816
0 0.407933 0.200483 0.028115 0.031790
0 0.667173 0.170378 0.027059 0.030765
0 0.586457 0.708175 0.029039 0.029886
0 0.295473 0.698213 0.028379 0.025784
0 0.782207 0.695502 0.031679 0.030325
0 0.257854 0.599912 0.028115 0.035453
0 0.671990 0.265675 0.028511 0.031790
0 0.671529 0.234398 0.029435 0.032523
0 0.516301 0.581087 0.027851 0.030618
0 0.815734 0.670305 0.029567 0.026223
0 0.190140 0.604673 0.027323 0.031204
0 0.477825 0.370275 0.027983 0.025930
0 0.508646 0.370495 0.028115 0.031058
0 0.689150 0.903970 0.030095 0.030325
0 0.759504 0.098447 0.027983 0.027249
0 0.542767 0.445283 0.027983 0.037650
0 0.687698 0.682098 0.028247 0.039555
0 0.721555 0.866100 0.027587 0.029300
0 0.776927 0.501099 0.029039 0.031204
0 0.596687 0.138661 0.028115 0.032669
0 0.507194 0.266408 0.029435 0.037650
0 0.690734 0.748975 0.029567 0.029153
0 0.386352 0.571418 0.029303 0.030325
0 0.609754 0.409977 0.025739 0.031204
0 0.462117 0.765895 0.031679 0.032816
0 0.409649 0.235936 0.028115 0.033548
0 0.878300 0.736449 0.025079 0.029300
0 0.380676 0.450996 0.028775 0.028567
0 0.500792 0.177263 0.022703 0.030472
0 0.297716 0.760768 0.027851 0.034574
0 0.755742 0.893788 0.028379 0.043950
0 0.377904 0.264137 0.030623 0.025198
0 0.707299 0.328743 0.026795 0.027835
0 0.115628 0.217331 0.029567 0.036478
0 0.815998 0.777249 0.028775 0.032083
0 0.742080 0.392323 0.026399 0.030472
0 0.806956 0.472898 0.027587 0.027835
0 0.500528 0.143935 0.024551 0.035013
0 0.654765 0.816510 0.028907 0.027102
0 0.410045 0.292558 0.029435 0.029886
0 0.197268 0.700996 0.030227 0.034867
0 0.846291 0.646792 0.025739 0.024905
0 0.477429 0.344638 0.027455 0.026223
0 0.632524 0.182830 0.030095 0.043950
0 0.492938 0.814240 0.025475 0.025198
0 0.413345 0.414811 0.028907 0.029446
0 0.415391 0.472898 0.027983 0.028128
0 0.290655 0.565412 0.029039 0.027395
0 0.554514 0.807427 0.029831 0.029153
0 0.748284 0.559259 0.027983 0.030032
0 0.355663 0.600352 0.028115 0.029886
0 0.875924 0.661661 0.026135 0.027395
0 0.327350 0.697407 0.029831 0.033841
0 0.521449 0.842587 0.027323 0.027981
0 0.665127 0.140712 0.028775 0.027688
0 0.420605 0.622693 0.029963 0.039994
0 0.207497 0.177630 0.030095 0.037064
0 0.584807 0.559112 0.027059 0.033841
0 0.348667 0.402798 0.028379 0.033548
0 0.293691 0.667814 0.028511 0.030618
0 0.422782 0.687811 0.027455 0.034867
0 0.618334 0.666789 0.029435 0.031497
0 0.575238 0.344272 0.029303 0.034281
0 0.689282 0.878040 0.030623 0.023293
0 0.178920 0.240331 0.029963 0.027102
0 0.577812 0.373279 0.028907 0.025491
0 0.780689 0.632874 0.027851 0.036625
0 0.340021 0.208614 0.032735 0.032230
0 0.440272 0.266481 0.027851 0.029007
0 0.614506 0.494580 0.025739 0.028421
0 0.311972 0.256299 0.029963 0.040287
0 0.735414 0.237328 0.026795 0.025784
0 0.151729 0.382801 0.028907 0.032230
0 0.678722 0.426238 0.026663 0.029153
0 0.242674 0.212277 0.031283 0.030472
0 0.585731 0.650308 0.029963 0.030179
0 0.815602 0.700776 0.028775 0.031204
0 0.662949 0.108116 0.031019 0.033402
0 0.414071 0.444990 0.029567 0.030325
0 0.248350 0.405728 0.030755 0.035306
0 0.156151 0.569147 0.030359 0.031351
0 0.347347 0.374231 0.027059 0.025051
0 0.168295 0.785086 0.033263 0.037211
0 0.436378 0.106431 0.027983 0.036478
0 0.774155 0.431878 0.023759 0.027542
0 0.438952 0.237328 0.029963 0.026956
0 0.190140 0.572810 0.031547 0.031351
0 0.403313 0.102549 0.028643 0.030765
0 0.803260 0.357164 0.032075 0.026370
0 0.353419 0.549443 0.027587 0.024758
0 0.254224 0.537137 0.031151 0.032376
0 0.546661 0.553106 0.028643 0.028860
0 0.480333 0.458907 0.027191 0.028860
0 0.746634 0.528201 0.026795 0.027688
0 0.621436 0.731248 0.027719 0.027395
0 0.848337 0.731395 0.025607 0.024172
0 0.450106 0.540580 0.027719 0.027835
0 0.309398 0.185687 0.027455 0.036771
0 0.607313 0.348813 0.030887 0.029007
0 0.508118 0.399502 0.026003 0.025491
0 0.190734 0.635804 0.026663 0.032523
0 0.241750 0.143569 0.030491 0.030472
0 0.588833 0.828377 0.026663 0.027102
0 0.404633 0.136317 0.026003 0.032376
0 0.493730 0.868664 0.022307 0.027102
0 0.360546 0.717917 0.028115 0.028567
0 0.395987 0.764870 0.028775 0.029300
0 0.335269 0.875110 0.031415 0.028860
0 0.598799 0.167228 0.026003 0.023586
0 0.550356 0.646499 0.031283 0.034574
0 0.146713 0.213082 0.029699 0.031790
0 0.849591 0.772488 0.027587 0.026370
0 0.120578 0.441401 0.030227 0.031644
0 0.780887 0.666789 0.028511 0.025930
0 0.569430 0.211471 0.032735 0.027981
0 0.676082 0.329769 0.028511 0.028421
0 0.156481 0.535599 0.028379 0.032816
0 0.620380 0.700776 0.030359 0.034427
0 0.308738 0.132362 0.028775 0.032376
0 0.301478 0.854600 0.026399 0.029153
0 0.483369 0.579549 0.024551 0.029007
0 0.119258 0.411735 0.028379 0.030032
0 0.114506 0.251245 0.027323 0.033109
0 0.448324 0.458687 0.027587 0.026370
0 0.248086 0.370422 0.029435 0.034134
0 0.504884 0.232420 0.025343 0.028274
0 0.298178 0.794682 0.029567 0.029739
0 0.152257 0.411222 0.028643 0.020803
0 0.339229 0.097861 0.029831 0.025198
0 0.170803 0.830501 0.031415 0.036625
0 0.586325 0.679974 0.029303 0.027395
0 0.255874 0.568415 0.026267 0.027835
0 0.486800 0.683270 0.028775 0.028421
0 0.516169 0.609142 0.028115 0.024319
0 0.283725 0.399209 0.027587 0.027542
0 0.470433 0.108263 0.035903 0.037504
0 0.580253 0.433490 0.028511 0.029300
0 0.654039 0.728831 0.028511 0.031937
0 0.335071 0.904703 0.030491 0.028274
0 0.867146 0.339511 0.031019 0.041752
0 0.285045 0.425652 0.028907 0.029153
0 0.537619 0.266042 0.027455 0.027835
0 0.710071 0.392250 0.026531 0.028567
0 0.542239 0.383387 0.030359 0.032523
0 0.445948 0.406387 0.032075 0.040727
0 0.425224 0.656314 0.026003 0.025198
0 0.616750 0.602769 0.026531 0.029446
0 0.452350 0.585116 0.031415 0.053912
0 0.518017 0.666789 0.027587 0.025930
0 0.350317 0.460372 0.025079 0.022121
0 0.350053 0.435101 0.027719 0.028421
0 0.589097 0.895107 0.033791 0.047466
0 0.184332 0.435980 0.027851 0.028714
0 0.748746 0.624524 0.026003 0.027835
0 0.794219 0.132728 0.033527 0.041313
0 0.450634 0.513624 0.025607 0.026370
0 0.585335 0.619836 0.027059 0.032230
0 0.409649 0.264503 0.028379 0.025051
0 0.579197 0.403457 0.032735 0.033402
0 0.249670 0.439203 0.028643 0.027249
0 0.518743 0.694843 0.032471 0.031937
0 0.844311 0.592953 0.027587 0.023586
0 0.679514 0.455391 0.029039 0.027981
0 0.681956 0.486083 0.030755 0.027249
0 0.588899 0.802886 0.026267 0.023293
0 0.207695 0.144374 0.028115 0.028567
0 0.851043 0.874670 0.029171 0.044389
0 0.876122 0.633753 0.024419 0.029886
0 0.492938 0.840683 0.026531 0.027102
0 0.536167 0.236083 0.028775 0.031497
0 0.653841 0.758936 0.028379 0.027395
0 0.331507 0.726633 0.029699 0.024026
0 0.542239 0.412321 0.026399 0.027981
0 0.552336 0.755713 0.028907 0.030032
0 0.877112 0.683416 0.024023 0.025198
0 0.842331 0.567902 0.029171 0.030911
0 0.877508 0.710665 0.025079 0.026077
0 0.245974 0.333651 0.027851 0.032376
0 0.119456 0.382069 0.028247 0.031058
0 0.162619 0.696821 0.029567 0.031497
0 0.803986 0.381409 0.032735 0.023879
0 0.521647 0.899941 0.026399 0.029886
0 0.268941 0.875037 0.034715 0.030472
0 0.303458 0.880604 0.025607 0.022854
0 0.482313 0.553985 0.024815 0.021242
0 0.376716 0.324055 0.031679 0.023440
0 0.242806 0.241576 0.027059 0.028128
0 0.299102 0.826839 0.026135 0.031644
0 0.442714 0.295854 0.029303 0.025637
0 0.553458 0.781058 0.027983 0.024172
0 0.425224 0.731834 0.032867 0.049956
0 0.510560 0.458321 0.027191 0.021535
0 0.720631 0.676751 0.027851 0.023000
0 0.541513 0.356871 0.029699 0.025491
0 0.780227 0.574128 0.025871 0.025784
0 0.615958 0.572590 0.027323 0.029153
0 0.605927 0.322004 0.028115 0.022268
0 0.523363 0.870275 0.027455 0.027981
0 0.720631 0.651846 0.026003 0.025344
0 0.654171 0.664665 0.030887 0.026956
0 0.262738 0.741723 0.034187 0.036625
0 0.439744 0.183343 0.029435 0.028567
0 0.197664 0.731102 0.024155 0.026223
0 0.372492 0.102769 0.028247 0.030325
0 0.443902 0.328743 0.029039 0.040141
0 0.164269 0.728172 0.031811 0.031790
0 0.869258 0.395107 0.030491 0.028128
0 0.118004 0.284134 0.028775 0.028274
0 0.655095 0.840536 0.024551 0.023000
0 0.243928 0.273953 0.029831 0.030765
0 0.473403 0.264357 0.031811 0.031790
0 0.308540 0.099180 0.029699 0.036039
0 0.342529 0.177849 0.031151 0.032523
0 0.765576 0.249121 0.027191 0.050249
0 0.486470 0.654776 0.025211 0.025051
0 0.241024 0.106065 0.032207 0.042485
0 0.449380 0.486302 0.025739 0.026516
0 0.477297 0.319221 0.030095 0.024612
0 0.368400 0.883021 0.027983 0.025344
0 0.532537 0.208614 0.030227 0.027835
0 0.881600 0.790580 0.023759 0.025637
0 0.183936 0.381995 0.029963 0.027102
0 0.158791 0.596689 0.025079 0.024905
0 0.780821 0.599766 0.027587 0.028128
0 0.480663 0.484911 0.026795 0.021389
0 0.585599 0.527908 0.028115 0.027981
0 0.873548 0.490185 0.030623 0.039848
0 0.391895 0.699604 0.029567 0.036771
0 0.252508 0.506446 0.032207 0.028421
0 0.401597 0.887416 0.027587 0.024172
0 0.570354 0.246191 0.031943 0.038236
0 0.440074 0.211031 0.031415 0.026223
0 0.244390 0.302959 0.027587 0.026370
0 0.583883 0.499487 0.029171 0.032083
0 0.874736 0.559259 0.029039 0.036478
0 0.634768 0.218649 0.030095 0.026516
0 0.473535 0.233739 0.029963 0.030325
0 0.484952 0.620568 0.027983 0.043071
0 0.186444 0.469821 0.034715 0.038676
0 0.860414 0.198506 0.037091 0.041313
0 0.495050 0.895400 0.019931 0.023440
0 0.819364 0.875696 0.027323 0.032669
0 0.118334 0.312262 0.027851 0.030032
0 0.871568 0.457589 0.030359 0.028274
0 0.637606 0.268166 0.027587 0.025930
0 0.199512 0.780691 0.032075 0.033695
0 0.719113 0.721213 0.029039 0.046880
0 0.572862 0.280472 0.026927 0.030618
0 0.475317 0.292997 0.030095 0.028421
0 0.184464 0.408878 0.027059 0.026077
0 0.272439 0.906387 0.027983 0.031351
0 0.875000 0.523293 0.031415 0.038676
0 0.615562 0.548198 0.027851 0.021096
0 0.501320 0.106505 0.023495 0.035160
0 0.209411 0.248169 0.024419 0.027249
0 0.868334 0.371228 0.029963 0.025784
0 0.204461 0.852989 0.025079 0.022121
0 0.208949 0.877967 0.034319 0.029300
0 0.446476 0.429388 0.028907 0.029886
0 0.865694 0.281790 0.030227 0.029739
0 0.481389 0.529886 0.026135 0.027249
0 0.161101 0.629358 0.027323 0.036918
0 0.503432 0.206929 0.025079 0.025637
0 0.303920 0.905289 0.022043 0.025637
0 0.857841 0.140419 0.033791 0.037943
0 0.354277 0.573103 0.023231 0.023440
0 0.480465 0.506812 0.029567 0.028567
0 0.208421 0.824714 0.034847 0.033841
0 0.864440 0.248022 0.036167 0.042778
0 0.635890 0.242968 0.028907 0.024758
0 0.550884 0.675212 0.029963 0.025491
0 0.874868 0.588339 0.025871 0.021096
0 0.870446 0.418693 0.025739 0.022268
0 0.865166 0.307647 0.028379 0.024319
0 0.880412 0.821638 0.026663 0.032669
0 0.263860 0.778274 0.031679 0.031204
0 0.171529 0.860533 0.031547 0.024905
0 0.309266 0.157999 0.027719 0.031790
0 0.402059 0.909171 0.028247 0.023440
0 0.551214 0.690741 0.031679 0.030765
0 0.875726 0.608336 0.023891 0.023000
0 0.341803 0.156754 0.029435 0.023440
0 0.200238 0.754395 0.030095 0.026809
0 0.839823 0.451875 0.026003 0.044096
0 0.266697 0.803838 0.031547 0.026956
0 0.171133 0.898843 0.035243 0.042631
0 0.165193 0.751904 0.029171 0.027102
0 0.848469 0.750439 0.026927 0.025051
0 0.209873 0.903824 0.028247 0.026223
0 0.719047 0.702168 0.025211 0.024612
0 0.205583 0.112071 0.034979 0.038969
0 0.150541 0.345664 0.029963 0.028567
0 0.368928 0.906461 0.027719 0.024465
0 0.871370 0.432025 0.029699 0.027542
0 0.787025 0.096469 0.024419 0.026223
0 0.860084 0.168180 0.032999 0.018752
0 0.822334 0.905875 0.032999 0.018898
