0 0.408508 0.095387 0.028731 0.046612
0 0.696653 0.057665 0.028173 0.047093
0 0.695119 0.141038 0.026220 0.038924
0 0.743096 0.105478 0.026778 0.042768
0 0.270293 0.098991 0.026778 0.039404
0 0.696653 0.100673 0.025384 0.043729
0 0.545746 0.424315 0.025941 0.045171
0 0.643654 0.418068 0.023710 0.042287
0 0.789400 0.138155 0.027894 0.042768
0 0.316876 0.705911 0.030126 0.049976
0 0.452999 0.467323 0.026778 0.042768
0 0.590656 0.751081 0.028173 0.040365
0 0.500976 0.097549 0.022873 0.038443
0 0.406137 0.710716 0.029010 0.047093
0 0.270153 0.751081 0.025384 0.039404
0 0.599582 0.055983 0.029847 0.045651
0 0.458159 0.103316 0.030404 0.037482
0 0.735983 0.468525 0.027615 0.042287
0 0.588842 0.706391 0.028452 0.050937
0 0.633333 0.791446 0.028731 0.049015
0 0.221199 0.138155 0.027336 0.040846
0 0.500976 0.425276 0.027894 0.039404
0 0.499582 0.462037 0.026220 0.038924
0 0.501255 0.137194 0.025105 0.040846
0 0.556346 0.242672 0.018131 0.030754
0 0.647699 0.135031 0.029010 0.041326
0 0.506834 0.244594 0.020642 0.028832
0 0.316736 0.747958 0.025941 0.037963
0 0.493724 0.708554 0.029010 0.036040
0 0.130962 0.061028 0.028731 0.051898
0 0.316318 0.131667 0.025105 0.050937
0 0.269735 0.137674 0.026220 0.044690
0 0.453417 0.428160 0.026499 0.043248
0 0.269596 0.788083 0.025941 0.040365
0 0.548396 0.546612 0.020084 0.036040
0 0.227057 0.218645 0.018968 0.030754
0 0.452441 0.383950 0.027336 0.044210
0 0.951743 0.765257 0.024547 0.037963
0 0.414086 0.218164 0.021478 0.030754
0 0.361646 0.787842 0.028731 0.042768
0 0.457880 0.140798 0.029289 0.038443
0 0.175314 0.135512 0.027057 0.048054
0 0.680056 0.785440 0.029568 0.044690
0 0.545188 0.463719 0.025941 0.036521
0 0.600976 0.095627 0.023710 0.038443
0 0.035146 0.116771 0.023989 0.033638
0 0.741004 0.501442 0.021478 0.029313
0 0.962901 0.562470 0.018968 0.028352
0 0.606695 0.240750 0.018968 0.031716
0 0.600000 0.131667 0.023989 0.044210
0 0.589540 0.788803 0.026499 0.042768
0 0.035146 0.149207 0.022873 0.037001
0 0.316457 0.790005 0.025941 0.049976
0 0.645049 0.378424 0.027057 0.044690
0 0.538912 0.778952 0.027336 0.052859
0 0.543515 0.904373 0.022036 0.034599
0 0.462762 0.247237 0.021757 0.030274
0 0.645746 0.580250 0.017852 0.031235
0 0.730265 0.870255 0.024547 0.054781
0 0.742817 0.143921 0.029010 0.037001
0 0.928033 0.141038 0.027336 0.048534
0 0.458856 0.056223 0.027336 0.056704
0 0.128591 0.480538 0.024547 0.037482
0 0.269596 0.710235 0.025941 0.052859
0 0.593166 0.910380 0.020921 0.032196
0 0.501534 0.058866 0.022873 0.044690
0 0.409484 0.055502 0.030126 0.039885
0 0.550488 0.058145 0.024826 0.047093
0 0.867225 0.464680 0.025105 0.041326
0 0.361646 0.708073 0.027057 0.047573
0 0.451185 0.704229 0.028731 0.052379
0 0.362483 0.134310 0.025384 0.047573
0 0.222594 0.711437 0.031241 0.051418
0 0.546304 0.380586 0.025941 0.043248
0 0.881032 0.102114 0.026499 0.038924
0 0.688285 0.383229 0.029847 0.051418
0 0.701953 0.219366 0.018131 0.030274
0 0.602371 0.580250 0.020363 0.028352
0 0.500558 0.844546 0.021478 0.030274
0 0.742678 0.062951 0.026499 0.048054
0 0.690377 0.553820 0.020084 0.032196
0 0.644491 0.452427 0.024826 0.034118
0 0.409205 0.136713 0.023989 0.040846
0 0.679219 0.713840 0.023989 0.048534
0 0.701395 0.246997 0.018689 0.030754
0 0.501534 0.384671 0.027336 0.043729
0 0.128731 0.396925 0.030404 0.048054
0 0.361088 0.433686 0.027615 0.041807
0 0.229568 0.829169 0.021199 0.035079
0 0.737517 0.385632 0.027336 0.041807
0 0.680195 0.752523 0.025384 0.029793
0 0.414784 0.268621 0.020084 0.031716
0 0.318828 0.387074 0.027336 0.045651
0 0.368061 0.243633 0.018131 0.030754
0 0.684519 0.937770 0.018410 0.028352
0 0.633891 0.753484 0.028173 0.037482
0 0.869735 0.395963 0.025105 0.045171
0 0.036960 0.087218 0.019805 0.031235
0 0.740586 0.554301 0.020084 0.030274
0 0.637099 0.935127 0.020084 0.031716
0 0.500139 0.814993 0.022873 0.034599
0 0.962622 0.589140 0.017852 0.027871
0 0.495676 0.743152 0.024547 0.039885
0 0.463319 0.190774 0.019526 0.026910
0 0.504184 0.526430 0.021478 0.031235
0 0.556904 0.213840 0.019805 0.031716
0 0.129847 0.133830 0.028731 0.049495
0 0.650907 0.251562 0.018131 0.026430
0 0.319665 0.058385 0.027336 0.046612
0 0.550349 0.601394 0.020084 0.030274
0 0.414784 0.186209 0.022315 0.036040
0 0.226778 0.245555 0.017852 0.027871
0 0.502510 0.872898 0.022594 0.029313
0 0.789261 0.272225 0.018689 0.028352
0 0.951883 0.727054 0.028173 0.045171
0 0.919386 0.617011 0.020084 0.032677
0 0.829428 0.584575 0.019247 0.025469
0 0.746165 0.267420 0.018968 0.032196
0 0.791632 0.216242 0.019526 0.030754
0 0.927057 0.067516 0.025384 0.046612
0 0.037517 0.435608 0.026499 0.037001
0 0.556625 0.185968 0.018131 0.027871
0 0.093445 0.595867 0.020084 0.031716
0 0.504045 0.496877 0.024547 0.035560
0 0.880614 0.140317 0.023431 0.037482
0 0.176290 0.060548 0.027894 0.052859
0 0.362204 0.473330 0.020921 0.043248
0 0.361646 0.749399 0.024826 0.037963
0 0.549512 0.574483 0.018968 0.025469
0 0.687169 0.457953 0.030404 0.049976
0 0.221897 0.467083 0.028731 0.047093
0 0.271827 0.472369 0.024826 0.038443
0 0.635286 0.712398 0.025941 0.044690
0 0.738215 0.608121 0.023710 0.031235
0 0.605858 0.270062 0.019526 0.029793
0 0.973919 0.100432 0.024268 0.035560
0 0.818410 0.753244 0.025105 0.037001
0 0.790795 0.245555 0.018410 0.029793
0 0.550767 0.096108 0.021478 0.042287
0 0.602232 0.551177 0.018968 0.031716
0 0.651743 0.226814 0.018689 0.027871
0 0.910460 0.762854 0.025662 0.038924
0 0.684519 0.910860 0.018410 0.028352
0 0.973222 0.064873 0.023431 0.041326
0 0.741562 0.528111 0.020363 0.026910
0 0.775035 0.875781 0.022594 0.032196
0 0.090656 0.229697 0.020642 0.030754
0 0.271967 0.435608 0.025662 0.037001
0 0.724686 0.757088 0.025105 0.040846
0 0.368480 0.822201 0.018968 0.030754
0 0.083682 0.142720 0.030126 0.042287
0 0.592748 0.880346 0.020084 0.031716
0 0.652022 0.276309 0.019805 0.025949
0 0.647559 0.061509 0.024826 0.041326
0 0.917573 0.466362 0.024826 0.039885
0 0.651325 0.202787 0.017294 0.023066
0 0.044351 0.533157 0.017294 0.027391
0 0.271548 0.057665 0.025384 0.046132
0 0.822734 0.467083 0.025941 0.039404
0 0.218828 0.101394 0.026499 0.040365
0 0.494979 0.779193 0.025384 0.041807
0 0.182985 0.564152 0.018968 0.029793
0 0.415063 0.296492 0.021199 0.028832
0 0.645746 0.607160 0.017852 0.027391
0 0.931241 0.229938 0.016457 0.025469
0 0.829707 0.558626 0.020363 0.029313
0 0.782706 0.390437 0.026220 0.048534
0 0.772106 0.718164 0.023431 0.042768
0 0.367643 0.930082 0.020642 0.031235
0 0.602929 0.521144 0.019805 0.030274
0 0.789819 0.297934 0.017573 0.026910
0 0.276848 0.827487 0.022594 0.035560
0 0.606416 0.213599 0.021199 0.025469
0 0.783682 0.525949 0.018131 0.032196
0 0.819386 0.715041 0.029289 0.045171
0 0.556206 0.271744 0.017852 0.028352
0 0.652022 0.160019 0.018131 0.018260
0 0.593863 0.823642 0.021757 0.031716
0 0.138075 0.280875 0.017294 0.025469
0 0.462622 0.277751 0.021478 0.034599
0 0.501813 0.901009 0.020642 0.030754
0 0.702789 0.192696 0.018131 0.027871
0 0.269456 0.396204 0.027894 0.047573
0 0.360112 0.391879 0.025105 0.040846
0 0.277545 0.557184 0.017852 0.031235
0 0.833891 0.139116 0.023152 0.042768
0 0.274477 0.192936 0.019526 0.031235
0 0.133752 0.568477 0.023152 0.033638
0 0.540865 0.708313 0.029568 0.042287
0 0.829568 0.528352 0.020084 0.032196
0 0.682706 0.823402 0.027057 0.036040
0 0.410879 0.873378 0.020084 0.032196
0 0.042259 0.251802 0.019805 0.027871
0 0.824407 0.429601 0.024826 0.042287
0 0.782148 0.616531 0.021199 0.026910
0 0.504045 0.930562 0.025105 0.034118
0 0.605858 0.187890 0.020084 0.027871
0 0.039888 0.178039 0.017294 0.023546
0 0.782008 0.497357 0.020921 0.027871
0 0.219805 0.390678 0.026220 0.046132
0 0.737936 0.426237 0.025941 0.044210
0 0.084240 0.104037 0.028452 0.042768
0 0.869317 0.613888 0.019247 0.029313
0 0.836123 0.282316 0.018689 0.028352
0 0.726778 0.714080 0.027057 0.050937
0 0.881032 0.060548 0.026499 0.045171
0 0.368619 0.874820 0.018689 0.027391
0 0.645049 0.098030 0.030962 0.036521
0 0.556904 0.296012 0.017573 0.025949
0 0.636960 0.907496 0.021478 0.028352
0 0.919386 0.587458 0.018968 0.032196
0 0.972664 0.141999 0.022315 0.045651
0 0.542957 0.872417 0.022036 0.034118
0 0.960948 0.617732 0.019526 0.030274
0 0.746025 0.220807 0.018689 0.027391
0 0.083682 0.400048 0.023989 0.046612
0 0.222176 0.789765 0.023152 0.049495
0 0.543096 0.958193 0.023989 0.027871
0 0.506695 0.272225 0.019805 0.030274
0 0.549233 0.514656 0.017852 0.027871
0 0.728731 0.827006 0.032078 0.033638
0 0.781172 0.463719 0.025384 0.041326
0 0.602232 0.491831 0.022315 0.030274
0 0.601674 0.617732 0.020084 0.049495
0 0.973640 0.253724 0.017015 0.027871
0 0.828870 0.608842 0.019805 0.028832
0 0.591492 0.852955 0.024826 0.029793
0 0.884379 0.281355 0.019247 0.030274
0 0.596095 0.385872 0.025105 0.033638
0 0.227755 0.191254 0.018131 0.025949
0 0.918828 0.429121 0.023989 0.036521
0 0.504324 0.554541 0.018968 0.031716
0 0.930962 0.255406 0.017573 0.027391
0 0.782706 0.587938 0.020084 0.033157
0 0.415342 0.242672 0.017294 0.024027
0 0.597490 0.419029 0.021199 0.036521
0 0.964993 0.536281 0.018131 0.026910
0 0.320502 0.167708 0.019526 0.026910
0 0.637657 0.961557 0.019526 0.025949
0 0.368898 0.849111 0.017573 0.026910
0 0.542678 0.931764 0.019247 0.027871
0 0.834031 0.098991 0.025105 0.040365
0 0.829568 0.498318 0.021757 0.027871
0 0.462622 0.218885 0.019805 0.033157
0 0.746304 0.291927 0.019805 0.026430
0 0.233054 0.596828 0.019247 0.027871
0 0.175174 0.396444 0.027336 0.045171
0 0.457462 0.555022 0.018410 0.028832
0 0.095119 0.624700 0.018968 0.026910
0 0.886192 0.225613 0.017294 0.030274
0 0.918689 0.380827 0.030404 0.058145
0 0.690237 0.581211 0.018689 0.028352
0 0.461925 0.302979 0.020084 0.026430
0 0.864854 0.802259 0.026499 0.043729
0 0.886053 0.199183 0.017573 0.026430
0 0.323710 0.533157 0.017015 0.023546
0 0.791771 0.065113 0.026499 0.050457
0 0.689400 0.524027 0.021478 0.029313
0 0.886053 0.172513 0.018131 0.029793
0 0.322594 0.907737 0.019805 0.026910
0 0.686890 0.882749 0.022594 0.032677
0 0.815621 0.793128 0.026778 0.042768
0 0.273780 0.166506 0.019805 0.024507
0 0.086890 0.064873 0.025941 0.042287
0 0.505160 0.583133 0.019526 0.031235
0 0.275453 0.219366 0.020921 0.028352
0 0.921757 0.533397 0.019247 0.029793
0 0.277964 0.530034 0.017015 0.025949
0 0.369596 0.214801 0.017852 0.029793
0 0.774198 0.903892 0.023710 0.029793
0 0.037378 0.051898 0.029010 0.042287
0 0.047001 0.618453 0.019805 0.027871
0 0.322315 0.469966 0.029847 0.050937
0 0.872524 0.500961 0.020642 0.033157
0 0.870432 0.560548 0.018131 0.033157
0 0.230265 0.501922 0.018689 0.030274
0 0.832775 0.062470 0.027615 0.039404
0 0.592748 0.938491 0.023989 0.029793
0 0.463738 0.168188 0.018689 0.022105
0 0.457880 0.841663 0.020363 0.030274
0 0.542678 0.816675 0.020363 0.028352
0 0.884937 0.306343 0.018131 0.026430
0 0.746304 0.194618 0.020363 0.025949
0 0.607252 0.163383 0.020642 0.024027
0 0.506276 0.200144 0.024547 0.057184
0 0.791492 0.167948 0.017573 0.021624
0 0.227197 0.167948 0.019247 0.024507
0 0.920502 0.503364 0.021199 0.032196
0 0.739470 0.580250 0.020084 0.030274
0 0.134031 0.539885 0.020921 0.027391
0 0.457741 0.868813 0.020084 0.028832
0 0.825244 0.388755 0.026499 0.043248
0 0.547978 0.490630 0.020363 0.022105
0 0.322036 0.827727 0.022036 0.029313
0 0.869596 0.587218 0.017015 0.023066
0 0.277824 0.855598 0.020642 0.024507
0 0.931939 0.204229 0.017294 0.027871
0 0.791771 0.189332 0.018131 0.026910
0 0.323849 0.509370 0.018410 0.027871
0 0.416318 0.568477 0.018689 0.031716
0 0.919944 0.644642 0.021757 0.030274
0 0.506416 0.297693 0.019247 0.026430
0 0.037378 0.398847 0.023431 0.035560
0 0.963877 0.396204 0.024826 0.045651
0 0.220084 0.062470 0.024547 0.043248
0 0.128173 0.441374 0.025384 0.044690
0 0.092608 0.566314 0.019526 0.030274
0 0.457601 0.580730 0.018689 0.029313
0 0.322873 0.932965 0.019247 0.028352
0 0.227894 0.272225 0.020084 0.024507
0 0.550907 0.139596 0.019526 0.032196
0 0.180056 0.172513 0.019247 0.032677
0 0.776011 0.932244 0.017852 0.029793
0 0.184379 0.590581 0.018968 0.027871
0 0.369038 0.273426 0.017852 0.028832
0 0.405021 0.752283 0.035146 0.042768
0 0.089819 0.538924 0.022873 0.029313
0 0.321757 0.298174 0.019805 0.025469
0 0.865272 0.722489 0.027336 0.048534
0 0.645746 0.552859 0.017294 0.024507
0 0.596653 0.456031 0.024547 0.037482
0 0.041423 0.201346 0.017573 0.022105
0 0.043515 0.508169 0.018410 0.024507
0 0.368201 0.901009 0.017852 0.029793
0 0.725941 0.794810 0.028731 0.037482
0 0.689958 0.497597 0.022036 0.031235
0 0.886053 0.255166 0.017015 0.031716
0 0.685495 0.963719 0.017573 0.027391
0 0.637378 0.883950 0.021199 0.023546
0 0.824407 0.827487 0.017573 0.025949
0 0.410739 0.387554 0.025941 0.045651
0 0.685914 0.852955 0.022873 0.027871
0 0.645746 0.630706 0.019526 0.024507
0 0.091353 0.254926 0.019805 0.026430
0 0.368201 0.555502 0.018410 0.023066
0 0.873082 0.530274 0.020084 0.027391
0 0.782845 0.559106 0.020921 0.039885
0 0.508368 0.217924 0.019247 0.026430
0 0.041980 0.276069 0.018689 0.024507
0 0.091911 0.511052 0.021478 0.031235
0 0.458717 0.499760 0.017015 0.026910
0 0.321339 0.273186 0.018968 0.028352
0 0.083961 0.470207 0.026778 0.042768
0 0.182148 0.223931 0.017852 0.025949
0 0.504881 0.608842 0.018410 0.025949
0 0.233473 0.572802 0.016736 0.023066
0 0.549233 0.628304 0.020084 0.026430
0 0.091632 0.201826 0.020363 0.027871
0 0.950070 0.805382 0.025105 0.045171
0 0.133473 0.511773 0.018131 0.031716
0 0.277406 0.585296 0.015900 0.027871
0 0.230823 0.526910 0.018131 0.023546
0 0.542538 0.844065 0.022315 0.032196
0 0.407671 0.460115 0.027615 0.042768
0 0.180474 0.199183 0.018410 0.026430
0 0.369735 0.188611 0.018689 0.029313
0 0.459554 0.632388 0.019805 0.028832
0 0.731241 0.967083 0.021478 0.025469
0 0.416318 0.598270 0.020921 0.031716
0 0.230404 0.864488 0.028452 0.037482
0 0.746165 0.243393 0.016736 0.019702
0 0.505021 0.632629 0.019247 0.024507
0 0.775593 0.836617 0.025941 0.049976
0 0.280056 0.932244 0.017852 0.026910
0 0.181311 0.535560 0.021199 0.032196
0 0.931660 0.308265 0.019526 0.028352
0 0.828731 0.634551 0.022873 0.032196
0 0.368340 0.603556 0.016457 0.025949
0 0.955788 0.917588 0.019805 0.030274
0 0.229986 0.941615 0.023152 0.027391
0 0.320781 0.191735 0.018968 0.026910
0 0.689679 0.606199 0.020921 0.028352
0 0.276709 0.504085 0.018410 0.027871
0 0.326639 0.641519 0.018968 0.024988
0 0.772106 0.757568 0.025105 0.035079
0 0.869874 0.640557 0.020921 0.028832
0 0.181311 0.252283 0.018410 0.033638
0 0.135146 0.621816 0.019805 0.026910
0 0.411576 0.844306 0.020363 0.029793
0 0.910879 0.720086 0.027615 0.047573
0 0.317992 0.428400 0.021199 0.037963
0 0.362901 0.061028 0.024547 0.046132
0 0.457880 0.607400 0.022594 0.029793
0 0.323849 0.222970 0.022873 0.035560
0 0.703068 0.169390 0.017573 0.022585
0 0.417294 0.518981 0.015063 0.018260
0 0.957043 0.835896 0.018410 0.024507
0 0.232218 0.969246 0.019247 0.024027
0 0.091074 0.174435 0.019247 0.029793
0 0.554812 0.162902 0.019526 0.022105
0 0.042957 0.300336 0.018410 0.025949
0 0.177406 0.475973 0.027894 0.040846
0 0.838633 0.197021 0.018131 0.029793
0 0.417294 0.627583 0.021199 0.027871
0 0.956067 0.889236 0.018689 0.032196
0 0.232915 0.623739 0.025662 0.032677
0 0.327894 0.617492 0.018131 0.029793
0 0.277266 0.608842 0.016736 0.024988
0 0.136541 0.199904 0.016457 0.023066
0 0.973919 0.230658 0.017015 0.024027
0 0.635983 0.855358 0.025662 0.037482
0 0.606276 0.293128 0.019805 0.025949
0 0.038215 0.470927 0.022873 0.037482
0 0.090656 0.279193 0.021757 0.026910
0 0.958159 0.942816 0.019526 0.024027
0 0.909623 0.802018 0.029010 0.043248
0 0.230544 0.892119 0.020921 0.028352
0 0.837936 0.224411 0.015621 0.026910
0 0.838354 0.173474 0.016457 0.024988
0 0.323570 0.559346 0.020084 0.032677
0 0.864993 0.761173 0.022873 0.039404
0 0.137238 0.645843 0.021757 0.028832
0 0.701813 0.273907 0.020084 0.027871
0 0.410181 0.904853 0.018689 0.031716
0 0.930126 0.177559 0.020363 0.028352
0 0.386750 0.420231 0.017015 0.030274
0 0.957601 0.860884 0.018968 0.026430
0 0.825244 0.854877 0.015342 0.028832
0 0.277266 0.635272 0.015621 0.025949
0 0.366667 0.506487 0.018689 0.024988
0 0.972664 0.281355 0.017852 0.029313
0 0.919805 0.560067 0.018131 0.026430
0 0.729149 0.911100 0.018968 0.030754
0 0.323710 0.587458 0.020363 0.031235
0 0.320781 0.250601 0.017852 0.023546
0 0.930544 0.283037 0.017852 0.028832
0 0.836402 0.304901 0.019805 0.024507
0 0.134728 0.597309 0.018968 0.027871
0 0.746722 0.172753 0.020084 0.023546
0 0.368340 0.166747 0.018131 0.021144
0 0.775732 0.796973 0.037378 0.058145
0 0.837796 0.253964 0.019247 0.030274
0 0.458856 0.927679 0.020642 0.028352
0 0.412552 0.164584 0.019526 0.020663
0 0.278103 0.882028 0.022873 0.033157
0 0.369038 0.957472 0.020642 0.027391
0 0.459275 0.952427 0.020921 0.027871
0 0.045607 0.561989 0.018131 0.031235
0 0.964156 0.507929 0.018689 0.027871
0 0.715760 0.143200 0.016736 0.030754
0 0.410042 0.932965 0.019526 0.030274
0 0.456485 0.814512 0.020921 0.025949
0 0.960948 0.643200 0.019526 0.026430
0 0.958996 0.472129 0.026220 0.051418
0 0.182008 0.281355 0.018689 0.022585
0 0.185216 0.615569 0.020084 0.027871
0 0.180614 0.508650 0.022594 0.024507
0 0.322734 0.853676 0.018410 0.024507
0 0.174895 0.437290 0.027894 0.040365
0 0.644351 0.476934 0.024547 0.029313
0 0.459275 0.899568 0.018131 0.035560
0 0.504324 0.960836 0.025662 0.033157
0 0.913110 0.833253 0.023710 0.029793
0 0.595816 0.370255 0.023431 0.033157
0 0.275732 0.290245 0.018689 0.020183
0 0.973780 0.176838 0.018968 0.029793
0 0.137517 0.172033 0.017294 0.025949
0 0.138494 0.223450 0.018131 0.028832
0 0.137936 0.253003 0.015342 0.026430
0 0.138773 0.304661 0.019805 0.019222
0 0.181729 0.302259 0.019247 0.022105
0 0.228173 0.294330 0.017852 0.019702
0 0.274756 0.244354 0.017852 0.020663
0 0.275593 0.266939 0.017294 0.026430
0 0.040446 0.223931 0.017294 0.023066
0 0.368898 0.297213 0.019247 0.025469
0 0.652859 0.180442 0.018689 0.022585
0 0.973361 0.303940 0.016457 0.020663
0 0.974616 0.202066 0.021757 0.027391
0 0.369317 0.625901 0.016179 0.021624
0 0.369317 0.576646 0.017294 0.024027
0 0.416876 0.540846 0.015342 0.025469
0 0.457322 0.525949 0.016457 0.022585
0 0.044212 0.591302 0.019247 0.027391
0 0.045188 0.642720 0.017294 0.020663
0 0.093584 0.647045 0.015900 0.020663
0 0.230126 0.547573 0.017852 0.020663
0 0.367643 0.528111 0.020642 0.023066
0 0.418550 0.494474 0.015900 0.017299
0 0.231520 0.918309 0.016736 0.024988
0 0.278661 0.909178 0.021757 0.023066
0 0.280614 0.960115 0.021757 0.028832
0 0.323849 0.880106 0.016736 0.026430
0 0.323570 0.958914 0.017294 0.021624
0 0.405579 0.786881 0.027336 0.045651
0 0.411158 0.820038 0.017294 0.022585
0 0.410181 0.961317 0.019247 0.026430
0 0.730265 0.941374 0.015063 0.029793
0 0.777127 0.960596 0.017294 0.024988
0 0.824268 0.885872 0.014505 0.028352
0 0.823291 0.911100 0.015342 0.024027
0 0.823570 0.935127 0.015900 0.024027
0 0.869456 0.836136 0.017294 0.024988
0 0.869735 0.861845 0.017852 0.021624
0 0.869735 0.888035 0.017852 0.025949
0 0.869735 0.913743 0.016736 0.025469
0 0.871827 0.942335 0.015342 0.024988
0 0.871130 0.964921 0.017852 0.024027
0 0.913250 0.857761 0.018410 0.024988
0 0.915900 0.883710 0.018689 0.024027
0 0.915481 0.909899 0.017852 0.028352
0 0.917573 0.933205 0.016457 0.023066
0 0.703068 0.299616 0.022036 0.020663
