0 0.537630 0.186965 0.027865 0.046436
0 0.929036 0.145621 0.027344 0.040326
0 0.688932 0.187576 0.026302 0.046029
0 0.658594 0.187373 0.028646 0.044807
0 0.567969 0.228717 0.028646 0.044399
0 0.538281 0.108758 0.028125 0.043177
0 0.626693 0.149084 0.027344 0.041548
0 0.898177 0.145825 0.031250 0.041548
0 0.898438 0.107128 0.025521 0.039104
0 0.780078 0.147862 0.025260 0.043992
0 0.869792 0.109980 0.026042 0.038289
0 0.809115 0.185743 0.025521 0.045621
0 0.658854 0.226680 0.027604 0.042770
0 0.270703 0.185743 0.027344 0.045621
0 0.688281 0.112016 0.029167 0.037475
0 0.567448 0.148676 0.025000 0.039919
0 0.782292 0.187576 0.028125 0.046843
0 0.210417 0.106721 0.028125 0.043177
0 0.840234 0.108961 0.025781 0.046843
0 0.478516 0.186151 0.027344 0.043177
0 0.478776 0.113238 0.026302 0.041548
0 0.721875 0.187169 0.029687 0.046843
0 0.840234 0.266599 0.029948 0.045214
0 0.720443 0.227902 0.030469 0.043585
0 0.477995 0.148065 0.025260 0.040326
0 0.928646 0.390020 0.031771 0.043585
0 0.719401 0.388595 0.032552 0.047251
0 0.596484 0.146843 0.027344 0.040326
0 0.898568 0.226069 0.028385 0.044807
0 0.537500 0.147862 0.028125 0.042363
0 0.720964 0.307739 0.030469 0.048473
0 0.839714 0.226273 0.029948 0.045214
0 0.209245 0.270468 0.030469 0.047251
0 0.479297 0.073523 0.025781 0.040326
0 0.689193 0.227699 0.026823 0.042363
0 0.210026 0.147047 0.026823 0.044807
0 0.418359 0.270061 0.029948 0.044807
0 0.508073 0.110183 0.028125 0.046843
0 0.929818 0.185336 0.027865 0.043177
0 0.929557 0.226273 0.027865 0.044399
0 0.596224 0.185743 0.028906 0.043177
0 0.961849 0.184725 0.030990 0.046843
0 0.959766 0.224847 0.025260 0.041548
0 0.449219 0.151527 0.031771 0.041548
0 0.750911 0.263544 0.029427 0.049695
0 0.927083 0.553157 0.029687 0.041548
0 0.658594 0.147454 0.025000 0.043992
0 0.659245 0.108147 0.024219 0.036253
0 0.085286 0.106925 0.028906 0.042770
0 0.751953 0.147047 0.027344 0.042363
0 0.627474 0.186965 0.027344 0.045621
0 0.417969 0.187984 0.030208 0.045214
0 0.780339 0.108961 0.024740 0.041141
0 0.083854 0.147454 0.027083 0.046436
0 0.083984 0.188595 0.033594 0.045621
0 0.569141 0.073727 0.027344 0.035845
0 0.840104 0.186354 0.028125 0.044399
0 0.507812 0.190224 0.026562 0.046436
0 0.357161 0.227088 0.030469 0.042770
0 0.928125 0.105906 0.026562 0.042363
0 0.747917 0.433198 0.030208 0.049287
0 0.840234 0.307536 0.027344 0.048880
0 0.119271 0.190835 0.033333 0.046843
0 0.808984 0.225255 0.023177 0.037475
0 0.687109 0.307739 0.029427 0.043585
0 0.869922 0.072709 0.025781 0.040326
0 0.809896 0.146843 0.027604 0.039511
0 0.748177 0.474338 0.027604 0.038697
0 0.720964 0.074745 0.027344 0.040326
0 0.685937 0.392057 0.027604 0.046029
0 0.897266 0.438900 0.029427 0.050916
0 0.477734 0.228513 0.027865 0.045621
0 0.417578 0.228513 0.029427 0.046436
0 0.119271 0.317515 0.034375 0.046843
0 0.688281 0.075560 0.030208 0.040326
0 0.357292 0.187576 0.028125 0.045214
0 0.720573 0.147454 0.028125 0.039919
0 0.296094 0.108961 0.027083 0.043585
0 0.960938 0.105906 0.027083 0.039919
0 0.898958 0.185336 0.028125 0.043992
0 0.296224 0.148473 0.026302 0.041141
0 0.687630 0.267617 0.028385 0.043177
0 0.717578 0.345621 0.030469 0.040326
0 0.117057 0.396334 0.029427 0.040733
0 0.748437 0.349898 0.025521 0.046436
0 0.750130 0.306517 0.027344 0.041141
0 0.927214 0.515275 0.028385 0.039104
0 0.961589 0.266191 0.029948 0.045214
0 0.750651 0.222811 0.027344 0.038289
0 0.928776 0.348065 0.030469 0.048473
0 0.568490 0.111609 0.025521 0.043177
0 0.960938 0.142974 0.026562 0.037475
0 0.689193 0.148473 0.026823 0.040326
0 0.896615 0.353157 0.028125 0.050509
0 0.929427 0.477189 0.033854 0.045214
0 0.928385 0.304684 0.031771 0.043177
0 0.567448 0.187373 0.025521 0.044807
0 0.719531 0.267413 0.026042 0.043585
0 0.117708 0.147251 0.032292 0.047658
0 0.210547 0.187576 0.029948 0.042770
0 0.596484 0.227495 0.026823 0.040326
0 0.749609 0.391446 0.026823 0.042363
0 0.239323 0.189206 0.027083 0.046843
0 0.269271 0.146232 0.025000 0.039919
0 0.899609 0.070468 0.027344 0.046436
0 0.656641 0.389409 0.026302 0.041548
0 0.658464 0.265988 0.027344 0.044807
0 0.718229 0.430754 0.030729 0.040326
0 0.053255 0.106721 0.029427 0.044807
0 0.654036 0.834012 0.031510 0.044399
0 0.720182 0.113035 0.028385 0.041141
0 0.117969 0.232587 0.032813 0.044807
0 0.358333 0.148473 0.026562 0.037882
0 0.717578 0.471487 0.033073 0.046029
0 0.417057 0.147862 0.025781 0.039104
0 0.810156 0.266191 0.027604 0.046029
0 0.682943 0.433198 0.031510 0.040326
0 0.083594 0.435845 0.031250 0.043177
0 0.566667 0.270468 0.029167 0.044807
0 0.118099 0.275560 0.032552 0.043585
0 0.657552 0.308961 0.027083 0.048473
0 0.715885 0.512424 0.029167 0.048065
0 0.536849 0.229735 0.027344 0.044807
0 0.929297 0.592872 0.036719 0.046843
0 0.683854 0.471894 0.032813 0.041955
0 0.779818 0.070672 0.026823 0.041141
0 0.238802 0.270468 0.028646 0.048065
0 0.387240 0.187780 0.030729 0.046436
0 0.239453 0.229328 0.028385 0.037475
0 0.752083 0.107536 0.027604 0.040733
0 0.449609 0.112016 0.027344 0.048065
0 0.239974 0.148269 0.027865 0.043177
0 0.297266 0.186762 0.026823 0.038697
0 0.810286 0.110591 0.028906 0.042770
0 0.567057 0.389817 0.029427 0.043992
0 0.897266 0.395723 0.027344 0.037882
0 0.568229 0.349287 0.028125 0.045214
0 0.839583 0.351120 0.030208 0.047251
0 0.628646 0.109165 0.025521 0.045621
0 0.686458 0.349287 0.029167 0.042770
0 0.297005 0.228310 0.029948 0.050102
0 0.898438 0.306110 0.023438 0.039511
0 0.751042 0.184725 0.026042 0.039511
0 0.782422 0.227699 0.027865 0.042363
0 0.840104 0.147454 0.025521 0.040733
0 0.926823 0.631568 0.028125 0.038697
0 0.356380 0.311202 0.028906 0.043177
0 0.268099 0.227902 0.027865 0.045214
0 0.449219 0.186965 0.028646 0.039919
0 0.928646 0.432587 0.032292 0.048065
0 0.716667 0.552546 0.028646 0.038697
0 0.083724 0.230143 0.029427 0.043992
0 0.448698 0.269857 0.030729 0.038697
0 0.598047 0.110998 0.023698 0.041141
0 0.683333 0.514053 0.030208 0.046436
0 0.449219 0.228921 0.028125 0.046436
0 0.539193 0.070672 0.025781 0.032994
0 0.328906 0.107943 0.031771 0.043992
0 0.083854 0.395519 0.029687 0.039919
0 0.052214 0.272709 0.029427 0.041955
0 0.839323 0.394094 0.030729 0.042770
0 0.898177 0.265784 0.027083 0.039511
0 0.569792 0.037882 0.027604 0.039919
0 0.117839 0.104684 0.031510 0.039104
0 0.809375 0.072912 0.028125 0.039919
0 0.929167 0.267210 0.030208 0.043992
0 0.717318 0.591446 0.028906 0.042363
0 0.054427 0.312220 0.027604 0.044399
0 0.358724 0.109776 0.026302 0.044399
0 0.810026 0.306517 0.028906 0.041955
0 0.115625 0.357026 0.031250 0.042770
0 0.567057 0.433401 0.028906 0.044807
0 0.927083 0.667210 0.027083 0.043177
0 0.269271 0.109369 0.025000 0.039511
0 0.387630 0.229532 0.026823 0.038697
0 0.567187 0.309369 0.027604 0.039511
0 0.238021 0.311813 0.026562 0.038697
0 0.508333 0.072301 0.027604 0.036253
0 0.326302 0.228310 0.028125 0.045214
0 0.268880 0.272301 0.029948 0.047658
0 0.208724 0.315071 0.027865 0.046843
0 0.656901 0.351120 0.027344 0.035845
0 0.326953 0.183910 0.027865 0.038697
0 0.418490 0.313035 0.027604 0.046029
0 0.083594 0.275356 0.028125 0.048065
0 0.806901 0.354379 0.031510 0.055397
0 0.387370 0.269857 0.029427 0.041141
0 0.506641 0.149287 0.027344 0.040326
0 0.683724 0.838493 0.027865 0.042770
0 0.654297 0.791242 0.028385 0.042770
0 0.326042 0.311609 0.027083 0.044807
0 0.595833 0.267617 0.026562 0.044807
0 0.540234 0.037067 0.025781 0.035031
0 0.720573 0.038900 0.028646 0.037067
0 0.448698 0.353360 0.026562 0.041955
0 0.355469 0.269450 0.029687 0.040326
0 0.597786 0.073523 0.025781 0.038697
0 0.151693 0.107536 0.029427 0.042363
0 0.209505 0.228513 0.028385 0.041548
0 0.838542 0.433605 0.028646 0.048473
0 0.326172 0.148269 0.028385 0.039919
0 0.151042 0.230754 0.025521 0.038697
0 0.052734 0.153157 0.030469 0.042363
0 0.596224 0.309572 0.026823 0.043177
0 0.178385 0.394501 0.027604 0.039511
0 0.388281 0.312627 0.029687 0.044399
0 0.477995 0.268024 0.028385 0.039919
0 0.354297 0.673727 0.028385 0.042363
0 0.082812 0.474134 0.030729 0.036660
0 0.052344 0.230754 0.029687 0.042770
0 0.536849 0.309980 0.029427 0.040733
0 0.389974 0.070672 0.032552 0.045214
0 0.148698 0.354786 0.029167 0.043177
0 0.323958 0.631568 0.029687 0.045214
0 0.355339 0.633605 0.027865 0.046843
0 0.150781 0.148473 0.030208 0.044399
0 0.323307 0.717923 0.030469 0.044399
0 0.180599 0.107943 0.027344 0.039919
0 0.326693 0.268839 0.027344 0.041548
0 0.447526 0.310794 0.027344 0.043177
0 0.747266 0.508554 0.025260 0.037882
0 0.355859 0.354786 0.028385 0.040733
0 0.084115 0.356823 0.030729 0.043177
0 0.149870 0.314868 0.025781 0.040733
0 0.177474 0.433198 0.028385 0.041955
0 0.657031 0.430754 0.025521 0.039511
0 0.053776 0.394297 0.029948 0.039104
0 0.388021 0.632383 0.028646 0.046029
0 0.178646 0.273931 0.029167 0.045214
0 0.596094 0.352546 0.028125 0.045214
0 0.181641 0.147047 0.027344 0.044807
0 0.537240 0.270672 0.028125 0.040326
0 0.208854 0.434012 0.029687 0.043585
0 0.116536 0.434827 0.029427 0.041141
0 0.387109 0.391242 0.028385 0.044399
0 0.323047 0.675764 0.028906 0.041548
0 0.208594 0.394908 0.030208 0.038697
0 0.683333 0.874949 0.031771 0.040733
0 0.297917 0.268839 0.025521 0.035031
0 0.267969 0.353157 0.026042 0.047251
0 0.716927 0.629328 0.029687 0.039919
0 0.595703 0.431976 0.027344 0.042770
0 0.654297 0.915886 0.028385 0.037882
0 0.654427 0.880652 0.026042 0.042363
0 0.083854 0.318126 0.027604 0.039919
0 0.386849 0.675764 0.028385 0.046436
0 0.419661 0.108961 0.024740 0.041955
0 0.239193 0.107332 0.025781 0.045214
0 0.178646 0.315682 0.028125 0.040733
0 0.683984 0.794501 0.027344 0.046029
0 0.386589 0.716904 0.027865 0.038289
0 0.269141 0.071283 0.025260 0.039104
0 0.150260 0.193686 0.025521 0.034623
0 0.658333 0.471487 0.021354 0.037882
0 0.417187 0.355804 0.028646 0.041141
0 0.207031 0.679837 0.028646 0.047251
0 0.653776 0.953360 0.027344 0.049287
0 0.053646 0.354175 0.029687 0.036253
0 0.714193 0.752342 0.029427 0.046436
0 0.295964 0.352953 0.028385 0.046029
0 0.179036 0.071894 0.027865 0.034623
0 0.478125 0.310183 0.029687 0.046843
0 0.715625 0.708961 0.034896 0.046843
0 0.354036 0.756619 0.031510 0.042770
0 0.053906 0.190631 0.026562 0.039104
0 0.267318 0.795112 0.028385 0.041548
0 0.150130 0.272709 0.026302 0.045214
0 0.449740 0.073931 0.025000 0.032179
0 0.208464 0.473523 0.028906 0.040326
0 0.207292 0.844603 0.028125 0.044399
0 0.352344 0.917719 0.025000 0.041548
0 0.179167 0.190428 0.025000 0.046843
0 0.714974 0.667006 0.028385 0.044399
0 0.149479 0.393686 0.027083 0.040326
0 0.444792 0.795927 0.032813 0.043992
0 0.447656 0.037882 0.030208 0.042363
0 0.355208 0.396538 0.027083 0.045214
0 0.655208 0.750305 0.028646 0.043992
0 0.684245 0.912220 0.030469 0.041955
0 0.476823 0.433401 0.030208 0.043177
0 0.115885 0.682077 0.027604 0.045214
0 0.207422 0.635642 0.026823 0.042770
0 0.389583 0.110183 0.022396 0.034623
0 0.239323 0.353157 0.027604 0.040733
0 0.083724 0.596538 0.027344 0.043585
0 0.685677 0.548473 0.027604 0.026477
0 0.566667 0.474542 0.026562 0.039104
0 0.477604 0.354379 0.027604 0.043177
0 0.390885 0.148473 0.022917 0.034623
0 0.685156 0.953360 0.032813 0.050916
0 0.446354 0.674745 0.031771 0.044399
0 0.324609 0.587780 0.028385 0.045621
0 0.178255 0.472301 0.025260 0.037882
0 0.117318 0.549695 0.029948 0.046843
0 0.867318 0.232994 0.020052 0.034216
0 0.388021 0.513238 0.029687 0.037475
0 0.354427 0.716497 0.027083 0.039919
0 0.476562 0.393483 0.028646 0.034216
0 0.322396 0.919348 0.030729 0.039104
0 0.655729 0.666802 0.027083 0.050509
0 0.296745 0.311405 0.025781 0.041141
0 0.294922 0.434623 0.027344 0.044807
0 0.354948 0.590020 0.029687 0.041955
0 0.116667 0.595519 0.026562 0.043992
0 0.206250 0.801222 0.027604 0.043992
0 0.267188 0.394705 0.022917 0.035845
0 0.206120 0.722811 0.027865 0.045214
0 0.208984 0.357434 0.028906 0.043585
0 0.116797 0.474949 0.029427 0.039104
0 0.178255 0.356415 0.025260 0.042363
0 0.325521 0.356212 0.028125 0.049287
0 0.179167 0.232179 0.024479 0.039919
0 0.322917 0.955397 0.031250 0.037882
0 0.595573 0.393075 0.025521 0.045621
0 0.357552 0.473320 0.026562 0.040733
0 0.684245 0.667617 0.028385 0.038289
0 0.566016 0.549084 0.027344 0.045621
0 0.418750 0.435845 0.029167 0.047251
0 0.239063 0.434012 0.026562 0.040326
0 0.385156 0.918534 0.028125 0.040733
0 0.387891 0.473523 0.027344 0.041141
0 0.267708 0.511405 0.024479 0.042770
0 0.325000 0.510387 0.029167 0.041548
0 0.325130 0.435234 0.027865 0.045214
0 0.684635 0.750305 0.026562 0.034216
0 0.387370 0.353768 0.027865 0.034623
0 0.323828 0.755397 0.026823 0.036253
0 0.267969 0.313035 0.025521 0.035438
0 0.684375 0.711609 0.026042 0.048065
0 0.417578 0.393686 0.026302 0.037882
0 0.083333 0.680652 0.027604 0.043177
0 0.145313 0.724847 0.033333 0.044399
0 0.056380 0.435438 0.017969 0.030143
0 0.055469 0.475560 0.023958 0.035438
0 0.053385 0.512220 0.025521 0.035438
0 0.085677 0.558248 0.023438 0.035438
0 0.082812 0.636864 0.023958 0.038697
0 0.080469 0.727291 0.026042 0.037882
0 0.081380 0.844807 0.025260 0.036660
0 0.081771 0.883503 0.026042 0.040733
0 0.080729 0.923218 0.028125 0.042770
0 0.084115 0.805092 0.030729 0.034623
0 0.114844 0.923218 0.028125 0.042770
0 0.115234 0.880448 0.024740 0.042770
0 0.114453 0.845825 0.024740 0.036253
0 0.114062 0.806110 0.021354 0.036660
0 0.114583 0.766395 0.026042 0.034623
0 0.116146 0.725255 0.028125 0.035438
0 0.116797 0.636049 0.029427 0.038697
0 0.148828 0.435438 0.025260 0.044807
0 0.147786 0.476171 0.024740 0.034216
0 0.115885 0.511609 0.026042 0.036660
0 0.083464 0.513238 0.029427 0.035845
0 0.148177 0.513646 0.026562 0.040733
0 0.146875 0.552953 0.023958 0.035438
0 0.148177 0.597352 0.028125 0.038697
0 0.147526 0.632790 0.027865 0.036253
0 0.148177 0.675153 0.028125 0.050102
0 0.147786 0.763951 0.027344 0.035438
0 0.145573 0.804481 0.026562 0.037475
0 0.146875 0.844807 0.025521 0.034216
0 0.147135 0.881874 0.026042 0.039919
0 0.146875 0.921181 0.028125 0.034623
0 0.147786 0.958656 0.027344 0.038697
0 0.115495 0.961711 0.029427 0.032587
0 0.081120 0.961303 0.027344 0.035845
0 0.176953 0.512627 0.025260 0.038697
0 0.178255 0.549695 0.026823 0.039511
0 0.177865 0.592668 0.028646 0.043992
0 0.175260 0.634420 0.027604 0.041955
0 0.177995 0.679837 0.029948 0.040733
0 0.177995 0.722607 0.029948 0.044807
0 0.177604 0.763340 0.028125 0.036660
0 0.179688 0.801833 0.028125 0.042770
0 0.179557 0.842770 0.026823 0.036660
0 0.177995 0.882485 0.031510 0.042770
0 0.176563 0.920570 0.031250 0.037475
0 0.177214 0.956008 0.027344 0.029328
0 0.205990 0.763340 0.030208 0.036660
0 0.205990 0.590428 0.031250 0.039511
0 0.207682 0.551935 0.026823 0.037475
0 0.208073 0.510591 0.026042 0.036253
0 0.238672 0.472505 0.028906 0.037475
0 0.236979 0.509572 0.030729 0.036660
0 0.237630 0.548676 0.026823 0.043992
0 0.237630 0.592668 0.026823 0.043992
0 0.236979 0.629124 0.023958 0.037882
0 0.237370 0.677189 0.031510 0.050102
0 0.237370 0.721181 0.029948 0.035438
0 0.238411 0.759063 0.029427 0.034623
0 0.237630 0.798778 0.029427 0.044807
0 0.237630 0.842770 0.029427 0.044807
0 0.237370 0.885540 0.031510 0.038289
0 0.235417 0.924236 0.028646 0.040733
0 0.238281 0.953971 0.028125 0.033401
0 0.266667 0.954582 0.032813 0.032179
0 0.266146 0.917923 0.028646 0.034623
0 0.266406 0.881263 0.028125 0.034623
0 0.269141 0.842159 0.032031 0.039511
0 0.267448 0.756008 0.031250 0.044807
0 0.267448 0.718534 0.028646 0.032587
0 0.267708 0.677800 0.028125 0.048880
0 0.267839 0.635031 0.029427 0.040733
0 0.265755 0.591039 0.026823 0.040733
0 0.267708 0.552953 0.028125 0.043585
0 0.269141 0.471487 0.026823 0.031365
0 0.267708 0.431772 0.026562 0.037475
0 0.295443 0.391446 0.029948 0.036660
0 0.324740 0.393686 0.026042 0.034623
0 0.323828 0.548269 0.026823 0.034216
0 0.322266 0.796741 0.027344 0.047251
0 0.322917 0.844399 0.026042 0.043992
0 0.321875 0.882485 0.026562 0.032179
0 0.352604 0.958859 0.026562 0.040733
0 0.382161 0.956415 0.024740 0.040733
0 0.351823 0.877189 0.028125 0.038697
0 0.354557 0.841752 0.029427 0.034623
0 0.383854 0.840733 0.023958 0.032587
0 0.383333 0.880855 0.028125 0.041955
0 0.352214 0.797352 0.031510 0.043585
0 0.385286 0.799389 0.026823 0.047658
0 0.384896 0.754990 0.030208 0.042770
0 0.386589 0.589409 0.027865 0.037475
0 0.387240 0.550305 0.025521 0.040733
0 0.355990 0.550713 0.030729 0.033401
0 0.355469 0.509572 0.028646 0.043177
0 0.417318 0.474134 0.026823 0.032587
0 0.417318 0.512220 0.024219 0.039511
0 0.414714 0.553971 0.022656 0.045621
0 0.416406 0.597760 0.023438 0.035438
0 0.417057 0.634827 0.024740 0.038697
0 0.416016 0.674134 0.024219 0.041548
0 0.416667 0.717312 0.023958 0.040733
0 0.444271 0.716293 0.028646 0.042770
0 0.445052 0.757637 0.030208 0.037475
0 0.445312 0.838493 0.023958 0.038697
0 0.445573 0.877189 0.026042 0.036253
0 0.442708 0.915886 0.023958 0.036253
0 0.443620 0.954990 0.027344 0.039511
0 0.446094 0.631772 0.028125 0.038289
0 0.448698 0.592668 0.029167 0.037475
0 0.449089 0.553564 0.027344 0.044807
0 0.447005 0.510794 0.032552 0.040733
0 0.447396 0.473523 0.030729 0.028921
0 0.446354 0.433401 0.028646 0.036660
0 0.448047 0.394705 0.029427 0.040733
0 0.476823 0.474949 0.023958 0.040733
0 0.478125 0.516701 0.023958 0.038697
0 0.565495 0.515275 0.025260 0.037475
0 0.594271 0.472505 0.025521 0.033401
0 0.595182 0.509572 0.027344 0.038289
0 0.594922 0.551935 0.024219 0.037475
0 0.594271 0.594705 0.025521 0.039919
0 0.565495 0.590428 0.029427 0.035438
0 0.566146 0.627699 0.028125 0.036660
0 0.563281 0.669450 0.026042 0.042770
0 0.563542 0.712627 0.028125 0.035438
0 0.564974 0.750916 0.032031 0.046843
0 0.563542 0.796334 0.023958 0.041548
0 0.565234 0.838493 0.028906 0.042770
0 0.595182 0.633401 0.027344 0.037475
0 0.654687 0.509572 0.027604 0.026069
0 0.658333 0.550305 0.030729 0.032587
0 0.656641 0.593686 0.027344 0.046029
0 0.656641 0.627088 0.031510 0.027291
0 0.655339 0.711609 0.031510 0.041548
0 0.324870 0.472912 0.028906 0.032587
0 0.179167 0.032179 0.026042 0.040733
0 0.084766 0.767006 0.033594 0.045621
