0 0.652963 0.157906 0.222491 0.151993
0 0.666868 0.324573 0.200726 0.188349
0 0.672914 0.489707 0.203144 0.150679
0 0.664148 0.818660 0.203748 0.178712
0 0.434099 0.170171 0.221282 0.163382
0 0.444982 0.338371 0.214027 0.187911
0 0.438634 0.497591 0.197703 0.160315
0 0.447400 0.657906 0.209190 0.164696
0 0.451935 0.823916 0.218259 0.169952
0 0.222189 0.173894 0.225514 0.183968
0 0.231258 0.330924 0.223096 0.138852
0 0.233978 0.490145 0.222491 0.173456
0 0.225212 0.667981 0.211004 0.186597
0 0.230351 0.836180 0.215236 0.151555
