0 0.928971 0.174096 0.057383 0.064760
0 0.930371 0.220353 0.051085 0.049622
0 0.930896 0.262195 0.050035 0.039950
0 0.930896 0.305719 0.050035 0.056350
0 0.929146 0.354710 0.046536 0.055088
0 0.926872 0.395711 0.056683 0.048780
0 0.928971 0.435240 0.048286 0.049622
0 0.928097 0.484230 0.050035 0.055088
0 0.926872 0.532170 0.054584 0.058452
0 0.928971 0.574222 0.053884 0.043314
0 0.925472 0.612069 0.050385 0.051724
0 0.936669 0.656644 0.040588 0.044155
0 0.938943 0.693860 0.039538 0.034483
0 0.938768 0.723928 0.035689 0.032380
0 0.938418 0.751051 0.040588 0.030278
0 0.938943 0.780278 0.052134 0.036585
0 0.854094 0.252313 0.051085 0.050463
0 0.855493 0.303616 0.044787 0.062237
0 0.856543 0.360597 0.057383 0.055929
0 0.858642 0.406434 0.040588 0.048360
0 0.856018 0.460471 0.052834 0.068124
0 0.659902 0.518082 0.317705 0.489487
0 0.248950 0.514508 0.322953 0.464676
