0 0.171913 0.084673 0.026827 0.060276
0 0.777580 0.125144 0.024911 0.055109
0 0.777306 0.179104 0.024364 0.055109
0 0.172735 0.138347 0.025732 0.052813
0 0.853134 0.163605 0.026554 0.055109
0 0.172735 0.191447 0.027375 0.057979
0 0.534218 0.126579 0.026006 0.052239
0 0.802765 0.701493 0.026006 0.055109
0 0.378045 0.076062 0.026280 0.055683
0 0.404051 0.075488 0.025732 0.055683
0 0.538325 0.641217 0.024911 0.053961
0 0.619765 0.640643 0.025732 0.056257
0 0.777580 0.069460 0.023816 0.060850
0 0.852313 0.698335 0.024911 0.056831
0 0.697372 0.644374 0.026554 0.061424
0 0.540241 0.585821 0.026006 0.061424
0 0.620723 0.126866 0.027649 0.052813
0 0.565563 0.639495 0.025732 0.053961
0 0.802491 0.168485 0.026006 0.054535
0 0.931700 0.107635 0.025459 0.055683
0 0.224747 0.138347 0.027375 0.055109
0 0.274432 0.140643 0.026006 0.055109
0 0.591432 0.639495 0.026554 0.057405
0 0.454832 0.074053 0.024911 0.055109
0 0.777717 0.646958 0.026827 0.052813
0 0.852450 0.109931 0.023542 0.054535
0 0.802765 0.117107 0.026006 0.052813
0 0.728032 0.175086 0.023816 0.056257
0 0.350944 0.130884 0.026280 0.056257
0 0.645907 0.587543 0.022174 0.048794
0 0.146592 0.091561 0.024364 0.057979
0 0.300438 0.085534 0.026554 0.057405
0 0.930194 0.694604 0.024090 0.059701
0 0.247878 0.086395 0.023269 0.056831
0 0.878182 0.592135 0.024090 0.060276
0 0.699015 0.122560 0.027649 0.054535
0 0.957158 0.107061 0.027101 0.055683
0 0.199151 0.083525 0.024911 0.053387
0 0.777443 0.699770 0.025185 0.053961
0 0.535040 0.181401 0.028743 0.058553
0 0.669724 0.641217 0.026554 0.059701
0 0.404873 0.179392 0.024090 0.066016
0 0.377772 0.130597 0.026827 0.057979
0 0.147139 0.239380 0.019984 0.041332
0 0.506844 0.180253 0.025459 0.052813
0 0.325486 0.080654 0.025185 0.064868
0 0.752943 0.589552 0.026554 0.058553
0 0.300027 0.189437 0.026827 0.059701
0 0.533534 0.071470 0.024090 0.060276
0 0.696551 0.697761 0.028196 0.055683
0 0.620586 0.072331 0.027922 0.060850
0 0.351355 0.077497 0.024911 0.057405
0 0.199288 0.136625 0.025185 0.057405
0 0.507391 0.071470 0.026006 0.057979
0 0.480153 0.075488 0.024090 0.055683
0 0.593622 0.588691 0.028743 0.053387
0 0.672461 0.177956 0.023816 0.053961
0 0.673145 0.121699 0.023542 0.060850
0 0.566931 0.586969 0.028470 0.061424
0 0.803449 0.258037 0.020805 0.045350
0 0.929647 0.588691 0.025185 0.059127
0 0.224336 0.083525 0.023816 0.056831
0 0.645907 0.640356 0.021626 0.047646
0 0.646181 0.695178 0.026006 0.059701
0 0.429647 0.076636 0.025459 0.055683
0 0.753490 0.070321 0.024911 0.067164
0 0.826581 0.593284 0.025459 0.051091
0 0.803039 0.646383 0.024364 0.056257
0 0.480427 0.131745 0.026280 0.056831
0 0.247605 0.137486 0.022174 0.046498
0 0.538872 0.697474 0.026554 0.058553
0 0.429784 0.181975 0.024637 0.056257
0 0.931426 0.642365 0.025459 0.052813
0 0.728306 0.223594 0.020531 0.040758
0 0.565152 0.694604 0.024911 0.061998
0 0.877498 0.828358 0.023269 0.045924
0 0.853271 0.646958 0.026280 0.049369
0 0.878182 0.161596 0.024637 0.054535
0 0.728306 0.120264 0.024911 0.056831
0 0.957432 0.694891 0.029838 0.059127
0 0.778128 0.591561 0.025459 0.057979
0 0.957158 0.158439 0.024911 0.053961
0 0.506981 0.126866 0.024637 0.051665
0 0.590610 0.075775 0.022721 0.059701
0 0.592116 0.230482 0.023542 0.046498
0 0.562688 0.180253 0.023816 0.053961
0 0.511087 0.697761 0.027375 0.053387
0 0.827950 0.115098 0.026554 0.051091
0 0.826170 0.699483 0.026827 0.060276
0 0.956064 0.052526 0.028196 0.059127
0 0.957022 0.640930 0.026827 0.051091
0 0.299891 0.241963 0.022174 0.045350
0 0.878045 0.056257 0.024911 0.056257
0 0.325897 0.189724 0.025459 0.055683
0 0.591158 0.130597 0.023816 0.049943
0 0.247878 0.191160 0.023269 0.047072
0 0.929921 0.162457 0.024637 0.060850
0 0.539146 0.747417 0.023269 0.045924
0 0.513687 0.585534 0.024911 0.058553
0 0.274158 0.085247 0.026554 0.055683
0 0.351492 0.185993 0.026280 0.056257
0 0.730222 0.064581 0.027101 0.057979
0 0.803175 0.218427 0.021900 0.043054
0 0.697372 0.587543 0.027101 0.061424
0 0.803312 0.590987 0.023269 0.061424
0 0.224747 0.191160 0.025732 0.055109
0 0.619354 0.268944 0.020531 0.043054
0 0.275253 0.193169 0.026554 0.059127
0 0.905010 0.640643 0.027375 0.055109
0 0.562414 0.124282 0.024911 0.059127
0 0.931563 0.955224 0.024090 0.045924
0 0.930331 0.212687 0.022174 0.040758
0 0.826307 0.062285 0.026006 0.054535
0 0.378456 0.185132 0.026006 0.056831
0 0.619354 0.181114 0.025459 0.059127
0 0.533397 0.359644 0.022174 0.047646
0 0.700109 0.178530 0.026006 0.061998
0 0.903230 0.160161 0.025459 0.053961
0 0.429784 0.128588 0.024090 0.053961
0 0.591569 0.693743 0.025732 0.054535
0 0.906105 0.954937 0.025732 0.047646
0 0.454421 0.179679 0.027375 0.053961
0 0.451820 0.231056 0.020531 0.047646
0 0.591979 0.182836 0.027101 0.054535
0 0.803997 0.392078 0.021352 0.044776
0 0.480838 0.274397 0.021079 0.040184
0 0.672872 0.225316 0.021352 0.040758
0 0.777443 0.953789 0.023542 0.044202
0 0.198056 0.191447 0.024364 0.054535
0 0.724610 0.695465 0.025732 0.062572
0 0.533534 0.446613 0.024090 0.042480
0 0.751300 0.746556 0.023269 0.046498
0 0.752122 0.959529 0.025459 0.041906
0 0.828908 0.956659 0.024637 0.045350
0 0.618943 0.695465 0.024637 0.060276
0 0.802628 0.957520 0.024090 0.043628
0 0.800712 0.063720 0.025185 0.057405
0 0.852587 0.054535 0.022721 0.057405
0 0.754038 0.176521 0.023269 0.061424
0 0.669039 0.585247 0.023542 0.051091
0 0.380235 0.339552 0.024090 0.056831
0 0.353134 0.404707 0.021352 0.043628
0 0.930605 0.053961 0.024911 0.064294
0 0.852724 0.591561 0.025732 0.051091
0 0.750616 0.698335 0.024090 0.054535
0 0.512045 0.641791 0.026554 0.058553
0 0.853819 0.317451 0.021900 0.044776
0 0.729811 0.393226 0.022447 0.045924
0 0.352313 0.362227 0.022447 0.048220
0 0.955653 0.589839 0.024637 0.057979
0 0.878456 0.645809 0.020805 0.049369
0 0.778949 0.394948 0.021626 0.045924
0 0.828223 0.225603 0.022721 0.045924
0 0.619765 0.588404 0.024637 0.059701
0 0.724610 0.589552 0.027922 0.056257
0 0.505338 0.361079 0.024090 0.045924
0 0.904462 0.694030 0.025732 0.052813
0 0.696961 0.747991 0.024090 0.048220
0 0.480153 0.184558 0.026827 0.059127
0 0.617027 0.831803 0.021900 0.049369
0 0.562141 0.231917 0.022721 0.043628
0 0.199151 0.445465 0.023816 0.043628
0 0.172598 0.325488 0.021626 0.047072
0 0.957706 0.383467 0.022721 0.047072
0 0.532850 0.315155 0.022721 0.042480
0 0.777306 0.223881 0.022174 0.040184
0 0.326581 0.448622 0.023542 0.043054
0 0.878319 0.386338 0.021079 0.044776
0 0.325623 0.137486 0.022721 0.051091
0 0.511087 0.787600 0.021900 0.049369
0 0.777991 0.260907 0.019710 0.037313
0 0.878045 0.107061 0.022721 0.049943
0 0.146592 0.311998 0.020531 0.044202
0 0.561046 0.405281 0.023269 0.045924
0 0.672735 0.065155 0.023816 0.051091
0 0.353545 0.317451 0.023816 0.048220
0 0.380235 0.437715 0.023542 0.045350
0 0.751985 0.642365 0.025732 0.058553
0 0.591705 0.918197 0.022721 0.047646
0 0.644812 0.959816 0.023816 0.042480
0 0.199699 0.322044 0.022721 0.042480
0 0.533534 0.273536 0.020805 0.047646
0 0.592390 0.831228 0.022447 0.047072
0 0.696825 0.958094 0.024911 0.045924
0 0.564331 0.919633 0.022174 0.044776
0 0.618533 0.746843 0.022174 0.044776
0 0.147413 0.194604 0.023816 0.056257
0 0.904462 0.907865 0.023542 0.047646
0 0.325897 0.240815 0.021626 0.045350
0 0.648371 0.186567 0.022721 0.053961
0 0.452368 0.273249 0.020531 0.039036
0 0.877498 0.341848 0.022721 0.051091
0 0.532302 0.404707 0.023269 0.047072
0 0.779770 0.303674 0.022174 0.047072
0 0.146729 0.274971 0.018067 0.035591
0 0.480838 0.234788 0.022174 0.042480
0 0.147276 0.355339 0.020257 0.045924
0 0.538462 0.790471 0.021900 0.043628
0 0.957295 0.209529 0.020805 0.039036
0 0.538598 0.830941 0.022174 0.046498
0 0.904462 0.588404 0.023542 0.047072
0 0.878182 0.914466 0.022447 0.047072
0 0.618670 0.357348 0.019162 0.047646
0 0.353134 0.236510 0.024090 0.048220
0 0.507254 0.445465 0.023542 0.042480
0 0.830003 0.374282 0.021900 0.043628
0 0.224747 0.322618 0.020805 0.043628
0 0.669176 0.743685 0.021079 0.048794
0 0.406515 0.443743 0.022995 0.042480
0 0.225157 0.281573 0.018889 0.043054
0 0.728853 0.350459 0.021079 0.046498
0 0.750890 0.917623 0.022995 0.047646
0 0.300985 0.408726 0.021626 0.045924
0 0.724884 0.917910 0.023542 0.048220
0 0.853819 0.267222 0.021352 0.055683
0 0.751711 0.786739 0.021900 0.043054
0 0.511771 0.745408 0.021626 0.043054
0 0.480564 0.360792 0.020531 0.047646
0 0.510813 0.831228 0.019710 0.039036
0 0.932247 0.425086 0.022721 0.044202
0 0.802217 0.750574 0.021079 0.044202
0 0.648782 0.340413 0.021900 0.047072
0 0.957706 0.293915 0.021079 0.048220
0 0.903915 0.208955 0.020257 0.041332
0 0.539283 0.962400 0.024637 0.044202
0 0.931426 0.339839 0.022174 0.051665
0 0.804134 0.346728 0.021079 0.049369
0 0.903915 0.281573 0.020805 0.041906
0 0.566247 0.744259 0.021626 0.043054
0 0.803449 0.302526 0.021352 0.047072
0 0.405420 0.317738 0.020805 0.045350
0 0.648782 0.437141 0.022995 0.044202
0 0.453189 0.401837 0.021079 0.045924
0 0.506707 0.315442 0.020257 0.047646
0 0.699562 0.307405 0.019436 0.045350
0 0.675062 0.434558 0.022447 0.041332
0 0.955105 0.741389 0.023542 0.046498
0 0.854640 0.957807 0.022995 0.043054
0 0.561730 0.446613 0.023542 0.042480
0 0.274706 0.407003 0.022174 0.045924
0 0.725294 0.872847 0.023816 0.047646
0 0.757049 0.349311 0.023269 0.048794
0 0.877772 0.696900 0.026554 0.057405
0 0.674103 0.393513 0.022721 0.047646
0 0.879277 0.252870 0.020257 0.039610
0 0.538051 0.919346 0.023816 0.048794
0 0.699562 0.393800 0.025459 0.047072
0 0.506981 0.272962 0.020257 0.038462
0 0.506159 0.231056 0.021352 0.047646
0 0.827128 0.168485 0.023816 0.057979
0 0.670408 0.692595 0.020805 0.048794
0 0.751027 0.873134 0.022721 0.044776
0 0.930194 0.253157 0.020805 0.042480
0 0.430468 0.387199 0.021626 0.049943
0 0.510950 0.918772 0.022721 0.045350
0 0.591979 0.874856 0.022174 0.043628
0 0.620038 0.312572 0.022447 0.045350
0 0.700520 0.266073 0.019162 0.041906
0 0.904462 0.394948 0.021352 0.047072
0 0.146318 0.397819 0.018889 0.040184
0 0.454010 0.357348 0.020531 0.045350
0 0.905420 0.053674 0.024364 0.053387
0 0.247742 0.241963 0.020805 0.041906
0 0.225431 0.407865 0.021626 0.046498
0 0.172187 0.410448 0.021900 0.043628
0 0.853271 0.825775 0.021352 0.046498
0 0.247331 0.408726 0.020531 0.043628
0 0.905694 0.354191 0.023269 0.045924
0 0.853408 0.915901 0.022721 0.047646
0 0.878867 0.957807 0.023269 0.045350
0 0.779359 0.435993 0.022447 0.041906
0 0.957432 0.952928 0.023816 0.045924
0 0.561867 0.069460 0.024911 0.049369
0 0.644676 0.745982 0.021352 0.045350
0 0.430331 0.437715 0.024090 0.046498
0 0.617848 0.788462 0.020257 0.043054
0 0.482206 0.445178 0.022174 0.041906
0 0.591979 0.395809 0.021079 0.047646
0 0.506022 0.403272 0.023269 0.045350
0 0.931289 0.385189 0.020805 0.043628
0 0.225705 0.365959 0.019984 0.046498
0 0.274706 0.365098 0.022721 0.044776
0 0.957158 0.250287 0.020531 0.039036
0 0.405420 0.361079 0.020805 0.045924
0 0.404599 0.274971 0.020257 0.043628
0 0.674788 0.348163 0.021352 0.045350
0 0.378730 0.238519 0.022721 0.045350
0 0.618122 0.876005 0.022995 0.043628
0 0.300575 0.281286 0.022447 0.042480
0 0.591295 0.788175 0.020805 0.041332
0 0.565015 0.830654 0.021352 0.045924
0 0.644265 0.873995 0.019984 0.046498
0 0.930468 0.911022 0.021900 0.044776
0 0.591979 0.340987 0.022174 0.052813
0 0.696551 0.794776 0.022174 0.047646
0 0.905010 0.797933 0.024090 0.052813
0 0.695456 0.902411 0.022721 0.049369
0 0.668902 0.874856 0.021626 0.043628
0 0.199425 0.364524 0.020531 0.042480
0 0.510813 0.873708 0.020257 0.049369
0 0.538735 0.873708 0.021900 0.044776
0 0.827539 0.851894 0.022447 0.047072
0 0.301533 0.448909 0.021626 0.040184
0 0.565152 0.874856 0.020531 0.048220
0 0.274432 0.321757 0.022174 0.047646
0 0.699973 0.066303 0.025732 0.051091
0 0.325623 0.408439 0.020531 0.043054
0 0.828908 0.271240 0.021900 0.047646
0 0.853408 0.870551 0.021626 0.047646
0 0.561730 0.359644 0.020805 0.049943
0 0.668629 0.920494 0.022174 0.046498
0 0.326033 0.366533 0.019710 0.043054
0 0.643581 0.917910 0.020805 0.047072
0 0.804818 0.431975 0.022995 0.041906
0 0.562004 0.273249 0.022447 0.044776
0 0.756365 0.396958 0.021352 0.046498
0 0.646455 0.129736 0.019436 0.053961
0 0.429510 0.234788 0.022447 0.043628
0 0.668765 0.787313 0.020257 0.041906
0 0.274979 0.448335 0.022721 0.041332
0 0.592527 0.961825 0.026006 0.043054
0 0.619217 0.228473 0.019710 0.042480
0 0.724473 0.744834 0.021626 0.039610
0 0.877772 0.783008 0.021079 0.049369
0 0.827676 0.746843 0.021079 0.041332
0 0.565152 0.962113 0.026006 0.043628
0 0.248700 0.368255 0.019436 0.046498
0 0.326581 0.322905 0.019710 0.044202
0 0.830276 0.425086 0.023542 0.043054
0 0.669450 0.830367 0.021626 0.046498
0 0.802902 0.797933 0.022447 0.047072
0 0.802491 0.848163 0.021626 0.048794
0 0.673693 0.262916 0.019710 0.039036
0 0.778128 0.850746 0.022174 0.049369
0 0.802491 0.903559 0.021079 0.045924
0 0.198878 0.404420 0.021079 0.043054
0 0.851903 0.742537 0.020257 0.040758
0 0.481522 0.315155 0.020257 0.045924
0 0.699973 0.226464 0.019710 0.039610
0 0.247194 0.324340 0.018067 0.047072
0 0.957158 0.799656 0.022174 0.050517
0 0.696414 0.849311 0.020257 0.051091
0 0.379825 0.388347 0.021626 0.045350
0 0.174103 0.448622 0.022995 0.038462
0 0.778264 0.902411 0.022447 0.044776
0 0.454421 0.441734 0.023542 0.043054
0 0.172872 0.369403 0.019436 0.044202
0 0.591569 0.745408 0.021900 0.047646
0 0.725568 0.961825 0.024911 0.043054
0 0.353682 0.278129 0.020805 0.038462
0 0.669860 0.961825 0.024090 0.041906
0 0.879825 0.425947 0.022995 0.042480
0 0.561593 0.316590 0.021079 0.047646
0 0.778812 0.349311 0.018615 0.046498
0 0.756365 0.438002 0.022447 0.041332
0 0.730359 0.435419 0.023542 0.045350
0 0.930194 0.867394 0.020805 0.049369
0 0.827539 0.903559 0.021900 0.045924
0 0.564878 0.787887 0.019436 0.043054
0 0.878456 0.295063 0.021352 0.045924
0 0.353545 0.443456 0.022721 0.039610
0 0.533397 0.230769 0.019984 0.041332
0 0.481111 0.404707 0.021079 0.044776
0 0.198878 0.240528 0.020531 0.041332
0 0.930879 0.292767 0.021079 0.043628
0 0.648782 0.284443 0.021900 0.052239
0 0.326444 0.280425 0.020531 0.040758
0 0.226116 0.446613 0.022447 0.041332
0 0.958664 0.339265 0.021352 0.044776
0 0.512456 0.960677 0.026827 0.044202
0 0.429647 0.333238 0.020531 0.051091
0 0.617027 0.921068 0.022447 0.046498
0 0.878045 0.741102 0.022174 0.037887
0 0.300985 0.365959 0.018889 0.044202
0 0.929784 0.780712 0.019984 0.043628
0 0.246647 0.283008 0.018615 0.043628
0 0.828771 0.797646 0.022721 0.051091
0 0.379414 0.286452 0.021352 0.047072
0 0.723515 0.828358 0.021352 0.042480
0 0.729127 0.261481 0.018889 0.040758
0 0.779223 0.793915 0.021079 0.044776
0 0.647687 0.390930 0.021900 0.045924
0 0.724747 0.787026 0.021626 0.045924
0 0.700520 0.347589 0.019710 0.038462
0 0.778675 0.745408 0.021626 0.038462
0 0.453463 0.313720 0.020531 0.048794
0 0.755133 0.265499 0.021079 0.044202
0 0.754859 0.305683 0.020531 0.040758
0 0.591705 0.282147 0.021079 0.044202
0 0.851629 0.783295 0.019162 0.044202
0 0.878593 0.212974 0.021626 0.041332
0 0.702436 0.434845 0.022995 0.043054
0 0.644265 0.789897 0.018341 0.044776
0 0.930468 0.740528 0.020805 0.043628
0 0.405283 0.404133 0.021079 0.043628
0 0.429647 0.280712 0.020531 0.042480
0 0.956474 0.906429 0.022447 0.047072
0 0.146729 0.440873 0.024090 0.043628
0 0.729127 0.301665 0.019436 0.045350
0 0.300438 0.322331 0.021079 0.044202
0 0.904051 0.245121 0.018341 0.037887
0 0.905420 0.852755 0.022721 0.051091
0 0.754038 0.225603 0.019984 0.036739
0 0.617848 0.962113 0.022995 0.041332
0 0.617848 0.403559 0.021900 0.048220
0 0.592527 0.442308 0.021626 0.044202
0 0.673419 0.303387 0.020257 0.046498
0 0.904051 0.739954 0.023816 0.044776
0 0.854093 0.422790 0.022447 0.047646
0 0.852587 0.371412 0.021626 0.044776
0 0.829318 0.318886 0.021626 0.047646
0 0.225431 0.239954 0.019984 0.039036
0 0.274843 0.280712 0.019710 0.035591
0 0.404462 0.233352 0.021626 0.038462
0 0.644402 0.827497 0.017520 0.041906
0 0.751711 0.829219 0.020805 0.045350
0 0.173556 0.243685 0.021900 0.039610
0 0.955653 0.852755 0.020257 0.044202
0 0.877772 0.870264 0.019436 0.039036
0 0.198467 0.281860 0.019162 0.043628
0 0.930742 0.823192 0.018615 0.044776
0 0.957980 0.423651 0.023816 0.047072
0 0.905557 0.431975 0.022447 0.039610
0 0.904599 0.316303 0.019436 0.036739
0 0.273884 0.245121 0.020531 0.039036
0 0.648234 0.076923 0.024637 0.060850
0 0.248973 0.446613 0.019984 0.037887
0 0.853134 0.217566 0.021079 0.040184
0 0.648645 0.231917 0.019984 0.035591
0 0.618670 0.442882 0.023542 0.043054
0 0.172187 0.280712 0.020805 0.035591
