0 0.347135 0.133133 0.021875 0.028642
0 0.782031 0.079915 0.020833 0.034653
0 0.921224 0.274045 0.024219 0.028996
0 0.896615 0.274752 0.022917 0.028996
0 0.527604 0.578501 0.023438 0.032532
0 0.416146 0.301803 0.023958 0.033593
0 0.416797 0.272277 0.023698 0.025460
0 0.320573 0.455269 0.021354 0.031471
0 0.364453 0.489922 0.022135 0.024399
0 0.371745 0.064887 0.021615 0.028642
0 0.731901 0.580446 0.022656 0.033593
0 0.347526 0.269448 0.023177 0.027581
0 0.645443 0.137730 0.022135 0.028642
0 0.132682 0.608027 0.021615 0.028642
0 0.829297 0.116337 0.021615 0.027581
0 0.158594 0.297030 0.022917 0.030410
0 0.461328 0.241513 0.022656 0.030410
0 0.551693 0.637199 0.022135 0.033239
0 0.347005 0.239745 0.022135 0.029703
0 0.084375 0.747525 0.021875 0.033946
0 0.920964 0.369696 0.022656 0.030057
0 0.108333 0.754243 0.022396 0.026167
0 0.689453 0.305516 0.020573 0.027581
0 0.251823 0.136669 0.021875 0.029349
0 0.646745 0.388791 0.020573 0.023692
0 0.346745 0.158769 0.024219 0.024752
0 0.226953 0.417963 0.021615 0.028996
0 0.391146 0.438826 0.021875 0.026874
0 0.896094 0.422383 0.020833 0.025813
0 0.851562 0.039074 0.020833 0.029349
0 0.277604 0.085219 0.020313 0.028289
0 0.665104 0.609441 0.023958 0.029349
0 0.713151 0.417433 0.019531 0.025813
0 0.757552 0.246994 0.022396 0.029349
0 0.620833 0.468352 0.021875 0.027935
0 0.533984 0.036952 0.021094 0.029349
0 0.458203 0.491513 0.022656 0.024752
0 0.158333 0.432107 0.022396 0.025460
0 0.273047 0.608380 0.021615 0.029349
0 0.920052 0.421146 0.022396 0.030410
0 0.648177 0.062235 0.022396 0.030410
0 0.672396 0.061881 0.021875 0.029703
0 0.869922 0.581860 0.023698 0.030764
0 0.134245 0.266089 0.022656 0.030057
0 0.757292 0.430516 0.020313 0.028642
0 0.619661 0.609618 0.022135 0.027581
0 0.733594 0.274929 0.021354 0.026521
0 0.551823 0.579385 0.022396 0.030764
0 0.755729 0.609264 0.023958 0.027581
0 0.738281 0.038190 0.021875 0.027581
0 0.204557 0.298091 0.020573 0.031117
0 0.781380 0.276167 0.022135 0.027581
0 0.896484 0.140912 0.021094 0.027228
0 0.417969 0.140559 0.020313 0.027228
0 0.597005 0.727546 0.021615 0.025813
0 0.346875 0.301450 0.022917 0.034300
0 0.296484 0.461634 0.021615 0.029349
0 0.319010 0.486563 0.023958 0.027581
0 0.823177 0.610679 0.022917 0.031825
0 0.395833 0.038366 0.020833 0.027935
0 0.366146 0.465523 0.019792 0.025106
0 0.827474 0.245934 0.024740 0.028642
0 0.829167 0.089109 0.020313 0.028996
0 0.715755 0.063296 0.022135 0.028289
0 0.388932 0.465170 0.021615 0.027935
0 0.526563 0.819661 0.023958 0.024752
0 0.395313 0.063472 0.019792 0.027228
0 0.295833 0.488861 0.022396 0.025106
0 0.533724 0.065240 0.020052 0.025813
0 0.687109 0.579915 0.022135 0.031117
0 0.204036 0.578501 0.021094 0.028996
0 0.322396 0.368989 0.021875 0.030764
0 0.205990 0.239215 0.021354 0.032178
0 0.483333 0.367221 0.021354 0.030057
0 0.668359 0.304809 0.021094 0.029703
0 0.530208 0.463225 0.022396 0.031117
0 0.155208 0.912129 0.021354 0.028642
0 0.508203 0.139851 0.021615 0.026521
0 0.668620 0.164781 0.022135 0.024045
0 0.670833 0.367751 0.021354 0.028289
0 0.274219 0.458274 0.020313 0.025460
0 0.779167 0.579208 0.020833 0.035361
0 0.155859 0.942185 0.022656 0.028642
0 0.802474 0.301096 0.020573 0.033593
0 0.484766 0.161775 0.022135 0.022984
0 0.202344 0.705622 0.021354 0.028642
0 0.663672 0.729137 0.021094 0.026874
0 0.131380 0.753890 0.020052 0.025460
0 0.137370 0.078147 0.022135 0.028996
0 0.372526 0.036421 0.021615 0.028289
0 0.527344 0.635608 0.021354 0.032178
0 0.392839 0.272277 0.022656 0.028996
0 0.152865 0.779526 0.020313 0.025106
0 0.601693 0.040665 0.021094 0.027581
0 0.506250 0.416195 0.019792 0.025460
0 0.295703 0.780941 0.020573 0.025106
0 0.414323 0.607673 0.024479 0.028642
0 0.759245 0.090347 0.021094 0.025106
0 0.299609 0.161598 0.024740 0.024045
0 0.804167 0.165311 0.023958 0.025813
0 0.866667 0.798091 0.020833 0.027581
0 0.760156 0.065594 0.019792 0.024399
0 0.441016 0.066478 0.020052 0.024752
0 0.557292 0.062588 0.021354 0.031117
0 0.252734 0.239569 0.022135 0.030057
0 0.528906 0.491867 0.023958 0.026874
0 0.209505 0.067893 0.019531 0.027581
0 0.090365 0.136846 0.020313 0.028289
0 0.646875 0.111917 0.023958 0.023692
0 0.319922 0.577617 0.021615 0.030764
0 0.686458 0.822313 0.022396 0.023692
0 0.551042 0.607673 0.021875 0.027935
0 0.298177 0.634901 0.022917 0.029349
0 0.600260 0.418317 0.020833 0.025460
0 0.821094 0.776344 0.020313 0.025813
0 0.938672 0.754597 0.021094 0.025460
0 0.735547 0.417433 0.022135 0.028642
0 0.370703 0.161068 0.022656 0.025813
0 0.158594 0.363685 0.021354 0.028642
0 0.526432 0.934229 0.022135 0.027581
0 0.371745 0.128182 0.021094 0.030057
0 0.438932 0.039250 0.021094 0.029703
0 0.388151 0.490806 0.024740 0.025460
0 0.387760 0.580799 0.020833 0.032178
0 0.186849 0.087518 0.022656 0.030057
0 0.180599 0.635078 0.023698 0.028996
0 0.112500 0.109972 0.019792 0.027581
0 0.322917 0.160007 0.021354 0.025106
0 0.919531 0.139675 0.021875 0.028289
0 0.202344 0.802511 0.019792 0.027228
0 0.297656 0.367928 0.022396 0.029349
0 0.897656 0.303925 0.023438 0.031471
0 0.804557 0.247348 0.019531 0.030764
0 0.712109 0.468175 0.021094 0.025460
0 0.663542 0.702617 0.022917 0.027581
0 0.390104 0.908593 0.021354 0.031471
0 0.301042 0.084689 0.020313 0.026521
0 0.348047 0.061351 0.020573 0.028642
0 0.803776 0.141089 0.022135 0.026874
0 0.418620 0.065594 0.019531 0.024399
0 0.369792 0.300035 0.021875 0.033593
0 0.253646 0.109264 0.020833 0.025460
0 0.160938 0.236386 0.022917 0.031471
0 0.440104 0.272808 0.021875 0.026521
0 0.823568 0.640559 0.023177 0.030057
0 0.528385 0.733557 0.021354 0.030057
0 0.320443 0.939180 0.022135 0.026874
0 0.819141 0.941301 0.019010 0.026874
0 0.482292 0.468883 0.020833 0.028289
0 0.504297 0.492044 0.023177 0.025813
0 0.642057 0.635078 0.020573 0.027581
0 0.116797 0.030587 0.022135 0.028642
0 0.734375 0.245757 0.020313 0.031117
0 0.454948 0.938649 0.022396 0.030057
0 0.506250 0.442008 0.020313 0.029703
0 0.847005 0.637730 0.020573 0.032885
0 0.345182 0.395156 0.020052 0.030764
0 0.826042 0.456506 0.020833 0.027581
0 0.461068 0.271570 0.020573 0.029703
0 0.669661 0.139144 0.021094 0.029349
0 0.484375 0.139144 0.021354 0.025106
0 0.129818 0.804102 0.020052 0.028289
0 0.297656 0.911421 0.021354 0.031471
0 0.533724 0.098126 0.023698 0.032178
0 0.342578 0.467115 0.020573 0.026874
0 0.183854 0.238861 0.021354 0.030764
0 0.417969 0.115806 0.019792 0.025813
0 0.439974 0.117221 0.019531 0.024399
0 0.250911 0.299151 0.021615 0.031117
0 0.897005 0.395509 0.021615 0.029349
0 0.297005 0.578147 0.021615 0.029703
0 0.298698 0.300566 0.021875 0.031825
0 0.271875 0.635962 0.021354 0.030057
0 0.208984 0.033062 0.021615 0.029349
0 0.343359 0.706860 0.020573 0.029703
0 0.620182 0.579385 0.019531 0.031471
0 0.578255 0.164074 0.021094 0.022631
0 0.802344 0.444484 0.020313 0.024045
0 0.895443 0.447313 0.020573 0.026167
0 0.922135 0.041902 0.022396 0.030764
0 0.919661 0.165488 0.023177 0.024045
0 0.392708 0.242221 0.022917 0.031117
0 0.208073 0.096888 0.020313 0.028289
0 0.526042 0.906471 0.021354 0.027935
0 0.438802 0.430516 0.019271 0.030057
0 0.668880 0.277051 0.021094 0.025813
0 0.391927 0.821429 0.022396 0.021924
0 0.134245 0.433345 0.021615 0.025106
0 0.202344 0.633663 0.020833 0.030410
0 0.828646 0.037306 0.020833 0.030764
0 0.842318 0.801273 0.020573 0.025460
0 0.689844 0.495226 0.023958 0.024399
0 0.796745 0.968706 0.023177 0.029349
0 0.228385 0.269802 0.021354 0.031825
0 0.134766 0.236740 0.020573 0.028642
0 0.505208 0.635962 0.021354 0.027228
0 0.753385 0.731612 0.021354 0.026874
0 0.459896 0.578678 0.021875 0.030764
0 0.824219 0.579031 0.023438 0.032178
0 0.367839 0.394979 0.020052 0.030410
0 0.625260 0.251061 0.021354 0.032532
0 0.180729 0.943777 0.022396 0.028996
0 0.601172 0.139321 0.022135 0.027581
0 0.709896 0.705622 0.022396 0.026521
0 0.366406 0.580799 0.021875 0.030057
0 0.731901 0.609618 0.021094 0.026167
0 0.153385 0.803925 0.021354 0.024399
0 0.297917 0.731436 0.020313 0.027935
0 0.782031 0.368281 0.019792 0.028642
0 0.439453 0.397277 0.021094 0.030764
0 0.132552 0.636139 0.021875 0.026874
0 0.667188 0.469767 0.021354 0.025813
0 0.731250 0.637553 0.021875 0.031825
0 0.920833 0.304102 0.020833 0.031117
0 0.711198 0.274222 0.020313 0.024399
0 0.708724 0.635431 0.021615 0.033239
0 0.669792 0.445191 0.021354 0.027581
0 0.301042 0.036068 0.021875 0.028996
0 0.344661 0.442008 0.020052 0.026167
0 0.920182 0.446429 0.020573 0.021570
0 0.801042 0.580622 0.018229 0.033946
0 0.553906 0.303925 0.023438 0.037836
0 0.461328 0.301096 0.021615 0.032178
0 0.526693 0.961103 0.020573 0.029703
0 0.089063 0.268741 0.020833 0.028996
0 0.506380 0.366337 0.021094 0.028289
0 0.735417 0.138791 0.020833 0.026521
0 0.486589 0.066301 0.022656 0.026521
0 0.228906 0.132956 0.022396 0.028996
0 0.554948 0.446252 0.019792 0.025460
0 0.436589 0.488685 0.022135 0.024045
0 0.413021 0.755658 0.019792 0.029703
0 0.780078 0.162836 0.023177 0.026521
0 0.715104 0.113861 0.020313 0.026167
0 0.483333 0.419908 0.019271 0.026521
0 0.601823 0.091584 0.022396 0.026874
0 0.226172 0.752829 0.019531 0.022631
0 0.435937 0.730905 0.021354 0.028289
0 0.178776 0.764851 0.021094 0.030410
0 0.435547 0.774576 0.019010 0.021570
0 0.669661 0.417610 0.020573 0.028996
0 0.137500 0.134194 0.021875 0.029349
0 0.898047 0.066478 0.020052 0.025460
0 0.756120 0.274399 0.021615 0.026167
0 0.207552 0.160891 0.021875 0.024752
0 0.510286 0.089816 0.020573 0.026167
0 0.850911 0.302334 0.022656 0.032532
0 0.644271 0.163543 0.025000 0.025106
0 0.778125 0.637023 0.021875 0.029349
0 0.155990 0.634194 0.021354 0.031471
0 0.131250 0.729491 0.020313 0.024752
0 0.869661 0.638791 0.023177 0.031471
0 0.873568 0.089816 0.021094 0.027581
0 0.731641 0.730375 0.019531 0.026521
0 0.691276 0.139144 0.021094 0.027935
0 0.153516 0.826733 0.023698 0.024045
0 0.274609 0.909653 0.022656 0.030057
0 0.915495 0.707921 0.020573 0.031825
0 0.319661 0.635785 0.020573 0.027581
0 0.412891 0.635078 0.022135 0.026874
0 0.826823 0.273338 0.019271 0.028996
0 0.413802 0.579208 0.024479 0.027581
0 0.323307 0.241160 0.021615 0.031825
0 0.693620 0.088932 0.019531 0.026521
0 0.204818 0.268564 0.021094 0.029349
0 0.622005 0.441478 0.020573 0.027935
0 0.756641 0.490806 0.021615 0.024752
0 0.155339 0.703324 0.021094 0.024752
0 0.896354 0.165842 0.022396 0.022631
0 0.779297 0.467468 0.020573 0.026874
0 0.322917 0.301627 0.022917 0.031825
0 0.185156 0.141443 0.020313 0.024752
0 0.756641 0.577970 0.021615 0.032178
0 0.897396 0.114038 0.020833 0.028642
0 0.344010 0.755127 0.019792 0.026521
0 0.342578 0.490276 0.023177 0.022277
0 0.693490 0.063119 0.019792 0.026521
0 0.203516 0.367574 0.019531 0.027935
0 0.689974 0.164250 0.021615 0.023692
0 0.486458 0.091584 0.021875 0.025460
0 0.135547 0.361563 0.020052 0.027228
0 0.944792 0.068423 0.019792 0.025813
0 0.480729 0.907001 0.021875 0.031117
0 0.180990 0.457390 0.020833 0.027935
0 0.457422 0.761846 0.020573 0.027935
0 0.553776 0.470827 0.021094 0.027935
0 0.595833 0.702617 0.019271 0.026167
0 0.864453 0.971004 0.021094 0.031117
0 0.483073 0.273161 0.020313 0.027228
0 0.157812 0.266796 0.020313 0.030764
0 0.757292 0.136139 0.020313 0.027581
0 0.394531 0.113685 0.019792 0.026521
0 0.437370 0.461987 0.020573 0.031471
0 0.874479 0.396040 0.021354 0.029703
0 0.738802 0.066478 0.021354 0.025460
0 0.414193 0.442185 0.019531 0.026521
0 0.274349 0.578324 0.023177 0.029349
0 0.276302 0.241690 0.020833 0.032178
0 0.343359 0.966584 0.021615 0.027935
0 0.108724 0.635078 0.022656 0.027581
0 0.554557 0.390912 0.021094 0.030764
0 0.419271 0.089816 0.019271 0.025460
0 0.300000 0.135785 0.020313 0.027581
0 0.114583 0.083982 0.019792 0.025813
0 0.642578 0.608027 0.021094 0.027935
0 0.483203 0.243281 0.021094 0.032532
0 0.484245 0.301803 0.022135 0.031471
0 0.920573 0.395156 0.020313 0.022984
0 0.226302 0.706683 0.023958 0.027935
0 0.178516 0.826025 0.024740 0.025460
0 0.647135 0.088932 0.022917 0.026521
0 0.321484 0.425743 0.020052 0.028996
0 0.869792 0.610679 0.021875 0.027581
0 0.819271 0.911952 0.020313 0.031825
0 0.227604 0.969059 0.025000 0.030057
0 0.639193 0.822843 0.021094 0.025460
0 0.391406 0.413190 0.020313 0.026521
0 0.462370 0.119342 0.019531 0.029349
0 0.163542 0.061174 0.021354 0.033946
0 0.460938 0.392150 0.020833 0.032532
0 0.827734 0.141796 0.021615 0.026167
0 0.461979 0.093529 0.020313 0.025106
0 0.532031 0.129597 0.020833 0.028642
0 0.640365 0.705092 0.021354 0.026874
0 0.413802 0.491160 0.024479 0.023338
0 0.849349 0.469767 0.022135 0.030057
0 0.458984 0.634901 0.020052 0.031471
0 0.298828 0.268741 0.020052 0.026167
0 0.601562 0.066301 0.020833 0.023692
0 0.207422 0.126061 0.019531 0.027935
0 0.803125 0.421499 0.019271 0.024045
0 0.112240 0.137553 0.020313 0.028289
0 0.738151 0.090877 0.019010 0.024752
0 0.458854 0.467645 0.019792 0.027228
0 0.889714 0.916195 0.021615 0.033239
0 0.890885 0.774045 0.022396 0.026874
0 0.486849 0.037482 0.022135 0.028996
0 0.178776 0.913190 0.019531 0.027228
0 0.781771 0.246464 0.020313 0.033239
0 0.851823 0.065064 0.019271 0.022631
0 0.319661 0.965877 0.020052 0.025813
0 0.439453 0.367751 0.020052 0.028996
0 0.601693 0.250000 0.024219 0.033239
0 0.873828 0.139851 0.021094 0.027935
0 0.458333 0.732320 0.019792 0.028289
0 0.577995 0.140559 0.020052 0.027935
0 0.180990 0.432461 0.020833 0.024752
0 0.530599 0.160184 0.022656 0.026167
0 0.753125 0.968529 0.020833 0.028289
0 0.891406 0.707037 0.021875 0.027935
0 0.091667 0.108380 0.021354 0.027228
0 0.943750 0.243458 0.019271 0.033593
0 0.852344 0.115983 0.020833 0.024045
0 0.133073 0.460396 0.020833 0.028289
0 0.155990 0.460926 0.021875 0.030057
0 0.272266 0.753890 0.020052 0.028289
0 0.867057 0.765912 0.021615 0.031825
0 0.503646 0.934229 0.021875 0.026874
0 0.370052 0.242751 0.020313 0.026521
0 0.179948 0.606259 0.021875 0.029349
0 0.643750 0.467645 0.021354 0.026521
0 0.690495 0.469590 0.020052 0.026874
0 0.851302 0.274399 0.022917 0.025460
0 0.577083 0.303748 0.021354 0.030410
0 0.873307 0.164427 0.022656 0.023338
0 0.510807 0.064887 0.020573 0.025813
0 0.577214 0.431931 0.020573 0.027935
0 0.394271 0.138083 0.020313 0.026521
0 0.508333 0.243812 0.022396 0.032178
0 0.849870 0.445545 0.019010 0.022631
0 0.509115 0.115629 0.021354 0.026167
0 0.714063 0.367751 0.020313 0.027581
0 0.805599 0.115276 0.022656 0.027581
0 0.250911 0.460573 0.022135 0.025813
0 0.921875 0.067893 0.020833 0.022631
0 0.160677 0.163543 0.023958 0.025813
0 0.755469 0.162836 0.023438 0.025106
0 0.440495 0.092291 0.020052 0.026874
0 0.715625 0.036775 0.021354 0.027581
0 0.182031 0.298444 0.020313 0.028996
0 0.842057 0.938472 0.022656 0.024752
0 0.737630 0.115806 0.020052 0.023692
0 0.093359 0.059052 0.020573 0.026874
0 0.248047 0.801273 0.021094 0.026874
0 0.549740 0.755835 0.022917 0.025813
0 0.781380 0.118458 0.020573 0.029703
0 0.187370 0.056577 0.022135 0.031825
0 0.181771 0.365983 0.021875 0.027581
0 0.131250 0.704738 0.021354 0.029703
0 0.684896 0.910184 0.021875 0.031825
0 0.456901 0.907709 0.022135 0.031117
0 0.413411 0.467999 0.022135 0.028642
0 0.435807 0.753890 0.017969 0.020509
0 0.782422 0.038366 0.021615 0.028642
0 0.827214 0.301980 0.022656 0.031825
0 0.155990 0.578147 0.019271 0.031117
0 0.107031 0.780941 0.019271 0.025813
0 0.921615 0.244696 0.023438 0.031117
0 0.480208 0.756365 0.021354 0.024045
0 0.483333 0.395156 0.020833 0.027228
0 0.691146 0.445368 0.019792 0.024399
0 0.231641 0.068246 0.020573 0.028996
0 0.730990 0.822313 0.021875 0.023692
0 0.664583 0.578324 0.021875 0.032178
0 0.389453 0.938119 0.019531 0.024752
0 0.226432 0.459689 0.020052 0.024752
0 0.435807 0.705092 0.020052 0.022631
0 0.687240 0.705799 0.020313 0.028289
0 0.504036 0.579562 0.021094 0.027581
0 0.161719 0.097595 0.020313 0.030410
0 0.530859 0.274752 0.020573 0.027581
0 0.110286 0.460396 0.020573 0.027581
0 0.297005 0.939356 0.020052 0.027228
0 0.874089 0.302864 0.021615 0.030764
0 0.368620 0.367221 0.021094 0.025813
0 0.802214 0.467822 0.021094 0.026874
0 0.942969 0.139498 0.020833 0.024399
0 0.820964 0.798798 0.019531 0.024045
0 0.461849 0.364745 0.020573 0.022277
0 0.874479 0.246464 0.021354 0.028289
0 0.413281 0.731259 0.020313 0.021924
0 0.843359 0.775460 0.018490 0.023338
0 0.482161 0.577617 0.021094 0.029349
0 0.300000 0.109441 0.019792 0.025813
0 0.505339 0.608734 0.021615 0.028642
0 0.669010 0.248586 0.020313 0.031117
0 0.341667 0.637376 0.020833 0.028642
0 0.572917 0.819837 0.021354 0.022277
0 0.225260 0.636315 0.022396 0.031471
0 0.944141 0.274576 0.021094 0.030057
0 0.275781 0.299151 0.021875 0.028996
0 0.642839 0.577970 0.020573 0.029349
0 0.325130 0.108204 0.020052 0.028996
0 0.226302 0.576379 0.020833 0.030410
0 0.618880 0.637376 0.022135 0.028642
0 0.276042 0.135608 0.020833 0.028642
0 0.670703 0.112624 0.020052 0.023692
0 0.366797 0.907178 0.019531 0.026521
0 0.844141 0.826025 0.022656 0.024752
0 0.417578 0.164427 0.022656 0.023338
0 0.693490 0.036421 0.019792 0.028289
0 0.481641 0.606082 0.020052 0.028996
0 0.342187 0.608557 0.021354 0.027581
0 0.366016 0.610502 0.019531 0.026521
0 0.757422 0.460042 0.019531 0.026167
0 0.273568 0.486209 0.022135 0.026874
0 0.387760 0.609264 0.019792 0.025460
0 0.251172 0.269448 0.019010 0.029703
0 0.620443 0.493812 0.023698 0.023692
0 0.179036 0.794201 0.021615 0.028289
0 0.503906 0.961280 0.021875 0.028642
0 0.459896 0.443246 0.020313 0.025813
0 0.914714 0.733557 0.020052 0.020863
0 0.107813 0.726485 0.021354 0.029349
0 0.481510 0.634371 0.021875 0.029703
0 0.226172 0.367221 0.020573 0.027935
0 0.251432 0.939710 0.021094 0.030057
0 0.645573 0.442893 0.021875 0.026521
0 0.135547 0.387376 0.021094 0.025813
0 0.154297 0.971888 0.021615 0.029349
0 0.828776 0.065064 0.019531 0.024045
0 0.709245 0.799328 0.019531 0.025813
0 0.250781 0.439003 0.020833 0.023692
0 0.115365 0.058876 0.019792 0.026521
0 0.597917 0.577970 0.020833 0.032178
0 0.417057 0.366690 0.022656 0.031825
0 0.478646 0.937942 0.021875 0.025813
0 0.457682 0.789958 0.020052 0.025460
0 0.203646 0.755835 0.020313 0.025813
0 0.646745 0.274576 0.020052 0.025106
0 0.735417 0.443777 0.021354 0.024752
0 0.842839 0.913013 0.023698 0.025460
0 0.393880 0.163366 0.023698 0.024752
0 0.060286 0.760255 0.021615 0.028289
0 0.300130 0.240276 0.021615 0.030764
0 0.414844 0.416902 0.019792 0.025460
0 0.852083 0.139851 0.020833 0.025813
0 0.826693 0.370226 0.022135 0.027581
0 0.624349 0.064003 0.019531 0.027581
0 0.671354 0.034653 0.021354 0.024752
0 0.760026 0.397808 0.021094 0.031117
0 0.706510 0.966407 0.020313 0.028996
0 0.438411 0.578501 0.020573 0.029703
0 0.734375 0.493281 0.022396 0.024752
0 0.275000 0.966231 0.020313 0.025813
0 0.945312 0.042256 0.020833 0.030057
0 0.556120 0.139498 0.022135 0.027228
0 0.277083 0.109795 0.018750 0.023692
0 0.346094 0.367751 0.020833 0.024752
0 0.439583 0.140028 0.018750 0.024752
0 0.644271 0.494165 0.023438 0.025106
0 0.250391 0.415842 0.020573 0.024045
0 0.773828 0.968883 0.018490 0.027581
0 0.692187 0.368281 0.021354 0.028642
0 0.271615 0.802157 0.020313 0.025106
0 0.824870 0.490806 0.022135 0.024045
0 0.133073 0.576202 0.023958 0.033593
0 0.152734 0.754597 0.020573 0.025460
0 0.372786 0.093352 0.020573 0.028289
0 0.482943 0.443953 0.020573 0.025106
0 0.069141 0.057284 0.019531 0.027581
0 0.574609 0.492751 0.022135 0.025813
0 0.754297 0.704385 0.021094 0.026167
0 0.110417 0.408239 0.019271 0.025813
0 0.108854 0.606789 0.020833 0.027581
0 0.343490 0.937942 0.018750 0.027935
0 0.594010 0.935467 0.020313 0.030764
0 0.394401 0.089286 0.019531 0.025106
0 0.647266 0.249116 0.017448 0.027935
0 0.800260 0.704208 0.020313 0.022277
0 0.481510 0.493281 0.022917 0.023338
0 0.530990 0.366513 0.021354 0.028642
0 0.344922 0.418494 0.018490 0.020156
0 0.138151 0.105021 0.020573 0.028289
0 0.254297 0.086457 0.020052 0.025106
0 0.734245 0.468529 0.020052 0.026874
0 0.554297 0.420615 0.019531 0.030057
0 0.411979 0.935290 0.020313 0.026167
0 0.943229 0.164781 0.022917 0.024045
0 0.781120 0.419201 0.018490 0.025813
0 0.368229 0.704031 0.020833 0.026167
0 0.576823 0.367574 0.020313 0.031471
0 0.825521 0.396570 0.021875 0.026521
0 0.458854 0.815240 0.022396 0.023692
0 0.506510 0.392680 0.019271 0.027228
0 0.595313 0.905057 0.019792 0.026521
0 0.850000 0.368989 0.022396 0.029349
0 0.943880 0.304809 0.021094 0.031825
0 0.087891 0.408946 0.019531 0.026521
0 0.455599 0.965877 0.021094 0.026521
0 0.596745 0.608204 0.021615 0.029703
0 0.890755 0.799151 0.020573 0.027581
0 0.527474 0.705092 0.019010 0.027581
0 0.555859 0.163013 0.022135 0.023338
0 0.573958 0.608734 0.022396 0.030764
0 0.942448 0.114038 0.020833 0.026521
0 0.708594 0.908769 0.018750 0.024752
0 0.819661 0.968175 0.020573 0.026874
0 0.646875 0.415488 0.021354 0.027581
0 0.348828 0.106789 0.023177 0.024752
0 0.204427 0.484088 0.021875 0.023338
0 0.713411 0.139675 0.020573 0.026874
0 0.136068 0.164604 0.022135 0.025106
0 0.841536 0.967822 0.019010 0.032532
0 0.775781 0.822666 0.021354 0.024399
0 0.462240 0.067362 0.020313 0.029349
0 0.439844 0.242221 0.019271 0.034653
0 0.775000 0.941124 0.017708 0.027228
0 0.712370 0.442893 0.019010 0.025813
0 0.779687 0.304632 0.023438 0.030057
0 0.485026 0.116337 0.023177 0.024752
0 0.617708 0.906294 0.022917 0.030410
0 0.392057 0.301450 0.021094 0.031471
0 0.689583 0.275813 0.018229 0.026874
0 0.480469 0.731789 0.021875 0.029349
0 0.577474 0.277758 0.021094 0.024399
0 0.389714 0.777581 0.019531 0.021924
0 0.780078 0.443777 0.019531 0.024045
0 0.919401 0.113685 0.020052 0.025106
0 0.640755 0.754774 0.019531 0.025813
0 0.319531 0.755835 0.019792 0.026521
0 0.390365 0.708098 0.020833 0.027228
0 0.575130 0.577793 0.022135 0.030410
0 0.552344 0.494342 0.022917 0.022631
0 0.272005 0.778289 0.021094 0.024752
0 0.708073 0.937058 0.018750 0.027581
0 0.692578 0.113154 0.019531 0.024752
0 0.597526 0.492574 0.023177 0.024045
0 0.872396 0.472772 0.020833 0.025460
0 0.066797 0.136669 0.021094 0.027935
0 0.276693 0.059406 0.023698 0.024752
0 0.619271 0.727900 0.019792 0.022984
0 0.504557 0.731789 0.021615 0.030057
0 0.201563 0.912306 0.019792 0.032532
0 0.601172 0.365806 0.020573 0.025106
0 0.799219 0.636139 0.019271 0.030410
0 0.806771 0.063826 0.019792 0.023692
0 0.111589 0.383487 0.019010 0.029349
0 0.249609 0.577086 0.021094 0.031825
0 0.965234 0.092645 0.020573 0.024045
0 0.760417 0.038013 0.020313 0.024399
0 0.274219 0.938826 0.021354 0.030410
0 0.943490 0.397808 0.022396 0.028289
0 0.578646 0.089993 0.019271 0.027228
0 0.716146 0.089639 0.021875 0.024399
0 0.898438 0.038013 0.021354 0.025813
0 0.624089 0.089816 0.020052 0.024752
0 0.298698 0.413013 0.020833 0.026167
0 0.477995 0.963579 0.021094 0.028289
0 0.730339 0.798621 0.019531 0.025106
0 0.226953 0.484088 0.023177 0.024752
0 0.557031 0.113861 0.022396 0.025460
0 0.412760 0.707037 0.020833 0.028642
0 0.251042 0.908239 0.020833 0.027935
0 0.661849 0.908062 0.020052 0.029703
0 0.527474 0.792079 0.021094 0.031825
0 0.554167 0.364038 0.020313 0.023692
0 0.824609 0.704915 0.021094 0.025813
0 0.322917 0.271747 0.021875 0.025106
0 0.618490 0.703678 0.020313 0.024045
0 0.851042 0.089816 0.018229 0.028996
0 0.912891 0.916726 0.020052 0.027228
0 0.851042 0.246641 0.020833 0.029349
0 0.600781 0.392504 0.022396 0.026874
0 0.389714 0.754950 0.016927 0.024752
0 0.755339 0.637023 0.020052 0.027935
0 0.203516 0.417079 0.019010 0.028642
0 0.710417 0.247525 0.021354 0.031117
0 0.456901 0.705092 0.017969 0.026874
0 0.275130 0.434936 0.020052 0.021924
0 0.323698 0.134547 0.019271 0.025813
0 0.662760 0.821782 0.022917 0.021924
0 0.342318 0.579031 0.020573 0.030764
0 0.131641 0.942893 0.020573 0.028642
0 0.392578 0.367221 0.021615 0.029349
0 0.640755 0.730905 0.020052 0.025460
0 0.731380 0.776344 0.018490 0.024399
0 0.966016 0.166902 0.022135 0.024752
0 0.434245 0.908062 0.019010 0.034653
0 0.550521 0.731259 0.018229 0.026167
0 0.709245 0.823020 0.021615 0.022984
0 0.367969 0.754597 0.019792 0.025460
0 0.461719 0.036952 0.021875 0.029349
0 0.365495 0.937588 0.019531 0.030057
0 0.942187 0.468529 0.021354 0.027581
0 0.275260 0.412836 0.019271 0.025106
0 0.368490 0.730552 0.021354 0.025460
0 0.714453 0.392504 0.019531 0.023338
0 0.806641 0.089286 0.022135 0.026521
0 0.573698 0.636846 0.022396 0.029703
0 0.325000 0.060113 0.019271 0.023338
0 0.964844 0.445721 0.018229 0.024399
0 0.086719 0.460396 0.021354 0.027581
0 0.596615 0.636492 0.020313 0.029703
0 0.437240 0.636315 0.021354 0.030764
0 0.510677 0.037482 0.021875 0.027581
0 0.689583 0.247878 0.018750 0.030410
0 0.577604 0.398338 0.019792 0.032178
0 0.798698 0.798267 0.018750 0.024399
0 0.181380 0.483911 0.024219 0.025106
0 0.920833 0.090523 0.022396 0.024752
0 0.912891 0.826556 0.022656 0.023692
0 0.671615 0.089109 0.019792 0.026874
0 0.249740 0.733027 0.018229 0.024752
0 0.203255 0.440417 0.019531 0.024399
0 0.320052 0.608204 0.020313 0.028289
0 0.887891 0.969236 0.021615 0.029703
0 0.531901 0.244165 0.020052 0.032178
0 0.896745 0.244696 0.022656 0.033239
0 0.624870 0.037659 0.020052 0.025813
0 0.797135 0.911952 0.019271 0.032532
0 0.275130 0.162482 0.021094 0.022984
0 0.318750 0.781648 0.021875 0.025106
0 0.798177 0.940064 0.018229 0.026521
0 0.646875 0.303571 0.021354 0.030764
0 0.753516 0.940948 0.022135 0.028996
0 0.249740 0.606612 0.019271 0.028642
0 0.847266 0.582390 0.020052 0.028289
0 0.919401 0.470120 0.020573 0.027228
0 0.227083 0.391443 0.019792 0.026167
0 0.418490 0.039427 0.020313 0.031471
0 0.508203 0.300743 0.022135 0.032885
0 0.709245 0.580269 0.020052 0.033946
0 0.729948 0.966584 0.021875 0.027935
0 0.781120 0.394625 0.018490 0.024752
0 0.622656 0.136669 0.019271 0.023692
0 0.319661 0.910714 0.020573 0.027935
0 0.112630 0.237624 0.020052 0.030410
0 0.711979 0.493812 0.022917 0.025106
0 0.579818 0.061351 0.018490 0.029349
0 0.180469 0.576202 0.021875 0.029349
0 0.666797 0.495403 0.023698 0.024752
0 0.624870 0.304455 0.022135 0.030410
0 0.754036 0.756365 0.021094 0.025460
0 0.874740 0.274045 0.018750 0.029703
0 0.297396 0.436528 0.019792 0.023692
0 0.601953 0.114922 0.021615 0.023338
0 0.228646 0.161068 0.022396 0.025106
0 0.599609 0.444307 0.020052 0.029349
0 0.844271 0.753182 0.019792 0.024045
0 0.755208 0.911245 0.020833 0.029703
0 0.110807 0.434229 0.020573 0.026874
0 0.224740 0.803395 0.021354 0.026874
0 0.708984 0.775636 0.019010 0.022984
0 0.322917 0.397454 0.019792 0.026167
0 0.806641 0.038013 0.020052 0.024399
0 0.711849 0.163720 0.021615 0.023338
0 0.325391 0.035891 0.021094 0.025813
0 0.273177 0.730021 0.019792 0.022984
0 0.343229 0.909830 0.021354 0.029703
0 0.505339 0.467468 0.019010 0.024752
0 0.178906 0.973479 0.020833 0.026874
0 0.622917 0.415311 0.020313 0.024399
0 0.439714 0.162836 0.022135 0.022984
0 0.867448 0.707037 0.021354 0.027228
0 0.271745 0.823904 0.021094 0.021216
0 0.437500 0.607143 0.019792 0.028289
0 0.366797 0.420615 0.019531 0.023692
0 0.616797 0.935467 0.021615 0.030057
0 0.820964 0.823904 0.023177 0.024752
0 0.623828 0.390912 0.020052 0.022984
0 0.202474 0.943777 0.021094 0.027581
0 0.596484 0.751945 0.020052 0.025106
0 0.944401 0.369519 0.020052 0.027581
0 0.890495 0.825141 0.022656 0.025106
0 0.202344 0.825849 0.021875 0.022984
0 0.249609 0.634371 0.021094 0.025460
0 0.527083 0.759724 0.018750 0.027228
0 0.874089 0.421146 0.019531 0.024045
0 0.178516 0.731789 0.020573 0.025813
0 0.942578 0.090523 0.020052 0.022631
0 0.965365 0.117397 0.020833 0.027581
0 0.736328 0.368105 0.020573 0.022631
0 0.320703 0.731966 0.020052 0.024045
0 0.826172 0.426803 0.021615 0.029703
0 0.731510 0.705799 0.019792 0.026874
0 0.129557 0.778819 0.019010 0.024399
0 0.185286 0.116513 0.020052 0.028642
0 0.411979 0.963048 0.019792 0.031471
0 0.624479 0.365099 0.022917 0.028642
0 0.201953 0.972772 0.020573 0.026874
0 0.460286 0.419554 0.018490 0.023692
0 0.067318 0.083805 0.018490 0.026167
0 0.578646 0.114215 0.018750 0.026167
0 0.296745 0.607143 0.019010 0.028289
0 0.599349 0.468529 0.017448 0.023338
0 0.865885 0.940417 0.019792 0.026521
0 0.600781 0.165311 0.023958 0.025106
0 0.131641 0.828147 0.022656 0.021216
0 0.433594 0.962871 0.020833 0.028289
0 0.867188 0.913897 0.022917 0.027935
0 0.301432 0.059936 0.019531 0.022984
0 0.387370 0.636492 0.022135 0.028996
0 0.849349 0.421499 0.021094 0.028289
0 0.709245 0.752298 0.019010 0.026521
0 0.508073 0.163190 0.021875 0.022984
0 0.411979 0.907532 0.020313 0.028642
0 0.060547 0.786421 0.020573 0.023338
0 0.639974 0.798798 0.019010 0.023338
0 0.686458 0.633133 0.021354 0.031471
0 0.107943 0.575318 0.022656 0.033239
0 0.550781 0.904526 0.021354 0.029703
0 0.438542 0.302334 0.019271 0.031117
0 0.066016 0.109264 0.020573 0.026874
0 0.850521 0.163720 0.022396 0.025460
0 0.226302 0.776167 0.018229 0.025460
0 0.093620 0.031648 0.019010 0.027228
0 0.874609 0.369873 0.020573 0.023338
0 0.618750 0.752122 0.020313 0.026874
0 0.161068 0.131365 0.021094 0.027935
0 0.897135 0.368105 0.020833 0.026167
0 0.156510 0.485856 0.022917 0.024045
0 0.733073 0.163543 0.022396 0.023692
0 0.505078 0.780764 0.022135 0.028289
0 0.342969 0.781471 0.020313 0.026167
0 0.896484 0.090347 0.021094 0.022277
0 0.550260 0.962871 0.021354 0.027581
0 0.203516 0.390912 0.019010 0.025106
0 0.576823 0.247171 0.018229 0.030410
0 0.297396 0.966054 0.020833 0.026874
0 0.321094 0.705799 0.020833 0.024045
0 0.577604 0.458982 0.019792 0.025460
0 0.084635 0.704562 0.021354 0.025813
0 0.827734 0.164074 0.024219 0.023338
0 0.868490 0.735325 0.023958 0.027228
0 0.275651 0.365629 0.020052 0.024045
0 0.251953 0.969059 0.021615 0.028642
0 0.822396 0.751591 0.020833 0.025106
0 0.112370 0.164250 0.024219 0.025813
0 0.251563 0.387730 0.020313 0.029349
0 0.366276 0.442539 0.019531 0.023692
0 0.251823 0.162659 0.023438 0.023338
0 0.390104 0.732673 0.017708 0.024045
0 0.732422 0.303748 0.023177 0.031117
0 0.366536 0.966407 0.020052 0.026874
0 0.248958 0.775813 0.020833 0.024045
0 0.776823 0.728607 0.019271 0.022984
0 0.139193 0.053925 0.017969 0.022277
0 0.873437 0.446782 0.017708 0.026521
0 0.092188 0.083451 0.020313 0.024752
0 0.685937 0.798267 0.020313 0.025813
0 0.623568 0.113861 0.019531 0.024045
0 0.692969 0.395686 0.019271 0.024045
0 0.639974 0.936704 0.021615 0.030410
0 0.503776 0.905587 0.019531 0.029703
0 0.062760 0.636492 0.020313 0.029703
0 0.413281 0.820191 0.022917 0.021570
0 0.088151 0.434229 0.021094 0.025460
0 0.389844 0.798975 0.018750 0.023692
0 0.874479 0.037482 0.019792 0.022631
0 0.225651 0.825318 0.021615 0.021924
0 0.710547 0.303218 0.021094 0.028642
0 0.178906 0.703324 0.020313 0.023338
0 0.202734 0.730021 0.019010 0.024399
0 0.415234 0.393918 0.020052 0.023338
0 0.556641 0.035714 0.021615 0.025460
0 0.942578 0.444307 0.021615 0.025106
0 0.182031 0.409300 0.021875 0.023692
0 0.942969 0.421853 0.019792 0.023338
0 0.226432 0.730552 0.020573 0.022631
0 0.692708 0.419554 0.018229 0.024399
0 0.731641 0.753713 0.019531 0.024399
0 0.344010 0.731259 0.019271 0.021924
0 0.367578 0.780233 0.020052 0.022984
0 0.913932 0.782355 0.020573 0.022984
0 0.154557 0.728430 0.019010 0.024752
0 0.296745 0.756365 0.019010 0.024752
0 0.557422 0.090170 0.019010 0.023338
0 0.848177 0.493635 0.022396 0.022631
0 0.874219 0.064003 0.019792 0.024045
0 0.913281 0.756895 0.019792 0.027935
0 0.139844 0.030057 0.019792 0.024752
0 0.388411 0.964993 0.020573 0.028289
0 0.503906 0.755658 0.018750 0.021216
0 0.063021 0.399222 0.022396 0.034653
0 0.134896 0.410714 0.019792 0.021570
0 0.108203 0.971535 0.020573 0.028642
0 0.686849 0.773338 0.019010 0.023338
0 0.775260 0.798798 0.018750 0.023338
0 0.130469 0.971358 0.019792 0.028289
0 0.085286 0.783062 0.023177 0.030764
0 0.250521 0.484795 0.023438 0.024752
0 0.435417 0.797030 0.019792 0.025460
0 0.801432 0.492574 0.022135 0.024045
0 0.202474 0.778819 0.019010 0.022277
0 0.250260 0.708098 0.022396 0.027935
0 0.683594 0.965877 0.020833 0.024399
0 0.661458 0.937235 0.020313 0.027935
0 0.556250 0.243989 0.020313 0.033239
0 0.416927 0.242397 0.022396 0.032885
0 0.411719 0.798798 0.020313 0.024752
0 0.866276 0.825141 0.022656 0.025106
0 0.231250 0.101132 0.020833 0.028996
0 0.849479 0.395156 0.019792 0.024399
0 0.621745 0.162659 0.022135 0.026167
0 0.665104 0.635608 0.022396 0.027228
0 0.527214 0.607850 0.018490 0.028289
0 0.069401 0.029880 0.020052 0.030057
0 0.797396 0.823550 0.021354 0.025460
0 0.251563 0.363331 0.020313 0.020863
0 0.919010 0.491690 0.021354 0.020156
0 0.736719 0.390912 0.020313 0.022277
0 0.965755 0.141973 0.020573 0.025106
0 0.112240 0.266443 0.019792 0.026521
0 0.874219 0.114745 0.019271 0.021570
0 0.775521 0.777758 0.019271 0.022984
0 0.710026 0.728960 0.020052 0.022984
0 0.479818 0.704208 0.021615 0.024399
0 0.573568 0.753359 0.021615 0.025813
0 0.669922 0.392327 0.020052 0.021570
0 0.967578 0.066478 0.020573 0.029703
0 0.916276 0.613331 0.022135 0.029349
0 0.202474 0.462164 0.019010 0.021216
0 0.938411 0.708805 0.022135 0.028642
0 0.134505 0.295262 0.019531 0.031117
0 0.060677 0.729844 0.023958 0.032532
0 0.640365 0.775460 0.018750 0.022631
0 0.662760 0.774576 0.019271 0.027228
0 0.348438 0.035184 0.019792 0.023692
0 0.647917 0.036068 0.021354 0.023338
0 0.759115 0.111917 0.019792 0.019448
0 0.529948 0.302511 0.020833 0.032885
0 0.254688 0.059406 0.020833 0.029703
0 0.530990 0.414427 0.019271 0.025460
0 0.107682 0.701379 0.020052 0.021570
0 0.550130 0.819130 0.021615 0.020863
0 0.660937 0.965877 0.019271 0.027228
0 0.502214 0.819837 0.022135 0.020863
0 0.730729 0.910361 0.022917 0.031471
0 0.892708 0.611033 0.021875 0.027581
0 0.845703 0.703854 0.020052 0.027228
0 0.662240 0.799859 0.020313 0.024045
0 0.182161 0.388437 0.020573 0.020156
0 0.799349 0.774222 0.017969 0.024399
0 0.779036 0.491690 0.021615 0.023692
0 0.844922 0.731436 0.020052 0.023692
0 0.803255 0.392150 0.020052 0.031117
0 0.776302 0.753890 0.018750 0.028289
0 0.087240 0.824611 0.022396 0.023338
0 0.532031 0.438119 0.019792 0.021216
0 0.965625 0.274576 0.021354 0.033593
0 0.364844 0.637730 0.018750 0.027935
0 0.894531 0.472065 0.021354 0.025460
0 0.254948 0.033239 0.020313 0.021216
0 0.683854 0.939180 0.021354 0.026874
0 0.273828 0.705976 0.020052 0.024399
0 0.229427 0.237801 0.020313 0.030057
0 0.601953 0.302864 0.022135 0.031471
0 0.062891 0.362270 0.022656 0.029349
0 0.083333 0.616337 0.018229 0.024045
0 0.891536 0.750884 0.018490 0.022277
0 0.618229 0.797560 0.020833 0.025106
0 0.756120 0.303571 0.020052 0.030057
0 0.088411 0.382779 0.020052 0.029349
0 0.249609 0.823373 0.022135 0.022277
0 0.275781 0.388967 0.017708 0.020509
0 0.184245 0.163013 0.022135 0.022631
0 0.891406 0.730198 0.019792 0.023338
0 0.730599 0.937412 0.019531 0.024752
0 0.799740 0.750530 0.019271 0.026521
0 0.799870 0.725424 0.020052 0.022277
0 0.298307 0.391620 0.020052 0.020156
0 0.934896 0.971888 0.021354 0.030057
0 0.344661 0.812942 0.023177 0.038190
0 0.479687 0.778642 0.019792 0.023338
0 0.084896 0.639144 0.021354 0.025813
0 0.910677 0.969236 0.020313 0.025460
0 0.232422 0.035184 0.021094 0.022984
0 0.647135 0.364745 0.020313 0.021570
0 0.480990 0.818423 0.020313 0.020156
0 0.461719 0.142857 0.018229 0.021216
0 0.663281 0.750707 0.019271 0.023338
0 0.936719 0.944837 0.020833 0.025460
0 0.278125 0.035537 0.019792 0.022984
0 0.686589 0.751238 0.020573 0.023692
0 0.229036 0.300743 0.020573 0.027228
0 0.479948 0.800389 0.019271 0.022984
0 0.044531 0.104668 0.019792 0.021924
0 0.550651 0.705799 0.020052 0.027581
0 0.295964 0.825141 0.022656 0.018741
0 0.249349 0.753182 0.019010 0.021924
0 0.936719 0.801273 0.020833 0.025460
0 0.392448 0.391266 0.020313 0.020863
0 0.754036 0.824257 0.022656 0.023338
0 0.108333 0.805339 0.019271 0.025813
0 0.129036 0.912306 0.021615 0.032532
0 0.164714 0.029349 0.020573 0.022631
0 0.186328 0.031471 0.019010 0.020509
0 0.892578 0.640382 0.020052 0.031825
0 0.502734 0.803571 0.019531 0.020156
0 0.960677 0.759371 0.019271 0.024399
0 0.461589 0.163366 0.021615 0.021924
0 0.044401 0.079738 0.024740 0.032178
0 0.367318 0.802687 0.020573 0.024045
0 0.531510 0.391620 0.020313 0.022277
0 0.226693 0.439533 0.020052 0.019095
0 0.777344 0.705269 0.018750 0.022984
0 0.297396 0.706330 0.020313 0.022277
0 0.087891 0.484795 0.021615 0.023338
0 0.759375 0.367221 0.019792 0.022984
0 0.640234 0.906648 0.020052 0.029703
0 0.802604 0.366867 0.017708 0.020156
0 0.617057 0.966054 0.021094 0.029703
0 0.226302 0.909477 0.021354 0.024045
0 0.348438 0.085219 0.020833 0.021216
0 0.823698 0.729491 0.019792 0.024752
0 0.158073 0.389144 0.019792 0.021570
0 0.941016 0.491160 0.021094 0.020509
0 0.413151 0.776874 0.019531 0.019095
0 0.572005 0.961280 0.016927 0.031471
0 0.964583 0.470120 0.019792 0.027228
0 0.578776 0.036775 0.018490 0.019802
0 0.938672 0.733027 0.022135 0.021216
0 0.966927 0.039250 0.020833 0.022631
0 0.369401 0.822313 0.021094 0.020156
0 0.872396 0.493812 0.021875 0.020863
0 0.505208 0.702970 0.021354 0.024752
0 0.063151 0.441832 0.021615 0.030057
0 0.157682 0.408769 0.020052 0.016973
0 0.295964 0.804632 0.021615 0.023692
0 0.936458 0.916549 0.021875 0.028289
0 0.089974 0.237624 0.020052 0.032532
0 0.550130 0.932638 0.019531 0.030057
0 0.753646 0.799682 0.017708 0.025813
0 0.753646 0.778289 0.018750 0.021924
0 0.063281 0.606612 0.019792 0.027228
0 0.325000 0.082037 0.018750 0.024045
0 0.090495 0.163543 0.022656 0.025813
0 0.686979 0.729844 0.019271 0.021216
0 0.063411 0.482143 0.024219 0.024399
0 0.109766 0.826556 0.020573 0.020863
0 0.320573 0.813119 0.022917 0.039958
0 0.089583 0.297207 0.021875 0.027228
0 0.617188 0.819484 0.022396 0.020863
0 0.133333 0.484441 0.022917 0.024045
0 0.574219 0.729314 0.020313 0.023692
0 0.912891 0.803218 0.020573 0.022984
0 0.042188 0.604668 0.020833 0.029703
0 0.965104 0.390382 0.019271 0.031825
0 0.937240 0.778996 0.017708 0.023338
0 0.593229 0.967822 0.022396 0.037482
0 0.965755 0.361033 0.018490 0.027581
0 0.060547 0.703147 0.020573 0.021570
0 0.436849 0.816655 0.023177 0.020863
0 0.892448 0.582921 0.020833 0.028642
0 0.965625 0.242397 0.021875 0.030764
0 0.775521 0.911421 0.018229 0.032885
0 0.914323 0.640736 0.021875 0.028996
0 0.083854 0.916549 0.022396 0.032532
0 0.966146 0.303041 0.020313 0.027581
0 0.895182 0.493458 0.023177 0.021570
0 0.067187 0.162659 0.021354 0.025460
0 0.111328 0.295969 0.020052 0.031825
0 0.618490 0.775460 0.019271 0.020509
0 0.063542 0.575495 0.020313 0.030057
0 0.638802 0.964816 0.018750 0.027935
0 0.963542 0.492574 0.020833 0.021216
0 0.942448 0.612093 0.025000 0.028289
0 0.960417 0.782709 0.019271 0.024399
0 0.084115 0.594413 0.017188 0.022631
0 0.089974 0.359441 0.020573 0.019448
0 0.937240 0.825318 0.022396 0.026167
0 0.940755 0.582214 0.025781 0.030764
0 0.574089 0.705799 0.021615 0.028996
0 0.551302 0.795792 0.019792 0.023692
0 0.046224 0.051273 0.022135 0.025460
0 0.964714 0.419908 0.019531 0.029349
0 0.572656 0.931223 0.018750 0.027228
0 0.060937 0.943777 0.019271 0.022631
0 0.112240 0.358380 0.018229 0.019448
0 0.085156 0.972242 0.022917 0.032178
0 0.084766 0.570545 0.017448 0.025813
0 0.549870 0.778112 0.019531 0.019448
0 0.958724 0.828147 0.020573 0.024752
0 0.573568 0.904880 0.019010 0.025460
0 0.916276 0.582744 0.020052 0.032532
0 0.110677 0.484088 0.022396 0.022631
0 0.061849 0.974540 0.020573 0.033239
0 0.060547 0.807284 0.021094 0.024045
0 0.594531 0.817362 0.021354 0.022984
0 0.573958 0.796676 0.019792 0.020509
0 0.036849 0.707744 0.022656 0.029349
0 0.045052 0.027051 0.019792 0.023692
0 0.064453 0.268918 0.021615 0.026521
0 0.039974 0.575495 0.020573 0.030057
0 0.961328 0.734618 0.019010 0.025813
0 0.061719 0.827440 0.023958 0.021216
0 0.959245 0.802157 0.017448 0.021570
0 0.574219 0.777051 0.020833 0.022984
0 0.042708 0.132426 0.019271 0.025106
0 0.939583 0.643741 0.023958 0.033593
0 0.038151 0.733911 0.019010 0.022277
0 0.958333 0.919731 0.019271 0.031825
0 0.804297 0.272808 0.017969 0.023692
0 0.347526 0.118281 0.021094 0.016620
0 0.961849 0.708628 0.017969 0.024045
0 0.041667 0.160714 0.026042 0.029349
0 0.040495 0.637907 0.021615 0.032532
0 0.958984 0.950672 0.019010 0.023692
0 0.036849 0.788190 0.022656 0.028289
0 0.850651 0.333098 0.019531 0.022631
0 0.798958 0.738154 0.018750 0.021570
0 0.061198 0.915842 0.018229 0.030410
0 0.042188 0.324257 0.017188 0.016266
0 0.108464 0.916372 0.017448 0.025106
0 0.062891 0.296499 0.020573 0.029349
0 0.595964 0.778819 0.019010 0.022984
0 0.458073 0.778112 0.020833 0.020863
0 0.037760 0.945721 0.020313 0.027228
0 0.043229 0.294378 0.019271 0.030057
0 0.041667 0.350248 0.014583 0.029349
0 0.037891 0.761492 0.017448 0.030057
0 0.035677 0.812235 0.017708 0.021924
0 0.036068 0.830976 0.015365 0.019802
0 0.037891 0.917786 0.019010 0.020863
0 0.037500 0.975071 0.019792 0.022984
0 0.957422 0.974540 0.016927 0.026167
0 0.964974 0.582037 0.016927 0.028996
0 0.965885 0.611563 0.019792 0.025813
0 0.963151 0.643211 0.020573 0.033239
