0 0.879917 0.053540 0.213945 0.096668
0 0.888260 0.200538 0.205006 0.149774
0 0.879023 0.354478 0.212157 0.125824
0 0.881704 0.503731 0.225268 0.124783
0 0.880959 0.628948 0.216031 0.086775
0 0.862336 0.784103 0.253278 0.128081
0 0.874404 0.928757 0.217819 0.118188
0 0.640644 0.067685 0.197259 0.129122
0 0.625894 0.344672 0.216031 0.138841
0 0.637813 0.476571 0.225566 0.083652
0 0.621126 0.631725 0.232718 0.137799
0 0.604291 0.774818 0.240167 0.109511
0 0.587455 0.914787 0.202920 0.131204
0 0.388260 0.070462 0.228844 0.121486
0 0.392878 0.198889 0.230930 0.129122
0 0.399434 0.352916 0.206496 0.148733
0 0.393921 0.493318 0.206794 0.134502
0 0.392133 0.637018 0.206794 0.128948
0 0.377980 0.909320 0.245828 0.124783
0 0.129321 0.068205 0.210369 0.130163
0 0.114422 0.209736 0.195471 0.116106
0 0.112634 0.352916 0.221692 0.131378
0 0.125447 0.495054 0.240167 0.120271
0 0.114422 0.642485 0.225268 0.137799
0 0.109803 0.792780 0.204708 0.119403
0 0.119041 0.927803 0.230930 0.133287
