0 0.879062 0.076438 0.210239 0.130435
0 0.876474 0.219407 0.211964 0.129208
0 0.667817 0.071529 0.215703 0.122721
0 0.661634 0.215550 0.192407 0.143583
0 0.678746 0.376140 0.230083 0.135870
0 0.659764 0.508590 0.228358 0.140252
0 0.652574 0.657696 0.217429 0.160063
0 0.669687 0.802332 0.219442 0.135870
0 0.660771 0.934607 0.222893 0.130785
0 0.408973 0.093531 0.244464 0.135870
0 0.400920 0.231417 0.231809 0.146914
0 0.408254 0.368426 0.224619 0.111676
0 0.417170 0.518496 0.224619 0.144635
0 0.427955 0.658222 0.228358 0.128156
0 0.426086 0.791374 0.235548 0.116059
0 0.422491 0.931802 0.231809 0.136396
0 0.139344 0.077489 0.251654 0.141304
0 0.139488 0.227560 0.219154 0.139201
0 0.130572 0.372809 0.201323 0.151297
0 0.144953 0.514727 0.230083 0.115007
0 0.161634 0.658222 0.228358 0.154453
0 0.154731 0.795670 0.199597 0.118338
0 0.158326 0.939516 0.235548 0.120968
