0 0.828617 0.105352 0.342766 0.186712
0 0.826749 0.309443 0.316604 0.215318
0 0.819007 0.506767 0.357715 0.170717
0 0.820342 0.697324 0.344367 0.203630
0 0.823812 0.901723 0.329952 0.196555
0 0.491458 0.126576 0.298452 0.199631
0 0.492525 0.318671 0.303791 0.142110
0 0.489589 0.487235 0.261612 0.197478
0 0.500534 0.686250 0.316604 0.196247
0 0.506140 0.885574 0.272290 0.204860
0 0.169247 0.111350 0.279765 0.211012
0 0.175921 0.319133 0.311265 0.202707
0 0.177256 0.508459 0.322477 0.182713
0 0.181527 0.701938 0.340630 0.211012
0 0.181260 0.896647 0.336893 0.199323
