0 0.397005 0.648196 0.020052 0.037629
0 0.245443 0.684536 0.019531 0.039175
0 0.783984 0.693299 0.018490 0.042268
0 0.763932 0.654124 0.017448 0.037113
0 0.397135 0.612371 0.019271 0.038144
0 0.720833 0.653866 0.020313 0.036598
0 0.677214 0.615979 0.020052 0.038144
0 0.699609 0.617010 0.019010 0.041237
0 0.459766 0.611340 0.022135 0.039175
0 0.308724 0.648454 0.019010 0.037113
0 0.459505 0.686856 0.020052 0.041753
0 0.265755 0.648969 0.020052 0.038144
0 0.742578 0.689948 0.020573 0.040722
0 0.805078 0.692526 0.020052 0.040722
0 0.200521 0.685825 0.021354 0.038660
0 0.417448 0.613402 0.019792 0.038144
0 0.699740 0.653608 0.021354 0.038144
0 0.720703 0.690979 0.018490 0.044845
0 0.547526 0.612887 0.017969 0.036082
0 0.222526 0.685567 0.019531 0.045361
0 0.785156 0.619072 0.019792 0.041237
0 0.113281 0.648196 0.019271 0.036598
0 0.827083 0.690722 0.018229 0.040206
0 0.721354 0.616237 0.021354 0.037629
0 0.654948 0.687887 0.020313 0.044845
0 0.352344 0.647938 0.019271 0.037113
0 0.460026 0.797165 0.019531 0.038660
0 0.330208 0.647680 0.018229 0.039691
0 0.612109 0.616237 0.019010 0.038660
0 0.677214 0.651546 0.019531 0.040206
0 0.612240 0.652062 0.020833 0.037113
0 0.569401 0.615464 0.021615 0.044330
0 0.502344 0.611598 0.019271 0.040722
0 0.502995 0.648196 0.020573 0.038660
0 0.525651 0.686856 0.019531 0.044845
0 0.611979 0.689175 0.020833 0.041237
0 0.351432 0.686340 0.020573 0.040722
0 0.201302 0.647680 0.017708 0.038660
0 0.286458 0.686082 0.018750 0.039175
0 0.699349 0.691753 0.019531 0.044330
0 0.677604 0.687629 0.019271 0.039175
0 0.633724 0.691237 0.022135 0.046392
0 0.308203 0.686598 0.019010 0.039175
0 0.827865 0.619072 0.019792 0.038144
0 0.784245 0.655412 0.019010 0.034536
0 0.373698 0.647423 0.018750 0.038144
0 0.245052 0.649227 0.019271 0.036598
0 0.849609 0.691237 0.020573 0.042268
0 0.568750 0.652062 0.020313 0.032990
0 0.742188 0.836856 0.019271 0.039691
0 0.764453 0.617268 0.017448 0.040722
0 0.330078 0.612887 0.019010 0.036082
0 0.308724 0.612887 0.019531 0.039175
0 0.568359 0.687113 0.019010 0.040206
0 0.764453 0.692784 0.019531 0.041237
0 0.591927 0.613660 0.019271 0.035567
0 0.352865 0.612629 0.020313 0.039691
0 0.806641 0.655412 0.020573 0.038660
0 0.417448 0.683247 0.019792 0.046907
0 0.437760 0.685309 0.019271 0.037629
0 0.632812 0.651031 0.019271 0.036082
0 0.329557 0.686598 0.020052 0.042268
0 0.286589 0.612887 0.019531 0.036082
0 0.373047 0.685825 0.021094 0.041753
0 0.893750 0.694330 0.019271 0.042268
0 0.480729 0.687371 0.018750 0.045876
0 0.849219 0.655670 0.020313 0.037113
0 0.827474 0.655412 0.019010 0.038660
0 0.373958 0.612371 0.019792 0.038144
0 0.161458 0.133763 0.018750 0.039691
0 0.264844 0.686082 0.018229 0.038144
0 0.503125 0.686598 0.022396 0.042268
0 0.871224 0.728093 0.018490 0.034536
0 0.178255 0.685309 0.020052 0.045876
0 0.893229 0.840722 0.019792 0.038144
0 0.807682 0.618041 0.019531 0.039175
0 0.479427 0.870619 0.018229 0.039175
0 0.286458 0.648969 0.018229 0.038144
0 0.849219 0.729124 0.018229 0.033505
0 0.893750 0.728866 0.017708 0.032990
0 0.703906 0.135567 0.018229 0.034021
0 0.437760 0.646649 0.020313 0.042784
0 0.546484 0.687629 0.020052 0.039175
0 0.378385 0.133763 0.017188 0.037629
0 0.502474 0.759536 0.017969 0.032474
0 0.459896 0.724227 0.018229 0.035052
0 0.459766 0.835567 0.017969 0.036082
0 0.395182 0.723454 0.017969 0.036598
0 0.200000 0.724227 0.019792 0.039175
0 0.525781 0.833763 0.020313 0.036598
0 0.871354 0.693814 0.020313 0.042268
0 0.568229 0.833763 0.019271 0.037629
0 0.894922 0.656701 0.019010 0.032990
0 0.590495 0.688918 0.018490 0.036598
0 0.401302 0.134021 0.016667 0.037113
0 0.742318 0.727320 0.018490 0.037113
0 0.526823 0.614175 0.018229 0.044845
0 0.546484 0.834021 0.016927 0.035052
0 0.329688 0.720876 0.018229 0.031443
0 0.395833 0.685052 0.017188 0.042268
0 0.503516 0.725000 0.019010 0.035567
0 0.201563 0.611856 0.018750 0.036082
0 0.265755 0.612371 0.018490 0.035052
0 0.286328 0.721907 0.017448 0.033505
0 0.893750 0.767784 0.017188 0.038660
0 0.654948 0.652062 0.018750 0.032990
0 0.437891 0.760567 0.019010 0.035567
0 0.720703 0.727835 0.016927 0.031959
0 0.677083 0.798711 0.018750 0.036598
0 0.589714 0.873454 0.017969 0.031443
0 0.308333 0.722938 0.018750 0.038660
0 0.199089 0.832990 0.018490 0.036082
0 0.725130 0.172938 0.019010 0.038660
0 0.487109 0.099485 0.017448 0.031959
0 0.848568 0.765722 0.018490 0.038660
0 0.356771 0.170876 0.017708 0.036598
0 0.437370 0.721907 0.018490 0.037629
0 0.487109 0.134536 0.016406 0.038144
0 0.373177 0.723711 0.019792 0.037113
0 0.351562 0.721392 0.018229 0.031443
0 0.826693 0.872423 0.020052 0.035567
0 0.743750 0.617784 0.020313 0.040722
0 0.850000 0.620361 0.021875 0.039691
0 0.443620 0.171907 0.017969 0.037629
0 0.177995 0.723969 0.019010 0.036598
0 0.161068 0.169588 0.017448 0.036082
0 0.395182 0.758763 0.017969 0.036082
0 0.416927 0.758763 0.017188 0.037113
0 0.508724 0.133763 0.017448 0.036598
0 0.285938 0.796134 0.018229 0.034536
0 0.720703 0.801546 0.017969 0.036082
0 0.222266 0.722165 0.019531 0.034021
0 0.264583 0.794072 0.019271 0.038660
0 0.356120 0.133247 0.018490 0.035567
0 0.783724 0.730670 0.016406 0.035567
0 0.502604 0.868814 0.017708 0.031443
0 0.591276 0.726031 0.017969 0.036598
0 0.373437 0.759794 0.018750 0.038144
0 0.611328 0.835052 0.018490 0.037113
0 0.415755 0.723711 0.015885 0.037113
0 0.333724 0.134278 0.018490 0.038660
0 0.567839 0.797938 0.018490 0.038144
0 0.112630 0.795361 0.018490 0.035052
0 0.525260 0.760052 0.018750 0.036598
0 0.545833 0.761598 0.016667 0.032474
0 0.307422 0.758763 0.017969 0.036082
0 0.112109 0.684278 0.021615 0.039691
0 0.327604 0.832216 0.017708 0.038660
0 0.849089 0.874227 0.017969 0.030928
0 0.464714 0.135567 0.017448 0.037113
0 0.655599 0.616753 0.018490 0.043814
0 0.747266 0.136340 0.015885 0.035567
0 0.567969 0.760309 0.017188 0.036082
0 0.178906 0.863660 0.019792 0.034536
0 0.892578 0.804897 0.017448 0.036598
0 0.327865 0.867268 0.018750 0.032474
0 0.611589 0.726289 0.016927 0.035052
0 0.480859 0.796134 0.017969 0.035567
0 0.632552 0.727320 0.018229 0.032990
0 0.699609 0.760309 0.017448 0.034021
0 0.394141 0.796649 0.020573 0.040722
0 0.783724 0.799227 0.016406 0.035567
0 0.675521 0.834794 0.017188 0.036598
0 0.525911 0.725515 0.018490 0.035567
0 0.567839 0.870876 0.020573 0.032474
0 0.631771 0.870619 0.018229 0.032990
0 0.305859 0.867010 0.020573 0.035052
0 0.703255 0.100515 0.017969 0.036082
0 0.590365 0.836598 0.018750 0.041237
0 0.135417 0.685567 0.019792 0.041237
0 0.506771 0.171134 0.019792 0.036082
0 0.378385 0.170361 0.017188 0.036598
0 0.507812 0.206186 0.018750 0.036082
0 0.156641 0.793041 0.021615 0.037629
0 0.155599 0.721907 0.021615 0.041753
0 0.400260 0.171134 0.015625 0.034021
0 0.502604 0.796392 0.017708 0.039175
0 0.334896 0.170876 0.017708 0.034536
0 0.611198 0.761598 0.017708 0.035567
0 0.633333 0.763660 0.017708 0.037629
0 0.459766 0.760825 0.017448 0.036082
0 0.699089 0.798196 0.017969 0.038660
0 0.243750 0.721649 0.016667 0.034021
0 0.328385 0.795619 0.018750 0.038660
0 0.741536 0.800000 0.017969 0.038144
0 0.611458 0.800773 0.016667 0.036598
0 0.804297 0.836598 0.017969 0.035052
0 0.350781 0.831701 0.018229 0.037629
0 0.726432 0.101289 0.017448 0.035567
0 0.747396 0.175515 0.016667 0.037629
0 0.436458 0.833505 0.018750 0.035052
0 0.437891 0.609021 0.018490 0.033505
0 0.047656 0.727320 0.018229 0.037113
0 0.827344 0.800258 0.018750 0.035567
0 0.394141 0.833247 0.019010 0.035567
0 0.848958 0.840464 0.018750 0.041753
0 0.350911 0.796392 0.019010 0.037113
0 0.243490 0.829381 0.016146 0.034021
0 0.199740 0.867784 0.017708 0.033505
0 0.502474 0.833763 0.017969 0.035567
0 0.591276 0.650515 0.017448 0.040206
0 0.244271 0.795103 0.016146 0.038660
0 0.546875 0.726546 0.018750 0.036598
0 0.372656 0.797165 0.017708 0.038660
0 0.226042 0.204639 0.017708 0.032990
0 0.091016 0.685309 0.019010 0.038660
0 0.683073 0.098454 0.015104 0.030928
0 0.546615 0.869588 0.017708 0.035052
0 0.436589 0.868557 0.016927 0.030928
0 0.677604 0.724742 0.017188 0.037113
0 0.228255 0.133247 0.016927 0.033505
0 0.547135 0.648454 0.018750 0.041237
0 0.805339 0.801289 0.019010 0.036598
0 0.804688 0.873454 0.017188 0.039691
0 0.573828 0.134021 0.016406 0.034021
0 0.351562 0.758763 0.017708 0.038144
0 0.870833 0.767784 0.016667 0.038660
0 0.638411 0.172165 0.017969 0.035052
0 0.898828 0.139175 0.017969 0.035052
0 0.112500 0.759536 0.018750 0.038660
0 0.393750 0.867784 0.019792 0.032474
0 0.683073 0.209794 0.017708 0.031959
0 0.547005 0.797680 0.017969 0.037629
0 0.372656 0.832216 0.016667 0.034536
0 0.203255 0.132732 0.016927 0.035567
0 0.726042 0.136340 0.017708 0.032474
0 0.747526 0.210825 0.017969 0.031959
0 0.443099 0.135309 0.017448 0.035567
0 0.720833 0.762887 0.017188 0.037113
0 0.486849 0.171134 0.016927 0.034021
0 0.720833 0.836598 0.017188 0.030928
0 0.307943 0.830412 0.016927 0.037113
0 0.245182 0.614175 0.017969 0.038660
0 0.610807 0.871392 0.017969 0.030412
0 0.264193 0.831443 0.018490 0.038144
0 0.682552 0.172680 0.016146 0.034021
0 0.183724 0.093557 0.015885 0.034536
0 0.049870 0.761598 0.019010 0.037629
0 0.135156 0.795619 0.021354 0.037629
0 0.445964 0.206443 0.017448 0.026289
0 0.699740 0.725515 0.017708 0.035567
0 0.653776 0.837113 0.017448 0.037113
0 0.284766 0.866753 0.018490 0.033505
0 0.286458 0.758763 0.017188 0.039175
0 0.095312 0.092010 0.019271 0.033505
0 0.568750 0.723969 0.018229 0.034536
0 0.803906 0.765464 0.020313 0.040206
0 0.656380 0.724742 0.015885 0.031959
0 0.090495 0.869330 0.019531 0.037629
0 0.632812 0.834536 0.017708 0.037113
0 0.421875 0.171392 0.016667 0.032474
0 0.826302 0.837113 0.019271 0.039175
0 0.508203 0.097680 0.014844 0.029381
0 0.264323 0.757474 0.018750 0.035567
0 0.286068 0.830928 0.017448 0.036082
0 0.442969 0.097680 0.017188 0.034536
0 0.870703 0.877062 0.016927 0.031443
0 0.482031 0.761598 0.017708 0.034536
0 0.638802 0.099742 0.017708 0.032474
0 0.875651 0.138660 0.016927 0.034021
0 0.464583 0.207216 0.018229 0.030928
0 0.741667 0.763402 0.018229 0.036082
0 0.416667 0.831701 0.017188 0.035567
0 0.633724 0.613918 0.018490 0.038144
0 0.848307 0.803866 0.016927 0.036598
0 0.683594 0.064175 0.016146 0.034536
0 0.400521 0.207216 0.017708 0.031959
0 0.048307 0.795361 0.019010 0.038144
0 0.574349 0.098711 0.017448 0.038660
0 0.135417 0.722423 0.017708 0.036598
0 0.437370 0.797680 0.018490 0.037629
0 0.140234 0.130928 0.015885 0.035052
0 0.460026 0.870103 0.016406 0.032990
0 0.350260 0.868299 0.017708 0.030412
0 0.182161 0.169588 0.017448 0.037113
0 0.199349 0.793814 0.018490 0.038144
0 0.156250 0.830670 0.019792 0.040722
0 0.372135 0.868041 0.018750 0.031959
0 0.270703 0.132732 0.015365 0.035567
0 0.178255 0.828351 0.018490 0.034021
0 0.783594 0.762113 0.017708 0.034536
0 0.530599 0.173711 0.016927 0.032990
0 0.588932 0.801031 0.017448 0.039175
0 0.551693 0.171134 0.017448 0.035052
0 0.248438 0.204897 0.016667 0.030412
0 0.874740 0.174227 0.018229 0.038144
0 0.091536 0.648969 0.023177 0.041237
0 0.270182 0.171134 0.015885 0.034021
0 0.243620 0.757474 0.015885 0.035567
0 0.742057 0.872165 0.018490 0.032990
0 0.746875 0.101289 0.016667 0.030412
0 0.223307 0.613144 0.017969 0.042784
0 0.183464 0.132990 0.015365 0.038144
0 0.158073 0.679897 0.019792 0.042268
0 0.136589 0.649227 0.021094 0.036598
0 0.763151 0.727320 0.017969 0.034021
0 0.530859 0.134021 0.017448 0.040206
0 0.481771 0.725000 0.016667 0.035567
0 0.204167 0.096392 0.017188 0.035052
0 0.160677 0.094072 0.017708 0.035567
0 0.464583 0.171649 0.017188 0.035052
0 0.313411 0.135052 0.017448 0.038144
0 0.307292 0.796649 0.020833 0.033505
0 0.811849 0.137113 0.017969 0.040206
0 0.764062 0.835825 0.016667 0.035567
0 0.679167 0.762113 0.017708 0.038660
0 0.313542 0.170619 0.017188 0.035052
0 0.487370 0.207990 0.019010 0.033505
0 0.328776 0.757216 0.020052 0.041237
0 0.249479 0.133247 0.015625 0.033505
0 0.590365 0.762887 0.018229 0.039175
0 0.638411 0.135825 0.016406 0.036598
0 0.160938 0.203351 0.016667 0.031443
0 0.111979 0.611856 0.020833 0.041237
0 0.526042 0.796907 0.019792 0.037113
0 0.530339 0.207474 0.017969 0.031443
0 0.682682 0.134536 0.017448 0.035052
0 0.633073 0.800515 0.017188 0.037113
0 0.140495 0.093557 0.016406 0.033505
0 0.762891 0.800773 0.016406 0.036598
0 0.416406 0.868041 0.015104 0.032990
0 0.270443 0.206186 0.017448 0.031959
0 0.480078 0.906959 0.016927 0.030412
0 0.265495 0.721134 0.018490 0.037113
0 0.334245 0.095876 0.017448 0.035052
0 0.875521 0.103866 0.016667 0.031443
0 0.762891 0.764175 0.016927 0.036598
0 0.661328 0.098454 0.016927 0.031959
0 0.242969 0.864691 0.015625 0.030412
0 0.480339 0.833247 0.017969 0.035567
0 0.725911 0.209021 0.018490 0.031443
0 0.182031 0.205670 0.017188 0.030928
0 0.134115 0.831443 0.019792 0.035052
0 0.784505 0.836082 0.015365 0.036082
0 0.783984 0.908763 0.015885 0.028866
0 0.523568 0.869845 0.018490 0.032474
0 0.205469 0.203093 0.018229 0.032990
0 0.660417 0.136340 0.019792 0.039691
0 0.596094 0.170619 0.015104 0.032990
0 0.422526 0.134021 0.016927 0.039175
0 0.203906 0.168557 0.018229 0.035052
0 0.263151 0.866237 0.017969 0.033505
0 0.113802 0.831186 0.018229 0.034536
0 0.480990 0.611856 0.018750 0.043299
0 0.660677 0.173196 0.018750 0.039175
0 0.091016 0.833247 0.019010 0.036598
0 0.417708 0.796649 0.017188 0.038660
0 0.178385 0.795876 0.016667 0.036082
0 0.784635 0.874227 0.016146 0.037113
0 0.070052 0.869845 0.016146 0.028351
0 0.573698 0.168557 0.018750 0.034021
0 0.553255 0.134278 0.020052 0.035567
0 0.655078 0.800515 0.019010 0.038144
0 0.422266 0.207474 0.017448 0.033505
0 0.177604 0.757732 0.020313 0.037113
0 0.895443 0.621649 0.018490 0.041237
0 0.805599 0.724742 0.016406 0.029897
0 0.070052 0.834021 0.016146 0.036082
0 0.179036 0.613918 0.018490 0.043299
0 0.698698 0.834794 0.017188 0.033505
0 0.334766 0.206443 0.018490 0.030412
0 0.357161 0.095876 0.015885 0.035052
0 0.616667 0.172938 0.019271 0.034536
0 0.532031 0.096907 0.016146 0.029897
0 0.871354 0.803351 0.019271 0.035567
0 0.400781 0.096907 0.016146 0.035052
0 0.638151 0.207216 0.018490 0.031959
0 0.702995 0.173196 0.016927 0.030928
0 0.616927 0.134536 0.018229 0.036082
0 0.698568 0.870103 0.019010 0.034021
0 0.379427 0.206186 0.018229 0.031959
0 0.725911 0.064948 0.015885 0.030928
0 0.827604 0.763144 0.018229 0.035567
0 0.140234 0.168814 0.015885 0.034536
0 0.676172 0.871649 0.017448 0.034021
0 0.136068 0.613144 0.019531 0.040722
0 0.155990 0.758247 0.018750 0.032990
0 0.465234 0.096649 0.017448 0.030412
0 0.804427 0.909794 0.017188 0.031959
0 0.617578 0.098969 0.016406 0.032990
0 0.226432 0.168299 0.019531 0.036598
0 0.827474 0.726804 0.016927 0.031959
0 0.248438 0.171392 0.018229 0.040722
0 0.747135 0.063144 0.018229 0.033505
0 0.200000 0.757732 0.020313 0.034021
0 0.091146 0.796907 0.018229 0.041237
0 0.220443 0.794072 0.018490 0.036598
0 0.869792 0.840464 0.019792 0.039691
0 0.703516 0.063660 0.015885 0.032474
0 0.768229 0.135825 0.015104 0.036598
0 0.112630 0.721907 0.021615 0.042784
0 0.089453 0.722938 0.021094 0.038660
0 0.068359 0.726031 0.016406 0.033505
0 0.356510 0.206959 0.017708 0.033505
0 0.767969 0.101546 0.015625 0.031959
0 0.657031 0.760052 0.019792 0.041753
0 0.117969 0.092010 0.016667 0.036598
0 0.222526 0.755670 0.018490 0.036082
0 0.313542 0.206959 0.017188 0.033505
0 0.221094 0.831443 0.020833 0.036082
0 0.091536 0.611082 0.020573 0.042784
0 0.551953 0.100000 0.016406 0.030928
0 0.703906 0.210309 0.018229 0.030928
0 0.638281 0.066237 0.018750 0.036598
0 0.048958 0.687629 0.019792 0.043299
0 0.596875 0.134794 0.017188 0.039691
0 0.873307 0.618814 0.019531 0.038660
0 0.810156 0.173196 0.019792 0.035052
0 0.810937 0.100258 0.016667 0.032474
0 0.136849 0.756701 0.016927 0.039175
0 0.227604 0.097423 0.016146 0.031959
0 0.660286 0.209278 0.017969 0.029897
0 0.070182 0.613144 0.020052 0.041753
0 0.118099 0.130928 0.017969 0.036082
0 0.089844 0.758247 0.018229 0.037113
0 0.897396 0.176289 0.017188 0.032990
0 0.050651 0.870619 0.019010 0.036082
0 0.832161 0.135825 0.016406 0.033505
0 0.270964 0.095619 0.016406 0.029381
0 0.116276 0.868557 0.021094 0.037113
0 0.596745 0.098196 0.014844 0.031443
0 0.763932 0.872423 0.015885 0.033505
0 0.831901 0.173969 0.015365 0.033505
0 0.616797 0.207216 0.017969 0.029897
0 0.222135 0.867784 0.017708 0.031443
0 0.421745 0.094072 0.014844 0.028351
0 0.851302 0.174485 0.017188 0.035567
0 0.070182 0.761340 0.015885 0.030928
0 0.158333 0.612371 0.020833 0.040206
0 0.835286 0.099485 0.018490 0.031959
0 0.873958 0.209278 0.021354 0.036082
0 0.767578 0.064948 0.015885 0.032990
0 0.378646 0.095361 0.016667 0.030928
0 0.768229 0.174227 0.015104 0.034021
0 0.157161 0.867268 0.016927 0.027320
0 0.891667 0.877577 0.019271 0.030412
0 0.069922 0.797938 0.017448 0.040206
0 0.249089 0.095619 0.015885 0.030412
0 0.898047 0.213144 0.017969 0.031443
0 0.050000 0.832990 0.019792 0.039175
0 0.853385 0.101804 0.016667 0.032474
0 0.617318 0.063144 0.017448 0.030412
0 0.660807 0.064175 0.017969 0.034536
0 0.134896 0.867010 0.019792 0.037113
0 0.117839 0.237629 0.015885 0.027835
0 0.653776 0.870876 0.017448 0.033505
0 0.852474 0.209794 0.019010 0.032990
0 0.852995 0.135052 0.019010 0.031959
0 0.116146 0.168557 0.016146 0.034021
0 0.898568 0.104381 0.015885 0.030412
0 0.314063 0.098454 0.016667 0.030928
0 0.048698 0.613918 0.019792 0.043299
0 0.139974 0.204381 0.016406 0.029381
0 0.072786 0.127835 0.016406 0.034021
0 0.068880 0.686082 0.017969 0.041237
0 0.074219 0.091237 0.018229 0.035052
0 0.094401 0.166753 0.020052 0.032474
0 0.096484 0.128608 0.016406 0.035567
0 0.767188 0.209021 0.015104 0.030412
0 0.743620 0.652835 0.020573 0.031443
0 0.204427 0.060825 0.017708 0.034021
0 0.167578 0.795103 0.011719 0.032474
0 0.095052 0.203351 0.015625 0.029381
0 0.161068 0.060567 0.016927 0.032474
0 0.597005 0.062887 0.015885 0.034021
0 0.052865 0.203866 0.015104 0.028351
0 0.053906 0.091237 0.017188 0.035052
0 0.831771 0.208505 0.016146 0.034536
0 0.270703 0.061598 0.019010 0.037629
0 0.073698 0.166495 0.013542 0.023711
0 0.811719 0.208505 0.016667 0.032474
0 0.180208 0.572423 0.018750 0.040722
0 0.168750 0.821649 0.011458 0.022680
0 0.051953 0.236340 0.016406 0.032474
0 0.442708 0.060052 0.019271 0.037629
0 0.053385 0.057732 0.016146 0.027835
0 0.073828 0.059794 0.015365 0.031959
0 0.096094 0.056959 0.014583 0.029381
0 0.119141 0.059021 0.012760 0.027320
0 0.140234 0.061082 0.014844 0.026289
0 0.183333 0.061082 0.011458 0.026289
0 0.227734 0.062887 0.013281 0.027835
0 0.249740 0.062371 0.013542 0.037113
0 0.314844 0.061082 0.016667 0.031443
0 0.336068 0.061082 0.015365 0.026289
0 0.357943 0.063144 0.015885 0.030412
0 0.379297 0.060309 0.014844 0.027835
0 0.401953 0.062887 0.015885 0.027835
0 0.423568 0.062887 0.015365 0.032990
0 0.466276 0.064175 0.015365 0.030412
0 0.488411 0.065464 0.015365 0.027835
0 0.507422 0.066237 0.015885 0.034536
0 0.532552 0.063144 0.014063 0.030412
0 0.553906 0.065722 0.019271 0.030412
0 0.575130 0.065722 0.015365 0.030412
0 0.811979 0.066237 0.016146 0.026289
0 0.831641 0.064433 0.019531 0.027835
0 0.853646 0.066237 0.014063 0.029381
0 0.877344 0.068814 0.014583 0.031443
0 0.899089 0.068814 0.015365 0.026289
0 0.594661 0.206443 0.017969 0.031443
0 0.072396 0.205155 0.016667 0.023711
0 0.051432 0.128351 0.015885 0.028866
0 0.052083 0.170103 0.016146 0.027835
