0 0.759069 0.157249 0.225514 0.140166
0 0.766022 0.320193 0.221282 0.181340
0 0.763603 0.491897 0.222491 0.169952
0 0.756651 0.656373 0.191657 0.159001
0 0.749395 0.822383 0.224305 0.190539
0 0.551088 0.174332 0.211004 0.180464
0 0.551088 0.325449 0.240024 0.145423
0 0.538694 0.472843 0.215236 0.177398
0 0.547461 0.655716 0.206167 0.188349
0 0.536578 0.832457 0.204958 0.178274
0 0.330713 0.178712 0.188634 0.169952
0 0.337364 0.338371 0.234583 0.134472
0 0.330713 0.490145 0.235792 0.175208
0 0.327993 0.661629 0.218259 0.178274
0 0.330109 0.828296 0.220073 0.169952
