0 0.399333 0.657575 0.063130 0.081924
0 0.738483 0.756415 0.053668 0.072800
0 0.329068 0.619369 0.061889 0.079262
0 0.738483 0.389850 0.058322 0.072610
0 0.737863 0.833397 0.059873 0.070899
0 0.192338 0.821802 0.064526 0.078502
0 0.400884 0.248907 0.054134 0.062916
0 0.672096 0.828265 0.052738 0.061395
0 0.598185 0.693309 0.061269 0.076982
0 0.736854 0.549610 0.058787 0.072420
0 0.740422 0.618989 0.064061 0.070519
0 0.192493 0.315339 0.050876 0.065387
0 0.191950 0.387474 0.057236 0.072420
0 0.809912 0.659856 0.063130 0.074320
0 0.190709 0.458088 0.057236 0.070329
0 0.810532 0.586105 0.061889 0.072800
0 0.737863 0.470918 0.057391 0.080403
0 0.739336 0.321327 0.054134 0.061395
0 0.192570 0.740259 0.058477 0.076221
0 0.805413 0.390515 0.060028 0.077362
0 0.400729 0.312108 0.053203 0.067668
0 0.806964 0.314769 0.055995 0.066147
0 0.667442 0.478141 0.053048 0.065957
0 0.192493 0.529462 0.059563 0.067858
0 0.192338 0.598270 0.056150 0.076601
0 0.595005 0.257461 0.060803 0.074701
0 0.328060 0.535545 0.062975 0.090667
0 0.805879 0.737217 0.060959 0.075841
0 0.257794 0.312393 0.048084 0.060255
0 0.599814 0.777039 0.055840 0.075271
0 0.330541 0.693594 0.055530 0.063486
0 0.599891 0.844801 0.034900 0.050751
0 0.669691 0.554647 0.060338 0.073750
0 0.596169 0.336628 0.060648 0.074511
0 0.670777 0.262878 0.057236 0.069949
0 0.805181 0.457613 0.051807 0.061775
0 0.738948 0.254229 0.056460 0.064817
0 0.807895 0.825223 0.056615 0.084585
0 0.668373 0.403060 0.055219 0.072420
0 0.403056 0.369416 0.042655 0.050371
0 0.739181 0.685421 0.052272 0.065007
0 0.192570 0.667554 0.054754 0.066907
0 0.598185 0.612431 0.061579 0.078692
0 0.258415 0.372648 0.054599 0.059494
0 0.399333 0.584300 0.055064 0.065767
0 0.192725 0.241304 0.056926 0.063296
0 0.326121 0.373978 0.056615 0.072800
0 0.669846 0.329120 0.055375 0.058354
0 0.806964 0.250523 0.055064 0.066147
0 0.401349 0.509694 0.056615 0.088386
0 0.808981 0.518247 0.053513 0.063296
0 0.400186 0.432332 0.053668 0.071279
0 0.258570 0.438605 0.051187 0.072420
0 0.670467 0.755750 0.055685 0.065767
0 0.671475 0.687892 0.052427 0.067668
0 0.397549 0.775423 0.054909 0.065197
0 0.594075 0.411994 0.058632 0.070139
0 0.669769 0.622695 0.053048 0.059684
0 0.331472 0.818190 0.061424 0.089907
0 0.327129 0.245581 0.053358 0.061585
0 0.327206 0.445543 0.052272 0.072230
0 0.398790 0.717829 0.053668 0.049610
0 0.261129 0.243680 0.041725 0.060825
0 0.395067 0.835963 0.050256 0.063486
0 0.330464 0.749382 0.046688 0.045809
0 0.606329 0.548945 0.041260 0.045239
0 0.402978 0.530983 0.033504 0.041627
0 0.401815 0.490876 0.040794 0.042007
