0 0.748128 0.285288 0.112467 0.123404
0 0.626709 0.451153 0.108887 0.122740
0 0.214355 0.294410 0.103841 0.130038
0 0.207438 0.635097 0.090332 0.126389
0 0.093343 0.771355 0.104004 0.125560
0 0.626383 0.288688 0.106934 0.128214
0 0.325358 0.446757 0.096029 0.114613
0 0.627604 0.778570 0.094727 0.126721
0 0.087646 0.612788 0.084147 0.121911
0 0.084798 0.444352 0.078776 0.120418
0 0.867513 0.283629 0.116211 0.119755
0 0.635986 0.894261 0.031738 0.032675
0 0.219808 0.894012 0.031738 0.031183
0 0.332682 0.294162 0.096029 0.122242
0 0.759115 0.784624 0.091471 0.126555
0 0.076416 0.890778 0.033040 0.030685
0 0.214111 0.796732 0.104329 0.125228
0 0.208659 0.462680 0.086589 0.121911
0 0.338216 0.796401 0.104167 0.130867
0 0.755697 0.625228 0.094401 0.116271
0 0.873128 0.154089 0.038900 0.034500
0 0.624756 0.106983 0.030762 0.032178
0 0.219564 0.134019 0.036458 0.047437
0 0.624186 0.132858 0.027018 0.024216
0 0.751058 0.449328 0.101400 0.128711
0 0.762288 0.915906 0.035970 0.027534
0 0.868896 0.454221 0.095540 0.140819
0 0.218750 0.921795 0.026693 0.026704
0 0.090983 0.303865 0.093750 0.131365
0 0.751383 0.150025 0.032389 0.029026
0 0.752116 0.122408 0.031250 0.025875
0 0.336263 0.626140 0.116211 0.148283
0 0.762288 0.888870 0.032064 0.027202
0 0.960612 0.422624 0.022135 0.027534
0 0.025960 0.403715 0.020020 0.026870
0 0.873861 0.093299 0.041341 0.051916
0 0.023926 0.574805 0.023763 0.023719
0 0.621419 0.643059 0.105143 0.095207
