0 0.743880 0.224832 0.033073 0.047769
0 0.594531 0.224437 0.030208 0.045401
0 0.711979 0.179432 0.030208 0.043822
0 0.441667 0.666798 0.036458 0.052112
0 0.561198 0.495065 0.032292 0.045006
0 0.773828 0.180813 0.028906 0.043427
0 0.744531 0.138176 0.032292 0.047375
0 0.712240 0.226609 0.030208 0.048164
0 0.503125 0.358863 0.033333 0.046585
0 0.472005 0.668575 0.031510 0.044611
0 0.682161 0.180418 0.027344 0.045795
0 0.559505 0.849585 0.030990 0.051323
0 0.743099 0.806159 0.030990 0.047375
0 0.595313 0.315831 0.033854 0.047375
0 0.775000 0.225819 0.031250 0.045795
0 0.502865 0.266877 0.031250 0.045795
0 0.710417 0.628306 0.031771 0.045401
0 0.411589 0.492894 0.029427 0.046980
0 0.561589 0.449862 0.031510 0.050138
0 0.682552 0.226411 0.030729 0.046190
0 0.381641 0.221871 0.029948 0.044216
0 0.710026 0.583498 0.034115 0.048164
0 0.622786 0.497434 0.031510 0.041848
0 0.169401 0.440189 0.032552 0.049743
0 0.410807 0.799447 0.030990 0.048164
0 0.441146 0.490920 0.029687 0.046190
0 0.743880 0.180813 0.031510 0.037110
0 0.681641 0.135610 0.028906 0.043822
0 0.682552 0.271023 0.029167 0.044611
0 0.349740 0.711804 0.030729 0.046585
0 0.471224 0.802606 0.031510 0.045006
0 0.802995 0.138571 0.026823 0.044216
0 0.381120 0.663443 0.029948 0.050138
0 0.166797 0.663837 0.031510 0.051717
0 0.137760 0.442163 0.029687 0.048954
0 0.470964 0.221674 0.032031 0.043822
0 0.802995 0.183972 0.026823 0.048164
0 0.441016 0.223253 0.027865 0.047769
0 0.559375 0.758981 0.029687 0.049349
0 0.382031 0.844058 0.032292 0.049743
0 0.743620 0.405448 0.029948 0.046585
0 0.321615 0.265693 0.033333 0.049743
0 0.471224 0.711607 0.029427 0.041453
0 0.469922 0.887485 0.032552 0.045006
0 0.741406 0.851954 0.029687 0.048164
0 0.926823 0.365377 0.032813 0.043822
0 0.440234 0.932886 0.030469 0.048954
0 0.472135 0.491709 0.032813 0.048559
0 0.322135 0.176273 0.031771 0.046190
0 0.592969 0.358863 0.031250 0.047375
0 0.471094 0.756810 0.033854 0.051323
0 0.169010 0.575405 0.032813 0.047769
0 0.107552 0.395973 0.030208 0.045006
0 0.532682 0.360640 0.028385 0.047769
0 0.440755 0.846230 0.029427 0.042242
0 0.743229 0.357679 0.029167 0.041058
0 0.741667 0.629096 0.030729 0.049349
0 0.530078 0.760561 0.031510 0.043032
0 0.439063 0.888472 0.029687 0.042242
0 0.894661 0.363798 0.032552 0.044611
0 0.589193 0.849783 0.029427 0.045401
0 0.651432 0.493091 0.029948 0.045795
0 0.927865 0.185156 0.034375 0.045006
0 0.559245 0.803395 0.028906 0.040268
0 0.529036 0.715160 0.030469 0.050138
0 0.471354 0.623964 0.028646 0.044611
0 0.593229 0.453020 0.031250 0.050138
0 0.927995 0.276352 0.034115 0.048164
0 0.502214 0.311883 0.030990 0.048164
0 0.500781 0.755231 0.027604 0.044216
0 0.744010 0.272009 0.030729 0.045006
0 0.741927 0.897158 0.031250 0.045401
0 0.742969 0.315831 0.029687 0.042637
0 0.380078 0.310304 0.029948 0.045795
0 0.442448 0.175681 0.031771 0.051323
0 0.471875 0.312278 0.030208 0.048164
0 0.442578 0.359258 0.029427 0.046585
0 0.139193 0.352152 0.030990 0.048164
0 0.471354 0.403672 0.028646 0.039874
0 0.559896 0.892223 0.031250 0.037900
0 0.410677 0.663837 0.030208 0.047769
0 0.380729 0.356692 0.030729 0.046980
0 0.709375 0.763916 0.032292 0.045006
0 0.773568 0.136597 0.028385 0.044216
0 0.589583 0.805567 0.028646 0.041453
0 0.709375 0.718318 0.031771 0.047769
0 0.169922 0.351559 0.029948 0.046190
0 0.346615 0.932096 0.031771 0.042637
0 0.501693 0.404066 0.032031 0.049349
0 0.471224 0.359258 0.029948 0.047375
0 0.895703 0.630478 0.032552 0.043427
0 0.351953 0.264706 0.027865 0.044611
0 0.710938 0.895381 0.032292 0.041058
0 0.804036 0.094749 0.027865 0.043427
0 0.619922 0.892223 0.031510 0.048164
0 0.743229 0.674102 0.032292 0.046190
0 0.650521 0.449862 0.030208 0.043822
0 0.353385 0.176471 0.029167 0.042637
0 0.350521 0.400711 0.028125 0.043427
0 0.528776 0.803198 0.029948 0.043822
0 0.500000 0.802606 0.027604 0.042637
0 0.469922 0.934465 0.032031 0.050533
0 0.442839 0.446704 0.029948 0.046980
0 0.440495 0.756218 0.028385 0.049349
0 0.592969 0.497631 0.031250 0.043822
0 0.590365 0.894394 0.029167 0.044611
0 0.350781 0.799447 0.034375 0.049743
0 0.596224 0.135413 0.028906 0.045006
0 0.413021 0.133241 0.032292 0.043822
0 0.501042 0.844848 0.029167 0.040268
0 0.528776 0.890644 0.028906 0.045795
0 0.380859 0.535334 0.030990 0.041848
0 0.741927 0.495855 0.029167 0.046585
0 0.625781 0.314844 0.026562 0.044611
0 0.379297 0.492696 0.030469 0.046585
0 0.107552 0.663837 0.029687 0.048559
0 0.654167 0.135610 0.027604 0.041453
0 0.563542 0.268259 0.031250 0.042242
0 0.626432 0.225030 0.030469 0.044216
0 0.412760 0.176471 0.029167 0.041058
0 0.470833 0.579550 0.030729 0.044216
0 0.652995 0.271023 0.027865 0.046980
0 0.653516 0.180813 0.027865 0.042637
0 0.711198 0.539084 0.031771 0.045401
0 0.835677 0.229767 0.035417 0.042637
0 0.711719 0.135215 0.031771 0.046980
0 0.381120 0.710225 0.027865 0.045006
0 0.503255 0.221477 0.033073 0.048954
0 0.441406 0.800632 0.029687 0.040268
0 0.412109 0.712396 0.030990 0.039874
0 0.558203 0.937623 0.029948 0.050533
0 0.773438 0.628109 0.030729 0.041848
0 0.320833 0.355507 0.031771 0.048559
0 0.710156 0.493683 0.030208 0.046980
0 0.593359 0.404659 0.030469 0.045006
0 0.105990 0.489538 0.033333 0.048164
0 0.893229 0.229372 0.032292 0.047375
0 0.773958 0.586656 0.030729 0.046585
0 0.743620 0.938216 0.033594 0.041453
0 0.470443 0.266285 0.030469 0.043822
0 0.469792 0.845243 0.028646 0.041058
0 0.744141 0.541453 0.030990 0.040663
0 0.410807 0.536123 0.029948 0.040268
0 0.379557 0.888472 0.029948 0.045401
0 0.351823 0.355310 0.028646 0.047375
0 0.893620 0.410778 0.033594 0.048559
0 0.742969 0.717726 0.032292 0.043427
0 0.380859 0.445717 0.028906 0.048954
0 0.381641 0.264706 0.030990 0.040663
0 0.775651 0.271615 0.030990 0.045795
0 0.743490 0.761942 0.031771 0.043427
0 0.925391 0.321161 0.028906 0.041453
0 0.894531 0.275760 0.032813 0.046980
0 0.652734 0.315634 0.025260 0.042242
0 0.894661 0.676471 0.035677 0.047769
0 0.348438 0.886893 0.032813 0.047769
0 0.380208 0.397947 0.030729 0.043427
0 0.594661 0.179037 0.033073 0.039874
0 0.865234 0.139755 0.032552 0.046585
0 0.595052 0.270233 0.030729 0.039084
0 0.710938 0.450454 0.032813 0.047375
0 0.772135 0.720095 0.030729 0.052112
0 0.441797 0.536321 0.029427 0.043032
0 0.775260 0.541058 0.028646 0.044611
0 0.624219 0.402685 0.027604 0.046585
0 0.804167 0.230951 0.029687 0.046585
0 0.834115 0.183577 0.032292 0.052112
0 0.712630 0.273589 0.029427 0.045795
0 0.620573 0.803395 0.033854 0.052902
0 0.625000 0.268851 0.029167 0.046585
0 0.681771 0.315831 0.031250 0.048954
0 0.379167 0.797473 0.028125 0.042637
0 0.503255 0.490328 0.030469 0.045006
0 0.349349 0.662456 0.030990 0.045795
0 0.623437 0.451244 0.028646 0.047375
0 0.198698 0.750493 0.032292 0.047375
0 0.442708 0.312870 0.029687 0.046980
0 0.320703 0.311488 0.031510 0.042637
0 0.652083 0.405843 0.030729 0.047375
0 0.894922 0.319384 0.033073 0.046585
0 0.864974 0.093762 0.035156 0.048559
0 0.107552 0.351362 0.030208 0.048954
0 0.106250 0.618634 0.027604 0.041058
0 0.441797 0.579353 0.030469 0.041453
0 0.350391 0.492104 0.026823 0.045401
0 0.320964 0.489143 0.030469 0.048164
0 0.588021 0.937821 0.028646 0.046980
0 0.773698 0.094947 0.032292 0.042242
0 0.712891 0.403869 0.032031 0.048954
0 0.413802 0.311488 0.029687 0.041848
0 0.529557 0.845835 0.030469 0.040663
0 0.379818 0.931899 0.031510 0.041453
0 0.926562 0.228780 0.030208 0.043032
0 0.106380 0.442756 0.030469 0.046980
0 0.743750 0.583498 0.028646 0.039479
0 0.562500 0.358271 0.029687 0.043032
0 0.230078 0.040663 0.027865 0.049743
0 0.349479 0.841887 0.031250 0.042242
0 0.772266 0.767075 0.028906 0.044216
0 0.531771 0.667588 0.029687 0.040268
0 0.167057 0.618437 0.029427 0.035926
0 0.895052 0.182787 0.029167 0.050533
0 0.622135 0.624556 0.030729 0.045795
0 0.593099 0.538295 0.031510 0.043032
0 0.413151 0.356494 0.030990 0.044216
0 0.528385 0.934070 0.028646 0.045795
0 0.835156 0.273391 0.033333 0.044611
0 0.741927 0.452625 0.033333 0.045401
0 0.167187 0.488551 0.028646 0.043032
0 0.531771 0.406830 0.029687 0.046980
0 0.561979 0.538689 0.032292 0.044611
0 0.499349 0.888670 0.028385 0.045006
0 0.561198 0.406040 0.030729 0.044611
0 0.589844 0.759968 0.030208 0.051323
0 0.321094 0.400118 0.031250 0.040663
0 0.380859 0.754836 0.033073 0.040268
0 0.471615 0.446704 0.028125 0.038295
0 0.353255 0.219897 0.028906 0.042637
0 0.411458 0.445124 0.030729 0.046190
0 0.442318 0.401303 0.028385 0.036715
0 0.500911 0.669364 0.027344 0.046190
0 0.773047 0.852152 0.030469 0.046190
0 0.258724 0.706080 0.033594 0.046190
0 0.620573 0.760758 0.028646 0.039479
0 0.500651 0.712396 0.027344 0.039874
0 0.619271 0.942558 0.032813 0.054876
0 0.441667 0.711409 0.028646 0.039479
0 0.560286 0.712002 0.029948 0.046980
0 0.259766 0.535136 0.033073 0.039874
0 0.168099 0.393210 0.029427 0.041058
0 0.408984 0.931899 0.026302 0.045401
0 0.833464 0.318200 0.036719 0.048954
0 0.620313 0.847217 0.031771 0.039479
0 0.076693 0.618634 0.029427 0.041848
0 0.711589 0.316028 0.029948 0.042242
0 0.710677 0.806356 0.033854 0.043822
0 0.710026 0.852349 0.029427 0.044216
0 0.411719 0.263916 0.029687 0.049349
0 0.774609 0.318792 0.030469 0.048559
0 0.410938 0.218910 0.027083 0.039084
0 0.198698 0.616857 0.030729 0.046190
0 0.350000 0.445322 0.027083 0.045006
0 0.168750 0.307146 0.030729 0.048164
0 0.895443 0.854126 0.034115 0.050138
0 0.831380 0.499013 0.035677 0.048954
0 0.773958 0.808527 0.031771 0.045795
0 0.076563 0.443743 0.033333 0.054481
0 0.893229 0.723450 0.034896 0.050928
0 0.773828 0.454007 0.028906 0.046585
0 0.894792 0.499210 0.035937 0.046190
0 0.381510 0.175878 0.027604 0.045401
0 0.622656 0.581721 0.027604 0.039874
0 0.348958 0.753060 0.029687 0.040663
0 0.773177 0.045993 0.035417 0.050138
0 0.653255 0.359455 0.026302 0.043822
0 0.168359 0.533952 0.029427 0.038295
0 0.471224 0.534741 0.028906 0.039084
0 0.563542 0.313462 0.030208 0.047375
0 0.533594 0.267864 0.028125 0.046980
0 0.563151 0.224240 0.032552 0.047375
0 0.833333 0.453415 0.038542 0.050138
0 0.682813 0.360837 0.026042 0.042637
0 0.322656 0.221279 0.030208 0.042242
0 0.380729 0.617055 0.028125 0.043427
0 0.410807 0.845835 0.027865 0.040663
0 0.411328 0.401895 0.031510 0.046585
0 0.410026 0.887683 0.026823 0.040663
0 0.350651 0.309909 0.028385 0.045006
0 0.441406 0.621003 0.030729 0.045795
0 0.471615 0.175089 0.030208 0.044611
0 0.500391 0.626332 0.028906 0.041453
0 0.410677 0.622187 0.029687 0.045006
0 0.653646 0.538887 0.032292 0.046585
0 0.775130 0.361232 0.033594 0.038689
0 0.500391 0.583103 0.028385 0.041848
0 0.229557 0.218318 0.029427 0.046585
0 0.258984 0.444532 0.028385 0.042637
0 0.832161 0.363600 0.039844 0.048954
0 0.322005 0.442558 0.030990 0.042637
0 0.499219 0.934662 0.031771 0.044611
0 0.138411 0.306553 0.028385 0.040663
0 0.655078 0.090209 0.026302 0.049349
0 0.349349 0.618042 0.032031 0.042242
0 0.833464 0.409593 0.035677 0.045401
0 0.708854 0.671733 0.030729 0.046190
0 0.411198 0.579550 0.029687 0.045006
0 0.349349 0.577181 0.031510 0.044216
0 0.138411 0.393999 0.029948 0.038689
0 0.077474 0.570272 0.026823 0.050928
0 0.774609 0.497829 0.029427 0.043427
0 0.076172 0.664627 0.032031 0.045401
0 0.501953 0.535531 0.027865 0.041453
0 0.563411 0.177852 0.029427 0.039874
0 0.104818 0.574812 0.026302 0.045006
0 0.561068 0.582906 0.026302 0.040663
0 0.627734 0.092183 0.028385 0.051717
0 0.620443 0.668377 0.029948 0.040268
0 0.895052 0.454402 0.034896 0.045795
0 0.711458 0.936242 0.034896 0.042242
0 0.197005 0.660876 0.029948 0.041058
0 0.411068 0.753849 0.027865 0.040663
0 0.620443 0.716542 0.032552 0.053691
0 0.532031 0.453415 0.028125 0.044611
0 0.563932 0.136005 0.030990 0.046980
0 0.771615 0.896763 0.028646 0.043822
0 0.076953 0.349191 0.031510 0.043822
0 0.166016 0.751480 0.028906 0.043822
0 0.261458 0.040861 0.029167 0.041453
0 0.260677 0.489933 0.031250 0.047375
0 0.078125 0.709238 0.023438 0.043032
0 0.141536 0.132254 0.030469 0.048164
0 0.138932 0.262337 0.030990 0.045401
0 0.502344 0.448480 0.029687 0.041058
0 0.380990 0.576194 0.029167 0.040663
0 0.591146 0.580932 0.031771 0.043822
0 0.925651 0.140545 0.028906 0.039479
0 0.166016 0.711015 0.030990 0.040268
0 0.199219 0.794907 0.035937 0.048559
0 0.650000 0.584880 0.027604 0.048559
0 0.626563 0.179037 0.022917 0.035136
0 0.230469 0.174497 0.028646 0.041848
0 0.076563 0.392815 0.031771 0.049743
0 0.712109 0.357284 0.031510 0.042637
0 0.170052 0.262732 0.030729 0.039874
0 0.163542 0.930517 0.034896 0.041058
0 0.896224 0.590604 0.035677 0.042637
0 0.626693 0.353336 0.027344 0.039479
0 0.163281 0.885511 0.032292 0.048164
0 0.772396 0.670746 0.030729 0.044216
0 0.893490 0.765890 0.032292 0.041058
0 0.198307 0.040466 0.035156 0.050138
0 0.533203 0.316621 0.027865 0.045795
0 0.229687 0.309712 0.029687 0.045401
0 0.382161 0.132846 0.027344 0.043822
0 0.502083 0.133833 0.026562 0.039479
0 0.530859 0.495263 0.025260 0.041453
0 0.532292 0.131070 0.028646 0.045006
0 0.775391 0.402882 0.032552 0.042242
0 0.199479 0.444137 0.028646 0.043427
0 0.834896 0.725030 0.030729 0.053296
0 0.441406 0.269049 0.027083 0.041453
0 0.529297 0.580932 0.030469 0.039084
0 0.291276 0.038097 0.028906 0.053296
0 0.200130 0.396960 0.028906 0.044611
0 0.226693 0.438413 0.027344 0.029609
0 0.075521 0.486380 0.029167 0.043427
0 0.257812 0.751875 0.031250 0.045401
0 0.198958 0.486775 0.029687 0.043427
0 0.530469 0.538492 0.028125 0.046585
0 0.200391 0.177852 0.033073 0.044611
0 0.229297 0.397750 0.027344 0.046980
0 0.258724 0.576392 0.035677 0.046585
0 0.199349 0.354323 0.029427 0.043032
0 0.893620 0.542637 0.033594 0.046190
0 0.075260 0.880774 0.030729 0.045006
0 0.260547 0.261942 0.027344 0.046190
0 0.261589 0.842677 0.028906 0.049349
0 0.258073 0.658705 0.035417 0.042242
0 0.170573 0.180616 0.030208 0.053296
0 0.109896 0.132254 0.029687 0.046585
0 0.172266 0.130083 0.027344 0.045401
0 0.108724 0.176273 0.032031 0.044611
0 0.112109 0.088038 0.037760 0.045795
0 0.629948 0.136597 0.022396 0.037110
0 0.349609 0.534741 0.028385 0.043032
0 0.260026 0.311686 0.027865 0.043032
0 0.199219 0.310501 0.029167 0.044611
0 0.200130 0.220292 0.027344 0.045795
0 0.258464 0.617055 0.034635 0.047375
0 0.197005 0.884919 0.030990 0.042242
0 0.894661 0.944927 0.036719 0.059613
0 0.107161 0.796289 0.027865 0.052112
0 0.106120 0.530399 0.030469 0.038295
0 0.229948 0.353533 0.029687 0.039874
0 0.197135 0.930122 0.033333 0.048954
0 0.441667 0.132452 0.021354 0.035926
0 0.076302 0.306356 0.029687 0.045795
0 0.503646 0.176668 0.028125 0.040663
0 0.077344 0.176273 0.030208 0.045401
0 0.076432 0.529412 0.027865 0.030794
0 0.262500 0.173707 0.032813 0.043427
0 0.137109 0.219503 0.032031 0.043427
0 0.354036 0.131465 0.025781 0.040268
0 0.200130 0.133636 0.029427 0.041453
0 0.166016 0.797276 0.030990 0.047769
0 0.228646 0.265298 0.028646 0.045006
0 0.896224 0.898144 0.029948 0.039479
0 0.171615 0.221082 0.031250 0.046585
0 0.773047 0.941176 0.032031 0.043427
0 0.531250 0.626925 0.025521 0.037110
0 0.865495 0.187722 0.029427 0.048559
0 0.198828 0.841690 0.030469 0.045006
0 0.590755 0.711409 0.026823 0.045795
0 0.198437 0.575799 0.029687 0.039084
0 0.231250 0.087248 0.027083 0.038689
0 0.259505 0.795697 0.033594 0.040663
0 0.623698 0.539281 0.026562 0.041058
0 0.258594 0.399724 0.027083 0.042242
0 0.110807 0.710225 0.030990 0.041058
0 0.592708 0.625740 0.027083 0.043427
0 0.533594 0.222463 0.026562 0.041453
0 0.259115 0.355902 0.028646 0.047769
0 0.076693 0.752665 0.034635 0.043032
0 0.200260 0.263916 0.028646 0.044611
0 0.111068 0.041453 0.038802 0.048164
0 0.259505 0.211804 0.027344 0.034347
0 0.108984 0.749507 0.027344 0.036715
0 0.139714 0.177260 0.030990 0.041848
0 0.108464 0.302408 0.029948 0.040268
0 0.074609 0.266088 0.033073 0.049743
0 0.197135 0.707462 0.027083 0.036321
0 0.896484 0.810304 0.034115 0.045401
0 0.077344 0.834978 0.032813 0.040268
0 0.076693 0.793328 0.030469 0.035926
0 0.106120 0.220095 0.034115 0.050928
0 0.532422 0.182985 0.025260 0.040663
0 0.563021 0.670746 0.029167 0.040268
0 0.106901 0.263127 0.033594 0.040663
0 0.198958 0.532767 0.031250 0.044611
0 0.562630 0.625543 0.029427 0.039874
0 0.078385 0.217529 0.030729 0.045795
0 0.161979 0.842677 0.023958 0.036715
0 0.836328 0.585867 0.032552 0.044216
0 0.833464 0.633439 0.018490 0.034347
0 0.835938 0.666206 0.021875 0.024872
0 0.320964 0.130083 0.029427 0.037505
0 0.291536 0.086459 0.029427 0.041848
0 0.260286 0.087051 0.027344 0.044611
0 0.261589 0.126530 0.023177 0.038295
0 0.233203 0.129096 0.029427 0.043427
0 0.107552 0.841098 0.026042 0.040663
0 0.077995 0.128899 0.028906 0.037505
0 0.842057 0.542637 0.016406 0.024872
