0 0.734537 0.065680 0.113511 0.089347
0 0.349343 0.720161 0.094679 0.084982
0 0.727885 0.731415 0.109191 0.082663
0 0.112820 0.120516 0.096752 0.059883
0 0.488338 0.299823 0.100726 0.088119
0 0.724430 0.416246 0.104008 0.066703
0 0.096838 0.534716 0.102453 0.084300
0 0.854872 0.300709 0.109883 0.089619
0 0.477799 0.483017 0.093469 0.072296
0 0.473393 0.698131 0.123359 0.119765
0 0.469592 0.926954 0.134762 0.081162
0 0.861697 0.515755 0.108673 0.083754
0 0.598220 0.562747 0.101417 0.101350
0 0.607723 0.932069 0.119385 0.092484
0 0.484019 0.184900 0.096579 0.090711
0 0.727453 0.182308 0.110746 0.082253
0 0.229872 0.041263 0.081721 0.062884
0 0.225380 0.526804 0.085522 0.073660
0 0.464236 0.396194 0.081202 0.066976
0 0.462336 0.829832 0.101244 0.079525
0 0.099430 0.432888 0.105909 0.095894
0 0.099689 0.618606 0.091223 0.071204
0 0.603231 0.178966 0.098998 0.080480
0 0.116793 0.043718 0.090187 0.064793
0 0.341223 0.907175 0.101935 0.086073
0 0.097789 0.686946 0.089496 0.052380
0 0.341482 0.819056 0.086213 0.064521
0 0.104440 0.327786 0.104527 0.100668
0 0.481513 0.573796 0.100207 0.097258
0 0.114806 0.211363 0.098652 0.115264
0 0.854095 0.062884 0.101762 0.099577
0 0.230131 0.453008 0.090878 0.084300
0 0.601503 0.391488 0.096925 0.080480
0 0.355304 0.614582 0.097616 0.084436
0 0.365498 0.063838 0.098998 0.097395
0 0.846320 0.715796 0.103144 0.075979
0 0.203697 0.937594 0.088459 0.069158
0 0.599430 0.102987 0.095888 0.068476
0 0.601849 0.286728 0.095888 0.102578
0 0.733587 0.829764 0.106427 0.087301
0 0.946959 0.800641 0.044921 0.044878
0 0.226330 0.360524 0.083276 0.079389
0 0.853663 0.418224 0.110228 0.098213
0 0.374136 0.174124 0.083449 0.069158
0 0.527471 0.648888 0.045612 0.038467
0 0.716223 0.573251 0.085867 0.072432
0 0.862906 0.178625 0.100035 0.093166
0 0.948860 0.386850 0.043884 0.036557
0 0.361783 0.398377 0.094679 0.079252
0 0.114461 0.789251 0.121113 0.147320
0 0.945318 0.160619 0.039219 0.042695
0 0.602281 0.473605 0.076019 0.057018
0 0.242571 0.261424 0.098825 0.077070
0 0.871372 0.936025 0.128023 0.100668
0 0.599689 0.827854 0.129233 0.082390
0 0.945577 0.046583 0.044229 0.044059
0 0.950242 0.487723 0.049067 0.035875
0 0.480995 0.036216 0.087768 0.053062
0 0.613424 0.728755 0.106600 0.077616
0 0.369990 0.503001 0.102799 0.100805
0 0.849516 0.608989 0.090532 0.087437
0 0.234278 0.102373 0.067726 0.049516
0 0.744039 0.933638 0.107291 0.098895
0 0.282395 0.244100 0.036109 0.037239
0 0.717433 0.491475 0.082066 0.061929
0 0.784381 0.576456 0.036282 0.049652
0 0.266845 0.731756 0.045784 0.044878
0 0.725985 0.647592 0.068763 0.054154
0 0.648324 0.781408 0.041638 0.032874
0 0.234451 0.179443 0.075674 0.072978
0 0.362560 0.291911 0.090014 0.109671
0 0.282395 0.342313 0.034036 0.039422
0 0.268832 0.809849 0.043193 0.038467
0 0.616793 0.649025 0.087422 0.056473
0 0.943849 0.277316 0.040774 0.028918
0 0.404976 0.477629 0.033172 0.041059
0 0.940308 0.920816 0.046821 0.045151
0 0.849257 0.823012 0.092087 0.113354
0 0.647719 0.894285 0.039737 0.029191
0 0.544143 0.030760 0.036109 0.035329
0 0.281444 0.442436 0.041120 0.032601
0 0.214755 0.636884 0.093296 0.120584
0 0.599084 0.036966 0.081030 0.049107
0 0.943590 0.700518 0.043020 0.033420
0 0.735746 0.003819 0.083103 0.007366
0 0.525657 0.544400 0.035418 0.038194
0 0.838200 0.004365 0.108673 0.008457
0 0.722529 0.303710 0.079820 0.128086
0 0.228749 0.844564 0.078438 0.076524
0 0.097270 0.915905 0.086386 0.063975
