0 0.606614 0.160563 0.074331 0.043717
0 0.600787 0.218929 0.074646 0.051957
0 0.600945 0.270428 0.062992 0.044633
0 0.601575 0.327535 0.058583 0.053101
0 0.602205 0.389563 0.071811 0.060426
0 0.598740 0.443122 0.073071 0.046693
0 0.598583 0.496567 0.075906 0.043717
0 0.600000 0.552873 0.067402 0.047837
0 0.602205 0.621996 0.068661 0.063401
0 0.603622 0.692264 0.074646 0.060197
0 0.600000 0.756237 0.078740 0.061341
0 0.596378 0.813916 0.065827 0.045777
0 0.600000 0.866560 0.073071 0.053101
0 0.513386 0.163767 0.068661 0.051957
0 0.511339 0.220417 0.067087 0.053101
0 0.519213 0.275006 0.082835 0.051957
0 0.517165 0.335889 0.078740 0.059281
0 0.514961 0.402037 0.074331 0.056077
0 0.521260 0.459144 0.078740 0.054017
0 0.512126 0.517967 0.074331 0.057221
0 0.513386 0.581483 0.083150 0.067521
0 0.509134 0.640192 0.074646 0.045777
0 0.512126 0.698444 0.083150 0.058366
0 0.503465 0.753605 0.074646 0.035477
0 0.504882 0.803044 0.074331 0.052873
0 0.513386 0.867018 0.083150 0.060426
0 0.430394 0.159075 0.077165 0.040742
0 0.436850 0.215839 0.078740 0.064546
0 0.433386 0.282330 0.074331 0.062486
0 0.431181 0.336461 0.073071 0.045777
0 0.431181 0.391508 0.061732 0.043717
0 0.426142 0.450904 0.066142 0.056306
0 0.420472 0.514305 0.077480 0.058137
0 0.414646 0.575189 0.051339 0.063630
0 0.413858 0.631380 0.084409 0.040513
0 0.416850 0.687572 0.053228 0.053101
0 0.417480 0.745365 0.054488 0.047837
0 0.414016 0.806706 0.075906 0.066606
0 0.418268 0.871138 0.073071 0.045777
0 0.348189 0.163195 0.075906 0.048981
0 0.344567 0.215839 0.074331 0.049897
0 0.341102 0.272946 0.078740 0.043717
0 0.347402 0.327077 0.085669 0.048066
0 0.344567 0.394255 0.080000 0.059281
0 0.338740 0.454566 0.065827 0.046693
0 0.342362 0.521630 0.064252 0.045777
0 0.341575 0.579423 0.060157 0.067521
0 0.338110 0.640764 0.070236 0.052873
0 0.343150 0.702678 0.080315 0.064546
0 0.339528 0.760586 0.058583 0.053101
0 0.267874 0.163653 0.075906 0.049897
0 0.260000 0.215724 0.065827 0.051957
0 0.259370 0.276608 0.070236 0.059281
0 0.262205 0.333371 0.067087 0.047837
0 0.265669 0.388418 0.065827 0.054017
0 0.262835 0.449874 0.071496 0.054246
0 0.262362 0.513962 0.052913 0.055161
0 0.264409 0.575761 0.082835 0.051957
0 0.265827 0.635042 0.080000 0.054246
0 0.260787 0.689631 0.067402 0.048981
0 0.259370 0.751087 0.067087 0.059281
0 0.265827 0.810941 0.062992 0.041657
0 0.262835 0.869650 0.071496 0.051041
0 0.190551 0.164797 0.073071 0.052186
0 0.189134 0.219387 0.055748 0.042802
0 0.180630 0.276608 0.081575 0.055161
0 0.181260 0.334859 0.071496 0.050813
0 0.174173 0.390135 0.062992 0.055161
0 0.177795 0.449874 0.070236 0.066606
0 0.176220 0.508125 0.075906 0.045777
0 0.177795 0.571527 0.075906 0.060426
0 0.172756 0.626574 0.071496 0.039597
0 0.176378 0.678759 0.078740 0.054246
0 0.172756 0.742161 0.051339 0.062486
0 0.174173 0.804074 0.083150 0.046693
0 0.175591 0.865988 0.082835 0.060197
