0 0.701172 0.242357 0.037240 0.054940
0 0.808984 0.148206 0.033594 0.054497
0 0.646094 0.292867 0.030729 0.056712
0 0.485156 0.291094 0.037500 0.054940
0 0.483984 0.341825 0.034635 0.052725
0 0.439193 0.926673 0.016927 0.026141
0 0.029818 0.576429 0.019531 0.029242
0 0.539844 0.240142 0.034375 0.052282
0 0.701172 0.291316 0.035156 0.050953
0 0.645312 0.340053 0.031771 0.045636
0 0.697526 0.391227 0.033594 0.058485
0 0.431901 0.243022 0.032552 0.057156
0 0.645833 0.241249 0.035937 0.054497
0 0.700260 0.338502 0.031771 0.048737
0 0.807682 0.199158 0.037760 0.058042
0 0.805599 0.303057 0.037760 0.055826
0 0.805208 0.353567 0.035937 0.052282
0 0.589453 0.288214 0.033594 0.051839
0 0.955339 0.845813 0.018490 0.031015
0 0.146354 0.437528 0.036979 0.054497
0 0.486458 0.186088 0.032292 0.044307
0 0.144661 0.382366 0.036198 0.058485
0 0.195833 0.601241 0.018229 0.030128
0 0.755208 0.191848 0.034375 0.055826
0 0.374609 0.341161 0.030469 0.056712
0 0.439323 0.951706 0.016667 0.026584
0 0.375000 0.286885 0.032292 0.052725
0 0.375391 0.441737 0.032552 0.054940
0 0.049870 0.576872 0.016927 0.035445
0 0.714583 0.539433 0.018229 0.031458
0 0.702734 0.189854 0.032552 0.059814
0 0.376042 0.926008 0.016667 0.027470
0 0.591797 0.238591 0.029948 0.044750
0 0.756901 0.244351 0.035677 0.050066
0 0.958203 0.540762 0.020573 0.032344
0 0.376823 0.238370 0.030729 0.044307
0 0.589714 0.340718 0.032552 0.057599
0 0.892188 0.812805 0.019271 0.033230
0 0.648568 0.188968 0.033073 0.057156
0 0.937109 0.604785 0.020052 0.035445
0 0.094010 0.233053 0.036979 0.051396
0 0.428646 0.388790 0.035937 0.058042
0 0.540365 0.338059 0.035937 0.052282
0 0.375781 0.390563 0.034896 0.048294
0 0.538932 0.443731 0.030990 0.058928
0 0.344271 0.704475 0.017708 0.027470
0 0.444141 0.706690 0.016406 0.024812
0 0.653776 0.570891 0.017969 0.034116
0 0.804688 0.448383 0.036458 0.051396
0 0.583984 0.952592 0.016927 0.026584
0 0.538802 0.389012 0.031771 0.060257
0 0.071224 0.571555 0.019531 0.034559
0 0.146745 0.280018 0.035156 0.047851
0 0.653385 0.602791 0.019271 0.034116
0 0.865625 0.149978 0.036458 0.057156
0 0.322526 0.241471 0.033073 0.050510
0 0.037891 0.938635 0.016406 0.026141
0 0.540755 0.189189 0.036719 0.054054
0 0.681120 0.813248 0.018490 0.030572
0 0.481380 0.386575 0.029948 0.043864
0 0.714453 0.599247 0.018490 0.035888
0 0.633464 0.571334 0.019010 0.032344
0 0.372005 0.813248 0.018490 0.030572
0 0.644661 0.388126 0.030469 0.047851
0 0.302083 0.631812 0.017188 0.027470
0 0.331510 0.844927 0.019271 0.034559
0 0.335547 0.902747 0.017448 0.027027
0 0.281510 0.631812 0.016146 0.027470
0 0.489453 0.689189 0.017969 0.027027
0 0.957161 0.920470 0.015885 0.024369
0 0.322526 0.189854 0.034635 0.055383
0 0.697786 0.440851 0.032552 0.046079
0 0.270833 0.931768 0.016667 0.025698
0 0.955208 0.815906 0.018750 0.030572
0 0.163932 0.843376 0.017969 0.031458
0 0.604688 0.950820 0.015625 0.028356
0 0.870313 0.810368 0.018750 0.032787
0 0.714453 0.568454 0.016406 0.028356
0 0.480078 0.437528 0.028906 0.050953
0 0.240885 0.630926 0.015104 0.024812
0 0.752474 0.347142 0.037240 0.050953
0 0.957422 0.573992 0.019010 0.031458
0 0.444401 0.682322 0.016406 0.027470
0 0.813021 0.896101 0.017188 0.029685
0 0.486849 0.239034 0.030469 0.051839
0 0.487109 0.570447 0.019531 0.034116
0 0.145703 0.230394 0.032552 0.052282
0 0.804427 0.401639 0.036458 0.046522
0 0.225781 0.846478 0.019271 0.035002
0 0.880599 0.679663 0.019010 0.027470
0 0.315755 0.903633 0.017448 0.026141
0 0.722135 0.779796 0.018750 0.034559
0 0.593229 0.184537 0.033333 0.051839
0 0.417969 0.954364 0.017188 0.028356
0 0.660807 0.815020 0.016406 0.026141
0 0.270313 0.879043 0.017188 0.027470
0 0.914844 0.946167 0.017188 0.027913
0 0.866797 0.099247 0.038802 0.052282
0 0.589583 0.438414 0.031250 0.058928
0 0.753516 0.397209 0.033594 0.048294
0 0.957292 0.944617 0.017188 0.026584
0 0.049870 0.542756 0.016927 0.034559
0 0.753385 0.708241 0.016146 0.027027
0 0.113542 0.600798 0.018229 0.032787
0 0.315365 0.927780 0.016667 0.028356
0 0.774479 0.601684 0.019271 0.034559
0 0.527865 0.570004 0.020313 0.033230
0 0.919010 0.201152 0.040104 0.080638
0 0.807292 0.812140 0.018229 0.030128
0 0.324219 0.704253 0.016667 0.027913
0 0.733724 0.568897 0.018490 0.033673
0 0.549089 0.571777 0.020573 0.030572
0 0.195182 0.541427 0.019010 0.030128
0 0.570703 0.570226 0.020052 0.031901
0 0.177995 0.705583 0.014844 0.026141
0 0.458854 0.903190 0.016667 0.026141
0 0.729297 0.944617 0.017448 0.026584
0 0.625130 0.901418 0.015365 0.023482
0 0.703125 0.812140 0.016667 0.028356
0 0.874740 0.944617 0.014583 0.023926
0 0.250391 0.955250 0.018490 0.027470
0 0.146224 0.329863 0.034635 0.048294
0 0.400521 0.571998 0.018229 0.028356
0 0.459635 0.953478 0.017188 0.028356
0 0.708464 0.945281 0.016927 0.026141
0 0.413932 0.781347 0.019010 0.035002
0 0.956510 0.896544 0.016667 0.027027
0 0.120833 0.846035 0.018750 0.034116
0 0.226172 0.813026 0.019531 0.034559
0 0.599219 0.780239 0.019792 0.035445
0 0.840755 0.730394 0.019531 0.029685
0 0.091667 0.572220 0.018750 0.029685
0 0.060026 0.933540 0.015885 0.026584
0 0.112240 0.540097 0.018750 0.033673
0 0.113411 0.569118 0.017448 0.027913
0 0.229036 0.929996 0.016927 0.026584
0 0.657422 0.685645 0.015365 0.027027
0 0.194792 0.571555 0.018229 0.031015
0 0.397135 0.927559 0.017188 0.030572
0 0.413542 0.813469 0.017188 0.031015
0 0.081641 0.958352 0.016406 0.026584
0 0.856771 0.539654 0.020313 0.034559
0 0.538932 0.286885 0.030990 0.045636
0 0.722656 0.812362 0.017188 0.031458
0 0.079948 0.782455 0.018229 0.035445
0 0.915234 0.571998 0.016406 0.028356
0 0.785547 0.840053 0.017969 0.032787
0 0.735156 0.538547 0.019271 0.031458
0 0.868359 0.046965 0.040885 0.051396
0 0.465104 0.604342 0.019792 0.038104
0 0.875000 0.918919 0.016146 0.025698
0 0.429557 0.290873 0.032552 0.045636
0 0.806641 0.249889 0.033073 0.046965
0 0.612109 0.571777 0.019010 0.035888
0 0.298828 0.601241 0.018490 0.034559
0 0.660156 0.784227 0.017708 0.036331
0 0.267318 0.814577 0.018490 0.035002
0 0.444141 0.731945 0.016406 0.025698
0 0.037500 0.962561 0.016146 0.023482
0 0.639844 0.782898 0.017708 0.035445
0 0.076302 0.682986 0.017708 0.028799
0 0.789844 0.922242 0.016146 0.027027
0 0.392188 0.843598 0.020313 0.033673
0 0.832422 0.870625 0.016927 0.026584
0 0.376432 0.952149 0.016927 0.026584
0 0.813151 0.922020 0.016927 0.024812
0 0.775781 0.709792 0.016146 0.027470
0 0.076823 0.707798 0.017708 0.027027
0 0.364323 0.654409 0.016667 0.030128
0 0.441016 0.570004 0.018490 0.030572
0 0.785807 0.809482 0.016927 0.026584
0 0.765885 0.810146 0.018750 0.032344
0 0.500781 0.903190 0.015104 0.026141
0 0.381250 0.572441 0.016146 0.029242
0 0.401302 0.600576 0.018750 0.031458
0 0.035286 0.706026 0.016927 0.027027
0 0.714063 0.708906 0.015625 0.027470
0 0.038672 0.912273 0.015885 0.024812
0 0.255078 0.543864 0.017448 0.031458
0 0.703776 0.840053 0.016927 0.029242
0 0.794531 0.598804 0.019271 0.029685
0 0.487370 0.538325 0.017969 0.035445
0 0.706771 0.871511 0.017708 0.031015
0 0.641146 0.845591 0.019792 0.033230
0 0.102865 0.958573 0.016146 0.026141
0 0.422135 0.572220 0.017708 0.029685
0 0.625260 0.924900 0.015625 0.025255
0 0.438932 0.904298 0.014323 0.023039
0 0.093490 0.603013 0.019271 0.032787
0 0.770052 0.920248 0.016146 0.026584
0 0.357031 0.953478 0.016667 0.029242
0 0.030339 0.606114 0.018490 0.034559
0 0.144922 0.933762 0.015365 0.026141
0 0.893880 0.919584 0.016406 0.024369
0 0.536458 0.811918 0.018750 0.029685
0 0.495312 0.782012 0.019271 0.035445
0 0.271615 0.906070 0.016667 0.029242
0 0.122005 0.782012 0.021094 0.036331
0 0.774349 0.570004 0.020052 0.031458
0 0.775911 0.684537 0.015885 0.026584
0 0.790365 0.896766 0.015625 0.026584
0 0.393099 0.811918 0.019531 0.031458
0 0.481901 0.954586 0.017448 0.027027
0 0.294401 0.924900 0.015885 0.026141
0 0.957422 0.604564 0.017969 0.030572
0 0.035026 0.655073 0.015365 0.026141
0 0.393099 0.781347 0.020573 0.033230
0 0.466276 0.565574 0.019531 0.031458
0 0.282422 0.730173 0.017448 0.023926
0 0.625000 0.950820 0.016146 0.027470
0 0.422396 0.601462 0.017188 0.030572
0 0.309115 0.814798 0.017708 0.033673
0 0.434375 0.780239 0.018750 0.035445
0 0.240234 0.654630 0.015885 0.026141
0 0.428906 0.337173 0.030208 0.048737
0 0.756380 0.539211 0.017448 0.035445
0 0.324609 0.678113 0.015365 0.028799
0 0.466927 0.711342 0.016667 0.027027
0 0.344010 0.729951 0.016146 0.024369
0 0.835677 0.570669 0.019271 0.026584
0 0.956901 0.782455 0.020573 0.035445
0 0.103385 0.933762 0.015625 0.027027
0 0.612760 0.538547 0.020313 0.032344
0 0.383594 0.705804 0.017708 0.028356
0 0.583073 0.926894 0.017708 0.027470
0 0.441536 0.600576 0.020052 0.032344
0 0.879427 0.597696 0.019792 0.038104
0 0.937240 0.572441 0.019271 0.030128
0 0.154167 0.540097 0.021354 0.030128
0 0.681120 0.782012 0.020052 0.034559
0 0.729297 0.969872 0.016927 0.024812
0 0.362109 0.574435 0.017448 0.031458
0 0.154948 0.570226 0.017708 0.029242
0 0.279297 0.602348 0.019010 0.029685
0 0.837500 0.598361 0.020313 0.035002
0 0.835677 0.539433 0.018229 0.032344
0 0.583854 0.878378 0.017708 0.028799
0 0.186979 0.907621 0.017188 0.027913
0 0.515365 0.783341 0.019271 0.034559
0 0.812630 0.945724 0.015885 0.024369
0 0.059635 0.782012 0.019792 0.036331
0 0.913151 0.843598 0.018490 0.032787
0 0.183724 0.816349 0.017969 0.034116
0 0.935937 0.949047 0.015625 0.024812
0 0.641797 0.437971 0.031510 0.048294
0 0.219401 0.630040 0.014844 0.025698
0 0.384766 0.677891 0.016406 0.024812
0 0.661068 0.845148 0.018490 0.033230
0 0.915625 0.540762 0.017708 0.035002
0 0.372656 0.783341 0.019792 0.028356
0 0.385026 0.653522 0.015885 0.025698
0 0.770443 0.968099 0.017448 0.023039
0 0.219922 0.702481 0.016406 0.026141
0 0.481120 0.928888 0.017448 0.029685
0 0.459375 0.926008 0.016667 0.024812
0 0.853906 0.918697 0.015104 0.023482
0 0.261068 0.704032 0.015365 0.027470
0 0.714453 0.684537 0.015885 0.027470
0 0.708594 0.970093 0.017188 0.026141
0 0.164062 0.814134 0.017708 0.028799
0 0.363802 0.680771 0.017188 0.027027
0 0.673568 0.541427 0.016406 0.031015
0 0.163802 0.782455 0.017188 0.034559
0 0.186198 0.935091 0.015625 0.027027
0 0.381380 0.598804 0.016927 0.027027
0 0.172656 0.571334 0.017188 0.030572
0 0.143880 0.782455 0.020052 0.038104
0 0.097917 0.731059 0.017708 0.025698
0 0.219922 0.653744 0.015885 0.026141
0 0.833333 0.943509 0.015625 0.026141
0 0.246224 0.814134 0.017448 0.034116
0 0.790625 0.945060 0.017188 0.023039
0 0.936068 0.540984 0.018490 0.035445
0 0.820964 0.630926 0.015365 0.025698
0 0.695182 0.708684 0.015885 0.027027
0 0.051302 0.606336 0.016667 0.030572
0 0.266276 0.844927 0.018490 0.029242
0 0.314714 0.953257 0.015885 0.027913
0 0.434635 0.811475 0.018229 0.029685
0 0.423958 0.732388 0.016667 0.023039
0 0.055599 0.705583 0.016927 0.026141
0 0.414062 0.842933 0.017708 0.032344
0 0.241276 0.727736 0.018490 0.026141
0 0.405729 0.671688 0.016146 0.026584
0 0.915495 0.601684 0.018490 0.035445
0 0.249740 0.929774 0.018229 0.027027
0 0.331641 0.813691 0.018490 0.032344
0 0.199089 0.729951 0.016406 0.024369
0 0.363021 0.603677 0.019271 0.027913
0 0.100521 0.781568 0.020313 0.035445
0 0.364323 0.705804 0.016146 0.026584
0 0.301953 0.680328 0.014844 0.027027
0 0.241797 0.703589 0.016927 0.025698
0 0.481120 0.904076 0.017448 0.027027
0 0.495182 0.843819 0.018490 0.029685
0 0.261198 0.631148 0.015625 0.025255
0 0.754036 0.295082 0.029948 0.054054
0 0.897917 0.536553 0.017708 0.023926
0 0.520964 0.927780 0.017448 0.029242
0 0.820833 0.703367 0.016146 0.025255
0 0.750781 0.919584 0.018229 0.026141
0 0.933724 0.843598 0.019010 0.031901
0 0.598828 0.812140 0.016927 0.033673
0 0.423438 0.541427 0.016146 0.031901
0 0.536849 0.781347 0.018490 0.031458
0 0.238151 0.601241 0.019531 0.033673
0 0.071484 0.602791 0.019531 0.033230
0 0.229297 0.955693 0.015885 0.027470
0 0.344401 0.678556 0.016927 0.027027
0 0.832552 0.894993 0.017188 0.027470
0 0.424089 0.631148 0.015885 0.027913
0 0.418099 0.928888 0.017448 0.027027
0 0.594531 0.694506 0.015625 0.026141
0 0.828255 0.840939 0.019531 0.031015
0 0.281250 0.705804 0.016667 0.027470
0 0.184505 0.782676 0.019531 0.035002
0 0.734375 0.599468 0.016146 0.035445
0 0.508984 0.690075 0.014323 0.026141
0 0.294531 0.902304 0.015625 0.021710
0 0.424609 0.708684 0.016927 0.027913
0 0.246615 0.846921 0.017708 0.035002
0 0.786719 0.783119 0.018229 0.029685
0 0.183984 0.845813 0.021094 0.031901
0 0.054557 0.631148 0.016406 0.023482
0 0.707682 0.899424 0.017448 0.028356
0 0.853906 0.895658 0.015625 0.026141
0 0.833073 0.919362 0.016667 0.023039
0 0.102604 0.982499 0.018229 0.024369
0 0.542448 0.937085 0.015104 0.024812
0 0.914844 0.921799 0.016667 0.023482
0 0.060937 0.907842 0.015625 0.023926
0 0.404818 0.711342 0.014844 0.023482
0 0.776432 0.659947 0.015365 0.024369
0 0.693620 0.594816 0.022135 0.033230
0 0.133854 0.571998 0.018750 0.030128
0 0.604818 0.975188 0.015885 0.023039
0 0.693229 0.540097 0.017708 0.031015
0 0.644661 0.877492 0.016406 0.027913
0 0.198958 0.705140 0.016146 0.026141
0 0.256250 0.601462 0.018229 0.030572
0 0.680469 0.845591 0.018750 0.032344
0 0.891146 0.844041 0.017708 0.031901
0 0.686589 0.946167 0.016406 0.025255
0 0.646094 0.949934 0.015104 0.026584
0 0.488542 0.713115 0.016146 0.022596
0 0.795312 0.568232 0.018229 0.029685
0 0.749219 0.944617 0.016667 0.023926
0 0.266927 0.781125 0.018229 0.035445
0 0.122135 0.910944 0.016667 0.023039
0 0.527604 0.606557 0.018750 0.038104
0 0.799609 0.678113 0.015365 0.024369
0 0.301302 0.705804 0.016146 0.027470
0 0.894531 0.896101 0.016146 0.026141
0 0.220182 0.678334 0.015365 0.024812
0 0.894010 0.968099 0.017708 0.025698
0 0.343099 0.603456 0.020052 0.032787
0 0.240755 0.679220 0.015365 0.025698
0 0.665365 0.897873 0.016667 0.026141
0 0.256771 0.570891 0.016667 0.026141
0 0.857161 0.600133 0.019531 0.033230
0 0.632682 0.603234 0.018490 0.030572
0 0.754687 0.444395 0.026562 0.045193
0 0.790234 0.871289 0.016406 0.028799
0 0.370052 0.843376 0.018750 0.031458
0 0.092708 0.280904 0.032292 0.045193
0 0.216016 0.601462 0.018490 0.031458
0 0.673568 0.569561 0.016927 0.029685
0 0.956771 0.872619 0.015104 0.024369
0 0.261198 0.655516 0.016146 0.027027
0 0.753385 0.682986 0.015104 0.024369
0 0.143229 0.844262 0.018750 0.035002
0 0.728646 0.919362 0.016146 0.024812
0 0.798438 0.654409 0.016146 0.025698
0 0.485677 0.605450 0.018750 0.034116
0 0.281901 0.679220 0.015885 0.027470
0 0.036719 0.848914 0.020833 0.034559
0 0.262109 0.729287 0.017448 0.025698
0 0.591146 0.608773 0.016667 0.030128
0 0.281771 0.655959 0.016146 0.023482
0 0.934896 0.782012 0.019271 0.037218
0 0.897396 0.569118 0.017708 0.034116
0 0.324479 0.653965 0.015625 0.022153
0 0.820443 0.679442 0.015885 0.029685
0 0.723307 0.842268 0.017969 0.030128
0 0.881641 0.654187 0.016406 0.026141
0 0.959375 0.708906 0.016667 0.023926
0 0.595573 0.718653 0.016667 0.027470
0 0.119010 0.729508 0.017708 0.025255
0 0.875130 0.894772 0.015885 0.026141
0 0.646094 0.973859 0.017188 0.023926
0 0.310026 0.843819 0.019531 0.031458
0 0.960286 0.657288 0.014844 0.022596
0 0.564193 0.955915 0.016406 0.022596
0 0.897656 0.504874 0.018750 0.037661
0 0.246354 0.781125 0.018229 0.031901
0 0.227865 0.906292 0.016146 0.024369
0 0.133464 0.602348 0.017969 0.033230
0 0.174349 0.603013 0.019010 0.032787
0 0.121094 0.816128 0.018750 0.030128
0 0.835026 0.966549 0.019531 0.025255
0 0.812760 0.967878 0.017188 0.023482
0 0.798177 0.629375 0.015104 0.027027
0 0.807552 0.841825 0.018750 0.033673
0 0.620052 0.804829 0.016667 0.028799
0 0.728776 0.894107 0.015365 0.024812
0 0.959505 0.683872 0.015885 0.027913
0 0.198047 0.630040 0.017969 0.027470
0 0.915625 0.969650 0.017708 0.023482
0 0.591016 0.539433 0.018490 0.035002
0 0.591016 0.569118 0.017969 0.027913
0 0.356641 0.928002 0.016927 0.026141
0 0.076693 0.731724 0.017448 0.024369
0 0.095964 0.328755 0.026823 0.050510
0 0.036068 0.729065 0.014844 0.021710
0 0.769531 0.945724 0.014583 0.023482
0 0.603516 0.876828 0.016406 0.026584
0 0.334766 0.954364 0.016406 0.024812
0 0.351432 0.811697 0.017448 0.027470
0 0.702865 0.780018 0.017708 0.034116
0 0.791276 0.968542 0.017969 0.025698
0 0.489453 0.663491 0.015885 0.027027
0 0.055729 0.654630 0.015625 0.027913
0 0.261719 0.679220 0.015104 0.023926
0 0.666406 0.949712 0.014063 0.024369
0 0.225781 0.779575 0.019271 0.032344
0 0.095182 0.178334 0.025781 0.052725
0 0.487760 0.734603 0.018750 0.023926
0 0.800130 0.703146 0.016927 0.025698
0 0.645312 0.903855 0.015104 0.023926
0 0.686979 0.971422 0.016146 0.025255
0 0.812760 0.093044 0.029687 0.056712
0 0.937891 0.708463 0.016406 0.024812
0 0.765495 0.842933 0.017969 0.033230
0 0.957292 0.969650 0.017708 0.025255
0 0.707943 0.922242 0.015885 0.023482
0 0.270703 0.955693 0.015885 0.024812
0 0.070573 0.540541 0.016667 0.031015
0 0.081901 0.910722 0.015885 0.026141
0 0.055339 0.730837 0.019010 0.025255
0 0.686719 0.898538 0.017188 0.030128
0 0.875130 0.967656 0.015885 0.022153
0 0.376953 0.902304 0.016406 0.024369
0 0.776042 0.634471 0.015104 0.027470
0 0.375651 0.188968 0.038281 0.052725
0 0.324609 0.731059 0.014844 0.022153
0 0.796094 0.538768 0.019271 0.032787
0 0.657682 0.712229 0.013802 0.027027
0 0.633333 0.538990 0.019271 0.027913
0 0.425000 0.655295 0.016146 0.023926
0 0.322266 0.604785 0.021094 0.032787
0 0.425000 0.680106 0.016146 0.028356
0 0.384115 0.731059 0.017708 0.023926
0 0.314844 0.879929 0.017708 0.027470
0 0.573698 0.719096 0.015104 0.022153
0 0.593750 0.670137 0.016667 0.027913
0 0.811458 0.869296 0.016667 0.025698
0 0.381250 0.543420 0.015625 0.029685
0 0.914323 0.781125 0.019271 0.038104
0 0.977344 0.506646 0.019271 0.038547
0 0.549219 0.538547 0.017188 0.035888
0 0.620313 0.774036 0.019271 0.034559
0 0.179167 0.728401 0.016667 0.023039
0 0.119531 0.705361 0.017708 0.026584
0 0.744010 0.841382 0.017708 0.032787
0 0.324870 0.631812 0.016406 0.023926
0 0.938542 0.731945 0.016667 0.023039
0 0.611328 0.605671 0.016406 0.031901
0 0.540885 0.915153 0.016146 0.022596
0 0.144661 0.957909 0.017448 0.025698
0 0.444141 0.655073 0.015365 0.027027
0 0.598698 0.843155 0.018229 0.031015
0 0.500260 0.877271 0.015625 0.026584
0 0.770182 0.896987 0.014844 0.023482
0 0.565365 0.978954 0.017188 0.029685
0 0.219792 0.727957 0.016667 0.025698
0 0.432161 0.189854 0.028906 0.056269
0 0.082031 0.983163 0.017188 0.023926
0 0.520833 0.954364 0.016667 0.026584
0 0.894271 0.870625 0.016146 0.025698
0 0.121615 0.935534 0.018229 0.027027
0 0.870182 0.842047 0.018490 0.031458
0 0.301693 0.655738 0.015365 0.023039
0 0.666927 0.972751 0.016667 0.023482
0 0.543359 0.958795 0.017448 0.023926
0 0.218099 0.539433 0.016927 0.035002
0 0.625651 0.976074 0.015885 0.023039
0 0.456901 0.781347 0.020052 0.035888
0 0.852995 0.871289 0.015885 0.027027
0 0.570052 0.539433 0.017708 0.031458
0 0.458854 0.878157 0.016667 0.026584
0 0.038021 0.984936 0.016146 0.021267
0 0.878385 0.536331 0.018229 0.030572
0 0.558203 0.842268 0.019531 0.031901
0 0.331250 0.782012 0.017708 0.033673
0 0.060677 0.887018 0.015104 0.023926
0 0.821875 0.727514 0.016667 0.025698
0 0.351302 0.843376 0.017708 0.034116
0 0.439063 0.977847 0.017708 0.023039
0 0.750781 0.968321 0.017708 0.025255
0 0.035677 0.679885 0.015625 0.026141
0 0.936198 0.970093 0.016667 0.023482
0 0.728255 0.868631 0.015365 0.024369
0 0.714974 0.635135 0.016406 0.027913
0 0.335938 0.928888 0.017188 0.031458
0 0.397917 0.879486 0.017188 0.029242
0 0.144792 0.910279 0.014583 0.021710
0 0.075911 0.655516 0.016927 0.028799
0 0.815625 0.599468 0.020833 0.037218
0 0.435547 0.841382 0.021094 0.033673
0 0.400260 0.542756 0.017708 0.031901
0 0.645443 0.926008 0.014323 0.024812
0 0.841667 0.629597 0.016667 0.026584
0 0.494922 0.814355 0.019010 0.033673
0 0.653646 0.538547 0.018229 0.032344
0 0.686198 0.925122 0.015625 0.023926
0 0.882292 0.731724 0.018750 0.026141
0 0.342578 0.542756 0.018490 0.028356
0 0.505599 0.607000 0.018490 0.036331
0 0.037240 0.783562 0.018229 0.033230
0 0.173958 0.539876 0.016667 0.028799
0 0.250911 0.979397 0.017969 0.023482
0 0.829297 0.809482 0.019010 0.028356
0 0.587630 0.386575 0.034635 0.038547
0 0.207813 0.955693 0.018750 0.027470
0 0.624219 0.876606 0.017188 0.027027
0 0.635677 0.666814 0.013542 0.025698
0 0.914974 0.897873 0.016927 0.028799
0 0.520833 0.901639 0.016667 0.027470
0 0.840234 0.679663 0.015885 0.025698
0 0.248698 0.882366 0.017188 0.027913
0 0.882031 0.629375 0.015625 0.025255
0 0.428385 0.443731 0.031771 0.052725
0 0.820833 0.654852 0.015625 0.023039
0 0.133203 0.541427 0.017448 0.031901
0 0.743099 0.778689 0.017448 0.032344
0 0.863411 0.653522 0.016406 0.024812
0 0.754167 0.633584 0.017188 0.028356
0 0.829036 0.780904 0.018490 0.030572
0 0.480469 0.879043 0.017188 0.025698
0 0.918490 0.655959 0.014583 0.023482
0 0.116667 0.631369 0.016667 0.025698
0 0.960286 0.732831 0.016927 0.025698
0 0.656250 0.633806 0.016667 0.028799
0 0.715234 0.659947 0.015885 0.024369
0 0.336328 0.877492 0.016927 0.026141
0 0.208724 0.931103 0.018490 0.024369
0 0.665495 0.923793 0.016927 0.028356
0 0.209505 0.909171 0.018490 0.026584
0 0.840755 0.704032 0.014323 0.023926
0 0.034766 0.632698 0.016406 0.022153
0 0.209115 0.980062 0.017708 0.025698
0 0.468359 0.734825 0.016927 0.023482
0 0.123047 0.885467 0.017969 0.029685
0 0.584375 0.977625 0.016667 0.024369
0 0.301953 0.730616 0.018490 0.027470
0 0.038021 0.889898 0.016146 0.024369
0 0.288802 0.779796 0.018750 0.034559
0 0.531510 0.690518 0.016667 0.027913
0 0.509505 0.715552 0.014844 0.024812
0 0.578776 0.841825 0.019010 0.031015
0 0.205078 0.843155 0.019531 0.035445
0 0.563542 0.915596 0.015625 0.022596
0 0.563411 0.935534 0.015365 0.022596
0 0.443880 0.630704 0.014323 0.024369
0 0.363802 0.628046 0.016667 0.025255
0 0.520443 0.877714 0.015885 0.026584
0 0.732161 0.703146 0.015365 0.023039
0 0.351562 0.783341 0.018750 0.030128
0 0.959375 0.634471 0.016146 0.023926
0 0.753776 0.658396 0.015885 0.024812
0 0.396224 0.953035 0.017448 0.026584
0 0.576172 0.742357 0.016927 0.024369
0 0.405729 0.731724 0.015104 0.021710
0 0.849609 0.780682 0.022135 0.036331
0 0.475781 0.782676 0.018750 0.038547
0 0.529557 0.640230 0.017448 0.028356
0 0.187760 0.881258 0.017708 0.030128
0 0.521224 0.982056 0.016406 0.027913
0 0.841406 0.655295 0.016667 0.024812
0 0.750130 0.895658 0.017448 0.025255
0 0.530990 0.665264 0.016146 0.025255
0 0.536328 0.842712 0.019010 0.032787
0 0.160286 0.728179 0.016406 0.024369
0 0.197917 0.677891 0.016146 0.024812
0 0.314583 0.978290 0.015625 0.023926
0 0.806250 0.781568 0.018229 0.027470
0 0.676432 0.710456 0.013802 0.023482
0 0.528906 0.537882 0.019792 0.033673
0 0.577604 0.781125 0.019792 0.031901
0 0.616016 0.664377 0.015885 0.028799
0 0.164453 0.935977 0.015365 0.024369
0 0.800260 0.728179 0.017188 0.024369
0 0.939453 0.657510 0.016406 0.025698
0 0.467187 0.687638 0.015104 0.024812
0 0.122005 0.959681 0.018490 0.025698
0 0.091406 0.537218 0.017188 0.039433
0 0.059505 0.984050 0.019531 0.028356
0 0.184375 0.960124 0.018750 0.029242
0 0.460156 0.978290 0.017708 0.027470
0 0.030078 0.544971 0.017448 0.036331
0 0.936328 0.886132 0.016406 0.031015
0 0.335547 0.977404 0.016406 0.023926
0 0.357943 0.977847 0.015885 0.022153
0 0.882292 0.705361 0.018229 0.026584
0 0.873568 0.871511 0.015365 0.023926
0 0.755208 0.599468 0.017708 0.033673
0 0.235807 0.542313 0.015885 0.030128
0 0.467708 0.635578 0.017188 0.027027
0 0.176693 0.655295 0.017448 0.028356
0 0.748568 0.870182 0.017969 0.027470
0 0.893229 0.944395 0.014583 0.023482
0 0.937760 0.683429 0.017708 0.026141
0 0.357161 0.879929 0.016406 0.027470
0 0.853646 0.943509 0.015625 0.027027
0 0.732422 0.680328 0.014844 0.025255
0 0.082422 0.932875 0.015365 0.027913
0 0.441146 0.538104 0.017708 0.035002
0 0.098437 0.707355 0.016667 0.024369
0 0.055729 0.680771 0.015625 0.026141
0 0.383333 0.627381 0.016667 0.027470
0 0.635677 0.642003 0.014063 0.023926
0 0.665755 0.872397 0.015365 0.025698
0 0.914844 0.869960 0.017188 0.024369
0 0.139714 0.730616 0.017969 0.023926
0 0.857812 0.570447 0.019792 0.030572
0 0.100000 0.815020 0.019271 0.033230
0 0.814844 0.538990 0.020313 0.035002
0 0.249479 0.906292 0.016146 0.022596
0 0.096224 0.688746 0.015885 0.023482
0 0.060156 0.957909 0.016146 0.026584
0 0.293359 0.952813 0.015885 0.026141
0 0.177214 0.679885 0.016406 0.024369
0 0.376823 0.978511 0.016146 0.023482
0 0.099870 0.844705 0.020573 0.029685
0 0.116927 0.656402 0.016667 0.027027
0 0.597396 0.743022 0.018750 0.025698
0 0.774870 0.537882 0.018490 0.034559
0 0.204687 0.783341 0.017188 0.037218
0 0.417839 0.979397 0.015885 0.023482
0 0.604297 0.902525 0.016406 0.028356
0 0.935807 0.918697 0.016406 0.039433
0 0.862500 0.630261 0.016146 0.025255
0 0.198307 0.653744 0.016406 0.023482
0 0.604036 0.925565 0.015365 0.024812
0 0.074609 0.631148 0.016927 0.024369
0 0.557292 0.782233 0.017708 0.035888
0 0.162630 0.961232 0.017969 0.029685
0 0.279948 0.546522 0.018229 0.032344
0 0.116927 0.682322 0.019271 0.026584
0 0.863151 0.730173 0.016927 0.025698
0 0.893750 0.779796 0.021354 0.034559
0 0.488542 0.637794 0.016667 0.027027
0 0.620833 0.839832 0.018750 0.043864
0 0.752734 0.732167 0.017448 0.026141
0 0.573438 0.692512 0.015625 0.031015
0 0.672656 0.600576 0.017188 0.031458
0 0.659245 0.736154 0.016406 0.023482
0 0.540365 0.885467 0.020833 0.041205
0 0.229297 0.978954 0.017448 0.023482
0 0.396615 0.904076 0.014583 0.019938
0 0.508724 0.536553 0.017969 0.032787
0 0.270703 0.979176 0.017969 0.023926
0 0.164844 0.911165 0.016146 0.027027
0 0.476562 0.843598 0.019271 0.032787
0 0.364844 0.730616 0.016667 0.025698
0 0.918490 0.633141 0.015104 0.025698
0 0.977734 0.537882 0.016406 0.023926
0 0.732682 0.655073 0.014323 0.023482
0 0.502734 0.982277 0.016927 0.028356
0 0.849870 0.840718 0.017969 0.035888
0 0.635286 0.691405 0.015365 0.027027
0 0.456771 0.842490 0.018229 0.033230
0 0.356120 0.903855 0.017448 0.026584
0 0.714974 0.732610 0.015365 0.021710
0 0.685937 0.871289 0.016146 0.024369
0 0.657161 0.659725 0.016406 0.027470
0 0.178125 0.631812 0.015104 0.025698
0 0.508203 0.663934 0.013802 0.022596
0 0.124089 0.982720 0.016927 0.022153
0 0.310286 0.779353 0.017448 0.040762
0 0.978125 0.572884 0.017708 0.033673
0 0.341406 0.574214 0.018229 0.028356
0 0.502474 0.953035 0.017448 0.028356
0 0.935156 0.871511 0.015625 0.023039
0 0.343620 0.654187 0.017448 0.025255
0 0.501172 0.927559 0.016406 0.027913
0 0.146745 0.178113 0.036719 0.053168
0 0.677474 0.732831 0.015885 0.025698
0 0.301953 0.548073 0.018490 0.031015
0 0.293750 0.880372 0.016146 0.027470
0 0.768490 0.869296 0.017188 0.025698
0 0.396224 0.978290 0.016406 0.023039
0 0.776953 0.733053 0.015885 0.022596
0 0.227344 0.881258 0.016667 0.026584
0 0.543229 0.978290 0.016667 0.020381
0 0.549609 0.606557 0.020052 0.035445
0 0.733594 0.632034 0.015625 0.026141
0 0.058854 0.816571 0.018229 0.029242
0 0.508333 0.640895 0.015625 0.025255
0 0.481510 0.979397 0.018750 0.025255
0 0.466667 0.535224 0.018229 0.028356
0 0.096224 0.669251 0.014844 0.019938
0 0.467187 0.663934 0.017188 0.028799
0 0.416536 0.880594 0.017448 0.029685
0 0.618750 0.738813 0.019271 0.029685
0 0.694922 0.683651 0.015885 0.027470
0 0.766536 0.779353 0.017969 0.028356
0 0.732161 0.728622 0.013802 0.024369
0 0.404557 0.692291 0.014323 0.019938
0 0.319141 0.577980 0.018490 0.026141
0 0.516797 0.842490 0.019010 0.033230
0 0.058594 0.846921 0.019792 0.035888
0 0.695703 0.733939 0.015365 0.022596
0 0.849609 0.811254 0.021615 0.026584
0 0.583464 0.902969 0.017969 0.024812
0 0.102734 0.909393 0.014844 0.023482
0 0.081120 0.886132 0.015885 0.023926
0 0.592578 0.643775 0.017969 0.027470
0 0.417187 0.905405 0.017708 0.024369
0 0.553776 0.684980 0.013802 0.024812
0 0.638932 0.738591 0.017448 0.023039
0 0.562891 0.895436 0.016406 0.023039
0 0.141146 0.705804 0.019792 0.028356
0 0.079427 0.847807 0.018229 0.034116
0 0.615495 0.637572 0.016927 0.027470
0 0.532292 0.715552 0.016146 0.026584
0 0.695182 0.636464 0.014323 0.023482
0 0.343359 0.630704 0.017969 0.023482
0 0.939193 0.635800 0.016406 0.024812
0 0.553255 0.663270 0.014323 0.023039
0 0.552474 0.641560 0.016927 0.029242
0 0.636328 0.715552 0.014844 0.026584
0 0.288802 0.842490 0.020313 0.035002
0 0.561719 0.881701 0.018750 0.035445
0 0.438672 0.880372 0.014844 0.023926
0 0.854818 0.967213 0.016406 0.021267
0 0.916927 0.680328 0.018229 0.027913
0 0.160417 0.704475 0.016146 0.024812
0 0.404557 0.650199 0.014323 0.020824
0 0.294401 0.978068 0.019010 0.027027
0 0.404818 0.633363 0.017969 0.032344
0 0.553516 0.724191 0.014844 0.022596
0 0.616536 0.689854 0.014844 0.026584
0 0.208203 0.883474 0.018490 0.030128
0 0.095703 0.640452 0.019010 0.039433
0 0.676693 0.685866 0.015365 0.027470
0 0.640234 0.815906 0.017969 0.029685
0 0.189714 0.982056 0.021094 0.023482
0 0.101953 0.886354 0.018490 0.022596
0 0.143880 0.980948 0.021094 0.023039
0 0.740234 0.987151 0.016406 0.023926
0 0.164974 0.984493 0.016927 0.025698
0 0.511719 0.738370 0.016146 0.024369
0 0.154167 0.600133 0.017188 0.032344
0 0.695052 0.658839 0.015625 0.021267
0 0.144531 0.887461 0.015625 0.026584
0 0.870313 0.778245 0.018229 0.032344
0 0.616797 0.714222 0.015365 0.025698
0 0.571094 0.648649 0.017708 0.028356
0 0.375911 0.879486 0.016406 0.027470
0 0.164193 0.885246 0.015885 0.026584
0 0.362109 0.541427 0.017969 0.034559
0 0.570573 0.605450 0.017708 0.033230
0 0.533073 0.740142 0.015104 0.023482
0 0.572917 0.669030 0.015104 0.020381
0 0.322005 0.549180 0.017448 0.032344
0 0.553516 0.706690 0.014844 0.021267
0 0.858333 0.690518 0.023958 0.048294
0 0.140495 0.682986 0.022656 0.028799
0 0.555599 0.742357 0.014844 0.019938
0 0.158464 0.682765 0.019010 0.029242
0 0.676823 0.659725 0.013021 0.022153
0 0.141927 0.654630 0.020833 0.028799
0 0.840495 0.778024 0.017969 0.034559
0 0.915625 0.705804 0.017188 0.023039
0 0.861849 0.703367 0.017969 0.026141
0 0.675651 0.635357 0.014844 0.027470
0 0.100391 0.866416 0.020573 0.024369
0 0.915885 0.728401 0.016667 0.023926
0 0.280208 0.577980 0.018229 0.027027
0 0.467578 0.781790 0.013802 0.036774
0 0.692578 0.575764 0.021094 0.019938
0 0.184375 0.835623 0.017708 0.016837
0 0.686589 0.956358 0.016927 0.012849
0 0.158594 0.653965 0.015625 0.029242
0 0.635547 0.680328 0.012760 0.020824
0 0.539844 0.725299 0.022917 0.034559
0 0.299609 0.575986 0.018490 0.021267
0 0.129818 0.706912 0.007552 0.030572
0 0.464974 0.841825 0.011719 0.031015
0 0.956380 0.649313 0.014844 0.029685
0 0.139583 0.630704 0.016667 0.023482
0 0.158854 0.632698 0.016146 0.015950
