0 0.837878 0.057301 0.210213 0.097175
0 0.834903 0.170320 0.212196 0.105625
0 0.836886 0.300766 0.212196 0.110906
0 0.842836 0.423818 0.220129 0.116187
0 0.831929 0.540005 0.186415 0.109849
0 0.836886 0.668339 0.196331 0.085556
0 0.843827 0.782942 0.222112 0.122524
0 0.833912 0.904938 0.198314 0.113018
0 0.613783 0.073145 0.210213 0.114074
0 0.618741 0.193557 0.212196 0.109849
0 0.604859 0.317138 0.192365 0.120412
0 0.613783 0.437021 0.178483 0.087668
0 0.601884 0.557433 0.198314 0.098231
0 0.616758 0.679958 0.204264 0.125693
0 0.618741 0.800898 0.224095 0.116187
0 0.600892 0.922366 0.192365 0.120412
0 0.400595 0.064167 0.235994 0.110906
0 0.387705 0.179826 0.202281 0.118299
0 0.395637 0.302878 0.222112 0.119356
0 0.382747 0.422234 0.192365 0.113018
0 0.383738 0.543174 0.190382 0.126749
0 0.391671 0.674148 0.218146 0.130974
0 0.391671 0.792976 0.210213 0.104568
0 0.386713 0.915500 0.224095 0.117243
0 0.166584 0.073145 0.232028 0.120412
0 0.167576 0.189332 0.234011 0.109849
0 0.161626 0.310272 0.218146 0.134143
0 0.165592 0.439134 0.230045 0.123581
0 0.157660 0.553208 0.237977 0.104568
0 0.161626 0.681014 0.237977 0.127806
0 0.148736 0.800370 0.228061 0.110906
0 0.149727 0.925007 0.230045 0.106681
